2026-06-08T07:44:23.0000000Z;9.8514;9.866;1500;1500
2026-06-08T07:44:23.0000000Z;9.8514;9.866;1500;1500
2026-06-08T07:44:23.0000000Z;9.8514;9.866;1500;1500
2026-06-08T08:09:59.0000000Z;9.8512;9.866;4400;1500
2026-06-08T08:10:00.0000000Z;9.8478;9.866;1500;1500
2026-06-08T08:10:00.0000000Z;9.8478;9.866;1500;1500
2026-06-08T08:11:57.0000000Z;9.8488;9.866;1500;1500
2026-06-08T08:11:58.0000000Z;9.8488;9.866;2640;1500
2026-06-08T08:12:00.0000000Z;9.8498;9.866;1500;1500
2026-06-08T08:12:03.0000000Z;9.8504;9.866;2640;1500
2026-06-08T08:12:13.0000000Z;9.8504;9.866;2640;1500
2026-06-08T08:12:33.0000000Z;9.8506;9.866;1500;1500
2026-06-08T08:12:33.0000000Z;9.8506;9.866;1500;1500
2026-06-08T08:12:33.0000000Z;9.8506;9.866;1500;1500
2026-06-08T08:22:38.0000000Z;9.8506;9.8652;1500;1518
2026-06-08T08:22:39.0000000Z;9.8506;9.865;1500;1500
2026-06-08T08:22:39.0000000Z;9.8506;9.865;1500;1500
2026-06-08T08:22:39.0000000Z;9.8506;9.865;1500;1500
2026-06-08T08:22:39.0000000Z;9.8506;9.865;1500;1500
2026-06-08T08:40:01.0000000Z;9.848;9.865;1760;1500
2026-06-08T08:40:05.0000000Z;9.849;9.865;2640;1500
2026-06-08T08:40:06.0000000Z;9.8494;9.865;2640;1500
2026-06-08T08:40:16.0000000Z;9.8476;9.865;1760;1500
2026-06-08T08:40:20.0000000Z;9.8482;9.865;2640;1500
2026-06-08T08:40:21.0000000Z;9.8494;9.865;2640;1500
2026-06-08T08:40:31.0000000Z;9.8478;9.865;1500;1500
2026-06-08T08:40:33.0000000Z;9.8494;9.865;2640;1500
2026-06-08T08:40:43.0000000Z;9.849;9.865;1500;1500
2026-06-08T08:40:44.0000000Z;9.8478;9.865;1500;1500
2026-06-08T08:40:45.0000000Z;9.8494;9.865;2640;1500
2026-06-08T08:41:09.0000000Z;9.8476;9.865;1500;1500
2026-06-08T08:41:10.0000000Z;9.8476;9.865;1760;1500
2026-06-08T08:41:16.0000000Z;9.849;9.865;2640;1500
2026-06-08T08:41:24.0000000Z;9.8494;9.865;2640;1500
2026-06-08T08:41:46.0000000Z;9.8496;9.865;1500;1500
2026-06-08T08:41:46.0000000Z;9.8496;9.865;1500;1500
2026-06-08T08:50:21.0000000Z;9.849;9.865;2640;1500
2026-06-08T08:50:22.0000000Z;9.8494;9.865;2640;1500
2026-06-08T08:50:51.0000000Z;9.8496;9.865;1500;1500
2026-06-08T08:50:51.0000000Z;9.8496;9.865;1500;1500
2026-06-08T08:53:50.0000000Z;9.8498;9.865;2640;1500
2026-06-08T08:53:51.0000000Z;9.8502;9.865;2640;1500
2026-06-08T08:53:59.0000000Z;9.8502;9.865;4400;1500
2026-06-08T08:54:20.0000000Z;9.8504;9.865;1500;1500
2026-06-08T08:54:24.0000000Z;9.8478;9.865;1500;1500
2026-06-08T08:54:30.0000000Z;9.8494;9.865;2640;1500
2026-06-08T08:54:40.0000000Z;9.8478;9.865;1500;1500
2026-06-08T08:54:42.0000000Z;9.8494;9.865;2640;1500
2026-06-08T08:54:53.0000000Z;9.8478;9.865;1500;1500
2026-06-08T08:54:54.0000000Z;9.8494;9.865;2640;1500
2026-06-08T08:55:21.0000000Z;9.8468;9.865;1500;1500
2026-06-08T08:55:21.0000000Z;9.8468;9.865;1500;1500
2026-06-08T08:55:21.0000000Z;9.8468;9.865;1500;1500
2026-06-08T08:55:21.0000000Z;9.8468;9.865;1500;1500
2026-06-08T09:09:30.0000000Z;9.8478;9.865;1500;1500
2026-06-08T09:09:31.0000000Z;9.8478;9.865;2640;1500
2026-06-08T09:09:33.0000000Z;9.8488;9.865;1500;1500
2026-06-08T09:10:07.0000000Z;9.8476;9.865;1500;1500
2026-06-08T09:10:47.0000000Z;9.8468;9.865;1500;1500
2026-06-08T09:10:47.0000000Z;9.8468;9.865;1500;1500
2026-06-08T09:10:47.0000000Z;9.8468;9.865;1500;1500
2026-06-08T09:10:47.0000000Z;9.8468;9.865;1500;1500
2026-06-08T09:10:47.0000000Z;9.8468;9.865;1500;1500
2026-06-08T09:10:47.0000000Z;9.8468;9.865;1500;1500
2026-06-08T09:33:20.0000000Z;9.8468;9.8652;1500;1500
2026-06-08T09:33:20.0000000Z;9.8468;9.8652;1500;1500
2026-06-08T09:39:38.0000000Z;9.8478;9.8652;1500;1500
2026-06-08T09:40:14.0000000Z;9.8478;9.8662;1500;1518
2026-06-08T09:40:15.0000000Z;9.8478;9.8662;1500;1500
2026-06-08T09:40:16.0000000Z;9.8478;9.8662;1500;1518
2026-06-08T09:40:17.0000000Z;9.8478;9.8662;1500;1500
2026-06-08T09:40:20.0000000Z;9.8478;9.8662;1500;1518
2026-06-08T09:40:37.0000000Z;9.8478;9.8662;1500;1500
2026-06-08T09:40:45.0000000Z;9.8478;9.8662;1500;1518
2026-06-08T09:40:46.0000000Z;9.8478;9.8662;1500;1518
2026-06-08T09:40:49.0000000Z;9.8478;9.8662;1500;1500
2026-06-08T09:40:54.0000000Z;9.8478;9.8662;1500;1518
2026-06-08T09:41:15.0000000Z;9.8478;9.866;1500;1500
2026-06-08T09:43:22.0000000Z;9.8478;9.8662;1500;1500
2026-06-08T09:43:56.0000000Z;9.8478;9.8662;1500;1518
2026-06-08T09:44:25.0000000Z;9.8478;9.866;1500;1500
2026-06-08T09:44:25.0000000Z;9.8478;9.866;1500;1500
2026-06-08T09:50:04.0000000Z;9.8478;9.8662;1500;1500
2026-06-08T09:50:04.0000000Z;9.8478;9.8662;1500;1500
2026-06-08T09:51:39.0000000Z;9.8478;9.8662;1500;1518
2026-06-08T09:51:42.0000000Z;9.8478;9.8662;1500;1500
2026-06-08T09:52:22.0000000Z;9.8478;9.8662;1500;1518
2026-06-08T09:52:25.0000000Z;9.8478;9.8662;1500;1518
2026-06-08T09:52:51.0000000Z;9.8478;9.866;1500;1500
2026-06-08T09:55:30.0000000Z;9.8478;9.8662;1500;1500
2026-06-08T09:55:30.0000000Z;9.8478;9.8662;1500;1500
2026-06-08T09:57:02.0000000Z;9.8478;9.8662;1500;1518
2026-06-08T09:57:05.0000000Z;9.8478;9.8662;1500;1500
2026-06-08T09:57:59.0000000Z;9.8478;9.8662;1500;1518
2026-06-08T09:58:00.0000000Z;9.8478;9.8662;1500;1500
2026-06-08T09:59:23.0000000Z;9.8478;9.8662;1500;1500
2026-06-08T09:59:46.0000000Z;9.8478;9.8662;1500;1518
2026-06-08T09:59:53.0000000Z;9.8478;9.866;1500;1500
2026-06-08T10:00:24.0000000Z;9.8478;9.8662;1500;1500
2026-06-08T10:00:24.0000000Z;9.8478;9.8662;1500;1500
2026-06-08T10:02:05.0000000Z;9.8478;9.8662;1500;1518
2026-06-08T10:02:29.0000000Z;9.8478;9.866;1500;1500
2026-06-08T10:02:29.0000000Z;9.8478;9.866;1500;1500
2026-06-08T10:06:53.0000000Z;9.8478;9.8662;1500;1500
2026-06-08T10:06:53.0000000Z;9.8478;9.8662;1500;1500
2026-06-08T10:06:53.0000000Z;9.8478;9.8662;1500;1500
2026-06-08T10:16:39.0000000Z;9.8478;9.8662;1500;1518
2026-06-08T10:17:08.0000000Z;9.8478;9.866;1500;1500
2026-06-08T10:17:08.0000000Z;9.8478;9.866;1500;1500
2026-06-08T10:21:58.0000000Z;9.8478;9.8662;1500;1500
2026-06-08T10:21:58.0000000Z;9.8478;9.8662;1500;1500
2026-06-08T10:21:58.0000000Z;9.8478;9.8662;1500;1500
2026-06-08T10:34:07.0000000Z;9.8478;9.8662;1500;1518
2026-06-08T10:34:12.0000000Z;9.8478;9.8662;1500;1500
2026-06-08T10:34:30.0000000Z;9.858;9.9262;1500;1500
2026-06-08T10:35:24.0000000Z;9.8478;9.9366;2277;8775
2026-06-08T10:35:25.0000000Z;9.794;9.9366;1023;8775
2026-06-08T10:35:25.0000000Z;9.794;9.9366;1023;8775
2026-06-08T10:35:25.0000000Z;9.794;9.9366;1023;8775
2026-06-08T10:35:25.0000000Z;9.794;9.9366;1023;8775
2026-06-08T10:35:25.0000000Z;9.794;9.9366;1023;8775
2026-06-08T10:35:25.0000000Z;9.794;9.9366;1023;8775
2026-06-08T10:59:37.0000000Z;9.794;9.9528;1023;20221
2026-06-08T10:59:41.0000000Z;9.794;9.9528;1025;20221
2026-06-08T11:00:40.0000000Z;9.794;9.938;1022;8775
2026-06-08T11:00:40.0000000Z;9.794;9.938;1022;8775
2026-06-08T11:00:40.0000000Z;9.794;9.938;1022;8775
2026-06-08T11:07:56.0000000Z;9.8492;9.8678;1518;1518
2026-06-08T11:08:27.0000000Z;9.8494;9.8676;1500;1500
2026-06-08T11:09:30.0000000Z;9.8492;9.8678;1518;1518
2026-06-08T11:09:59.0000000Z;9.8492;9.8678;3036;1518
2026-06-08T11:10:01.0000000Z;9.8492;9.8678;1518;1518
2026-06-08T11:10:38.0000000Z;9.8492;9.8678;3036;1518
2026-06-08T11:10:47.0000000Z;9.8492;9.8678;3036;1518
2026-06-08T11:10:47.0000000Z;9.8492;9.8678;3036;1518
2026-06-08T11:13:07.0000000Z;9.8486;9.8682;1500;1500
2026-06-08T11:13:08.0000000Z;9.849;9.868;1012;1012
2026-06-08T11:13:19.0000000Z;9.85;9.8678;1012;1500
2026-06-08T11:13:49.0000000Z;9.8502;9.8678;1500;1500
2026-06-08T11:14:54.0000000Z;9.8502;9.8688;1500;1500
2026-06-08T11:15:14.0000000Z;9.7872;9.9382;1760;8775
2026-06-08T11:15:19.0000000Z;9.7876;9.9382;1760;8775
2026-06-08T11:15:22.0000000Z;9.7884;9.9382;1760;8775
2026-06-08T11:15:30.0000000Z;9.7892;9.9382;1760;8775
2026-06-08T11:15:32.0000000Z;9.7896;9.9382;1022;8775
2026-06-08T11:15:34.0000000Z;9.7906;9.9382;2640;8775
2026-06-08T11:15:35.0000000Z;9.792;9.9382;1022;8775
2026-06-08T11:15:37.0000000Z;9.7924;9.9382;1760;8775
2026-06-08T11:15:57.0000000Z;9.7928;9.9382;1760;8775
2026-06-08T11:15:59.0000000Z;9.7932;9.9382;1760;8775
2026-06-08T11:16:00.0000000Z;9.7934;9.9382;2640;8775
2026-06-08T11:16:02.0000000Z;9.794;9.9382;1760;8775
2026-06-08T11:16:07.0000000Z;9.7938;9.9382;2640;8775
2026-06-08T11:16:13.0000000Z;9.7898;9.9382;8775;8775
2026-06-08T11:20:55.0000000Z;9.8504;9.87;1500;1500
2026-06-08T11:20:56.0000000Z;9.851;9.8696;1518;1518
2026-06-08T11:20:56.0000000Z;9.851;9.8696;1518;1518
2026-06-08T11:21:25.0000000Z;9.8512;9.8694;1500;1500
2026-06-08T11:21:25.0000000Z;9.8512;9.8694;1500;1500
2026-06-08T11:21:25.0000000Z;9.8512;9.8694;1500;1500
2026-06-08T11:21:25.0000000Z;9.8512;9.8694;1500;1500
2026-06-08T11:21:25.0000000Z;9.8512;9.8694;1500;1500
2026-06-08T11:42:28.0000000Z;9.8522;9.8694;1500;1500
2026-06-08T11:42:28.0000000Z;9.8522;9.8694;1500;1500
2026-06-08T11:42:28.0000000Z;9.8522;9.8694;1500;1500
2026-06-08T11:42:28.0000000Z;9.8522;9.8694;1500;1500
