2026-06-08T07:56:28.0000000Z;3.74;3.7565;15000;10000
2026-06-08T07:56:29.0000000Z;3.74;3.756;15000;10000
2026-06-08T07:56:30.0000000Z;3.74;3.7565;15000;10000
2026-06-08T07:56:47.0000000Z;3.74;3.7555;15000;10000
2026-06-08T07:57:11.0000000Z;3.74;3.7545;15000;10000
2026-06-08T07:58:58.0000000Z;3.739;3.753;16000;10000
2026-06-08T07:58:59.0000000Z;3.739;3.7515;16000;10000
2026-06-08T07:59:18.0000000Z;3.738;3.751;15000;10000
2026-06-08T07:59:19.0000000Z;3.7375;3.751;15000;10000
2026-06-08T07:59:21.0000000Z;3.7375;3.751;11000;5500
2026-06-08T07:59:22.0000000Z;3.7375;3.7505;11000;5500
2026-06-08T07:59:32.0000000Z;3.7365;3.7495;15000;10000
2026-06-08T07:59:33.0000000Z;3.736;3.7495;15000;10000
2026-06-08T07:59:44.0000000Z;3.734;3.749;15000;10000
2026-06-08T07:59:45.0000000Z;3.7335;3.749;15000;10000
2026-06-08T08:00:02.0000000Z;3.7335;3.7485;15000;10000
2026-06-08T08:00:03.0000000Z;3.7335;3.7475;15000;10000
2026-06-08T08:00:18.0000000Z;3.733;3.7475;15000;10000
2026-06-08T08:00:19.0000000Z;3.733;3.7455;16000;10000
2026-06-08T08:00:30.0000000Z;3.733;3.745;12000;7000
2026-06-08T08:00:31.0000000Z;3.732;3.743;11000;7000
2026-06-08T08:00:33.0000000Z;3.7315;3.743;11000;7000
2026-06-08T08:00:34.0000000Z;3.7315;3.743;15000;10000
2026-06-08T08:00:35.0000000Z;3.73;3.743;15000;10000
2026-06-08T08:00:37.0000000Z;3.7295;3.743;15000;10000
2026-06-08T08:01:30.0000000Z;3.7285;3.743;15000;10000
2026-06-08T08:01:32.0000000Z;3.728;3.743;11000;5500
2026-06-08T08:01:34.0000000Z;3.728;3.7425;11000;5500
2026-06-08T08:01:37.0000000Z;3.728;3.7415;15000;10000
2026-06-08T08:02:30.0000000Z;3.728;3.741;15000;10000
2026-06-08T08:02:31.0000000Z;3.728;3.74;15000;10000
2026-06-08T08:02:32.0000000Z;3.7275;3.74;15000;10000
2026-06-08T08:03:08.0000000Z;3.7265;3.7375;16000;10000
2026-06-08T08:03:12.0000000Z;3.726;3.737;11000;7000
2026-06-08T08:03:16.0000000Z;3.725;3.737;11000;7000
2026-06-08T08:04:17.0000000Z;3.725;3.7375;11000;7000
2026-06-08T08:04:18.0000000Z;3.725;3.7375;11000;5500
2026-06-08T08:04:21.0000000Z;3.725;3.738;11000;5500
2026-06-08T08:04:34.0000000Z;3.7275;3.741;16000;10000
2026-06-08T08:04:35.0000000Z;3.7285;3.741;10000;10000
2026-06-08T08:04:36.0000000Z;3.7285;3.742;10000;10000
2026-06-08T08:04:55.0000000Z;3.7285;3.742;15000;10000
2026-06-08T08:05:00.0000000Z;3.7285;3.7425;15000;10000
2026-06-08T08:05:21.0000000Z;3.7285;3.7425;10000;10000
2026-06-08T08:05:34.0000000Z;3.7285;3.7425;15000;10000
2026-06-08T08:06:21.0000000Z;3.7285;3.743;19000;5500
2026-06-08T08:06:23.0000000Z;3.7285;3.7435;19000;5500
2026-06-08T08:06:30.0000000Z;3.729;3.7435;19000;5500
2026-06-08T08:06:31.0000000Z;3.731;3.744;11000;5500
2026-06-08T08:08:43.0000000Z;3.731;3.744;15000;10000
2026-06-08T08:08:44.0000000Z;3.732;3.7445;11000;5500
2026-06-08T08:08:45.0000000Z;3.732;3.745;11000;5500
2026-06-08T08:09:01.0000000Z;3.7305;3.7455;11000;5500
2026-06-08T08:09:03.0000000Z;3.7305;3.7445;15000;10000
2026-06-08T08:10:06.0000000Z;3.73;3.7445;11000;5500
2026-06-08T08:10:12.0000000Z;3.73;3.744;11000;5500
2026-06-08T08:10:13.0000000Z;3.73;3.744;15000;10000
2026-06-08T08:10:14.0000000Z;3.73;3.7435;15000;10000
2026-06-08T08:10:22.0000000Z;3.729;3.741;15000;10000
2026-06-08T08:10:23.0000000Z;3.729;3.7405;11000;7000
2026-06-08T08:11:41.0000000Z;3.7295;3.742;11000;5500
2026-06-08T08:11:46.0000000Z;3.7295;3.743;15000;10000
2026-06-08T08:11:55.0000000Z;3.73;3.743;15000;10000
2026-06-08T08:13:13.0000000Z;3.73;3.7435;15000;10000
2026-06-08T08:13:17.0000000Z;3.73;3.744;15000;10000
2026-06-08T08:14:21.0000000Z;3.73;3.7435;15000;10000
2026-06-08T08:14:22.0000000Z;3.73;3.743;15000;10000
2026-06-08T08:15:42.0000000Z;3.73;3.7425;15000;10000
2026-06-08T08:15:45.0000000Z;3.73;3.742;15000;10000
2026-06-08T08:16:41.0000000Z;3.73;3.742;11000;7000
2026-06-08T08:16:43.0000000Z;3.73;3.741;11000;7000
2026-06-08T08:17:55.0000000Z;3.73;3.7415;11000;7000
2026-06-08T08:17:57.0000000Z;3.7295;3.7415;5500;5500
2026-06-08T08:17:58.0000000Z;3.7295;3.7425;11000;5500
2026-06-08T08:18:22.0000000Z;3.7295;3.7425;15000;10000
2026-06-08T08:18:23.0000000Z;3.7295;3.743;15000;10000
2026-06-08T08:18:45.0000000Z;3.73;3.743;10000;10000
2026-06-08T08:18:46.0000000Z;3.731;3.743;15000;10000
2026-06-08T08:18:50.0000000Z;3.731;3.7435;15000;10000
2026-06-08T08:18:52.0000000Z;3.731;3.744;15000;10000
2026-06-08T08:18:56.0000000Z;3.7315;3.7445;15000;10000
2026-06-08T08:18:57.0000000Z;3.7325;3.7445;15000;10000
2026-06-08T08:18:58.0000000Z;3.7325;3.745;15000;10000
2026-06-08T08:20:03.0000000Z;3.7315;3.744;15000;10000
2026-06-08T08:20:04.0000000Z;3.731;3.7435;15000;10000
2026-06-08T08:20:12.0000000Z;3.73;3.743;15000;10000
2026-06-08T08:20:13.0000000Z;3.7295;3.743;15000;10000
2026-06-08T08:20:41.0000000Z;3.729;3.743;15000;10000
2026-06-08T08:20:42.0000000Z;3.7285;3.743;15000;10000
2026-06-08T08:20:55.0000000Z;3.7285;3.742;15000;10000
2026-06-08T08:21:24.0000000Z;3.7285;3.7415;15000;10000
2026-06-08T08:21:25.0000000Z;3.7285;3.7405;15000;10000
2026-06-08T08:22:10.0000000Z;3.7275;3.7395;16000;10000
2026-06-08T08:22:28.0000000Z;3.7275;3.7395;15000;10000
2026-06-08T08:22:56.0000000Z;3.7275;3.7395;16000;10000
2026-06-08T08:22:59.0000000Z;3.7275;3.739;16000;10000
2026-06-08T08:23:00.0000000Z;3.7275;3.7385;16000;10000
2026-06-08T08:25:17.0000000Z;3.7275;3.7385;15000;10000
2026-06-08T08:25:18.0000000Z;3.7275;3.739;15000;10000
2026-06-08T08:25:19.0000000Z;3.7275;3.7395;15000;10000
2026-06-08T08:25:53.0000000Z;3.7275;3.7405;15000;10000
2026-06-08T08:27:01.0000000Z;3.7285;3.7405;15000;10000
2026-06-08T08:27:04.0000000Z;3.7285;3.741;15000;10000
2026-06-08T08:27:07.0000000Z;3.7285;3.7415;15000;10000
2026-06-08T08:27:16.0000000Z;3.7285;3.741;15000;10000
2026-06-08T08:27:17.0000000Z;3.7285;3.7405;15000;10000
2026-06-08T08:27:21.0000000Z;3.728;3.7405;15000;10000
2026-06-08T08:27:23.0000000Z;3.7275;3.7405;15000;10000
2026-06-08T08:28:22.0000000Z;3.7275;3.74;15000;10000
2026-06-08T08:28:23.0000000Z;3.7275;3.7395;15000;10000
2026-06-08T08:28:44.0000000Z;3.7275;3.7395;16000;10000
2026-06-08T08:28:53.0000000Z;3.7275;3.7385;16000;10000
2026-06-08T08:29:11.0000000Z;3.7265;3.738;11000;7000
2026-06-08T08:29:17.0000000Z;3.726;3.738;5000;7000
2026-06-08T08:29:18.0000000Z;3.726;3.738;11000;7000
2026-06-08T08:30:06.0000000Z;3.7255;3.737;5000;7000
2026-06-08T08:30:07.0000000Z;3.7255;3.7365;11000;7000
2026-06-08T08:33:00.0000000Z;3.7255;3.737;11000;5500
2026-06-08T08:33:01.0000000Z;3.7255;3.7375;11000;5500
2026-06-08T08:33:34.0000000Z;3.7255;3.7375;11000;7000
2026-06-08T08:33:37.0000000Z;3.7255;3.738;11000;7000
2026-06-08T08:33:46.0000000Z;3.7255;3.7375;11000;7000
2026-06-08T08:33:47.0000000Z;3.7255;3.737;11000;7000
2026-06-08T08:33:52.0000000Z;3.7255;3.737;11000;5500
2026-06-08T08:33:53.0000000Z;3.7255;3.7365;11000;5500
2026-06-08T08:33:59.0000000Z;3.7255;3.7365;11000;7000
2026-06-08T08:34:00.0000000Z;3.7255;3.736;11000;7000
2026-06-08T08:34:40.0000000Z;3.7255;3.735;11000;7000
2026-06-08T08:35:18.0000000Z;3.7255;3.7355;11000;7000
2026-06-08T08:35:20.0000000Z;3.7255;3.736;11000;7000
2026-06-08T08:35:34.0000000Z;3.7255;3.7355;11000;7000
2026-06-08T08:35:35.0000000Z;3.7255;3.735;11000;7000
2026-06-08T08:37:30.0000000Z;3.7255;3.7355;15000;10000
2026-06-08T08:37:31.0000000Z;3.7235;3.735;15000;10000
2026-06-08T08:37:32.0000000Z;3.722;3.7355;15000;10000
2026-06-08T08:38:26.0000000Z;3.7225;3.7355;15000;10000
2026-06-08T08:38:27.0000000Z;3.723;3.7355;15000;10000
2026-06-08T08:38:28.0000000Z;3.7235;3.7355;15000;10000
2026-06-08T08:38:36.0000000Z;3.723;3.7355;15000;10000
2026-06-08T08:38:38.0000000Z;3.7225;3.7355;15000;10000
2026-06-08T08:39:06.0000000Z;3.7225;3.735;15000;10000
2026-06-08T08:39:08.0000000Z;3.7225;3.7345;15000;10000
2026-06-08T08:40:20.0000000Z;3.7215;3.734;16000;10000
2026-06-08T08:40:50.0000000Z;3.7215;3.733;16000;10000
2026-06-08T08:40:52.0000000Z;3.7215;3.7325;16000;10000
2026-06-08T08:42:29.0000000Z;3.7215;3.733;16000;10000
2026-06-08T08:42:31.0000000Z;3.7215;3.7335;16000;10000
2026-06-08T08:46:22.0000000Z;3.7215;3.733;16000;10000
2026-06-08T08:46:23.0000000Z;3.7215;3.7325;16000;10000
2026-06-08T08:47:09.0000000Z;3.7215;3.731;16000;10000
2026-06-08T08:47:10.0000000Z;3.7195;3.7295;15000;10000
2026-06-08T08:47:12.0000000Z;3.7185;3.7295;15000;10000
2026-06-08T08:47:20.0000000Z;3.7175;3.7295;15000;10000
2026-06-08T08:47:30.0000000Z;3.715;3.7295;16000;10000
2026-06-08T08:47:41.0000000Z;3.715;3.7295;15000;10000
2026-06-08T08:49:04.0000000Z;3.7155;3.7295;15000;10000
2026-06-08T08:49:05.0000000Z;3.7165;3.7295;15000;10000
2026-06-08T08:49:06.0000000Z;3.7175;3.7295;15000;10000
2026-06-08T08:49:18.0000000Z;3.7175;3.73;15000;10000
2026-06-08T08:49:19.0000000Z;3.7175;3.73;11000;5500
2026-06-08T08:49:21.0000000Z;3.7175;3.7305;11000;5500
2026-06-08T08:49:31.0000000Z;3.7175;3.7305;15000;10000
2026-06-08T08:49:33.0000000Z;3.7175;3.731;15000;10000
2026-06-08T08:51:01.0000000Z;3.717;3.7315;10000;10000
2026-06-08T08:51:02.0000000Z;3.7175;3.7315;15000;10000
2026-06-08T08:51:03.0000000Z;3.717;3.7315;15000;10000
2026-06-08T08:51:14.0000000Z;3.717;3.731;15000;10000
2026-06-08T08:51:15.0000000Z;3.717;3.7305;15000;10000
2026-06-08T08:51:34.0000000Z;3.717;3.731;15000;10000
2026-06-08T08:51:37.0000000Z;3.717;3.7315;15000;10000
2026-06-08T08:52:39.0000000Z;3.717;3.731;15000;10000
2026-06-08T08:52:40.0000000Z;3.717;3.7305;15000;10000
2026-06-08T08:52:57.0000000Z;3.7165;3.73;15000;10000
2026-06-08T08:52:59.0000000Z;3.7165;3.7295;15000;10000
2026-06-08T08:56:16.0000000Z;3.7165;3.73;15000;10000
2026-06-08T08:56:18.0000000Z;3.7165;3.7305;15000;10000
2026-06-08T08:56:22.0000000Z;3.717;3.73;15000;10000
2026-06-08T08:56:23.0000000Z;3.7175;3.73;15000;10000
2026-06-08T08:56:54.0000000Z;3.7175;3.7305;15000;10000
2026-06-08T08:56:56.0000000Z;3.7175;3.731;15000;10000
2026-06-08T08:57:20.0000000Z;3.718;3.731;15000;10000
2026-06-08T08:57:21.0000000Z;3.719;3.7315;15000;10000
2026-06-08T08:59:29.0000000Z;3.7185;3.7315;10000;10000
2026-06-08T08:59:30.0000000Z;3.718;3.7315;10000;10000
2026-06-08T08:59:47.0000000Z;3.7175;3.7315;10000;10000
2026-06-08T08:59:59.0000000Z;3.717;3.7315;15000;10000
2026-06-08T09:01:25.0000000Z;3.7175;3.7315;15000;10000
2026-06-08T09:01:26.0000000Z;3.7185;3.7315;15000;10000
2026-06-08T09:01:38.0000000Z;3.7195;3.7325;15000;10000
2026-06-08T09:01:42.0000000Z;3.7195;3.733;15000;10000
2026-06-08T09:03:00.0000000Z;3.7215;3.7345;15000;10000
2026-06-08T09:03:01.0000000Z;3.722;3.7345;15000;10000
2026-06-08T09:05:52.0000000Z;3.7215;3.7345;16000;10000
2026-06-08T09:05:53.0000000Z;3.7215;3.7335;16000;10000
2026-06-08T09:06:15.0000000Z;3.7215;3.7325;16000;10000
2026-06-08T09:07:40.0000000Z;3.7215;3.7315;16000;10000
2026-06-08T09:07:41.0000000Z;3.719;3.73;15000;10000
2026-06-08T09:07:42.0000000Z;3.717;3.73;15000;10000
2026-06-08T09:07:44.0000000Z;3.7165;3.73;15000;10000
2026-06-08T09:07:55.0000000Z;3.7165;3.7295;15000;10000
2026-06-08T09:07:58.0000000Z;3.7165;3.729;15000;10000
2026-06-08T09:08:00.0000000Z;3.716;3.729;15000;10000
2026-06-08T09:08:02.0000000Z;3.7155;3.729;15000;10000
2026-06-08T09:08:31.0000000Z;3.7155;3.728;15000;10000
2026-06-08T09:10:46.0000000Z;3.7155;3.7285;15000;10000
2026-06-08T09:10:48.0000000Z;3.7155;3.729;15000;10000
2026-06-08T09:11:01.0000000Z;3.7155;3.728;15000;10000
2026-06-08T09:11:45.0000000Z;3.715;3.727;16000;10000
2026-06-08T09:13:06.0000000Z;3.715;3.727;15000;10000
2026-06-08T09:14:05.0000000Z;3.715;3.727;16000;10000
2026-06-08T09:15:03.0000000Z;3.715;3.7265;16000;10000
2026-06-08T09:15:04.0000000Z;3.715;3.726;16000;10000
2026-06-08T09:15:31.0000000Z;3.715;3.7285;15000;16000
2026-06-08T09:15:32.0000000Z;3.715;3.7285;19000;12000
2026-06-08T09:15:33.0000000Z;3.715;3.7275;15000;10000
2026-06-08T09:16:17.0000000Z;3.715;3.728;15000;10000
2026-06-08T09:16:19.0000000Z;3.715;3.7285;15000;10000
2026-06-08T09:16:25.0000000Z;3.7155;3.729;16000;10000
2026-06-08T09:16:26.0000000Z;3.716;3.729;15000;10000
2026-06-08T09:17:15.0000000Z;3.716;3.7285;15000;10000
2026-06-08T09:17:16.0000000Z;3.716;3.728;15000;10000
2026-06-08T09:18:39.0000000Z;3.7155;3.7275;16000;10000
2026-06-08T09:18:40.0000000Z;3.7155;3.7275;15000;10000
2026-06-08T09:20:14.0000000Z;3.7155;3.728;15000;10000
2026-06-08T09:20:16.0000000Z;3.7155;3.7285;15000;10000
2026-06-08T09:20:23.0000000Z;3.7155;3.729;15000;10000
2026-06-08T09:20:40.0000000Z;3.7155;3.7295;19000;5500
2026-06-08T09:21:05.0000000Z;3.7165;3.73;10000;10000
2026-06-08T09:21:06.0000000Z;3.7175;3.7305;15000;10000
2026-06-08T09:22:21.0000000Z;3.7175;3.7295;15000;10000
2026-06-08T09:22:44.0000000Z;3.7175;3.73;15000;10000
2026-06-08T09:22:47.0000000Z;3.7175;3.7305;15000;10000
2026-06-08T09:24:21.0000000Z;3.7175;3.7295;15000;10000
2026-06-08T09:24:47.0000000Z;3.716;3.7295;15000;10000
2026-06-08T09:25:25.0000000Z;3.716;3.729;15000;10000
2026-06-08T09:25:26.0000000Z;3.716;3.7285;15000;10000
2026-06-08T09:26:24.0000000Z;3.715;3.727;16000;10000
2026-06-08T09:26:25.0000000Z;3.715;3.7265;16000;10000
2026-06-08T09:26:29.0000000Z;3.715;3.726;15000;10000
2026-06-08T09:26:35.0000000Z;3.715;3.7265;15000;10000
2026-06-08T09:26:37.0000000Z;3.715;3.7275;15000;10000
2026-06-08T09:27:40.0000000Z;3.715;3.727;16000;10000
2026-06-08T09:28:04.0000000Z;3.715;3.726;16000;10000
2026-06-08T09:28:31.0000000Z;3.715;3.725;16000;10000
2026-06-08T09:28:34.0000000Z;3.715;3.725;12000;7000
2026-06-08T09:29:12.0000000Z;3.715;3.725;16000;10000
2026-06-08T09:29:13.0000000Z;3.715;3.7255;16000;10000
2026-06-08T09:29:16.0000000Z;3.715;3.726;16000;10000
2026-06-08T09:29:36.0000000Z;3.715;3.7265;16000;10000
2026-06-08T09:29:37.0000000Z;3.715;3.727;16000;10000
2026-06-08T09:30:10.0000000Z;3.715;3.7265;16000;10000
2026-06-08T09:30:12.0000000Z;3.715;3.726;16000;10000
2026-06-08T09:32:58.0000000Z;3.715;3.727;16000;10000
2026-06-08T09:33:50.0000000Z;3.715;3.726;16000;10000
2026-06-08T09:35:02.0000000Z;3.715;3.7265;16000;10000
2026-06-08T09:35:04.0000000Z;3.715;3.727;16000;10000
2026-06-08T09:35:09.0000000Z;3.715;3.7265;15000;10000
2026-06-08T09:35:17.0000000Z;3.715;3.727;15000;10000
2026-06-08T09:35:18.0000000Z;3.715;3.7275;15000;10000
2026-06-08T09:36:33.0000000Z;3.715;3.728;16000;10000
2026-06-08T09:36:34.0000000Z;3.716;3.728;15000;10000
2026-06-08T09:36:41.0000000Z;3.716;3.7285;15000;10000
2026-06-08T09:36:43.0000000Z;3.7155;3.7295;10000;10000
2026-06-08T09:36:47.0000000Z;3.721;3.7375;16000;16000
2026-06-08T09:36:48.0000000Z;3.7305;3.7425;16000;16000
2026-06-08T09:36:49.0000000Z;3.7305;3.7505;16000;16000
2026-06-08T09:36:50.0000000Z;3.7305;3.7405;16000;10000
2026-06-08T09:36:52.0000000Z;3.7305;3.74;16000;10000
2026-06-08T09:36:54.0000000Z;3.729;3.7395;16000;10000
2026-06-08T09:36:55.0000000Z;3.7275;3.739;10000;10000
2026-06-08T09:36:56.0000000Z;3.7275;3.7425;10000;16000
2026-06-08T09:36:57.0000000Z;3.726;3.7415;10000;10000
2026-06-08T09:36:59.0000000Z;3.726;3.7405;10000;10000
2026-06-08T09:37:02.0000000Z;3.7265;3.7405;10000;10000
2026-06-08T09:37:06.0000000Z;3.7265;3.7405;15000;10000
2026-06-08T09:37:11.0000000Z;3.7265;3.74;15000;10000
2026-06-08T09:37:12.0000000Z;3.7265;3.739;10000;10000
2026-06-08T09:37:13.0000000Z;3.725;3.739;15000;10000
2026-06-08T09:37:18.0000000Z;3.725;3.74;19000;12000
2026-06-08T09:37:19.0000000Z;3.7245;3.7405;19000;12000
2026-06-08T09:37:20.0000000Z;3.7245;3.7395;19000;5500
2026-06-08T09:37:22.0000000Z;3.7245;3.7385;19000;5500
2026-06-08T09:37:35.0000000Z;3.7245;3.7385;15000;10000
2026-06-08T09:37:37.0000000Z;3.7245;3.738;15000;10000
2026-06-08T09:37:41.0000000Z;3.7245;3.7375;15000;10000
2026-06-08T09:37:42.0000000Z;3.7245;3.737;15000;10000
2026-06-08T09:37:44.0000000Z;3.7245;3.7355;16000;10000
2026-06-08T09:37:45.0000000Z;3.7245;3.735;16000;10000
2026-06-08T09:38:54.0000000Z;3.7245;3.734;16000;10000
2026-06-08T09:39:04.0000000Z;3.7245;3.7345;16000;10000
2026-06-08T09:39:09.0000000Z;3.7245;3.735;16000;10000
2026-06-08T09:39:11.0000000Z;3.7245;3.736;15000;16000
2026-06-08T09:39:12.0000000Z;3.7245;3.735;15000;10000
2026-06-08T09:39:13.0000000Z;3.7245;3.736;15000;10000
2026-06-08T09:39:21.0000000Z;3.7245;3.7365;15000;10000
2026-06-08T09:40:57.0000000Z;3.7245;3.7355;15000;10000
2026-06-08T09:41:07.0000000Z;3.7245;3.735;16000;10000
2026-06-08T09:41:51.0000000Z;3.7245;3.7345;16000;10000
2026-06-08T09:41:52.0000000Z;3.7245;3.734;16000;10000
2026-06-08T09:42:54.0000000Z;3.7245;3.7345;16000;10000
2026-06-08T09:42:56.0000000Z;3.7245;3.735;16000;10000
2026-06-08T09:42:58.0000000Z;3.7245;3.735;15000;10000
2026-06-08T09:42:59.0000000Z;3.7245;3.7355;15000;10000
2026-06-08T09:43:02.0000000Z;3.7245;3.736;15000;10000
2026-06-08T09:46:02.0000000Z;3.7245;3.7365;15000;10000
2026-06-08T09:46:04.0000000Z;3.7245;3.737;15000;10000
2026-06-08T09:48:52.0000000Z;3.725;3.738;16000;10000
2026-06-08T09:48:53.0000000Z;3.7255;3.738;15000;10000
2026-06-08T09:49:45.0000000Z;3.725;3.738;15000;10000
2026-06-08T09:52:05.0000000Z;3.7255;3.738;15000;10000
2026-06-08T09:53:18.0000000Z;3.7255;3.7385;11000;5500
2026-06-08T09:53:24.0000000Z;3.7255;3.7385;15000;10000
2026-06-08T09:53:25.0000000Z;3.7255;3.739;15000;10000
2026-06-08T09:53:26.0000000Z;3.7265;3.739;15000;10000
2026-06-08T09:55:07.0000000Z;3.726;3.739;15000;10000
2026-06-08T09:55:08.0000000Z;3.7255;3.739;15000;10000
2026-06-08T09:55:20.0000000Z;3.7255;3.738;15000;10000
2026-06-08T09:56:34.0000000Z;3.725;3.738;15000;10000
2026-06-08T09:56:50.0000000Z;3.725;3.737;15000;10000
2026-06-08T09:59:29.0000000Z;3.725;3.7375;15000;10000
2026-06-08T09:59:31.0000000Z;3.725;3.738;15000;10000
2026-06-08T09:59:34.0000000Z;3.7255;3.738;15000;10000
2026-06-08T09:59:36.0000000Z;3.7255;3.7385;11000;5500
2026-06-08T10:00:01.0000000Z;3.7265;3.739;15000;10000
2026-06-08T10:00:18.0000000Z;3.726;3.7395;15000;10000
2026-06-08T10:01:47.0000000Z;3.727;3.7405;10000;10000
2026-06-08T10:01:48.0000000Z;3.727;3.7405;5500;5500
2026-06-08T10:01:50.0000000Z;3.7275;3.7405;5500;5500
2026-06-08T10:01:57.0000000Z;3.7275;3.7405;10000;10000
2026-06-08T10:01:58.0000000Z;3.7275;3.741;15000;10000
2026-06-08T10:02:05.0000000Z;3.7255;3.741;15000;10000
2026-06-08T10:02:07.0000000Z;3.7255;3.741;16000;10000
2026-06-08T10:02:09.0000000Z;3.7255;3.7395;16000;10000
2026-06-08T10:02:12.0000000Z;3.7255;3.7375;16000;10000
2026-06-08T10:02:13.0000000Z;3.7245;3.7375;16000;10000
2026-06-08T10:02:22.0000000Z;3.7245;3.736;15000;10000
2026-06-08T10:02:28.0000000Z;3.7245;3.7365;15000;10000
2026-06-08T10:02:30.0000000Z;3.7245;3.737;15000;10000
2026-06-08T10:02:55.0000000Z;3.7245;3.7375;15000;10000
2026-06-08T10:02:56.0000000Z;3.7245;3.7375;19000;5500
2026-06-08T10:02:57.0000000Z;3.7245;3.738;19000;5500
2026-06-08T10:03:00.0000000Z;3.725;3.738;19000;5500
2026-06-08T10:03:01.0000000Z;3.7265;3.7395;15000;10000
2026-06-08T10:03:46.0000000Z;3.727;3.74;19000;5500
2026-06-08T10:05:00.0000000Z;3.7265;3.7395;15000;10000
2026-06-08T10:06:25.0000000Z;3.728;3.7405;15000;10000
2026-06-08T10:06:26.0000000Z;3.728;3.741;15000;10000
2026-06-08T10:07:06.0000000Z;3.729;3.741;10000;10000
2026-06-08T10:07:07.0000000Z;3.7295;3.741;15000;10000
2026-06-08T10:07:24.0000000Z;3.7295;3.7415;11000;5500
2026-06-08T10:07:30.0000000Z;3.7295;3.7415;15000;10000
2026-06-08T10:07:31.0000000Z;3.7295;3.742;15000;10000
2026-06-08T10:07:35.0000000Z;3.7295;3.742;11000;5500
2026-06-08T10:07:36.0000000Z;3.7295;3.7425;11000;5500
2026-06-08T10:07:43.0000000Z;3.7295;3.742;15000;10000
2026-06-08T10:08:00.0000000Z;3.7295;3.7435;15000;10000
2026-06-08T10:08:01.0000000Z;3.7295;3.7455;15000;16000
2026-06-08T10:08:02.0000000Z;3.7295;3.7445;15000;10000
2026-06-08T10:08:03.0000000Z;3.7295;3.7435;11000;5500
2026-06-08T10:08:07.0000000Z;3.7305;3.7435;11000;5500
2026-06-08T10:08:08.0000000Z;3.731;3.7435;11000;5500
2026-06-08T10:08:31.0000000Z;3.731;3.7435;15000;10000
2026-06-08T10:08:32.0000000Z;3.731;3.744;15000;10000
2026-06-08T10:08:33.0000000Z;3.7325;3.7445;11000;5500
2026-06-08T10:08:34.0000000Z;3.7325;3.745;11000;5500
2026-06-08T10:08:35.0000000Z;3.7325;3.7455;15000;10000
2026-06-08T10:09:23.0000000Z;3.734;3.7455;15000;10000
2026-06-08T10:09:45.0000000Z;3.733;3.745;15000;10000
2026-06-08T10:09:46.0000000Z;3.732;3.7445;15000;10000
2026-06-08T10:10:39.0000000Z;3.731;3.744;15000;10000
2026-06-08T10:12:46.0000000Z;3.731;3.7445;15000;10000
2026-06-08T10:12:47.0000000Z;3.731;3.7445;19000;5500
2026-06-08T10:12:52.0000000Z;3.731;3.745;15000;10000
2026-06-08T10:13:51.0000000Z;3.732;3.745;15000;10000
2026-06-08T10:13:52.0000000Z;3.733;3.7455;15000;10000
2026-06-08T10:14:12.0000000Z;3.7325;3.7455;15000;10000
2026-06-08T10:14:13.0000000Z;3.732;3.7455;15000;10000
2026-06-08T10:14:40.0000000Z;3.732;3.744;15000;10000
2026-06-08T10:14:50.0000000Z;3.7315;3.744;15000;10000
2026-06-08T10:16:49.0000000Z;3.7315;3.7435;15000;10000
2026-06-08T10:16:50.0000000Z;3.7315;3.743;15000;10000
2026-06-08T10:16:56.0000000Z;3.7305;3.7415;16000;10000
2026-06-08T10:16:57.0000000Z;3.7305;3.7405;16000;10000
2026-06-08T10:20:16.0000000Z;3.7305;3.7415;16000;10000
2026-06-08T10:20:25.0000000Z;3.7305;3.7415;15000;10000
2026-06-08T10:20:58.0000000Z;3.7305;3.742;15000;10000
2026-06-08T10:20:59.0000000Z;3.731;3.7425;15000;10000
2026-06-08T10:21:00.0000000Z;3.7315;3.7425;15000;10000
2026-06-08T10:21:01.0000000Z;3.7315;3.743;15000;10000
2026-06-08T10:22:41.0000000Z;3.731;3.743;15000;10000
2026-06-08T10:22:46.0000000Z;3.7305;3.743;16000;10000
2026-06-08T10:22:47.0000000Z;3.731;3.743;15000;10000
2026-06-08T10:22:49.0000000Z;3.7305;3.743;15000;10000
2026-06-08T10:22:50.0000000Z;3.7305;3.743;16000;10000
2026-06-08T10:22:51.0000000Z;3.7305;3.743;15000;10000
2026-06-08T10:24:14.0000000Z;3.731;3.7435;15000;10000
2026-06-08T10:24:15.0000000Z;3.731;3.744;15000;10000
2026-06-08T10:25:31.0000000Z;3.731;3.7445;10000;10000
2026-06-08T10:25:32.0000000Z;3.731;3.7445;15000;10000
2026-06-08T10:27:16.0000000Z;3.731;3.7435;15000;10000
2026-06-08T10:27:45.0000000Z;3.731;3.743;15000;10000
2026-06-08T10:27:46.0000000Z;3.731;3.7425;15000;10000
2026-06-08T10:29:12.0000000Z;3.731;3.743;15000;10000
2026-06-08T10:29:14.0000000Z;3.731;3.7435;15000;10000
2026-06-08T10:29:53.0000000Z;3.731;3.744;15000;10000
2026-06-08T10:29:54.0000000Z;3.731;3.7445;15000;10000
2026-06-08T10:31:03.0000000Z;3.731;3.7445;15000;10000
2026-06-08T10:33:35.0000000Z;3.731;3.745;15000;10000
2026-06-08T10:33:36.0000000Z;3.731;3.7455;15000;10000
2026-06-08T10:33:42.0000000Z;3.7315;3.7455;15000;10000
2026-06-08T10:33:43.0000000Z;3.733;3.746;15000;10000
2026-06-08T10:34:07.0000000Z;3.733;3.7465;11000;5500
2026-06-08T10:34:08.0000000Z;3.733;3.7465;11000;5500
2026-06-08T10:34:12.0000000Z;3.734;3.749;11000;5500
2026-06-08T10:34:13.0000000Z;3.734;3.7515;11000;5500
2026-06-08T10:34:14.0000000Z;3.734;3.753;5500;5500
2026-06-08T10:34:15.0000000Z;3.7365;3.755;5500;5500
2026-06-08T10:34:16.0000000Z;3.742;3.7545;10000;10000
2026-06-08T10:34:18.0000000Z;3.746;3.7665;16000;16000
2026-06-08T10:34:19.0000000Z;3.747;3.765;10000;16000
2026-06-08T10:34:20.0000000Z;3.746;3.765;10000;16000
2026-06-08T10:34:22.0000000Z;3.745;3.765;16000;16000
2026-06-08T10:34:23.0000000Z;3.745;3.7635;16000;16000
2026-06-08T10:34:24.0000000Z;3.745;3.7625;16000;16000
2026-06-08T10:34:25.0000000Z;3.744;3.764;16000;16000
2026-06-08T10:34:26.0000000Z;3.7445;3.764;16000;16000
2026-06-08T10:34:28.0000000Z;3.745;3.763;10000;10000
2026-06-08T10:34:29.0000000Z;3.746;3.7665;10000;16000
2026-06-08T10:34:30.0000000Z;3.747;3.765;10000;10000
2026-06-08T10:34:33.0000000Z;3.747;3.764;16000;10000
2026-06-08T10:34:34.0000000Z;3.743;3.764;16000;10000
2026-06-08T10:34:35.0000000Z;3.746;3.764;16000;10000
2026-06-08T10:34:36.0000000Z;3.7445;3.7635;10000;10000
2026-06-08T10:34:39.0000000Z;3.746;3.7625;10000;10000
2026-06-08T10:34:40.0000000Z;3.7405;3.762;10000;10000
2026-06-08T10:34:41.0000000Z;3.744;3.759;10000;10000
2026-06-08T10:34:51.0000000Z;3.744;3.758;10000;10000
2026-06-08T10:34:52.0000000Z;3.743;3.7575;10000;10000
2026-06-08T10:34:53.0000000Z;3.7425;3.7575;10000;10000
2026-06-08T10:35:02.0000000Z;3.742;3.7565;15000;10000
2026-06-08T10:35:04.0000000Z;3.742;3.756;15000;10000
2026-06-08T10:35:05.0000000Z;3.7405;3.755;10000;10000
2026-06-08T10:35:07.0000000Z;3.7405;3.7545;10000;10000
2026-06-08T10:35:09.0000000Z;3.74;3.7545;10000;10000
2026-06-08T10:35:11.0000000Z;3.739;3.7545;10000;10000
2026-06-08T10:35:13.0000000Z;3.7385;3.7545;10000;10000
2026-06-08T10:35:15.0000000Z;3.7385;3.754;10000;10000
2026-06-08T10:35:16.0000000Z;3.7385;3.753;10000;10000
2026-06-08T10:35:26.0000000Z;3.739;3.753;15000;10000
2026-06-08T10:35:29.0000000Z;3.7395;3.754;15000;10000
2026-06-08T10:35:30.0000000Z;3.742;3.7545;10000;10000
2026-06-08T10:35:37.0000000Z;3.7415;3.7545;10000;10000
2026-06-08T10:35:38.0000000Z;3.742;3.755;10000;10000
2026-06-08T10:35:39.0000000Z;3.742;3.7555;15000;10000
2026-06-08T10:35:41.0000000Z;3.742;3.756;15000;10000
2026-06-08T10:35:43.0000000Z;3.742;3.7555;15000;10000
2026-06-08T10:35:44.0000000Z;3.742;3.755;15000;10000
2026-06-08T10:35:51.0000000Z;3.7415;3.755;15000;10000
2026-06-08T10:35:53.0000000Z;3.742;3.7545;15000;10000
2026-06-08T10:36:18.0000000Z;3.742;3.755;15000;10000
2026-06-08T10:36:21.0000000Z;3.742;3.7555;15000;10000
2026-06-08T10:36:32.0000000Z;3.743;3.757;15000;10000
2026-06-08T10:36:33.0000000Z;3.7435;3.757;11000;5500
2026-06-08T10:37:06.0000000Z;3.744;3.7575;15000;10000
2026-06-08T10:37:31.0000000Z;3.7435;3.7565;10000;10000
2026-06-08T10:37:32.0000000Z;3.743;3.756;10000;10000
2026-06-08T10:37:33.0000000Z;3.7425;3.756;10000;10000
2026-06-08T10:37:41.0000000Z;3.743;3.756;15000;10000
2026-06-08T10:38:13.0000000Z;3.7425;3.7555;15000;10000
2026-06-08T10:38:14.0000000Z;3.742;3.755;15000;10000
2026-06-08T10:39:39.0000000Z;3.7415;3.754;15000;10000
2026-06-08T10:39:41.0000000Z;3.741;3.754;15000;10000
2026-06-08T10:39:47.0000000Z;3.741;3.753;10000;10000
2026-06-08T10:39:48.0000000Z;3.7415;3.754;15000;10000
2026-06-08T10:39:49.0000000Z;3.7415;3.7545;15000;10000
2026-06-08T10:40:05.0000000Z;3.7405;3.7545;15000;10000
2026-06-08T10:40:07.0000000Z;3.7405;3.7535;15000;10000
2026-06-08T10:41:09.0000000Z;3.7405;3.754;15000;10000
2026-06-08T10:41:13.0000000Z;3.7405;3.7545;15000;10000
2026-06-08T10:41:20.0000000Z;3.741;3.7545;15000;10000
2026-06-08T10:41:21.0000000Z;3.7415;3.7545;15000;10000
2026-06-08T10:44:40.0000000Z;3.7415;3.754;15000;10000
2026-06-08T10:44:41.0000000Z;3.7415;3.7535;15000;10000
2026-06-08T10:44:47.0000000Z;3.7405;3.7535;15000;10000
2026-06-08T10:44:49.0000000Z;3.74;3.7535;15000;10000
2026-06-08T10:46:16.0000000Z;3.74;3.7525;15000;10000
2026-06-08T10:46:39.0000000Z;3.7395;3.7525;15000;10000
2026-06-08T10:46:41.0000000Z;3.739;3.7525;15000;10000
2026-06-08T10:46:51.0000000Z;3.739;3.752;15000;10000
2026-06-08T10:46:52.0000000Z;3.739;3.751;15000;10000
2026-06-08T10:49:06.0000000Z;3.738;3.7485;15000;10000
2026-06-08T10:49:08.0000000Z;3.738;3.748;15000;10000
2026-06-08T10:49:54.0000000Z;3.7375;3.748;16000;10000
2026-06-08T10:49:58.0000000Z;3.7375;3.748;15000;10000
2026-06-08T10:50:01.0000000Z;3.7365;3.748;15000;10000
2026-06-08T10:50:02.0000000Z;3.7355;3.748;15000;10000
2026-06-08T10:50:49.0000000Z;3.7355;3.747;15000;10000
2026-06-08T10:51:51.0000000Z;3.7355;3.7475;15000;10000
2026-06-08T10:51:52.0000000Z;3.7355;3.748;15000;10000
2026-06-08T10:52:42.0000000Z;3.736;3.748;15000;10000
2026-06-08T10:52:43.0000000Z;3.7365;3.748;15000;10000
2026-06-08T10:53:35.0000000Z;3.7365;3.7485;15000;10000
2026-06-08T10:53:37.0000000Z;3.7365;3.749;15000;10000
2026-06-08T10:54:03.0000000Z;3.7365;3.748;15000;10000
2026-06-08T10:54:25.0000000Z;3.736;3.748;15000;10000
2026-06-08T10:54:27.0000000Z;3.7355;3.748;15000;10000
2026-06-08T10:58:05.0000000Z;3.735;3.7495;15000;16000
2026-06-08T10:58:06.0000000Z;3.734;3.7505;15000;16000
2026-06-08T10:58:08.0000000Z;3.733;3.7515;15000;16000
2026-06-08T10:58:18.0000000Z;3.7305;3.753;11000;5500
2026-06-08T10:58:19.0000000Z;3.7295;3.7535;11000;5500
2026-06-08T10:59:18.0000000Z;3.7295;3.7535;15000;10000
2026-06-08T10:59:19.0000000Z;3.7295;3.7555;15000;10000
2026-06-08T11:04:49.0000000Z;3.731;3.7555;15000;10000
2026-06-08T11:04:50.0000000Z;3.736;3.7565;15000;10000
2026-06-08T11:06:02.0000000Z;3.7375;3.75;15000;10000
2026-06-08T11:07:50.0000000Z;3.737;3.75;15000;10000
2026-06-08T11:07:51.0000000Z;3.7365;3.75;15000;10000
2026-06-08T11:07:54.0000000Z;3.7365;3.7495;15000;10000
2026-06-08T11:07:55.0000000Z;3.7365;3.749;15000;10000
2026-06-08T11:09:58.0000000Z;3.737;3.7485;10000;10000
2026-06-08T11:09:59.0000000Z;3.7375;3.7485;15000;10000
2026-06-08T11:10:35.0000000Z;3.7375;3.749;15000;10000
2026-06-08T11:10:40.0000000Z;3.7375;3.7495;15000;10000
2026-06-08T11:10:42.0000000Z;3.7375;3.75;15000;10000
2026-06-08T11:10:43.0000000Z;3.7385;3.7515;15000;10000
2026-06-08T11:10:45.0000000Z;3.7395;3.751;15000;10000
2026-06-08T11:10:46.0000000Z;3.732;3.7595;9000;9000
2026-06-08T11:10:52.0000000Z;3.7315;3.7595;6500;6500
2026-06-08T11:11:00.0000000Z;3.733;3.761;6500;6500
2026-06-08T11:11:12.0000000Z;3.738;3.765;6500;6500
2026-06-08T11:11:33.0000000Z;3.7375;3.765;6500;6500
2026-06-08T11:11:34.0000000Z;3.738;3.765;6500;6500
2026-06-08T11:11:50.0000000Z;3.737;3.765;6500;6500
2026-06-08T11:11:52.0000000Z;3.736;3.764;6500;6500
2026-06-08T11:12:22.0000000Z;3.7365;3.765;6500;6500
2026-06-08T11:12:57.0000000Z;3.746;3.7595;10000;10000
2026-06-08T11:12:58.0000000Z;3.747;3.7595;15000;10000
2026-06-08T11:13:27.0000000Z;3.7465;3.7585;15000;10000
2026-06-08T11:13:36.0000000Z;3.746;3.7585;15000;10000
2026-06-08T11:13:54.0000000Z;3.7455;3.7575;15000;10000
2026-06-08T11:14:07.0000000Z;3.7455;3.758;15000;10000
2026-06-08T11:14:08.0000000Z;3.7455;3.7585;15000;10000
2026-06-08T11:14:09.0000000Z;3.746;3.7585;15000;10000
2026-06-08T11:14:11.0000000Z;3.745;3.7575;5500;5500
2026-06-08T11:14:16.0000000Z;3.7455;3.7585;5500;5500
2026-06-08T11:14:17.0000000Z;3.7455;3.7585;10000;10000
2026-06-08T11:14:28.0000000Z;3.7455;3.759;10000;10000
2026-06-08T11:14:42.0000000Z;3.746;3.759;10000;10000
2026-06-08T11:14:43.0000000Z;3.7465;3.759;10000;10000
2026-06-08T11:14:51.0000000Z;3.748;3.76;15000;10000
2026-06-08T11:14:52.0000000Z;3.7485;3.76;15000;10000
2026-06-08T11:14:56.0000000Z;3.749;3.76;10000;10000
2026-06-08T11:14:57.0000000Z;3.75;3.7615;10000;10000
2026-06-08T11:14:58.0000000Z;3.75;3.7645;10000;10000
2026-06-08T11:15:00.0000000Z;3.7505;3.768;10000;16000
2026-06-08T11:15:01.0000000Z;3.7515;3.768;10000;16000
2026-06-08T11:15:02.0000000Z;3.753;3.77;16000;16000
2026-06-08T11:15:05.0000000Z;3.7545;3.7685;10000;10000
2026-06-08T11:15:06.0000000Z;3.7585;3.7695;10000;10000
2026-06-08T11:15:07.0000000Z;3.7575;3.7705;16000;10000
2026-06-08T11:15:08.0000000Z;3.759;3.77;16000;10000
2026-06-08T11:15:09.0000000Z;3.76;3.77;10000;10000
2026-06-08T11:15:11.0000000Z;3.7585;3.7685;10000;10000
2026-06-08T11:15:12.0000000Z;3.7585;3.768;10000;10000
2026-06-08T11:15:14.0000000Z;3.758;3.766;10000;10000
2026-06-08T11:15:18.0000000Z;3.7575;3.766;10000;10000
2026-06-08T11:15:23.0000000Z;3.757;3.766;10000;10000
2026-06-08T11:15:27.0000000Z;3.7565;3.766;15000;10000
2026-06-08T11:15:33.0000000Z;3.7565;3.77;15000;10000
2026-06-08T11:15:35.0000000Z;3.757;3.7705;15000;10000
2026-06-08T11:15:36.0000000Z;3.758;3.772;10000;10000
2026-06-08T11:15:37.0000000Z;3.759;3.772;10000;10000
2026-06-08T11:15:38.0000000Z;3.7585;3.774;10000;10000
2026-06-08T11:15:39.0000000Z;3.756;3.7725;16000;10000
2026-06-08T11:15:41.0000000Z;3.754;3.7725;16000;10000
2026-06-08T11:15:42.0000000Z;3.756;3.772;10000;10000
2026-06-08T11:15:48.0000000Z;3.7575;3.771;10000;10000
2026-06-08T11:15:50.0000000Z;3.7565;3.7705;10000;10000
2026-06-08T11:15:57.0000000Z;3.756;3.77;15000;10000
2026-06-08T11:15:58.0000000Z;3.7575;3.771;11000;5500
2026-06-08T11:15:59.0000000Z;3.758;3.771;11000;5500
2026-06-08T11:16:02.0000000Z;3.758;3.7705;11000;5500
2026-06-08T11:16:04.0000000Z;3.7575;3.7705;15000;10000
2026-06-08T11:16:05.0000000Z;3.7575;3.77;15000;10000
2026-06-08T11:16:06.0000000Z;3.757;3.769;15000;10000
2026-06-08T11:16:09.0000000Z;3.7555;3.768;10000;10000
2026-06-08T11:16:10.0000000Z;3.755;3.768;10000;10000
2026-06-08T11:16:13.0000000Z;3.7545;3.767;10000;10000
2026-06-08T11:16:24.0000000Z;3.754;3.7665;15000;10000
2026-06-08T11:16:32.0000000Z;3.754;3.766;15000;10000
2026-06-08T11:16:33.0000000Z;3.754;3.765;15000;10000
2026-06-08T11:16:34.0000000Z;3.7535;3.765;16000;10000
2026-06-08T11:16:35.0000000Z;3.7535;3.765;15000;10000
2026-06-08T11:16:43.0000000Z;3.752;3.765;15000;10000
2026-06-08T11:16:52.0000000Z;3.753;3.766;15000;10000
2026-06-08T11:16:54.0000000Z;3.7535;3.766;15000;10000
2026-06-08T11:17:05.0000000Z;3.753;3.766;15000;10000
2026-06-08T11:17:06.0000000Z;3.7525;3.765;15000;10000
2026-06-08T11:18:48.0000000Z;3.7535;3.766;15000;10000
2026-06-08T11:19:13.0000000Z;3.7535;3.7665;15000;10000
2026-06-08T11:19:19.0000000Z;3.7535;3.7655;15000;10000
2026-06-08T11:19:20.0000000Z;3.7535;3.765;15000;10000
2026-06-08T11:19:25.0000000Z;3.7535;3.7655;15000;10000
2026-06-08T11:19:26.0000000Z;3.7535;3.767;15000;10000
2026-06-08T11:19:28.0000000Z;3.7535;3.766;15000;10000
2026-06-08T11:19:29.0000000Z;3.7535;3.7655;15000;10000
2026-06-08T11:19:51.0000000Z;3.7535;3.766;15000;10000
2026-06-08T11:19:52.0000000Z;3.754;3.767;15000;10000
2026-06-08T11:19:54.0000000Z;3.754;3.768;15000;10000
2026-06-08T11:21:06.0000000Z;3.755;3.768;15000;10000
2026-06-08T11:21:07.0000000Z;3.7565;3.7685;15000;10000
2026-06-08T11:21:27.0000000Z;3.7565;3.769;15000;10000
2026-06-08T11:21:33.0000000Z;3.757;3.7695;15000;10000
2026-06-08T11:21:34.0000000Z;3.7575;3.7695;15000;10000
2026-06-08T11:21:47.0000000Z;3.7575;3.77;15000;10000
2026-06-08T11:22:34.0000000Z;3.759;3.771;5500;5500
2026-06-08T11:22:35.0000000Z;3.7595;3.771;11000;5500
2026-06-08T11:22:57.0000000Z;3.7595;3.7715;11000;5500
2026-06-08T11:23:13.0000000Z;3.7595;3.771;15000;10000
2026-06-08T11:23:14.0000000Z;3.7585;3.7705;15000;10000
2026-06-08T11:23:45.0000000Z;3.7575;3.7705;15000;10000
2026-06-08T11:24:05.0000000Z;3.7575;3.771;15000;10000
2026-06-08T11:24:06.0000000Z;3.7585;3.771;15000;10000
2026-06-08T11:24:41.0000000Z;3.7585;3.7715;15000;10000
2026-06-08T11:24:52.0000000Z;3.7585;3.7715;11000;5500
2026-06-08T11:24:53.0000000Z;3.7585;3.772;11000;5500
2026-06-08T11:24:58.0000000Z;3.7595;3.772;5500;5500
2026-06-08T11:24:59.0000000Z;3.76;3.772;11000;5500
2026-06-08T11:25:42.0000000Z;3.7595;3.772;11000;5500
2026-06-08T11:25:44.0000000Z;3.759;3.772;11000;5500
2026-06-08T11:25:47.0000000Z;3.759;3.7715;15000;10000
2026-06-08T11:26:20.0000000Z;3.759;3.771;15000;10000
2026-06-08T11:26:21.0000000Z;3.7585;3.77;15000;10000
2026-06-08T11:26:22.0000000Z;3.758;3.77;15000;10000
2026-06-08T11:26:42.0000000Z;3.756;3.769;15000;10000
2026-06-08T11:26:49.0000000Z;3.7555;3.769;15000;10000
2026-06-08T11:29:16.0000000Z;3.7555;3.768;15000;10000
2026-06-08T11:29:32.0000000Z;3.755;3.768;15000;10000
2026-06-08T11:29:35.0000000Z;3.7555;3.7675;15000;10000
2026-06-08T11:30:37.0000000Z;3.757;3.769;15000;10000
2026-06-08T11:30:53.0000000Z;3.757;3.7695;15000;10000
2026-06-08T11:32:41.0000000Z;3.757;3.769;15000;10000
2026-06-08T11:32:42.0000000Z;3.7565;3.7685;15000;10000
2026-06-08T11:32:50.0000000Z;3.756;3.7685;15000;10000
2026-06-08T11:33:21.0000000Z;3.756;3.768;15000;10000
2026-06-08T11:33:22.0000000Z;3.7555;3.7675;15000;10000
2026-06-08T11:33:24.0000000Z;3.755;3.7675;15000;10000
2026-06-08T11:34:00.0000000Z;3.7525;3.765;15000;10000
2026-06-08T11:39:26.0000000Z;3.7525;3.7645;15000;10000
2026-06-08T11:39:27.0000000Z;3.7525;3.764;15000;10000
2026-06-08T11:39:46.0000000Z;3.752;3.764;15000;10000
2026-06-08T11:39:54.0000000Z;3.7515;3.764;15000;10000
2026-06-08T11:40:09.0000000Z;3.7515;3.763;15000;10000
2026-06-08T11:40:43.0000000Z;3.751;3.763;15000;10000
2026-06-08T11:41:03.0000000Z;3.751;3.762;15000;10000
2026-06-08T11:41:05.0000000Z;3.7505;3.762;15000;10000
2026-06-08T11:41:15.0000000Z;3.7495;3.762;15000;10000
2026-06-08T11:41:24.0000000Z;3.747;3.759;15000;10000
2026-06-08T11:41:25.0000000Z;3.7465;3.759;15000;10000
2026-06-08T11:42:47.0000000Z;3.7475;3.759;10000;10000
2026-06-08T11:42:48.0000000Z;3.748;3.759;15000;10000
2026-06-08T11:42:50.0000000Z;3.748;3.7595;15000;10000
2026-06-08T11:43:05.0000000Z;3.748;3.76;15000;10000
2026-06-08T11:43:48.0000000Z;3.7475;3.76;15000;10000
2026-06-08T11:43:53.0000000Z;3.747;3.76;15000;10000
2026-06-08T11:43:56.0000000Z;3.747;3.7595;15000;10000
2026-06-08T11:43:57.0000000Z;3.747;3.759;15000;10000
2026-06-08T11:44:07.0000000Z;3.747;3.758;15000;10000
2026-06-08T11:46:06.0000000Z;3.746;3.757;16000;10000
2026-06-08T11:46:07.0000000Z;3.746;3.7565;16000;10000
2026-06-08T11:46:22.0000000Z;3.744;3.756;15000;10000
2026-06-08T11:46:26.0000000Z;3.7435;3.756;15000;10000
2026-06-08T11:46:29.0000000Z;3.7435;3.7555;15000;10000
2026-06-08T11:46:30.0000000Z;3.7435;3.755;15000;10000
2026-06-08T11:46:32.0000000Z;3.742;3.7545;15000;10000
2026-06-08T11:46:34.0000000Z;3.7415;3.7545;15000;10000
2026-06-08T11:46:40.0000000Z;3.7415;3.7535;15000;10000
2026-06-08T11:46:45.0000000Z;3.7405;3.753;15000;10000
2026-06-08T11:47:21.0000000Z;3.74;3.753;10000;10000
2026-06-08T11:47:23.0000000Z;3.74;3.753;15000;10000
2026-06-08T11:47:54.0000000Z;3.7395;3.752;15000;10000
2026-06-08T11:49:58.0000000Z;3.74;3.7525;15000;10000
2026-06-08T11:49:59.0000000Z;3.7405;3.7525;15000;10000
2026-06-08T11:50:13.0000000Z;3.7405;3.753;15000;10000
2026-06-08T11:50:18.0000000Z;3.7405;3.754;15000;10000
2026-06-08T11:51:16.0000000Z;3.741;3.754;15000;10000
2026-06-08T11:51:17.0000000Z;3.7415;3.754;15000;10000
2026-06-08T11:52:28.0000000Z;3.7415;3.753;15000;10000
2026-06-08T11:52:30.0000000Z;3.741;3.753;15000;10000
2026-06-08T11:52:32.0000000Z;3.7405;3.753;15000;10000
2026-06-08T11:57:46.0000000Z;3.7405;3.7525;15000;10000
2026-06-08T11:57:47.0000000Z;3.7405;3.752;15000;10000
2026-06-08T11:58:08.0000000Z;3.7405;3.7525;15000;10000
2026-06-08T11:58:14.0000000Z;3.7405;3.753;15000;10000
2026-06-08T11:58:51.0000000Z;3.7405;3.7535;15000;10000
2026-06-08T11:59:08.0000000Z;3.7405;3.753;15000;10000
2026-06-08T12:00:54.0000000Z;3.741;3.7535;15000;10000
2026-06-08T12:00:55.0000000Z;3.7415;3.7535;15000;10000
