2026-06-08T07:43:14.0000000Z;5.4386;5.4462;2500;2500
2026-06-08T07:43:14.0000000Z;5.4386;5.4462;2500;2500
2026-06-08T08:03:21.0000000Z;5.4358;5.4492;2500;2500
2026-06-08T08:03:22.0000000Z;5.4364;5.4482;3189;3189
2026-06-08T08:03:23.0000000Z;5.4364;5.4482;3189;3616
2026-06-08T08:03:24.0000000Z;5.4374;5.4476;2500;9993
2026-06-08T08:03:25.0000000Z;5.4384;5.4464;1449;2500
2026-06-08T08:03:55.0000000Z;5.4386;5.4462;2500;2500
2026-06-08T08:04:14.0000000Z;5.438;5.4468;2500;2500
2026-06-08T08:04:15.0000000Z;5.4378;5.4474;4783;2500
2026-06-08T08:04:17.0000000Z;5.4384;5.4464;1449;1449
2026-06-08T08:04:47.0000000Z;5.4386;5.4462;2500;2500
2026-06-08T08:04:47.0000000Z;5.4386;5.4462;2500;2500
2026-06-08T08:09:59.0000000Z;5.4386;5.4464;2500;1876
2026-06-08T08:10:00.0000000Z;5.4386;5.4464;2500;1449
2026-06-08T08:10:29.0000000Z;5.4386;5.4462;2500;2500
2026-06-08T08:10:29.0000000Z;5.4386;5.4462;2500;2500
2026-06-08T08:10:29.0000000Z;5.4386;5.4462;2500;2500
2026-06-08T08:10:29.0000000Z;5.4386;5.4462;2500;2500
2026-06-08T08:22:57.0000000Z;5.438;5.4474;2500;2500
2026-06-08T08:22:58.0000000Z;5.4384;5.4466;2500;2500
2026-06-08T08:23:00.0000000Z;5.4386;5.4464;1449;1449
2026-06-08T08:23:28.0000000Z;5.4388;5.4462;2500;2500
2026-06-08T08:25:44.0000000Z;5.438;5.4468;2500;2500
2026-06-08T08:25:46.0000000Z;5.4388;5.4462;2500;2500
2026-06-08T08:25:46.0000000Z;5.4388;5.4462;2500;2500
2026-06-08T08:25:46.0000000Z;5.4388;5.4462;2500;2500
2026-06-08T08:31:47.0000000Z;5.4388;5.4474;2500;2500
2026-06-08T08:31:48.0000000Z;5.4388;5.4464;2500;2500
2026-06-08T08:32:20.0000000Z;5.4388;5.4462;2500;2500
2026-06-08T08:32:20.0000000Z;5.4388;5.4462;2500;2500
2026-06-08T08:40:53.0000000Z;5.4386;5.4474;2500;2500
2026-06-08T08:40:54.0000000Z;5.4386;5.4464;2500;2516
2026-06-08T08:40:54.0000000Z;5.4386;5.4464;2500;2516
2026-06-08T08:41:24.0000000Z;5.4386;5.4462;2500;2500
2026-06-08T08:41:24.0000000Z;5.4386;5.4462;2500;2500
2026-06-08T08:41:24.0000000Z;5.4386;5.4462;2500;2500
2026-06-08T08:41:24.0000000Z;5.4386;5.4462;2500;2500
2026-06-08T08:41:24.0000000Z;5.4386;5.4462;2500;2500
2026-06-08T08:41:24.0000000Z;5.4386;5.4462;2500;2500
2026-06-08T08:41:24.0000000Z;5.4386;5.4462;2500;2500
2026-06-08T08:41:24.0000000Z;5.4386;5.4462;2500;2500
2026-06-08T09:20:00.0000000Z;5.4386;5.4462;2500;2500
2026-06-08T09:20:02.0000000Z;5.4386;5.4462;2500;2500
2026-06-08T09:20:02.0000000Z;5.4386;5.4462;2500;2500
2026-06-08T09:24:29.0000000Z;5.4254;5.4592;1844;1832
2026-06-08T09:24:30.0000000Z;5.4358;5.449;2500;2500
2026-06-08T09:24:31.0000000Z;5.4366;5.4482;3189;3616
2026-06-08T09:24:32.0000000Z;5.4384;5.4464;2500;2500
2026-06-08T09:25:02.0000000Z;5.4386;5.4462;2500;2500
2026-06-08T09:25:02.0000000Z;5.4386;5.4462;2500;2500
2026-06-08T09:25:02.0000000Z;5.4386;5.4462;2500;2500
2026-06-08T09:25:02.0000000Z;5.4386;5.4462;2500;2500
2026-06-08T09:37:12.0000000Z;5.4372;5.4476;2500;2500
2026-06-08T09:37:19.0000000Z;5.4374;5.4476;3189;4783
2026-06-08T09:37:33.0000000Z;5.4378;5.4474;2500;2500
2026-06-08T09:37:33.0000000Z;5.4378;5.4474;2500;2500
2026-06-08T09:44:44.0000000Z;5.4386;5.4462;2500;2500
2026-06-08T09:44:44.0000000Z;5.4386;5.4462;2500;2500
2026-06-08T09:44:44.0000000Z;5.4386;5.4462;2500;2500
2026-06-08T09:44:44.0000000Z;5.4386;5.4462;2500;2500
2026-06-08T09:44:44.0000000Z;5.4386;5.4462;2500;2500
2026-06-08T10:02:00.0000000Z;5.4386;5.4474;2500;2500
2026-06-08T10:02:03.0000000Z;5.4386;5.4462;2500;2500
2026-06-08T10:02:03.0000000Z;5.4386;5.4462;2500;2500
2026-06-08T10:02:03.0000000Z;5.4386;5.4462;2500;2500
2026-06-08T10:02:03.0000000Z;5.4386;5.4462;2500;2500
2026-06-08T10:02:03.0000000Z;5.4386;5.4462;2500;2500
2026-06-08T10:02:03.0000000Z;5.4386;5.4462;2500;2500
2026-06-08T10:29:17.0000000Z;5.4386;5.4474;2500;2500
2026-06-08T10:29:20.0000000Z;5.4386;5.4462;2500;2500
2026-06-08T10:30:00.0000000Z;5.438;5.4474;2500;2500
2026-06-08T10:30:02.0000000Z;5.4386;5.4462;2500;2500
2026-06-08T10:30:02.0000000Z;5.4386;5.4462;2500;2500
2026-06-08T10:34:36.0000000Z;5.4386;5.4676;2500;2500
2026-06-08T10:34:37.0000000Z;5.4386;5.4674;2500;31189
2026-06-08T10:34:39.0000000Z;5.4386;5.467;2500;31189
2026-06-08T10:34:44.0000000Z;5.4386;5.4666;2500;31189
2026-06-08T10:34:46.0000000Z;5.4386;5.466;2500;45189
2026-06-08T10:34:48.0000000Z;5.4386;5.4656;2500;65883
2026-06-08T10:34:49.0000000Z;5.4386;5.4652;2500;2500
2026-06-08T10:34:52.0000000Z;5.4386;5.4654;2500;31189
2026-06-08T10:34:54.0000000Z;5.4386;5.4638;2500;3189
2026-06-08T10:34:57.0000000Z;5.4386;5.4638;2500;31189
2026-06-08T10:34:59.0000000Z;5.4386;5.4632;2500;2500
2026-06-08T10:35:08.0000000Z;5.4386;5.4628;2500;4783
2026-06-08T10:35:09.0000000Z;5.4386;5.4626;2500;3189
2026-06-08T10:35:11.0000000Z;5.438;5.4608;2500;2500
2026-06-08T10:35:13.0000000Z;5.438;5.4594;2500;3616
2026-06-08T10:35:15.0000000Z;5.438;5.459;2500;3616
2026-06-08T10:35:17.0000000Z;5.438;5.4588;2500;2500
2026-06-08T10:35:19.0000000Z;5.438;5.4586;2500;3616
2026-06-08T10:35:24.0000000Z;5.438;5.4582;2500;2500
2026-06-08T10:35:25.0000000Z;5.438;5.4582;2500;3616
2026-06-08T10:35:30.0000000Z;5.438;5.457;2500;3616
2026-06-08T10:35:34.0000000Z;5.438;5.456;2500;5851
2026-06-08T10:35:35.0000000Z;5.438;5.4544;2500;2500
2026-06-08T10:35:38.0000000Z;5.438;5.4544;2500;5851
2026-06-08T10:35:39.0000000Z;5.438;5.4542;2500;3616
2026-06-08T10:35:43.0000000Z;5.438;5.4526;2500;2500
2026-06-08T10:35:44.0000000Z;5.438;5.4526;2500;3616
2026-06-08T10:35:53.0000000Z;5.438;5.4518;2500;3616
2026-06-08T10:35:54.0000000Z;5.438;5.4516;2500;5851
2026-06-08T10:35:55.0000000Z;5.438;5.4514;2500;3616
2026-06-08T10:35:56.0000000Z;5.438;5.45;2500;2500
2026-06-08T10:36:00.0000000Z;5.438;5.4498;2500;3616
2026-06-08T10:36:04.0000000Z;5.438;5.4478;2500;3616
2026-06-08T10:36:05.0000000Z;5.438;5.4476;2500;2500
2026-06-08T10:36:07.0000000Z;5.438;5.4476;2500;5424
2026-06-08T10:36:34.0000000Z;5.438;5.4476;2500;2500
2026-06-08T10:36:36.0000000Z;5.438;5.4476;2500;4783
2026-06-08T10:36:37.0000000Z;5.438;5.4474;2500;2500
2026-06-08T10:37:40.0000000Z;5.438;5.4476;2500;5210
2026-06-08T10:38:45.0000000Z;5.438;5.4476;2500;4783
2026-06-08T10:38:54.0000000Z;5.438;5.4476;2500;2500
2026-06-08T10:39:20.0000000Z;5.438;5.4476;2500;5210
2026-06-08T10:39:20.0000000Z;5.438;5.4476;2500;5210
2026-06-08T10:43:10.0000000Z;5.438;5.4476;2500;4783
2026-06-08T10:43:40.0000000Z;5.438;5.4474;2500;2500
2026-06-08T10:45:29.0000000Z;5.4386;5.4462;2500;2500
2026-06-08T10:45:29.0000000Z;5.4386;5.4462;2500;2500
2026-06-08T10:45:29.0000000Z;5.4386;5.4462;2500;2500
2026-06-08T10:45:29.0000000Z;5.4386;5.4462;2500;2500
2026-06-08T11:00:07.0000000Z;5.4384;5.4464;2500;2500
2026-06-08T11:01:18.0000000Z;5.4386;5.4462;2500;2500
2026-06-08T11:01:18.0000000Z;5.4386;5.4462;2500;2500
2026-06-08T11:09:30.0000000Z;5.4384;5.4462;1449;427
2026-06-08T11:10:45.0000000Z;5.4384;5.4462;1449;427
2026-06-08T11:10:45.0000000Z;5.4384;5.4462;1449;427
2026-06-08T11:13:15.0000000Z;5.4286;5.4564;2500;2500
2026-06-08T11:13:16.0000000Z;5.4286;5.4564;2500;2500
2026-06-08T11:13:22.0000000Z;5.4288;5.4562;3189;3616
2026-06-08T11:13:24.0000000Z;5.4292;5.4558;3189;3616
2026-06-08T11:13:25.0000000Z;5.43;5.4554;2500;2500
2026-06-08T11:13:26.0000000Z;5.43;5.4554;3189;3616
2026-06-08T11:13:28.0000000Z;5.4304;5.455;3189;3616
2026-06-08T11:13:29.0000000Z;5.4306;5.4548;2500;2500
2026-06-08T11:13:33.0000000Z;5.4312;5.4542;2500;2500
2026-06-08T11:13:34.0000000Z;5.4312;5.4542;3189;3616
2026-06-08T11:13:38.0000000Z;5.4318;5.4536;2500;2500
2026-06-08T11:13:41.0000000Z;5.432;5.4534;3189;3616
2026-06-08T11:13:43.0000000Z;5.4324;5.453;3189;3616
2026-06-08T11:13:45.0000000Z;5.4332;5.4522;3189;3616
2026-06-08T11:13:47.0000000Z;5.4346;5.4512;4783;10634
2026-06-08T11:13:48.0000000Z;5.436;5.4498;3189;3616
2026-06-08T11:13:53.0000000Z;5.4362;5.4496;9566;10634
2026-06-08T11:13:54.0000000Z;5.4368;5.449;3189;3616
2026-06-08T11:13:56.0000000Z;5.4376;5.4482;3189;3616
2026-06-08T11:13:59.0000000Z;5.438;5.4474;2500;2500
2026-06-08T11:14:34.0000000Z;5.438;5.4476;2500;5210
2026-06-08T11:14:34.0000000Z;5.438;5.4476;2500;5210
2026-06-08T11:14:34.0000000Z;5.438;5.4476;2500;5210
2026-06-08T11:14:34.0000000Z;5.438;5.4476;2500;5210
2026-06-08T11:14:34.0000000Z;5.438;5.4476;2500;5210
2026-06-08T11:31:58.0000000Z;5.438;5.4496;2500;2500
2026-06-08T11:31:59.0000000Z;5.438;5.4556;2500;2500
2026-06-08T11:32:00.0000000Z;5.438;5.454;2500;2500
2026-06-08T11:32:01.0000000Z;5.438;5.4518;2500;2500
2026-06-08T11:32:02.0000000Z;5.438;5.4512;2500;2500
2026-06-08T11:32:03.0000000Z;5.438;5.4492;2500;2500
2026-06-08T11:32:04.0000000Z;5.438;5.4476;2500;2500
2026-06-08T11:32:05.0000000Z;5.438;5.4476;2500;5851
2026-06-08T11:32:08.0000000Z;5.438;5.4476;2500;10634
2026-06-08T11:32:09.0000000Z;5.438;5.4476;2500;5210
2026-06-08T11:32:34.0000000Z;5.438;5.4474;2500;2500
2026-06-08T11:33:26.0000000Z;5.4388;5.4462;2500;2500
2026-06-08T11:33:26.0000000Z;5.4388;5.4462;2500;2500
2026-06-08T11:33:26.0000000Z;5.4388;5.4462;2500;2500
2026-06-08T11:33:26.0000000Z;5.4388;5.4462;2500;2500
2026-06-08T11:33:26.0000000Z;5.4388;5.4462;2500;2500
2026-06-08T11:33:26.0000000Z;5.4388;5.4462;2500;2500
2026-06-08T12:00:00.0000000Z;5.4296;5.4462;2500;2500
2026-06-08T12:00:01.0000000Z;5.4354;5.4474;2500;2500
2026-06-08T12:00:02.0000000Z;5.4382;5.4464;2500;2500
2026-06-08T12:00:03.0000000Z;5.4384;5.4464;1449;2500
2026-06-08T12:00:33.0000000Z;5.4386;5.4462;2500;2500
2026-06-08T12:00:33.0000000Z;5.4386;5.4462;2500;2500
2026-06-08T12:02:54.0000000Z;5.4384;5.4462;1449;2500
2026-06-08T12:02:55.0000000Z;5.4348;5.4464;2500;2500
2026-06-08T12:02:57.0000000Z;5.4284;5.4474;3189;2500
2026-06-08T12:02:58.0000000Z;5.4298;5.4474;2500;2500
2026-06-08T12:02:59.0000000Z;5.4324;5.4474;2500;2500
2026-06-08T12:03:00.0000000Z;5.4324;5.4474;3189;2500
2026-06-08T12:03:02.0000000Z;5.4326;5.4474;4783;2500
2026-06-08T12:03:03.0000000Z;5.4344;5.4474;3189;2500
2026-06-08T12:03:05.0000000Z;5.4372;5.4474;3189;2500
2026-06-08T12:03:06.0000000Z;5.4378;5.4474;4783;2500
2026-06-08T12:03:36.0000000Z;5.438;5.4474;2500;2500
2026-06-08T12:03:36.0000000Z;5.438;5.4474;2500;2500
2026-06-08T12:08:28.0000000Z;5.4388;5.4462;2500;2500
2026-06-08T12:10:41.0000000Z;5.4386;5.4464;2500;2500
2026-06-08T12:10:41.0000000Z;5.4386;5.4464;2500;2500
2026-06-08T12:12:21.0000000Z;5.4388;5.4464;2500;2500
2026-06-08T12:15:00.0000000Z;5.4388;5.4462;2500;2500
2026-06-08T12:15:00.0000000Z;5.4388;5.4462;2500;2500
2026-06-08T12:15:00.0000000Z;5.4388;5.4462;2500;2500
2026-06-08T12:15:00.0000000Z;5.4388;5.4462;2500;2500
2026-06-08T12:29:00.0000000Z;5.4386;5.4464;1449;1449
2026-06-08T12:29:00.0000000Z;5.4386;5.4464;1449;1449
2026-06-08T12:35:00.0000000Z;5.4388;5.4462;2500;2500
2026-06-08T12:35:00.0000000Z;5.4388;5.4462;2500;2500
2026-06-08T12:40:01.0000000Z;5.4386;5.4462;1449;1831
2026-06-08T12:40:03.0000000Z;5.4388;5.4462;2500;2500
2026-06-08T12:40:04.0000000Z;5.4378;5.4466;2500;1393
2026-06-08T12:40:05.0000000Z;5.4386;5.4464;2500;2500
2026-06-08T12:40:37.0000000Z;5.4388;5.4462;2500;2500
2026-06-08T12:40:37.0000000Z;5.4388;5.4462;2500;2500
2026-06-08T12:42:37.0000000Z;5.4388;5.4464;2500;1449
2026-06-08T12:42:38.0000000Z;5.4388;5.4462;2500;2500
2026-06-08T12:42:43.0000000Z;5.4376;5.4474;2500;2500
2026-06-08T12:42:44.0000000Z;5.4384;5.4464;2500;2500
2026-06-08T12:42:45.0000000Z;5.4386;5.4464;1449;2500
2026-06-08T12:43:14.0000000Z;5.4388;5.4462;2500;2500
2026-06-08T12:43:25.0000000Z;5.4378;5.4474;2500;2500
2026-06-08T12:43:26.0000000Z;5.4378;5.4474;4783;2500
2026-06-08T12:43:56.0000000Z;5.438;5.4474;2500;2500
2026-06-08T12:44:38.0000000Z;5.4388;5.4462;2500;2500
2026-06-08T12:44:45.0000000Z;5.4388;5.4474;2500;2500
2026-06-08T12:44:49.0000000Z;5.4388;5.4464;2500;2500
2026-06-08T12:45:20.0000000Z;5.4388;5.4462;2500;2500
2026-06-08T12:45:20.0000000Z;5.4388;5.4462;2500;2500
2026-06-08T12:45:20.0000000Z;5.4388;5.4462;2500;2500
2026-06-08T12:45:20.0000000Z;5.4388;5.4462;2500;2500
2026-06-08T12:59:14.0000000Z;5.4388;5.4496;2500;2500
2026-06-08T12:59:15.0000000Z;5.4388;5.448;2500;2500
2026-06-08T12:59:16.0000000Z;5.4388;5.4476;2500;5851
2026-06-08T12:59:17.0000000Z;5.4388;5.4464;2500;2500
2026-06-08T12:59:17.0000000Z;5.4388;5.4464;2500;2500
2026-06-08T13:01:28.0000000Z;5.4388;5.4462;2500;2500
2026-06-08T13:01:28.0000000Z;5.4388;5.4462;2500;2500
2026-06-08T13:01:28.0000000Z;5.4388;5.4462;2500;2500
2026-06-08T13:01:28.0000000Z;5.4388;5.4462;2500;2500
2026-06-08T13:01:28.0000000Z;5.4388;5.4462;2500;2500
2026-06-08T13:01:28.0000000Z;5.4388;5.4462;2500;2500
2026-06-08T13:28:00.0000000Z;5.4384;5.4464;1449;2089
2026-06-08T13:28:00.0000000Z;5.4384;5.4464;1449;2089
2026-06-08T13:32:02.0000000Z;5.4388;5.4464;2500;2500
2026-06-08T13:33:46.0000000Z;5.4388;5.4462;2500;2500
2026-06-08T13:33:46.0000000Z;5.4388;5.4462;2500;2500
2026-06-08T13:38:00.0000000Z;5.4388;5.4464;2500;2500
2026-06-08T13:38:31.0000000Z;5.4388;5.4462;2500;2500
2026-06-08T13:38:31.0000000Z;5.4388;5.4462;2500;2500
2026-06-08T13:43:02.0000000Z;5.438;5.4474;2500;2500
2026-06-08T13:43:03.0000000Z;5.4384;5.4464;1449;1449
2026-06-08T13:43:04.0000000Z;5.4386;5.4462;2500;2500
2026-06-08T13:45:06.0000000Z;5.438;5.4474;2500;2500
2026-06-08T13:45:09.0000000Z;5.4388;5.4462;2500;2500
2026-06-08T13:45:09.0000000Z;5.4388;5.4462;2500;2500
2026-06-08T13:45:09.0000000Z;5.4388;5.4462;2500;2500
2026-06-08T13:45:09.0000000Z;5.4388;5.4462;2500;2500
2026-06-08T13:45:09.0000000Z;5.4388;5.4462;2500;2500
2026-06-08T13:45:09.0000000Z;5.4388;5.4462;2500;2500
2026-06-08T13:45:09.0000000Z;5.4388;5.4462;2500;2500
2026-06-08T13:45:09.0000000Z;5.4388;5.4462;2500;2500
2026-06-08T13:45:09.0000000Z;5.4388;5.4462;2500;2500
2026-06-08T13:45:09.0000000Z;5.4388;5.4462;2500;2500
2026-06-08T13:45:09.0000000Z;5.4388;5.4462;2500;2500
2026-06-08T13:45:09.0000000Z;5.4388;5.4462;2500;2500
2026-06-08T14:40:25.0000000Z;5.438;5.4474;2500;2500
2026-06-08T14:40:26.0000000Z;5.438;5.4468;2500;2500
2026-06-08T14:40:27.0000000Z;5.438;5.4466;2500;1393
2026-06-08T14:40:30.0000000Z;5.4386;5.4464;2500;2500
2026-06-08T14:41:00.0000000Z;5.4386;5.4462;2500;2500
2026-06-08T14:41:00.0000000Z;5.4386;5.4462;2500;2500
2026-06-08T14:41:00.0000000Z;5.4386;5.4462;2500;2500
