2026-06-08T07:56:01.0000000Z;23.895;23.93;1300;1300
2026-06-08T07:56:02.0000000Z;23.89;23.925;1300;1300
2026-06-08T07:56:04.0000000Z;23.89;23.93;1300;1300
2026-06-08T07:56:21.0000000Z;23.895;23.93;1400;1300
2026-06-08T07:56:22.0000000Z;23.895;23.93;1400;1300
2026-06-08T07:56:24.0000000Z;23.895;23.935;1400;1300
2026-06-08T07:56:37.0000000Z;23.895;23.935;1300;1300
2026-06-08T07:56:38.0000000Z;23.895;23.93;1300;1300
2026-06-08T07:56:40.0000000Z;23.9;23.93;1300;1300
2026-06-08T07:56:41.0000000Z;23.895;23.93;1300;1300
2026-06-08T07:56:42.0000000Z;23.895;23.93;1300;1300
2026-06-08T07:56:43.0000000Z;23.895;23.935;1300;1300
2026-06-08T07:56:50.0000000Z;23.895;23.93;1300;1300
2026-06-08T07:57:08.0000000Z;23.89;23.925;1400;1300
2026-06-08T07:57:09.0000000Z;23.895;23.93;1300;1300
2026-06-08T07:57:10.0000000Z;23.895;23.93;1300;1300
2026-06-08T07:57:12.0000000Z;23.89;23.93;1300;1300
2026-06-08T07:57:16.0000000Z;23.89;23.935;1300;1300
2026-06-08T07:57:18.0000000Z;23.89;23.93;1300;1300
2026-06-08T07:57:25.0000000Z;23.89;23.925;1300;1300
2026-06-08T07:57:26.0000000Z;23.89;23.93;1300;1300
2026-06-08T07:57:27.0000000Z;23.89;23.935;1300;1300
2026-06-08T07:57:28.0000000Z;23.89;23.93;1300;1300
2026-06-08T07:57:30.0000000Z;23.89;23.925;1300;1300
2026-06-08T07:57:31.0000000Z;23.895;23.935;1300;1400
2026-06-08T07:57:32.0000000Z;23.89;23.94;1300;1300
2026-06-08T07:57:33.0000000Z;23.89;23.94;1300;1300
2026-06-08T07:57:34.0000000Z;23.895;23.925;1300;1400
2026-06-08T07:57:35.0000000Z;23.895;23.935;1300;1400
2026-06-08T07:57:36.0000000Z;23.89;23.94;1300;1300
2026-06-08T07:57:37.0000000Z;23.89;23.94;1300;1300
2026-06-08T07:57:38.0000000Z;23.885;23.925;1300;1300
2026-06-08T07:57:49.0000000Z;23.885;23.92;1400;1300
2026-06-08T07:57:50.0000000Z;23.89;23.94;1300;1300
2026-06-08T07:57:52.0000000Z;23.89;23.93;1300;1300
2026-06-08T07:58:01.0000000Z;23.89;23.93;1400;1300
2026-06-08T07:58:13.0000000Z;23.89;23.93;1300;1300
2026-06-08T07:58:14.0000000Z;23.895;23.935;1300;1300
2026-06-08T07:58:16.0000000Z;23.9;23.935;1300;1300
2026-06-08T07:58:17.0000000Z;23.895;23.935;1300;1300
2026-06-08T07:58:31.0000000Z;23.9;23.935;1300;1400
2026-06-08T07:58:32.0000000Z;23.9;23.935;1300;1300
2026-06-08T07:59:31.0000000Z;23.895;23.935;1300;1300
2026-06-08T07:59:43.0000000Z;23.895;23.935;1300;1300
2026-06-08T07:59:49.0000000Z;23.89;23.93;1400;1300
2026-06-08T07:59:50.0000000Z;23.895;23.93;1300;1300
2026-06-08T07:59:51.0000000Z;23.885;23.94;1400;1400
2026-06-08T07:59:53.0000000Z;23.875;23.96;1400;1400
2026-06-08T08:00:04.0000000Z;23.88;23.945;1300;1300
2026-06-08T08:00:06.0000000Z;23.89;23.96;1300;1400
2026-06-08T08:00:07.0000000Z;23.895;23.93;1300;1300
2026-06-08T08:00:09.0000000Z;23.895;23.95;1300;1300
2026-06-08T08:00:12.0000000Z;23.9;23.965;1300;1400
2026-06-08T08:00:13.0000000Z;23.9;23.955;1300;1300
2026-06-08T08:00:14.0000000Z;23.895;23.95;1300;1300
2026-06-08T08:00:17.0000000Z;23.895;23.935;1300;1300
2026-06-08T08:00:27.0000000Z;23.9;23.935;1300;1300
2026-06-08T08:00:31.0000000Z;23.9;23.935;1300;1300
2026-06-08T08:00:32.0000000Z;23.895;23.93;1400;1300
2026-06-08T08:00:33.0000000Z;23.895;23.935;1300;1300
2026-06-08T08:00:35.0000000Z;23.9;23.935;1300;1300
2026-06-08T08:00:37.0000000Z;23.895;23.93;1400;1300
2026-06-08T08:00:38.0000000Z;23.9;23.935;1300;1300
2026-06-08T08:00:39.0000000Z;23.895;23.93;1400;1300
2026-06-08T08:00:40.0000000Z;23.9;23.935;1300;1300
2026-06-08T08:00:41.0000000Z;23.895;23.935;1300;1300
2026-06-08T08:00:44.0000000Z;23.895;23.93;1400;1300
2026-06-08T08:00:45.0000000Z;23.9;23.935;1300;1300
2026-06-08T08:01:03.0000000Z;23.895;23.935;1300;1300
2026-06-08T08:01:04.0000000Z;23.895;23.93;1400;1300
2026-06-08T08:01:05.0000000Z;23.9;23.935;1300;1300
2026-06-08T08:01:09.0000000Z;23.905;23.945;1300;1400
2026-06-08T08:01:10.0000000Z;23.9;23.94;1300;1300
2026-06-08T08:01:20.0000000Z;23.9;23.94;1300;1300
2026-06-08T08:01:22.0000000Z;23.9;23.935;1300;1300
2026-06-08T08:01:23.0000000Z;23.895;23.935;1300;1300
2026-06-08T08:01:25.0000000Z;23.895;23.93;1400;1300
2026-06-08T08:01:26.0000000Z;23.9;23.935;1300;1300
2026-06-08T08:01:27.0000000Z;23.9;23.94;1300;1300
2026-06-08T08:01:30.0000000Z;23.9;23.935;1300;1300
2026-06-08T08:01:31.0000000Z;23.895;23.935;1300;1300
2026-06-08T08:01:35.0000000Z;23.9;23.935;1300;1300
2026-06-08T08:01:37.0000000Z;23.9;23.935;1300;1300
2026-06-08T08:01:41.0000000Z;23.895;23.935;1300;1300
2026-06-08T08:01:42.0000000Z;23.895;23.93;1400;1300
2026-06-08T08:01:43.0000000Z;23.9;23.935;1300;1400
2026-06-08T08:01:44.0000000Z;23.9;23.935;1300;1400
2026-06-08T08:01:45.0000000Z;23.9;23.935;1300;1300
2026-06-08T08:02:23.0000000Z;23.9;23.935;1300;1300
2026-06-08T08:02:27.0000000Z;23.9;23.935;1400;1300
2026-06-08T08:02:28.0000000Z;23.9;23.935;1300;1300
2026-06-08T08:02:29.0000000Z;23.9;23.935;1400;1300
2026-06-08T08:02:31.0000000Z;23.895;23.935;1400;1300
2026-06-08T08:02:33.0000000Z;23.895;23.935;1300;1300
2026-06-08T08:02:49.0000000Z;23.895;23.935;1300;1300
2026-06-08T08:02:50.0000000Z;23.895;23.93;1300;1300
2026-06-08T08:02:51.0000000Z;23.89;23.925;1300;1300
2026-06-08T08:03:12.0000000Z;23.89;23.925;1300;1300
2026-06-08T08:03:14.0000000Z;23.885;23.925;1300;1300
2026-06-08T08:03:16.0000000Z;23.89;23.925;1300;1400
2026-06-08T08:03:17.0000000Z;23.89;23.925;1300;1300
2026-06-08T08:04:29.0000000Z;23.89;23.925;1300;1400
2026-06-08T08:04:30.0000000Z;23.885;23.925;1400;1300
2026-06-08T08:04:31.0000000Z;23.895;23.93;1300;1300
2026-06-08T08:04:32.0000000Z;23.895;23.935;1300;1300
2026-06-08T08:04:35.0000000Z;23.885;23.93;1400;1300
2026-06-08T08:04:36.0000000Z;23.9;23.935;1300;1300
2026-06-08T08:04:37.0000000Z;23.895;23.935;1300;1300
2026-06-08T08:04:38.0000000Z;23.895;23.945;1300;1300
2026-06-08T08:04:40.0000000Z;23.895;23.935;1300;1300
2026-06-08T08:04:44.0000000Z;23.89;23.93;1400;1300
2026-06-08T08:04:45.0000000Z;23.895;23.935;1300;1300
2026-06-08T08:04:47.0000000Z;23.9;23.94;1300;1400
2026-06-08T08:04:48.0000000Z;23.9;23.935;1300;1300
2026-06-08T08:04:50.0000000Z;23.9;23.94;1300;1300
2026-06-08T08:04:54.0000000Z;23.905;23.94;1300;1400
2026-06-08T08:04:56.0000000Z;23.905;23.945;1300;1400
2026-06-08T08:05:11.0000000Z;23.905;23.94;1300;1300
2026-06-08T08:05:13.0000000Z;23.905;23.94;1300;1300
2026-06-08T08:05:14.0000000Z;23.905;23.94;1300;1300
2026-06-08T08:05:20.0000000Z;23.9;23.94;1300;1300
2026-06-08T08:05:26.0000000Z;23.9;23.935;1300;1300
2026-06-08T08:05:29.0000000Z;23.9;23.935;1300;1300
2026-06-08T08:05:30.0000000Z;23.9;23.94;1300;1300
2026-06-08T08:05:32.0000000Z;23.89;23.935;1300;1300
2026-06-08T08:05:34.0000000Z;23.895;23.935;1400;1300
2026-06-08T08:05:35.0000000Z;23.9;23.935;1300;1300
2026-06-08T08:05:36.0000000Z;23.895;23.93;1400;1300
2026-06-08T08:05:37.0000000Z;23.895;23.935;1300;1300
2026-06-08T08:05:38.0000000Z;23.9;23.935;1300;1300
2026-06-08T08:05:40.0000000Z;23.9;23.94;1300;1300
2026-06-08T08:05:46.0000000Z;23.9;23.935;1300;1300
2026-06-08T08:05:48.0000000Z;23.9;23.935;1300;1300
2026-06-08T08:05:50.0000000Z;23.895;23.935;1400;1300
2026-06-08T08:05:51.0000000Z;23.9;23.935;1300;1300
2026-06-08T08:05:52.0000000Z;23.9;23.935;1300;1300
2026-06-08T08:05:53.0000000Z;23.895;23.93;1400;1300
2026-06-08T08:05:54.0000000Z;23.885;23.945;1400;1400
2026-06-08T08:05:56.0000000Z;23.885;23.96;1400;1400
2026-06-08T08:06:06.0000000Z;23.88;23.96;1400;1400
2026-06-08T08:06:08.0000000Z;23.875;23.96;1400;1400
2026-06-08T08:06:11.0000000Z;23.885;23.96;1400;1400
2026-06-08T08:06:12.0000000Z;23.89;23.96;1400;1400
2026-06-08T08:06:14.0000000Z;23.895;23.96;1400;1400
2026-06-08T08:06:18.0000000Z;23.9;23.96;1400;1400
2026-06-08T08:06:19.0000000Z;23.89;23.96;1300;1400
2026-06-08T08:06:21.0000000Z;23.89;23.96;1400;1400
2026-06-08T08:06:25.0000000Z;23.885;23.96;1400;1400
2026-06-08T08:06:47.0000000Z;23.885;23.965;1400;1400
2026-06-08T08:07:08.0000000Z;23.89;23.965;1400;1400
2026-06-08T08:07:14.0000000Z;23.905;23.945;1300;1300
2026-06-08T08:07:19.0000000Z;23.9;23.935;1300;1400
2026-06-08T08:07:20.0000000Z;23.89;23.93;1300;1400
2026-06-08T08:07:22.0000000Z;23.9;23.935;1300;1300
2026-06-08T08:07:24.0000000Z;23.875;23.93;1400;1400
2026-06-08T08:07:25.0000000Z;23.9;23.935;1300;1400
2026-06-08T08:07:26.0000000Z;23.895;23.935;1300;1400
2026-06-08T08:09:02.0000000Z;23.88;23.93;1300;1400
2026-06-08T08:09:03.0000000Z;23.88;23.93;1300;1300
2026-06-08T08:09:04.0000000Z;23.895;23.935;1300;1300
2026-06-08T08:09:25.0000000Z;23.9;23.94;1300;1400
2026-06-08T08:09:26.0000000Z;23.895;23.945;1300;1300
2026-06-08T08:09:28.0000000Z;23.895;23.935;1300;1300
2026-06-08T08:09:33.0000000Z;23.895;23.93;1300;1300
2026-06-08T08:09:34.0000000Z;23.89;23.93;1300;1300
2026-06-08T08:09:36.0000000Z;23.895;23.93;1300;1300
2026-06-08T08:09:37.0000000Z;23.89;23.93;1300;1300
2026-06-08T08:09:42.0000000Z;23.9;23.94;1300;1400
2026-06-08T08:09:43.0000000Z;23.895;23.93;1300;1300
2026-06-08T08:09:44.0000000Z;23.895;23.93;1300;1300
2026-06-08T08:09:46.0000000Z;23.89;23.93;1300;1300
2026-06-08T08:09:48.0000000Z;23.9;23.94;1300;1400
2026-06-08T08:09:49.0000000Z;23.895;23.93;1300;1300
2026-06-08T08:09:50.0000000Z;23.895;23.935;1300;1300
2026-06-08T08:09:54.0000000Z;23.895;23.93;1300;1300
2026-06-08T08:09:56.0000000Z;23.89;23.93;1300;1300
2026-06-08T08:09:59.0000000Z;23.895;23.935;1300;1300
2026-06-08T08:10:01.0000000Z;23.9;23.935;1300;1300
2026-06-08T08:10:02.0000000Z;23.895;23.93;1300;1300
2026-06-08T08:10:04.0000000Z;23.885;23.925;1400;1400
2026-06-08T08:10:05.0000000Z;23.89;23.93;1300;1400
2026-06-08T08:10:06.0000000Z;23.88;23.93;1300;1400
2026-06-08T08:10:07.0000000Z;23.875;23.94;1400;1300
2026-06-08T08:10:08.0000000Z;23.895;23.935;1300;1300
2026-06-08T08:10:12.0000000Z;23.9;23.935;1300;1300
2026-06-08T08:10:13.0000000Z;23.9;23.935;1300;1300
2026-06-08T08:10:15.0000000Z;23.9;23.935;1300;1300
2026-06-08T08:10:18.0000000Z;23.895;23.935;1300;1300
2026-06-08T08:10:20.0000000Z;23.89;23.93;1400;1300
2026-06-08T08:10:21.0000000Z;23.895;23.93;1300;1300
2026-06-08T08:10:22.0000000Z;23.885;23.925;1400;1300
2026-06-08T08:10:23.0000000Z;23.895;23.93;1300;1300
2026-06-08T08:10:24.0000000Z;23.88;23.925;1300;1300
2026-06-08T08:10:25.0000000Z;23.865;23.925;1400;1300
2026-06-08T08:10:26.0000000Z;23.895;23.93;1300;1300
2026-06-08T08:10:27.0000000Z;23.895;23.93;1300;1300
2026-06-08T08:10:31.0000000Z;23.875;23.925;1300;1300
2026-06-08T08:10:38.0000000Z;23.875;23.93;1300;1300
2026-06-08T08:10:39.0000000Z;23.87;23.925;1300;1300
2026-06-08T08:10:43.0000000Z;23.885;23.925;1300;1300
2026-06-08T08:10:51.0000000Z;23.89;23.925;1300;1300
2026-06-08T08:10:52.0000000Z;23.89;23.925;1300;1400
2026-06-08T08:10:53.0000000Z;23.89;23.925;1300;1300
2026-06-08T08:11:04.0000000Z;23.87;23.915;1400;1300
2026-06-08T08:11:05.0000000Z;23.89;23.925;1300;1300
2026-06-08T08:11:06.0000000Z;23.89;23.945;1300;1300
2026-06-08T08:11:07.0000000Z;23.89;23.945;1300;1300
2026-06-08T08:11:08.0000000Z;23.88;23.94;1400;1300
2026-06-08T08:11:09.0000000Z;23.89;23.945;1300;1300
2026-06-08T08:11:10.0000000Z;23.885;23.92;1400;1300
2026-06-08T08:11:11.0000000Z;23.89;23.925;1300;1300
2026-06-08T08:11:12.0000000Z;23.885;23.925;1300;1300
2026-06-08T08:11:15.0000000Z;23.89;23.925;1300;1300
2026-06-08T08:11:16.0000000Z;23.88;23.92;1400;1300
2026-06-08T08:11:17.0000000Z;23.88;23.925;1300;1300
2026-06-08T08:11:18.0000000Z;23.875;23.925;1300;1300
2026-06-08T08:11:19.0000000Z;23.885;23.925;1300;1300
2026-06-08T08:11:34.0000000Z;23.89;23.925;1300;1300
2026-06-08T08:11:36.0000000Z;23.885;23.92;1400;1300
2026-06-08T08:11:37.0000000Z;23.89;23.93;1300;1300
2026-06-08T08:11:41.0000000Z;23.89;23.93;1300;1300
2026-06-08T08:11:46.0000000Z;23.895;23.93;1300;1300
2026-06-08T08:11:47.0000000Z;23.9;23.94;1300;1300
2026-06-08T08:11:48.0000000Z;23.895;23.93;1300;1300
2026-06-08T08:11:49.0000000Z;23.895;23.93;1300;1300
2026-06-08T08:11:51.0000000Z;23.895;23.935;1300;1300
2026-06-08T08:11:52.0000000Z;23.895;23.93;1300;1300
2026-06-08T08:11:53.0000000Z;23.895;23.935;1300;1300
2026-06-08T08:11:55.0000000Z;23.895;23.925;1300;1300
2026-06-08T08:12:16.0000000Z;23.895;23.925;1300;1400
2026-06-08T08:12:17.0000000Z;23.895;23.93;1300;1300
2026-06-08T08:12:18.0000000Z;23.885;23.925;1400;1300
2026-06-08T08:12:19.0000000Z;23.885;23.93;1400;1300
2026-06-08T08:12:20.0000000Z;23.895;23.935;1300;1300
2026-06-08T08:12:21.0000000Z;23.9;23.935;1300;1300
2026-06-08T08:12:22.0000000Z;23.895;23.935;1300;1300
2026-06-08T08:12:24.0000000Z;23.9;23.935;1300;1300
2026-06-08T08:12:25.0000000Z;23.9;23.935;1300;1300
2026-06-08T08:12:27.0000000Z;23.9;23.94;1300;1300
2026-06-08T08:12:28.0000000Z;23.9;23.935;1300;1300
2026-06-08T08:12:29.0000000Z;23.895;23.935;1300;1300
2026-06-08T08:12:31.0000000Z;23.9;23.935;1300;1300
2026-06-08T08:12:32.0000000Z;23.88;23.925;1400;1300
2026-06-08T08:12:33.0000000Z;23.895;23.93;1300;1300
2026-06-08T08:12:34.0000000Z;23.9;23.94;1300;1300
2026-06-08T08:12:35.0000000Z;23.9;23.935;1300;1300
2026-06-08T08:12:36.0000000Z;23.9;23.94;1300;1300
2026-06-08T08:12:37.0000000Z;23.885;23.94;1400;1300
2026-06-08T08:12:38.0000000Z;23.9;23.945;1300;1300
2026-06-08T08:12:39.0000000Z;23.9;23.935;1300;1300
2026-06-08T08:12:42.0000000Z;23.9;23.935;1300;1300
2026-06-08T08:12:43.0000000Z;23.9;23.95;1300;1300
2026-06-08T08:12:45.0000000Z;23.9;23.935;1300;1300
2026-06-08T08:12:46.0000000Z;23.9;23.935;1300;1300
2026-06-08T08:12:47.0000000Z;23.895;23.935;1300;1300
2026-06-08T08:12:51.0000000Z;23.895;23.935;1300;1300
2026-06-08T08:12:54.0000000Z;23.9;23.935;1300;1300
2026-06-08T08:12:55.0000000Z;23.9;23.94;1300;1300
2026-06-08T08:13:01.0000000Z;23.9;23.935;1300;1300
2026-06-08T08:13:04.0000000Z;23.885;23.93;1400;1300
2026-06-08T08:13:05.0000000Z;23.875;23.935;1300;1300
2026-06-08T08:13:06.0000000Z;23.88;23.935;1300;1300
2026-06-08T08:13:07.0000000Z;23.9;23.935;1300;1300
2026-06-08T08:13:09.0000000Z;23.895;23.93;1300;1300
2026-06-08T08:13:10.0000000Z;23.9;23.935;1300;1300
2026-06-08T08:13:11.0000000Z;23.9;23.945;1300;1300
2026-06-08T08:13:13.0000000Z;23.9;23.94;1300;1300
2026-06-08T08:13:47.0000000Z;23.885;23.935;1400;1300
2026-06-08T08:13:48.0000000Z;23.9;23.935;1300;1300
2026-06-08T08:13:51.0000000Z;23.9;23.94;1300;1300
2026-06-08T08:14:07.0000000Z;23.885;23.935;1400;1300
2026-06-08T08:14:08.0000000Z;23.9;23.94;1300;1300
2026-06-08T08:14:09.0000000Z;23.9;23.935;1300;1300
2026-06-08T08:14:10.0000000Z;23.905;23.935;1300;1300
2026-06-08T08:14:11.0000000Z;23.905;23.94;1300;1300
2026-06-08T08:14:13.0000000Z;23.89;23.935;1400;1300
2026-06-08T08:14:14.0000000Z;23.905;23.94;1300;1300
2026-06-08T08:14:15.0000000Z;23.9;23.94;1300;1300
2026-06-08T08:14:21.0000000Z;23.885;23.935;1400;1300
2026-06-08T08:14:22.0000000Z;23.9;23.935;1300;1300
2026-06-08T08:14:23.0000000Z;23.9;23.94;1300;1300
2026-06-08T08:14:25.0000000Z;23.905;23.94;1300;1300
2026-06-08T08:14:30.0000000Z;23.905;23.94;1300;1300
2026-06-08T08:14:31.0000000Z;23.9;23.94;1300;1300
2026-06-08T08:14:32.0000000Z;23.905;23.94;1300;1300
2026-06-08T08:14:35.0000000Z;23.905;23.94;1300;1300
2026-06-08T08:14:37.0000000Z;23.9;23.94;1300;1300
2026-06-08T08:15:00.0000000Z;23.9;23.935;1300;1300
2026-06-08T08:15:03.0000000Z;23.9;23.94;1300;1300
2026-06-08T08:15:04.0000000Z;23.9;23.935;1300;1300
2026-06-08T08:15:07.0000000Z;23.9;23.94;1300;1300
2026-06-08T08:15:13.0000000Z;23.905;23.94;1300;1300
2026-06-08T08:15:14.0000000Z;23.9;23.94;1300;1300
2026-06-08T08:15:37.0000000Z;23.88;23.935;1300;1300
2026-06-08T08:15:39.0000000Z;23.895;23.935;1300;1300
2026-06-08T08:15:46.0000000Z;23.895;23.93;1300;1300
2026-06-08T08:15:48.0000000Z;23.89;23.925;1300;1300
2026-06-08T08:16:23.0000000Z;23.895;23.93;1300;1300
2026-06-08T08:16:24.0000000Z;23.9;23.94;1300;1300
2026-06-08T08:16:27.0000000Z;23.905;23.94;1300;1300
2026-06-08T08:16:29.0000000Z;23.9;23.94;1300;1300
2026-06-08T08:16:30.0000000Z;23.905;23.94;1300;1300
2026-06-08T08:16:31.0000000Z;23.88;23.935;1400;1300
2026-06-08T08:16:32.0000000Z;23.9;23.94;1300;1300
2026-06-08T08:16:35.0000000Z;23.88;23.935;1400;1300
2026-06-08T08:16:36.0000000Z;23.905;23.94;1300;1300
2026-06-08T08:16:38.0000000Z;23.9;23.94;1300;1300
2026-06-08T08:16:39.0000000Z;23.88;23.935;1400;1300
2026-06-08T08:16:40.0000000Z;23.9;23.94;1300;1300
2026-06-08T08:16:42.0000000Z;23.9;23.935;1300;1300
2026-06-08T08:16:44.0000000Z;23.895;23.935;1300;1300
2026-06-08T08:16:51.0000000Z;23.875;23.93;1400;1300
2026-06-08T08:16:52.0000000Z;23.9;23.935;1300;1300
2026-06-08T08:16:54.0000000Z;23.9;23.935;1300;1300
2026-06-08T08:16:55.0000000Z;23.9;23.935;1300;1300
2026-06-08T08:16:56.0000000Z;23.87;23.935;1300;1300
2026-06-08T08:16:58.0000000Z;23.895;23.935;1300;1300
2026-06-08T08:16:59.0000000Z;23.9;23.945;1300;1300
2026-06-08T08:17:00.0000000Z;23.9;23.935;1300;1300
2026-06-08T08:17:01.0000000Z;23.895;23.935;1300;1300
2026-06-08T08:17:02.0000000Z;23.9;23.95;1300;1300
2026-06-08T08:17:04.0000000Z;23.895;23.935;1300;1300
2026-06-08T08:17:09.0000000Z;23.9;23.94;1300;1400
2026-06-08T08:17:10.0000000Z;23.895;23.93;1300;1300
2026-06-08T08:17:14.0000000Z;23.89;23.925;1300;1300
2026-06-08T08:17:26.0000000Z;23.895;23.93;1300;1300
2026-06-08T08:17:28.0000000Z;23.9;23.94;1300;1300
2026-06-08T08:17:29.0000000Z;23.9;23.935;1300;1300
2026-06-08T08:17:30.0000000Z;23.88;23.93;1400;1300
2026-06-08T08:17:31.0000000Z;23.9;23.935;1300;1300
2026-06-08T08:17:34.0000000Z;23.9;23.94;1300;1300
2026-06-08T08:17:35.0000000Z;23.9;23.935;1300;1300
2026-06-08T08:17:36.0000000Z;23.875;23.93;1400;1300
2026-06-08T08:17:37.0000000Z;23.9;23.935;1300;1300
2026-06-08T08:17:38.0000000Z;23.9;23.935;1300;1300
2026-06-08T08:17:40.0000000Z;23.895;23.935;1300;1300
2026-06-08T08:17:56.0000000Z;23.9;23.935;1300;1300
2026-06-08T08:17:58.0000000Z;23.9;23.94;1300;1300
2026-06-08T08:18:46.0000000Z;23.875;23.94;1300;1300
2026-06-08T08:19:04.0000000Z;23.905;23.94;1300;1300
2026-06-08T08:19:07.0000000Z;23.88;23.935;1400;1300
2026-06-08T08:19:08.0000000Z;23.875;23.94;1300;1300
2026-06-08T08:19:10.0000000Z;23.905;23.94;1300;1300
2026-06-08T08:19:11.0000000Z;23.9;23.94;1300;1300
2026-06-08T08:19:34.0000000Z;23.9;23.935;1300;1300
2026-06-08T08:19:36.0000000Z;23.9;23.935;1300;1300
2026-06-08T08:19:38.0000000Z;23.9;23.94;1300;1300
2026-06-08T08:20:14.0000000Z;23.905;23.94;1300;1300
2026-06-08T08:20:16.0000000Z;23.88;23.935;1400;1300
2026-06-08T08:20:17.0000000Z;23.905;23.94;1300;1300
2026-06-08T08:20:18.0000000Z;23.9;23.94;1300;1300
2026-06-08T08:20:37.0000000Z;23.9;23.935;1300;1300
2026-06-08T08:20:38.0000000Z;23.895;23.935;1300;1300
2026-06-08T08:20:44.0000000Z;23.9;23.935;1300;1300
2026-06-08T08:20:46.0000000Z;23.88;23.935;1400;1300
2026-06-08T08:20:47.0000000Z;23.9;23.94;1300;1300
2026-06-08T08:20:53.0000000Z;23.88;23.93;1400;1300
2026-06-08T08:20:54.0000000Z;23.875;23.93;1400;1300
2026-06-08T08:20:55.0000000Z;23.9;23.935;1300;1300
2026-06-08T08:20:56.0000000Z;23.9;23.94;1300;1300
2026-06-08T08:20:57.0000000Z;23.9;23.935;1300;1300
2026-06-08T08:20:58.0000000Z;23.895;23.935;1300;1300
2026-06-08T08:21:06.0000000Z;23.9;23.935;1300;1300
2026-06-08T08:21:07.0000000Z;23.875;23.93;1400;1300
2026-06-08T08:21:08.0000000Z;23.9;23.94;1300;1300
2026-06-08T08:21:23.0000000Z;23.88;23.935;1400;1300
2026-06-08T08:21:24.0000000Z;23.9;23.935;1300;1300
2026-06-08T08:21:26.0000000Z;23.89;23.93;1300;1300
2026-06-08T08:21:45.0000000Z;23.895;23.93;1300;1300
2026-06-08T08:21:46.0000000Z;23.89;23.93;1300;1300
2026-06-08T08:21:52.0000000Z;23.895;23.93;1300;1300
2026-06-08T08:21:53.0000000Z;23.895;23.93;1300;1300
2026-06-08T08:21:54.0000000Z;23.89;23.93;1300;1300
2026-06-08T08:22:10.0000000Z;23.89;23.925;1300;1300
2026-06-08T08:22:11.0000000Z;23.865;23.925;1300;1300
2026-06-08T08:22:13.0000000Z;23.885;23.925;1300;1300
2026-06-08T08:22:15.0000000Z;23.87;23.92;1400;1300
2026-06-08T08:22:16.0000000Z;23.895;23.935;1300;1400
2026-06-08T08:22:17.0000000Z;23.89;23.945;1300;1300
2026-06-08T08:22:19.0000000Z;23.89;23.93;1300;1300
2026-06-08T08:22:46.0000000Z;23.895;23.93;1300;1300
2026-06-08T08:22:47.0000000Z;23.885;23.92;1400;1300
2026-06-08T08:22:48.0000000Z;23.89;23.925;1300;1300
2026-06-08T08:22:49.0000000Z;23.885;23.925;1300;1300
2026-06-08T08:22:50.0000000Z;23.89;23.93;1300;1300
2026-06-08T08:22:53.0000000Z;23.895;23.935;1300;1400
2026-06-08T08:22:55.0000000Z;23.895;23.93;1300;1300
2026-06-08T08:22:56.0000000Z;23.875;23.925;1400;1300
2026-06-08T08:22:57.0000000Z;23.89;23.93;1300;1300
2026-06-08T08:22:59.0000000Z;23.885;23.925;1300;1300
2026-06-08T08:23:00.0000000Z;23.865;23.94;1400;1300
2026-06-08T08:23:01.0000000Z;23.865;23.915;1400;1300
2026-06-08T08:23:02.0000000Z;23.885;23.92;1300;1300
2026-06-08T08:23:05.0000000Z;23.88;23.92;1300;1300
2026-06-08T08:23:14.0000000Z;23.885;23.935;1300;1300
2026-06-08T08:23:15.0000000Z;23.88;23.915;1300;1300
2026-06-08T08:23:16.0000000Z;23.885;23.935;1300;1300
2026-06-08T08:23:17.0000000Z;23.88;23.94;1300;1300
2026-06-08T08:23:18.0000000Z;23.88;23.94;1300;1300
2026-06-08T08:23:19.0000000Z;23.88;23.92;1300;1300
2026-06-08T08:23:22.0000000Z;23.88;23.915;1300;1300
2026-06-08T08:23:24.0000000Z;23.88;23.915;1300;1300
2026-06-08T08:23:25.0000000Z;23.875;23.915;1300;1300
2026-06-08T08:23:27.0000000Z;23.88;23.915;1300;1300
2026-06-08T08:23:28.0000000Z;23.875;23.91;1400;1300
2026-06-08T08:23:29.0000000Z;23.865;23.935;1400;1300
2026-06-08T08:23:30.0000000Z;23.87;23.915;1300;1300
2026-06-08T08:23:31.0000000Z;23.88;23.915;1300;1300
2026-06-08T08:23:32.0000000Z;23.88;23.92;1300;1300
2026-06-08T08:23:33.0000000Z;23.88;23.94;1300;1300
2026-06-08T08:23:34.0000000Z;23.885;23.96;1300;1300
2026-06-08T08:23:35.0000000Z;23.88;23.915;1300;1300
2026-06-08T08:23:36.0000000Z;23.875;23.915;1300;1300
2026-06-08T08:23:40.0000000Z;23.855;23.91;1400;1300
2026-06-08T08:23:41.0000000Z;23.875;23.915;1300;1300
2026-06-08T08:23:43.0000000Z;23.875;23.915;1300;1300
2026-06-08T08:23:44.0000000Z;23.855;23.91;1400;1300
2026-06-08T08:23:45.0000000Z;23.88;23.915;1300;1300
2026-06-08T08:23:46.0000000Z;23.885;23.93;1300;1300
2026-06-08T08:23:47.0000000Z;23.88;23.915;1300;1300
2026-06-08T08:23:48.0000000Z;23.88;23.915;1300;1300
2026-06-08T08:23:49.0000000Z;23.88;23.92;1300;1300
2026-06-08T08:23:53.0000000Z;23.88;23.92;1300;1300
2026-06-08T08:23:57.0000000Z;23.86;23.915;1400;1300
2026-06-08T08:23:58.0000000Z;23.86;23.915;1400;1300
2026-06-08T08:23:59.0000000Z;23.88;23.92;1300;1300
2026-06-08T08:24:00.0000000Z;23.885;23.925;1300;1300
2026-06-08T08:24:04.0000000Z;23.885;23.92;1300;1300
2026-06-08T08:24:05.0000000Z;23.885;23.92;1300;1300
2026-06-08T08:24:06.0000000Z;23.88;23.92;1300;1300
2026-06-08T08:24:07.0000000Z;23.88;23.935;1300;1300
2026-06-08T08:24:08.0000000Z;23.855;23.915;1400;1300
2026-06-08T08:24:09.0000000Z;23.885;23.92;1300;1300
2026-06-08T08:24:10.0000000Z;23.89;23.935;1300;1300
2026-06-08T08:24:11.0000000Z;23.885;23.92;1300;1300
2026-06-08T08:24:12.0000000Z;23.87;23.915;1400;1300
2026-06-08T08:24:13.0000000Z;23.885;23.94;1300;1300
2026-06-08T08:24:14.0000000Z;23.885;23.94;1300;1300
2026-06-08T08:24:15.0000000Z;23.885;23.925;1300;1300
2026-06-08T08:24:18.0000000Z;23.89;23.925;1300;1300
2026-06-08T08:24:19.0000000Z;23.89;23.94;1300;1300
2026-06-08T08:24:21.0000000Z;23.89;23.93;1300;1300
2026-06-08T08:24:22.0000000Z;23.875;23.925;1400;1300
2026-06-08T08:24:23.0000000Z;23.865;23.925;1300;1300
2026-06-08T08:24:24.0000000Z;23.87;23.925;1300;1300
2026-06-08T08:24:25.0000000Z;23.89;23.925;1300;1300
2026-06-08T08:24:27.0000000Z;23.88;23.92;1400;1300
2026-06-08T08:24:28.0000000Z;23.89;23.925;1300;1300
2026-06-08T08:24:30.0000000Z;23.885;23.925;1300;1300
2026-06-08T08:24:33.0000000Z;23.875;23.915;1400;1300
2026-06-08T08:24:34.0000000Z;23.885;23.92;1300;1300
2026-06-08T08:24:35.0000000Z;23.88;23.92;1300;1300
2026-06-08T08:24:36.0000000Z;23.88;23.92;1300;1300
2026-06-08T08:24:47.0000000Z;23.885;23.92;1300;1300
2026-06-08T08:24:48.0000000Z;23.875;23.915;1400;1300
2026-06-08T08:24:49.0000000Z;23.88;23.92;1300;1300
2026-06-08T08:24:52.0000000Z;23.885;23.92;1300;1300
2026-06-08T08:24:53.0000000Z;23.88;23.92;1300;1300
2026-06-08T08:24:54.0000000Z;23.885;23.92;1300;1300
2026-06-08T08:24:56.0000000Z;23.88;23.92;1300;1300
2026-06-08T08:25:00.0000000Z;23.885;23.92;1300;1300
2026-06-08T08:25:01.0000000Z;23.875;23.915;1400;1300
2026-06-08T08:25:02.0000000Z;23.885;23.92;1300;1300
2026-06-08T08:25:03.0000000Z;23.885;23.925;1300;1300
2026-06-08T08:25:04.0000000Z;23.885;23.92;1300;1300
2026-06-08T08:25:05.0000000Z;23.885;23.925;1300;1300
2026-06-08T08:25:21.0000000Z;23.88;23.92;1400;1300
2026-06-08T08:25:22.0000000Z;23.88;23.92;1400;1300
2026-06-08T08:25:23.0000000Z;23.89;23.925;1300;1300
2026-06-08T08:25:25.0000000Z;23.88;23.92;1400;1300
2026-06-08T08:25:26.0000000Z;23.89;23.925;1300;1300
2026-06-08T08:25:33.0000000Z;23.885;23.92;1400;1400
2026-06-08T08:25:34.0000000Z;23.89;23.925;1300;1300
2026-06-08T08:26:57.0000000Z;23.885;23.925;1300;1300
2026-06-08T08:26:58.0000000Z;23.89;23.925;1300;1300
2026-06-08T08:26:59.0000000Z;23.885;23.92;1400;1300
2026-06-08T08:27:00.0000000Z;23.885;23.92;1400;1300
2026-06-08T08:27:01.0000000Z;23.885;23.92;1300;1300
2026-06-08T08:27:03.0000000Z;23.895;23.93;1300;1400
2026-06-08T08:27:04.0000000Z;23.89;23.925;1300;1300
2026-06-08T08:27:19.0000000Z;23.885;23.92;1400;1300
2026-06-08T08:27:20.0000000Z;23.89;23.925;1300;1300
2026-06-08T08:27:27.0000000Z;23.89;23.925;1300;1300
2026-06-08T08:27:40.0000000Z;23.89;23.925;1300;1300
2026-06-08T08:27:42.0000000Z;23.89;23.925;1300;1300
2026-06-08T08:27:44.0000000Z;23.885;23.925;1300;1300
2026-06-08T08:27:49.0000000Z;23.885;23.92;1400;1300
2026-06-08T08:27:50.0000000Z;23.89;23.925;1300;1300
2026-06-08T08:27:52.0000000Z;23.885;23.925;1300;1300
2026-06-08T08:28:04.0000000Z;23.885;23.92;1300;1300
2026-06-08T08:28:05.0000000Z;23.885;23.925;1300;1300
2026-06-08T08:28:06.0000000Z;23.885;23.92;1300;1300
2026-06-08T08:28:40.0000000Z;23.885;23.925;1300;1300
2026-06-08T08:30:13.0000000Z;23.885;23.92;1300;1300
2026-06-08T08:30:14.0000000Z;23.885;23.925;1300;1300
2026-06-08T08:30:20.0000000Z;23.885;23.92;1400;1300
2026-06-08T08:30:21.0000000Z;23.885;23.925;1300;1300
2026-06-08T08:30:23.0000000Z;23.89;23.925;1300;1300
2026-06-08T08:30:24.0000000Z;23.885;23.92;1400;1300
2026-06-08T08:30:25.0000000Z;23.89;23.925;1300;1300
2026-06-08T08:30:26.0000000Z;23.89;23.925;1300;1300
2026-06-08T08:30:33.0000000Z;23.89;23.925;1300;1300
2026-06-08T08:30:34.0000000Z;23.885;23.925;1300;1300
2026-06-08T08:30:46.0000000Z;23.89;23.92;1300;1300
2026-06-08T08:30:48.0000000Z;23.89;23.925;1300;1300
2026-06-08T08:30:51.0000000Z;23.885;23.92;1400;1300
2026-06-08T08:30:52.0000000Z;23.88;23.925;1300;1300
2026-06-08T08:30:54.0000000Z;23.89;23.925;1300;1300
2026-06-08T08:30:55.0000000Z;23.89;23.925;1300;1300
2026-06-08T08:31:00.0000000Z;23.885;23.925;1300;1300
2026-06-08T08:31:01.0000000Z;23.88;23.92;1400;1300
2026-06-08T08:31:04.0000000Z;23.885;23.92;1300;1300
2026-06-08T08:31:05.0000000Z;23.885;23.92;1400;1300
2026-06-08T08:31:06.0000000Z;23.88;23.92;1400;1300
2026-06-08T08:31:07.0000000Z;23.88;23.915;1300;1300
2026-06-08T08:31:22.0000000Z;23.885;23.925;1300;1400
2026-06-08T08:31:23.0000000Z;23.885;23.92;1300;1300
2026-06-08T08:31:31.0000000Z;23.885;23.92;1300;1300
2026-06-08T08:31:36.0000000Z;23.885;23.92;1300;1400
2026-06-08T08:31:37.0000000Z;23.885;23.915;1400;1300
2026-06-08T08:31:38.0000000Z;23.885;23.925;1300;1300
2026-06-08T08:31:42.0000000Z;23.89;23.925;1300;1300
2026-06-08T08:32:00.0000000Z;23.885;23.92;1400;1300
2026-06-08T08:32:01.0000000Z;23.89;23.925;1300;1300
2026-06-08T08:32:02.0000000Z;23.885;23.92;1400;1400
2026-06-08T08:32:03.0000000Z;23.89;23.925;1300;1400
2026-06-08T08:32:07.0000000Z;23.885;23.92;1400;1300
2026-06-08T08:32:08.0000000Z;23.89;23.93;1300;1400
2026-06-08T08:32:09.0000000Z;23.89;23.94;1300;1300
2026-06-08T08:32:11.0000000Z;23.89;23.925;1300;1300
2026-06-08T08:32:12.0000000Z;23.89;23.925;1300;1400
2026-06-08T08:32:13.0000000Z;23.895;23.935;1300;1400
2026-06-08T08:32:15.0000000Z;23.89;23.93;1300;1400
2026-06-08T08:32:22.0000000Z;23.89;23.925;1300;1300
2026-06-08T08:32:23.0000000Z;23.89;23.925;1300;1300
2026-06-08T08:32:30.0000000Z;23.885;23.92;1400;1300
2026-06-08T08:32:31.0000000Z;23.885;23.92;1400;1300
2026-06-08T08:32:32.0000000Z;23.895;23.93;1300;1400
2026-06-08T08:32:33.0000000Z;23.89;23.925;1300;1300
2026-06-08T08:32:42.0000000Z;23.89;23.925;1300;1300
2026-06-08T08:32:43.0000000Z;23.88;23.925;1300;1300
2026-06-08T08:32:45.0000000Z;23.89;23.925;1300;1300
2026-06-08T08:32:47.0000000Z;23.89;23.925;1300;1300
2026-06-08T08:32:55.0000000Z;23.89;23.925;1300;1300
2026-06-08T08:32:56.0000000Z;23.89;23.925;1300;1300
2026-06-08T08:33:07.0000000Z;23.89;23.925;1300;1300
2026-06-08T08:33:18.0000000Z;23.89;23.925;1300;1300
2026-06-08T08:33:19.0000000Z;23.89;23.925;1300;1300
2026-06-08T08:33:20.0000000Z;23.885;23.92;1400;1300
2026-06-08T08:33:21.0000000Z;23.88;23.925;1300;1300
2026-06-08T08:33:23.0000000Z;23.89;23.925;1300;1300
2026-06-08T08:33:25.0000000Z;23.89;23.925;1300;1300
2026-06-08T08:34:33.0000000Z;23.895;23.935;1300;1400
2026-06-08T08:34:34.0000000Z;23.885;23.92;1400;1300
2026-06-08T08:34:35.0000000Z;23.88;23.925;1300;1300
2026-06-08T08:34:37.0000000Z;23.885;23.925;1300;1300
2026-06-08T08:34:52.0000000Z;23.885;23.92;1400;1300
2026-06-08T08:34:53.0000000Z;23.89;23.925;1300;1300
2026-06-08T08:34:54.0000000Z;23.885;23.92;1400;1300
2026-06-08T08:34:55.0000000Z;23.89;23.93;1300;1300
2026-06-08T08:35:00.0000000Z;23.89;23.925;1300;1300
2026-06-08T08:35:01.0000000Z;23.89;23.94;1300;1300
2026-06-08T08:35:03.0000000Z;23.89;23.93;1300;1300
2026-06-08T08:35:08.0000000Z;23.895;23.935;1300;1400
2026-06-08T08:35:09.0000000Z;23.89;23.94;1300;1300
2026-06-08T08:35:11.0000000Z;23.895;23.94;1300;1400
2026-06-08T08:35:12.0000000Z;23.89;23.93;1300;1300
2026-06-08T08:35:13.0000000Z;23.89;23.925;1300;1300
2026-06-08T08:35:14.0000000Z;23.89;23.925;1300;1300
2026-06-08T08:35:15.0000000Z;23.89;23.925;1300;1300
2026-06-08T08:35:16.0000000Z;23.885;23.92;1400;1300
2026-06-08T08:35:17.0000000Z;23.885;23.94;1300;1400
2026-06-08T08:35:18.0000000Z;23.88;23.925;1300;1300
2026-06-08T08:35:19.0000000Z;23.89;23.93;1300;1300
2026-06-08T08:35:26.0000000Z;23.89;23.925;1300;1300
2026-06-08T08:35:28.0000000Z;23.89;23.925;1300;1300
2026-06-08T08:35:29.0000000Z;23.895;23.94;1300;1400
2026-06-08T08:35:30.0000000Z;23.895;23.94;1300;1400
2026-06-08T08:35:31.0000000Z;23.89;23.945;1300;1300
2026-06-08T08:35:33.0000000Z;23.895;23.93;1300;1300
2026-06-08T08:35:34.0000000Z;23.89;23.93;1300;1300
2026-06-08T08:35:37.0000000Z;23.89;23.925;1300;1300
2026-06-08T08:35:38.0000000Z;23.89;23.925;1300;1300
2026-06-08T08:35:41.0000000Z;23.89;23.93;1300;1300
2026-06-08T08:35:42.0000000Z;23.89;23.925;1300;1300
2026-06-08T08:35:43.0000000Z;23.885;23.925;1300;1300
2026-06-08T08:35:47.0000000Z;23.89;23.925;1300;1300
2026-06-08T08:35:49.0000000Z;23.89;23.93;1300;1300
2026-06-08T08:35:51.0000000Z;23.885;23.92;1400;1300
2026-06-08T08:35:52.0000000Z;23.885;23.92;1400;1300
2026-06-08T08:35:53.0000000Z;23.89;23.925;1300;1300
2026-06-08T08:35:54.0000000Z;23.89;23.925;1300;1300
2026-06-08T08:35:55.0000000Z;23.885;23.92;1400;1300
2026-06-08T08:35:56.0000000Z;23.89;23.925;1300;1300
2026-06-08T08:35:59.0000000Z;23.89;23.93;1300;1300
2026-06-08T08:36:01.0000000Z;23.89;23.925;1300;1300
2026-06-08T08:36:02.0000000Z;23.88;23.925;1300;1300
2026-06-08T08:36:03.0000000Z;23.885;23.925;1300;1300
2026-06-08T08:36:10.0000000Z;23.885;23.92;1400;1300
2026-06-08T08:36:11.0000000Z;23.885;23.925;1300;1300
2026-06-08T08:36:28.0000000Z;23.885;23.925;1300;1300
2026-06-08T08:36:31.0000000Z;23.885;23.92;1300;1300
2026-06-08T08:36:41.0000000Z;23.88;23.92;1300;1300
2026-06-08T08:36:43.0000000Z;23.88;23.92;1300;1300
2026-06-08T08:36:44.0000000Z;23.88;23.915;1400;1300
2026-06-08T08:36:45.0000000Z;23.885;23.92;1300;1300
2026-06-08T08:36:58.0000000Z;23.875;23.92;1300;1300
2026-06-08T08:37:00.0000000Z;23.88;23.92;1300;1300
2026-06-08T08:37:01.0000000Z;23.88;23.915;1300;1300
2026-06-08T08:37:02.0000000Z;23.875;23.915;1300;1300
2026-06-08T08:37:03.0000000Z;23.875;23.91;1400;1300
2026-06-08T08:37:04.0000000Z;23.87;23.915;1400;1300
2026-06-08T08:37:06.0000000Z;23.875;23.91;1300;1300
2026-06-08T08:37:08.0000000Z;23.875;23.915;1300;1300
2026-06-08T08:37:09.0000000Z;23.875;23.91;1400;1300
2026-06-08T08:37:10.0000000Z;23.875;23.915;1300;1300
2026-06-08T08:37:11.0000000Z;23.875;23.91;1300;1300
2026-06-08T08:37:12.0000000Z;23.87;23.91;1400;1300
2026-06-08T08:37:25.0000000Z;23.875;23.91;1300;1300
2026-06-08T08:37:26.0000000Z;23.875;23.91;1300;1300
2026-06-08T08:37:27.0000000Z;23.87;23.91;1400;1300
2026-06-08T08:37:28.0000000Z;23.875;23.91;1300;1300
2026-06-08T08:38:00.0000000Z;23.875;23.91;1300;1300
2026-06-08T08:38:01.0000000Z;23.875;23.915;1300;1300
2026-06-08T08:38:07.0000000Z;23.875;23.91;1400;1300
2026-06-08T08:38:08.0000000Z;23.87;23.91;1400;1300
2026-06-08T08:38:12.0000000Z;23.875;23.91;1400;1300
2026-06-08T08:38:13.0000000Z;23.875;23.91;1300;1300
2026-06-08T08:38:14.0000000Z;23.875;23.915;1300;1300
2026-06-08T08:38:38.0000000Z;23.875;23.91;1400;1300
2026-06-08T08:38:40.0000000Z;23.87;23.91;1400;1300
2026-06-08T08:39:09.0000000Z;23.87;23.91;1400;1300
2026-06-08T08:39:10.0000000Z;23.875;23.91;1300;1300
2026-06-08T08:39:12.0000000Z;23.875;23.915;1300;1300
2026-06-08T08:39:13.0000000Z;23.875;23.915;1400;1300
2026-06-08T08:39:30.0000000Z;23.875;23.91;1400;1300
2026-06-08T08:39:31.0000000Z;23.875;23.91;1300;1300
2026-06-08T08:39:32.0000000Z;23.875;23.91;1300;1300
2026-06-08T08:39:34.0000000Z;23.88;23.91;1300;1300
2026-06-08T08:39:35.0000000Z;23.875;23.91;1300;1300
2026-06-08T08:39:37.0000000Z;23.88;23.91;1300;1300
2026-06-08T08:39:38.0000000Z;23.875;23.915;1300;1300
2026-06-08T08:39:39.0000000Z;23.875;23.91;1300;1300
2026-06-08T08:39:41.0000000Z;23.875;23.91;1300;1300
2026-06-08T08:39:42.0000000Z;23.875;23.915;1300;1300
2026-06-08T08:39:43.0000000Z;23.875;23.91;1300;1300
2026-06-08T08:39:45.0000000Z;23.88;23.91;1300;1300
2026-06-08T08:39:46.0000000Z;23.875;23.915;1300;1300
2026-06-08T08:39:48.0000000Z;23.875;23.91;1300;1300
2026-06-08T08:39:49.0000000Z;23.875;23.91;1400;1300
2026-06-08T08:39:50.0000000Z;23.87;23.91;1400;1300
2026-06-08T08:39:52.0000000Z;23.87;23.91;1400;1300
2026-06-08T08:39:54.0000000Z;23.875;23.915;1300;1300
2026-06-08T08:40:01.0000000Z;23.875;23.915;1400;1300
2026-06-08T08:40:08.0000000Z;23.875;23.915;1300;1300
2026-06-08T08:40:38.0000000Z;23.885;23.915;1300;1300
2026-06-08T08:40:51.0000000Z;23.885;23.91;1400;1300
2026-06-08T08:40:53.0000000Z;23.89;23.915;1300;1300
2026-06-08T08:40:54.0000000Z;23.885;23.915;1300;1300
2026-06-08T08:40:55.0000000Z;23.885;23.91;1400;1300
2026-06-08T08:41:02.0000000Z;23.885;23.915;1400;1300
2026-06-08T08:41:05.0000000Z;23.885;23.91;1400;1300
2026-06-08T08:42:00.0000000Z;23.885;23.91;1300;1300
2026-06-08T08:42:01.0000000Z;23.885;23.91;1400;1300
2026-06-08T08:42:03.0000000Z;23.885;23.915;1400;1300
2026-06-08T08:42:09.0000000Z;23.885;23.915;1300;1300
2026-06-08T08:42:15.0000000Z;23.885;23.91;1300;1300
2026-06-08T08:42:16.0000000Z;23.885;23.915;1400;1300
2026-06-08T08:42:17.0000000Z;23.885;23.91;1300;1300
2026-06-08T08:42:19.0000000Z;23.885;23.915;1300;1300
2026-06-08T08:42:28.0000000Z;23.885;23.91;1400;1300
2026-06-08T08:42:29.0000000Z;23.89;23.92;1300;1300
2026-06-08T08:42:31.0000000Z;23.885;23.915;1400;1300
2026-06-08T08:42:34.0000000Z;23.885;23.915;1400;1300
2026-06-08T08:42:37.0000000Z;23.885;23.915;1400;1300
2026-06-08T08:42:50.0000000Z;23.89;23.915;1300;1300
2026-06-08T08:42:51.0000000Z;23.895;23.93;1300;1400
2026-06-08T08:42:52.0000000Z;23.89;23.915;1300;1300
2026-06-08T08:42:53.0000000Z;23.885;23.915;1400;1300
2026-06-08T08:42:55.0000000Z;23.885;23.91;1400;1300
2026-06-08T08:42:56.0000000Z;23.885;23.915;1300;1300
2026-06-08T08:43:04.0000000Z;23.89;23.915;1300;1300
2026-06-08T08:43:05.0000000Z;23.89;23.92;1300;1300
2026-06-08T08:43:08.0000000Z;23.89;23.92;1400;1300
2026-06-08T08:43:36.0000000Z;23.89;23.92;1400;1300
2026-06-08T08:43:39.0000000Z;23.89;23.92;1300;1300
2026-06-08T08:43:40.0000000Z;23.89;23.92;1400;1300
2026-06-08T08:43:45.0000000Z;23.89;23.92;1300;1300
2026-06-08T08:43:59.0000000Z;23.885;23.915;1400;1300
2026-06-08T08:44:00.0000000Z;23.885;23.915;1400;1300
2026-06-08T08:44:01.0000000Z;23.89;23.92;1300;1300
2026-06-08T08:44:40.0000000Z;23.89;23.915;1400;1300
2026-06-08T08:44:41.0000000Z;23.89;23.915;1400;1300
2026-06-08T08:44:43.0000000Z;23.89;23.92;1400;1300
2026-06-08T08:44:56.0000000Z;23.885;23.91;1400;1300
2026-06-08T08:44:57.0000000Z;23.885;23.91;1300;1300
2026-06-08T08:44:58.0000000Z;23.885;23.91;1300;1300
2026-06-08T08:45:00.0000000Z;23.885;23.91;1400;1300
2026-06-08T08:45:19.0000000Z;23.885;23.915;1400;1300
2026-06-08T08:47:06.0000000Z;23.885;23.91;1300;1300
2026-06-08T08:47:09.0000000Z;23.885;23.91;1400;1300
2026-06-08T08:47:22.0000000Z;23.885;23.915;1400;1300
2026-06-08T08:47:26.0000000Z;23.885;23.91;1400;1300
2026-06-08T08:47:38.0000000Z;23.885;23.915;1400;1300
2026-06-08T08:47:40.0000000Z;23.885;23.915;1400;1300
2026-06-08T08:47:44.0000000Z;23.88;23.905;1400;1300
2026-06-08T08:47:45.0000000Z;23.885;23.91;1300;1300
2026-06-08T08:47:46.0000000Z;23.885;23.915;1300;1300
2026-06-08T08:47:47.0000000Z;23.885;23.91;1300;1300
2026-06-08T08:47:56.0000000Z;23.885;23.915;1300;1300
2026-06-08T08:48:02.0000000Z;23.88;23.905;1400;1300
2026-06-08T08:48:03.0000000Z;23.885;23.91;1300;1300
2026-06-08T08:48:07.0000000Z;23.88;23.905;1400;1300
2026-06-08T08:48:08.0000000Z;23.885;23.91;1400;1300
2026-06-08T08:48:14.0000000Z;23.885;23.915;1400;1300
2026-06-08T08:48:17.0000000Z;23.885;23.91;1400;1300
2026-06-08T08:48:26.0000000Z;23.885;23.915;1400;1300
2026-06-08T08:48:28.0000000Z;23.885;23.91;1400;1300
2026-06-08T08:48:50.0000000Z;23.885;23.915;1400;1300
2026-06-08T08:48:57.0000000Z;23.885;23.915;1300;1300
2026-06-08T08:48:59.0000000Z;23.88;23.91;1400;1300
2026-06-08T08:49:00.0000000Z;23.89;23.915;1300;1300
2026-06-08T08:49:06.0000000Z;23.89;23.92;1300;1300
2026-06-08T08:49:07.0000000Z;23.88;23.91;1400;1300
2026-06-08T08:49:08.0000000Z;23.89;23.92;1300;1400
2026-06-08T08:49:09.0000000Z;23.89;23.92;1300;1300
2026-06-08T08:49:20.0000000Z;23.885;23.915;1400;1300
2026-06-08T08:49:21.0000000Z;23.89;23.92;1300;1300
2026-06-08T08:49:23.0000000Z;23.89;23.92;1300;1300
2026-06-08T08:49:24.0000000Z;23.885;23.915;1400;1300
2026-06-08T08:49:25.0000000Z;23.89;23.92;1300;1300
2026-06-08T08:50:06.0000000Z;23.89;23.92;1400;1400
2026-06-08T08:50:07.0000000Z;23.89;23.925;1300;1400
2026-06-08T08:50:09.0000000Z;23.89;23.92;1300;1300
2026-06-08T08:51:01.0000000Z;23.89;23.92;1300;1300
2026-06-08T08:51:07.0000000Z;23.88;23.915;1400;1300
2026-06-08T08:51:08.0000000Z;23.89;23.92;1300;1300
2026-06-08T08:51:13.0000000Z;23.89;23.92;1300;1300
2026-06-08T08:51:18.0000000Z;23.89;23.92;1300;1300
2026-06-08T08:51:19.0000000Z;23.89;23.92;1300;1300
2026-06-08T08:51:23.0000000Z;23.89;23.92;1300;1300
2026-06-08T08:51:28.0000000Z;23.89;23.92;1300;1300
2026-06-08T08:51:59.0000000Z;23.88;23.915;1400;1300
2026-06-08T08:52:00.0000000Z;23.89;23.92;1300;1300
2026-06-08T08:52:03.0000000Z;23.88;23.915;1400;1300
2026-06-08T08:52:04.0000000Z;23.89;23.92;1300;1300
2026-06-08T08:52:28.0000000Z;23.88;23.915;1400;1300
2026-06-08T08:52:29.0000000Z;23.89;23.92;1300;1300
2026-06-08T08:52:30.0000000Z;23.88;23.915;1400;1300
2026-06-08T08:52:31.0000000Z;23.89;23.92;1300;1300
2026-06-08T08:52:35.0000000Z;23.88;23.915;1400;1300
2026-06-08T08:52:36.0000000Z;23.89;23.92;1300;1300
2026-06-08T08:52:37.0000000Z;23.88;23.915;1400;1300
2026-06-08T08:52:38.0000000Z;23.88;23.915;1400;1300
2026-06-08T08:52:39.0000000Z;23.89;23.92;1300;1300
2026-06-08T08:52:40.0000000Z;23.88;23.915;1400;1300
2026-06-08T08:52:41.0000000Z;23.89;23.92;1300;1300
2026-06-08T08:52:43.0000000Z;23.88;23.915;1400;1300
2026-06-08T08:52:44.0000000Z;23.89;23.92;1300;1300
2026-06-08T08:52:46.0000000Z;23.89;23.92;1300;1300
2026-06-08T08:53:14.0000000Z;23.89;23.92;1300;1400
2026-06-08T08:53:15.0000000Z;23.89;23.92;1300;1300
2026-06-08T08:53:31.0000000Z;23.89;23.92;1300;1300
2026-06-08T08:55:03.0000000Z;23.885;23.915;1400;1300
2026-06-08T08:55:04.0000000Z;23.89;23.925;1300;1300
2026-06-08T08:55:06.0000000Z;23.89;23.92;1300;1300
2026-06-08T08:56:36.0000000Z;23.89;23.925;1400;1400
2026-06-08T08:56:37.0000000Z;23.89;23.915;1400;1300
2026-06-08T08:56:38.0000000Z;23.895;23.925;1300;1300
2026-06-08T08:56:44.0000000Z;23.895;23.925;1300;1400
2026-06-08T08:56:45.0000000Z;23.895;23.925;1300;1300
2026-06-08T08:57:25.0000000Z;23.895;23.925;1300;1400
2026-06-08T08:57:26.0000000Z;23.895;23.93;1300;1400
2026-06-08T08:57:29.0000000Z;23.895;23.925;1300;1300
2026-06-08T08:57:31.0000000Z;23.89;23.92;1400;1400
2026-06-08T08:57:32.0000000Z;23.895;23.93;1300;1400
2026-06-08T08:57:49.0000000Z;23.895;23.925;1300;1300
2026-06-08T08:57:54.0000000Z;23.895;23.925;1300;1400
2026-06-08T08:57:55.0000000Z;23.895;23.925;1300;1400
2026-06-08T08:57:56.0000000Z;23.895;23.93;1300;1300
2026-06-08T08:59:49.0000000Z;23.89;23.925;1400;1300
2026-06-08T08:59:50.0000000Z;23.895;23.93;1300;1300
2026-06-08T09:00:01.0000000Z;23.895;23.93;1300;1300
2026-06-08T09:00:13.0000000Z;23.895;23.93;1300;1400
2026-06-08T09:00:15.0000000Z;23.895;23.93;1400;1400
2026-06-08T09:00:17.0000000Z;23.895;23.935;1400;1400
2026-06-08T09:00:18.0000000Z;23.9;23.935;1300;1400
2026-06-08T09:00:19.0000000Z;23.895;23.93;1300;1300
2026-06-08T09:01:42.0000000Z;23.895;23.93;1300;1400
2026-06-08T09:01:43.0000000Z;23.9;23.935;1300;1400
2026-06-08T09:01:44.0000000Z;23.9;23.935;1300;1300
2026-06-08T09:01:52.0000000Z;23.895;23.93;1400;1300
2026-06-08T09:01:53.0000000Z;23.9;23.935;1300;1300
2026-06-08T09:01:54.0000000Z;23.905;23.94;1300;1300
2026-06-08T09:01:56.0000000Z;23.905;23.94;1300;1300
2026-06-08T09:01:57.0000000Z;23.905;23.94;1300;1300
2026-06-08T09:01:58.0000000Z;23.9;23.94;1300;1300
2026-06-08T09:02:00.0000000Z;23.905;23.94;1300;1300
2026-06-08T09:02:02.0000000Z;23.9;23.94;1300;1300
2026-06-08T09:02:13.0000000Z;23.9;23.94;1400;1300
2026-06-08T09:02:15.0000000Z;23.905;23.94;1300;1300
2026-06-08T09:02:16.0000000Z;23.9;23.94;1400;1300
2026-06-08T09:02:19.0000000Z;23.9;23.94;1400;1300
2026-06-08T09:02:20.0000000Z;23.9;23.94;1400;1300
2026-06-08T09:02:27.0000000Z;23.905;23.94;1300;1300
2026-06-08T09:02:28.0000000Z;23.905;23.94;1400;1300
2026-06-08T09:02:29.0000000Z;23.905;23.94;1300;1300
2026-06-08T09:02:31.0000000Z;23.905;23.94;1400;1300
2026-06-08T09:02:34.0000000Z;23.9;23.94;1400;1300
2026-06-08T09:02:36.0000000Z;23.9;23.94;1400;1300
2026-06-08T09:02:37.0000000Z;23.905;23.94;1300;1300
2026-06-08T09:02:39.0000000Z;23.905;23.94;1400;1300
2026-06-08T09:02:41.0000000Z;23.905;23.94;1300;1300
2026-06-08T09:02:55.0000000Z;23.905;23.94;1400;1300
2026-06-08T09:02:56.0000000Z;23.905;23.94;1300;1300
2026-06-08T09:03:12.0000000Z;23.905;23.94;1300;1300
2026-06-08T09:03:19.0000000Z;23.905;23.94;1400;1300
2026-06-08T09:03:20.0000000Z;23.905;23.94;1300;1300
2026-06-08T09:03:26.0000000Z;23.905;23.945;1300;1300
2026-06-08T09:03:30.0000000Z;23.905;23.94;1300;1300
2026-06-08T09:03:31.0000000Z;23.905;23.945;1300;1300
2026-06-08T09:03:32.0000000Z;23.905;23.94;1300;1300
2026-06-08T09:03:33.0000000Z;23.905;23.94;1400;1300
2026-06-08T09:03:34.0000000Z;23.9;23.94;1400;1300
2026-06-08T09:03:35.0000000Z;23.9;23.94;1400;1300
2026-06-08T09:03:54.0000000Z;23.905;23.94;1400;1300
2026-06-08T09:03:55.0000000Z;23.905;23.94;1300;1300
2026-06-08T09:03:56.0000000Z;23.905;23.945;1300;1300
2026-06-08T09:04:57.0000000Z;23.905;23.94;1300;1300
2026-06-08T09:04:58.0000000Z;23.905;23.94;1400;1300
2026-06-08T09:04:59.0000000Z;23.905;23.94;1300;1300
2026-06-08T09:05:04.0000000Z;23.905;23.945;1300;1300
2026-06-08T09:05:08.0000000Z;23.905;23.94;1400;1300
2026-06-08T09:05:09.0000000Z;23.905;23.945;1300;1300
2026-06-08T09:05:22.0000000Z;23.905;23.94;1400;1300
2026-06-08T09:05:24.0000000Z;23.9;23.94;1400;1300
2026-06-08T09:06:21.0000000Z;23.895;23.935;1400;1300
2026-06-08T09:06:22.0000000Z;23.895;23.935;1300;1300
2026-06-08T09:06:24.0000000Z;23.895;23.965;1400;1400
2026-06-08T09:08:15.0000000Z;23.895;23.97;1400;1400
2026-06-08T09:09:42.0000000Z;23.9;23.97;1400;1400
2026-06-08T09:10:17.0000000Z;23.9;23.965;1400;1400
2026-06-08T09:10:18.0000000Z;23.9;23.955;1400;1400
2026-06-08T09:10:19.0000000Z;23.9;23.955;1400;1300
2026-06-08T09:10:21.0000000Z;23.9;23.94;1400;1300
2026-06-08T09:10:53.0000000Z;23.895;23.94;1400;1300
2026-06-08T09:10:54.0000000Z;23.9;23.94;1400;1300
2026-06-08T09:11:06.0000000Z;23.895;23.94;1400;1300
2026-06-08T09:11:07.0000000Z;23.895;23.93;1400;1300
2026-06-08T09:13:47.0000000Z;23.9;23.935;1400;1400
2026-06-08T09:13:48.0000000Z;23.9;23.95;1400;1400
2026-06-08T09:13:49.0000000Z;23.9;23.945;1400;1400
2026-06-08T09:13:50.0000000Z;23.895;23.94;1400;1300
2026-06-08T09:13:51.0000000Z;23.9;23.945;1400;1400
2026-06-08T09:13:52.0000000Z;23.895;23.94;1400;1300
2026-06-08T09:13:53.0000000Z;23.895;23.94;1400;1400
2026-06-08T09:13:54.0000000Z;23.895;23.94;1400;1300
2026-06-08T09:13:55.0000000Z;23.895;23.94;1400;1400
2026-06-08T09:13:56.0000000Z;23.895;23.94;1400;1300
2026-06-08T09:13:57.0000000Z;23.895;23.94;1400;1400
2026-06-08T09:13:58.0000000Z;23.895;23.94;1400;1300
2026-06-08T09:13:59.0000000Z;23.9;23.945;1400;1400
2026-06-08T09:14:00.0000000Z;23.9;23.95;1400;1400
2026-06-08T09:14:01.0000000Z;23.9;23.945;1400;1400
2026-06-08T09:14:02.0000000Z;23.895;23.94;1400;1300
2026-06-08T09:14:03.0000000Z;23.9;23.945;1400;1400
2026-06-08T09:14:04.0000000Z;23.895;23.945;1400;1300
2026-06-08T09:14:05.0000000Z;23.9;23.95;1400;1400
2026-06-08T09:14:06.0000000Z;23.895;23.94;1400;1300
2026-06-08T09:14:07.0000000Z;23.895;23.94;1400;1400
2026-06-08T09:14:08.0000000Z;23.895;23.945;1400;1300
2026-06-08T09:14:09.0000000Z;23.9;23.95;1400;1400
2026-06-08T09:14:10.0000000Z;23.895;23.94;1400;1300
2026-06-08T09:14:11.0000000Z;23.9;23.945;1400;1400
2026-06-08T09:14:12.0000000Z;23.895;23.94;1400;1300
2026-06-08T09:14:13.0000000Z;23.9;23.945;1400;1400
2026-06-08T09:14:14.0000000Z;23.9;23.95;1400;1400
2026-06-08T09:14:15.0000000Z;23.9;23.945;1400;1400
2026-06-08T09:14:16.0000000Z;23.9;23.95;1400;1400
2026-06-08T09:14:17.0000000Z;23.9;23.945;1400;1400
2026-06-08T09:14:18.0000000Z;23.895;23.94;1400;1300
2026-06-08T09:14:19.0000000Z;23.895;23.94;1400;1400
2026-06-08T09:14:20.0000000Z;23.895;23.94;1400;1300
2026-06-08T09:14:21.0000000Z;23.9;23.945;1400;1400
2026-06-08T09:14:22.0000000Z;23.895;23.94;1400;1300
2026-06-08T09:14:23.0000000Z;23.9;23.945;1400;1400
2026-06-08T09:14:24.0000000Z;23.895;23.94;1400;1300
2026-06-08T09:14:25.0000000Z;23.9;23.945;1400;1400
2026-06-08T09:14:26.0000000Z;23.9;23.95;1400;1400
2026-06-08T09:14:27.0000000Z;23.9;23.945;1400;1400
2026-06-08T09:14:28.0000000Z;23.895;23.94;1400;1300
2026-06-08T09:14:29.0000000Z;23.9;23.945;1400;1400
2026-06-08T09:14:30.0000000Z;23.9;23.95;1400;1400
2026-06-08T09:14:31.0000000Z;23.9;23.945;1400;1400
2026-06-08T09:14:32.0000000Z;23.895;23.94;1400;1300
2026-06-08T09:14:33.0000000Z;23.9;23.945;1400;1400
2026-06-08T09:14:34.0000000Z;23.9;23.95;1400;1400
2026-06-08T09:14:35.0000000Z;23.9;23.945;1400;1400
2026-06-08T09:14:36.0000000Z;23.895;23.94;1400;1300
2026-06-08T09:14:37.0000000Z;23.9;23.945;1400;1400
2026-06-08T09:14:38.0000000Z;23.9;23.95;1400;1400
2026-06-08T09:14:39.0000000Z;23.9;23.945;1400;1400
2026-06-08T09:14:40.0000000Z;23.895;23.94;1400;1300
2026-06-08T09:14:41.0000000Z;23.9;23.945;1400;1400
2026-06-08T09:14:42.0000000Z;23.9;23.95;1400;1400
2026-06-08T09:14:43.0000000Z;23.9;23.945;1400;1400
2026-06-08T09:14:44.0000000Z;23.895;23.94;1400;1300
2026-06-08T09:14:45.0000000Z;23.9;23.945;1400;1400
2026-06-08T09:14:46.0000000Z;23.895;23.94;1400;1300
2026-06-08T09:14:47.0000000Z;23.9;23.945;1400;1400
2026-06-08T09:14:48.0000000Z;23.895;23.94;1400;1300
2026-06-08T09:14:49.0000000Z;23.9;23.945;1400;1400
2026-06-08T09:14:50.0000000Z;23.895;23.94;1400;1300
2026-06-08T09:14:52.0000000Z;23.895;23.935;1400;1300
2026-06-08T09:16:05.0000000Z;23.89;23.935;1400;1300
2026-06-08T09:16:40.0000000Z;23.895;23.935;1400;1300
2026-06-08T09:17:02.0000000Z;23.9;23.935;1400;1300
2026-06-08T09:17:11.0000000Z;23.89;23.935;1400;1300
2026-06-08T09:18:01.0000000Z;23.89;23.95;1400;1400
2026-06-08T09:18:03.0000000Z;23.89;23.965;1400;1400
2026-06-08T09:18:28.0000000Z;23.905;23.975;1400;1400
2026-06-08T09:18:32.0000000Z;23.9;23.975;1400;1400
2026-06-08T09:18:34.0000000Z;23.9;23.97;1400;1400
2026-06-08T09:18:35.0000000Z;23.9;23.965;1400;1400
2026-06-08T09:19:00.0000000Z;23.9;23.96;1400;1400
2026-06-08T09:19:01.0000000Z;23.905;23.95;1400;1300
2026-06-08T09:20:18.0000000Z;23.905;23.955;1400;1300
2026-06-08T09:20:19.0000000Z;23.905;23.95;1400;1300
2026-06-08T09:20:20.0000000Z;23.905;23.955;1400;1300
2026-06-08T09:20:21.0000000Z;23.905;23.95;1400;1300
2026-06-08T09:20:55.0000000Z;23.9;23.95;1400;1300
2026-06-08T09:20:56.0000000Z;23.905;23.95;1400;1300
2026-06-08T09:21:21.0000000Z;23.905;23.95;1400;1400
2026-06-08T09:21:24.0000000Z;23.905;23.95;1400;1400
2026-06-08T09:21:25.0000000Z;23.905;23.95;1400;1300
2026-06-08T09:21:34.0000000Z;23.905;23.95;1400;1400
2026-06-08T09:21:51.0000000Z;23.905;23.97;1400;1400
2026-06-08T09:21:52.0000000Z;23.905;23.965;1400;1300
2026-06-08T09:21:53.0000000Z;23.905;23.96;1400;1300
2026-06-08T09:23:27.0000000Z;23.905;23.955;1400;1400
2026-06-08T09:23:28.0000000Z;23.905;23.95;1400;1300
2026-06-08T09:23:30.0000000Z;23.905;23.945;1400;1300
2026-06-08T09:23:59.0000000Z;23.905;23.955;1400;1400
2026-06-08T09:24:00.0000000Z;23.905;23.96;1400;1300
2026-06-08T09:24:08.0000000Z;23.905;23.955;1400;1400
2026-06-08T09:24:10.0000000Z;23.905;23.95;1400;1400
2026-06-08T09:28:29.0000000Z;23.905;23.94;1400;1300
2026-06-08T09:28:32.0000000Z;23.9;23.94;1400;1300
2026-06-08T09:28:33.0000000Z;23.9;23.95;1400;1300
2026-06-08T09:28:35.0000000Z;23.9;23.94;1400;1300
2026-06-08T09:29:20.0000000Z;23.9;23.945;1300;1400
2026-06-08T09:29:21.0000000Z;23.905;23.945;1300;1400
2026-06-08T09:29:23.0000000Z;23.9;23.945;1400;1400
2026-06-08T09:29:29.0000000Z;23.895;23.945;1400;1400
2026-06-08T09:29:45.0000000Z;23.895;23.95;1400;1400
2026-06-08T09:29:46.0000000Z;23.895;23.94;1400;1400
2026-06-08T09:29:58.0000000Z;23.895;23.945;1400;1400
2026-06-08T09:29:59.0000000Z;23.895;23.94;1400;1400
2026-06-08T09:30:04.0000000Z;23.895;23.95;1400;1400
2026-06-08T09:30:05.0000000Z;23.895;23.94;1400;1400
2026-06-08T09:30:06.0000000Z;23.895;23.95;1400;1400
2026-06-08T09:30:07.0000000Z;23.895;23.94;1400;1400
2026-06-08T09:30:08.0000000Z;23.895;23.95;1400;1400
2026-06-08T09:30:09.0000000Z;23.895;23.94;1400;1400
2026-06-08T09:30:11.0000000Z;23.895;23.95;1400;1400
2026-06-08T09:30:13.0000000Z;23.895;23.94;1400;1400
2026-06-08T09:30:16.0000000Z;23.895;23.95;1400;1400
2026-06-08T09:30:17.0000000Z;23.895;23.94;1400;1400
2026-06-08T09:30:20.0000000Z;23.895;23.945;1400;1400
2026-06-08T09:30:21.0000000Z;23.895;23.94;1400;1400
2026-06-08T09:32:36.0000000Z;23.895;23.935;1400;1300
2026-06-08T09:32:38.0000000Z;23.895;23.94;1400;1400
2026-06-08T09:32:39.0000000Z;23.895;23.935;1400;1300
2026-06-08T09:32:40.0000000Z;23.895;23.945;1400;1400
2026-06-08T09:32:42.0000000Z;23.895;23.94;1400;1400
2026-06-08T09:32:51.0000000Z;23.895;23.935;1400;1300
2026-06-08T09:32:53.0000000Z;23.895;23.935;1400;1400
2026-06-08T09:32:54.0000000Z;23.895;23.935;1400;1400
2026-06-08T09:32:56.0000000Z;23.895;23.94;1400;1400
2026-06-08T09:33:31.0000000Z;23.895;23.935;1400;1300
2026-06-08T09:33:40.0000000Z;23.895;23.945;1400;1400
2026-06-08T09:33:41.0000000Z;23.895;23.935;1400;1400
2026-06-08T09:33:42.0000000Z;23.895;23.945;1400;1400
2026-06-08T09:33:44.0000000Z;23.895;23.945;1400;1400
2026-06-08T09:33:46.0000000Z;23.895;23.945;1400;1400
2026-06-08T09:33:48.0000000Z;23.895;23.945;1400;1400
2026-06-08T09:33:50.0000000Z;23.895;23.935;1400;1400
2026-06-08T09:33:52.0000000Z;23.895;23.945;1400;1400
2026-06-08T09:33:54.0000000Z;23.895;23.945;1400;1400
2026-06-08T09:33:56.0000000Z;23.895;23.945;1400;1400
2026-06-08T09:33:58.0000000Z;23.895;23.945;1400;1400
2026-06-08T09:34:00.0000000Z;23.895;23.945;1400;1400
2026-06-08T09:34:02.0000000Z;23.895;23.945;1400;1400
2026-06-08T09:34:04.0000000Z;23.895;23.945;1400;1400
2026-06-08T09:34:06.0000000Z;23.895;23.945;1400;1300
2026-06-08T09:34:07.0000000Z;23.895;23.94;1400;1300
2026-06-08T09:34:08.0000000Z;23.895;23.935;1400;1300
2026-06-08T09:34:32.0000000Z;23.895;23.935;1400;1400
2026-06-08T09:34:33.0000000Z;23.895;23.935;1400;1400
2026-06-08T09:34:34.0000000Z;23.895;23.94;1400;1400
2026-06-08T09:34:40.0000000Z;23.895;23.935;1400;1300
2026-06-08T09:35:13.0000000Z;23.895;23.935;1400;1400
2026-06-08T09:35:43.0000000Z;23.89;23.935;1400;1400
2026-06-08T09:36:04.0000000Z;23.895;23.935;1400;1400
2026-06-08T09:36:05.0000000Z;23.89;23.93;1400;1300
2026-06-08T09:36:08.0000000Z;23.895;23.93;1400;1400
2026-06-08T09:36:09.0000000Z;23.89;23.93;1400;1300
2026-06-08T09:36:21.0000000Z;23.895;23.935;1400;1400
2026-06-08T09:36:22.0000000Z;23.89;23.93;1400;1400
2026-06-08T09:36:23.0000000Z;23.895;23.94;1400;1400
2026-06-08T09:36:24.0000000Z;23.895;23.94;1400;1400
2026-06-08T09:36:25.0000000Z;23.895;23.945;1400;1400
2026-06-08T09:36:26.0000000Z;23.89;23.94;1400;1400
2026-06-08T09:36:27.0000000Z;23.89;23.925;1400;1400
2026-06-08T09:36:30.0000000Z;23.89;23.925;1400;1400
2026-06-08T09:36:32.0000000Z;23.89;23.925;1400;1400
2026-06-08T09:36:33.0000000Z;23.895;23.925;1400;1400
2026-06-08T09:36:34.0000000Z;23.895;23.935;1400;1400
2026-06-08T09:36:35.0000000Z;23.895;23.93;1400;1400
2026-06-08T09:36:37.0000000Z;23.895;23.935;1400;1400
2026-06-08T09:36:41.0000000Z;23.895;23.945;1400;1400
2026-06-08T09:36:45.0000000Z;23.91;23.95;1400;1400
2026-06-08T09:36:47.0000000Z;23.915;23.97;1400;1400
2026-06-08T09:36:48.0000000Z;23.915;23.98;1400;1400
2026-06-08T09:36:49.0000000Z;23.905;23.975;1400;1400
2026-06-08T09:36:50.0000000Z;23.9;23.975;1400;1400
2026-06-08T09:36:53.0000000Z;23.9;23.98;1400;1400
2026-06-08T09:36:54.0000000Z;23.9;23.97;1400;1400
2026-06-08T09:36:55.0000000Z;23.905;23.97;1400;1400
2026-06-08T09:36:58.0000000Z;23.905;23.985;1400;1400
2026-06-08T09:37:01.0000000Z;23.905;23.98;1400;1400
2026-06-08T09:37:02.0000000Z;23.91;23.98;1400;1400
2026-06-08T09:37:07.0000000Z;23.91;23.985;1400;1400
2026-06-08T09:37:13.0000000Z;23.905;23.985;1400;1400
2026-06-08T09:37:15.0000000Z;23.9;23.985;1400;1400
2026-06-08T09:37:18.0000000Z;23.905;23.985;1400;1400
2026-06-08T09:37:21.0000000Z;23.905;23.985;1400;1300
2026-06-08T09:37:22.0000000Z;23.905;23.985;1400;1400
2026-06-08T09:37:29.0000000Z;23.91;23.985;1300;1400
2026-06-08T09:37:32.0000000Z;23.91;23.975;1300;1400
2026-06-08T09:37:33.0000000Z;23.905;23.975;1300;1300
2026-06-08T09:37:35.0000000Z;23.915;23.965;1300;1300
2026-06-08T09:37:39.0000000Z;23.905;23.96;1400;1300
2026-06-08T09:37:40.0000000Z;23.91;23.96;1400;1300
2026-06-08T09:37:42.0000000Z;23.91;23.955;1400;1300
2026-06-08T09:37:45.0000000Z;23.9;23.945;1400;1300
2026-06-08T09:37:50.0000000Z;23.905;23.945;1400;1300
2026-06-08T09:37:53.0000000Z;23.91;23.945;1400;1300
2026-06-08T09:38:03.0000000Z;23.91;23.95;1400;1400
2026-06-08T09:38:04.0000000Z;23.91;23.945;1400;1300
2026-06-08T09:38:05.0000000Z;23.905;23.945;1400;1300
2026-06-08T09:38:06.0000000Z;23.905;23.945;1400;1400
2026-06-08T09:38:10.0000000Z;23.905;23.945;1400;1300
2026-06-08T09:38:11.0000000Z;23.9;23.955;1400;1300
2026-06-08T09:38:12.0000000Z;23.9;23.945;1400;1300
2026-06-08T09:38:16.0000000Z;23.9;23.945;1400;1300
2026-06-08T09:38:19.0000000Z;23.9;23.95;1400;1400
2026-06-08T09:38:20.0000000Z;23.9;23.95;1400;1300
2026-06-08T09:38:21.0000000Z;23.905;23.955;1400;1300
2026-06-08T09:38:22.0000000Z;23.9;23.95;1400;1300
2026-06-08T09:38:23.0000000Z;23.9;23.95;1400;1300
2026-06-08T09:38:25.0000000Z;23.9;23.95;1400;1300
2026-06-08T09:38:27.0000000Z;23.895;23.95;1400;1300
2026-06-08T09:38:28.0000000Z;23.895;23.945;1400;1300
2026-06-08T09:38:36.0000000Z;23.895;23.935;1400;1300
2026-06-08T09:39:02.0000000Z;23.895;23.94;1400;1400
2026-06-08T09:39:03.0000000Z;23.895;23.935;1400;1300
2026-06-08T09:39:04.0000000Z;23.895;23.935;1400;1300
2026-06-08T09:39:06.0000000Z;23.895;23.94;1400;1400
2026-06-08T09:39:07.0000000Z;23.895;23.935;1400;1400
2026-06-08T09:39:11.0000000Z;23.9;23.94;1400;1300
2026-06-08T09:39:12.0000000Z;23.9;23.94;1400;1400
2026-06-08T09:39:23.0000000Z;23.905;23.945;1400;1400
2026-06-08T09:39:24.0000000Z;23.9;23.94;1400;1400
2026-06-08T09:39:38.0000000Z;23.9;23.94;1400;1300
2026-06-08T09:39:43.0000000Z;23.9;23.94;1400;1400
2026-06-08T09:40:00.0000000Z;23.9;23.94;1400;1300
2026-06-08T09:40:02.0000000Z;23.9;23.935;1400;1300
2026-06-08T09:40:10.0000000Z;23.9;23.94;1400;1400
2026-06-08T09:40:46.0000000Z;23.9;23.945;1400;1400
2026-06-08T09:40:50.0000000Z;23.9;23.94;1400;1400
2026-06-08T09:40:52.0000000Z;23.9;23.945;1400;1400
2026-06-08T09:42:24.0000000Z;23.9;23.94;1400;1400
2026-06-08T09:43:00.0000000Z;23.9;23.945;1400;1400
2026-06-08T09:43:24.0000000Z;23.905;23.945;1400;1400
2026-06-08T09:43:29.0000000Z;23.905;23.95;1400;1300
2026-06-08T09:43:30.0000000Z;23.905;23.95;1400;1400
2026-06-08T09:43:32.0000000Z;23.905;23.955;1400;1400
2026-06-08T09:43:34.0000000Z;23.905;23.965;1400;1400
2026-06-08T09:43:35.0000000Z;23.905;23.96;1400;1400
2026-06-08T09:43:36.0000000Z;23.905;23.955;1400;1400
2026-06-08T09:43:40.0000000Z;23.905;23.965;1400;1400
2026-06-08T09:43:42.0000000Z;23.905;23.96;1400;1400
2026-06-08T09:43:44.0000000Z;23.905;23.96;1400;1300
2026-06-08T09:43:46.0000000Z;23.91;23.96;1300;1400
2026-06-08T09:43:48.0000000Z;23.91;23.965;1400;1400
2026-06-08T09:43:49.0000000Z;23.91;23.96;1300;1400
2026-06-08T09:44:00.0000000Z;23.91;23.96;1400;1400
2026-06-08T09:44:07.0000000Z;23.91;23.96;1400;1400
2026-06-08T09:44:08.0000000Z;23.91;23.96;1400;1400
2026-06-08T09:44:09.0000000Z;23.91;23.965;1400;1400
2026-06-08T09:44:11.0000000Z;23.91;23.96;1400;1400
2026-06-08T09:44:12.0000000Z;23.91;23.965;1400;1400
2026-06-08T09:44:13.0000000Z;23.91;23.97;1400;1400
2026-06-08T09:44:14.0000000Z;23.91;23.965;1400;1400
2026-06-08T09:44:16.0000000Z;23.91;23.96;1400;1400
2026-06-08T09:44:17.0000000Z;23.91;23.96;1400;1400
2026-06-08T09:44:18.0000000Z;23.91;23.975;1400;1400
2026-06-08T09:44:19.0000000Z;23.91;23.97;1400;1400
2026-06-08T09:44:20.0000000Z;23.91;23.965;1400;1400
2026-06-08T09:45:03.0000000Z;23.91;23.96;1400;1400
2026-06-08T09:45:04.0000000Z;23.91;23.955;1400;1400
2026-06-08T09:45:05.0000000Z;23.91;23.965;1400;1400
2026-06-08T09:45:06.0000000Z;23.91;23.955;1400;1400
2026-06-08T09:45:07.0000000Z;23.91;23.955;1400;1400
2026-06-08T09:45:08.0000000Z;23.91;23.965;1400;1400
2026-06-08T09:45:09.0000000Z;23.91;23.975;1400;1400
2026-06-08T09:45:10.0000000Z;23.91;23.965;1400;1400
2026-06-08T09:45:11.0000000Z;23.91;23.975;1400;1400
2026-06-08T09:45:12.0000000Z;23.91;23.965;1400;1400
2026-06-08T09:45:13.0000000Z;23.91;23.975;1400;1400
2026-06-08T09:45:14.0000000Z;23.91;23.965;1400;1400
2026-06-08T09:45:15.0000000Z;23.91;23.975;1400;1400
2026-06-08T09:45:16.0000000Z;23.91;23.965;1400;1400
2026-06-08T09:45:17.0000000Z;23.91;23.975;1400;1300
2026-06-08T09:45:18.0000000Z;23.91;23.965;1400;1400
2026-06-08T09:45:21.0000000Z;23.91;23.955;1400;1400
2026-06-08T09:45:22.0000000Z;23.91;23.965;1400;1400
2026-06-08T09:45:23.0000000Z;23.91;23.955;1400;1400
2026-06-08T09:45:25.0000000Z;23.91;23.955;1400;1400
2026-06-08T09:45:27.0000000Z;23.91;23.955;1400;1400
2026-06-08T09:45:28.0000000Z;23.91;23.955;1400;1400
2026-06-08T09:45:29.0000000Z;23.91;23.965;1400;1400
2026-06-08T09:45:30.0000000Z;23.91;23.955;1400;1400
2026-06-08T09:45:31.0000000Z;23.91;23.965;1400;1400
2026-06-08T09:45:32.0000000Z;23.91;23.955;1400;1400
2026-06-08T09:45:33.0000000Z;23.91;23.96;1400;1400
2026-06-08T09:45:34.0000000Z;23.91;23.955;1400;1400
2026-06-08T09:45:35.0000000Z;23.91;23.965;1400;1400
2026-06-08T09:45:36.0000000Z;23.91;23.965;1400;1400
2026-06-08T09:45:38.0000000Z;23.915;23.97;1400;1400
2026-06-08T09:45:40.0000000Z;23.92;23.965;1400;1400
2026-06-08T09:45:47.0000000Z;23.92;23.97;1400;1400
2026-06-08T09:45:48.0000000Z;23.92;23.965;1400;1400
2026-06-08T09:45:50.0000000Z;23.92;23.975;1400;1400
2026-06-08T09:45:51.0000000Z;23.92;23.97;1400;1400
2026-06-08T09:45:52.0000000Z;23.92;23.965;1400;1400
2026-06-08T09:46:03.0000000Z;23.925;23.965;1300;1400
2026-06-08T09:46:04.0000000Z;23.925;23.965;1300;1300
2026-06-08T09:46:05.0000000Z;23.925;23.965;1300;1400
2026-06-08T09:46:06.0000000Z;23.925;23.965;1400;1400
2026-06-08T09:46:08.0000000Z;23.925;23.97;1400;1400
2026-06-08T09:46:14.0000000Z;23.925;23.97;1400;1400
2026-06-08T09:46:17.0000000Z;23.925;23.975;1400;1400
2026-06-08T09:46:18.0000000Z;23.925;23.97;1400;1400
2026-06-08T09:46:26.0000000Z;23.915;23.97;1400;1400
2026-06-08T09:46:27.0000000Z;23.915;23.965;1400;1400
2026-06-08T09:46:28.0000000Z;23.905;23.97;1400;1400
2026-06-08T09:46:30.0000000Z;23.905;23.965;1400;1400
2026-06-08T09:46:42.0000000Z;23.905;23.965;1400;1400
2026-06-08T09:46:43.0000000Z;23.905;23.965;1400;1400
2026-06-08T09:46:44.0000000Z;23.905;23.97;1400;1400
2026-06-08T09:46:48.0000000Z;23.905;23.975;1400;1400
2026-06-08T09:46:49.0000000Z;23.905;23.97;1400;1400
2026-06-08T09:46:55.0000000Z;23.905;23.965;1400;1300
2026-06-08T09:46:56.0000000Z;23.905;23.97;1400;1400
2026-06-08T09:46:58.0000000Z;23.905;23.965;1400;1400
2026-06-08T09:48:17.0000000Z;23.905;23.965;1400;1400
2026-06-08T09:48:19.0000000Z;23.905;23.96;1400;1400
2026-06-08T09:48:21.0000000Z;23.905;23.965;1400;1400
2026-06-08T09:48:22.0000000Z;23.905;23.97;1400;1400
2026-06-08T09:50:01.0000000Z;23.905;23.97;61;61
2026-06-08T09:50:03.0000000Z;23.905;23.97;2;2
2026-06-08T09:50:06.0000000Z;23.905;23.965;1400;1400
2026-06-08T09:50:07.0000000Z;23.905;23.965;1400;1400
2026-06-08T09:50:38.0000000Z;23.91;23.965;1400;1400
2026-06-08T09:51:10.0000000Z;23.91;23.96;1400;1400
2026-06-08T09:51:11.0000000Z;23.91;23.955;1400;1400
2026-06-08T09:51:13.0000000Z;23.91;23.96;1400;1400
2026-06-08T09:52:01.0000000Z;23.91;23.96;1400;1300
2026-06-08T09:52:02.0000000Z;23.91;23.965;1400;1400
2026-06-08T09:52:03.0000000Z;23.91;23.96;1400;1400
2026-06-08T09:52:04.0000000Z;23.91;23.965;1400;1400
2026-06-08T09:52:05.0000000Z;23.91;23.965;1400;1400
2026-06-08T09:52:07.0000000Z;23.91;23.96;1400;1400
2026-06-08T09:52:21.0000000Z;23.915;23.97;1400;1400
2026-06-08T09:52:22.0000000Z;23.915;23.965;1400;1400
2026-06-08T09:52:23.0000000Z;23.915;23.97;1400;1400
2026-06-08T09:52:30.0000000Z;23.915;23.965;1400;1300
2026-06-08T09:52:31.0000000Z;23.915;23.96;1400;1400
2026-06-08T09:52:33.0000000Z;23.915;23.965;1400;1400
2026-06-08T09:53:12.0000000Z;23.915;23.97;1400;1300
2026-06-08T09:53:13.0000000Z;23.915;23.965;1400;1400
2026-06-08T09:53:14.0000000Z;23.915;23.965;1400;1400
2026-06-08T09:53:18.0000000Z;23.915;23.97;1400;1400
2026-06-08T09:53:19.0000000Z;23.915;23.965;1400;1400
2026-06-08T09:53:20.0000000Z;23.915;23.97;1400;1400
2026-06-08T09:53:21.0000000Z;23.915;23.965;1400;1400
2026-06-08T09:53:32.0000000Z;23.915;23.97;1400;1400
2026-06-08T09:53:34.0000000Z;23.915;23.965;1400;1400
2026-06-08T09:54:10.0000000Z;23.915;23.96;1400;1400
2026-06-08T09:54:20.0000000Z;23.915;23.965;1400;1400
2026-06-08T09:55:02.0000000Z;23.915;23.97;1400;1400
2026-06-08T09:55:04.0000000Z;23.915;23.965;1400;1400
2026-06-08T09:55:06.0000000Z;23.915;23.965;1400;1400
2026-06-08T09:55:38.0000000Z;23.91;23.965;1400;1400
2026-06-08T09:56:41.0000000Z;23.91;23.97;1400;1400
2026-06-08T09:56:42.0000000Z;23.91;23.97;1400;1400
2026-06-08T09:56:44.0000000Z;23.91;23.965;1400;1400
2026-06-08T09:57:02.0000000Z;23.91;23.965;1400;1400
2026-06-08T09:57:03.0000000Z;23.915;23.96;1300;1400
2026-06-08T09:57:11.0000000Z;23.915;23.96;1400;1400
2026-06-08T09:57:12.0000000Z;23.91;23.97;1400;1400
2026-06-08T09:57:14.0000000Z;23.915;23.96;1400;1400
2026-06-08T09:57:15.0000000Z;23.915;23.955;1300;1400
2026-06-08T09:57:16.0000000Z;23.915;23.96;1300;1400
2026-06-08T09:57:27.0000000Z;23.915;23.965;1400;1400
2026-06-08T09:57:28.0000000Z;23.91;23.975;1400;1400
2026-06-08T09:58:01.0000000Z;23.91;23.97;1400;1300
2026-06-08T09:58:02.0000000Z;23.91;23.965;1400;1400
2026-06-08T09:58:22.0000000Z;23.915;23.965;1300;1400
2026-06-08T09:58:42.0000000Z;23.915;23.96;1300;1400
2026-06-08T09:58:43.0000000Z;23.915;23.965;1300;1400
2026-06-08T09:58:44.0000000Z;23.915;23.965;1300;1400
2026-06-08T09:58:46.0000000Z;23.915;23.975;1300;1400
2026-06-08T09:58:47.0000000Z;23.915;23.97;1300;1400
2026-06-08T09:58:48.0000000Z;23.915;23.97;1300;1400
2026-06-08T09:58:49.0000000Z;23.915;23.965;1300;1400
2026-06-08T09:58:50.0000000Z;23.915;23.975;1300;1400
2026-06-08T09:58:51.0000000Z;23.915;23.97;1300;1400
2026-06-08T09:58:53.0000000Z;23.915;23.965;1300;1400
2026-06-08T09:58:58.0000000Z;23.915;23.965;1300;1400
2026-06-08T09:58:59.0000000Z;23.915;23.97;1300;1400
2026-06-08T09:59:02.0000000Z;23.915;23.965;1300;1400
2026-06-08T09:59:21.0000000Z;23.915;23.97;1300;1400
2026-06-08T09:59:23.0000000Z;23.915;23.98;1300;1400
2026-06-08T09:59:38.0000000Z;23.915;23.975;1300;1400
2026-06-08T09:59:39.0000000Z;23.915;23.97;1300;1400
2026-06-08T09:59:41.0000000Z;23.915;23.965;1300;1400
2026-06-08T10:00:01.0000000Z;23.915;23.965;1400;1400
2026-06-08T10:00:24.0000000Z;23.915;23.97;1400;1400
2026-06-08T10:00:25.0000000Z;23.915;23.965;1400;1400
2026-06-08T10:00:30.0000000Z;23.915;23.97;1400;1400
2026-06-08T10:00:31.0000000Z;23.915;23.97;1400;1400
2026-06-08T10:00:32.0000000Z;23.915;23.965;1400;1400
2026-06-08T10:01:15.0000000Z;23.915;23.96;1400;1400
2026-06-08T10:02:05.0000000Z;23.915;23.96;1400;1300
2026-06-08T10:02:07.0000000Z;23.915;23.955;1400;1300
2026-06-08T10:02:09.0000000Z;23.905;23.955;1400;1300
2026-06-08T10:02:10.0000000Z;23.905;23.95;1400;1400
2026-06-08T10:02:11.0000000Z;23.905;23.95;1400;1300
2026-06-08T10:02:12.0000000Z;23.905;23.95;1400;1400
2026-06-08T10:02:14.0000000Z;23.91;23.95;1400;1400
2026-06-08T10:02:15.0000000Z;23.9;23.955;1400;1400
2026-06-08T10:02:18.0000000Z;23.905;23.955;1400;1400
2026-06-08T10:02:19.0000000Z;23.905;23.955;1400;1400
2026-06-08T10:02:27.0000000Z;23.905;23.95;1400;1400
2026-06-08T10:02:58.0000000Z;23.905;23.955;1400;1300
2026-06-08T10:03:00.0000000Z;23.905;23.96;1400;1300
2026-06-08T10:03:24.0000000Z;23.905;23.96;1400;1400
2026-06-08T10:03:28.0000000Z;23.915;23.96;1400;1400
2026-06-08T10:03:42.0000000Z;23.915;23.96;1400;1400
2026-06-08T10:03:48.0000000Z;23.915;23.96;1400;1300
2026-06-08T10:03:51.0000000Z;23.915;23.96;1400;1400
2026-06-08T10:03:52.0000000Z;23.915;23.96;1400;1300
2026-06-08T10:04:10.0000000Z;23.91;23.96;1400;1300
2026-06-08T10:04:11.0000000Z;23.915;23.96;1400;1300
2026-06-08T10:05:22.0000000Z;23.915;23.96;1400;1300
2026-06-08T10:05:24.0000000Z;23.915;23.965;1400;1300
2026-06-08T10:05:57.0000000Z;23.915;23.96;1400;1400
2026-06-08T10:07:11.0000000Z;23.915;23.96;1300;1400
2026-06-08T10:07:12.0000000Z;23.92;23.96;1400;1400
2026-06-08T10:07:14.0000000Z;23.915;23.96;1400;1400
2026-06-08T10:07:16.0000000Z;23.92;23.96;1300;1400
2026-06-08T10:07:17.0000000Z;23.915;23.96;1400;1400
2026-06-08T10:07:18.0000000Z;23.915;23.96;1400;1300
2026-06-08T10:07:19.0000000Z;23.915;23.96;1300;1300
2026-06-08T10:07:20.0000000Z;23.92;23.96;1300;1300
2026-06-08T10:07:22.0000000Z;23.92;23.975;1400;1400
2026-06-08T10:07:23.0000000Z;23.92;23.97;1400;1400
2026-06-08T10:07:41.0000000Z;23.92;23.965;1400;1400
2026-06-08T10:08:49.0000000Z;23.915;23.965;1400;1400
2026-06-08T10:08:59.0000000Z;23.92;23.965;1400;1400
2026-06-08T10:09:46.0000000Z;23.92;23.965;1400;1300
2026-06-08T10:09:47.0000000Z;23.92;23.96;1400;1300
2026-06-08T10:10:10.0000000Z;23.915;23.96;1400;1400
2026-06-08T10:10:11.0000000Z;23.915;23.955;1400;1400
2026-06-08T10:10:29.0000000Z;23.915;23.96;1400;1400
2026-06-08T10:10:33.0000000Z;23.92;23.96;1400;1400
2026-06-08T10:10:54.0000000Z;23.92;23.96;1400;1300
2026-06-08T10:10:55.0000000Z;23.92;23.955;1400;1300
2026-06-08T10:10:59.0000000Z;23.92;23.965;1400;1400
2026-06-08T10:11:01.0000000Z;23.92;23.96;1400;1400
2026-06-08T10:11:03.0000000Z;23.925;23.96;1400;1400
2026-06-08T10:11:43.0000000Z;23.925;23.965;1400;1400
2026-06-08T10:11:44.0000000Z;23.925;23.965;1400;1300
2026-06-08T10:11:45.0000000Z;23.925;23.96;1400;1300
2026-06-08T10:11:46.0000000Z;23.925;23.96;1400;1300
2026-06-08T10:11:48.0000000Z;23.925;23.96;1400;1300
2026-06-08T10:11:49.0000000Z;23.925;23.96;1400;1400
2026-06-08T10:11:50.0000000Z;23.925;23.965;1400;1400
2026-06-08T10:12:01.0000000Z;23.925;23.965;1400;1300
2026-06-08T10:12:02.0000000Z;23.925;23.965;1400;1300
2026-06-08T10:12:04.0000000Z;23.925;23.965;1400;1300
2026-06-08T10:12:05.0000000Z;23.925;23.97;1400;1400
2026-06-08T10:12:06.0000000Z;23.925;23.965;1400;1400
2026-06-08T10:12:17.0000000Z;23.925;23.97;1400;1400
2026-06-08T10:12:19.0000000Z;23.925;23.98;1400;1400
2026-06-08T10:13:02.0000000Z;23.925;23.985;1400;1400
2026-06-08T10:13:04.0000000Z;23.93;23.99;1300;1400
2026-06-08T10:13:18.0000000Z;23.93;23.99;1400;1400
2026-06-08T10:13:20.0000000Z;23.925;23.99;1400;1400
2026-06-08T10:15:03.0000000Z;23.93;23.99;1400;1400
2026-06-08T10:15:04.0000000Z;23.93;23.995;1400;1400
2026-06-08T10:16:26.0000000Z;23.915;23.995;1400;1400
2026-06-08T10:16:33.0000000Z;23.92;23.995;1400;1400
2026-06-08T10:16:34.0000000Z;23.925;23.995;1400;1400
2026-06-08T10:16:50.0000000Z;23.92;23.995;1400;1400
2026-06-08T10:16:57.0000000Z;23.91;23.995;1400;1400
2026-06-08T10:16:58.0000000Z;23.915;23.995;1400;1400
2026-06-08T10:17:03.0000000Z;23.92;23.995;1400;1400
2026-06-08T10:17:25.0000000Z;23.925;23.995;1400;1400
2026-06-08T10:17:28.0000000Z;23.92;23.995;1400;1400
2026-06-08T10:17:31.0000000Z;23.915;23.995;1400;1400
2026-06-08T10:17:33.0000000Z;23.92;23.995;1400;1400
2026-06-08T10:17:36.0000000Z;23.925;23.995;1400;1400
2026-06-08T10:17:44.0000000Z;23.92;23.995;1400;1400
2026-06-08T10:18:12.0000000Z;23.92;23.99;1400;1400
2026-06-08T10:18:13.0000000Z;23.92;23.98;1400;1300
2026-06-08T10:18:15.0000000Z;23.92;23.97;1400;1300
2026-06-08T10:19:06.0000000Z;23.92;23.98;1400;1400
2026-06-08T10:19:07.0000000Z;23.92;23.99;1400;1400
2026-06-08T10:19:08.0000000Z;23.92;23.985;1400;1400
2026-06-08T10:19:09.0000000Z;23.92;23.98;1400;1400
2026-06-08T10:19:23.0000000Z;23.915;23.98;1400;1400
2026-06-08T10:19:25.0000000Z;23.92;23.98;1400;1400
2026-06-08T10:19:36.0000000Z;23.92;23.975;1400;1400
2026-06-08T10:19:37.0000000Z;23.915;23.96;1400;1300
2026-06-08T10:19:39.0000000Z;23.915;23.955;1400;1300
2026-06-08T10:19:46.0000000Z;23.915;23.955;1400;1300
2026-06-08T10:19:47.0000000Z;23.91;23.955;1400;1300
2026-06-08T10:20:08.0000000Z;23.915;23.955;1400;1300
2026-06-08T10:20:13.0000000Z;23.91;23.955;1400;1300
2026-06-08T10:20:17.0000000Z;23.915;23.955;1400;1300
2026-06-08T10:20:47.0000000Z;23.91;23.95;1400;1300
2026-06-08T10:21:05.0000000Z;23.91;23.945;1400;1300
2026-06-08T10:21:10.0000000Z;23.91;23.95;1400;1300
2026-06-08T10:21:24.0000000Z;23.91;23.945;1400;1300
2026-06-08T10:21:30.0000000Z;23.91;23.95;1400;1300
2026-06-08T10:21:39.0000000Z;23.91;23.945;1400;1300
2026-06-08T10:21:45.0000000Z;23.91;23.95;1400;1300
2026-06-08T10:21:57.0000000Z;23.915;23.95;1400;1300
2026-06-08T10:21:58.0000000Z;23.915;23.945;1400;1300
2026-06-08T10:21:59.0000000Z;23.915;23.95;1400;1300
2026-06-08T10:22:00.0000000Z;23.91;23.95;1400;1300
2026-06-08T10:22:02.0000000Z;23.91;23.945;1400;1300
2026-06-08T10:22:06.0000000Z;23.91;23.95;1400;1300
2026-06-08T10:22:19.0000000Z;23.91;23.945;1400;1300
2026-06-08T10:22:22.0000000Z;23.91;23.95;1400;1300
2026-06-08T10:22:35.0000000Z;23.91;23.945;1400;1300
2026-06-08T10:22:46.0000000Z;23.905;23.945;1400;1400
2026-06-08T10:22:51.0000000Z;23.905;23.945;1400;1300
2026-06-08T10:22:52.0000000Z;23.905;23.94;1400;1300
2026-06-08T10:22:54.0000000Z;23.9;23.935;1400;1300
2026-06-08T10:22:58.0000000Z;23.9;23.94;1400;1300
2026-06-08T10:24:45.0000000Z;23.9;23.935;1400;1300
2026-06-08T10:24:48.0000000Z;23.9;23.94;1400;1300
2026-06-08T10:24:52.0000000Z;23.9;23.935;1400;1300
2026-06-08T10:24:53.0000000Z;23.905;23.94;1400;1300
2026-06-08T10:24:57.0000000Z;23.905;23.935;1400;1300
2026-06-08T10:24:58.0000000Z;23.9;23.94;1400;1300
2026-06-08T10:25:27.0000000Z;23.905;23.94;1400;1400
2026-06-08T10:25:28.0000000Z;23.905;23.945;1400;1300
2026-06-08T10:25:30.0000000Z;23.905;23.94;1400;1300
2026-06-08T10:25:32.0000000Z;23.905;23.95;1400;1400
2026-06-08T10:25:33.0000000Z;23.905;23.94;1400;1300
2026-06-08T10:25:34.0000000Z;23.9;23.945;1400;1300
2026-06-08T10:25:38.0000000Z;23.905;23.945;1400;1300
2026-06-08T10:25:46.0000000Z;23.9;23.945;1400;1300
2026-06-08T10:25:48.0000000Z;23.9;23.94;1400;1300
2026-06-08T10:26:04.0000000Z;23.9;23.935;1400;1300
2026-06-08T10:26:10.0000000Z;23.9;23.94;1400;1300
2026-06-08T10:26:17.0000000Z;23.9;23.935;1400;1300
2026-06-08T10:26:18.0000000Z;23.895;23.935;1400;1300
2026-06-08T10:26:59.0000000Z;23.9;23.935;1400;1300
2026-06-08T10:28:49.0000000Z;23.895;23.935;1400;1300
2026-06-08T10:29:15.0000000Z;23.9;23.955;1400;1400
2026-06-08T10:29:16.0000000Z;23.9;23.95;1400;1300
2026-06-08T10:29:17.0000000Z;23.9;23.945;1400;1300
2026-06-08T10:29:18.0000000Z;23.9;23.945;1400;1400
2026-06-08T10:29:24.0000000Z;23.9;23.945;1400;1300
2026-06-08T10:29:34.0000000Z;23.9;23.945;1400;1400
2026-06-08T10:31:54.0000000Z;23.9;23.955;1400;1400
2026-06-08T10:31:55.0000000Z;23.9;23.97;1400;1400
2026-06-08T10:32:04.0000000Z;23.905;23.97;1400;1400
2026-06-08T10:32:05.0000000Z;23.91;23.97;1400;1400
2026-06-08T10:32:06.0000000Z;23.915;23.97;1400;1400
2026-06-08T10:32:20.0000000Z;23.91;23.97;1400;1400
2026-06-08T10:32:21.0000000Z;23.905;23.97;1400;1400
2026-06-08T10:32:27.0000000Z;23.915;23.97;1400;1400
2026-06-08T10:32:34.0000000Z;23.91;23.97;1400;1400
2026-06-08T10:32:36.0000000Z;23.905;23.97;1400;1400
2026-06-08T10:32:55.0000000Z;23.91;23.97;1400;1400
2026-06-08T10:33:16.0000000Z;23.91;23.975;1400;1400
2026-06-08T10:33:33.0000000Z;23.915;23.975;1400;1400
2026-06-08T10:33:39.0000000Z;23.91;23.975;1400;1400
2026-06-08T10:33:40.0000000Z;23.905;23.975;1400;1400
2026-06-08T10:33:43.0000000Z;23.91;23.975;1300;1400
2026-06-08T10:33:44.0000000Z;23.915;23.975;1400;1400
2026-06-08T10:33:47.0000000Z;23.915;23.98;1400;1400
2026-06-08T10:33:50.0000000Z;23.915;23.985;1400;1400
2026-06-08T10:33:54.0000000Z;23.915;23.985;1400;1400
2026-06-08T10:33:56.0000000Z;23.91;23.985;1400;1400
2026-06-08T10:34:08.0000000Z;23.915;23.98;1400;1400
2026-06-08T10:34:09.0000000Z;23.915;23.975;1400;1400
2026-06-08T10:34:10.0000000Z;23.915;23.96;1400;1300
2026-06-08T10:34:12.0000000Z;23.915;23.955;1400;1300
2026-06-08T10:34:13.0000000Z;23.915;23.95;1400;1400
2026-06-08T10:34:14.0000000Z;23.925;23.96;1400;1400
2026-06-08T10:34:15.0000000Z;23.92;23.97;1400;1400
2026-06-08T10:34:16.0000000Z;23.925;23.97;1400;1400
2026-06-08T10:34:18.0000000Z;23.935;23.975;1400;1400
2026-06-08T10:34:19.0000000Z;23.925;23.975;1400;1400
2026-06-08T10:34:20.0000000Z;23.94;23.975;1400;1400
2026-06-08T10:34:24.0000000Z;23.945;23.975;1400;1400
2026-06-08T10:34:25.0000000Z;23.95;23.975;1400;1300
2026-06-08T10:34:26.0000000Z;23.94;23.975;1400;1400
2026-06-08T10:34:30.0000000Z;23.95;23.99;1400;1400
2026-06-08T10:34:31.0000000Z;23.955;23.995;1400;1400
2026-06-08T10:34:32.0000000Z;23.94;23.995;1400;1400
2026-06-08T10:34:36.0000000Z;23.93;24;1400;1400
2026-06-08T10:34:37.0000000Z;23.93;23.995;1400;1300
2026-06-08T10:34:41.0000000Z;23.92;23.995;1400;1300
2026-06-08T10:34:42.0000000Z;23.925;23.99;1400;1400
2026-06-08T10:34:43.0000000Z;23.925;23.99;1400;1300
2026-06-08T10:35:02.0000000Z;23.925;23.985;1400;1300
2026-06-08T10:35:04.0000000Z;23.92;23.975;1400;1300
2026-06-08T10:35:06.0000000Z;23.915;23.975;1400;1400
2026-06-08T10:35:08.0000000Z;23.915;23.97;1400;1300
2026-06-08T10:35:14.0000000Z;23.905;23.96;1400;1300
2026-06-08T10:35:18.0000000Z;23.9;23.96;1400;1300
2026-06-08T10:35:28.0000000Z;23.9;23.965;1400;1400
2026-06-08T10:35:29.0000000Z;23.9;23.96;1400;1300
2026-06-08T10:35:30.0000000Z;23.9;23.97;1400;1300
2026-06-08T10:35:32.0000000Z;23.9;23.965;1400;1300
2026-06-08T10:35:37.0000000Z;23.9;23.965;1400;1400
2026-06-08T10:36:31.0000000Z;23.9;23.96;1400;1300
2026-06-08T10:36:32.0000000Z;23.9;23.965;1400;1300
2026-06-08T10:36:33.0000000Z;23.9;23.96;1400;1400
2026-06-08T10:36:34.0000000Z;23.9;23.96;1400;1300
2026-06-08T10:36:36.0000000Z;23.9;23.96;1400;1300
2026-06-08T10:36:38.0000000Z;23.9;23.955;1400;1300
2026-06-08T10:36:42.0000000Z;23.9;23.975;1400;1300
2026-06-08T10:36:45.0000000Z;23.9;23.97;1400;1300
2026-06-08T10:36:47.0000000Z;23.9;23.965;1400;1300
2026-06-08T10:36:49.0000000Z;23.9;23.965;1400;1400
2026-06-08T10:37:22.0000000Z;23.9;23.975;1400;1300
2026-06-08T10:37:23.0000000Z;23.9;23.985;1400;1400
2026-06-08T10:37:24.0000000Z;23.9;23.975;1400;1400
2026-06-08T10:37:29.0000000Z;23.9;23.985;1400;1300
2026-06-08T10:37:30.0000000Z;23.9;23.975;1400;1300
2026-06-08T10:37:31.0000000Z;23.9;23.985;1400;1300
2026-06-08T10:37:33.0000000Z;23.9;23.975;1400;1400
2026-06-08T10:37:34.0000000Z;23.9;23.97;1400;1300
2026-06-08T10:37:37.0000000Z;23.9;23.96;1400;1300
2026-06-08T10:38:31.0000000Z;23.9;23.965;1400;1400
2026-06-08T10:38:32.0000000Z;23.9;23.96;1400;1300
2026-06-08T10:38:48.0000000Z;23.9;23.97;1400;1400
2026-06-08T10:38:49.0000000Z;23.9;23.975;1400;1300
2026-06-08T10:38:51.0000000Z;23.9;23.96;1400;1300
2026-06-08T10:38:52.0000000Z;23.9;23.97;1400;1400
2026-06-08T10:38:53.0000000Z;23.9;23.97;1400;1400
2026-06-08T10:38:54.0000000Z;23.9;23.97;1400;1300
2026-06-08T10:38:55.0000000Z;23.9;23.96;1400;1300
2026-06-08T10:39:02.0000000Z;23.9;23.96;1400;1400
2026-06-08T10:39:03.0000000Z;23.9;23.97;1400;1300
2026-06-08T10:39:04.0000000Z;23.9;23.98;1400;1400
2026-06-08T10:39:05.0000000Z;23.9;23.985;1400;1400
2026-06-08T10:39:06.0000000Z;23.9;23.975;1400;1400
2026-06-08T10:39:07.0000000Z;23.9;23.97;1400;1300
2026-06-08T10:39:09.0000000Z;23.9;23.96;1400;1300
2026-06-08T10:41:08.0000000Z;23.9;23.96;1400;1400
2026-06-08T10:41:44.0000000Z;23.9;23.96;1400;1400
2026-06-08T10:41:45.0000000Z;23.9;23.955;1400;1300
2026-06-08T10:41:58.0000000Z;23.9;23.955;1400;1400
2026-06-08T10:41:59.0000000Z;23.9;23.955;1400;1400
2026-06-08T10:42:00.0000000Z;23.9;23.955;1400;1300
2026-06-08T10:42:06.0000000Z;23.9;23.96;1400;1400
2026-06-08T10:42:07.0000000Z;23.9;23.955;1400;1400
2026-06-08T10:42:08.0000000Z;23.9;23.96;1400;1400
2026-06-08T10:42:22.0000000Z;23.9;23.965;1400;1400
2026-06-08T10:42:23.0000000Z;23.9;23.96;1400;1400
2026-06-08T10:42:41.0000000Z;23.9;23.96;1400;1400
2026-06-08T10:42:49.0000000Z;23.9;23.965;1400;1400
2026-06-08T10:42:52.0000000Z;23.9;23.96;1400;1400
2026-06-08T10:43:03.0000000Z;23.9;23.96;1400;1400
2026-06-08T10:43:21.0000000Z;23.9;23.955;1400;1300
2026-06-08T10:43:22.0000000Z;23.9;23.955;1400;1400
2026-06-08T10:43:24.0000000Z;23.9;23.96;1400;1400
2026-06-08T10:43:34.0000000Z;23.9;23.955;1400;1300
2026-06-08T10:43:35.0000000Z;23.9;23.955;1400;1400
2026-06-08T10:43:36.0000000Z;23.9;23.96;1400;1400
2026-06-08T10:43:40.0000000Z;23.9;23.955;1400;1300
2026-06-08T10:43:41.0000000Z;23.9;23.96;1400;1400
2026-06-08T10:43:42.0000000Z;23.9;23.96;1400;1400
2026-06-08T10:43:49.0000000Z;23.9;23.96;1400;1400
2026-06-08T10:43:51.0000000Z;23.9;23.965;1400;1400
2026-06-08T10:43:52.0000000Z;23.9;23.97;1400;1400
2026-06-08T10:43:54.0000000Z;23.9;23.965;1400;1400
2026-06-08T10:43:57.0000000Z;23.9;23.96;1400;1400
2026-06-08T10:44:04.0000000Z;23.9;23.965;1400;1400
2026-06-08T10:44:05.0000000Z;23.9;23.955;1400;1300
2026-06-08T10:44:48.0000000Z;23.9;23.955;1400;1400
2026-06-08T10:45:14.0000000Z;23.9;23.96;1400;1400
2026-06-08T10:45:16.0000000Z;23.9;23.97;1400;1400
2026-06-08T10:45:18.0000000Z;23.9;23.97;1400;1400
2026-06-08T10:45:53.0000000Z;23.895;23.97;1400;1400
2026-06-08T10:45:54.0000000Z;23.9;23.97;1400;1400
2026-06-08T10:46:53.0000000Z;23.895;23.97;1400;1400
2026-06-08T10:48:34.0000000Z;23.9;23.97;1400;1400
2026-06-08T10:48:36.0000000Z;23.895;23.975;1400;1400
2026-06-08T10:51:31.0000000Z;23.895;23.98;1400;1400
2026-06-08T10:52:33.0000000Z;23.9;23.98;1400;1400
2026-06-08T11:03:39.0000000Z;23.9;23.985;1400;1400
2026-06-08T11:03:51.0000000Z;23.91;23.985;1400;1400
2026-06-08T11:03:53.0000000Z;23.915;23.985;1400;1400
2026-06-08T11:04:52.0000000Z;23.915;23.99;1400;1400
2026-06-08T11:10:02.0000000Z;23.92;23.99;1400;1400
2026-06-08T11:10:08.0000000Z;23.925;23.99;1400;1400
2026-06-08T11:10:27.0000000Z;23.925;23.995;1400;1400
2026-06-08T11:10:50.0000000Z;23.925;23.995;1400;1400
2026-06-08T11:10:56.0000000Z;23.93;23.995;1400;1400
2026-06-08T11:10:57.0000000Z;23.935;23.995;1400;1400
2026-06-08T11:10:59.0000000Z;23.94;23.995;1400;1400
2026-06-08T11:11:02.0000000Z;23.945;23.995;1400;1400
2026-06-08T11:11:03.0000000Z;23.95;24;1400;1400
2026-06-08T11:11:06.0000000Z;23.945;23.995;1400;1400
2026-06-08T11:11:08.0000000Z;23.94;23.995;1400;1400
2026-06-08T11:11:09.0000000Z;23.945;23.995;1400;1400
2026-06-08T11:11:13.0000000Z;23.945;23.995;1300;1400
2026-06-08T11:11:20.0000000Z;23.95;23.995;1400;1400
2026-06-08T11:11:23.0000000Z;23.945;23.995;1400;1400
2026-06-08T11:11:39.0000000Z;23.95;23.995;1300;1400
2026-06-08T11:11:55.0000000Z;23.95;23.995;1400;1300
2026-06-08T11:11:56.0000000Z;23.955;23.995;1400;1300
2026-06-08T11:11:57.0000000Z;23.95;24;1400;1300
2026-06-08T11:11:59.0000000Z;23.945;24;1400;1300
2026-06-08T11:12:01.0000000Z;23.93;24;1400;1300
2026-06-08T11:12:19.0000000Z;23.94;24;1400;1300
2026-06-08T11:12:21.0000000Z;23.95;24;1400;1300
2026-06-08T11:13:56.0000000Z;23.955;24;1300;1300
2026-06-08T11:14:10.0000000Z;23.955;24;1400;1300
2026-06-08T11:14:12.0000000Z;23.96;24;1400;1300
2026-06-08T11:14:24.0000000Z;23.96;24;1300;1300
2026-06-08T11:14:29.0000000Z;23.955;24;1300;1300
2026-06-08T11:14:30.0000000Z;23.955;24;1400;1300
2026-06-08T11:14:32.0000000Z;23.96;24;1400;1300
2026-06-08T11:15:02.0000000Z;23.965;24.005;1400;1300
2026-06-08T11:15:05.0000000Z;23.98;24.025;1400;1400
2026-06-08T11:15:08.0000000Z;23.97;24.025;1400;1400
2026-06-08T11:15:11.0000000Z;23.975;24.025;1400;1400
2026-06-08T11:15:15.0000000Z;23.985;24.025;1400;1400
2026-06-08T11:15:17.0000000Z;23.975;24.025;1400;1400
2026-06-08T11:15:18.0000000Z;23.96;24.025;1400;1400
2026-06-08T11:15:20.0000000Z;23.96;24.025;1300;1400
2026-06-08T11:15:26.0000000Z;23.955;24.025;1400;1400
2026-06-08T11:15:30.0000000Z;23.95;24.025;1400;1400
2026-06-08T11:15:37.0000000Z;23.96;24.025;1400;1400
2026-06-08T11:15:38.0000000Z;23.955;24.025;1400;1400
2026-06-08T11:15:43.0000000Z;23.96;24.055;1400;1400
2026-06-08T11:15:45.0000000Z;23.96;24.055;1300;1400
2026-06-08T11:15:53.0000000Z;23.96;24.05;1300;1400
2026-06-08T11:15:56.0000000Z;23.96;24.045;1300;1400
2026-06-08T11:15:58.0000000Z;23.955;24.045;1400;1400
2026-06-08T11:15:59.0000000Z;23.96;24.045;1300;1400
2026-06-08T11:16:02.0000000Z;23.955;24.045;1300;1400
2026-06-08T11:16:03.0000000Z;23.955;24.045;1400;1400
2026-06-08T11:16:20.0000000Z;23.95;24.035;1400;1400
2026-06-08T11:16:22.0000000Z;23.95;24.03;1400;1400
2026-06-08T11:16:29.0000000Z;23.95;24.055;1400;1400
2026-06-08T11:16:30.0000000Z;23.955;24.03;1300;1400
2026-06-08T11:16:31.0000000Z;23.955;24.035;1300;1400
2026-06-08T11:16:34.0000000Z;23.955;24.035;1400;1400
2026-06-08T11:16:36.0000000Z;23.95;24.035;1400;1400
2026-06-08T11:19:57.0000000Z;23.955;24.035;1400;1400
2026-06-08T11:19:59.0000000Z;23.965;24.035;1300;1400
2026-06-08T11:20:01.0000000Z;23.965;24.04;1300;1400
2026-06-08T11:20:16.0000000Z;23.96;24.04;1400;1400
2026-06-08T11:20:17.0000000Z;23.955;24.04;1400;1400
2026-06-08T11:20:41.0000000Z;23.955;24.03;1400;1400
2026-06-08T11:20:43.0000000Z;23.955;24.025;1400;1400
2026-06-08T11:20:48.0000000Z;23.95;24.025;1400;1400
2026-06-08T11:20:51.0000000Z;23.945;24.025;1400;1400
2026-06-08T11:21:40.0000000Z;23.955;24.03;1300;1400
2026-06-08T11:21:44.0000000Z;23.96;24.035;1300;1400
2026-06-08T11:21:59.0000000Z;23.96;24.035;1400;1400
2026-06-08T11:22:00.0000000Z;23.96;24.035;1300;1400
2026-06-08T11:22:01.0000000Z;23.96;24.035;1400;1400
2026-06-08T11:22:04.0000000Z;23.955;24.035;1400;1400
2026-06-08T11:22:05.0000000Z;23.955;24.04;1400;1400
2026-06-08T11:23:13.0000000Z;23.95;24.04;1400;1400
2026-06-08T11:23:31.0000000Z;23.95;24.03;1300;1400
2026-06-08T11:23:33.0000000Z;23.95;24.025;1300;1400
2026-06-08T11:24:06.0000000Z;23.95;24.025;1400;1400
2026-06-08T11:24:30.0000000Z;23.95;24.025;1300;1400
2026-06-08T11:26:46.0000000Z;23.95;24.025;1400;1400
2026-06-08T11:27:00.0000000Z;23.95;24.03;1400;1400
2026-06-08T11:28:59.0000000Z;23.95;24.035;1400;1400
2026-06-08T11:30:31.0000000Z;23.955;24.035;1400;1400
2026-06-08T11:31:20.0000000Z;23.955;24.04;1400;1400
2026-06-08T11:31:40.0000000Z;23.955;24.045;1400;1400
2026-06-08T11:32:05.0000000Z;23.955;24.045;1400;1400
2026-06-08T11:32:08.0000000Z;23.96;24.045;1400;1400
2026-06-08T11:32:16.0000000Z;23.96;24.045;1400;1400
2026-06-08T11:32:18.0000000Z;23.955;24.045;1400;1400
2026-06-08T11:37:46.0000000Z;23.96;24.045;1400;1400
2026-06-08T11:37:47.0000000Z;23.965;24.045;1400;1400
2026-06-08T11:39:52.0000000Z;23.935;24.045;1400;1400
2026-06-08T11:39:53.0000000Z;23.965;24.045;1400;1400
2026-06-08T11:39:54.0000000Z;23.96;24.045;1400;1400
2026-06-08T11:41:17.0000000Z;23.96;24.04;1400;1400
2026-06-08T11:41:18.0000000Z;23.96;24.035;1400;1400
2026-06-08T11:41:23.0000000Z;23.93;24.035;1400;1400
2026-06-08T11:41:24.0000000Z;23.96;24.035;1400;1400
2026-06-08T11:41:26.0000000Z;23.955;24.035;1400;1400
2026-06-08T11:42:00.0000000Z;23.955;24.04;1400;1400
2026-06-08T11:42:18.0000000Z;23.96;24.04;1400;1400
2026-06-08T11:42:19.0000000Z;23.96;24.04;1400;1400
2026-06-08T11:43:02.0000000Z;23.93;24.04;1400;1400
2026-06-08T11:43:03.0000000Z;23.93;24.05;1400;1400
2026-06-08T11:43:05.0000000Z;23.9;24.065;1400;1400
2026-06-08T11:46:42.0000000Z;23.875;24.07;1300;1300
2026-06-08T11:46:44.0000000Z;23.845;24.075;1300;1300
2026-06-08T11:47:46.0000000Z;23.845;24.075;1300;1400
2026-06-08T11:47:47.0000000Z;23.845;24.065;1300;1300
2026-06-08T11:47:48.0000000Z;23.845;24.06;1300;1300
2026-06-08T11:48:49.0000000Z;23.845;24.06;1400;1300
2026-06-08T11:48:52.0000000Z;23.84;24.06;1400;1300
2026-06-08T11:49:19.0000000Z;23.84;24.065;1400;1300
2026-06-08T11:49:20.0000000Z;23.84;24.07;1400;1300
2026-06-08T11:49:22.0000000Z;23.84;24.06;1400;1300
2026-06-08T11:49:24.0000000Z;23.84;24.055;1400;1300
2026-06-08T11:49:40.0000000Z;23.84;24.06;1400;1300
2026-06-08T11:49:42.0000000Z;23.84;24.065;1400;1300
2026-06-08T11:49:50.0000000Z;23.845;24.065;1300;1300
2026-06-08T11:49:53.0000000Z;23.845;24.07;1300;1300
2026-06-08T11:49:54.0000000Z;23.845;24.08;1300;1300
2026-06-08T11:50:01.0000000Z;23.825;24.075;1300;1400
2026-06-08T11:50:02.0000000Z;23.8;24.085;1300;1400
2026-06-08T11:50:04.0000000Z;23.8;24.07;1300;1400
2026-06-08T11:50:15.0000000Z;23.8;24.075;1300;1400
2026-06-08T11:50:16.0000000Z;23.8;24.07;1300;1400
2026-06-08T11:50:17.0000000Z;23.8;24.07;1300;1300
2026-06-08T11:50:18.0000000Z;23.8;24.07;1300;1400
2026-06-08T11:50:26.0000000Z;23.8;24.07;1300;1400
2026-06-08T11:50:31.0000000Z;23.8;24.07;1300;1400
2026-06-08T11:50:37.0000000Z;23.8;24.07;1300;1400
2026-06-08T11:50:42.0000000Z;23.8;24.075;1300;1400
2026-06-08T11:50:43.0000000Z;23.8;24.07;1300;1400
2026-06-08T11:50:48.0000000Z;23.8;24.075;1300;1300
2026-06-08T11:50:56.0000000Z;23.8;24.07;1300;1400
2026-06-08T11:51:09.0000000Z;23.8;24.065;1300;1400
2026-06-08T11:51:15.0000000Z;23.8;24.065;1300;1300
2026-06-08T11:51:16.0000000Z;23.8;24.07;1300;1300
2026-06-08T11:51:17.0000000Z;23.8;24.065;1300;1400
2026-06-08T11:51:20.0000000Z;23.8;24.07;1300;1400
2026-06-08T11:51:22.0000000Z;23.8;24.075;1300;1400
2026-06-08T11:51:25.0000000Z;23.8;24.09;1300;1400
2026-06-08T11:51:26.0000000Z;23.8;24.075;1300;1300
2026-06-08T11:51:31.0000000Z;23.8;24.08;1300;1400
2026-06-08T11:51:32.0000000Z;23.8;24.075;1300;1400
2026-06-08T11:51:45.0000000Z;23.8;24.07;1300;1400
2026-06-08T11:51:46.0000000Z;23.8;24.07;1300;1300
2026-06-08T11:51:51.0000000Z;23.8;24.08;1300;1300
2026-06-08T11:51:52.0000000Z;23.8;24.075;1300;1300
2026-06-08T11:52:56.0000000Z;23.8;24.07;1300;1400
2026-06-08T11:53:02.0000000Z;23.8;24.07;1300;1300
2026-06-08T11:53:03.0000000Z;23.8;24.07;1300;1400
2026-06-08T11:53:04.0000000Z;23.8;24.075;1300;1300
2026-06-08T11:53:05.0000000Z;23.8;24.07;1300;1300
2026-06-08T11:53:07.0000000Z;23.8;24.075;1300;1300
2026-06-08T11:53:11.0000000Z;23.8;24.075;1300;1300
2026-06-08T11:53:16.0000000Z;23.8;24.075;1300;1400
2026-06-08T11:53:17.0000000Z;23.8;24.075;1300;1300
2026-06-08T11:53:22.0000000Z;23.8;24.075;1300;1300
2026-06-08T11:54:42.0000000Z;23.8;24.065;1500;1400
2026-06-08T11:54:43.0000000Z;23.8;24.055;1300;1400
2026-06-08T11:54:44.0000000Z;23.8;24.05;1300;1300
2026-06-08T11:54:45.0000000Z;23.8;24.065;1300;1300
2026-06-08T11:54:47.0000000Z;23.8;24.065;1300;1400
2026-06-08T11:54:49.0000000Z;23.8;24.07;1300;1400
2026-06-08T11:54:53.0000000Z;23.8;24.07;1300;1300
2026-06-08T11:54:55.0000000Z;23.8;24.075;1300;1300
2026-06-08T11:55:14.0000000Z;23.8;24.07;1300;1400
2026-06-08T11:55:19.0000000Z;23.8;24.07;1300;1300
2026-06-08T11:55:21.0000000Z;23.8;24.075;1300;1300
2026-06-08T11:55:34.0000000Z;23.8;24.07;1300;1400
2026-06-08T11:55:36.0000000Z;23.8;24.07;1300;1300
2026-06-08T11:55:37.0000000Z;23.8;24.07;1300;1400
2026-06-08T11:55:42.0000000Z;23.8;24.07;1300;1400
2026-06-08T11:55:55.0000000Z;23.935;23.975;1300;1300
2026-06-08T11:55:56.0000000Z;23.94;23.975;1300;1300
2026-06-08T11:55:57.0000000Z;23.935;23.975;1300;1300
2026-06-08T11:55:58.0000000Z;23.94;23.975;1300;1300
2026-06-08T11:56:00.0000000Z;23.87;23.97;1300;1300
2026-06-08T11:56:01.0000000Z;23.87;23.97;1300;1300
2026-06-08T11:56:02.0000000Z;23.94;23.975;1300;1300
2026-06-08T11:56:03.0000000Z;23.94;23.975;1300;1300
2026-06-08T11:56:04.0000000Z;23.935;23.975;1300;1300
2026-06-08T11:56:09.0000000Z;23.935;23.975;1300;1300
2026-06-08T11:56:15.0000000Z;23.94;23.975;1300;1300
2026-06-08T11:56:16.0000000Z;23.945;24.02;1300;1400
2026-06-08T11:56:17.0000000Z;23.94;23.98;1300;1300
2026-06-08T11:56:21.0000000Z;23.94;23.975;1300;1300
2026-06-08T11:56:22.0000000Z;23.875;23.97;1300;1300
2026-06-08T11:56:23.0000000Z;23.94;23.975;1300;1300
2026-06-08T11:56:24.0000000Z;23.94;23.98;1300;1300
2026-06-08T11:57:38.0000000Z;23.94;23.975;1300;1300
2026-06-08T11:57:40.0000000Z;23.935;23.975;1300;1300
2026-06-08T11:57:41.0000000Z;23.935;23.975;1300;1300
2026-06-08T11:57:42.0000000Z;23.865;23.975;1300;1300
2026-06-08T11:57:44.0000000Z;23.935;23.975;1300;1300
2026-06-08T11:57:46.0000000Z;23.945;24.03;1300;1300
2026-06-08T11:57:47.0000000Z;23.94;23.975;1300;1300
2026-06-08T11:57:48.0000000Z;23.94;23.98;1300;1300
2026-06-08T11:57:49.0000000Z;23.875;23.97;1300;1300
2026-06-08T11:57:50.0000000Z;23.865;23.975;1300;1300
2026-06-08T11:57:51.0000000Z;23.8;23.97;1300;1300
2026-06-08T11:57:52.0000000Z;23.86;23.965;1300;1300
2026-06-08T11:57:53.0000000Z;23.86;23.965;1300;1300
2026-06-08T11:57:54.0000000Z;23.93;23.965;1300;1300
2026-06-08T11:57:55.0000000Z;23.93;23.965;1300;1300
2026-06-08T11:57:56.0000000Z;23.93;24.025;1300;1300
2026-06-08T11:57:57.0000000Z;23.87;24.02;1300;1300
2026-06-08T11:57:58.0000000Z;23.93;23.965;1300;1300
2026-06-08T11:58:00.0000000Z;23.93;23.97;1300;1300
2026-06-08T11:58:04.0000000Z;23.935;24.025;1300;1400
2026-06-08T11:58:05.0000000Z;23.87;23.96;1300;1300
2026-06-08T11:58:06.0000000Z;23.865;23.965;1300;1300
2026-06-08T11:58:08.0000000Z;23.93;23.97;1300;1300
2026-06-08T11:58:43.0000000Z;23.87;23.965;1300;1300
2026-06-08T11:58:44.0000000Z;23.935;23.97;1300;1300
2026-06-08T11:58:46.0000000Z;23.935;23.975;1300;1300
2026-06-08T11:58:49.0000000Z;23.94;24.015;1300;1400
2026-06-08T11:58:50.0000000Z;23.935;24.02;1300;1300
2026-06-08T11:58:52.0000000Z;23.935;23.975;1300;1300
2026-06-08T11:58:54.0000000Z;23.935;24.025;1300;1300
2026-06-08T11:58:56.0000000Z;23.935;23.975;1300;1300
2026-06-08T11:59:08.0000000Z;23.87;24.02;1300;1300
2026-06-08T11:59:09.0000000Z;23.87;24.025;1300;1400
2026-06-08T11:59:10.0000000Z;23.87;24.035;1300;1300
2026-06-08T11:59:20.0000000Z;23.945;23.985;1300;1300
2026-06-08T11:59:57.0000000Z;23.945;23.98;1300;1300
2026-06-08T11:59:58.0000000Z;23.875;24.025;1300;1300
2026-06-08T11:59:59.0000000Z;23.94;23.975;1300;1300
2026-06-08T12:00:01.0000000Z;23.935;23.975;1300;1300
2026-06-08T12:00:02.0000000Z;23.935;23.97;1300;1300
2026-06-08T12:00:03.0000000Z;23.935;23.97;1300;1300
2026-06-08T12:00:04.0000000Z;23.865;24.025;1300;1300
2026-06-08T12:00:05.0000000Z;23.865;24.025;1300;1300
2026-06-08T12:00:06.0000000Z;23.935;23.97;1300;1300
2026-06-08T12:00:07.0000000Z;23.935;23.975;1300;1300
2026-06-08T12:00:08.0000000Z;23.935;23.975;1300;1300
2026-06-08T12:00:09.0000000Z;23.935;23.97;1300;1300
2026-06-08T12:00:10.0000000Z;23.93;23.97;1300;1300
2026-06-08T12:00:12.0000000Z;23.87;24.015;1300;1300
2026-06-08T12:00:13.0000000Z;23.93;23.97;1300;1300
2026-06-08T12:00:14.0000000Z;23.8;23.965;1300;1300
2026-06-08T12:00:15.0000000Z;23.865;23.97;1300;1300
2026-06-08T12:00:16.0000000Z;23.935;23.97;1300;1300
2026-06-08T12:00:18.0000000Z;23.935;23.975;1300;1300
2026-06-08T12:00:21.0000000Z;23.94;23.975;1300;1300
2026-06-08T12:00:22.0000000Z;23.935;23.975;1300;1300
2026-06-08T12:00:25.0000000Z;23.87;23.97;1300;1300
2026-06-08T12:00:26.0000000Z;23.87;24.025;1300;1300
2026-06-08T12:00:28.0000000Z;23.94;23.98;1300;1300
2026-06-08T12:00:29.0000000Z;23.875;23.975;1300;1300
2026-06-08T12:00:30.0000000Z;23.95;24.025;1300;1400
2026-06-08T12:00:31.0000000Z;23.945;23.98;1300;1300
2026-06-08T12:00:32.0000000Z;23.95;24.02;1300;1400
2026-06-08T12:00:33.0000000Z;23.945;23.98;1300;1300
2026-06-08T12:00:34.0000000Z;23.945;23.985;1300;1300
2026-06-08T12:00:37.0000000Z;23.945;23.98;1300;1300
2026-06-08T12:00:38.0000000Z;23.945;23.98;1300;1300
2026-06-08T12:00:39.0000000Z;23.875;23.975;1300;1300
2026-06-08T12:00:40.0000000Z;23.94;23.98;1300;1300
2026-06-08T12:00:41.0000000Z;23.945;23.98;1300;1300
2026-06-08T12:00:48.0000000Z;23.945;23.985;1300;1300
2026-06-08T12:00:49.0000000Z;23.875;24.015;1300;1300
2026-06-08T12:00:50.0000000Z;23.95;23.99;1300;1300
2026-06-08T12:00:58.0000000Z;23.95;23.985;1300;1300
2026-06-08T12:00:59.0000000Z;23.88;23.975;1300;1400
