2026-06-08T07:42:45.0000000Z;9.3514;9.4416;1500;1500
2026-06-08T07:58:20.0000000Z;9.3556;9.4416;1500;1500
2026-06-08T07:58:21.0000000Z;9.356;9.4464;1500;1500
2026-06-08T07:58:21.0000000Z;9.356;9.4464;1500;1500
2026-06-08T07:58:21.0000000Z;9.356;9.4464;1500;1500
2026-06-08T08:09:58.0000000Z;9.356;9.442;1500;1500
2026-06-08T08:10:00.0000000Z;9.3514;9.4418;1500;1500
2026-06-08T08:10:00.0000000Z;9.3514;9.4418;1500;1500
2026-06-08T08:10:00.0000000Z;9.3514;9.4418;1500;1500
2026-06-08T08:16:39.0000000Z;9.3566;9.4458;1500;1500
2026-06-08T08:16:39.0000000Z;9.3566;9.4458;1500;1500
2026-06-08T08:16:39.0000000Z;9.3566;9.4458;1500;1500
2026-06-08T08:16:39.0000000Z;9.3566;9.4458;1500;1500
2026-06-08T08:16:39.0000000Z;9.3566;9.4458;1500;1500
2026-06-08T08:16:39.0000000Z;9.3566;9.4458;1500;1500
2026-06-08T08:16:39.0000000Z;9.3566;9.4458;1500;1500
2026-06-08T08:16:39.0000000Z;9.3566;9.4458;1500;1500
2026-06-08T08:52:56.0000000Z;9.361;9.4458;1500;1500
2026-06-08T08:52:57.0000000Z;9.3612;9.4504;1500;1500
2026-06-08T08:52:57.0000000Z;9.3612;9.4504;1500;1500
2026-06-08T08:52:57.0000000Z;9.3612;9.4504;1500;1500
2026-06-08T08:52:57.0000000Z;9.3612;9.4504;1500;1500
2026-06-08T08:52:57.0000000Z;9.3612;9.4504;1500;1500
2026-06-08T09:12:45.0000000Z;9.3612;9.455;1500;1500
2026-06-08T09:14:39.0000000Z;9.3654;9.455;1500;1500
2026-06-08T09:15:09.0000000Z;9.3658;9.455;1500;1500
2026-06-08T09:15:09.0000000Z;9.3658;9.455;1500;1500
2026-06-08T09:15:09.0000000Z;9.3658;9.455;1500;1500
2026-06-08T09:15:09.0000000Z;9.3658;9.455;1500;1500
2026-06-08T09:15:09.0000000Z;9.3658;9.455;1500;1500
2026-06-08T09:31:56.0000000Z;9.37;9.4596;1500;1500
2026-06-08T09:32:26.0000000Z;9.3704;9.4596;1500;1500
2026-06-08T09:32:26.0000000Z;9.3704;9.4596;1500;1500
2026-06-08T09:37:20.0000000Z;9.3658;9.4596;1500;1500
2026-06-08T09:37:23.0000000Z;9.3658;9.4552;1500;1500
2026-06-08T09:37:55.0000000Z;9.3658;9.455;1500;1500
2026-06-08T09:40:30.0000000Z;9.3652;9.4556;1500;1500
2026-06-08T09:40:32.0000000Z;9.3652;9.4556;1500;1500
2026-06-08T09:40:32.0000000Z;9.3652;9.4556;1500;1500
2026-06-08T09:40:32.0000000Z;9.3652;9.4556;1500;1500
2026-06-08T09:40:32.0000000Z;9.3652;9.4556;1500;1500
2026-06-08T09:55:54.0000000Z;9.3602;9.4554;1500;1500
2026-06-08T09:55:58.0000000Z;9.3606;9.4512;1500;1500
2026-06-08T09:55:58.0000000Z;9.3606;9.4512;1500;1500
2026-06-08T09:56:28.0000000Z;9.3606;9.451;1500;1500
2026-06-08T09:56:28.0000000Z;9.3606;9.451;1500;1500
2026-06-08T09:56:28.0000000Z;9.3606;9.451;1500;1500
2026-06-08T09:56:28.0000000Z;9.3606;9.451;1500;1500
2026-06-08T09:56:28.0000000Z;9.3606;9.451;1500;1500
2026-06-08T09:56:28.0000000Z;9.3606;9.451;1500;1500
2026-06-08T10:22:50.0000000Z;9.3606;9.4508;1500;1500
2026-06-08T10:25:45.0000000Z;9.356;9.4464;1500;1500
2026-06-08T10:25:45.0000000Z;9.356;9.4464;1500;1500
2026-06-08T10:25:45.0000000Z;9.356;9.4464;1500;1500
2026-06-08T10:34:21.0000000Z;9.3358;9.4462;1500;1500
2026-06-08T10:34:30.0000000Z;9.327;9.491;586;586
2026-06-08T10:34:33.0000000Z;9.3316;9.495;3400;3400
2026-06-08T10:34:33.0000000Z;9.3316;9.495;3400;3400
2026-06-08T10:37:18.0000000Z;9.3208;9.484;1500;1500
2026-06-08T10:37:26.0000000Z;9.3366;9.4602;1500;1500
2026-06-08T10:37:57.0000000Z;9.3368;9.46;1500;1500
2026-06-08T10:37:57.0000000Z;9.3368;9.46;1500;1500
2026-06-08T10:37:57.0000000Z;9.3368;9.46;1500;1500
2026-06-08T10:37:57.0000000Z;9.3368;9.46;1500;1500
2026-06-08T10:37:57.0000000Z;9.3368;9.46;1500;1500
2026-06-08T10:37:57.0000000Z;9.3368;9.46;1500;1500
2026-06-08T10:37:57.0000000Z;9.3368;9.46;1500;1500
2026-06-08T11:07:52.0000000Z;9.3512;9.442;1500;1500
2026-06-08T11:08:22.0000000Z;9.3516;9.4418;1500;1500
2026-06-08T11:09:30.0000000Z;9.3514;9.442;1066;1066
2026-06-08T11:10:46.0000000Z;9.3154;9.478;3400;3400
2026-06-08T11:10:46.0000000Z;9.3154;9.478;3400;3400
2026-06-08T11:12:46.0000000Z;9.3468;9.4372;1500;1500
2026-06-08T11:13:16.0000000Z;9.347;9.437;1500;1500
2026-06-08T11:15:16.0000000Z;9.347;9.437;586;586
2026-06-08T11:15:18.0000000Z;9.3178;9.4786;586;586
2026-06-08T11:15:18.0000000Z;9.3178;9.4786;586;586
2026-06-08T11:20:33.0000000Z;9.3178;9.4812;1500;1500
2026-06-08T11:20:43.0000000Z;9.3416;9.4324;1500;1500
2026-06-08T11:20:43.0000000Z;9.3416;9.4324;1500;1500
2026-06-08T11:21:13.0000000Z;9.342;9.4322;1500;1500
2026-06-08T11:21:13.0000000Z;9.342;9.4322;1500;1500
2026-06-08T11:21:13.0000000Z;9.342;9.4322;1500;1500
2026-06-08T11:21:13.0000000Z;9.342;9.4322;1500;1500
2026-06-08T11:41:03.0000000Z;9.3466;9.4368;1500;1500
2026-06-08T11:41:03.0000000Z;9.3466;9.4368;1500;1500
2026-06-08T11:41:03.0000000Z;9.3466;9.4368;1500;1500
2026-06-08T11:41:03.0000000Z;9.3466;9.4368;1500;1500
2026-06-08T11:41:03.0000000Z;9.3466;9.4368;1500;1500
2026-06-08T12:03:00.0000000Z;9.3466;9.4324;1500;1500
2026-06-08T12:03:01.0000000Z;9.342;9.4322;1500;1500
2026-06-08T12:03:01.0000000Z;9.342;9.4322;1500;1500
2026-06-08T12:03:01.0000000Z;9.342;9.4322;1500;1500
2026-06-08T12:03:01.0000000Z;9.342;9.4322;1500;1500
2026-06-08T12:03:01.0000000Z;9.342;9.4322;1500;1500
2026-06-08T12:23:20.0000000Z;9.342;9.4368;1500;1500
2026-06-08T12:23:22.0000000Z;9.3462;9.4368;1500;1500
2026-06-08T12:23:52.0000000Z;9.3466;9.4368;1500;1500
2026-06-08T12:23:52.0000000Z;9.3466;9.4368;1500;1500
2026-06-08T12:29:30.0000000Z;9.3464;9.437;1066;1066
2026-06-08T12:29:30.0000000Z;9.3464;9.437;1066;1066
2026-06-08T12:32:00.0000000Z;9.3466;9.4368;1500;1500
2026-06-08T12:32:00.0000000Z;9.3466;9.4368;1500;1500
2026-06-08T12:32:00.0000000Z;9.3466;9.4368;1500;1500
2026-06-08T12:32:00.0000000Z;9.3466;9.4368;1500;1500
2026-06-08T12:32:00.0000000Z;9.3466;9.4368;1500;1500
2026-06-08T12:32:00.0000000Z;9.3466;9.4368;1500;1500
2026-06-08T13:00:31.0000000Z;9.342;9.4324;1500;1500
2026-06-08T13:01:02.0000000Z;9.342;9.4322;1500;1500
2026-06-08T13:01:02.0000000Z;9.342;9.4322;1500;1500
2026-06-08T13:01:02.0000000Z;9.342;9.4322;1500;1500
2026-06-08T13:01:02.0000000Z;9.342;9.4322;1500;1500
2026-06-08T13:01:02.0000000Z;9.342;9.4322;1500;1500
2026-06-08T13:22:51.0000000Z;9.3084;9.4322;1500;1500
2026-06-08T13:22:52.0000000Z;9.3366;9.4278;1500;1500
2026-06-08T13:23:22.0000000Z;9.337;9.4276;1500;1500
2026-06-08T13:23:22.0000000Z;9.337;9.4276;1500;1500
2026-06-08T13:28:00.0000000Z;9.3366;9.4278;1072;1072
2026-06-08T13:28:00.0000000Z;9.3366;9.4278;1072;1072
2026-06-08T13:32:02.0000000Z;9.3368;9.4278;1500;1500
2026-06-08T13:33:48.0000000Z;9.337;9.4276;1500;1500
2026-06-08T13:35:31.0000000Z;9.3412;9.4276;1500;1500
2026-06-08T13:36:01.0000000Z;9.3416;9.4276;1500;1500
2026-06-08T13:36:01.0000000Z;9.3416;9.4276;1500;1500
2026-06-08T13:41:13.0000000Z;9.3416;9.4322;1500;1500
2026-06-08T13:41:13.0000000Z;9.3416;9.4322;1500;1500
2026-06-08T13:41:13.0000000Z;9.3416;9.4322;1500;1500
2026-06-08T13:41:13.0000000Z;9.3416;9.4322;1500;1500
2026-06-08T14:00:11.0000000Z;9.3086;9.4716;1500;1500
2026-06-08T14:00:14.0000000Z;9.3412;9.4324;1500;1500
2026-06-08T14:00:44.0000000Z;9.3416;9.4322;1500;1500
2026-06-08T14:00:44.0000000Z;9.3416;9.4322;1500;1500
2026-06-08T14:02:24.0000000Z;9.3416;9.4322;1079;1079
2026-06-08T14:02:25.0000000Z;9.3084;9.4684;1079;1079
2026-06-08T14:02:29.0000000Z;9.3412;9.4324;1500;1500
2026-06-08T14:02:59.0000000Z;9.3416;9.4322;1500;1500
2026-06-08T14:02:59.0000000Z;9.3416;9.4322;1500;1500
2026-06-08T14:08:31.0000000Z;9.3418;9.4322;1500;1500
2026-06-08T14:10:10.0000000Z;9.3458;9.4322;1500;1500
2026-06-08T14:10:18.0000000Z;9.3462;9.4368;1500;1500
2026-06-08T14:10:18.0000000Z;9.3462;9.4368;1500;1500
2026-06-08T14:10:18.0000000Z;9.3462;9.4368;1500;1500
2026-06-08T14:10:18.0000000Z;9.3462;9.4368;1500;1500
2026-06-08T14:10:18.0000000Z;9.3462;9.4368;1500;1500
2026-06-08T14:10:18.0000000Z;9.3462;9.4368;1500;1500
2026-06-08T14:10:18.0000000Z;9.3462;9.4368;1500;1500
2026-06-08T14:10:18.0000000Z;9.3462;9.4368;1500;1500
2026-06-08T14:10:18.0000000Z;9.3462;9.4368;1500;1500
2026-06-08T14:10:18.0000000Z;9.3462;9.4368;1500;1500
2026-06-08T14:53:45.0000000Z;9.3462;9.4324;1500;1500
2026-06-08T14:54:15.0000000Z;9.3462;9.4322;1500;1500
