2026-06-08T07:56:00.0000000Z;6.37;6.385;6000;7000
2026-06-08T07:56:04.0000000Z;6.37;6.385;6500;7000
2026-06-08T07:56:48.0000000Z;6.371;6.386;6000;7000
2026-06-08T07:56:54.0000000Z;6.371;6.386;6000;7000
2026-06-08T07:57:23.0000000Z;6.371;6.386;6500;7000
2026-06-08T07:57:30.0000000Z;6.371;6.386;6000;7000
2026-06-08T07:57:40.0000000Z;6.372;6.386;6500;7000
2026-06-08T07:58:03.0000000Z;6.372;6.387;6500;7000
2026-06-08T07:58:05.0000000Z;6.372;6.386;6500;7000
2026-06-08T07:58:19.0000000Z;6.372;6.387;6500;7000
2026-06-08T07:58:27.0000000Z;6.373;6.387;6500;7000
2026-06-08T07:58:31.0000000Z;6.372;6.387;6500;7000
2026-06-08T07:58:49.0000000Z;6.373;6.387;6500;7000
2026-06-08T07:58:51.0000000Z;6.372;6.387;6500;7000
2026-06-08T07:59:03.0000000Z;6.373;6.387;6500;7000
2026-06-08T07:59:05.0000000Z;6.372;6.387;6500;7000
2026-06-08T07:59:07.0000000Z;6.373;6.387;6500;7000
2026-06-08T07:59:19.0000000Z;6.372;6.387;6500;7000
2026-06-08T07:59:21.0000000Z;6.373;6.387;6500;7000
2026-06-08T07:59:32.0000000Z;6.374;6.388;6000;7000
2026-06-08T07:59:40.0000000Z;6.374;6.388;6000;6000
2026-06-08T07:59:41.0000000Z;6.374;6.387;6000;6000
2026-06-08T07:59:46.0000000Z;6.374;6.388;6000;7000
2026-06-08T07:59:47.0000000Z;6.374;6.389;6000;7000
2026-06-08T08:00:25.0000000Z;6.374;6.389;6000;6000
2026-06-08T08:00:47.0000000Z;6.374;6.388;6000;6000
2026-06-08T08:00:59.0000000Z;6.374;6.389;6000;6000
2026-06-08T08:01:03.0000000Z;6.374;6.388;6000;6000
2026-06-08T08:01:05.0000000Z;6.374;6.389;6000;6000
2026-06-08T08:01:31.0000000Z;6.374;6.389;6000;6500
2026-06-08T08:01:32.0000000Z;6.374;6.389;6000;6000
2026-06-08T08:01:34.0000000Z;6.374;6.388;6000;6500
2026-06-08T08:01:55.0000000Z;6.374;6.389;6000;6000
2026-06-08T08:02:14.0000000Z;6.375;6.389;6000;6500
2026-06-08T08:02:26.0000000Z;6.374;6.389;6000;6000
2026-06-08T08:02:31.0000000Z;6.374;6.389;6000;6500
2026-06-08T08:03:00.0000000Z;6.374;6.388;6000;6500
2026-06-08T08:03:02.0000000Z;6.374;6.389;6000;6500
2026-06-08T08:03:17.0000000Z;6.374;6.388;6000;6000
2026-06-08T08:03:23.0000000Z;6.374;6.388;6000;6000
2026-06-08T08:03:25.0000000Z;6.374;6.388;6000;6500
2026-06-08T08:04:10.0000000Z;6.373;6.388;6000;6500
2026-06-08T08:04:13.0000000Z;6.373;6.387;6000;6000
2026-06-08T08:04:15.0000000Z;6.372;6.387;6000;6000
2026-06-08T08:04:18.0000000Z;6.372;6.387;6000;6000
2026-06-08T08:04:53.0000000Z;6.373;6.387;6000;6000
2026-06-08T08:05:05.0000000Z;6.372;6.387;6000;6000
2026-06-08T08:05:07.0000000Z;6.373;6.387;6000;6000
2026-06-08T08:05:15.0000000Z;6.373;6.387;6000;7000
2026-06-08T08:05:23.0000000Z;6.372;6.387;6000;6000
2026-06-08T08:05:24.0000000Z;6.372;6.387;6000;6500
2026-06-08T08:05:25.0000000Z;6.372;6.387;6000;7000
2026-06-08T08:05:43.0000000Z;6.372;6.387;6000;6000
2026-06-08T08:06:21.0000000Z;6.373;6.387;6000;6000
2026-06-08T08:06:55.0000000Z;6.372;6.387;6000;6000
2026-06-08T08:06:57.0000000Z;6.373;6.387;6000;6000
2026-06-08T08:07:05.0000000Z;6.372;6.387;6000;6000
2026-06-08T08:07:08.0000000Z;6.373;6.387;6000;6000
2026-06-08T08:07:15.0000000Z;6.372;6.387;6000;6000
2026-06-08T08:07:19.0000000Z;6.373;6.387;6000;6000
2026-06-08T08:07:21.0000000Z;6.372;6.387;6000;6000
2026-06-08T08:07:26.0000000Z;6.373;6.387;6000;6000
2026-06-08T08:08:04.0000000Z;6.372;6.387;6000;6000
2026-06-08T08:08:08.0000000Z;6.373;6.387;6000;6000
2026-06-08T08:08:20.0000000Z;6.372;6.387;6000;6000
2026-06-08T08:08:24.0000000Z;6.373;6.387;6000;6000
2026-06-08T08:08:31.0000000Z;6.372;6.387;6000;6000
2026-06-08T08:08:34.0000000Z;6.372;6.386;6000;6000
2026-06-08T08:09:05.0000000Z;6.371;6.386;6000;7000
2026-06-08T08:09:06.0000000Z;6.371;6.386;6000;6000
2026-06-08T08:09:08.0000000Z;6.372;6.386;6000;6000
2026-06-08T08:09:09.0000000Z;6.372;6.386;6000;7000
2026-06-08T08:09:15.0000000Z;6.371;6.386;6000;6000
2026-06-08T08:09:16.0000000Z;6.371;6.386;6000;7000
2026-06-08T08:09:28.0000000Z;6.372;6.386;6000;6000
2026-06-08T08:09:29.0000000Z;6.372;6.386;6000;7000
2026-06-08T08:09:34.0000000Z;6.371;6.386;6000;7000
2026-06-08T08:09:35.0000000Z;6.371;6.385;6000;6500
2026-06-08T08:09:36.0000000Z;6.371;6.385;6000;6000
2026-06-08T08:09:41.0000000Z;6.371;6.385;6000;7000
2026-06-08T08:09:42.0000000Z;6.371;6.386;6000;6000
2026-06-08T08:09:50.0000000Z;6.371;6.385;6000;6000
2026-06-08T08:09:52.0000000Z;6.371;6.386;6000;6000
2026-06-08T08:09:56.0000000Z;6.371;6.385;6000;6000
2026-06-08T08:09:58.0000000Z;6.371;6.386;6000;6000
2026-06-08T08:10:02.0000000Z;6.371;6.385;6000;6000
2026-06-08T08:10:04.0000000Z;6.371;6.385;6000;7000
2026-06-08T08:10:18.0000000Z;6.371;6.386;6000;7000
2026-06-08T08:10:29.0000000Z;6.372;6.386;6000;7000
2026-06-08T08:10:48.0000000Z;6.372;6.387;6000;7000
2026-06-08T08:10:49.0000000Z;6.372;6.387;6000;6500
2026-06-08T08:10:50.0000000Z;6.372;6.387;6000;7000
2026-06-08T08:11:08.0000000Z;6.372;6.386;6000;7000
2026-06-08T08:11:35.0000000Z;6.372;6.386;6000;6500
2026-06-08T08:11:36.0000000Z;6.372;6.387;6000;6500
2026-06-08T08:11:37.0000000Z;6.372;6.386;6000;6000
2026-06-08T08:11:39.0000000Z;6.372;6.386;6000;7000
2026-06-08T08:11:40.0000000Z;6.372;6.386;6000;6000
2026-06-08T08:11:41.0000000Z;6.372;6.387;6000;6500
2026-06-08T08:11:42.0000000Z;6.372;6.387;6000;7000
2026-06-08T08:11:43.0000000Z;6.372;6.387;6000;6500
2026-06-08T08:11:44.0000000Z;6.372;6.387;6000;7000
2026-06-08T08:12:22.0000000Z;6.372;6.387;6000;6500
2026-06-08T08:12:23.0000000Z;6.372;6.387;6000;6000
2026-06-08T08:12:28.0000000Z;6.372;6.387;6000;7000
2026-06-08T08:12:49.0000000Z;6.371;6.387;6000;7000
2026-06-08T08:12:51.0000000Z;6.372;6.387;6000;7000
2026-06-08T08:12:55.0000000Z;6.371;6.387;6000;7000
2026-06-08T08:12:57.0000000Z;6.372;6.387;6000;7000
2026-06-08T08:13:05.0000000Z;6.371;6.387;6000;7000
2026-06-08T08:13:25.0000000Z;6.372;6.387;6000;7000
2026-06-08T08:13:45.0000000Z;6.371;6.387;6000;7000
2026-06-08T08:13:47.0000000Z;6.372;6.387;6000;7000
2026-06-08T08:13:53.0000000Z;6.371;6.387;6000;7000
2026-06-08T08:13:55.0000000Z;6.372;6.387;6000;7000
2026-06-08T08:13:57.0000000Z;6.371;6.387;6000;7000
2026-06-08T08:14:05.0000000Z;6.372;6.387;6000;7000
2026-06-08T08:16:44.0000000Z;6.372;6.388;6000;7000
2026-06-08T08:16:56.0000000Z;6.372;6.387;6000;7000
2026-06-08T08:16:57.0000000Z;6.372;6.388;6000;7000
2026-06-08T08:17:10.0000000Z;6.373;6.389;6000;7000
2026-06-08T08:17:55.0000000Z;6.373;6.389;7000;7000
2026-06-08T08:17:57.0000000Z;6.373;6.389;6500;7000
2026-06-08T08:17:58.0000000Z;6.373;6.389;7000;7000
2026-06-08T08:18:26.0000000Z;6.372;6.389;7000;7000
2026-06-08T08:18:30.0000000Z;6.373;6.389;7000;7000
2026-06-08T08:18:44.0000000Z;6.372;6.389;7000;7000
2026-06-08T08:18:46.0000000Z;6.373;6.389;7000;7000
2026-06-08T08:18:48.0000000Z;6.372;6.388;7000;7000
2026-06-08T08:18:50.0000000Z;6.372;6.389;7000;7000
2026-06-08T08:18:52.0000000Z;6.372;6.388;7000;7000
2026-06-08T08:19:11.0000000Z;6.372;6.389;7000;7000
2026-06-08T08:19:27.0000000Z;6.372;6.388;7000;7000
2026-06-08T08:19:35.0000000Z;6.372;6.389;7000;7000
2026-06-08T08:19:37.0000000Z;6.372;6.388;7000;7000
2026-06-08T08:19:41.0000000Z;6.372;6.389;7000;7000
2026-06-08T08:19:49.0000000Z;6.373;6.389;7000;7000
2026-06-08T08:19:51.0000000Z;6.372;6.389;7000;7000
2026-06-08T08:19:57.0000000Z;6.372;6.388;7000;7000
2026-06-08T08:19:59.0000000Z;6.372;6.389;7000;7000
2026-06-08T08:20:17.0000000Z;6.373;6.389;7000;7000
2026-06-08T08:20:37.0000000Z;6.373;6.389;6000;7000
2026-06-08T08:20:42.0000000Z;6.373;6.389;7000;7000
2026-06-08T08:21:19.0000000Z;6.373;6.389;6000;7000
2026-06-08T08:21:22.0000000Z;6.373;6.388;6000;7000
2026-06-08T08:22:55.0000000Z;6.372;6.388;6000;6500
2026-06-08T08:22:56.0000000Z;6.373;6.387;6000;6000
2026-06-08T08:22:57.0000000Z;6.373;6.387;6000;6000
2026-06-08T08:22:59.0000000Z;6.373;6.387;6000;6500
2026-06-08T08:23:00.0000000Z;6.373;6.387;6000;7000
2026-06-08T08:23:19.0000000Z;6.372;6.387;6000;7000
2026-06-08T08:23:28.0000000Z;6.372;6.387;6000;6500
2026-06-08T08:23:29.0000000Z;6.372;6.387;6000;6000
2026-06-08T08:23:32.0000000Z;6.372;6.387;6000;6500
2026-06-08T08:23:33.0000000Z;6.372;6.387;6000;6000
2026-06-08T08:23:34.0000000Z;6.372;6.387;6000;6000
2026-06-08T08:23:43.0000000Z;6.372;6.387;6000;6000
2026-06-08T08:23:48.0000000Z;6.372;6.387;7000;6000
2026-06-08T08:23:53.0000000Z;6.371;6.387;6000;6000
2026-06-08T08:24:03.0000000Z;6.372;6.387;7000;6000
2026-06-08T08:24:18.0000000Z;6.371;6.386;6000;6000
2026-06-08T08:24:20.0000000Z;6.372;6.386;6000;6000
2026-06-08T08:24:42.0000000Z;6.372;6.387;6000;6000
2026-06-08T08:24:50.0000000Z;6.372;6.386;6000;6000
2026-06-08T08:24:54.0000000Z;6.372;6.387;6000;6000
2026-06-08T08:24:56.0000000Z;6.372;6.386;6000;6000
2026-06-08T08:25:06.0000000Z;6.372;6.387;6000;6000
2026-06-08T08:25:18.0000000Z;6.372;6.388;6500;6000
2026-06-08T08:25:38.0000000Z;6.372;6.387;6500;6000
2026-06-08T08:25:40.0000000Z;6.372;6.388;6500;6000
2026-06-08T08:25:42.0000000Z;6.372;6.387;6500;6000
2026-06-08T08:25:43.0000000Z;6.372;6.388;6000;6500
2026-06-08T08:25:44.0000000Z;6.373;6.388;6000;7000
2026-06-08T08:25:54.0000000Z;6.372;6.388;6000;6000
2026-06-08T08:25:56.0000000Z;6.372;6.388;6000;6500
2026-06-08T08:25:57.0000000Z;6.372;6.388;6000;7000
2026-06-08T08:26:09.0000000Z;6.372;6.388;6000;6000
2026-06-08T08:26:10.0000000Z;6.372;6.388;6000;6500
2026-06-08T08:26:11.0000000Z;6.372;6.388;6000;7000
2026-06-08T08:26:15.0000000Z;6.372;6.388;6000;6000
2026-06-08T08:26:16.0000000Z;6.372;6.387;6000;7000
2026-06-08T08:26:29.0000000Z;6.372;6.387;6000;6000
2026-06-08T08:26:30.0000000Z;6.372;6.387;6000;6500
2026-06-08T08:26:35.0000000Z;6.372;6.387;6000;6000
2026-06-08T08:26:46.0000000Z;6.372;6.387;6000;7000
2026-06-08T08:26:49.0000000Z;6.372;6.387;6000;6000
2026-06-08T08:26:54.0000000Z;6.372;6.387;6000;7000
2026-06-08T08:26:55.0000000Z;6.372;6.387;6000;6000
2026-06-08T08:26:56.0000000Z;6.372;6.387;6000;7000
2026-06-08T08:26:58.0000000Z;6.372;6.387;6000;7000
2026-06-08T08:26:59.0000000Z;6.372;6.387;6000;6000
2026-06-08T08:27:02.0000000Z;6.371;6.387;6000;7000
2026-06-08T08:27:06.0000000Z;6.371;6.387;6500;7000
2026-06-08T08:27:09.0000000Z;6.371;6.387;6000;7000
2026-06-08T08:28:54.0000000Z;6.372;6.386;6000;6000
2026-06-08T08:28:55.0000000Z;6.371;6.386;6000;6000
2026-06-08T08:29:17.0000000Z;6.37;6.385;6500;6000
2026-06-08T08:29:22.0000000Z;6.37;6.385;6000;6000
2026-06-08T08:29:24.0000000Z;6.37;6.385;6500;6000
2026-06-08T08:29:25.0000000Z;6.37;6.384;6000;6000
2026-06-08T08:29:37.0000000Z;6.37;6.384;6500;6000
2026-06-08T08:29:55.0000000Z;6.37;6.385;6500;6000
2026-06-08T08:29:57.0000000Z;6.37;6.384;6500;6000
2026-06-08T08:30:05.0000000Z;6.37;6.385;6500;6000
2026-06-08T08:30:11.0000000Z;6.37;6.384;6500;6000
2026-06-08T08:30:54.0000000Z;6.369;6.384;6500;6000
2026-06-08T08:30:57.0000000Z;6.37;6.384;6500;6000
2026-06-08T08:31:07.0000000Z;6.37;6.385;6500;6000
2026-06-08T08:31:13.0000000Z;6.37;6.384;6500;6000
2026-06-08T08:31:15.0000000Z;6.37;6.385;6500;6000
2026-06-08T08:31:21.0000000Z;6.37;6.384;6500;6000
2026-06-08T08:31:23.0000000Z;6.37;6.385;6500;6000
2026-06-08T08:31:44.0000000Z;6.37;6.386;6500;6000
2026-06-08T08:31:46.0000000Z;6.37;6.385;7000;6000
2026-06-08T08:31:47.0000000Z;6.37;6.386;7000;6000
2026-06-08T08:32:04.0000000Z;6.371;6.386;6000;6000
2026-06-08T08:32:05.0000000Z;6.372;6.386;6000;6000
2026-06-08T08:33:02.0000000Z;6.372;6.387;6000;6000
2026-06-08T08:33:04.0000000Z;6.372;6.386;6000;6000
2026-06-08T08:33:16.0000000Z;6.372;6.387;7000;6000
2026-06-08T08:33:17.0000000Z;6.372;6.387;6000;6000
2026-06-08T08:33:22.0000000Z;6.372;6.387;7000;6000
2026-06-08T08:34:27.0000000Z;6.372;6.387;6000;6000
2026-06-08T08:34:29.0000000Z;6.372;6.387;7000;6000
2026-06-08T08:34:33.0000000Z;6.372;6.388;6500;6000
2026-06-08T08:34:41.0000000Z;6.372;6.388;6000;6000
2026-06-08T08:35:00.0000000Z;6.373;6.388;7000;6000
2026-06-08T08:35:01.0000000Z;6.373;6.388;6000;6000
2026-06-08T08:35:02.0000000Z;6.373;6.388;7000;6000
2026-06-08T08:35:07.0000000Z;6.373;6.388;6000;6000
2026-06-08T08:35:08.0000000Z;6.373;6.388;7000;6000
2026-06-08T08:35:12.0000000Z;6.373;6.389;6000;6000
2026-06-08T08:35:30.0000000Z;6.373;6.388;6000;6000
2026-06-08T08:35:32.0000000Z;6.373;6.388;6000;7000
2026-06-08T08:35:56.0000000Z;6.372;6.388;6000;7000
2026-06-08T08:36:35.0000000Z;6.372;6.387;6000;7000
2026-06-08T08:36:47.0000000Z;6.372;6.388;6000;7000
2026-06-08T08:36:54.0000000Z;6.372;6.387;6000;7000
2026-06-08T08:37:21.0000000Z;6.371;6.387;6000;7000
2026-06-08T08:37:32.0000000Z;6.372;6.387;6000;7000
2026-06-08T08:37:34.0000000Z;6.371;6.387;6000;7000
2026-06-08T08:37:38.0000000Z;6.372;6.387;6000;7000
2026-06-08T08:39:13.0000000Z;6.372;6.388;6000;7000
2026-06-08T08:40:18.0000000Z;6.373;6.388;6000;7000
2026-06-08T08:40:54.0000000Z;6.373;6.388;6000;6000
2026-06-08T08:40:55.0000000Z;6.373;6.388;6000;7000
2026-06-08T08:40:56.0000000Z;6.373;6.388;6000;7000
2026-06-08T08:40:57.0000000Z;6.373;6.388;6000;7000
2026-06-08T08:40:59.0000000Z;6.373;6.388;6000;6000
2026-06-08T08:41:00.0000000Z;6.373;6.388;6000;7000
2026-06-08T08:41:01.0000000Z;6.373;6.389;6000;7000
2026-06-08T08:41:02.0000000Z;6.373;6.388;6000;6000
2026-06-08T08:41:03.0000000Z;6.373;6.388;6000;6000
2026-06-08T08:41:04.0000000Z;6.373;6.388;6000;7000
2026-06-08T08:41:05.0000000Z;6.373;6.388;6000;6000
2026-06-08T08:41:06.0000000Z;6.373;6.388;6000;7000
2026-06-08T08:41:07.0000000Z;6.373;6.388;6000;6000
2026-06-08T08:41:08.0000000Z;6.373;6.388;6000;6000
2026-06-08T08:41:09.0000000Z;6.373;6.388;6000;7000
2026-06-08T08:41:11.0000000Z;6.373;6.388;6000;7000
2026-06-08T08:41:12.0000000Z;6.373;6.388;6000;6000
2026-06-08T08:41:13.0000000Z;6.373;6.388;6000;7000
2026-06-08T08:41:14.0000000Z;6.373;6.388;6000;6000
2026-06-08T08:41:15.0000000Z;6.373;6.388;6000;7000
2026-06-08T08:41:17.0000000Z;6.373;6.388;6000;6000
2026-06-08T08:41:18.0000000Z;6.373;6.388;6000;6000
2026-06-08T08:41:20.0000000Z;6.373;6.388;6000;7000
2026-06-08T08:41:22.0000000Z;6.373;6.389;6000;7000
2026-06-08T08:41:24.0000000Z;6.373;6.389;6000;7000
2026-06-08T08:41:25.0000000Z;6.373;6.389;6000;6000
2026-06-08T08:41:26.0000000Z;6.374;6.389;6000;7000
2026-06-08T08:41:27.0000000Z;6.374;6.389;6000;6000
2026-06-08T08:41:28.0000000Z;6.374;6.389;6000;7000
2026-06-08T08:41:30.0000000Z;6.374;6.389;6000;7000
2026-06-08T08:41:31.0000000Z;6.374;6.389;6000;6000
2026-06-08T08:41:32.0000000Z;6.374;6.389;6000;7000
2026-06-08T08:41:33.0000000Z;6.374;6.389;6000;6000
2026-06-08T08:41:34.0000000Z;6.374;6.389;6000;7000
2026-06-08T08:41:35.0000000Z;6.374;6.389;6000;6000
2026-06-08T08:41:36.0000000Z;6.374;6.389;6000;7000
2026-06-08T08:41:37.0000000Z;6.374;6.389;6000;6000
2026-06-08T08:41:38.0000000Z;6.374;6.389;6000;7000
2026-06-08T08:41:39.0000000Z;6.374;6.389;6000;6000
2026-06-08T08:41:40.0000000Z;6.374;6.389;6000;7000
2026-06-08T08:41:42.0000000Z;6.374;6.389;6000;6000
2026-06-08T08:41:43.0000000Z;6.374;6.389;6000;7000
2026-06-08T08:41:44.0000000Z;6.374;6.389;6000;6000
2026-06-08T08:41:45.0000000Z;6.374;6.389;6000;7000
2026-06-08T08:41:46.0000000Z;6.374;6.389;6000;6000
2026-06-08T08:41:47.0000000Z;6.374;6.389;6000;7000
2026-06-08T08:41:49.0000000Z;6.374;6.389;6000;6000
2026-06-08T08:41:50.0000000Z;6.374;6.39;6000;7000
2026-06-08T08:41:51.0000000Z;6.374;6.39;6000;6000
2026-06-08T08:41:52.0000000Z;6.374;6.39;6000;7000
2026-06-08T08:41:53.0000000Z;6.374;6.39;6000;6000
2026-06-08T08:41:54.0000000Z;6.374;6.389;6000;7000
2026-06-08T08:41:55.0000000Z;6.374;6.389;6000;6000
2026-06-08T08:41:56.0000000Z;6.374;6.389;6000;7000
2026-06-08T08:41:57.0000000Z;6.374;6.389;6000;6000
2026-06-08T08:41:59.0000000Z;6.374;6.39;6000;7000
2026-06-08T08:42:00.0000000Z;6.374;6.389;6000;7000
2026-06-08T08:42:01.0000000Z;6.374;6.389;6000;6000
2026-06-08T08:42:02.0000000Z;6.374;6.389;6000;7000
2026-06-08T08:42:04.0000000Z;6.374;6.389;6000;7000
2026-06-08T08:42:06.0000000Z;6.374;6.389;6000;7000
2026-06-08T08:42:07.0000000Z;6.374;6.389;6000;6000
2026-06-08T08:42:08.0000000Z;6.374;6.389;6000;7000
2026-06-08T08:42:09.0000000Z;6.374;6.389;6000;6000
2026-06-08T08:42:12.0000000Z;6.374;6.389;6000;7000
2026-06-08T08:42:13.0000000Z;6.374;6.389;6000;6000
2026-06-08T08:42:14.0000000Z;6.374;6.389;6000;7000
2026-06-08T08:42:16.0000000Z;6.374;6.389;6000;6000
2026-06-08T08:42:17.0000000Z;6.374;6.389;6000;6000
2026-06-08T08:42:18.0000000Z;6.374;6.389;6000;7000
2026-06-08T08:42:19.0000000Z;6.374;6.389;6000;7000
2026-06-08T08:42:20.0000000Z;6.374;6.389;6000;6000
2026-06-08T08:42:21.0000000Z;6.374;6.39;6000;7000
2026-06-08T08:42:22.0000000Z;6.374;6.39;6000;6000
2026-06-08T08:42:24.0000000Z;6.374;6.39;6000;7000
2026-06-08T08:42:26.0000000Z;6.374;6.39;6000;6000
2026-06-08T08:42:27.0000000Z;6.374;6.39;6000;7000
2026-06-08T08:42:28.0000000Z;6.374;6.39;6000;7000
2026-06-08T08:42:31.0000000Z;6.374;6.39;6000;6000
2026-06-08T08:42:33.0000000Z;6.374;6.389;6000;6000
2026-06-08T08:42:34.0000000Z;6.374;6.389;6000;7000
2026-06-08T08:42:35.0000000Z;6.374;6.389;6000;6000
2026-06-08T08:42:36.0000000Z;6.374;6.389;6000;7000
2026-06-08T08:42:37.0000000Z;6.374;6.389;6000;6000
2026-06-08T08:42:38.0000000Z;6.374;6.389;6000;6000
2026-06-08T08:42:40.0000000Z;6.374;6.389;6000;7000
2026-06-08T08:42:41.0000000Z;6.374;6.389;6000;6000
2026-06-08T08:42:42.0000000Z;6.374;6.389;6000;7000
2026-06-08T08:42:43.0000000Z;6.374;6.389;6000;6000
2026-06-08T08:42:44.0000000Z;6.374;6.389;6000;7000
2026-06-08T08:42:48.0000000Z;6.374;6.389;6000;6000
2026-06-08T08:42:49.0000000Z;6.374;6.389;6000;7000
2026-06-08T08:42:50.0000000Z;6.374;6.389;6000;6000
2026-06-08T08:42:52.0000000Z;6.374;6.389;6000;7000
2026-06-08T08:42:53.0000000Z;6.374;6.389;6000;6000
2026-06-08T08:42:54.0000000Z;6.374;6.389;6000;7000
2026-06-08T08:42:55.0000000Z;6.374;6.389;6000;6000
2026-06-08T08:42:56.0000000Z;6.374;6.389;6000;7000
2026-06-08T08:42:57.0000000Z;6.374;6.389;6000;6000
2026-06-08T08:42:58.0000000Z;6.374;6.389;6000;7000
2026-06-08T08:43:00.0000000Z;6.374;6.389;6000;7000
2026-06-08T08:43:01.0000000Z;6.374;6.389;6000;6000
2026-06-08T08:43:03.0000000Z;6.374;6.39;6000;7000
2026-06-08T08:43:53.0000000Z;6.374;6.389;6000;7000
2026-06-08T08:44:01.0000000Z;6.374;6.39;6000;7000
2026-06-08T08:44:09.0000000Z;6.374;6.389;6000;7000
2026-06-08T08:44:11.0000000Z;6.374;6.39;6000;7000
2026-06-08T08:44:13.0000000Z;6.374;6.389;6000;7000
2026-06-08T08:44:45.0000000Z;6.373;6.389;6000;7000
2026-06-08T08:44:47.0000000Z;6.374;6.389;6000;7000
2026-06-08T08:44:55.0000000Z;6.373;6.389;6000;7000
2026-06-08T08:44:57.0000000Z;6.374;6.389;6000;7000
2026-06-08T08:45:03.0000000Z;6.373;6.389;6000;7000
2026-06-08T08:45:12.0000000Z;6.373;6.388;6000;7000
2026-06-08T08:45:13.0000000Z;6.372;6.388;6000;7000
2026-06-08T08:45:16.0000000Z;6.372;6.387;6000;7000
2026-06-08T08:45:17.0000000Z;6.372;6.388;6000;7000
2026-06-08T08:45:20.0000000Z;6.372;6.387;6000;7000
2026-06-08T08:45:33.0000000Z;6.373;6.388;6000;7000
2026-06-08T08:45:49.0000000Z;6.373;6.388;6000;6000
2026-06-08T08:45:50.0000000Z;6.372;6.388;6000;6000
2026-06-08T08:45:53.0000000Z;6.372;6.388;6000;7000
2026-06-08T08:45:55.0000000Z;6.372;6.388;6000;6000
2026-06-08T08:45:56.0000000Z;6.372;6.387;6000;7000
2026-06-08T08:46:00.0000000Z;6.372;6.387;6000;6000
2026-06-08T08:46:13.0000000Z;6.373;6.388;6000;7000
2026-06-08T08:46:37.0000000Z;6.374;6.389;6000;7000
2026-06-08T08:46:38.0000000Z;6.373;6.389;6000;7000
2026-06-08T08:46:44.0000000Z;6.374;6.389;6000;7000
2026-06-08T08:49:03.0000000Z;6.374;6.389;6000;6000
2026-06-08T08:49:32.0000000Z;6.374;6.389;6500;6000
2026-06-08T08:50:28.0000000Z;6.375;6.39;6000;6000
2026-06-08T08:50:29.0000000Z;6.375;6.39;6500;6000
2026-06-08T08:50:35.0000000Z;6.374;6.39;6500;6000
2026-06-08T08:50:43.0000000Z;6.374;6.389;6500;6000
2026-06-08T08:51:03.0000000Z;6.374;6.39;6500;6000
2026-06-08T08:51:05.0000000Z;6.374;6.389;6500;6000
2026-06-08T08:51:10.0000000Z;6.374;6.389;6000;6000
2026-06-08T08:51:13.0000000Z;6.374;6.389;6500;6000
2026-06-08T08:52:49.0000000Z;6.374;6.39;6500;6000
2026-06-08T08:52:53.0000000Z;6.374;6.389;6500;6000
2026-06-08T08:52:57.0000000Z;6.375;6.391;6000;6000
2026-06-08T08:52:59.0000000Z;6.376;6.391;6000;6000
2026-06-08T08:53:31.0000000Z;6.376;6.391;6000;7000
2026-06-08T08:53:36.0000000Z;6.376;6.391;6000;6000
2026-06-08T08:53:45.0000000Z;6.375;6.391;6000;6000
2026-06-08T08:53:47.0000000Z;6.375;6.39;6000;6000
2026-06-08T08:53:57.0000000Z;6.376;6.391;6000;6000
2026-06-08T08:54:52.0000000Z;6.375;6.391;6500;6000
2026-06-08T08:55:00.0000000Z;6.375;6.391;6000;6000
2026-06-08T08:55:03.0000000Z;6.376;6.391;6500;6000
2026-06-08T08:55:04.0000000Z;6.376;6.391;6000;6000
2026-06-08T08:55:27.0000000Z;6.376;6.391;6000;7000
2026-06-08T08:55:52.0000000Z;6.376;6.392;6000;7000
2026-06-08T08:56:10.0000000Z;6.376;6.391;6000;7000
2026-06-08T08:56:17.0000000Z;6.376;6.391;6000;6000
2026-06-08T08:56:25.0000000Z;6.377;6.392;6000;6000
2026-06-08T08:56:29.0000000Z;6.377;6.392;6000;7000
2026-06-08T08:56:45.0000000Z;6.377;6.392;6000;6000
2026-06-08T08:56:56.0000000Z;6.376;6.392;6000;6000
2026-06-08T08:56:58.0000000Z;6.376;6.391;6500;6000
2026-06-08T08:57:12.0000000Z;6.375;6.391;6500;6000
2026-06-08T08:57:14.0000000Z;6.376;6.391;6000;6000
2026-06-08T08:57:16.0000000Z;6.376;6.391;6500;6000
2026-06-08T08:57:34.0000000Z;6.376;6.392;6500;6000
2026-06-08T08:57:44.0000000Z;6.376;6.391;6500;6000
2026-06-08T08:57:46.0000000Z;6.376;6.392;6500;6000
2026-06-08T08:57:50.0000000Z;6.376;6.391;6500;6000
2026-06-08T08:59:59.0000000Z;6.376;6.392;6500;6000
2026-06-08T09:00:11.0000000Z;6.376;6.391;6500;6000
2026-06-08T09:00:17.0000000Z;6.376;6.392;6500;6000
2026-06-08T09:00:23.0000000Z;6.376;6.391;6500;6000
2026-06-08T09:00:35.0000000Z;6.376;6.392;6500;6000
2026-06-08T09:00:51.0000000Z;6.376;6.391;6500;6000
2026-06-08T09:01:24.0000000Z;6.376;6.391;6000;6000
2026-06-08T09:01:25.0000000Z;6.377;6.392;6000;6000
2026-06-08T09:02:13.0000000Z;6.377;6.392;6500;6000
2026-06-08T09:02:14.0000000Z;6.377;6.392;6000;6000
2026-06-08T09:02:33.0000000Z;6.377;6.393;6000;6000
2026-06-08T09:02:38.0000000Z;6.377;6.392;6000;6000
2026-06-08T09:02:41.0000000Z;6.378;6.393;6500;6000
2026-06-08T09:03:06.0000000Z;6.377;6.393;6500;6000
2026-06-08T09:03:08.0000000Z;6.378;6.393;6500;6000
2026-06-08T09:03:10.0000000Z;6.377;6.393;6500;6000
2026-06-08T09:03:16.0000000Z;6.377;6.392;6500;6000
2026-06-08T09:03:28.0000000Z;6.378;6.393;6500;6000
2026-06-08T09:03:32.0000000Z;6.377;6.393;6500;6000
2026-06-08T09:03:38.0000000Z;6.377;6.392;6500;6000
2026-06-08T09:03:44.0000000Z;6.377;6.393;6500;6000
2026-06-08T09:03:48.0000000Z;6.377;6.392;6500;6000
2026-06-08T09:03:56.0000000Z;6.377;6.393;6500;6000
2026-06-08T09:03:58.0000000Z;6.377;6.392;6500;6000
2026-06-08T09:04:00.0000000Z;6.377;6.393;6500;6000
2026-06-08T09:04:04.0000000Z;6.377;6.392;6500;6000
2026-06-08T09:04:10.0000000Z;6.377;6.393;6500;6000
2026-06-08T09:04:12.0000000Z;6.378;6.393;6500;6000
2026-06-08T09:04:14.0000000Z;6.377;6.393;6500;6000
2026-06-08T09:04:20.0000000Z;6.377;6.392;6500;6000
2026-06-08T09:04:24.0000000Z;6.377;6.393;6500;6000
2026-06-08T09:04:28.0000000Z;6.377;6.392;6500;6000
2026-06-08T09:05:02.0000000Z;6.377;6.393;6500;6000
2026-06-08T09:05:08.0000000Z;6.377;6.392;6500;6000
2026-06-08T09:05:14.0000000Z;6.377;6.393;6500;6000
2026-06-08T09:05:18.0000000Z;6.378;6.393;6500;6000
2026-06-08T09:05:52.0000000Z;6.378;6.393;6000;6000
2026-06-08T09:06:09.0000000Z;6.378;6.393;6500;6000
2026-06-08T09:06:15.0000000Z;6.378;6.393;6000;6000
2026-06-08T09:06:28.0000000Z;6.378;6.393;6000;7000
2026-06-08T09:06:29.0000000Z;6.378;6.393;6000;6500
2026-06-08T09:06:30.0000000Z;6.378;6.393;6000;6500
2026-06-08T09:06:31.0000000Z;6.378;6.393;6000;7000
2026-06-08T09:06:34.0000000Z;6.378;6.393;6000;6500
2026-06-08T09:06:35.0000000Z;6.378;6.393;6000;7000
2026-06-08T09:06:38.0000000Z;6.378;6.393;6000;7000
2026-06-08T09:06:40.0000000Z;6.378;6.393;6000;6500
2026-06-08T09:06:41.0000000Z;6.378;6.393;6000;7000
2026-06-08T09:06:42.0000000Z;6.378;6.393;6000;6500
2026-06-08T09:06:43.0000000Z;6.378;6.393;6000;7000
2026-06-08T09:06:45.0000000Z;6.377;6.393;6000;6500
2026-06-08T09:06:46.0000000Z;6.377;6.393;6000;7000
2026-06-08T09:06:47.0000000Z;6.377;6.393;6000;6000
2026-06-08T09:06:48.0000000Z;6.377;6.393;6000;7000
2026-06-08T09:06:50.0000000Z;6.377;6.393;6000;6500
2026-06-08T09:06:51.0000000Z;6.377;6.393;6000;7000
2026-06-08T09:06:52.0000000Z;6.377;6.393;6000;7000
2026-06-08T09:06:54.0000000Z;6.377;6.392;6000;7000
2026-06-08T09:06:56.0000000Z;6.377;6.392;6000;6500
2026-06-08T09:06:57.0000000Z;6.377;6.392;6000;7000
2026-06-08T09:07:03.0000000Z;6.377;6.392;6000;7000
2026-06-08T09:07:06.0000000Z;6.377;6.392;6000;6500
2026-06-08T09:07:07.0000000Z;6.377;6.392;6000;7000
2026-06-08T09:07:09.0000000Z;6.377;6.392;6000;7000
2026-06-08T09:07:10.0000000Z;6.377;6.393;6000;7000
2026-06-08T09:07:12.0000000Z;6.377;6.393;6000;7000
2026-06-08T09:07:13.0000000Z;6.377;6.392;6000;7000
2026-06-08T09:07:14.0000000Z;6.377;6.393;6000;7000
2026-06-08T09:07:15.0000000Z;6.377;6.393;6000;7000
2026-06-08T09:07:16.0000000Z;6.377;6.393;6000;7000
2026-06-08T09:07:17.0000000Z;6.377;6.393;6000;6500
2026-06-08T09:07:18.0000000Z;6.377;6.393;6000;6500
2026-06-08T09:07:19.0000000Z;6.377;6.393;6000;7000
2026-06-08T09:07:21.0000000Z;6.377;6.392;6000;7000
2026-06-08T09:07:23.0000000Z;6.377;6.392;6000;6500
2026-06-08T09:07:24.0000000Z;6.377;6.393;6000;6500
2026-06-08T09:07:25.0000000Z;6.377;6.392;6000;7000
2026-06-08T09:07:26.0000000Z;6.377;6.392;6000;7000
2026-06-08T09:07:27.0000000Z;6.377;6.392;6000;6000
2026-06-08T09:07:28.0000000Z;6.377;6.392;6000;7000
2026-06-08T09:07:31.0000000Z;6.377;6.392;6000;7000
2026-06-08T09:07:33.0000000Z;6.377;6.392;6000;7000
2026-06-08T09:07:35.0000000Z;6.377;6.393;6000;6500
2026-06-08T09:07:36.0000000Z;6.377;6.393;6000;6500
2026-06-08T09:07:37.0000000Z;6.377;6.393;6000;7000
2026-06-08T09:07:38.0000000Z;6.377;6.393;6000;7000
2026-06-08T09:07:41.0000000Z;6.377;6.393;6000;7000
2026-06-08T09:07:43.0000000Z;6.377;6.393;6000;7000
2026-06-08T09:07:44.0000000Z;6.378;6.393;6000;7000
2026-06-08T09:07:48.0000000Z;6.378;6.393;6000;7000
2026-06-08T09:07:49.0000000Z;6.378;6.393;6000;7000
2026-06-08T09:07:51.0000000Z;6.378;6.393;6000;6500
2026-06-08T09:07:52.0000000Z;6.378;6.393;6000;6000
2026-06-08T09:07:53.0000000Z;6.378;6.393;6000;7000
2026-06-08T09:07:54.0000000Z;6.378;6.393;6000;6500
2026-06-08T09:07:55.0000000Z;6.378;6.393;6000;7000
2026-06-08T09:08:08.0000000Z;6.378;6.393;6000;6500
2026-06-08T09:08:09.0000000Z;6.378;6.393;6000;7000
2026-06-08T09:08:18.0000000Z;6.378;6.393;6000;6500
2026-06-08T09:08:19.0000000Z;6.378;6.393;6000;7000
2026-06-08T09:08:20.0000000Z;6.378;6.393;6000;6500
2026-06-08T09:08:21.0000000Z;6.378;6.393;6000;7000
2026-06-08T09:08:22.0000000Z;6.378;6.393;6000;6500
2026-06-08T09:08:23.0000000Z;6.378;6.393;6000;7000
2026-06-08T09:08:26.0000000Z;6.378;6.393;6000;7000
2026-06-08T09:08:28.0000000Z;6.378;6.393;6000;6500
2026-06-08T09:08:29.0000000Z;6.378;6.393;6000;7000
2026-06-08T09:08:32.0000000Z;6.378;6.393;6000;7000
2026-06-08T09:08:33.0000000Z;6.378;6.393;6000;7000
2026-06-08T09:08:35.0000000Z;6.378;6.393;6000;7000
2026-06-08T09:08:36.0000000Z;6.378;6.393;6000;7000
2026-06-08T09:08:38.0000000Z;6.378;6.393;6000;7000
2026-06-08T09:08:39.0000000Z;6.378;6.393;6000;7000
2026-06-08T09:08:40.0000000Z;6.378;6.393;6000;6500
2026-06-08T09:08:41.0000000Z;6.378;6.393;6000;7000
2026-06-08T09:08:55.0000000Z;6.378;6.393;6000;7000
2026-06-08T09:08:58.0000000Z;6.378;6.393;6000;7000
2026-06-08T09:08:59.0000000Z;6.378;6.393;6000;7000
2026-06-08T09:09:01.0000000Z;6.378;6.393;6000;6500
2026-06-08T09:09:02.0000000Z;6.378;6.393;6000;7000
2026-06-08T09:09:03.0000000Z;6.378;6.393;6000;7000
2026-06-08T09:09:04.0000000Z;6.378;6.393;6000;6500
2026-06-08T09:09:05.0000000Z;6.378;6.393;6000;7000
2026-06-08T09:09:06.0000000Z;6.378;6.393;6000;7000
2026-06-08T09:09:09.0000000Z;6.378;6.394;6000;7000
2026-06-08T09:09:12.0000000Z;6.378;6.394;6000;6500
2026-06-08T09:09:13.0000000Z;6.379;6.394;6000;7000
2026-06-08T09:09:14.0000000Z;6.379;6.394;6000;6500
2026-06-08T09:09:15.0000000Z;6.379;6.394;6000;6000
2026-06-08T09:09:16.0000000Z;6.379;6.394;6000;7000
2026-06-08T09:09:26.0000000Z;6.379;6.394;6000;6500
2026-06-08T09:09:27.0000000Z;6.379;6.394;6000;7000
2026-06-08T09:09:29.0000000Z;6.379;6.394;6000;6500
2026-06-08T09:09:30.0000000Z;6.379;6.394;6000;6500
2026-06-08T09:09:31.0000000Z;6.379;6.394;6000;7000
2026-06-08T09:09:32.0000000Z;6.378;6.394;6000;7000
2026-06-08T09:09:35.0000000Z;6.378;6.394;6000;6500
2026-06-08T09:09:36.0000000Z;6.378;6.394;6000;7000
2026-06-08T09:09:38.0000000Z;6.378;6.394;6000;7000
2026-06-08T09:09:40.0000000Z;6.378;6.394;6000;6000
2026-06-08T09:09:41.0000000Z;6.378;6.394;6000;7000
2026-06-08T09:09:44.0000000Z;6.378;6.394;6000;7000
2026-06-08T09:09:47.0000000Z;6.378;6.394;6000;7000
2026-06-08T09:09:48.0000000Z;6.378;6.394;6000;7000
2026-06-08T09:09:50.0000000Z;6.378;6.394;6000;6500
2026-06-08T09:09:51.0000000Z;6.378;6.394;6000;7000
2026-06-08T09:09:52.0000000Z;6.379;6.394;6000;6500
2026-06-08T09:09:54.0000000Z;6.379;6.394;6000;7000
2026-06-08T09:09:57.0000000Z;6.379;6.394;6000;6500
2026-06-08T09:09:58.0000000Z;6.379;6.394;6000;6500
2026-06-08T09:09:59.0000000Z;6.379;6.394;6000;7000
2026-06-08T09:10:03.0000000Z;6.379;6.394;6000;7000
2026-06-08T09:10:06.0000000Z;6.379;6.394;6000;6500
2026-06-08T09:10:07.0000000Z;6.379;6.394;6000;7000
2026-06-08T09:10:12.0000000Z;6.379;6.394;6000;6500
2026-06-08T09:10:13.0000000Z;6.379;6.394;6000;6500
2026-06-08T09:10:14.0000000Z;6.379;6.394;6000;7000
2026-06-08T09:10:16.0000000Z;6.379;6.394;6000;7000
2026-06-08T09:10:17.0000000Z;6.379;6.394;6000;6500
2026-06-08T09:10:18.0000000Z;6.379;6.394;6000;7000
2026-06-08T09:10:21.0000000Z;6.379;6.394;6000;6500
2026-06-08T09:10:22.0000000Z;6.379;6.394;6000;7000
2026-06-08T09:10:23.0000000Z;6.379;6.394;6000;7000
2026-06-08T09:10:24.0000000Z;6.379;6.394;6000;7000
2026-06-08T09:10:25.0000000Z;6.379;6.394;6000;7000
2026-06-08T09:10:27.0000000Z;6.379;6.394;6000;7000
2026-06-08T09:10:30.0000000Z;6.379;6.394;6000;7000
2026-06-08T09:10:31.0000000Z;6.379;6.394;6000;7000
2026-06-08T09:10:37.0000000Z;6.379;6.394;6000;6000
2026-06-08T09:11:06.0000000Z;6.379;6.394;6000;6500
2026-06-08T09:11:07.0000000Z;6.379;6.394;6000;7000
2026-06-08T09:11:08.0000000Z;6.379;6.394;6000;7000
2026-06-08T09:11:10.0000000Z;6.379;6.394;6000;6500
2026-06-08T09:11:11.0000000Z;6.379;6.394;6000;7000
2026-06-08T09:11:14.0000000Z;6.379;6.394;6000;7000
2026-06-08T09:11:15.0000000Z;6.379;6.394;6000;7000
2026-06-08T09:11:17.0000000Z;6.379;6.394;6000;7000
2026-06-08T09:11:21.0000000Z;6.379;6.394;6000;7000
2026-06-08T09:11:24.0000000Z;6.379;6.394;6000;7000
2026-06-08T09:11:26.0000000Z;6.379;6.394;6000;6500
2026-06-08T09:11:27.0000000Z;6.378;6.394;6000;7000
2026-06-08T09:11:32.0000000Z;6.379;6.394;6000;6000
2026-06-08T09:11:45.0000000Z;6.379;6.394;6000;7000
2026-06-08T09:11:49.0000000Z;6.379;6.394;6000;6000
2026-06-08T09:11:55.0000000Z;6.379;6.394;6000;6000
2026-06-08T09:12:21.0000000Z;6.379;6.394;6000;6500
2026-06-08T09:12:23.0000000Z;6.379;6.394;6000;6000
2026-06-08T09:12:27.0000000Z;6.379;6.394;6000;6500
2026-06-08T09:12:28.0000000Z;6.379;6.394;6000;6000
2026-06-08T09:13:33.0000000Z;6.379;6.394;6500;6000
2026-06-08T09:16:05.0000000Z;6.378;6.394;6500;6000
2026-06-08T09:16:07.0000000Z;6.379;6.394;6500;6000
2026-06-08T09:16:21.0000000Z;6.378;6.394;6500;6000
2026-06-08T09:16:23.0000000Z;6.379;6.394;6500;6000
2026-06-08T09:16:29.0000000Z;6.378;6.394;6500;6000
2026-06-08T09:16:31.0000000Z;6.379;6.394;6500;6000
2026-06-08T09:16:33.0000000Z;6.378;6.394;6500;6000
2026-06-08T09:16:37.0000000Z;6.379;6.394;6500;6000
2026-06-08T09:16:59.0000000Z;6.378;6.394;6500;6000
2026-06-08T09:17:01.0000000Z;6.379;6.394;6500;6000
2026-06-08T09:17:53.0000000Z;6.378;6.394;6500;6000
2026-06-08T09:17:55.0000000Z;6.379;6.394;6500;6000
2026-06-08T09:17:57.0000000Z;6.378;6.394;6500;6000
2026-06-08T09:18:00.0000000Z;6.379;6.394;6500;6000
2026-06-08T09:18:03.0000000Z;6.378;6.394;6500;6000
2026-06-08T09:18:05.0000000Z;6.379;6.394;6500;6000
2026-06-08T09:20:18.0000000Z;6.38;6.394;6000;6000
2026-06-08T09:20:22.0000000Z;6.38;6.394;6500;6000
2026-06-08T09:20:36.0000000Z;6.38;6.394;6000;6000
2026-06-08T09:20:39.0000000Z;6.38;6.395;6500;6000
2026-06-08T09:25:23.0000000Z;6.38;6.395;6000;6000
2026-06-08T09:25:50.0000000Z;6.38;6.395;6500;6000
2026-06-08T09:26:01.0000000Z;6.38;6.396;6000;6000
2026-06-08T09:26:48.0000000Z;6.381;6.396;6500;6000
2026-06-08T09:26:52.0000000Z;6.381;6.396;6000;6000
2026-06-08T09:27:12.0000000Z;6.381;6.396;6500;6000
2026-06-08T09:28:10.0000000Z;6.381;6.397;6500;6000
2026-06-08T09:28:12.0000000Z;6.381;6.396;6500;6000
2026-06-08T09:28:13.0000000Z;6.381;6.397;6000;6000
2026-06-08T09:28:33.0000000Z;6.382;6.397;6000;6500
2026-06-08T09:28:38.0000000Z;6.382;6.397;6000;6000
2026-06-08T09:28:43.0000000Z;6.382;6.397;6000;6500
2026-06-08T09:28:54.0000000Z;6.382;6.397;6000;6000
2026-06-08T09:28:59.0000000Z;6.382;6.397;6000;6500
2026-06-08T09:29:00.0000000Z;6.382;6.397;6000;7000
2026-06-08T09:29:04.0000000Z;6.382;6.397;6000;6000
2026-06-08T09:30:33.0000000Z;6.382;6.397;6500;6000
2026-06-08T09:31:00.0000000Z;6.382;6.397;6000;6000
2026-06-08T09:31:17.0000000Z;6.382;6.397;6500;6000
2026-06-08T09:31:21.0000000Z;6.382;6.397;6000;6000
2026-06-08T09:32:03.0000000Z;6.382;6.398;6000;6000
2026-06-08T09:32:13.0000000Z;6.382;6.397;6000;6000
2026-06-08T09:32:15.0000000Z;6.382;6.398;6000;6000
2026-06-08T09:32:17.0000000Z;6.382;6.397;6000;6000
2026-06-08T09:32:21.0000000Z;6.382;6.398;6000;6000
2026-06-08T09:32:25.0000000Z;6.382;6.397;6000;6000
2026-06-08T09:32:27.0000000Z;6.383;6.398;6000;6000
2026-06-08T09:32:29.0000000Z;6.382;6.398;6000;6000
2026-06-08T09:32:33.0000000Z;6.382;6.397;6000;6000
2026-06-08T09:32:54.0000000Z;6.382;6.397;6500;6000
2026-06-08T09:33:16.0000000Z;6.382;6.397;6000;6000
2026-06-08T09:33:22.0000000Z;6.382;6.397;6500;6000
2026-06-08T09:33:24.0000000Z;6.382;6.397;6000;6000
2026-06-08T09:34:06.0000000Z;6.383;6.398;6000;6500
2026-06-08T09:34:09.0000000Z;6.383;6.398;6000;6000
2026-06-08T09:34:10.0000000Z;6.383;6.398;6000;6500
2026-06-08T09:34:11.0000000Z;6.383;6.398;6000;6000
2026-06-08T09:34:17.0000000Z;6.383;6.398;6000;6500
2026-06-08T09:34:18.0000000Z;6.383;6.398;6000;6000
2026-06-08T09:34:21.0000000Z;6.383;6.398;6000;6500
2026-06-08T09:34:23.0000000Z;6.383;6.398;6000;6000
2026-06-08T09:34:40.0000000Z;6.383;6.398;6000;6500
2026-06-08T09:34:42.0000000Z;6.383;6.398;6000;6000
2026-06-08T09:34:45.0000000Z;6.383;6.398;6000;6500
2026-06-08T09:34:52.0000000Z;6.383;6.398;6000;6000
2026-06-08T09:34:54.0000000Z;6.383;6.398;6000;7000
2026-06-08T09:34:56.0000000Z;6.383;6.398;6000;6500
2026-06-08T09:34:57.0000000Z;6.383;6.398;6000;6500
2026-06-08T09:34:58.0000000Z;6.383;6.398;6000;6500
2026-06-08T09:34:59.0000000Z;6.383;6.398;6000;6500
2026-06-08T09:35:00.0000000Z;6.383;6.398;6000;7000
2026-06-08T09:35:02.0000000Z;6.383;6.398;6000;7000
2026-06-08T09:35:04.0000000Z;6.383;6.398;6000;6500
2026-06-08T09:35:05.0000000Z;6.383;6.398;6000;7000
2026-06-08T09:35:06.0000000Z;6.383;6.398;6000;7000
2026-06-08T09:35:08.0000000Z;6.383;6.398;6000;7000
2026-06-08T09:35:10.0000000Z;6.383;6.398;6000;6500
2026-06-08T09:35:11.0000000Z;6.383;6.398;6000;7000
2026-06-08T09:35:12.0000000Z;6.383;6.398;6000;7000
2026-06-08T09:35:13.0000000Z;6.383;6.398;6000;7000
2026-06-08T09:35:14.0000000Z;6.383;6.398;6000;7000
2026-06-08T09:35:16.0000000Z;6.382;6.398;6000;6000
2026-06-08T09:35:27.0000000Z;6.382;6.398;6000;6500
2026-06-08T09:35:31.0000000Z;6.382;6.398;6000;7000
2026-06-08T09:35:32.0000000Z;6.383;6.398;6000;7000
2026-06-08T09:35:37.0000000Z;6.383;6.398;6000;7000
2026-06-08T09:35:41.0000000Z;6.383;6.398;6000;7000
2026-06-08T09:35:42.0000000Z;6.383;6.398;6000;6500
2026-06-08T09:35:43.0000000Z;6.383;6.398;6000;7000
2026-06-08T09:35:45.0000000Z;6.383;6.398;6000;7000
2026-06-08T09:35:46.0000000Z;6.383;6.398;6000;7000
2026-06-08T09:35:50.0000000Z;6.383;6.398;6000;6500
2026-06-08T09:35:54.0000000Z;6.383;6.398;6000;7000
2026-06-08T09:35:55.0000000Z;6.383;6.398;6000;6500
2026-06-08T09:35:56.0000000Z;6.383;6.398;6000;7000
2026-06-08T09:36:01.0000000Z;6.383;6.398;6000;7000
2026-06-08T09:36:03.0000000Z;6.383;6.398;6000;6500
2026-06-08T09:36:04.0000000Z;6.383;6.398;6000;7000
2026-06-08T09:36:07.0000000Z;6.383;6.398;6000;6500
2026-06-08T09:36:08.0000000Z;6.383;6.398;6000;6500
2026-06-08T09:36:09.0000000Z;6.383;6.398;6000;7000
2026-06-08T09:36:11.0000000Z;6.383;6.398;6000;7000
2026-06-08T09:36:12.0000000Z;6.383;6.398;6000;6500
2026-06-08T09:36:13.0000000Z;6.383;6.398;6000;6500
2026-06-08T09:36:14.0000000Z;6.383;6.398;6000;7000
2026-06-08T09:36:15.0000000Z;6.383;6.398;6000;7000
2026-06-08T09:36:17.0000000Z;6.383;6.398;6000;6500
2026-06-08T09:36:18.0000000Z;6.383;6.398;6000;7000
2026-06-08T09:36:22.0000000Z;6.383;6.398;6000;7000
2026-06-08T09:36:23.0000000Z;6.383;6.398;6000;7000
2026-06-08T09:36:24.0000000Z;6.383;6.398;6000;7000
2026-06-08T09:36:26.0000000Z;6.383;6.398;6000;7000
2026-06-08T09:36:28.0000000Z;6.383;6.398;6000;6500
2026-06-08T09:36:29.0000000Z;6.383;6.398;6000;6500
2026-06-08T09:36:30.0000000Z;6.383;6.398;6000;7000
2026-06-08T09:36:33.0000000Z;6.383;6.398;6000;6000
2026-06-08T09:36:39.0000000Z;6.383;6.398;6500;6000
2026-06-08T09:36:44.0000000Z;6.381;6.402;6500;6000
2026-06-08T09:36:48.0000000Z;6.381;6.399;6000;6000
2026-06-08T09:36:49.0000000Z;6.381;6.4;6500;6000
2026-06-08T09:36:51.0000000Z;6.382;6.398;6500;6000
2026-06-08T09:36:52.0000000Z;6.382;6.399;6500;6000
2026-06-08T09:36:57.0000000Z;6.382;6.398;6000;6000
2026-06-08T09:36:58.0000000Z;6.382;6.398;6500;6000
2026-06-08T09:37:00.0000000Z;6.381;6.398;6500;6000
2026-06-08T09:37:03.0000000Z;6.382;6.398;6000;6000
2026-06-08T09:37:06.0000000Z;6.382;6.397;6000;6000
2026-06-08T09:37:07.0000000Z;6.382;6.397;6000;7000
2026-06-08T09:37:08.0000000Z;6.382;6.397;6000;6500
2026-06-08T09:37:09.0000000Z;6.382;6.397;6000;6000
2026-06-08T09:37:10.0000000Z;6.381;6.397;6500;6000
2026-06-08T09:37:12.0000000Z;6.381;6.397;6500;7000
2026-06-08T09:37:13.0000000Z;6.382;6.397;6000;6000
2026-06-08T09:37:14.0000000Z;6.382;6.396;6000;6000
2026-06-08T09:37:16.0000000Z;6.381;6.396;6500;6000
2026-06-08T09:37:19.0000000Z;6.381;6.397;6500;6000
2026-06-08T09:37:21.0000000Z;6.38;6.396;6500;6000
2026-06-08T09:37:22.0000000Z;6.38;6.397;6500;6000
2026-06-08T09:37:31.0000000Z;6.379;6.396;6500;6000
2026-06-08T09:37:36.0000000Z;6.378;6.395;6500;6000
2026-06-08T09:37:42.0000000Z;6.379;6.395;6500;6000
2026-06-08T09:37:43.0000000Z;6.379;6.395;6000;6000
2026-06-08T09:37:55.0000000Z;6.38;6.396;6500;6000
2026-06-08T09:37:58.0000000Z;6.38;6.396;6000;6000
2026-06-08T09:38:20.0000000Z;6.379;6.396;6000;6000
2026-06-08T09:38:25.0000000Z;6.38;6.396;6000;6000
2026-06-08T09:38:28.0000000Z;6.379;6.396;6000;6000
2026-06-08T09:38:30.0000000Z;6.379;6.395;6000;6000
2026-06-08T09:38:38.0000000Z;6.379;6.396;6000;6000
2026-06-08T09:38:40.0000000Z;6.379;6.395;6000;6000
2026-06-08T09:38:44.0000000Z;6.38;6.396;6000;6000
2026-06-08T09:39:11.0000000Z;6.379;6.396;6000;6000
2026-06-08T09:39:12.0000000Z;6.379;6.395;6500;6000
2026-06-08T09:39:14.0000000Z;6.379;6.396;6500;6000
2026-06-08T09:39:20.0000000Z;6.379;6.395;6500;6000
2026-06-08T09:39:21.0000000Z;6.379;6.395;6500;6500
2026-06-08T09:40:23.0000000Z;6.379;6.396;6500;6500
2026-06-08T09:40:29.0000000Z;6.379;6.395;6500;6500
2026-06-08T09:40:31.0000000Z;6.38;6.396;6000;6500
2026-06-08T09:40:32.0000000Z;6.38;6.396;6000;6000
2026-06-08T09:40:33.0000000Z;6.381;6.396;6000;6000
2026-06-08T09:40:43.0000000Z;6.38;6.396;6000;6000
2026-06-08T09:40:45.0000000Z;6.381;6.396;6000;6000
2026-06-08T09:41:15.0000000Z;6.381;6.397;6000;6000
2026-06-08T09:41:17.0000000Z;6.381;6.396;6000;6000
2026-06-08T09:41:19.0000000Z;6.381;6.397;6000;6000
2026-06-08T09:41:21.0000000Z;6.382;6.397;6000;6000
2026-06-08T09:41:23.0000000Z;6.381;6.397;6000;6000
2026-06-08T09:41:25.0000000Z;6.382;6.397;6000;6000
2026-06-08T09:41:29.0000000Z;6.381;6.397;6000;6000
2026-06-08T09:41:31.0000000Z;6.382;6.397;6000;6000
2026-06-08T09:41:41.0000000Z;6.381;6.397;6000;6000
2026-06-08T09:41:42.0000000Z;6.382;6.398;6000;6000
2026-06-08T09:41:43.0000000Z;6.382;6.399;6000;6000
2026-06-08T09:41:48.0000000Z;6.383;6.398;6000;6000
2026-06-08T09:41:55.0000000Z;6.382;6.398;6000;6000
2026-06-08T09:41:57.0000000Z;6.383;6.398;6000;6000
2026-06-08T09:42:15.0000000Z;6.382;6.398;6000;6000
2026-06-08T09:42:17.0000000Z;6.382;6.397;6000;6000
2026-06-08T09:42:19.0000000Z;6.382;6.398;6000;6000
2026-06-08T09:42:21.0000000Z;6.382;6.397;6000;6000
2026-06-08T09:42:23.0000000Z;6.382;6.398;6000;6000
2026-06-08T09:42:31.0000000Z;6.382;6.397;6000;6000
2026-06-08T09:42:33.0000000Z;6.382;6.398;6000;6000
2026-06-08T09:42:40.0000000Z;6.381;6.397;6000;6000
2026-06-08T09:42:55.0000000Z;6.381;6.397;6500;6000
2026-06-08T09:43:03.0000000Z;6.381;6.396;6500;6000
2026-06-08T09:43:05.0000000Z;6.381;6.397;6500;6000
2026-06-08T09:43:08.0000000Z;6.381;6.396;6000;6000
2026-06-08T09:43:09.0000000Z;6.382;6.396;6000;6000
2026-06-08T09:43:44.0000000Z;6.382;6.397;6000;6000
2026-06-08T09:44:15.0000000Z;6.383;6.398;6000;6500
2026-06-08T09:44:16.0000000Z;6.383;6.398;6000;6000
2026-06-08T09:44:38.0000000Z;6.382;6.398;6500;6000
2026-06-08T09:44:44.0000000Z;6.382;6.398;6000;6000
2026-06-08T09:44:46.0000000Z;6.383;6.398;6000;6000
2026-06-08T09:45:00.0000000Z;6.383;6.398;6000;6500
2026-06-08T09:45:01.0000000Z;6.383;6.398;6000;7000
2026-06-08T09:45:08.0000000Z;6.383;6.398;6000;7000
2026-06-08T09:45:12.0000000Z;6.383;6.398;6000;6500
2026-06-08T09:45:13.0000000Z;6.383;6.398;6000;6500
2026-06-08T09:45:14.0000000Z;6.383;6.398;6000;7000
2026-06-08T09:45:24.0000000Z;6.382;6.398;6000;6000
2026-06-08T09:45:29.0000000Z;6.382;6.398;6000;7000
2026-06-08T09:45:30.0000000Z;6.382;6.398;6000;6000
2026-06-08T09:45:31.0000000Z;6.382;6.398;6000;6500
2026-06-08T09:45:32.0000000Z;6.382;6.398;6000;6000
2026-06-08T09:45:34.0000000Z;6.382;6.398;6000;6500
2026-06-08T09:45:36.0000000Z;6.382;6.398;6000;7000
2026-06-08T09:45:38.0000000Z;6.382;6.398;6000;6000
2026-06-08T09:46:10.0000000Z;6.382;6.397;6500;6000
2026-06-08T09:46:16.0000000Z;6.382;6.397;6000;6000
2026-06-08T09:46:19.0000000Z;6.382;6.397;6500;6000
2026-06-08T09:46:27.0000000Z;6.382;6.397;6000;6000
2026-06-08T09:46:34.0000000Z;6.382;6.397;6500;6000
2026-06-08T09:46:38.0000000Z;6.383;6.397;6000;6000
2026-06-08T09:48:17.0000000Z;6.382;6.397;6000;6000
2026-06-08T09:48:19.0000000Z;6.383;6.397;6000;6000
2026-06-08T09:48:31.0000000Z;6.382;6.397;6000;6000
2026-06-08T09:48:33.0000000Z;6.383;6.397;6000;6000
2026-06-08T09:48:37.0000000Z;6.382;6.397;6500;6000
2026-06-08T09:48:39.0000000Z;6.381;6.397;6500;6000
2026-06-08T09:48:54.0000000Z;6.381;6.396;6000;6000
2026-06-08T09:48:56.0000000Z;6.381;6.396;6500;6000
2026-06-08T09:49:28.0000000Z;6.381;6.396;6000;6000
2026-06-08T09:49:43.0000000Z;6.381;6.396;6500;6000
2026-06-08T09:49:45.0000000Z;6.381;6.396;6000;6000
2026-06-08T09:50:19.0000000Z;6.381;6.396;6000;6500
2026-06-08T09:50:20.0000000Z;6.381;6.396;6000;7000
2026-06-08T09:50:23.0000000Z;6.381;6.396;6000;6500
2026-06-08T09:50:24.0000000Z;6.381;6.396;6000;7000
2026-06-08T09:50:29.0000000Z;6.381;6.396;6000;6000
2026-06-08T09:50:30.0000000Z;6.381;6.396;6000;6500
2026-06-08T09:50:32.0000000Z;6.381;6.396;6000;7000
2026-06-08T09:50:37.0000000Z;6.381;6.396;6000;6000
2026-06-08T09:51:13.0000000Z;6.381;6.396;6000;6500
2026-06-08T09:51:14.0000000Z;6.381;6.396;6000;6000
2026-06-08T09:51:22.0000000Z;6.381;6.396;6000;6500
2026-06-08T09:51:23.0000000Z;6.381;6.396;6000;6000
2026-06-08T09:52:03.0000000Z;6.38;6.396;6000;6000
2026-06-08T09:52:10.0000000Z;6.38;6.395;6500;6000
2026-06-08T09:52:47.0000000Z;6.38;6.396;6500;6000
2026-06-08T09:52:58.0000000Z;6.381;6.396;6000;6000
2026-06-08T09:53:09.0000000Z;6.381;6.397;6000;7000
2026-06-08T09:53:12.0000000Z;6.382;6.397;6000;7000
2026-06-08T09:53:17.0000000Z;6.381;6.396;6000;6000
2026-06-08T09:54:02.0000000Z;6.38;6.396;6000;6000
2026-06-08T09:54:05.0000000Z;6.38;6.395;6500;6000
2026-06-08T09:54:06.0000000Z;6.38;6.395;6500;6000
2026-06-08T09:54:17.0000000Z;6.38;6.396;6000;6000
2026-06-08T09:54:18.0000000Z;6.38;6.396;6500;6000
2026-06-08T09:54:25.0000000Z;6.38;6.395;6000;6000
2026-06-08T09:54:44.0000000Z;6.38;6.395;6000;6000
2026-06-08T09:54:58.0000000Z;6.38;6.395;6000;6000
2026-06-08T09:54:59.0000000Z;6.38;6.396;6000;6500
2026-06-08T09:55:00.0000000Z;6.38;6.395;6000;6000
2026-06-08T09:55:21.0000000Z;6.379;6.395;6000;6500
2026-06-08T09:55:27.0000000Z;6.379;6.395;6000;6000
2026-06-08T09:55:31.0000000Z;6.379;6.394;6000;6500
2026-06-08T09:55:32.0000000Z;6.379;6.395;6000;6000
2026-06-08T09:55:34.0000000Z;6.379;6.394;6000;6500
2026-06-08T09:55:37.0000000Z;6.379;6.394;6000;6000
2026-06-08T09:55:51.0000000Z;6.379;6.394;6000;6500
2026-06-08T09:55:52.0000000Z;6.379;6.394;6000;6000
2026-06-08T09:55:54.0000000Z;6.378;6.394;6000;6500
2026-06-08T09:55:56.0000000Z;6.378;6.394;6000;6000
2026-06-08T09:56:00.0000000Z;6.378;6.394;6000;7000
2026-06-08T09:56:10.0000000Z;6.378;6.394;6000;6000
2026-06-08T09:56:17.0000000Z;6.378;6.393;6000;6500
2026-06-08T09:56:41.0000000Z;6.379;6.394;6000;7000
2026-06-08T09:57:47.0000000Z;6.378;6.394;6000;7000
2026-06-08T09:58:22.0000000Z;6.379;6.394;6000;6000
2026-06-08T09:58:35.0000000Z;6.378;6.394;6000;6000
2026-06-08T09:58:37.0000000Z;6.379;6.394;6000;6000
2026-06-08T09:58:41.0000000Z;6.378;6.394;6000;6000
2026-06-08T09:58:43.0000000Z;6.378;6.393;6000;6000
2026-06-08T09:58:45.0000000Z;6.378;6.394;6000;6000
2026-06-08T09:58:49.0000000Z;6.378;6.393;6000;6000
2026-06-08T09:58:53.0000000Z;6.378;6.394;6000;6000
2026-06-08T09:58:59.0000000Z;6.379;6.394;6000;6000
2026-06-08T09:59:05.0000000Z;6.378;6.394;6000;6000
2026-06-08T09:59:07.0000000Z;6.379;6.394;6000;6000
2026-06-08T09:59:19.0000000Z;6.379;6.394;6000;6000
2026-06-08T09:59:45.0000000Z;6.379;6.394;6000;6500
2026-06-08T09:59:46.0000000Z;6.379;6.394;6000;6500
2026-06-08T09:59:47.0000000Z;6.379;6.394;6000;7000
2026-06-08T09:59:48.0000000Z;6.379;6.394;6000;6500
2026-06-08T09:59:49.0000000Z;6.379;6.394;6000;7000
2026-06-08T09:59:54.0000000Z;6.379;6.394;6000;6500
2026-06-08T09:59:55.0000000Z;6.379;6.394;6000;6000
2026-06-08T10:00:20.0000000Z;6.379;6.394;6000;7000
2026-06-08T10:00:21.0000000Z;6.379;6.395;6000;7000
2026-06-08T10:00:22.0000000Z;6.379;6.395;6000;6000
2026-06-08T10:00:37.0000000Z;6.38;6.395;6000;7000
2026-06-08T10:01:34.0000000Z;6.379;6.395;6000;7000
2026-06-08T10:01:36.0000000Z;6.38;6.395;6000;7000
2026-06-08T10:01:42.0000000Z;6.379;6.395;6000;7000
2026-06-08T10:01:44.0000000Z;6.38;6.395;6000;7000
2026-06-08T10:01:48.0000000Z;6.379;6.395;6000;7000
2026-06-08T10:02:01.0000000Z;6.38;6.395;6000;7000
2026-06-08T10:02:02.0000000Z;6.379;6.395;6000;7000
2026-06-08T10:02:06.0000000Z;6.379;6.394;6000;6000
2026-06-08T10:02:07.0000000Z;6.379;6.394;6000;7000
2026-06-08T10:02:08.0000000Z;6.378;6.394;6500;7000
2026-06-08T10:02:09.0000000Z;6.378;6.394;6500;7000
2026-06-08T10:02:13.0000000Z;6.378;6.394;6000;7000
2026-06-08T10:02:16.0000000Z;6.377;6.393;6000;7000
2026-06-08T10:02:24.0000000Z;6.378;6.393;6000;7000
2026-06-08T10:02:29.0000000Z;6.378;6.393;6000;6000
2026-06-08T10:02:32.0000000Z;6.378;6.392;6000;6000
2026-06-08T10:02:59.0000000Z;6.378;6.392;6500;6000
2026-06-08T10:03:15.0000000Z;6.378;6.392;6000;6000
2026-06-08T10:03:25.0000000Z;6.378;6.392;6500;6000
2026-06-08T10:04:03.0000000Z;6.378;6.392;6000;6000
2026-06-08T10:04:44.0000000Z;6.378;6.393;6000;6000
2026-06-08T10:05:18.0000000Z;6.379;6.394;6500;6000
2026-06-08T10:06:21.0000000Z;6.378;6.394;6500;6000
2026-06-08T10:06:25.0000000Z;6.379;6.394;6500;6000
2026-06-08T10:06:27.0000000Z;6.378;6.394;6500;6000
2026-06-08T10:06:29.0000000Z;6.378;6.393;6500;6000
2026-06-08T10:06:53.0000000Z;6.377;6.392;6000;6000
2026-06-08T10:07:07.0000000Z;6.378;6.392;6000;6000
2026-06-08T10:09:53.0000000Z;6.377;6.392;6000;6000
2026-06-08T10:10:05.0000000Z;6.376;6.392;6500;6000
2026-06-08T10:10:43.0000000Z;6.375;6.392;6500;6000
2026-06-08T10:10:45.0000000Z;6.376;6.391;6000;6000
2026-06-08T10:10:52.0000000Z;6.375;6.391;6500;6000
2026-06-08T10:11:00.0000000Z;6.375;6.391;6000;6000
2026-06-08T10:11:02.0000000Z;6.376;6.391;6000;6000
2026-06-08T10:11:05.0000000Z;6.376;6.391;6500;6000
2026-06-08T10:11:22.0000000Z;6.376;6.391;6000;6000
2026-06-08T10:11:28.0000000Z;6.376;6.391;6500;6000
2026-06-08T10:11:29.0000000Z;6.376;6.391;6000;6000
2026-06-08T10:11:32.0000000Z;6.376;6.391;6500;6000
2026-06-08T10:12:28.0000000Z;6.376;6.392;6000;6000
2026-06-08T10:12:42.0000000Z;6.377;6.392;6500;6000
2026-06-08T10:13:09.0000000Z;6.377;6.392;6000;6000
2026-06-08T10:13:11.0000000Z;6.377;6.392;6500;6000
2026-06-08T10:13:26.0000000Z;6.376;6.392;6500;6000
2026-06-08T10:13:32.0000000Z;6.377;6.392;6500;6000
2026-06-08T10:13:34.0000000Z;6.376;6.392;6500;6000
2026-06-08T10:13:36.0000000Z;6.377;6.392;6500;6000
2026-06-08T10:13:51.0000000Z;6.377;6.392;6000;6000
2026-06-08T10:14:18.0000000Z;6.376;6.392;6000;6000
2026-06-08T10:14:20.0000000Z;6.377;6.392;6000;6000
2026-06-08T10:14:28.0000000Z;6.376;6.392;6000;6000
2026-06-08T10:14:30.0000000Z;6.377;6.392;6000;6000
2026-06-08T10:14:34.0000000Z;6.376;6.392;6000;6000
2026-06-08T10:14:36.0000000Z;6.377;6.392;6000;6000
2026-06-08T10:14:38.0000000Z;6.376;6.392;6000;6000
2026-06-08T10:14:40.0000000Z;6.377;6.392;6000;6000
2026-06-08T10:14:42.0000000Z;6.376;6.392;6000;6000
2026-06-08T10:14:44.0000000Z;6.377;6.392;6000;6000
2026-06-08T10:14:46.0000000Z;6.376;6.392;6000;6000
2026-06-08T10:16:39.0000000Z;6.377;6.392;6000;7000
2026-06-08T10:17:04.0000000Z;6.376;6.392;6500;7000
2026-06-08T10:17:05.0000000Z;6.376;6.392;6000;7000
2026-06-08T10:17:23.0000000Z;6.376;6.393;6000;7000
2026-06-08T10:17:28.0000000Z;6.376;6.392;6000;7000
2026-06-08T10:17:29.0000000Z;6.376;6.393;6000;7000
2026-06-08T10:17:31.0000000Z;6.376;6.392;6000;7000
2026-06-08T10:18:46.0000000Z;6.376;6.392;6000;6000
2026-06-08T10:18:47.0000000Z;6.376;6.391;6000;6000
2026-06-08T10:19:14.0000000Z;6.376;6.39;6000;6000
2026-06-08T10:19:15.0000000Z;6.376;6.391;6000;6000
2026-06-08T10:19:24.0000000Z;6.376;6.39;6000;6000
2026-06-08T10:19:25.0000000Z;6.376;6.39;6500;6000
2026-06-08T10:19:42.0000000Z;6.376;6.391;6500;6000
2026-06-08T10:19:44.0000000Z;6.376;6.39;6500;6000
2026-06-08T10:19:58.0000000Z;6.376;6.391;6500;6000
2026-06-08T10:20:08.0000000Z;6.376;6.39;6500;6000
2026-06-08T10:20:18.0000000Z;6.376;6.391;6500;6000
2026-06-08T10:20:22.0000000Z;6.376;6.39;6500;6000
2026-06-08T10:20:24.0000000Z;6.376;6.391;6500;6000
2026-06-08T10:20:28.0000000Z;6.376;6.39;6500;6000
2026-06-08T10:20:36.0000000Z;6.376;6.391;6500;6000
2026-06-08T10:20:38.0000000Z;6.376;6.39;6500;6000
2026-06-08T10:20:40.0000000Z;6.376;6.391;6500;6000
2026-06-08T10:20:42.0000000Z;6.376;6.39;6500;6000
2026-06-08T10:20:44.0000000Z;6.376;6.391;6500;6000
2026-06-08T10:20:46.0000000Z;6.376;6.39;6500;6000
2026-06-08T10:20:56.0000000Z;6.376;6.391;6500;6000
2026-06-08T10:21:02.0000000Z;6.376;6.39;6500;6000
2026-06-08T10:21:06.0000000Z;6.376;6.391;6500;6000
2026-06-08T10:21:08.0000000Z;6.376;6.39;6500;6000
2026-06-08T10:21:24.0000000Z;6.376;6.391;6500;6000
2026-06-08T10:21:26.0000000Z;6.376;6.39;6500;6000
2026-06-08T10:21:30.0000000Z;6.376;6.391;6500;6000
2026-06-08T10:21:48.0000000Z;6.376;6.39;6500;6000
2026-06-08T10:21:50.0000000Z;6.376;6.391;6500;6000
2026-06-08T10:21:52.0000000Z;6.376;6.39;6500;6000
2026-06-08T10:21:54.0000000Z;6.376;6.391;6500;6000
2026-06-08T10:21:56.0000000Z;6.376;6.39;6500;6000
2026-06-08T10:21:58.0000000Z;6.376;6.391;6500;6000
2026-06-08T10:22:04.0000000Z;6.376;6.39;6500;6000
2026-06-08T10:22:18.0000000Z;6.375;6.39;6500;6000
2026-06-08T10:22:46.0000000Z;6.375;6.39;6000;6000
2026-06-08T10:23:46.0000000Z;6.375;6.39;6500;6000
2026-06-08T10:24:44.0000000Z;6.375;6.39;6000;6000
2026-06-08T10:25:11.0000000Z;6.375;6.39;6500;6000
2026-06-08T10:25:51.0000000Z;6.374;6.39;6500;6000
2026-06-08T10:25:55.0000000Z;6.375;6.39;6500;6000
2026-06-08T10:25:57.0000000Z;6.374;6.39;6500;6000
2026-06-08T10:26:05.0000000Z;6.374;6.389;6500;6000
2026-06-08T10:26:07.0000000Z;6.374;6.39;6500;6000
2026-06-08T10:26:17.0000000Z;6.374;6.389;6500;6000
2026-06-08T10:26:19.0000000Z;6.374;6.39;6500;6000
2026-06-08T10:26:25.0000000Z;6.374;6.389;6500;6000
2026-06-08T10:26:27.0000000Z;6.374;6.39;6500;6000
2026-06-08T10:26:29.0000000Z;6.374;6.389;6500;6000
2026-06-08T10:26:31.0000000Z;6.374;6.39;6500;6000
2026-06-08T10:26:33.0000000Z;6.374;6.389;6500;6000
2026-06-08T10:26:35.0000000Z;6.374;6.39;6500;6000
2026-06-08T10:26:43.0000000Z;6.375;6.39;6500;6000
2026-06-08T10:26:51.0000000Z;6.374;6.39;6500;6000
2026-06-08T10:26:53.0000000Z;6.375;6.39;6500;6000
2026-06-08T10:26:55.0000000Z;6.374;6.39;6500;6000
2026-06-08T10:26:57.0000000Z;6.375;6.39;6500;6000
2026-06-08T10:28:12.0000000Z;6.375;6.391;6500;6000
2026-06-08T10:28:16.0000000Z;6.375;6.39;6500;6000
2026-06-08T10:28:44.0000000Z;6.375;6.391;6500;6000
2026-06-08T10:28:46.0000000Z;6.375;6.39;6500;6000
2026-06-08T10:28:48.0000000Z;6.375;6.391;6500;6000
2026-06-08T10:28:58.0000000Z;6.375;6.39;6500;6000
2026-06-08T10:29:04.0000000Z;6.375;6.391;6500;6000
2026-06-08T10:29:16.0000000Z;6.376;6.391;6500;6000
2026-06-08T10:29:18.0000000Z;6.376;6.391;7000;6000
2026-06-08T10:29:25.0000000Z;6.376;6.391;7000;7000
2026-06-08T10:29:33.0000000Z;6.376;6.391;7000;6000
2026-06-08T10:29:52.0000000Z;6.375;6.391;7000;6000
2026-06-08T10:29:54.0000000Z;6.376;6.391;7000;6000
2026-06-08T10:30:00.0000000Z;6.375;6.391;6500;6000
2026-06-08T10:30:01.0000000Z;6.375;6.39;7000;6000
2026-06-08T10:31:47.0000000Z;6.375;6.391;7000;6000
2026-06-08T10:31:53.0000000Z;6.375;6.39;7000;6000
2026-06-08T10:31:55.0000000Z;6.375;6.391;7000;6000
2026-06-08T10:32:17.0000000Z;6.376;6.391;7000;6000
2026-06-08T10:32:21.0000000Z;6.375;6.391;7000;6000
2026-06-08T10:32:23.0000000Z;6.375;6.39;7000;6000
2026-06-08T10:32:45.0000000Z;6.374;6.39;7000;6000
2026-06-08T10:33:03.0000000Z;6.375;6.39;7000;6000
2026-06-08T10:33:27.0000000Z;6.374;6.39;7000;6000
2026-06-08T10:33:29.0000000Z;6.375;6.39;7000;6000
2026-06-08T10:33:37.0000000Z;6.375;6.389;7000;6000
2026-06-08T10:34:00.0000000Z;6.376;6.39;6000;6000
2026-06-08T10:34:01.0000000Z;6.377;6.391;6000;6000
2026-06-08T10:34:15.0000000Z;6.376;6.39;6500;6000
2026-06-08T10:34:17.0000000Z;6.377;6.389;6000;6000
2026-06-08T10:34:18.0000000Z;6.376;6.39;6500;7000
2026-06-08T10:34:19.0000000Z;6.377;6.39;6000;7000
2026-06-08T10:34:21.0000000Z;6.377;6.391;6000;6500
2026-06-08T10:34:22.0000000Z;6.377;6.391;6500;6500
2026-06-08T10:34:23.0000000Z;6.377;6.391;6500;7000
2026-06-08T10:34:24.0000000Z;6.377;6.391;6500;7000
2026-06-08T10:34:25.0000000Z;6.377;6.391;6500;6500
2026-06-08T10:34:26.0000000Z;6.376;6.392;6500;6000
2026-06-08T10:34:28.0000000Z;6.376;6.392;6000;6000
2026-06-08T10:34:31.0000000Z;6.374;6.39;6500;6000
2026-06-08T10:34:33.0000000Z;6.374;6.39;6500;6000
2026-06-08T10:34:38.0000000Z;6.375;6.391;6500;7000
2026-06-08T10:34:40.0000000Z;6.374;6.391;6500;7000
2026-06-08T10:34:43.0000000Z;6.374;6.391;6500;7000
2026-06-08T10:34:44.0000000Z;6.375;6.392;6500;6000
2026-06-08T10:34:45.0000000Z;6.375;6.392;6500;7000
2026-06-08T10:34:46.0000000Z;6.375;6.391;6500;6000
2026-06-08T10:34:48.0000000Z;6.374;6.391;6500;6000
2026-06-08T10:34:52.0000000Z;6.375;6.391;6500;6000
2026-06-08T10:34:53.0000000Z;6.375;6.392;6000;6000
2026-06-08T10:34:54.0000000Z;6.375;6.391;6000;6000
2026-06-08T10:34:56.0000000Z;6.376;6.391;6000;6000
2026-06-08T10:34:58.0000000Z;6.376;6.392;6000;6000
2026-06-08T10:35:02.0000000Z;6.376;6.392;6500;6000
2026-06-08T10:35:03.0000000Z;6.376;6.392;6500;7000
2026-06-08T10:35:04.0000000Z;6.376;6.391;6500;6000
2026-06-08T10:35:05.0000000Z;6.376;6.392;6000;6000
2026-06-08T10:35:06.0000000Z;6.376;6.391;6000;6000
2026-06-08T10:35:08.0000000Z;6.376;6.392;6000;6000
2026-06-08T10:35:14.0000000Z;6.375;6.391;6000;6000
2026-06-08T10:35:18.0000000Z;6.375;6.39;6000;6000
2026-06-08T10:35:22.0000000Z;6.375;6.391;6000;6000
2026-06-08T10:35:23.0000000Z;6.375;6.391;6500;6000
2026-06-08T10:35:24.0000000Z;6.375;6.39;6500;6000
2026-06-08T10:35:25.0000000Z;6.375;6.39;6500;6000
2026-06-08T10:35:27.0000000Z;6.375;6.391;6500;7000
2026-06-08T10:35:30.0000000Z;6.374;6.39;6500;6000
2026-06-08T10:35:31.0000000Z;6.374;6.39;6500;7000
2026-06-08T10:35:32.0000000Z;6.374;6.39;6000;7000
2026-06-08T10:35:40.0000000Z;6.375;6.391;6000;7000
2026-06-08T10:35:51.0000000Z;6.375;6.392;6000;7000
2026-06-08T10:35:52.0000000Z;6.375;6.392;6000;7000
2026-06-08T10:35:54.0000000Z;6.375;6.392;6000;7000
2026-06-08T10:35:55.0000000Z;6.375;6.392;6000;6500
2026-06-08T10:35:56.0000000Z;6.376;6.392;6000;7000
2026-06-08T10:35:57.0000000Z;6.376;6.392;6000;6500
2026-06-08T10:35:58.0000000Z;6.376;6.392;6000;6500
2026-06-08T10:35:59.0000000Z;6.376;6.392;6000;6500
2026-06-08T10:36:01.0000000Z;6.376;6.392;6000;7000
2026-06-08T10:36:02.0000000Z;6.376;6.392;6000;7000
2026-06-08T10:36:03.0000000Z;6.376;6.392;6000;7000
2026-06-08T10:36:05.0000000Z;6.376;6.392;6000;7000
2026-06-08T10:36:06.0000000Z;6.376;6.392;6000;6500
2026-06-08T10:36:07.0000000Z;6.376;6.392;6000;6500
2026-06-08T10:36:08.0000000Z;6.376;6.392;6000;6500
2026-06-08T10:36:09.0000000Z;6.376;6.392;6000;7000
2026-06-08T10:36:10.0000000Z;6.376;6.392;6000;7000
2026-06-08T10:36:11.0000000Z;6.376;6.392;6000;7000
2026-06-08T10:36:12.0000000Z;6.376;6.392;6000;6500
2026-06-08T10:36:13.0000000Z;6.376;6.392;6000;7000
2026-06-08T10:36:14.0000000Z;6.376;6.392;6000;6500
2026-06-08T10:36:16.0000000Z;6.376;6.392;6000;6000
2026-06-08T10:36:17.0000000Z;6.376;6.392;6000;6000
2026-06-08T10:36:18.0000000Z;6.377;6.392;6000;6000
2026-06-08T10:36:21.0000000Z;6.377;6.392;6000;6500
2026-06-08T10:36:22.0000000Z;6.377;6.392;6000;6000
2026-06-08T10:36:23.0000000Z;6.377;6.392;6000;6500
2026-06-08T10:36:24.0000000Z;6.377;6.392;6000;6000
2026-06-08T10:36:25.0000000Z;6.377;6.392;6000;6500
2026-06-08T10:36:27.0000000Z;6.377;6.392;6000;6000
2026-06-08T10:36:34.0000000Z;6.376;6.392;6000;6000
2026-06-08T10:36:36.0000000Z;6.377;6.392;6000;6000
2026-06-08T10:36:40.0000000Z;6.376;6.392;6000;6000
2026-06-08T10:36:44.0000000Z;6.377;6.392;6000;6000
2026-06-08T10:36:48.0000000Z;6.376;6.392;6000;6000
2026-06-08T10:36:50.0000000Z;6.377;6.392;6000;6000
2026-06-08T10:36:54.0000000Z;6.376;6.392;6000;6000
2026-06-08T10:36:56.0000000Z;6.377;6.392;6000;6000
2026-06-08T10:37:08.0000000Z;6.377;6.392;6500;6000
2026-06-08T10:37:20.0000000Z;6.376;6.392;6500;6000
2026-06-08T10:37:22.0000000Z;6.377;6.392;6500;6000
2026-06-08T10:37:29.0000000Z;6.376;6.392;6000;6000
2026-06-08T10:37:40.0000000Z;6.377;6.392;6000;6500
2026-06-08T10:37:42.0000000Z;6.377;6.392;6000;6000
2026-06-08T10:37:59.0000000Z;6.377;6.392;6000;6000
2026-06-08T10:38:10.0000000Z;6.377;6.393;6000;6000
2026-06-08T10:38:12.0000000Z;6.377;6.393;6000;7000
2026-06-08T10:38:16.0000000Z;6.377;6.392;6000;7000
2026-06-08T10:38:17.0000000Z;6.377;6.392;6000;6500
2026-06-08T10:38:18.0000000Z;6.377;6.392;6000;6500
2026-06-08T10:38:19.0000000Z;6.377;6.393;6000;7000
2026-06-08T10:38:22.0000000Z;6.378;6.393;6000;7000
2026-06-08T10:38:24.0000000Z;6.378;6.393;6000;6500
2026-06-08T10:38:25.0000000Z;6.378;6.393;6000;6500
2026-06-08T10:38:26.0000000Z;6.378;6.393;6000;7000
2026-06-08T10:38:27.0000000Z;6.378;6.393;6000;6500
2026-06-08T10:38:28.0000000Z;6.378;6.393;6000;7000
2026-06-08T10:38:29.0000000Z;6.378;6.393;6000;7000
2026-06-08T10:38:31.0000000Z;6.378;6.393;6000;7000
2026-06-08T10:38:34.0000000Z;6.377;6.392;6000;7000
2026-06-08T10:38:35.0000000Z;6.377;6.392;6000;6500
2026-06-08T10:38:36.0000000Z;6.377;6.392;6000;6000
2026-06-08T10:39:13.0000000Z;6.377;6.393;6000;6000
2026-06-08T10:39:17.0000000Z;6.378;6.393;6000;6000
2026-06-08T10:39:28.0000000Z;6.378;6.394;6000;7000
2026-06-08T10:39:33.0000000Z;6.379;6.394;6000;6500
2026-06-08T10:39:34.0000000Z;6.379;6.394;6000;7000
2026-06-08T10:39:36.0000000Z;6.379;6.394;6000;7000
2026-06-08T10:39:37.0000000Z;6.378;6.394;6000;7000
2026-06-08T10:39:38.0000000Z;6.378;6.394;6000;6500
2026-06-08T10:39:39.0000000Z;6.378;6.394;6000;7000
2026-06-08T10:39:40.0000000Z;6.379;6.394;6000;6500
2026-06-08T10:39:41.0000000Z;6.379;6.394;6000;7000
2026-06-08T10:39:44.0000000Z;6.378;6.394;6000;6500
2026-06-08T10:39:45.0000000Z;6.379;6.394;6000;6500
2026-06-08T10:39:46.0000000Z;6.378;6.394;6500;7000
2026-06-08T10:39:47.0000000Z;6.378;6.394;6500;6500
2026-06-08T10:39:48.0000000Z;6.377;6.394;6500;7000
2026-06-08T10:39:49.0000000Z;6.377;6.393;6500;7000
2026-06-08T10:39:54.0000000Z;6.378;6.394;6500;6000
2026-06-08T10:39:59.0000000Z;6.378;6.394;6500;6500
2026-06-08T10:40:01.0000000Z;6.378;6.394;6500;7000
2026-06-08T10:40:02.0000000Z;6.378;6.394;6500;7000
2026-06-08T10:40:03.0000000Z;6.378;6.394;6500;6500
2026-06-08T10:40:04.0000000Z;6.378;6.394;6500;6500
2026-06-08T10:40:05.0000000Z;6.378;6.394;6500;7000
2026-06-08T10:40:06.0000000Z;6.378;6.394;6500;7000
2026-06-08T10:40:07.0000000Z;6.378;6.394;6500;7000
2026-06-08T10:40:08.0000000Z;6.378;6.394;6500;7000
2026-06-08T10:40:09.0000000Z;6.378;6.394;6500;6000
2026-06-08T10:40:11.0000000Z;6.378;6.394;6500;7000
2026-06-08T10:40:12.0000000Z;6.378;6.394;6500;6500
2026-06-08T10:40:13.0000000Z;6.378;6.394;6500;6500
2026-06-08T10:40:14.0000000Z;6.378;6.394;6500;7000
2026-06-08T10:40:15.0000000Z;6.378;6.394;6500;7000
2026-06-08T10:40:16.0000000Z;6.378;6.394;6500;7000
2026-06-08T10:40:17.0000000Z;6.378;6.394;6500;7000
2026-06-08T10:40:18.0000000Z;6.378;6.394;6500;7000
2026-06-08T10:40:19.0000000Z;6.378;6.394;6500;6500
2026-06-08T10:40:20.0000000Z;6.378;6.394;6500;7000
2026-06-08T10:40:21.0000000Z;6.378;6.394;6500;7000
2026-06-08T10:40:22.0000000Z;6.378;6.394;6500;7000
2026-06-08T10:40:24.0000000Z;6.378;6.394;6500;7000
2026-06-08T10:40:25.0000000Z;6.378;6.394;6500;6500
2026-06-08T10:40:26.0000000Z;6.378;6.394;6500;6500
2026-06-08T10:40:27.0000000Z;6.378;6.394;6500;6500
2026-06-08T10:40:28.0000000Z;6.378;6.394;6500;7000
2026-06-08T10:40:30.0000000Z;6.377;6.394;6500;6500
2026-06-08T10:40:31.0000000Z;6.377;6.394;6500;7000
2026-06-08T10:40:33.0000000Z;6.378;6.394;6500;6500
2026-06-08T10:40:34.0000000Z;6.378;6.394;6500;7000
2026-06-08T10:40:37.0000000Z;6.378;6.394;6500;7000
2026-06-08T10:40:40.0000000Z;6.378;6.394;6500;6500
2026-06-08T10:40:41.0000000Z;6.378;6.394;6500;7000
2026-06-08T10:40:42.0000000Z;6.378;6.394;6500;7000
2026-06-08T10:40:43.0000000Z;6.377;6.393;6500;7000
2026-06-08T10:40:45.0000000Z;6.377;6.393;6500;7000
2026-06-08T10:40:46.0000000Z;6.377;6.393;6500;7000
2026-06-08T10:40:48.0000000Z;6.377;6.393;6500;7000
2026-06-08T10:40:54.0000000Z;6.377;6.393;6500;6500
2026-06-08T10:40:55.0000000Z;6.377;6.393;6500;7000
2026-06-08T10:40:56.0000000Z;6.377;6.393;6500;6500
2026-06-08T10:40:57.0000000Z;6.377;6.393;6500;7000
2026-06-08T10:40:58.0000000Z;6.377;6.393;6500;6500
2026-06-08T10:40:59.0000000Z;6.377;6.393;6500;6000
2026-06-08T10:41:01.0000000Z;6.377;6.393;6500;6500
2026-06-08T10:41:02.0000000Z;6.377;6.393;6500;6000
2026-06-08T10:41:08.0000000Z;6.377;6.393;6500;6500
2026-06-08T10:41:10.0000000Z;6.377;6.393;6500;6000
2026-06-08T10:41:14.0000000Z;6.376;6.393;6500;6000
2026-06-08T10:43:20.0000000Z;6.377;6.393;6000;6000
2026-06-08T10:43:33.0000000Z;6.377;6.392;6000;6000
2026-06-08T10:43:35.0000000Z;6.377;6.393;6000;6000
2026-06-08T10:43:39.0000000Z;6.377;6.392;6000;6000
2026-06-08T10:43:43.0000000Z;6.377;6.393;6000;6000
2026-06-08T10:43:47.0000000Z;6.377;6.392;6000;6000
2026-06-08T10:44:12.0000000Z;6.376;6.392;6500;6000
2026-06-08T10:44:28.0000000Z;6.376;6.391;6500;6000
2026-06-08T10:44:31.0000000Z;6.376;6.392;6500;6000
2026-06-08T10:44:41.0000000Z;6.376;6.391;6500;6000
2026-06-08T10:45:09.0000000Z;6.376;6.392;6500;6000
2026-06-08T10:45:16.0000000Z;6.375;6.391;6500;7000
2026-06-08T10:45:17.0000000Z;6.375;6.391;6500;6000
2026-06-08T10:45:25.0000000Z;6.375;6.391;6500;7000
2026-06-08T10:45:28.0000000Z;6.376;6.392;6000;7000
2026-06-08T10:45:29.0000000Z;6.376;6.392;6000;6000
2026-06-08T10:45:30.0000000Z;6.376;6.392;6000;7000
2026-06-08T10:46:47.0000000Z;6.377;6.392;6000;6000
2026-06-08T10:46:48.0000000Z;6.376;6.391;6000;7000
2026-06-08T10:46:59.0000000Z;6.376;6.391;6000;6000
2026-06-08T10:47:07.0000000Z;6.376;6.391;6000;7000
2026-06-08T10:47:09.0000000Z;6.376;6.391;6000;7000
2026-06-08T10:47:33.0000000Z;6.376;6.391;6000;6000
2026-06-08T10:47:34.0000000Z;6.376;6.391;6000;7000
2026-06-08T10:47:39.0000000Z;6.375;6.39;6000;6000
2026-06-08T10:47:42.0000000Z;6.375;6.39;6000;7000
2026-06-08T10:47:43.0000000Z;6.375;6.39;6000;6000
2026-06-08T10:47:44.0000000Z;6.375;6.39;6000;7000
2026-06-08T10:48:15.0000000Z;6.375;6.39;6000;6000
2026-06-08T10:48:17.0000000Z;6.375;6.39;6000;7000
2026-06-08T10:48:18.0000000Z;6.375;6.39;6000;6000
2026-06-08T10:48:20.0000000Z;6.375;6.39;6000;7000
2026-06-08T10:48:23.0000000Z;6.375;6.39;6000;6000
2026-06-08T10:48:25.0000000Z;6.375;6.39;6000;7000
2026-06-08T10:48:31.0000000Z;6.375;6.39;6000;6000
2026-06-08T10:48:33.0000000Z;6.375;6.39;6000;7000
2026-06-08T10:48:34.0000000Z;6.375;6.39;6000;6000
2026-06-08T10:48:35.0000000Z;6.375;6.39;6000;7000
2026-06-08T10:48:36.0000000Z;6.375;6.39;6000;6000
2026-06-08T10:48:37.0000000Z;6.375;6.39;6000;7000
2026-06-08T10:48:38.0000000Z;6.375;6.39;6000;6000
2026-06-08T10:48:41.0000000Z;6.375;6.39;6000;7000
2026-06-08T10:48:44.0000000Z;6.375;6.39;6000;6000
2026-06-08T10:48:45.0000000Z;6.375;6.39;6000;7000
2026-06-08T10:48:46.0000000Z;6.375;6.39;6000;6000
2026-06-08T10:48:47.0000000Z;6.375;6.39;6000;7000
2026-06-08T10:48:48.0000000Z;6.375;6.39;6000;6000
2026-06-08T10:48:49.0000000Z;6.375;6.39;6000;7000
2026-06-08T10:48:51.0000000Z;6.375;6.39;6000;6000
2026-06-08T10:48:53.0000000Z;6.375;6.39;6000;7000
2026-06-08T10:49:01.0000000Z;6.374;6.39;6000;7000
2026-06-08T10:49:09.0000000Z;6.374;6.39;6000;6000
2026-06-08T10:49:28.0000000Z;6.374;6.389;6000;6000
2026-06-08T10:49:31.0000000Z;6.374;6.39;6000;6000
2026-06-08T10:49:49.0000000Z;6.374;6.39;6000;7000
2026-06-08T10:53:10.0000000Z;6.375;6.39;6000;6000
2026-06-08T10:53:15.0000000Z;6.375;6.39;6000;7000
2026-06-08T10:53:18.0000000Z;6.375;6.39;6000;6000
2026-06-08T10:53:23.0000000Z;6.375;6.39;6000;7000
2026-06-08T10:53:24.0000000Z;6.375;6.391;6000;7000
2026-06-08T10:53:35.0000000Z;6.375;6.39;6000;6000
2026-06-08T10:53:58.0000000Z;6.375;6.39;6000;7000
2026-06-08T10:56:08.0000000Z;6.375;6.391;6000;7000
2026-06-08T10:56:10.0000000Z;6.375;6.39;6000;7000
2026-06-08T10:56:25.0000000Z;6.375;6.39;6000;7000
2026-06-08T10:56:27.0000000Z;6.375;6.39;6000;7000
2026-06-08T10:56:32.0000000Z;6.375;6.39;6000;6000
2026-06-08T10:56:33.0000000Z;6.375;6.39;6000;7000
2026-06-08T10:56:34.0000000Z;6.375;6.39;6000;6000
2026-06-08T10:56:35.0000000Z;6.375;6.39;6000;7000
2026-06-08T10:56:36.0000000Z;6.375;6.39;6000;7000
2026-06-08T10:56:37.0000000Z;6.375;6.39;6000;7000
2026-06-08T10:56:38.0000000Z;6.375;6.391;6000;7000
2026-06-08T10:56:39.0000000Z;6.375;6.391;6000;7000
2026-06-08T10:56:41.0000000Z;6.375;6.391;6000;7000
2026-06-08T10:56:42.0000000Z;6.375;6.391;6000;7000
2026-06-08T10:56:43.0000000Z;6.375;6.391;6000;7000
2026-06-08T10:56:45.0000000Z;6.375;6.391;6000;7000
2026-06-08T10:56:46.0000000Z;6.375;6.391;6000;7000
2026-06-08T10:56:48.0000000Z;6.375;6.391;6000;7000
2026-06-08T10:56:49.0000000Z;6.375;6.391;6000;7000
2026-06-08T10:56:50.0000000Z;6.375;6.391;6000;6000
2026-06-08T10:56:51.0000000Z;6.375;6.391;6000;7000
2026-06-08T10:56:52.0000000Z;6.375;6.391;6000;7000
2026-06-08T10:56:53.0000000Z;6.375;6.391;6000;7000
2026-06-08T10:56:54.0000000Z;6.375;6.391;6000;6000
2026-06-08T10:56:55.0000000Z;6.375;6.39;6000;7000
2026-06-08T10:56:56.0000000Z;6.375;6.391;6000;7000
2026-06-08T10:56:57.0000000Z;6.375;6.391;6000;7000
2026-06-08T10:56:59.0000000Z;6.375;6.39;6000;7000
2026-06-08T10:57:01.0000000Z;6.375;6.39;6000;7000
2026-06-08T10:57:02.0000000Z;6.375;6.39;6000;6000
2026-06-08T10:57:03.0000000Z;6.375;6.39;6000;7000
2026-06-08T10:57:04.0000000Z;6.375;6.39;6000;7000
2026-06-08T10:57:05.0000000Z;6.375;6.39;6000;6000
2026-06-08T10:57:06.0000000Z;6.375;6.39;6000;6000
2026-06-08T10:57:07.0000000Z;6.375;6.39;6000;7000
2026-06-08T10:57:08.0000000Z;6.375;6.39;6000;6000
2026-06-08T10:57:09.0000000Z;6.375;6.39;6000;7000
2026-06-08T10:57:11.0000000Z;6.375;6.39;6000;6000
2026-06-08T10:57:12.0000000Z;6.375;6.39;6000;7000
2026-06-08T10:57:13.0000000Z;6.375;6.39;6000;7000
2026-06-08T10:57:14.0000000Z;6.375;6.39;6000;7000
2026-06-08T10:57:15.0000000Z;6.375;6.39;6000;7000
2026-06-08T10:57:17.0000000Z;6.375;6.39;6000;6000
2026-06-08T10:57:18.0000000Z;6.375;6.39;6000;6000
2026-06-08T10:57:19.0000000Z;6.375;6.39;6000;7000
2026-06-08T10:57:21.0000000Z;6.375;6.39;6000;7000
2026-06-08T10:57:22.0000000Z;6.375;6.39;6000;7000
2026-06-08T10:57:23.0000000Z;6.375;6.39;6000;7000
2026-06-08T10:57:24.0000000Z;6.375;6.39;6000;6000
2026-06-08T10:57:25.0000000Z;6.375;6.39;6000;7000
2026-06-08T10:57:28.0000000Z;6.375;6.39;6000;7000
2026-06-08T10:57:29.0000000Z;6.375;6.39;6000;6000
2026-06-08T10:57:31.0000000Z;6.375;6.39;6000;7000
2026-06-08T10:57:32.0000000Z;6.375;6.391;6000;6000
2026-06-08T10:57:33.0000000Z;6.375;6.39;6000;7000
2026-06-08T10:57:35.0000000Z;6.375;6.39;6000;6000
2026-06-08T10:57:36.0000000Z;6.375;6.39;6000;7000
2026-06-08T10:57:37.0000000Z;6.375;6.39;6000;7000
2026-06-08T10:57:38.0000000Z;6.375;6.39;6000;7000
2026-06-08T10:57:41.0000000Z;6.375;6.39;6000;7000
2026-06-08T10:57:43.0000000Z;6.375;6.39;6000;7000
2026-06-08T10:57:45.0000000Z;6.375;6.39;6000;7000
2026-06-08T10:57:47.0000000Z;6.375;6.39;6000;6000
2026-06-08T10:57:48.0000000Z;6.375;6.39;6000;6000
2026-06-08T10:57:49.0000000Z;6.375;6.39;6000;7000
2026-06-08T10:57:50.0000000Z;6.375;6.39;6000;6000
2026-06-08T10:57:51.0000000Z;6.375;6.39;6000;7000
2026-06-08T10:57:52.0000000Z;6.375;6.39;6000;7000
2026-06-08T10:57:53.0000000Z;6.375;6.39;6000;7000
2026-06-08T10:57:54.0000000Z;6.375;6.39;6000;7000
2026-06-08T10:57:55.0000000Z;6.375;6.39;6000;6000
2026-06-08T10:57:56.0000000Z;6.375;6.39;6000;6000
2026-06-08T10:57:57.0000000Z;6.375;6.39;6000;6000
2026-06-08T10:57:58.0000000Z;6.375;6.39;6000;7000
2026-06-08T10:57:59.0000000Z;6.375;6.39;6000;6000
2026-06-08T10:58:00.0000000Z;6.375;6.39;6000;6000
2026-06-08T10:58:01.0000000Z;6.375;6.39;6000;7000
2026-06-08T10:58:02.0000000Z;6.375;6.39;6000;7000
2026-06-08T10:58:03.0000000Z;6.375;6.39;6000;7000
2026-06-08T10:58:04.0000000Z;6.375;6.39;6000;6000
2026-06-08T10:58:05.0000000Z;6.375;6.39;6000;7000
2026-06-08T10:58:06.0000000Z;6.375;6.39;6000;7000
2026-06-08T10:58:07.0000000Z;6.375;6.39;6000;7000
2026-06-08T10:58:08.0000000Z;6.375;6.39;6000;6000
2026-06-08T10:58:09.0000000Z;6.375;6.39;6000;6000
2026-06-08T10:58:10.0000000Z;6.375;6.39;6000;7000
2026-06-08T10:58:11.0000000Z;6.375;6.39;6000;6000
2026-06-08T10:58:12.0000000Z;6.375;6.39;6000;6000
2026-06-08T10:58:13.0000000Z;6.375;6.39;6000;7000
2026-06-08T10:58:15.0000000Z;6.375;6.39;6000;7000
2026-06-08T10:58:16.0000000Z;6.375;6.39;6000;7000
2026-06-08T10:58:18.0000000Z;6.375;6.39;6000;6000
2026-06-08T10:58:19.0000000Z;6.375;6.39;6000;7000
2026-06-08T10:58:20.0000000Z;6.375;6.39;6000;7000
2026-06-08T10:58:22.0000000Z;6.375;6.39;6000;6000
2026-06-08T10:58:23.0000000Z;6.375;6.39;6000;7000
2026-06-08T10:58:24.0000000Z;6.375;6.39;6000;6000
2026-06-08T10:58:25.0000000Z;6.375;6.39;6000;7000
2026-06-08T10:58:26.0000000Z;6.375;6.39;6000;6000
2026-06-08T10:58:27.0000000Z;6.375;6.391;6000;7000
2026-06-08T10:58:28.0000000Z;6.375;6.39;6000;6000
2026-06-08T10:58:37.0000000Z;6.375;6.39;6000;7000
2026-06-08T10:59:37.0000000Z;6.374;6.391;6000;6000
2026-06-08T11:00:13.0000000Z;6.374;6.392;6000;6000
2026-06-08T11:00:17.0000000Z;6.374;6.391;6000;6000
2026-06-08T11:00:19.0000000Z;6.374;6.392;6000;6000
2026-06-08T11:00:21.0000000Z;6.374;6.391;6000;6000
2026-06-08T11:00:46.0000000Z;6.374;6.391;6500;6000
2026-06-08T11:00:47.0000000Z;6.375;6.391;6000;6000
2026-06-08T11:00:50.0000000Z;6.375;6.391;6000;6500
2026-06-08T11:01:07.0000000Z;6.374;6.391;6000;6000
2026-06-08T11:01:09.0000000Z;6.373;6.391;6000;6000
2026-06-08T11:01:14.0000000Z;6.374;6.391;6500;6000
2026-06-08T11:01:15.0000000Z;6.375;6.391;6000;6000
2026-06-08T11:01:16.0000000Z;6.375;6.391;6000;6500
2026-06-08T11:01:34.0000000Z;6.375;6.39;6000;6500
2026-06-08T11:01:35.0000000Z;6.374;6.389;6000;6500
2026-06-08T11:03:27.0000000Z;6.373;6.389;6000;7000
2026-06-08T11:03:28.0000000Z;6.373;6.389;6000;6500
2026-06-08T11:03:29.0000000Z;6.373;6.389;6000;7000
2026-06-08T11:04:11.0000000Z;6.374;6.389;6000;6000
2026-06-08T11:05:05.0000000Z;6.374;6.39;6000;7000
2026-06-08T11:05:28.0000000Z;6.374;6.39;6000;6000
2026-06-08T11:05:30.0000000Z;6.374;6.39;6000;7000
2026-06-08T11:06:17.0000000Z;6.374;6.39;6000;6000
2026-06-08T11:06:22.0000000Z;6.374;6.39;6000;7000
2026-06-08T11:06:28.0000000Z;6.374;6.39;6000;6000
2026-06-08T11:06:42.0000000Z;6.374;6.39;6000;7000
2026-06-08T11:07:55.0000000Z;6.374;6.389;6000;6000
2026-06-08T11:08:04.0000000Z;6.374;6.389;6000;7000
2026-06-08T11:08:05.0000000Z;6.374;6.39;6000;7000
2026-06-08T11:08:38.0000000Z;6.373;6.389;6500;7000
2026-06-08T11:08:52.0000000Z;6.373;6.389;6000;7000
2026-06-08T11:09:58.0000000Z;6.373;6.39;6500;7000
2026-06-08T11:10:03.0000000Z;6.373;6.389;6500;7000
2026-06-08T11:10:05.0000000Z;6.373;6.39;6500;7000
2026-06-08T11:10:07.0000000Z;6.373;6.389;6500;7000
2026-06-08T11:10:11.0000000Z;6.373;6.39;6500;7000
2026-06-08T11:10:13.0000000Z;6.373;6.389;6500;7000
2026-06-08T11:10:21.0000000Z;6.373;6.39;6500;7000
2026-06-08T11:10:26.0000000Z;6.373;6.389;6000;7000
2026-06-08T11:10:28.0000000Z;6.373;6.389;6500;7000
2026-06-08T11:10:38.0000000Z;6.373;6.389;6500;6000
2026-06-08T11:10:39.0000000Z;6.372;6.388;6500;6000
2026-06-08T11:10:40.0000000Z;6.372;6.388;6500;6500
2026-06-08T11:10:41.0000000Z;6.372;6.388;6500;6000
2026-06-08T11:10:55.0000000Z;6.372;6.388;6000;6000
2026-06-08T11:10:58.0000000Z;6.372;6.387;6000;6000
2026-06-08T11:11:00.0000000Z;6.371;6.387;6500;6000
2026-06-08T11:11:01.0000000Z;6.371;6.387;6000;6000
2026-06-08T11:11:03.0000000Z;6.371;6.386;6000;6000
2026-06-08T11:11:06.0000000Z;6.372;6.388;6500;7000
2026-06-08T11:11:07.0000000Z;6.371;6.389;6500;7000
2026-06-08T11:11:08.0000000Z;6.371;6.388;6500;6000
2026-06-08T11:11:09.0000000Z;6.372;6.388;6500;6000
2026-06-08T11:11:22.0000000Z;6.372;6.388;6500;6000
2026-06-08T11:11:23.0000000Z;6.372;6.387;6500;6000
2026-06-08T11:11:27.0000000Z;6.372;6.388;6500;7000
2026-06-08T11:11:30.0000000Z;6.372;6.389;6500;7000
2026-06-08T11:11:32.0000000Z;6.372;6.388;6500;7000
2026-06-08T11:11:34.0000000Z;6.372;6.389;6500;7000
2026-06-08T11:11:38.0000000Z;6.373;6.388;6000;6000
2026-06-08T11:11:40.0000000Z;6.372;6.388;6500;6000
2026-06-08T11:11:41.0000000Z;6.373;6.388;6500;6000
2026-06-08T11:11:42.0000000Z;6.373;6.389;6500;6000
2026-06-08T11:11:44.0000000Z;6.373;6.389;6500;6000
2026-06-08T11:11:45.0000000Z;6.373;6.389;6500;6000
2026-06-08T11:11:47.0000000Z;6.373;6.389;6500;7000
2026-06-08T11:11:58.0000000Z;6.373;6.39;6500;7000
2026-06-08T11:12:08.0000000Z;6.374;6.39;6500;7000
2026-06-08T11:12:12.0000000Z;6.373;6.39;6500;7000
2026-06-08T11:12:16.0000000Z;6.374;6.39;6500;7000
2026-06-08T11:12:18.0000000Z;6.373;6.389;6500;6000
2026-06-08T11:12:33.0000000Z;6.373;6.389;6500;7000
2026-06-08T11:12:35.0000000Z;6.373;6.389;6500;6000
2026-06-08T11:12:39.0000000Z;6.373;6.389;6500;7000
2026-06-08T11:12:44.0000000Z;6.373;6.389;6500;6000
2026-06-08T11:13:01.0000000Z;6.373;6.389;6500;7000
2026-06-08T11:13:02.0000000Z;6.373;6.389;6500;6000
2026-06-08T11:13:05.0000000Z;6.373;6.389;6500;7000
2026-06-08T11:13:06.0000000Z;6.373;6.389;6500;6000
2026-06-08T11:13:07.0000000Z;6.373;6.389;6500;7000
2026-06-08T11:13:08.0000000Z;6.373;6.389;6500;6000
2026-06-08T11:13:13.0000000Z;6.373;6.389;6000;6000
2026-06-08T11:13:15.0000000Z;6.373;6.389;6500;6000
2026-06-08T11:13:23.0000000Z;6.373;6.389;6500;7000
2026-06-08T11:13:31.0000000Z;6.374;6.39;6500;7000
2026-06-08T11:13:48.0000000Z;6.373;6.39;6500;7000
2026-06-08T11:13:50.0000000Z;6.374;6.39;6500;7000
2026-06-08T11:14:05.0000000Z;6.373;6.389;6500;6000
2026-06-08T11:14:06.0000000Z;6.373;6.389;6500;6000
2026-06-08T11:14:07.0000000Z;6.373;6.389;6500;6000
2026-06-08T11:14:16.0000000Z;6.374;6.389;6000;6000
2026-06-08T11:14:22.0000000Z;6.373;6.389;6500;6000
2026-06-08T11:14:28.0000000Z;6.374;6.389;6000;6000
2026-06-08T11:14:46.0000000Z;6.373;6.389;6000;6000
2026-06-08T11:14:48.0000000Z;6.373;6.388;6000;6000
2026-06-08T11:14:52.0000000Z;6.373;6.389;6000;6000
2026-06-08T11:14:56.0000000Z;6.372;6.388;6500;6000
2026-06-08T11:14:57.0000000Z;6.373;6.388;6000;6000
2026-06-08T11:14:58.0000000Z;6.372;6.388;6000;6000
2026-06-08T11:15:00.0000000Z;6.373;6.388;6000;6000
2026-06-08T11:15:02.0000000Z;6.373;6.388;6500;6000
2026-06-08T11:15:04.0000000Z;6.373;6.389;6000;6000
2026-06-08T11:15:05.0000000Z;6.373;6.389;6000;6000
2026-06-08T11:15:06.0000000Z;6.374;6.389;6000;6000
2026-06-08T11:15:07.0000000Z;6.373;6.388;6500;6000
2026-06-08T11:15:15.0000000Z;6.374;6.39;6500;7000
2026-06-08T11:15:17.0000000Z;6.374;6.39;6500;6000
2026-06-08T11:15:18.0000000Z;6.374;6.39;6500;7000
2026-06-08T11:15:19.0000000Z;6.374;6.39;6500;7000
2026-06-08T11:15:28.0000000Z;6.374;6.391;6500;7000
2026-06-08T11:15:30.0000000Z;6.375;6.391;6500;7000
2026-06-08T11:15:33.0000000Z;6.374;6.391;6500;7000
2026-06-08T11:15:34.0000000Z;6.375;6.391;6000;7000
2026-06-08T11:15:35.0000000Z;6.374;6.391;6000;6000
2026-06-08T11:15:37.0000000Z;6.375;6.391;6000;6000
2026-06-08T11:15:40.0000000Z;6.374;6.391;6000;6000
2026-06-08T11:15:42.0000000Z;6.374;6.391;6000;7000
2026-06-08T11:15:43.0000000Z;6.374;6.391;6000;6000
2026-06-08T11:15:44.0000000Z;6.374;6.39;6000;6000
2026-06-08T11:15:45.0000000Z;6.374;6.39;6000;7000
2026-06-08T11:15:46.0000000Z;6.374;6.391;6000;7000
2026-06-08T11:15:47.0000000Z;6.374;6.39;6000;7000
2026-06-08T11:15:48.0000000Z;6.374;6.391;6000;7000
2026-06-08T11:15:49.0000000Z;6.375;6.391;6000;7000
2026-06-08T11:15:50.0000000Z;6.375;6.391;6000;6000
2026-06-08T11:15:51.0000000Z;6.374;6.391;6500;7000
2026-06-08T11:15:53.0000000Z;6.374;6.39;6000;7000
2026-06-08T11:15:58.0000000Z;6.373;6.39;6000;7000
2026-06-08T11:15:59.0000000Z;6.374;6.39;6000;7000
2026-06-08T11:16:00.0000000Z;6.373;6.389;6000;7000
2026-06-08T11:16:02.0000000Z;6.373;6.39;6000;7000
2026-06-08T11:16:03.0000000Z;6.373;6.39;6500;7000
2026-06-08T11:16:05.0000000Z;6.373;6.39;6500;6000
2026-06-08T11:16:06.0000000Z;6.373;6.39;6500;7000
2026-06-08T11:16:13.0000000Z;6.373;6.389;6500;6000
2026-06-08T11:16:15.0000000Z;6.373;6.388;6500;6000
2026-06-08T11:17:05.0000000Z;6.373;6.388;6000;6000
2026-06-08T11:17:09.0000000Z;6.373;6.388;6500;6000
2026-06-08T11:17:19.0000000Z;6.373;6.388;6500;6000
2026-06-08T11:17:37.0000000Z;6.373;6.389;6500;6500
2026-06-08T11:17:43.0000000Z;6.373;6.389;6500;6000
2026-06-08T11:17:45.0000000Z;6.372;6.389;6500;6500
2026-06-08T11:17:55.0000000Z;6.373;6.389;6500;6000
2026-06-08T11:17:56.0000000Z;6.373;6.389;6500;6500
2026-06-08T11:18:11.0000000Z;6.373;6.389;6000;6500
2026-06-08T11:18:13.0000000Z;6.373;6.389;6500;6500
2026-06-08T11:18:21.0000000Z;6.373;6.389;6500;6000
2026-06-08T11:18:23.0000000Z;6.373;6.389;6500;6500
2026-06-08T11:18:32.0000000Z;6.373;6.389;6500;6000
2026-06-08T11:18:35.0000000Z;6.373;6.389;6500;6500
2026-06-08T11:18:48.0000000Z;6.372;6.388;6500;6000
2026-06-08T11:18:54.0000000Z;6.372;6.388;6500;6500
2026-06-08T11:18:58.0000000Z;6.372;6.388;6500;6000
2026-06-08T11:18:59.0000000Z;6.372;6.388;6500;6500
2026-06-08T11:19:02.0000000Z;6.372;6.388;6500;6000
2026-06-08T11:19:05.0000000Z;6.372;6.388;6500;6500
2026-06-08T11:19:07.0000000Z;6.372;6.388;6500;6000
2026-06-08T11:19:09.0000000Z;6.372;6.388;6500;6500
2026-06-08T11:19:17.0000000Z;6.372;6.389;6000;6500
2026-06-08T11:19:19.0000000Z;6.373;6.389;6000;6500
2026-06-08T11:19:25.0000000Z;6.373;6.389;6500;6500
2026-06-08T11:19:28.0000000Z;6.372;6.388;6000;6500
2026-06-08T11:19:29.0000000Z;6.373;6.389;6500;6500
2026-06-08T11:19:41.0000000Z;6.372;6.389;6500;6500
2026-06-08T11:19:46.0000000Z;6.372;6.388;6500;6000
2026-06-08T11:19:48.0000000Z;6.372;6.388;6500;6500
2026-06-08T11:19:50.0000000Z;6.372;6.388;6500;6000
2026-06-08T11:19:57.0000000Z;6.372;6.388;6000;6000
2026-06-08T11:20:00.0000000Z;6.372;6.387;6500;6000
2026-06-08T11:20:01.0000000Z;6.372;6.387;6000;6000
2026-06-08T11:20:02.0000000Z;6.371;6.387;6500;6000
2026-06-08T11:20:03.0000000Z;6.372;6.387;6000;6000
2026-06-08T11:20:05.0000000Z;6.371;6.387;6500;6000
2026-06-08T11:20:11.0000000Z;6.371;6.386;6000;6000
2026-06-08T11:20:17.0000000Z;6.37;6.386;6500;6000
2026-06-08T11:20:18.0000000Z;6.369;6.385;6500;6000
2026-06-08T11:20:21.0000000Z;6.369;6.385;6000;6000
2026-06-08T11:20:22.0000000Z;6.369;6.385;6500;6000
2026-06-08T11:20:40.0000000Z;6.369;6.385;6500;6500
2026-06-08T11:20:42.0000000Z;6.368;6.385;6500;6500
2026-06-08T11:20:44.0000000Z;6.369;6.385;6500;6500
2026-06-08T11:20:50.0000000Z;6.369;6.385;6500;6000
2026-06-08T11:21:19.0000000Z;6.369;6.385;6000;6000
2026-06-08T11:21:20.0000000Z;6.369;6.385;6500;6000
2026-06-08T11:21:23.0000000Z;6.369;6.385;6000;6000
2026-06-08T11:21:26.0000000Z;6.369;6.385;6500;6000
2026-06-08T11:21:27.0000000Z;6.369;6.385;6000;6000
2026-06-08T11:22:21.0000000Z;6.37;6.385;6000;6000
2026-06-08T11:22:22.0000000Z;6.369;6.385;6000;6000
2026-06-08T11:22:54.0000000Z;6.369;6.385;6500;6000
2026-06-08T11:22:56.0000000Z;6.369;6.385;6000;6000
2026-06-08T11:22:58.0000000Z;6.37;6.385;6000;6000
2026-06-08T11:23:00.0000000Z;6.369;6.385;6500;6000
2026-06-08T11:23:13.0000000Z;6.37;6.386;6500;6500
2026-06-08T11:23:17.0000000Z;6.37;6.386;6500;6000
2026-06-08T11:23:18.0000000Z;6.37;6.386;6500;6500
2026-06-08T11:23:19.0000000Z;6.37;6.386;6500;6000
2026-06-08T11:23:39.0000000Z;6.37;6.386;6500;6000
2026-06-08T11:23:41.0000000Z;6.37;6.386;6500;6000
2026-06-08T11:23:43.0000000Z;6.37;6.386;6500;6500
2026-06-08T11:23:45.0000000Z;6.37;6.386;6500;6500
2026-06-08T11:23:46.0000000Z;6.37;6.386;6500;6000
2026-06-08T11:23:47.0000000Z;6.37;6.386;6500;6500
2026-06-08T11:23:54.0000000Z;6.37;6.387;6500;6000
2026-06-08T11:24:08.0000000Z;6.371;6.386;6000;6000
2026-06-08T11:24:55.0000000Z;6.371;6.387;6000;6000
2026-06-08T11:24:56.0000000Z;6.372;6.387;6500;6000
2026-06-08T11:25:23.0000000Z;6.371;6.387;6500;6000
2026-06-08T11:25:26.0000000Z;6.371;6.387;6000;6000
2026-06-08T11:26:02.0000000Z;6.372;6.387;6000;6000
2026-06-08T11:26:31.0000000Z;6.372;6.386;6000;6000
2026-06-08T11:26:50.0000000Z;6.371;6.386;6500;6000
2026-06-08T11:26:51.0000000Z;6.37;6.386;6500;6000
2026-06-08T11:27:09.0000000Z;6.371;6.386;6500;6000
2026-06-08T11:27:11.0000000Z;6.37;6.386;6500;6000
2026-06-08T11:27:13.0000000Z;6.371;6.386;6500;6000
2026-06-08T11:27:17.0000000Z;6.37;6.386;6500;6000
2026-06-08T11:28:25.0000000Z;6.371;6.386;6500;6000
2026-06-08T11:28:33.0000000Z;6.37;6.386;6500;6000
2026-06-08T11:28:35.0000000Z;6.37;6.387;6500;6000
2026-06-08T11:28:43.0000000Z;6.37;6.386;6500;6000
2026-06-08T11:28:48.0000000Z;6.371;6.387;6000;6000
2026-06-08T11:28:49.0000000Z;6.372;6.387;6000;6000
2026-06-08T11:28:55.0000000Z;6.371;6.387;6000;6000
2026-06-08T11:29:05.0000000Z;6.371;6.386;6000;6000
2026-06-08T11:30:06.0000000Z;6.37;6.386;6000;6000
2026-06-08T11:30:08.0000000Z;6.37;6.385;6000;6000
2026-06-08T11:30:10.0000000Z;6.37;6.386;6000;6000
2026-06-08T11:30:18.0000000Z;6.371;6.386;6000;6000
2026-06-08T11:30:26.0000000Z;6.369;6.385;7000;6000
2026-06-08T11:30:27.0000000Z;6.369;6.385;6000;6000
2026-06-08T11:30:28.0000000Z;6.369;6.384;6000;6000
2026-06-08T11:30:29.0000000Z;6.369;6.384;7000;6000
2026-06-08T11:30:30.0000000Z;6.368;6.384;6000;6000
2026-06-08T11:30:31.0000000Z;6.369;6.384;7000;6000
2026-06-08T11:30:34.0000000Z;6.368;6.384;6000;6000
2026-06-08T11:30:35.0000000Z;6.368;6.384;7000;6000
2026-06-08T11:30:36.0000000Z;6.369;6.384;7000;6000
2026-06-08T11:30:41.0000000Z;6.368;6.384;6000;6000
2026-06-08T11:30:42.0000000Z;6.369;6.384;7000;6000
2026-06-08T11:30:43.0000000Z;6.368;6.384;6000;6000
2026-06-08T11:30:44.0000000Z;6.369;6.384;7000;6000
2026-06-08T11:30:45.0000000Z;6.369;6.385;6000;6000
2026-06-08T11:30:46.0000000Z;6.369;6.385;7000;6000
2026-06-08T11:30:48.0000000Z;6.369;6.385;6000;6000
2026-06-08T11:30:49.0000000Z;6.369;6.385;7000;6000
2026-06-08T11:30:50.0000000Z;6.369;6.385;6000;6000
2026-06-08T11:30:51.0000000Z;6.369;6.385;7000;6000
2026-06-08T11:30:52.0000000Z;6.37;6.385;7000;6000
2026-06-08T11:30:53.0000000Z;6.369;6.385;6000;6000
2026-06-08T11:30:54.0000000Z;6.369;6.385;7000;6000
2026-06-08T11:30:56.0000000Z;6.37;6.385;7000;6000
2026-06-08T11:30:58.0000000Z;6.37;6.386;6000;6000
2026-06-08T11:30:59.0000000Z;6.37;6.385;7000;6000
2026-06-08T11:31:00.0000000Z;6.369;6.385;6000;6000
2026-06-08T11:31:01.0000000Z;6.37;6.385;7000;6000
2026-06-08T11:31:03.0000000Z;6.37;6.385;6000;6000
2026-06-08T11:31:04.0000000Z;6.369;6.385;6500;6000
2026-06-08T11:31:05.0000000Z;6.369;6.385;7000;6000
2026-06-08T11:31:06.0000000Z;6.369;6.385;7000;6000
2026-06-08T11:31:08.0000000Z;6.369;6.385;6000;6000
2026-06-08T11:31:09.0000000Z;6.369;6.385;6500;6000
2026-06-08T11:31:10.0000000Z;6.37;6.385;7000;6000
2026-06-08T11:31:11.0000000Z;6.37;6.385;6500;6000
2026-06-08T11:31:12.0000000Z;6.37;6.385;7000;6000
2026-06-08T11:31:13.0000000Z;6.369;6.385;6000;6000
2026-06-08T11:31:14.0000000Z;6.369;6.385;7000;6000
2026-06-08T11:31:15.0000000Z;6.369;6.385;6000;6000
2026-06-08T11:31:16.0000000Z;6.369;6.385;7000;6000
2026-06-08T11:31:23.0000000Z;6.369;6.385;6000;6000
2026-06-08T11:31:24.0000000Z;6.369;6.385;7000;6000
2026-06-08T11:31:27.0000000Z;6.369;6.385;6500;6000
2026-06-08T11:31:28.0000000Z;6.369;6.385;7000;6000
2026-06-08T11:31:31.0000000Z;6.369;6.385;6500;6000
2026-06-08T11:31:32.0000000Z;6.369;6.385;7000;6000
2026-06-08T11:31:35.0000000Z;6.368;6.385;6000;6000
2026-06-08T11:31:36.0000000Z;6.369;6.385;6500;6000
2026-06-08T11:31:37.0000000Z;6.369;6.385;7000;6000
2026-06-08T11:31:38.0000000Z;6.368;6.384;6000;6000
2026-06-08T11:31:39.0000000Z;6.369;6.384;7000;6000
2026-06-08T11:31:42.0000000Z;6.369;6.384;7000;6000
2026-06-08T11:31:43.0000000Z;6.368;6.384;6000;6000
2026-06-08T11:31:44.0000000Z;6.369;6.384;7000;6000
2026-06-08T11:31:45.0000000Z;6.368;6.384;6500;6000
2026-06-08T11:31:46.0000000Z;6.369;6.384;6500;6000
2026-06-08T11:31:48.0000000Z;6.369;6.385;7000;6000
2026-06-08T11:31:49.0000000Z;6.369;6.384;6500;6000
2026-06-08T11:31:50.0000000Z;6.368;6.384;7000;6000
2026-06-08T11:31:51.0000000Z;6.369;6.384;6500;6000
2026-06-08T11:31:52.0000000Z;6.368;6.384;7000;6000
2026-06-08T11:31:53.0000000Z;6.368;6.384;6000;6000
2026-06-08T11:31:54.0000000Z;6.368;6.384;6000;6000
2026-06-08T11:31:56.0000000Z;6.369;6.384;6500;6000
2026-06-08T11:31:57.0000000Z;6.369;6.384;7000;6000
2026-06-08T11:31:58.0000000Z;6.369;6.384;6500;6000
2026-06-08T11:32:00.0000000Z;6.368;6.384;6000;6000
2026-06-08T11:32:01.0000000Z;6.369;6.384;6500;6000
2026-06-08T11:32:02.0000000Z;6.369;6.384;7000;6000
2026-06-08T11:32:04.0000000Z;6.368;6.384;6000;6000
2026-06-08T11:32:05.0000000Z;6.368;6.384;6500;6000
2026-06-08T11:32:06.0000000Z;6.369;6.384;6500;6000
2026-06-08T11:32:08.0000000Z;6.369;6.384;6500;6000
2026-06-08T11:32:09.0000000Z;6.368;6.384;7000;6000
2026-06-08T11:32:12.0000000Z;6.369;6.384;6500;6000
2026-06-08T11:32:13.0000000Z;6.369;6.384;6000;6000
2026-06-08T11:32:14.0000000Z;6.37;6.384;6000;6000
2026-06-08T11:32:24.0000000Z;6.369;6.384;6000;6000
2026-06-08T11:32:31.0000000Z;6.368;6.383;7000;6000
2026-06-08T11:32:36.0000000Z;6.368;6.383;6500;6000
2026-06-08T11:32:37.0000000Z;6.368;6.383;7000;6000
2026-06-08T11:32:47.0000000Z;6.368;6.383;6500;6000
2026-06-08T11:32:48.0000000Z;6.367;6.383;7000;6000
2026-06-08T11:32:49.0000000Z;6.367;6.383;6500;6000
2026-06-08T11:32:50.0000000Z;6.368;6.383;7000;6000
2026-06-08T11:32:51.0000000Z;6.367;6.383;7000;6000
2026-06-08T11:32:52.0000000Z;6.368;6.383;6500;6000
2026-06-08T11:32:53.0000000Z;6.368;6.383;7000;6000
2026-06-08T11:32:56.0000000Z;6.369;6.383;6000;6000
2026-06-08T11:33:00.0000000Z;6.368;6.383;7000;6000
2026-06-08T11:33:02.0000000Z;6.368;6.383;6500;6000
2026-06-08T11:33:03.0000000Z;6.367;6.383;7000;6000
2026-06-08T11:33:04.0000000Z;6.368;6.383;6500;6000
2026-06-08T11:33:05.0000000Z;6.367;6.383;7000;6000
2026-06-08T11:33:06.0000000Z;6.369;6.383;6000;6000
2026-06-08T11:33:25.0000000Z;6.369;6.383;7000;6000
2026-06-08T11:33:27.0000000Z;6.369;6.384;7000;6000
2026-06-08T11:33:31.0000000Z;6.368;6.384;7000;6000
2026-06-08T11:33:33.0000000Z;6.369;6.385;6000;6000
2026-06-08T11:33:34.0000000Z;6.369;6.385;7000;6000
2026-06-08T11:33:38.0000000Z;6.369;6.385;6000;6000
2026-06-08T11:33:39.0000000Z;6.369;6.385;6000;6000
2026-06-08T11:33:40.0000000Z;6.369;6.385;7000;6000
2026-06-08T11:33:41.0000000Z;6.368;6.384;6000;6000
2026-06-08T11:33:42.0000000Z;6.369;6.384;7000;6000
2026-06-08T11:33:43.0000000Z;6.369;6.384;7000;6000
2026-06-08T11:33:46.0000000Z;6.368;6.384;6000;6000
2026-06-08T11:33:47.0000000Z;6.368;6.384;7000;6000
2026-06-08T11:33:49.0000000Z;6.369;6.384;7000;6000
2026-06-08T11:33:52.0000000Z;6.368;6.384;7000;6000
2026-06-08T11:34:04.0000000Z;6.369;6.385;7000;7000
2026-06-08T11:35:00.0000000Z;6.369;6.385;6000;7000
2026-06-08T11:35:01.0000000Z;6.369;6.385;7000;7000
2026-06-08T11:35:18.0000000Z;6.369;6.385;6500;7000
2026-06-08T11:35:19.0000000Z;6.369;6.385;6000;7000
2026-06-08T11:35:20.0000000Z;6.369;6.385;6500;7000
2026-06-08T11:35:43.0000000Z;6.369;6.386;6500;7000
2026-06-08T11:35:45.0000000Z;6.369;6.385;6500;7000
2026-06-08T11:36:06.0000000Z;6.37;6.386;6000;7000
2026-06-08T11:36:08.0000000Z;6.37;6.386;6500;7000
2026-06-08T11:36:09.0000000Z;6.369;6.386;6500;7000
2026-06-08T11:36:35.0000000Z;6.37;6.386;6500;7000
2026-06-08T11:36:45.0000000Z;6.371;6.386;6500;6000
2026-06-08T11:37:06.0000000Z;6.371;6.386;6500;7000
2026-06-08T11:37:07.0000000Z;6.371;6.387;6500;7000
2026-06-08T11:37:27.0000000Z;6.37;6.387;6500;7000
2026-06-08T11:37:29.0000000Z;6.371;6.387;6500;7000
2026-06-08T11:37:31.0000000Z;6.37;6.387;6500;7000
2026-06-08T11:37:33.0000000Z;6.371;6.387;6500;7000
2026-06-08T11:37:35.0000000Z;6.37;6.386;6500;7000
2026-06-08T11:37:41.0000000Z;6.37;6.387;6500;7000
2026-06-08T11:37:51.0000000Z;6.371;6.387;6500;7000
2026-06-08T11:38:35.0000000Z;6.371;6.387;6000;7000
2026-06-08T11:38:48.0000000Z;6.371;6.387;6500;7000
2026-06-08T11:39:32.0000000Z;6.371;6.387;6000;7000
2026-06-08T11:39:38.0000000Z;6.371;6.387;6500;7000
2026-06-08T11:41:08.0000000Z;6.371;6.388;6500;7000
2026-06-08T11:41:15.0000000Z;6.372;6.388;7000;7000
2026-06-08T11:42:18.0000000Z;6.372;6.388;6500;7000
2026-06-08T11:42:19.0000000Z;6.372;6.388;7000;7000
2026-06-08T11:42:48.0000000Z;6.372;6.388;6500;7000
2026-06-08T11:42:49.0000000Z;6.372;6.388;6000;7000
2026-06-08T11:42:50.0000000Z;6.371;6.388;6500;7000
2026-06-08T11:42:52.0000000Z;6.371;6.388;6000;7000
2026-06-08T11:42:54.0000000Z;6.371;6.388;6500;7000
2026-06-08T11:42:55.0000000Z;6.371;6.388;6000;7000
2026-06-08T11:42:56.0000000Z;6.371;6.388;6500;7000
2026-06-08T11:42:58.0000000Z;6.372;6.388;6000;7000
2026-06-08T11:42:59.0000000Z;6.372;6.388;7000;7000
2026-06-08T11:43:00.0000000Z;6.372;6.388;6000;7000
2026-06-08T11:43:02.0000000Z;6.372;6.388;6000;7000
2026-06-08T11:43:04.0000000Z;6.372;6.387;7000;7000
2026-06-08T11:43:07.0000000Z;6.372;6.388;6000;7000
2026-06-08T11:43:08.0000000Z;6.372;6.388;7000;7000
2026-06-08T11:43:12.0000000Z;6.372;6.388;6500;7000
2026-06-08T11:43:13.0000000Z;6.371;6.388;6000;7000
2026-06-08T11:43:15.0000000Z;6.371;6.388;6500;7000
2026-06-08T11:43:16.0000000Z;6.371;6.388;6000;7000
2026-06-08T11:43:17.0000000Z;6.371;6.388;6500;7000
2026-06-08T11:43:18.0000000Z;6.371;6.388;6000;7000
2026-06-08T11:43:19.0000000Z;6.371;6.388;6500;7000
2026-06-08T11:43:22.0000000Z;6.372;6.388;6000;7000
2026-06-08T11:43:23.0000000Z;6.372;6.388;6500;7000
2026-06-08T11:43:24.0000000Z;6.372;6.388;6000;7000
2026-06-08T11:43:25.0000000Z;6.372;6.388;6500;7000
2026-06-08T11:43:26.0000000Z;6.372;6.388;7000;7000
2026-06-08T11:44:23.0000000Z;6.372;6.388;6000;7000
2026-06-08T11:44:24.0000000Z;6.372;6.388;7000;7000
2026-06-08T11:44:30.0000000Z;6.372;6.388;6000;7000
2026-06-08T11:44:31.0000000Z;6.372;6.388;7000;7000
2026-06-08T11:44:34.0000000Z;6.372;6.388;6000;7000
2026-06-08T11:44:48.0000000Z;6.372;6.388;7000;7000
2026-06-08T11:45:02.0000000Z;6.372;6.388;6000;7000
2026-06-08T11:45:04.0000000Z;6.372;6.388;7000;7000
2026-06-08T11:45:07.0000000Z;6.372;6.388;6000;7000
2026-06-08T11:45:08.0000000Z;6.372;6.388;7000;7000
2026-06-08T11:45:10.0000000Z;6.372;6.388;6000;7000
2026-06-08T11:45:15.0000000Z;6.372;6.388;7000;7000
2026-06-08T11:45:16.0000000Z;6.372;6.388;6000;7000
2026-06-08T11:45:36.0000000Z;6.372;6.388;7000;7000
2026-06-08T11:46:15.0000000Z;6.372;6.388;6000;7000
2026-06-08T11:46:17.0000000Z;6.372;6.388;7000;7000
2026-06-08T11:46:18.0000000Z;6.372;6.388;6000;7000
2026-06-08T11:46:19.0000000Z;6.372;6.388;7000;7000
2026-06-08T11:46:22.0000000Z;6.372;6.388;6000;7000
2026-06-08T11:46:40.0000000Z;6.372;6.388;6000;6000
2026-06-08T11:46:41.0000000Z;6.372;6.387;6000;6000
2026-06-08T11:48:49.0000000Z;6.373;6.388;6000;6500
2026-06-08T11:48:50.0000000Z;6.373;6.387;6000;6000
2026-06-08T11:48:52.0000000Z;6.373;6.388;6000;6000
2026-06-08T11:49:10.0000000Z;6.373;6.388;6000;7000
2026-06-08T11:49:11.0000000Z;6.373;6.388;6000;6000
2026-06-08T11:49:12.0000000Z;6.372;6.388;6000;6000
2026-06-08T11:49:32.0000000Z;6.372;6.387;6000;6000
2026-06-08T11:49:34.0000000Z;6.372;6.388;6000;6000
2026-06-08T11:49:38.0000000Z;6.372;6.387;6000;6000
2026-06-08T11:49:40.0000000Z;6.372;6.388;6000;6000
2026-06-08T11:49:42.0000000Z;6.372;6.387;6000;6000
2026-06-08T11:49:46.0000000Z;6.372;6.388;6000;6000
2026-06-08T11:49:52.0000000Z;6.372;6.387;6000;6000
2026-06-08T11:49:54.0000000Z;6.372;6.388;6000;6000
2026-06-08T11:49:57.0000000Z;6.372;6.387;6500;6000
2026-06-08T11:49:59.0000000Z;6.372;6.387;6000;6000
2026-06-08T11:50:00.0000000Z;6.372;6.387;6500;6000
2026-06-08T11:50:50.0000000Z;6.371;6.387;6500;6000
2026-06-08T11:51:28.0000000Z;6.372;6.387;6500;6000
2026-06-08T11:51:44.0000000Z;6.371;6.387;6500;6000
2026-06-08T11:51:58.0000000Z;6.371;6.386;6000;6000
2026-06-08T11:52:07.0000000Z;6.371;6.386;6500;6000
2026-06-08T11:52:11.0000000Z;6.371;6.386;6000;6000
2026-06-08T11:52:12.0000000Z;6.371;6.386;6500;6000
2026-06-08T11:52:20.0000000Z;6.371;6.386;6000;6000
2026-06-08T11:52:22.0000000Z;6.371;6.386;6500;6000
2026-06-08T11:52:23.0000000Z;6.371;6.386;6000;6000
2026-06-08T11:53:34.0000000Z;6.371;6.386;6000;7000
2026-06-08T11:53:40.0000000Z;6.371;6.386;6000;6000
2026-06-08T11:54:39.0000000Z;6.37;6.386;6500;6000
2026-06-08T11:54:41.0000000Z;6.37;6.386;6000;6000
2026-06-08T11:55:15.0000000Z;6.371;6.386;6000;6000
2026-06-08T11:55:20.0000000Z;6.372;6.387;6500;6000
2026-06-08T11:55:26.0000000Z;6.371;6.386;6000;6000
2026-06-08T11:55:55.0000000Z;6.371;6.386;6500;6000
2026-06-08T11:56:06.0000000Z;6.37;6.386;6000;6000
2026-06-08T11:56:10.0000000Z;6.371;6.386;6500;6000
2026-06-08T11:56:40.0000000Z;6.37;6.386;6500;6000
2026-06-08T11:56:42.0000000Z;6.371;6.386;6500;6000
2026-06-08T11:56:44.0000000Z;6.37;6.386;6500;6000
2026-06-08T11:56:50.0000000Z;6.37;6.385;6500;6000
2026-06-08T11:56:52.0000000Z;6.37;6.386;6500;6000
2026-06-08T11:57:00.0000000Z;6.37;6.385;6500;6000
2026-06-08T11:57:15.0000000Z;6.37;6.385;6000;6000
2026-06-08T11:57:41.0000000Z;6.37;6.385;6000;7000
2026-06-08T11:57:44.0000000Z;6.37;6.385;6000;6000
2026-06-08T11:57:47.0000000Z;6.37;6.385;6000;7000
2026-06-08T11:57:49.0000000Z;6.37;6.385;6000;6000
2026-06-08T11:58:38.0000000Z;6.37;6.386;6000;6000
2026-06-08T11:58:48.0000000Z;6.37;6.385;6000;6000
2026-06-08T11:58:52.0000000Z;6.37;6.386;6000;6000
2026-06-08T11:59:02.0000000Z;6.37;6.385;6000;6000
2026-06-08T11:59:06.0000000Z;6.37;6.386;6000;6000
2026-06-08T11:59:08.0000000Z;6.37;6.385;6000;6000
2026-06-08T11:59:09.0000000Z;6.371;6.386;6000;7000
2026-06-08T11:59:12.0000000Z;6.371;6.386;6000;6500
2026-06-08T11:59:13.0000000Z;6.371;6.386;6000;6000
2026-06-08T11:59:15.0000000Z;6.371;6.386;6000;7000
2026-06-08T11:59:16.0000000Z;6.371;6.386;6000;6000
2026-06-08T11:59:17.0000000Z;6.371;6.387;6000;7000
2026-06-08T11:59:19.0000000Z;6.371;6.386;6000;6000
2026-06-08T11:59:36.0000000Z;6.371;6.386;6500;6000
2026-06-08T11:59:46.0000000Z;6.371;6.386;6000;6000
2026-06-08T11:59:50.0000000Z;6.371;6.386;6500;6000
2026-06-08T11:59:56.0000000Z;6.371;6.386;6000;6000
2026-06-08T12:00:29.0000000Z;6.37;6.386;6000;6000
2026-06-08T12:00:33.0000000Z;6.37;6.385;6500;6000
2026-06-08T12:00:51.0000000Z;6.369;6.385;6500;6000
2026-06-08T12:00:53.0000000Z;6.37;6.385;6500;6000
2026-06-08T12:00:57.0000000Z;6.369;6.385;6500;6000
2026-06-08T12:00:59.0000000Z;6.369;6.384;6500;6000
