2026-06-08T07:44:41.0000000Z;109.705;109.74;192;1000
2026-06-08T07:59:49.0000000Z;109.705;109.74;240;1000
2026-06-08T07:59:49.0000000Z;109.705;109.74;240;1000
2026-06-08T08:03:22.0000000Z;109.705;109.77;492;485
2026-06-08T08:03:23.0000000Z;109.705;109.74;492;1000
2026-06-08T08:04:12.0000000Z;109.705;109.765;492;491
2026-06-08T08:04:13.0000000Z;109.705;109.78;492;491
2026-06-08T08:04:14.0000000Z;109.705;109.77;492;485
2026-06-08T08:04:15.0000000Z;109.705;109.74;492;1000
2026-06-08T08:05:59.0000000Z;109.705;109.74;49;1000
2026-06-08T08:05:59.0000000Z;109.705;109.74;49;1000
2026-06-08T08:05:59.0000000Z;109.705;109.74;49;1000
2026-06-08T08:13:34.0000000Z;109.705;109.73;49;270
2026-06-08T08:13:50.0000000Z;109.705;109.73;49;395
2026-06-08T08:13:50.0000000Z;109.705;109.73;49;395
2026-06-08T08:19:46.0000000Z;109.695;109.73;675;492
2026-06-08T08:19:46.0000000Z;109.695;109.73;675;492
2026-06-08T08:22:44.0000000Z;109.695;109.74;675;1000
2026-06-08T08:22:48.0000000Z;109.695;109.73;675;492
2026-06-08T08:22:55.0000000Z;109.7;109.775;206;491
2026-06-08T08:22:57.0000000Z;109.695;109.735;675;1000
2026-06-08T08:25:18.0000000Z;109.695;109.735;880;1000
2026-06-08T08:25:20.0000000Z;109.695;109.725;675;177
2026-06-08T08:25:43.0000000Z;109.7;109.775;189;491
2026-06-08T08:25:44.0000000Z;109.695;109.73;675;1000
2026-06-08T08:25:51.0000000Z;109.695;109.73;880;1000
2026-06-08T08:25:51.0000000Z;109.695;109.73;880;1000
2026-06-08T08:29:18.0000000Z;109.695;109.73;675;1000
2026-06-08T08:29:18.0000000Z;109.695;109.73;675;1000
2026-06-08T08:31:44.0000000Z;109.7;109.78;382;491
2026-06-08T08:31:46.0000000Z;109.7;109.735;382;1000
2026-06-08T08:32:18.0000000Z;109.695;109.735;739;1000
2026-06-08T08:32:46.0000000Z;109.695;109.735;665;1000
2026-06-08T08:33:10.0000000Z;109.695;109.735;664;1000
2026-06-08T08:33:34.0000000Z;109.695;109.735;665;1000
2026-06-08T08:33:41.0000000Z;109.695;109.735;665;1000
2026-06-08T08:33:57.0000000Z;109.695;109.735;665;1000
2026-06-08T08:34:37.0000000Z;109.695;109.735;665;1000
2026-06-08T08:35:16.0000000Z;109.695;109.735;1046;1000
2026-06-08T08:35:17.0000000Z;109.695;109.735;664;1000
2026-06-08T08:35:40.0000000Z;109.695;109.735;664;1000
2026-06-08T08:36:04.0000000Z;109.695;109.735;664;1000
2026-06-08T08:36:20.0000000Z;109.695;109.735;664;1000
2026-06-08T08:36:59.0000000Z;109.695;109.735;1045;1000
2026-06-08T08:37:00.0000000Z;109.695;109.735;664;1000
2026-06-08T08:37:23.0000000Z;109.695;109.735;664;1000
2026-06-08T08:37:39.0000000Z;109.695;109.735;664;1000
2026-06-08T08:37:55.0000000Z;109.695;109.735;664;1000
2026-06-08T08:38:11.0000000Z;109.695;109.735;664;1000
2026-06-08T08:38:34.0000000Z;109.695;109.735;1045;1000
2026-06-08T08:38:35.0000000Z;109.695;109.735;664;1000
2026-06-08T08:38:58.0000000Z;109.695;109.735;662;1000
2026-06-08T08:39:17.0000000Z;109.695;109.735;663;1000
2026-06-08T08:39:30.0000000Z;109.695;109.735;655;1000
2026-06-08T08:39:41.0000000Z;109.695;109.735;663;1000
2026-06-08T08:39:51.0000000Z;109.695;109.735;659;1000
2026-06-08T08:39:57.0000000Z;109.695;109.735;663;1000
2026-06-08T08:40:04.0000000Z;109.695;109.735;1044;1000
2026-06-08T08:40:05.0000000Z;109.695;109.735;663;1000
2026-06-08T08:40:31.0000000Z;109.695;109.735;660;1000
2026-06-08T08:40:49.0000000Z;109.695;109.77;660;1000
2026-06-08T08:40:51.0000000Z;109.695;109.735;660;1000
2026-06-08T08:40:51.0000000Z;109.695;109.735;660;1000
2026-06-08T08:40:51.0000000Z;109.695;109.735;660;1000
2026-06-08T08:47:08.0000000Z;109.695;109.725;660;177
2026-06-08T08:48:49.0000000Z;109.695;109.725;660;177
2026-06-08T08:49:37.0000000Z;109.695;109.735;660;1000
2026-06-08T08:49:38.0000000Z;109.695;109.725;660;177
2026-06-08T08:50:27.0000000Z;109.7;109.765;109;491
2026-06-08T08:50:28.0000000Z;109.695;109.73;660;1000
2026-06-08T08:50:28.0000000Z;109.695;109.73;660;1000
2026-06-08T08:50:28.0000000Z;109.695;109.73;660;1000
2026-06-08T08:50:28.0000000Z;109.695;109.73;660;1000
2026-06-08T08:50:28.0000000Z;109.695;109.73;660;1000
2026-06-08T08:50:28.0000000Z;109.695;109.73;660;1000
2026-06-08T08:50:28.0000000Z;109.695;109.73;660;1000
2026-06-08T08:50:28.0000000Z;109.695;109.73;660;1000
2026-06-08T09:24:28.0000000Z;109.695;109.765;1129;491
2026-06-08T09:24:30.0000000Z;109.695;109.735;660;1000
2026-06-08T09:24:30.0000000Z;109.695;109.735;660;1000
2026-06-08T09:24:30.0000000Z;109.695;109.735;660;1000
2026-06-08T09:24:30.0000000Z;109.695;109.735;660;1000
2026-06-08T09:36:42.0000000Z;109.695;109.77;660;1223
2026-06-08T09:36:46.0000000Z;109.695;109.735;660;1000
2026-06-08T09:37:10.0000000Z;109.695;109.765;783;491
2026-06-08T09:37:14.0000000Z;109.695;109.765;783;696
2026-06-08T09:37:17.0000000Z;109.695;109.765;783;491
2026-06-08T09:37:18.0000000Z;109.695;109.765;660;491
2026-06-08T09:37:20.0000000Z;109.695;109.765;865;696
2026-06-08T09:37:22.0000000Z;109.695;109.765;660;491
2026-06-08T09:37:49.0000000Z;109.695;109.765;865;696
2026-06-08T09:39:18.0000000Z;109.7;109.765;41;696
2026-06-08T09:40:19.0000000Z;109.695;109.765;777;696
2026-06-08T09:40:22.0000000Z;109.695;109.765;1084;696
2026-06-08T09:40:22.0000000Z;109.695;109.765;1084;696
2026-06-08T09:44:12.0000000Z;109.695;109.755;1084;492
2026-06-08T09:44:13.0000000Z;109.695;109.75;1084;227
2026-06-08T09:44:14.0000000Z;109.695;109.755;1084;492
2026-06-08T09:44:15.0000000Z;109.695;109.75;1084;227
2026-06-08T09:44:43.0000000Z;109.695;109.725;777;404
2026-06-08T09:45:19.0000000Z;109.695;109.725;750;404
2026-06-08T09:45:43.0000000Z;109.695;109.725;750;227
2026-06-08T09:45:43.0000000Z;109.695;109.725;750;227
2026-06-08T09:47:25.0000000Z;109.695;109.73;750;336
2026-06-08T09:47:26.0000000Z;109.695;109.725;750;227
2026-06-08T09:47:44.0000000Z;109.695;109.725;633;404
2026-06-08T09:48:25.0000000Z;109.695;109.72;633;227
2026-06-08T09:49:25.0000000Z;109.695;109.725;633;404
2026-06-08T09:50:00.0000000Z;109.695;109.725;607;404
2026-06-08T09:50:25.0000000Z;109.695;109.72;607;227
2026-06-08T09:50:25.0000000Z;109.695;109.72;607;227
2026-06-08T09:51:25.0000000Z;109.695;109.725;607;404
2026-06-08T09:52:25.0000000Z;109.695;109.72;607;227
2026-06-08T09:53:25.0000000Z;109.695;109.725;607;404
2026-06-08T09:53:49.0000000Z;109.695;109.725;4607;227
2026-06-08T09:54:53.0000000Z;109.695;109.73;4607;177
2026-06-08T09:54:53.0000000Z;109.695;109.73;4607;177
2026-06-08T09:58:48.0000000Z;109.695;109.73;4602;177
2026-06-08T09:58:48.0000000Z;109.695;109.73;4602;177
2026-06-08T10:02:02.0000000Z;109.705;109.74;4000;1000
2026-06-08T10:02:02.0000000Z;109.705;109.74;4000;1000
2026-06-08T10:02:02.0000000Z;109.705;109.74;4000;1000
2026-06-08T10:12:00.0000000Z;109.705;109.74;4000;1000
2026-06-08T10:12:03.0000000Z;109.705;109.74;4000;1000
2026-06-08T10:12:03.0000000Z;109.705;109.74;4000;1000
2026-06-08T10:12:03.0000000Z;109.705;109.74;4000;1000
2026-06-08T10:12:03.0000000Z;109.705;109.74;4000;1000
2026-06-08T10:29:15.0000000Z;109.705;109.755;4000;177
2026-06-08T10:29:18.0000000Z;109.705;109.74;4000;1000
2026-06-08T10:30:00.0000000Z;109.705;109.755;4000;177
2026-06-08T10:30:01.0000000Z;109.705;109.74;4000;1000
2026-06-08T10:30:01.0000000Z;109.705;109.74;4000;1000
2026-06-08T10:34:17.0000000Z;109.695;109.74;1027;1000
2026-06-08T10:34:21.0000000Z;109.695;109.735;1027;1366
2026-06-08T10:34:27.0000000Z;109.7;109.74;1282;1000
2026-06-08T10:34:29.0000000Z;109.695;109.74;602;1000
2026-06-08T10:34:33.0000000Z;109.695;109.76;807;1366
2026-06-08T10:34:39.0000000Z;109.695;109.755;602;492
2026-06-08T10:35:00.0000000Z;109.695;109.755;634;492
2026-06-08T10:35:45.0000000Z;109.695;109.755;677;345
2026-06-08T10:35:48.0000000Z;109.7;109.755;110;298
2026-06-08T10:35:49.0000000Z;109.7;109.785;56;491
2026-06-08T10:35:49.0000000Z;109.7;109.785;56;491
2026-06-08T10:36:54.0000000Z;109.705;109.785;4209;491
2026-06-08T10:36:59.0000000Z;109.705;109.785;4209;696
2026-06-08T10:37:39.0000000Z;109.705;109.775;4209;491
2026-06-08T10:37:40.0000000Z;109.705;109.785;4209;491
2026-06-08T10:38:53.0000000Z;109.705;109.775;4209;491
2026-06-08T10:41:04.0000000Z;109.705;109.775;4209;696
2026-06-08T10:41:22.0000000Z;109.705;109.765;4209;584
2026-06-08T10:45:29.0000000Z;109.705;109.745;4209;1000
2026-06-08T10:45:29.0000000Z;109.705;109.745;4209;1000
2026-06-08T10:47:34.0000000Z;109.705;109.745;4209;1000
2026-06-08T10:47:34.0000000Z;109.705;109.745;4209;1000
2026-06-08T10:47:34.0000000Z;109.705;109.745;4209;1000
2026-06-08T10:58:11.0000000Z;109.705;109.74;4209;177
2026-06-08T10:59:00.0000000Z;109.705;109.745;4209;1000
2026-06-08T10:59:37.0000000Z;109.705;109.745;4000;1000
2026-06-08T10:59:37.0000000Z;109.705;109.745;4000;1000
2026-06-08T11:02:00.0000000Z;109.705;109.735;4000;177
2026-06-08T11:03:29.0000000Z;109.705;109.745;4000;1000
2026-06-08T11:03:30.0000000Z;109.705;109.735;4000;177
2026-06-08T11:03:30.0000000Z;109.705;109.735;4000;177
2026-06-08T11:10:46.0000000Z;109.705;109.735;4000;177
2026-06-08T11:10:46.0000000Z;109.705;109.735;4000;177
2026-06-08T11:12:52.0000000Z;109.695;109.775;703;491
2026-06-08T11:13:04.0000000Z;109.695;109.78;703;491
2026-06-08T11:13:07.0000000Z;109.695;109.72;703;80
2026-06-08T11:14:53.0000000Z;109.705;109.72;233;80
2026-06-08T11:15:04.0000000Z;109.705;109.78;233;2062
2026-06-08T11:15:48.0000000Z;109.7;109.78;962;2062
2026-06-08T11:15:48.0000000Z;109.7;109.78;962;2062
2026-06-08T11:16:49.0000000Z;109.7;109.78;655;2062
2026-06-08T11:17:06.0000000Z;109.705;109.78;4086;2062
2026-06-08T11:17:06.0000000Z;109.705;109.78;4086;2062
2026-06-08T11:24:43.0000000Z;109.705;109.78;4086;2155
2026-06-08T11:24:43.0000000Z;109.705;109.78;4086;2155
2026-06-08T11:26:30.0000000Z;109.705;109.78;4086;2062
2026-06-08T11:26:34.0000000Z;109.705;109.76;4086;177
2026-06-08T11:26:36.0000000Z;109.705;109.765;4086;459
2026-06-08T11:26:36.0000000Z;109.705;109.765;4086;459
2026-06-08T11:33:27.0000000Z;109.705;109.755;4086;1366
2026-06-08T11:33:28.0000000Z;109.705;109.75;4086;246
2026-06-08T11:33:31.0000000Z;109.705;109.75;4086;247
2026-06-08T11:34:10.0000000Z;109.705;109.75;4038;225
2026-06-08T11:35:15.0000000Z;109.705;109.75;4038;300
2026-06-08T11:35:15.0000000Z;109.705;109.75;4038;300
2026-06-08T11:37:13.0000000Z;109.705;109.74;4038;1366
2026-06-08T11:37:14.0000000Z;109.705;109.75;4038;300
2026-06-08T11:37:14.0000000Z;109.705;109.75;4038;300
2026-06-08T11:37:14.0000000Z;109.705;109.75;4038;300
2026-06-08T11:37:14.0000000Z;109.705;109.75;4038;300
2026-06-08T11:37:14.0000000Z;109.705;109.75;4038;300
2026-06-08T11:57:55.0000000Z;109.705;109.75;4038;225
2026-06-08T11:59:59.0000000Z;109.705;109.76;4038;1366
2026-06-08T12:00:02.0000000Z;109.705;109.755;4038;225
2026-06-08T12:00:02.0000000Z;109.705;109.755;4038;225
2026-06-08T12:01:35.0000000Z;109.705;109.75;4038;225
2026-06-08T12:02:55.0000000Z;109.705;109.745;4038;1366
2026-06-08T12:02:56.0000000Z;109.705;109.76;4038;1366
2026-06-08T12:02:57.0000000Z;109.705;109.755;4038;225
2026-06-08T12:02:57.0000000Z;109.705;109.755;4038;225
2026-06-08T12:08:29.0000000Z;109.705;109.755;4038;1225
2026-06-08T12:08:29.0000000Z;109.705;109.755;4038;1225
2026-06-08T12:08:29.0000000Z;109.705;109.755;4038;1225
2026-06-08T12:08:29.0000000Z;109.705;109.755;4038;1225
2026-06-08T12:08:29.0000000Z;109.705;109.755;4038;1225
2026-06-08T12:08:29.0000000Z;109.705;109.755;4038;1225
2026-06-08T12:08:29.0000000Z;109.705;109.755;4038;1225
2026-06-08T12:38:59.0000000Z;109.7;109.755;655;1225
2026-06-08T12:40:00.0000000Z;109.7;109.755;655;225
2026-06-08T12:40:02.0000000Z;109.7;109.75;655;225
2026-06-08T12:40:14.0000000Z;109.7;109.735;655;1366
2026-06-08T12:40:15.0000000Z;109.7;109.745;655;296
2026-06-08T12:40:23.0000000Z;109.7;109.745;655;337
2026-06-08T12:40:23.0000000Z;109.7;109.745;655;337
2026-06-08T12:42:34.0000000Z;109.7;109.745;1080;225
2026-06-08T12:42:38.0000000Z;109.7;109.745;1080;318
2026-06-08T12:42:40.0000000Z;109.705;109.755;113;225
2026-06-08T12:42:42.0000000Z;109.7;109.755;1080;1225
2026-06-08T12:42:48.0000000Z;109.7;109.755;1080;225
2026-06-08T12:42:49.0000000Z;109.705;109.755;108;225
2026-06-08T12:43:07.0000000Z;109.7;109.755;1080;225
2026-06-08T12:43:09.0000000Z;109.7;109.74;1080;1366
2026-06-08T12:43:10.0000000Z;109.7;109.785;1080;491
2026-06-08T12:44:38.0000000Z;109.7;109.79;1080;1857
2026-06-08T12:44:39.0000000Z;109.7;109.755;2080;286
2026-06-08T12:44:44.0000000Z;109.7;109.785;1080;491
2026-06-08T12:44:46.0000000Z;109.7;109.755;2080;225
2026-06-08T12:44:47.0000000Z;109.7;109.755;2080;310
2026-06-08T12:44:48.0000000Z;109.705;109.78;492;323
2026-06-08T12:44:49.0000000Z;109.7;109.78;1080;491
2026-06-08T12:44:50.0000000Z;109.7;109.755;2080;317
2026-06-08T12:44:50.0000000Z;109.7;109.755;2080;317
2026-06-08T12:47:17.0000000Z;109.7;109.755;2080;350
2026-06-08T12:47:51.0000000Z;109.705;109.755;64;350
2026-06-08T12:47:52.0000000Z;109.7;109.755;2080;350
2026-06-08T12:48:09.0000000Z;109.705;109.755;4064;225
2026-06-08T12:48:09.0000000Z;109.705;109.755;4064;225
2026-06-08T12:55:49.0000000Z;109.705;109.75;4064;225
2026-06-08T12:55:49.0000000Z;109.705;109.75;4064;225
2026-06-08T12:56:31.0000000Z;109.705;109.745;4064;225
2026-06-08T12:56:32.0000000Z;109.705;109.75;4064;225
2026-06-08T12:59:13.0000000Z;109.705;109.765;4064;340
2026-06-08T12:59:15.0000000Z;109.705;109.75;4064;1000
2026-06-08T12:59:15.0000000Z;109.705;109.75;4064;1000
2026-06-08T12:59:15.0000000Z;109.705;109.75;4064;1000
2026-06-08T13:07:47.0000000Z;109.705;109.765;4064;340
2026-06-08T13:07:49.0000000Z;109.705;109.75;4064;225
2026-06-08T13:07:49.0000000Z;109.705;109.75;4064;225
2026-06-08T13:07:49.0000000Z;109.705;109.75;4064;225
2026-06-08T13:16:23.0000000Z;109.71;109.765;5000;298
2026-06-08T13:16:26.0000000Z;109.71;109.765;5000;303
2026-06-08T13:19:04.0000000Z;109.71;109.76;5000;273
2026-06-08T13:20:51.0000000Z;109.715;109.76;4016;273
2026-06-08T13:20:51.0000000Z;109.715;109.76;4016;273
2026-06-08T13:24:43.0000000Z;109.715;109.755;4016;225
2026-06-08T13:24:44.0000000Z;109.715;109.76;4016;225
2026-06-08T13:24:55.0000000Z;109.715;109.75;4016;1366
2026-06-08T13:24:56.0000000Z;109.715;109.76;4016;225
2026-06-08T13:24:56.0000000Z;109.715;109.76;4016;225
2026-06-08T13:28:01.0000000Z;109.715;109.77;4000;1000
2026-06-08T13:28:01.0000000Z;109.715;109.77;4000;1000
2026-06-08T13:31:49.0000000Z;109.715;109.765;4000;1366
2026-06-08T13:32:01.0000000Z;109.715;109.76;4000;225
2026-06-08T13:32:01.0000000Z;109.715;109.76;4000;225
2026-06-08T13:32:01.0000000Z;109.715;109.76;4000;225
2026-06-08T13:42:59.0000000Z;109.715;109.765;4000;225
2026-06-08T13:45:01.0000000Z;109.715;109.765;4000;208
2026-06-08T13:45:06.0000000Z;109.72;109.765;19;208
2026-06-08T13:45:06.0000000Z;109.72;109.765;19;208
2026-06-08T13:48:19.0000000Z;109.715;109.765;4000;208
2026-06-08T13:49:59.0000000Z;109.715;109.75;4000;1366
2026-06-08T13:50:00.0000000Z;109.715;109.76;4000;208
2026-06-08T13:50:00.0000000Z;109.715;109.76;4000;208
2026-06-08T13:52:49.0000000Z;109.715;109.755;4000;208
2026-06-08T13:52:51.0000000Z;109.715;109.76;4000;208
2026-06-08T13:54:44.0000000Z;109.715;109.765;4000;208
2026-06-08T13:55:47.0000000Z;109.74;109.765;28;208
2026-06-08T13:55:47.0000000Z;109.74;109.765;28;208
2026-06-08T13:58:20.0000000Z;109.715;109.765;4000;208
2026-06-08T13:59:59.0000000Z;109.72;109.77;78;208
2026-06-08T14:00:01.0000000Z;109.72;109.77;78;1208
2026-06-08T14:00:26.0000000Z;109.715;109.77;4000;1208
2026-06-08T14:00:35.0000000Z;109.715;109.77;3741;1208
2026-06-08T14:00:54.0000000Z;109.715;109.77;3543;1208
2026-06-08T14:00:54.0000000Z;109.715;109.77;3543;1208
2026-06-08T14:00:54.0000000Z;109.715;109.77;3543;1208
2026-06-08T14:00:54.0000000Z;109.715;109.77;3543;1208
2026-06-08T14:00:54.0000000Z;109.715;109.77;3543;1208
2026-06-08T14:16:29.0000000Z;109.74;109.77;28;1208
2026-06-08T14:17:30.0000000Z;109.715;109.77;3543;1208
2026-06-08T14:17:30.0000000Z;109.715;109.77;3543;1208
2026-06-08T14:17:30.0000000Z;109.715;109.77;3543;1208
2026-06-08T14:17:30.0000000Z;109.715;109.77;3543;1208
2026-06-08T14:17:30.0000000Z;109.715;109.77;3543;1208
2026-06-08T14:40:25.0000000Z;109.715;109.755;3543;208
2026-06-08T14:40:25.0000000Z;109.715;109.755;3543;208
2026-06-08T14:41:26.0000000Z;109.715;109.76;3543;1000
2026-06-08T14:41:26.0000000Z;109.715;109.76;3543;1000
2026-06-08T14:41:26.0000000Z;109.715;109.76;3543;1000
