2026-06-08T07:54:54.0000000Z;44.509;44.674;300;300
2026-06-08T07:56:10.0000000Z;44.515;44.68;300;300
2026-06-08T07:56:40.0000000Z;44.516;44.68;300;300
2026-06-08T07:57:13.0000000Z;44.527;44.688;300;300
2026-06-08T07:57:43.0000000Z;44.528;44.688;300;300
2026-06-08T07:57:43.0000000Z;44.528;44.688;300;300
2026-06-08T08:01:21.0000000Z;44.539;44.698;300;300
2026-06-08T08:01:51.0000000Z;44.54;44.698;300;300
2026-06-08T08:02:52.0000000Z;44.54;44.688;300;300
2026-06-08T08:02:53.0000000Z;44.528;44.688;300;300
2026-06-08T08:02:53.0000000Z;44.528;44.688;300;300
2026-06-08T08:08:40.0000000Z;44.519;44.681;300;300
2026-06-08T08:09:03.0000000Z;44.519;44.675;300;300
2026-06-08T08:09:04.0000000Z;44.509;44.675;300;300
2026-06-08T08:09:42.0000000Z;44.517;44.681;300;300
2026-06-08T08:09:43.0000000Z;44.518;44.651;230;122
2026-06-08T08:10:12.0000000Z;44.519;44.681;300;300
2026-06-08T08:10:12.0000000Z;44.519;44.681;300;300
2026-06-08T08:15:28.0000000Z;44.527;44.688;300;300
2026-06-08T08:15:58.0000000Z;44.528;44.688;300;300
2026-06-08T08:15:58.0000000Z;44.528;44.688;300;300
2026-06-08T08:17:51.0000000Z;44.537;44.67;230;122
2026-06-08T08:18:21.0000000Z;44.538;44.697;300;300
2026-06-08T08:18:21.0000000Z;44.538;44.697;300;300
2026-06-08T08:23:01.0000000Z;44.538;44.691;300;300
2026-06-08T08:23:03.0000000Z;44.528;44.691;300;300
2026-06-08T08:23:46.0000000Z;44.528;44.689;300;300
2026-06-08T08:24:13.0000000Z;44.538;44.697;300;300
2026-06-08T08:24:43.0000000Z;44.539;44.697;300;300
2026-06-08T08:26:23.0000000Z;44.539;44.687;300;300
2026-06-08T08:26:24.0000000Z;44.527;44.687;300;300
2026-06-08T08:26:24.0000000Z;44.527;44.687;300;300
2026-06-08T08:26:24.0000000Z;44.527;44.687;300;300
2026-06-08T08:26:24.0000000Z;44.527;44.687;300;300
2026-06-08T08:41:46.0000000Z;44.543;44.701;300;300
2026-06-08T08:42:16.0000000Z;44.544;44.701;300;300
2026-06-08T08:44:38.0000000Z;44.534;44.697;300;300
2026-06-08T08:44:48.0000000Z;44.523;44.685;300;300
2026-06-08T08:44:48.0000000Z;44.523;44.685;300;300
2026-06-08T08:46:54.0000000Z;44.533;44.693;300;300
2026-06-08T08:47:25.0000000Z;44.534;44.693;300;300
2026-06-08T08:49:04.0000000Z;44.542;44.7;300;300
2026-06-08T08:49:04.0000000Z;44.542;44.7;300;300
2026-06-08T08:51:53.0000000Z;44.534;44.693;300;300
2026-06-08T08:52:24.0000000Z;44.542;44.7;300;300
2026-06-08T08:53:52.0000000Z;44.552;44.709;300;300
2026-06-08T08:54:22.0000000Z;44.553;44.709;300;300
2026-06-08T08:54:22.0000000Z;44.553;44.709;300;300
2026-06-08T08:56:58.0000000Z;44.561;44.709;300;300
2026-06-08T08:57:28.0000000Z;44.562;44.709;300;300
2026-06-08T08:57:31.0000000Z;44.562;44.715;300;300
2026-06-08T08:58:22.0000000Z;44.552;44.707;300;300
2026-06-08T09:00:01.0000000Z;44.562;44.715;300;300
2026-06-08T09:00:32.0000000Z;44.563;44.715;300;300
2026-06-08T09:01:21.0000000Z;44.553;44.709;300;300
2026-06-08T09:01:43.0000000Z;44.561;44.715;300;300
2026-06-08T09:02:13.0000000Z;44.562;44.715;300;300
2026-06-08T09:03:43.0000000Z;44.562;44.706;300;300
2026-06-08T09:03:44.0000000Z;44.551;44.706;300;300
2026-06-08T09:05:13.0000000Z;44.56;44.714;300;300
2026-06-08T09:05:43.0000000Z;44.561;44.714;300;300
2026-06-08T09:05:43.0000000Z;44.561;44.714;300;300
2026-06-08T09:09:21.0000000Z;44.561;44.725;300;300
2026-06-08T09:10:28.0000000Z;44.57;44.725;300;300
2026-06-08T09:10:31.0000000Z;44.571;44.734;300;300
2026-06-08T09:10:31.0000000Z;44.571;44.734;300;300
2026-06-08T09:10:31.0000000Z;44.571;44.734;300;300
2026-06-08T09:10:31.0000000Z;44.571;44.734;300;300
2026-06-08T09:21:21.0000000Z;44.579;44.74;300;300
2026-06-08T09:21:51.0000000Z;44.58;44.74;300;300
2026-06-08T09:21:56.0000000Z;44.57;44.734;300;300
2026-06-08T09:22:43.0000000Z;44.581;44.741;300;300
2026-06-08T09:23:04.0000000Z;44.571;44.734;300;300
2026-06-08T09:23:04.0000000Z;44.571;44.734;300;300
2026-06-08T09:27:10.0000000Z;44.578;44.74;300;300
2026-06-08T09:27:25.0000000Z;44.588;44.746;300;300
2026-06-08T09:27:55.0000000Z;44.589;44.746;300;300
2026-06-08T09:27:55.0000000Z;44.589;44.746;300;300
2026-06-08T09:32:10.0000000Z;44.597;44.755;300;300
2026-06-08T09:32:40.0000000Z;44.598;44.755;300;300
2026-06-08T09:33:55.0000000Z;44.598;44.749;300;300
2026-06-08T09:33:56.0000000Z;44.589;44.749;300;300
2026-06-08T09:34:21.0000000Z;44.598;44.755;300;300
2026-06-08T09:34:51.0000000Z;44.599;44.755;300;300
2026-06-08T09:35:33.0000000Z;44.587;44.746;300;300
2026-06-08T09:35:44.0000000Z;44.596;44.753;300;300
2026-06-08T09:35:44.0000000Z;44.596;44.753;300;300
2026-06-08T09:36:15.0000000Z;44.597;44.753;300;300
2026-06-08T09:36:43.0000000Z;44.597;44.729;300;300
2026-06-08T09:36:46.0000000Z;44.365;44.994;300;300
2026-06-08T09:36:48.0000000Z;44.607;44.856;300;300
2026-06-08T09:36:52.0000000Z;44.608;44.771;300;300
2026-06-08T09:37:11.0000000Z;44.608;44.762;300;300
2026-06-08T09:37:13.0000000Z;44.596;44.762;300;300
2026-06-08T09:37:15.0000000Z;44.596;44.728;300;300
2026-06-08T09:37:16.0000000Z;44.47;44.867;300;300
2026-06-08T09:37:22.0000000Z;44.469;44.869;226;222
2026-06-08T09:37:23.0000000Z;44.332;45.093;226;222
2026-06-08T09:37:25.0000000Z;44.332;45.092;583;389
2026-06-08T09:37:27.0000000Z;44.332;45.091;583;583
2026-06-08T09:37:30.0000000Z;44.337;45.087;226;222
2026-06-08T09:37:32.0000000Z;44.337;45.086;389;389
2026-06-08T09:37:33.0000000Z;44.342;45.081;583;583
2026-06-08T09:37:35.0000000Z;44.343;45.08;389;389
2026-06-08T09:37:36.0000000Z;44.345;45.078;226;222
2026-06-08T09:37:37.0000000Z;44.349;45.074;389;389
2026-06-08T09:37:39.0000000Z;44.351;45.072;389;389
2026-06-08T09:37:40.0000000Z;44.353;45.071;226;222
2026-06-08T09:37:41.0000000Z;44.359;45.058;226;222
2026-06-08T09:37:42.0000000Z;44.359;45.056;226;389
2026-06-08T09:37:43.0000000Z;44.359;45.053;226;222
2026-06-08T09:37:48.0000000Z;44.359;45.053;226;583
2026-06-08T09:37:49.0000000Z;44.359;45.052;226;389
2026-06-08T09:37:50.0000000Z;44.359;45.047;226;222
2026-06-08T09:37:53.0000000Z;44.359;45.047;389;222
2026-06-08T09:37:56.0000000Z;44.364;45.047;583;583
2026-06-08T09:37:58.0000000Z;44.364;45.047;972;583
2026-06-08T09:38:03.0000000Z;44.364;45.046;583;389
2026-06-08T09:38:04.0000000Z;44.365;45.045;226;223
2026-06-08T09:38:05.0000000Z;44.365;45.045;226;583
2026-06-08T09:38:10.0000000Z;44.365;45.044;226;389
2026-06-08T09:38:12.0000000Z;44.365;45.043;226;972
2026-06-08T09:38:15.0000000Z;44.365;45.042;226;389
2026-06-08T09:38:19.0000000Z;44.365;45.041;226;222
2026-06-08T09:38:20.0000000Z;44.365;45.097;226;222
2026-06-08T09:38:25.0000000Z;44.365;45.095;226;583
2026-06-08T09:38:26.0000000Z;44.365;45.092;226;222
2026-06-08T09:38:31.0000000Z;44.365;45.083;226;583
2026-06-08T09:38:32.0000000Z;44.365;45.082;226;389
2026-06-08T09:38:33.0000000Z;44.365;45.08;226;389
2026-06-08T09:38:35.0000000Z;44.365;45.077;226;222
2026-06-08T09:38:36.0000000Z;44.361;45.074;226;222
2026-06-08T09:38:37.0000000Z;44.342;45.07;226;389
2026-06-08T09:38:39.0000000Z;44.344;45.067;583;1166
2026-06-08T09:38:40.0000000Z;44.347;45.064;389;389
2026-06-08T09:38:43.0000000Z;44.349;45.062;389;389
2026-06-08T09:38:44.0000000Z;44.352;45.059;972;972
2026-06-08T09:38:46.0000000Z;44.352;45.057;972;972
2026-06-08T09:38:47.0000000Z;44.353;45.055;226;222
2026-06-08T09:38:48.0000000Z;44.353;45.049;389;222
2026-06-08T09:38:53.0000000Z;44.357;45.048;389;222
2026-06-08T09:38:55.0000000Z;44.358;45.048;583;222
2026-06-08T09:38:59.0000000Z;44.359;45.044;226;223
2026-06-08T09:39:01.0000000Z;44.359;45.042;226;389
2026-06-08T09:39:02.0000000Z;44.359;45.041;226;583
2026-06-08T09:39:07.0000000Z;44.359;45.04;226;222
2026-06-08T09:39:08.0000000Z;44.359;45.095;226;222
2026-06-08T09:39:09.0000000Z;44.361;45.089;226;222
2026-06-08T09:39:11.0000000Z;44.361;45.086;226;389
2026-06-08T09:39:12.0000000Z;44.361;45.084;226;222
2026-06-08T09:39:14.0000000Z;44.361;45.073;226;222
2026-06-08T09:39:16.0000000Z;44.361;45.072;226;389
2026-06-08T09:39:19.0000000Z;44.34;45.068;226;389
2026-06-08T09:39:20.0000000Z;44.336;45.067;226;222
2026-06-08T09:39:23.0000000Z;44.34;45.063;226;222
2026-06-08T09:39:24.0000000Z;44.344;45.061;226;222
2026-06-08T09:39:26.0000000Z;44.348;45.057;226;222
2026-06-08T09:39:27.0000000Z;44.352;45.053;226;222
2026-06-08T09:39:29.0000000Z;44.356;45.049;226;222
2026-06-08T09:39:31.0000000Z;44.36;45.048;226;222
2026-06-08T09:39:33.0000000Z;44.36;45.048;972;222
2026-06-08T09:39:35.0000000Z;44.362;45.054;583;222
2026-06-08T09:39:36.0000000Z;44.363;45.061;226;222
2026-06-08T09:39:37.0000000Z;44.363;45.06;226;389
2026-06-08T09:39:38.0000000Z;44.363;45.055;226;222
2026-06-08T09:39:39.0000000Z;44.363;45.052;226;389
2026-06-08T09:39:40.0000000Z;44.363;45.049;226;583
2026-06-08T09:39:50.0000000Z;44.363;45.05;226;222
2026-06-08T09:39:54.0000000Z;44.363;45.05;874;222
2026-06-08T09:39:56.0000000Z;44.363;45.05;874;389
2026-06-08T09:39:57.0000000Z;44.363;45.049;874;583
2026-06-08T09:40:00.0000000Z;44.363;45.049;226;583
2026-06-08T09:40:01.0000000Z;44.338;45.048;226;222
2026-06-08T09:40:02.0000000Z;44.344;45.074;226;4302
2026-06-08T09:40:03.0000000Z;44.35;45.064;226;222
2026-06-08T09:40:05.0000000Z;44.35;45.064;583;583
2026-06-08T09:40:06.0000000Z;44.351;45.063;389;389
2026-06-08T09:40:07.0000000Z;44.357;45.057;389;389
2026-06-08T09:40:10.0000000Z;44.359;45.055;226;222
2026-06-08T09:40:11.0000000Z;44.361;45.054;389;972
2026-06-08T09:40:12.0000000Z;44.363;45.053;226;222
2026-06-08T09:40:13.0000000Z;44.363;45.052;226;583
2026-06-08T09:40:18.0000000Z;44.363;45.066;389;583
2026-06-08T09:40:19.0000000Z;44.363;45.065;389;389
2026-06-08T09:40:20.0000000Z;44.364;45.063;583;389
2026-06-08T09:40:21.0000000Z;44.365;45.056;226;583
2026-06-08T09:40:26.0000000Z;44.366;45.056;972;583
2026-06-08T09:40:29.0000000Z;44.366;45.056;583;583
2026-06-08T09:40:30.0000000Z;44.366;45.055;583;389
2026-06-08T09:40:31.0000000Z;44.366;45.054;583;972
2026-06-08T09:40:36.0000000Z;44.367;45.051;226;222
2026-06-08T09:40:46.0000000Z;44.344;45.064;226;222
2026-06-08T09:40:47.0000000Z;44.347;45.059;389;222
2026-06-08T09:40:48.0000000Z;44.351;45.057;389;389
2026-06-08T09:40:49.0000000Z;44.354;45.054;583;583
2026-06-08T09:40:50.0000000Z;44.357;45.054;389;972
2026-06-08T09:40:51.0000000Z;44.362;45.053;972;222
2026-06-08T09:40:52.0000000Z;44.363;45.053;389;222
2026-06-08T09:40:53.0000000Z;44.364;45.053;583;222
2026-06-08T09:40:55.0000000Z;44.365;45.086;226;389
2026-06-08T09:40:56.0000000Z;44.366;45.079;226;222
2026-06-08T09:40:57.0000000Z;44.366;45.079;583;1166
2026-06-08T09:40:58.0000000Z;44.367;45.066;226;389
2026-06-08T09:40:59.0000000Z;44.367;45.059;226;972
2026-06-08T09:41:00.0000000Z;44.367;45.058;226;222
2026-06-08T09:41:01.0000000Z;44.367;45.057;226;583
2026-06-08T09:41:06.0000000Z;44.367;45.092;226;389
2026-06-08T09:41:07.0000000Z;44.368;45.081;583;222
2026-06-08T09:41:08.0000000Z;44.369;45.071;226;222
2026-06-08T09:41:09.0000000Z;44.369;45.062;226;389
2026-06-08T09:41:10.0000000Z;44.369;45.061;226;583
2026-06-08T09:41:11.0000000Z;44.369;45.061;389;583
2026-06-08T09:41:12.0000000Z;44.373;45.06;226;222
2026-06-08T09:41:15.0000000Z;44.373;45.092;226;222
2026-06-08T09:41:16.0000000Z;44.373;45.092;389;389
2026-06-08T09:41:17.0000000Z;44.374;45.084;583;389
2026-06-08T09:41:19.0000000Z;44.375;45.082;226;389
2026-06-08T09:41:20.0000000Z;44.375;45.072;226;389
2026-06-08T09:41:21.0000000Z;44.375;45.071;226;583
2026-06-08T09:41:22.0000000Z;44.375;45.065;226;583
2026-06-08T09:41:39.0000000Z;44.375;45.066;226;222
2026-06-08T09:41:40.0000000Z;44.377;45.088;226;389
2026-06-08T09:41:42.0000000Z;44.377;45.08;226;389
2026-06-08T09:41:44.0000000Z;44.377;45.073;226;222
2026-06-08T09:41:45.0000000Z;44.377;45.07;226;389
2026-06-08T09:41:46.0000000Z;44.377;45.068;226;222
2026-06-08T09:41:47.0000000Z;44.377;45.067;226;583
2026-06-08T09:41:50.0000000Z;44.377;45.066;226;389
2026-06-08T09:41:52.0000000Z;44.341;45.062;226;222
2026-06-08T09:41:53.0000000Z;44.341;45.062;389;389
2026-06-08T09:41:54.0000000Z;44.351;45.061;389;583
2026-06-08T09:41:55.0000000Z;44.352;45.061;1166;583
2026-06-08T09:41:56.0000000Z;44.362;45.06;226;222
2026-06-08T09:41:58.0000000Z;44.376;45.06;583;222
2026-06-08T09:41:59.0000000Z;44.376;45.06;972;222
2026-06-08T09:42:04.0000000Z;44.377;45.082;226;389
2026-06-08T09:42:05.0000000Z;44.377;45.073;226;222
2026-06-08T09:42:06.0000000Z;44.377;45.072;226;389
2026-06-08T09:42:07.0000000Z;44.377;45.067;226;583
2026-06-08T09:42:11.0000000Z;44.525;44.792;300;300
2026-06-08T09:42:34.0000000Z;44.538;44.78;300;300
2026-06-08T09:42:35.0000000Z;44.539;44.769;300;300
2026-06-08T09:42:59.0000000Z;44.539;44.769;389;300
2026-06-08T09:43:05.0000000Z;44.553;44.769;300;300
2026-06-08T09:43:06.0000000Z;44.553;44.762;300;300
2026-06-08T09:43:27.0000000Z;44.566;44.767;300;300
2026-06-08T09:43:57.0000000Z;44.567;44.767;300;300
2026-06-08T09:45:43.0000000Z;44.567;44.744;300;300
2026-06-08T09:45:44.0000000Z;44.391;44.742;389;300
2026-06-08T09:45:47.0000000Z;44.59;44.733;300;300
2026-06-08T09:45:48.0000000Z;44.591;44.723;300;300
2026-06-08T09:45:49.0000000Z;44.591;44.774;300;300
2026-06-08T09:45:49.0000000Z;44.591;44.774;300;300
2026-06-08T09:48:02.0000000Z;44.591;44.752;300;300
2026-06-08T09:48:17.0000000Z;44.582;44.744;300;300
2026-06-08T09:48:17.0000000Z;44.582;44.744;300;300
2026-06-08T09:52:55.0000000Z;44.57;44.735;300;300
2026-06-08T09:52:55.0000000Z;44.57;44.735;300;300
2026-06-08T09:56:59.0000000Z;44.559;44.728;300;300
2026-06-08T09:58:13.0000000Z;44.568;44.734;300;300
2026-06-08T09:58:44.0000000Z;44.569;44.734;300;300
2026-06-08T09:58:44.0000000Z;44.569;44.734;300;300
2026-06-08T10:02:04.0000000Z;44.569;44.728;300;300
2026-06-08T10:02:06.0000000Z;44.56;44.728;300;300
2026-06-08T10:02:07.0000000Z;44.56;44.72;300;300
2026-06-08T10:02:09.0000000Z;44.551;44.72;300;300
2026-06-08T10:02:13.0000000Z;44.551;44.688;300;300
2026-06-08T10:02:14.0000000Z;44.555;44.725;300;300
2026-06-08T10:02:18.0000000Z;44.556;44.743;300;300
2026-06-08T10:02:48.0000000Z;44.574;44.743;300;300
2026-06-08T10:02:59.0000000Z;44.583;44.746;300;300
2026-06-08T10:03:29.0000000Z;44.584;44.746;300;300
2026-06-08T10:03:48.0000000Z;44.567;44.734;300;300
2026-06-08T10:05:14.0000000Z;44.578;44.743;300;300
2026-06-08T10:05:44.0000000Z;44.579;44.743;300;300
2026-06-08T10:05:44.0000000Z;44.579;44.743;300;300
2026-06-08T10:06:35.0000000Z;44.569;44.734;300;300
2026-06-08T10:07:40.0000000Z;44.559;44.728;300;300
2026-06-08T10:07:40.0000000Z;44.559;44.728;300;300
2026-06-08T10:07:40.0000000Z;44.559;44.728;300;300
2026-06-08T10:17:08.0000000Z;44.559;44.72;300;300
2026-06-08T10:17:09.0000000Z;44.55;44.72;300;300
2026-06-08T10:17:42.0000000Z;44.565;44.732;300;300
2026-06-08T10:18:12.0000000Z;44.566;44.732;300;300
2026-06-08T10:18:45.0000000Z;44.566;44.725;300;300
2026-06-08T10:18:46.0000000Z;44.556;44.725;300;300
2026-06-08T10:18:46.0000000Z;44.556;44.725;300;300
2026-06-08T10:22:37.0000000Z;44.548;44.718;300;300
2026-06-08T10:23:46.0000000Z;44.559;44.728;300;300
2026-06-08T10:24:16.0000000Z;44.56;44.728;300;300
2026-06-08T10:24:43.0000000Z;44.56;44.718;300;300
2026-06-08T10:24:44.0000000Z;44.548;44.718;300;300
2026-06-08T10:24:44.0000000Z;44.548;44.718;300;300
2026-06-08T10:28:06.0000000Z;44.557;44.726;300;300
2026-06-08T10:28:37.0000000Z;44.558;44.726;300;300
2026-06-08T10:29:25.0000000Z;44.566;44.734;300;300
2026-06-08T10:29:46.0000000Z;44.556;44.725;300;300
2026-06-08T10:29:46.0000000Z;44.556;44.725;300;300
2026-06-08T10:32:41.0000000Z;44.544;44.715;300;300
2026-06-08T10:33:44.0000000Z;44.55;44.722;300;300
2026-06-08T10:34:12.0000000Z;44.551;44.722;389;300
2026-06-08T10:34:17.0000000Z;44.551;44.688;389;300
2026-06-08T10:34:18.0000000Z;44.574;44.688;230;300
2026-06-08T10:34:20.0000000Z;44.574;44.74;300;300
2026-06-08T10:34:22.0000000Z;44.575;44.732;300;300
2026-06-08T10:34:26.0000000Z;44.565;44.698;230;300
2026-06-08T10:34:28.0000000Z;44.573;44.698;230;300
2026-06-08T10:34:31.0000000Z;44.574;44.706;300;300
2026-06-08T10:34:33.0000000Z;44.573;44.706;300;300
2026-06-08T10:34:35.0000000Z;44.566;44.732;300;300
2026-06-08T10:34:42.0000000Z;44.566;44.697;300;389
2026-06-08T10:34:44.0000000Z;44.539;44.672;230;122
2026-06-08T10:34:46.0000000Z;44.539;44.672;230;300
2026-06-08T10:34:47.0000000Z;44.54;44.697;300;511
2026-06-08T10:34:49.0000000Z;44.54;44.701;300;300
2026-06-08T10:35:13.0000000Z;44.54;44.693;300;300
2026-06-08T10:35:14.0000000Z;44.529;44.693;300;300
2026-06-08T10:35:50.0000000Z;44.529;44.725;300;300
2026-06-08T10:35:51.0000000Z;44.285;45.05;389;389
2026-06-08T10:35:52.0000000Z;44.287;45.05;389;389
2026-06-08T10:35:53.0000000Z;44.483;44.705;230;122
2026-06-08T10:35:54.0000000Z;44.484;44.705;226;122
2026-06-08T10:35:58.0000000Z;44.484;44.712;300;300
2026-06-08T10:35:58.0000000Z;44.484;44.712;300;300
2026-06-08T10:36:44.0000000Z;44.5;44.725;300;300
2026-06-08T10:37:15.0000000Z;44.501;44.725;300;300
2026-06-08T10:40:46.0000000Z;44.518;44.722;230;122
2026-06-08T10:41:04.0000000Z;44.519;44.734;389;300
2026-06-08T10:41:05.0000000Z;44.52;45.024;300;300
2026-06-08T10:41:06.0000000Z;44.54;44.735;300;300
2026-06-08T10:41:23.0000000Z;44.541;44.708;300;389
2026-06-08T10:41:25.0000000Z;44.553;44.697;300;300
2026-06-08T10:41:26.0000000Z;44.554;44.686;300;300
2026-06-08T10:41:28.0000000Z;44.554;44.735;300;300
2026-06-08T10:41:48.0000000Z;44.554;44.715;300;300
2026-06-08T10:44:05.0000000Z;44.545;44.709;300;300
2026-06-08T10:44:05.0000000Z;44.545;44.709;300;300
2026-06-08T10:46:38.0000000Z;44.545;44.701;300;300
2026-06-08T10:46:39.0000000Z;44.534;44.701;300;300
2026-06-08T10:46:45.0000000Z;44.546;44.679;230;122
2026-06-08T10:46:46.0000000Z;44.546;44.71;300;300
2026-06-08T10:47:15.0000000Z;44.547;44.71;300;300
2026-06-08T10:49:24.0000000Z;44.538;44.703;300;300
2026-06-08T10:49:24.0000000Z;44.538;44.703;300;300
2026-06-08T10:52:22.0000000Z;44.546;44.71;300;300
2026-06-08T10:52:45.0000000Z;44.547;44.703;300;300
2026-06-08T10:52:46.0000000Z;44.537;44.703;300;300
2026-06-08T10:53:56.0000000Z;44.545;44.709;300;300
2026-06-08T10:54:26.0000000Z;44.546;44.709;300;300
2026-06-08T10:54:35.0000000Z;44.546;44.701;300;300
2026-06-08T10:54:36.0000000Z;44.535;44.701;300;300
2026-06-08T10:55:41.0000000Z;44.543;44.709;300;300
2026-06-08T10:55:41.0000000Z;44.543;44.709;300;300
2026-06-08T10:56:11.0000000Z;44.544;44.709;300;300
2026-06-08T10:56:11.0000000Z;44.544;44.709;300;300
2026-06-08T11:04:09.0000000Z;44.544;44.701;300;300
2026-06-08T11:04:10.0000000Z;44.535;44.701;300;300
2026-06-08T11:04:43.0000000Z;44.546;44.71;300;300
2026-06-08T11:05:13.0000000Z;44.547;44.71;300;300
2026-06-08T11:05:13.0000000Z;44.547;44.71;300;300
2026-06-08T11:06:30.0000000Z;44.538;44.706;300;300
2026-06-08T11:07:00.0000000Z;44.538;44.703;300;300
2026-06-08T11:09:30.0000000Z;44.537;44.67;230;122
2026-06-08T11:10:45.0000000Z;44.537;44.67;230;122
2026-06-08T11:10:45.0000000Z;44.537;44.67;230;122
2026-06-08T11:12:48.0000000Z;44.43;44.738;300;300
2026-06-08T11:13:20.0000000Z;44.429;44.738;300;300
2026-06-08T11:14:54.0000000Z;44.451;44.758;300;300
2026-06-08T11:15:19.0000000Z;44.451;44.758;389;300
2026-06-08T11:15:28.0000000Z;44.452;44.76;300;300
2026-06-08T11:15:37.0000000Z;44.466;44.76;300;300
2026-06-08T11:15:39.0000000Z;44.467;44.776;300;300
2026-06-08T11:15:49.0000000Z;44.466;44.745;300;300
2026-06-08T11:15:49.0000000Z;44.466;44.745;300;300
2026-06-08T11:16:30.0000000Z;44.435;44.745;300;300
2026-06-08T11:20:32.0000000Z;44.435;44.745;300;511
2026-06-08T11:20:41.0000000Z;44.435;44.745;300;300
2026-06-08T11:20:42.0000000Z;44.411;44.721;300;300
2026-06-08T11:20:45.0000000Z;44.411;44.721;389;300
2026-06-08T11:20:47.0000000Z;44.411;44.721;300;300
2026-06-08T11:20:47.0000000Z;44.411;44.721;300;300
2026-06-08T11:21:19.0000000Z;44.411;44.721;300;511
2026-06-08T11:21:37.0000000Z;44.411;44.72;300;389
2026-06-08T11:21:43.0000000Z;44.411;44.721;300;300
2026-06-08T11:22:26.0000000Z;44.463;44.697;300;300
2026-06-08T11:24:40.0000000Z;44.489;44.691;300;300
2026-06-08T11:25:49.0000000Z;44.489;44.688;300;300
2026-06-08T11:26:01.0000000Z;44.507;44.697;300;300
2026-06-08T11:26:29.0000000Z;44.508;44.662;300;300
2026-06-08T11:26:30.0000000Z;44.518;44.651;230;122
2026-06-08T11:27:00.0000000Z;44.519;44.681;300;300
2026-06-08T11:29:53.0000000Z;44.519;44.674;300;300
2026-06-08T11:29:54.0000000Z;44.509;44.674;300;300
2026-06-08T11:29:54.0000000Z;44.509;44.674;300;300
2026-06-08T11:32:03.0000000Z;44.503;44.669;300;300
2026-06-08T11:33:00.0000000Z;44.502;44.661;300;300
2026-06-08T11:33:01.0000000Z;44.492;44.661;300;300
2026-06-08T11:33:39.0000000Z;44.501;44.668;300;300
2026-06-08T11:34:09.0000000Z;44.502;44.668;300;300
2026-06-08T11:35:24.0000000Z;44.51;44.675;300;300
2026-06-08T11:35:55.0000000Z;44.511;44.675;300;300
2026-06-08T11:35:55.0000000Z;44.511;44.675;300;300
2026-06-08T11:36:50.0000000Z;44.52;44.682;300;300
2026-06-08T11:37:20.0000000Z;44.521;44.682;300;300
2026-06-08T11:40:22.0000000Z;44.529;44.689;300;300
2026-06-08T11:40:52.0000000Z;44.53;44.689;300;300
2026-06-08T11:40:52.0000000Z;44.53;44.689;300;300
2026-06-08T11:44:03.0000000Z;44.53;44.683;300;300
2026-06-08T11:44:04.0000000Z;44.52;44.683;300;300
2026-06-08T11:44:42.0000000Z;44.529;44.689;300;300
2026-06-08T11:45:12.0000000Z;44.53;44.689;300;300
2026-06-08T11:45:12.0000000Z;44.53;44.689;300;300
2026-06-08T11:49:13.0000000Z;44.538;44.697;300;300
2026-06-08T11:49:43.0000000Z;44.539;44.697;300;300
2026-06-08T11:50:45.0000000Z;44.528;44.688;300;300
2026-06-08T11:50:45.0000000Z;44.528;44.688;300;300
2026-06-08T11:55:14.0000000Z;44.536;44.697;300;300
2026-06-08T11:55:44.0000000Z;44.537;44.697;300;300
2026-06-08T11:55:57.0000000Z;44.531;44.69;300;300
2026-06-08T11:55:57.0000000Z;44.531;44.69;300;300
2026-06-08T11:59:45.0000000Z;44.542;44.7;300;300
2026-06-08T11:59:58.0000000Z;44.542;44.692;300;300
2026-06-08T11:59:59.0000000Z;44.533;44.692;300;300
