2026-06-08T07:56:10.0000000Z;5.7088;5.7182;2000;2000
2026-06-08T07:56:48.0000000Z;5.7078;5.7182;2000;2000
2026-06-08T07:56:49.0000000Z;5.7084;5.7182;2000;2000
2026-06-08T07:57:04.0000000Z;5.7084;5.7182;2000;2000
2026-06-08T07:57:40.0000000Z;5.708;5.7182;2000;2000
2026-06-08T07:58:25.0000000Z;5.7086;5.7182;2000;2000
2026-06-08T07:59:17.0000000Z;5.7086;5.7182;2802;2000
2026-06-08T07:59:32.0000000Z;5.7086;5.7182;2000;2000
2026-06-08T07:59:53.0000000Z;5.7086;5.718;2000;7587
2026-06-08T07:59:54.0000000Z;5.7082;5.7178;2802;2000
2026-06-08T07:59:58.0000000Z;5.708;5.7178;2000;2000
2026-06-08T08:00:00.0000000Z;5.7082;5.7178;2802;2000
2026-06-08T08:00:06.0000000Z;5.708;5.7178;2000;2000
2026-06-08T08:00:55.0000000Z;5.708;5.7172;2000;2000
2026-06-08T08:00:55.0000000Z;5.708;5.7172;2000;2000
2026-06-08T08:02:08.0000000Z;5.7076;5.7172;2000;2000
2026-06-08T08:02:16.0000000Z;5.7076;5.717;2000;7587
2026-06-08T08:02:23.0000000Z;5.707;5.7168;2000;2000
2026-06-08T08:02:24.0000000Z;5.707;5.7168;2803;2000
2026-06-08T08:02:25.0000000Z;5.7076;5.7168;2000;2000
2026-06-08T08:03:23.0000000Z;5.7068;5.7168;2000;2000
2026-06-08T08:03:24.0000000Z;5.707;5.7168;2803;2000
2026-06-08T08:03:40.0000000Z;5.707;5.7166;2803;13116
2026-06-08T08:03:54.0000000Z;5.707;5.7164;2803;2000
2026-06-08T08:04:18.0000000Z;5.7076;5.7164;2000;2000
2026-06-08T08:04:26.0000000Z;5.7078;5.7164;2803;2000
2026-06-08T08:04:34.0000000Z;5.7076;5.7164;2000;2000
2026-06-08T08:04:35.0000000Z;5.7078;5.7164;2803;2000
2026-06-08T08:04:41.0000000Z;5.7076;5.7164;2000;2000
2026-06-08T08:04:52.0000000Z;5.7076;5.7164;4204;2000
2026-06-08T08:04:53.0000000Z;5.7078;5.7172;2000;2000
2026-06-08T08:05:36.0000000Z;5.7076;5.7172;2000;2000
2026-06-08T08:05:36.0000000Z;5.7076;5.7172;2000;2000
2026-06-08T08:06:20.0000000Z;5.7078;5.7172;2803;2000
2026-06-08T08:06:24.0000000Z;5.7076;5.7172;2000;2000
2026-06-08T08:06:30.0000000Z;5.7078;5.7172;2803;2000
2026-06-08T08:06:34.0000000Z;5.7076;5.7172;2000;2000
2026-06-08T08:06:35.0000000Z;5.7078;5.7172;2803;2000
2026-06-08T08:06:39.0000000Z;5.7078;5.7172;2803;2000
2026-06-08T08:06:45.0000000Z;5.7076;5.7172;4204;2000
2026-06-08T08:06:50.0000000Z;5.7078;5.7172;2000;2000
2026-06-08T08:07:13.0000000Z;5.7078;5.7172;2803;2000
2026-06-08T08:07:23.0000000Z;5.7078;5.7172;2803;2000
2026-06-08T08:07:29.0000000Z;5.7084;5.7172;2000;2000
2026-06-08T08:07:47.0000000Z;5.7078;5.7172;2803;2000
2026-06-08T08:07:52.0000000Z;5.7076;5.7172;2000;2000
2026-06-08T08:07:58.0000000Z;5.7066;5.7172;2000;2000
2026-06-08T08:07:59.0000000Z;5.7076;5.7172;2000;2000
2026-06-08T08:08:04.0000000Z;5.7076;5.7172;2000;2000
2026-06-08T08:08:27.0000000Z;5.7078;5.7172;2803;2000
2026-06-08T08:08:42.0000000Z;5.7076;5.7172;2000;2000
2026-06-08T08:08:43.0000000Z;5.7078;5.7172;2803;2000
2026-06-08T08:08:47.0000000Z;5.7076;5.7172;2000;2000
2026-06-08T08:08:48.0000000Z;5.7078;5.7172;2803;2000
2026-06-08T08:08:49.0000000Z;5.708;5.7172;2000;2000
2026-06-08T08:08:52.0000000Z;5.7068;5.7172;2000;2000
2026-06-08T08:08:53.0000000Z;5.7076;5.7172;2000;2000
2026-06-08T08:09:04.0000000Z;5.707;5.7172;2000;2000
2026-06-08T08:09:05.0000000Z;5.7074;5.7172;2803;2000
2026-06-08T08:09:06.0000000Z;5.7076;5.7172;2000;2000
2026-06-08T08:09:09.0000000Z;5.707;5.7172;2803;2000
2026-06-08T08:09:11.0000000Z;5.707;5.717;2803;7587
2026-06-08T08:09:14.0000000Z;5.7074;5.717;2803;7587
2026-06-08T08:09:15.0000000Z;5.7076;5.7168;2000;2000
2026-06-08T08:09:17.0000000Z;5.707;5.7168;2803;2000
2026-06-08T08:09:19.0000000Z;5.7074;5.7168;2803;2000
2026-06-08T08:09:20.0000000Z;5.7076;5.7168;2000;2000
2026-06-08T08:09:33.0000000Z;5.7076;5.7168;2000;4552
2026-06-08T08:09:44.0000000Z;5.7076;5.7168;2000;2000
2026-06-08T08:09:51.0000000Z;5.7076;5.7172;2000;2000
2026-06-08T08:09:54.0000000Z;5.7076;5.7172;4204;2000
2026-06-08T08:09:57.0000000Z;5.7078;5.7172;2803;2000
2026-06-08T08:10:04.0000000Z;5.7076;5.7172;2000;2000
2026-06-08T08:10:23.0000000Z;5.707;5.717;2803;2000
2026-06-08T08:10:25.0000000Z;5.707;5.717;2803;7587
2026-06-08T08:10:26.0000000Z;5.707;5.717;2000;7587
2026-06-08T08:10:33.0000000Z;5.7062;5.7168;2000;2000
2026-06-08T08:10:34.0000000Z;5.7068;5.7168;2000;2000
2026-06-08T08:10:50.0000000Z;5.707;5.7164;2803;13116
2026-06-08T08:10:50.0000000Z;5.707;5.7164;2803;13116
2026-06-08T08:11:46.0000000Z;5.7072;5.7164;4204;13116
2026-06-08T08:12:15.0000000Z;5.7074;5.7164;2000;13116
2026-06-08T08:12:59.0000000Z;5.7074;5.7164;2000;13116
2026-06-08T08:13:08.0000000Z;5.707;5.7164;2000;13116
2026-06-08T08:13:10.0000000Z;5.7072;5.7164;2803;13116
2026-06-08T08:13:15.0000000Z;5.707;5.7164;2000;13116
2026-06-08T08:13:16.0000000Z;5.707;5.7164;4204;13116
2026-06-08T08:13:17.0000000Z;5.7072;5.7164;2803;13116
2026-06-08T08:13:21.0000000Z;5.7072;5.7164;2803;13116
2026-06-08T08:13:26.0000000Z;5.7072;5.7164;2803;13116
2026-06-08T08:13:31.0000000Z;5.707;5.7164;2000;13116
2026-06-08T08:13:32.0000000Z;5.7072;5.7164;2803;13116
2026-06-08T08:13:36.0000000Z;5.707;5.7164;2000;13116
2026-06-08T08:13:37.0000000Z;5.7072;5.7164;2803;13116
2026-06-08T08:13:39.0000000Z;5.7074;5.7164;2000;13116
2026-06-08T08:14:03.0000000Z;5.707;5.7164;2000;13116
2026-06-08T08:14:04.0000000Z;5.7072;5.7164;2803;13116
2026-06-08T08:14:12.0000000Z;5.707;5.7164;2000;13116
2026-06-08T08:14:23.0000000Z;5.707;5.7164;2000;13116
2026-06-08T08:14:31.0000000Z;5.7072;5.7164;2803;13116
2026-06-08T08:14:41.0000000Z;5.7072;5.7164;2803;13116
2026-06-08T08:14:46.0000000Z;5.707;5.7164;2000;13116
2026-06-08T08:14:47.0000000Z;5.7072;5.7164;2803;13116
2026-06-08T08:14:52.0000000Z;5.7072;5.7164;2803;13116
2026-06-08T08:14:57.0000000Z;5.7072;5.7164;2803;13116
2026-06-08T08:14:58.0000000Z;5.7074;5.7164;2000;13116
2026-06-08T08:15:02.0000000Z;5.7072;5.7164;2803;13116
2026-06-08T08:15:08.0000000Z;5.7072;5.7164;2803;13116
2026-06-08T08:15:19.0000000Z;5.7072;5.7164;2803;13116
2026-06-08T08:15:20.0000000Z;5.7074;5.7164;2000;13116
2026-06-08T08:15:25.0000000Z;5.707;5.7164;2000;13116
2026-06-08T08:15:29.0000000Z;5.7072;5.7164;2803;13116
2026-06-08T08:15:34.0000000Z;5.707;5.7164;2000;13116
2026-06-08T08:15:36.0000000Z;5.7072;5.7164;2803;13116
2026-06-08T08:15:39.0000000Z;5.707;5.7164;2000;13116
2026-06-08T08:15:39.0000000Z;5.707;5.7164;2000;13116
2026-06-08T08:16:16.0000000Z;5.7072;5.7164;2803;13116
2026-06-08T08:16:22.0000000Z;5.7072;5.7164;2803;13116
2026-06-08T08:16:26.0000000Z;5.707;5.7164;4204;13116
2026-06-08T08:16:28.0000000Z;5.7072;5.7164;2803;13116
2026-06-08T08:16:31.0000000Z;5.707;5.7164;2000;13116
2026-06-08T08:17:25.0000000Z;5.7068;5.7164;2000;13116
2026-06-08T08:19:07.0000000Z;5.7068;5.7164;2000;2000
2026-06-08T08:19:16.0000000Z;5.707;5.7164;4204;2000
2026-06-08T08:19:26.0000000Z;5.7078;5.7166;2000;2000
2026-06-08T08:20:09.0000000Z;5.7076;5.7166;2803;2000
2026-06-08T08:20:19.0000000Z;5.7076;5.7166;2000;2000
2026-06-08T08:20:20.0000000Z;5.7076;5.7166;2803;2000
2026-06-08T08:20:24.0000000Z;5.7076;5.7166;2000;2000
2026-06-08T08:20:25.0000000Z;5.7076;5.7166;2803;2000
2026-06-08T08:20:30.0000000Z;5.7076;5.7166;2000;2000
2026-06-08T08:20:31.0000000Z;5.7076;5.7166;2803;2000
2026-06-08T08:20:35.0000000Z;5.7076;5.7166;2000;2000
2026-06-08T08:20:39.0000000Z;5.7078;5.7166;2000;2000
2026-06-08T08:20:39.0000000Z;5.7078;5.7166;2000;2000
2026-06-08T08:21:54.0000000Z;5.7074;5.7166;2000;2000
2026-06-08T08:22:10.0000000Z;5.7068;5.7166;2000;2000
2026-06-08T08:22:14.0000000Z;5.7068;5.7164;2000;13116
2026-06-08T08:22:17.0000000Z;5.7068;5.7164;2803;13116
2026-06-08T08:22:22.0000000Z;5.7068;5.7164;2000;13116
2026-06-08T08:22:29.0000000Z;5.7068;5.7164;2803;13116
2026-06-08T08:22:33.0000000Z;5.7068;5.7164;2000;13116
2026-06-08T08:22:35.0000000Z;5.7068;5.7164;2803;13116
2026-06-08T08:22:41.0000000Z;5.707;5.7164;2000;13116
2026-06-08T08:22:59.0000000Z;5.707;5.716;2000;4552
2026-06-08T08:23:00.0000000Z;5.7052;5.7158;2000;2000
2026-06-08T08:23:01.0000000Z;5.706;5.7158;2000;2000
2026-06-08T08:23:04.0000000Z;5.7052;5.7158;2804;2000
2026-06-08T08:23:06.0000000Z;5.7058;5.7158;2000;2000
2026-06-08T08:23:19.0000000Z;5.7058;5.7152;2000;2000
2026-06-08T08:23:28.0000000Z;5.706;5.7152;2804;2000
2026-06-08T08:23:58.0000000Z;5.7062;5.7152;2000;2000
2026-06-08T08:24:12.0000000Z;5.7064;5.7152;2803;2000
2026-06-08T08:24:34.0000000Z;5.7062;5.7152;2000;2000
2026-06-08T08:24:42.0000000Z;5.706;5.7152;2000;2000
2026-06-08T08:24:44.0000000Z;5.7044;5.7152;4206;2000
2026-06-08T08:24:45.0000000Z;5.7058;5.7152;2804;2000
2026-06-08T08:24:50.0000000Z;5.7058;5.7152;2804;2000
2026-06-08T08:24:55.0000000Z;5.7058;5.7152;2804;2000
2026-06-08T08:25:00.0000000Z;5.7058;5.7152;2804;2000
2026-06-08T08:25:04.0000000Z;5.7064;5.7152;2000;2000
2026-06-08T08:25:43.0000000Z;5.7042;5.7152;2804;2000
2026-06-08T08:25:44.0000000Z;5.7058;5.7152;2804;2000
2026-06-08T08:25:45.0000000Z;5.706;5.7152;2000;2000
2026-06-08T08:25:47.0000000Z;5.7062;5.7152;2803;2000
2026-06-08T08:25:51.0000000Z;5.706;5.7152;2000;2000
2026-06-08T08:25:52.0000000Z;5.7062;5.7152;2803;2000
2026-06-08T08:26:03.0000000Z;5.7068;5.7156;2000;2000
2026-06-08T08:27:49.0000000Z;5.7064;5.7156;2000;2000
2026-06-08T08:28:23.0000000Z;5.7054;5.7156;2804;2000
2026-06-08T08:28:24.0000000Z;5.706;5.7156;2000;2000
2026-06-08T08:28:53.0000000Z;5.706;5.7154;2000;13116
2026-06-08T08:28:58.0000000Z;5.706;5.7152;2000;2000
2026-06-08T08:29:18.0000000Z;5.7062;5.7152;2803;2000
2026-06-08T08:29:26.0000000Z;5.706;5.7152;2000;2000
2026-06-08T08:29:28.0000000Z;5.7062;5.7152;2803;2000
2026-06-08T08:29:33.0000000Z;5.706;5.7152;2000;2000
2026-06-08T08:29:37.0000000Z;5.7062;5.7152;2803;2000
2026-06-08T08:29:47.0000000Z;5.706;5.7152;2000;2000
2026-06-08T08:29:48.0000000Z;5.706;5.7152;4206;2000
2026-06-08T08:29:49.0000000Z;5.7062;5.7152;2803;2000
2026-06-08T08:29:53.0000000Z;5.706;5.7152;2000;2000
2026-06-08T08:29:54.0000000Z;5.7062;5.7152;2803;2000
2026-06-08T08:29:59.0000000Z;5.7062;5.7152;2803;2000
2026-06-08T08:30:04.0000000Z;5.706;5.7152;2000;2000
2026-06-08T08:30:08.0000000Z;5.7062;5.7152;2803;2000
2026-06-08T08:30:13.0000000Z;5.7062;5.7152;2803;2000
2026-06-08T08:30:18.0000000Z;5.7062;5.7152;2803;2000
2026-06-08T08:30:23.0000000Z;5.7062;5.7152;2803;2000
2026-06-08T08:30:28.0000000Z;5.7062;5.7152;2000;2000
2026-06-08T08:30:29.0000000Z;5.7062;5.7152;2803;2000
2026-06-08T08:30:31.0000000Z;5.7064;5.7152;7007;2000
2026-06-08T08:30:32.0000000Z;5.7054;5.7156;2804;2000
2026-06-08T08:30:34.0000000Z;5.706;5.7156;2000;2000
2026-06-08T08:30:35.0000000Z;5.7062;5.7156;2803;2000
2026-06-08T08:30:36.0000000Z;5.7066;5.7156;2000;2000
2026-06-08T08:30:36.0000000Z;5.7066;5.7156;2000;2000
2026-06-08T08:31:01.0000000Z;5.7066;5.7156;2803;2000
2026-06-08T08:31:05.0000000Z;5.7066;5.7156;2803;2000
2026-06-08T08:31:06.0000000Z;5.7068;5.7156;2000;2000
2026-06-08T08:31:46.0000000Z;5.7048;5.7156;2000;2000
2026-06-08T08:31:49.0000000Z;5.7064;5.7156;2000;2000
2026-06-08T08:31:50.0000000Z;5.7066;5.7156;2803;2000
2026-06-08T08:31:57.0000000Z;5.7064;5.7156;2000;2000
2026-06-08T08:31:58.0000000Z;5.7066;5.7156;2803;2000
2026-06-08T08:32:00.0000000Z;5.7064;5.7156;2000;2000
2026-06-08T08:32:01.0000000Z;5.7066;5.7156;2803;2000
2026-06-08T08:32:11.0000000Z;5.707;5.7156;2803;2000
2026-06-08T08:32:20.0000000Z;5.7066;5.7156;2803;2000
2026-06-08T08:32:30.0000000Z;5.7066;5.7156;2000;2000
2026-06-08T08:32:31.0000000Z;5.7066;5.7156;2803;2000
2026-06-08T08:32:36.0000000Z;5.7066;5.7156;2803;2000
2026-06-08T08:32:46.0000000Z;5.7066;5.7156;2803;2000
2026-06-08T08:32:51.0000000Z;5.7066;5.7156;2803;2000
2026-06-08T08:33:01.0000000Z;5.7068;5.7156;2000;2000
2026-06-08T08:33:26.0000000Z;5.707;5.7156;2803;2000
2026-06-08T08:33:31.0000000Z;5.707;5.7156;2803;2000
2026-06-08T08:33:36.0000000Z;5.706;5.7156;2000;2000
2026-06-08T08:33:37.0000000Z;5.707;5.7156;2803;2000
2026-06-08T08:33:42.0000000Z;5.707;5.7156;2803;2000
2026-06-08T08:33:47.0000000Z;5.707;5.7156;2803;2000
2026-06-08T08:33:52.0000000Z;5.707;5.7156;2000;2000
2026-06-08T08:33:53.0000000Z;5.707;5.7156;2803;2000
2026-06-08T08:33:57.0000000Z;5.707;5.7156;2000;2000
2026-06-08T08:33:58.0000000Z;5.707;5.7156;2803;2000
2026-06-08T08:34:03.0000000Z;5.707;5.7156;2803;2000
2026-06-08T08:34:08.0000000Z;5.707;5.7156;2803;2000
2026-06-08T08:34:13.0000000Z;5.707;5.7156;2803;2000
2026-06-08T08:34:18.0000000Z;5.707;5.7156;2000;2000
2026-06-08T08:34:19.0000000Z;5.707;5.7156;2803;2000
2026-06-08T08:34:24.0000000Z;5.707;5.7156;2803;2000
2026-06-08T08:34:29.0000000Z;5.707;5.7156;2000;2000
2026-06-08T08:35:12.0000000Z;5.7054;5.7156;2000;2000
2026-06-08T08:35:14.0000000Z;5.7068;5.7156;2000;2000
2026-06-08T08:35:19.0000000Z;5.7068;5.7156;2000;2000
2026-06-08T08:35:19.0000000Z;5.7068;5.7156;2000;2000
2026-06-08T08:36:28.0000000Z;5.7064;5.7156;2000;2000
2026-06-08T08:36:59.0000000Z;5.7066;5.7156;2803;2000
2026-06-08T08:37:04.0000000Z;5.7064;5.7156;2000;2000
2026-06-08T08:39:42.0000000Z;5.7064;5.7154;2000;13116
2026-06-08T08:39:46.0000000Z;5.706;5.7152;2000;2000
2026-06-08T08:40:52.0000000Z;5.704;5.7152;2000;2000
2026-06-08T08:40:53.0000000Z;5.704;5.7152;4207;3035
2026-06-08T08:40:54.0000000Z;5.7052;5.715;2000;7587
2026-06-08T08:41:15.0000000Z;5.7052;5.7144;2000;2000
2026-06-08T08:41:18.0000000Z;5.7054;5.7144;2804;2000
2026-06-08T08:41:20.0000000Z;5.7052;5.7144;2000;2000
2026-06-08T08:42:27.0000000Z;5.7052;5.7144;7010;2000
2026-06-08T08:42:52.0000000Z;5.7054;5.7144;2000;2000
2026-06-08T08:43:01.0000000Z;5.7054;5.7144;2804;2000
2026-06-08T08:43:10.0000000Z;5.7054;5.7144;2000;2000
2026-06-08T08:43:11.0000000Z;5.7054;5.7144;2804;2000
2026-06-08T08:43:16.0000000Z;5.7054;5.7144;2804;2000
2026-06-08T08:43:18.0000000Z;5.706;5.7144;2000;2000
2026-06-08T08:43:20.0000000Z;5.7054;5.7144;2804;2000
2026-06-08T08:43:21.0000000Z;5.706;5.7144;2000;2000
2026-06-08T08:43:26.0000000Z;5.7054;5.7144;2000;2000
2026-06-08T08:43:53.0000000Z;5.706;5.7144;2000;2000
2026-06-08T08:44:04.0000000Z;5.7054;5.7144;2804;2000
2026-06-08T08:44:05.0000000Z;5.7058;5.7144;2804;2000
2026-06-08T08:44:10.0000000Z;5.7056;5.7144;2000;2000
2026-06-08T08:44:11.0000000Z;5.7056;5.7144;4206;2000
2026-06-08T08:44:35.0000000Z;5.7058;5.7144;2000;2000
2026-06-08T08:44:40.0000000Z;5.7058;5.7152;2000;2000
2026-06-08T08:44:40.0000000Z;5.7058;5.7152;2000;2000
2026-06-08T08:47:47.0000000Z;5.7054;5.7152;2804;2000
2026-06-08T08:47:52.0000000Z;5.7052;5.7152;7010;2000
2026-06-08T08:48:17.0000000Z;5.7054;5.7152;2000;2000
2026-06-08T08:49:22.0000000Z;5.7056;5.7152;4206;2000
2026-06-08T08:49:51.0000000Z;5.7058;5.7152;2000;2000
2026-06-08T08:50:39.0000000Z;5.706;5.7152;4206;2000
2026-06-08T08:50:39.0000000Z;5.706;5.7152;4206;2000
2026-06-08T08:51:09.0000000Z;5.7062;5.7152;2000;2000
2026-06-08T08:52:17.0000000Z;5.7062;5.7152;2803;2000
2026-06-08T08:52:27.0000000Z;5.7062;5.7152;2803;2000
2026-06-08T08:52:34.0000000Z;5.7064;5.7152;2000;2000
2026-06-08T08:52:39.0000000Z;5.7058;5.7152;2000;2000
2026-06-08T08:53:10.0000000Z;5.7054;5.7152;2000;2000
2026-06-08T08:54:06.0000000Z;5.7064;5.7152;2000;2000
2026-06-08T08:54:51.0000000Z;5.7066;5.7152;2803;2000
2026-06-08T08:54:55.0000000Z;5.7064;5.7152;2000;2000
2026-06-08T08:54:56.0000000Z;5.7066;5.7152;2803;2000
2026-06-08T08:55:04.0000000Z;5.7064;5.7152;2000;2000
2026-06-08T08:55:04.0000000Z;5.7064;5.7152;2000;2000
2026-06-08T08:56:25.0000000Z;5.7058;5.7152;2000;2000
2026-06-08T08:56:26.0000000Z;5.7064;5.7152;2000;2000
2026-06-08T08:56:33.0000000Z;5.7058;5.7152;2804;2000
2026-06-08T08:56:37.0000000Z;5.7064;5.7152;2000;2000
2026-06-08T08:56:52.0000000Z;5.7066;5.7152;2803;2000
2026-06-08T08:56:57.0000000Z;5.7066;5.7152;2803;2000
2026-06-08T08:56:58.0000000Z;5.7064;5.7152;2000;2000
2026-06-08T08:56:59.0000000Z;5.7068;5.7152;4204;2000
2026-06-08T08:57:00.0000000Z;5.707;5.7152;2000;2000
2026-06-08T08:57:01.0000000Z;5.707;5.7152;2803;2000
2026-06-08T08:57:14.0000000Z;5.707;5.7152;2803;2000
2026-06-08T08:57:19.0000000Z;5.707;5.7174;2000;3035
2026-06-08T08:57:21.0000000Z;5.706;5.7166;2000;2000
2026-06-08T08:57:26.0000000Z;5.707;5.7166;2000;2000
2026-06-08T08:57:31.0000000Z;5.7054;5.7166;2000;2000
2026-06-08T08:57:33.0000000Z;5.707;5.7166;2000;2000
2026-06-08T08:57:34.0000000Z;5.707;5.7166;2803;2000
2026-06-08T08:57:44.0000000Z;5.707;5.7166;2803;2000
2026-06-08T08:57:59.0000000Z;5.707;5.7166;2803;2000
2026-06-08T08:58:04.0000000Z;5.707;5.7166;2000;2000
2026-06-08T08:58:08.0000000Z;5.707;5.7166;2803;2000
2026-06-08T08:58:12.0000000Z;5.707;5.7166;2000;2000
2026-06-08T08:58:14.0000000Z;5.707;5.7166;2803;2000
2026-06-08T08:58:19.0000000Z;5.707;5.7166;2000;2000
2026-06-08T08:58:34.0000000Z;5.7066;5.7166;2000;2000
2026-06-08T08:58:46.0000000Z;5.707;5.7166;2803;2000
2026-06-08T08:58:51.0000000Z;5.7066;5.7166;2803;2000
2026-06-08T08:58:52.0000000Z;5.707;5.7166;2803;2000
2026-06-08T08:58:57.0000000Z;5.7066;5.7166;2803;2000
2026-06-08T08:59:01.0000000Z;5.707;5.7166;2803;2000
2026-06-08T08:59:06.0000000Z;5.7066;5.7166;2803;2000
2026-06-08T08:59:16.0000000Z;5.707;5.7166;2000;2000
2026-06-08T08:59:26.0000000Z;5.7066;5.7166;2803;2000
2026-06-08T08:59:57.0000000Z;5.7068;5.7166;2000;2000
2026-06-08T09:00:47.0000000Z;5.707;5.7166;2803;2000
2026-06-08T09:00:56.0000000Z;5.707;5.7166;2803;2000
2026-06-08T09:01:01.0000000Z;5.707;5.7156;2000;13116
2026-06-08T09:01:02.0000000Z;5.7054;5.7154;2000;2000
2026-06-08T09:01:03.0000000Z;5.7066;5.7154;4204;2000
2026-06-08T09:01:05.0000000Z;5.7064;5.7154;2000;2000
2026-06-08T09:01:07.0000000Z;5.7066;5.7154;2000;2000
2026-06-08T09:01:09.0000000Z;5.7066;5.7154;4204;2000
2026-06-08T09:01:19.0000000Z;5.7066;5.7154;2000;2000
2026-06-08T09:01:24.0000000Z;5.7066;5.7154;4204;2000
2026-06-08T09:01:30.0000000Z;5.7066;5.7154;2000;2000
2026-06-08T09:01:41.0000000Z;5.7066;5.7154;4204;2000
2026-06-08T09:01:43.0000000Z;5.7066;5.7154;2000;2000
2026-06-08T09:01:44.0000000Z;5.7066;5.7154;4204;2000
2026-06-08T09:01:55.0000000Z;5.7066;5.7154;2000;2000
2026-06-08T09:02:28.0000000Z;5.7066;5.7154;2000;2000
2026-06-08T09:02:42.0000000Z;5.7068;5.7154;2803;2000
2026-06-08T09:02:47.0000000Z;5.7066;5.7154;2000;2000
2026-06-08T09:02:59.0000000Z;5.7068;5.7154;2803;2000
2026-06-08T09:03:03.0000000Z;5.707;5.7154;2000;2000
2026-06-08T09:03:22.0000000Z;5.706;5.7154;2000;2000
2026-06-08T09:03:42.0000000Z;5.7066;5.7154;2000;2000
2026-06-08T09:03:47.0000000Z;5.7068;5.7154;2803;2000
2026-06-08T09:03:52.0000000Z;5.7066;5.7154;2000;2000
2026-06-08T09:03:53.0000000Z;5.7068;5.7154;2803;2000
2026-06-08T09:03:58.0000000Z;5.7068;5.7154;2803;2000
2026-06-08T09:04:03.0000000Z;5.7068;5.7154;2803;2000
2026-06-08T09:04:08.0000000Z;5.7066;5.7154;2000;2000
2026-06-08T09:04:09.0000000Z;5.7068;5.7154;2803;2000
2026-06-08T09:04:14.0000000Z;5.7068;5.7154;2803;2000
2026-06-08T09:04:19.0000000Z;5.7068;5.7154;2803;2000
2026-06-08T09:04:22.0000000Z;5.707;5.7154;2000;2000
2026-06-08T09:04:38.0000000Z;5.707;5.7154;4204;2000
2026-06-08T09:04:39.0000000Z;5.707;5.7154;2000;2000
2026-06-08T09:05:04.0000000Z;5.707;5.7154;4204;2000
2026-06-08T09:05:05.0000000Z;5.707;5.7154;2000;2000
2026-06-08T09:06:01.0000000Z;5.7064;5.7154;2803;2000
2026-06-08T09:06:21.0000000Z;5.7064;5.7154;2000;2000
2026-06-08T09:06:22.0000000Z;5.7064;5.7154;2803;2000
2026-06-08T09:06:26.0000000Z;5.7064;5.7154;2000;2000
2026-06-08T09:06:27.0000000Z;5.7064;5.7154;2803;2000
2026-06-08T09:06:31.0000000Z;5.7066;5.7154;2000;2000
2026-06-08T09:06:57.0000000Z;5.706;5.7154;2000;2000
2026-06-08T09:06:58.0000000Z;5.7066;5.7154;2000;2000
2026-06-08T09:07:02.0000000Z;5.706;5.7154;2000;2000
2026-06-08T09:07:03.0000000Z;5.7066;5.7154;2000;2000
2026-06-08T09:07:57.0000000Z;5.7066;5.7154;2000;2000
2026-06-08T09:08:18.0000000Z;5.7066;5.7154;2000;2000
2026-06-08T09:08:44.0000000Z;5.7054;5.7154;7010;2000
2026-06-08T09:10:25.0000000Z;5.7062;5.7154;2000;2000
2026-06-08T09:10:29.0000000Z;5.7064;5.7154;2803;2000
2026-06-08T09:10:34.0000000Z;5.7062;5.7154;2000;2000
2026-06-08T09:10:35.0000000Z;5.7064;5.7154;2803;2000
2026-06-08T09:10:40.0000000Z;5.7064;5.7154;2803;2000
2026-06-08T09:10:45.0000000Z;5.7064;5.7154;2803;2000
2026-06-08T09:10:50.0000000Z;5.7064;5.7154;2803;2000
2026-06-08T09:10:55.0000000Z;5.7062;5.7154;2000;2000
2026-06-08T09:10:56.0000000Z;5.7064;5.7154;2803;2000
2026-06-08T09:10:59.0000000Z;5.7066;5.7154;2000;2000
2026-06-08T09:10:59.0000000Z;5.7066;5.7154;2000;2000
2026-06-08T09:11:31.0000000Z;5.7062;5.7154;2000;2000
2026-06-08T09:11:32.0000000Z;5.7064;5.7154;2803;2000
2026-06-08T09:11:37.0000000Z;5.7062;5.7154;2000;2000
2026-06-08T09:11:40.0000000Z;5.7064;5.7154;2803;2000
2026-06-08T09:11:44.0000000Z;5.7062;5.7154;2000;2000
2026-06-08T09:12:16.0000000Z;5.7054;5.7154;7010;2000
2026-06-08T09:13:05.0000000Z;5.7062;5.7154;2000;2000
2026-06-08T09:13:16.0000000Z;5.7054;5.7154;7010;2000
2026-06-08T09:13:59.0000000Z;5.7068;5.7154;2803;2000
2026-06-08T09:14:04.0000000Z;5.7068;5.7154;2000;2000
2026-06-08T09:14:27.0000000Z;5.7068;5.7154;2803;2000
2026-06-08T09:14:29.0000000Z;5.707;5.7154;2000;2000
2026-06-08T09:15:02.0000000Z;5.7066;5.7154;2000;2000
2026-06-08T09:15:07.0000000Z;5.7068;5.7154;2803;2000
2026-06-08T09:15:10.0000000Z;5.7066;5.7154;2000;2000
2026-06-08T09:15:29.0000000Z;5.7066;5.7154;4204;2000
2026-06-08T09:15:30.0000000Z;5.7068;5.7154;2803;2000
2026-06-08T09:15:33.0000000Z;5.707;5.7154;2000;2000
2026-06-08T09:15:33.0000000Z;5.707;5.7154;2000;2000
2026-06-08T09:16:52.0000000Z;5.7062;5.7154;2000;2000
2026-06-08T09:16:53.0000000Z;5.707;5.7154;2000;2000
2026-06-08T09:16:58.0000000Z;5.7068;5.7154;2803;2000
2026-06-08T09:17:03.0000000Z;5.7068;5.7154;2803;2000
2026-06-08T09:17:08.0000000Z;5.7068;5.7154;2000;2000
2026-06-08T09:17:10.0000000Z;5.7068;5.7154;2803;2000
2026-06-08T09:17:16.0000000Z;5.7068;5.7154;2000;2000
2026-06-08T09:17:28.0000000Z;5.707;5.7154;2000;2000
2026-06-08T09:17:41.0000000Z;5.7064;5.7154;2803;2000
2026-06-08T09:17:46.0000000Z;5.7064;5.7154;2803;2000
2026-06-08T09:17:51.0000000Z;5.7064;5.7154;2803;2000
2026-06-08T09:17:55.0000000Z;5.707;5.7154;2000;2000
2026-06-08T09:18:13.0000000Z;5.706;5.7154;2804;2000
2026-06-08T09:18:14.0000000Z;5.7066;5.7154;2000;2000
2026-06-08T09:18:21.0000000Z;5.7068;5.7154;2803;2000
2026-06-08T09:18:26.0000000Z;5.7068;5.7154;2803;2000
2026-06-08T09:18:31.0000000Z;5.7068;5.7154;2803;2000
2026-06-08T09:18:36.0000000Z;5.7064;5.7154;2803;2000
2026-06-08T09:18:42.0000000Z;5.7064;5.7154;2803;2000
2026-06-08T09:18:47.0000000Z;5.7064;5.7154;2803;2000
2026-06-08T09:18:52.0000000Z;5.7064;5.7154;2803;2000
2026-06-08T09:18:57.0000000Z;5.7064;5.7154;2000;2000
2026-06-08T09:18:58.0000000Z;5.7064;5.7154;2803;2000
2026-06-08T09:19:03.0000000Z;5.7064;5.7154;2803;2000
2026-06-08T09:19:08.0000000Z;5.7064;5.7154;2803;2000
2026-06-08T09:19:12.0000000Z;5.7066;5.7154;2000;2000
2026-06-08T09:19:18.0000000Z;5.7068;5.7154;2803;2000
2026-06-08T09:19:23.0000000Z;5.7066;5.7154;2000;2000
2026-06-08T09:19:24.0000000Z;5.7068;5.7154;2803;2000
2026-06-08T09:19:29.0000000Z;5.7066;5.7154;2000;2000
2026-06-08T09:19:30.0000000Z;5.7068;5.7154;2803;2000
2026-06-08T09:19:35.0000000Z;5.7068;5.7154;2803;2000
2026-06-08T09:19:40.0000000Z;5.7068;5.7154;2803;2000
2026-06-08T09:19:43.0000000Z;5.707;5.7154;2000;2000
2026-06-08T09:20:02.0000000Z;5.7072;5.7154;2803;2000
2026-06-08T09:20:06.0000000Z;5.7072;5.7154;2803;2000
2026-06-08T09:20:11.0000000Z;5.707;5.7154;2000;2000
2026-06-08T09:20:12.0000000Z;5.7072;5.7154;2803;2000
2026-06-08T09:20:15.0000000Z;5.7074;5.7154;2000;2000
2026-06-08T09:20:18.0000000Z;5.7068;5.7154;2803;2000
2026-06-08T09:20:19.0000000Z;5.7074;5.7154;2000;2000
2026-06-08T09:20:23.0000000Z;5.7066;5.7154;2000;2000
2026-06-08T09:20:24.0000000Z;5.7068;5.7154;2803;2000
2026-06-08T09:20:25.0000000Z;5.7072;5.7154;2803;2000
2026-06-08T09:20:30.0000000Z;5.7068;5.7154;2803;2000
2026-06-08T09:20:31.0000000Z;5.7074;5.7154;2000;2000
2026-06-08T09:20:36.0000000Z;5.7068;5.7154;2803;2000
2026-06-08T09:20:37.0000000Z;5.7074;5.7154;2000;2000
2026-06-08T09:20:59.0000000Z;5.7074;5.7154;4204;2000
2026-06-08T09:21:00.0000000Z;5.7074;5.7154;2000;2000
2026-06-08T09:21:05.0000000Z;5.7074;5.7154;4204;2000
2026-06-08T09:21:11.0000000Z;5.7076;5.7154;2000;2000
2026-06-08T09:21:23.0000000Z;5.7072;5.7166;2803;2000
2026-06-08T09:21:24.0000000Z;5.7076;5.7166;2803;2000
2026-06-08T09:21:28.0000000Z;5.7076;5.7166;2000;2000
2026-06-08T09:21:29.0000000Z;5.7076;5.7166;2803;2000
2026-06-08T09:21:40.0000000Z;5.708;5.7166;2803;2000
2026-06-08T09:22:01.0000000Z;5.708;5.7166;2000;2000
2026-06-08T09:22:26.0000000Z;5.7074;5.7166;2000;2000
2026-06-08T09:22:40.0000000Z;5.7076;5.7166;2803;2000
2026-06-08T09:22:44.0000000Z;5.7076;5.7166;2803;2000
2026-06-08T09:22:49.0000000Z;5.7074;5.7166;2000;2000
2026-06-08T09:22:50.0000000Z;5.7076;5.7166;2803;2000
2026-06-08T09:22:55.0000000Z;5.7076;5.7166;2803;2000
2026-06-08T09:23:00.0000000Z;5.7074;5.7166;2000;2000
2026-06-08T09:23:01.0000000Z;5.7078;5.7166;2000;2000
2026-06-08T09:23:05.0000000Z;5.7072;5.7166;2803;2000
2026-06-08T09:23:06.0000000Z;5.7078;5.7166;2000;2000
2026-06-08T09:23:32.0000000Z;5.7078;5.7166;2000;2000
2026-06-08T09:24:22.0000000Z;5.7062;5.7166;2000;2000
2026-06-08T09:24:23.0000000Z;5.7074;5.7166;2000;2000
2026-06-08T09:24:28.0000000Z;5.7062;5.7166;2000;2000
2026-06-08T09:24:31.0000000Z;5.707;5.7166;2000;2000
2026-06-08T09:24:33.0000000Z;5.7072;5.7166;2803;2000
2026-06-08T09:24:43.0000000Z;5.7074;5.7166;2000;2000
2026-06-08T09:24:48.0000000Z;5.7074;5.716;2000;13116
2026-06-08T09:25:18.0000000Z;5.7074;5.7158;2000;2000
2026-06-08T09:25:38.0000000Z;5.7074;5.7158;2000;2000
2026-06-08T09:25:43.0000000Z;5.7074;5.7158;2000;2000
2026-06-08T09:25:43.0000000Z;5.7074;5.7158;2000;2000
2026-06-08T09:26:18.0000000Z;5.707;5.7158;2000;2000
2026-06-08T09:26:20.0000000Z;5.7072;5.7158;2803;2000
2026-06-08T09:26:25.0000000Z;5.707;5.7158;2000;2000
2026-06-08T09:26:45.0000000Z;5.7072;5.7158;2803;2000
2026-06-08T09:26:50.0000000Z;5.7074;5.7158;2000;2000
2026-06-08T09:27:11.0000000Z;5.7076;5.7158;2803;2000
2026-06-08T09:27:16.0000000Z;5.7074;5.7158;2000;2000
2026-06-08T09:27:18.0000000Z;5.7076;5.7158;2803;2000
2026-06-08T09:27:20.0000000Z;5.7078;5.7158;2000;2000
2026-06-08T09:27:23.0000000Z;5.7072;5.7158;2803;2000
2026-06-08T09:27:24.0000000Z;5.7076;5.7158;2000;2000
2026-06-08T09:27:25.0000000Z;5.7076;5.7158;2803;2000
2026-06-08T09:27:30.0000000Z;5.7076;5.7158;2803;2000
2026-06-08T09:27:35.0000000Z;5.7078;5.7158;2000;2000
2026-06-08T09:28:23.0000000Z;5.7074;5.7166;2000;2000
2026-06-08T09:28:49.0000000Z;5.7072;5.7166;2803;2000
2026-06-08T09:28:54.0000000Z;5.7072;5.7166;2000;2000
2026-06-08T09:28:55.0000000Z;5.7072;5.7166;2803;2000
2026-06-08T09:29:05.0000000Z;5.7072;5.7166;2803;2000
2026-06-08T09:29:10.0000000Z;5.7072;5.7166;2803;2000
2026-06-08T09:29:19.0000000Z;5.7074;5.7166;2000;2000
2026-06-08T09:30:32.0000000Z;5.7076;5.7166;2803;2000
2026-06-08T09:30:43.0000000Z;5.7078;5.7166;2000;2000
2026-06-08T09:30:43.0000000Z;5.7078;5.7166;2000;2000
2026-06-08T09:31:53.0000000Z;5.7076;5.7166;2803;2000
2026-06-08T09:31:56.0000000Z;5.7076;5.7166;2000;2000
2026-06-08T09:31:57.0000000Z;5.7074;5.7166;2000;2000
2026-06-08T09:32:38.0000000Z;5.7064;5.7166;2000;2000
2026-06-08T09:32:39.0000000Z;5.7074;5.7166;2000;2000
2026-06-08T09:32:44.0000000Z;5.7076;5.7166;2803;2000
2026-06-08T09:32:49.0000000Z;5.7074;5.7166;2000;2000
2026-06-08T09:32:50.0000000Z;5.7076;5.7166;2803;2000
2026-06-08T09:32:53.0000000Z;5.708;5.7166;2803;2000
2026-06-08T09:32:58.0000000Z;5.708;5.7166;2000;2000
2026-06-08T09:32:59.0000000Z;5.708;5.7166;2803;2000
2026-06-08T09:33:04.0000000Z;5.708;5.7166;2803;2000
2026-06-08T09:33:09.0000000Z;5.708;5.7166;2000;2000
2026-06-08T09:33:11.0000000Z;5.708;5.7166;2803;2000
2026-06-08T09:33:14.0000000Z;5.7076;5.7166;2803;2000
2026-06-08T09:33:19.0000000Z;5.7076;5.7166;2803;2000
2026-06-08T09:33:22.0000000Z;5.708;5.7166;2803;2000
2026-06-08T09:33:23.0000000Z;5.7074;5.7166;2000;2000
2026-06-08T09:33:24.0000000Z;5.7076;5.7166;2803;2000
2026-06-08T09:33:26.0000000Z;5.708;5.7166;2803;2000
2026-06-08T09:33:28.0000000Z;5.7078;5.7166;2000;2000
2026-06-08T09:34:06.0000000Z;5.7068;5.7166;2000;2000
2026-06-08T09:34:07.0000000Z;5.7074;5.7166;2000;2000
2026-06-08T09:34:11.0000000Z;5.7078;5.7166;2000;2000
2026-06-08T09:34:21.0000000Z;5.707;5.7166;2000;2000
2026-06-08T09:34:22.0000000Z;5.7072;5.7166;2803;2000
2026-06-08T09:34:32.0000000Z;5.7072;5.7166;2803;2000
2026-06-08T09:34:37.0000000Z;5.7072;5.7166;2803;2000
2026-06-08T09:34:47.0000000Z;5.7072;5.7166;2803;2000
2026-06-08T09:34:52.0000000Z;5.7074;5.7166;2000;2000
2026-06-08T09:35:31.0000000Z;5.7068;5.7166;2803;2000
2026-06-08T09:35:41.0000000Z;5.7068;5.7166;2000;2000
2026-06-08T09:35:42.0000000Z;5.7068;5.7166;2803;2000
2026-06-08T09:35:49.0000000Z;5.7072;5.7166;2803;2000
2026-06-08T09:35:50.0000000Z;5.7074;5.7166;2000;2000
2026-06-08T09:35:50.0000000Z;5.7074;5.7166;2000;2000
2026-06-08T09:36:24.0000000Z;5.707;5.7166;2000;2000
2026-06-08T09:36:28.0000000Z;5.7072;5.7166;2803;2000
2026-06-08T09:36:38.0000000Z;5.707;5.7166;2000;2000
2026-06-08T09:37:07.0000000Z;5.707;5.7232;2000;2000
2026-06-08T09:37:08.0000000Z;5.708;5.7186;2000;2000
2026-06-08T09:37:09.0000000Z;5.708;5.7186;2000;13116
2026-06-08T09:37:10.0000000Z;5.7082;5.7186;4204;13116
2026-06-08T09:37:39.0000000Z;5.7084;5.7186;2000;13116
2026-06-08T09:37:40.0000000Z;5.7074;5.7186;2000;13116
2026-06-08T09:37:41.0000000Z;5.7068;5.7186;2000;13116
2026-06-08T09:37:42.0000000Z;5.7068;5.7186;13116;16151
2026-06-08T09:37:43.0000000Z;5.707;5.7178;2000;2000
2026-06-08T09:37:45.0000000Z;5.707;5.7178;2000;4552
2026-06-08T09:38:03.0000000Z;5.7062;5.7176;2000;2000
2026-06-08T09:38:04.0000000Z;5.6994;5.7176;2000;2000
2026-06-08T09:38:05.0000000Z;5.704;5.7176;2000;2000
2026-06-08T09:38:06.0000000Z;5.7054;5.7176;2000;2000
2026-06-08T09:38:07.0000000Z;5.7054;5.7176;8744;8744
2026-06-08T09:38:08.0000000Z;5.7056;5.7174;13116;13116
2026-06-08T09:38:09.0000000Z;5.7062;5.7172;2000;2000
2026-06-08T09:38:49.0000000Z;5.7058;5.7172;2000;2000
2026-06-08T09:38:55.0000000Z;5.7068;5.7172;2000;2000
2026-06-08T09:38:56.0000000Z;5.708;5.7172;2000;2000
2026-06-08T09:39:03.0000000Z;5.7082;5.7172;2802;2000
2026-06-08T09:39:07.0000000Z;5.7074;5.7172;2000;2000
2026-06-08T09:39:35.0000000Z;5.7074;5.7172;2803;2000
2026-06-08T09:39:36.0000000Z;5.708;5.7172;4204;2000
2026-06-08T09:39:46.0000000Z;5.7086;5.7172;2000;2000
2026-06-08T09:39:47.0000000Z;5.7086;5.7172;2802;2000
2026-06-08T09:39:51.0000000Z;5.7086;5.7172;2000;2000
2026-06-08T09:39:52.0000000Z;5.7084;5.7172;2000;2000
2026-06-08T09:39:54.0000000Z;5.7086;5.7172;2802;2000
2026-06-08T09:39:59.0000000Z;5.7086;5.7172;2802;2000
2026-06-08T09:40:04.0000000Z;5.7086;5.7172;2802;2000
2026-06-08T09:40:09.0000000Z;5.7088;5.718;2000;2000
2026-06-08T09:40:10.0000000Z;5.708;5.718;2000;2000
2026-06-08T09:40:11.0000000Z;5.7088;5.718;2000;2000
2026-06-08T09:40:15.0000000Z;5.709;5.718;2802;2000
2026-06-08T09:40:19.0000000Z;5.7088;5.718;2000;2000
2026-06-08T09:40:35.0000000Z;5.7088;5.718;2000;2000
2026-06-08T09:40:37.0000000Z;5.709;5.718;2802;2000
2026-06-08T09:40:42.0000000Z;5.7088;5.718;2000;2000
2026-06-08T09:40:45.0000000Z;5.709;5.718;2802;2000
2026-06-08T09:40:49.0000000Z;5.7088;5.718;2000;2000
2026-06-08T09:40:50.0000000Z;5.709;5.718;2802;2000
2026-06-08T09:40:54.0000000Z;5.7088;5.718;2000;2000
2026-06-08T09:40:55.0000000Z;5.7092;5.718;2000;2000
2026-06-08T09:40:57.0000000Z;5.707;5.718;2803;2000
2026-06-08T09:40:58.0000000Z;5.7086;5.718;2802;2000
2026-06-08T09:41:03.0000000Z;5.7092;5.718;2000;2000
2026-06-08T09:41:13.0000000Z;5.7074;5.718;2803;2000
2026-06-08T09:41:14.0000000Z;5.7086;5.718;2802;2000
2026-06-08T09:41:19.0000000Z;5.7086;5.718;2000;2000
2026-06-08T09:41:20.0000000Z;5.7086;5.718;2802;2000
2026-06-08T09:41:21.0000000Z;5.7088;5.718;2000;2000
2026-06-08T09:41:31.0000000Z;5.7068;5.718;2000;2000
2026-06-08T09:41:32.0000000Z;5.7086;5.718;2802;2000
2026-06-08T09:41:37.0000000Z;5.7086;5.718;2802;2000
2026-06-08T09:41:42.0000000Z;5.7086;5.718;2000;2000
2026-06-08T09:41:43.0000000Z;5.7068;5.718;2000;2000
2026-06-08T09:41:44.0000000Z;5.7086;5.718;2802;2000
2026-06-08T09:41:49.0000000Z;5.7086;5.718;2802;2000
2026-06-08T09:41:55.0000000Z;5.7068;5.718;2000;2000
2026-06-08T09:41:56.0000000Z;5.7082;5.718;2802;2000
2026-06-08T09:41:57.0000000Z;5.7086;5.718;2802;2000
2026-06-08T09:42:02.0000000Z;5.7084;5.718;2000;2000
2026-06-08T09:42:03.0000000Z;5.7086;5.718;2802;2000
2026-06-08T09:42:08.0000000Z;5.7086;5.718;2802;2000
2026-06-08T09:42:13.0000000Z;5.7084;5.718;2000;2000
2026-06-08T09:42:14.0000000Z;5.7086;5.718;2802;2000
2026-06-08T09:42:18.0000000Z;5.7068;5.718;2000;2000
2026-06-08T09:42:20.0000000Z;5.7076;5.718;2000;2000
2026-06-08T09:42:22.0000000Z;5.7086;5.718;2802;2000
2026-06-08T09:42:27.0000000Z;5.7086;5.718;2802;2000
2026-06-08T09:42:33.0000000Z;5.7092;5.718;2000;2000
2026-06-08T09:42:44.0000000Z;5.7084;5.718;2000;2000
2026-06-08T09:42:46.0000000Z;5.7092;5.718;2000;2000
2026-06-08T09:42:50.0000000Z;5.7068;5.718;2000;2000
2026-06-08T09:42:51.0000000Z;5.7084;5.718;2000;2000
2026-06-08T09:42:54.0000000Z;5.7068;5.718;2000;2000
2026-06-08T09:42:55.0000000Z;5.7074;5.718;2803;2000
2026-06-08T09:42:57.0000000Z;5.7092;5.718;2000;2000
2026-06-08T09:42:58.0000000Z;5.7094;5.718;2802;2000
2026-06-08T09:43:08.0000000Z;5.7094;5.718;2802;2000
2026-06-08T09:43:13.0000000Z;5.7094;5.718;2802;2000
2026-06-08T09:43:18.0000000Z;5.7094;5.718;2802;2000
2026-06-08T09:43:20.0000000Z;5.7098;5.718;2000;2000
2026-06-08T09:43:26.0000000Z;5.709;5.7188;2000;2000
2026-06-08T09:44:18.0000000Z;5.709;5.719;2000;16151
2026-06-08T09:44:22.0000000Z;5.709;5.7188;2000;2000
2026-06-08T09:44:22.0000000Z;5.709;5.7188;2000;2000
2026-06-08T09:44:22.0000000Z;5.709;5.7188;2000;2000
2026-06-08T09:53:24.0000000Z;5.7096;5.7186;2000;2000
2026-06-08T09:53:25.0000000Z;5.7096;5.7186;4203;2000
2026-06-08T09:53:55.0000000Z;5.7098;5.7186;2000;2000
2026-06-08T09:54:15.0000000Z;5.71;5.7186;4203;2000
2026-06-08T09:54:21.0000000Z;5.7098;5.7186;2000;2000
2026-06-08T09:55:04.0000000Z;5.71;5.7186;2802;2000
2026-06-08T09:55:09.0000000Z;5.7098;5.7186;2000;2000
2026-06-08T09:55:09.0000000Z;5.7098;5.7186;2000;2000
2026-06-08T09:58:10.0000000Z;5.7098;5.7186;2000;2000
2026-06-08T10:00:11.0000000Z;5.7094;5.7186;4203;2000
2026-06-08T10:00:21.0000000Z;5.7092;5.7186;2802;2000
2026-06-08T10:00:22.0000000Z;5.7094;5.7186;4203;2000
2026-06-08T10:00:32.0000000Z;5.7096;5.7186;2000;2000
2026-06-08T10:00:52.0000000Z;5.7096;5.7186;2802;2000
2026-06-08T10:00:57.0000000Z;5.7096;5.7186;2000;2000
2026-06-08T10:01:12.0000000Z;5.7092;5.7186;2000;2000
2026-06-08T10:02:04.0000000Z;5.708;5.7186;2803;2000
2026-06-08T10:02:08.0000000Z;5.708;5.7186;2000;2000
2026-06-08T10:02:12.0000000Z;5.708;5.7186;2803;2000
2026-06-08T10:02:16.0000000Z;5.7084;5.7186;2802;2000
2026-06-08T10:02:17.0000000Z;5.7086;5.7186;2000;2000
2026-06-08T10:02:27.0000000Z;5.7088;5.7186;2802;2000
2026-06-08T10:02:29.0000000Z;5.7086;5.7186;2000;2000
2026-06-08T10:02:34.0000000Z;5.7066;5.7186;2000;2000
2026-06-08T10:02:36.0000000Z;5.7074;5.717;2000;2000
2026-06-08T10:02:37.0000000Z;5.7086;5.717;2000;2000
2026-06-08T10:02:52.0000000Z;5.7086;5.717;4203;2000
2026-06-08T10:03:03.0000000Z;5.7086;5.717;2000;2000
2026-06-08T10:03:12.0000000Z;5.7084;5.717;2000;2000
2026-06-08T10:03:26.0000000Z;5.7086;5.717;4203;2000
2026-06-08T10:03:35.0000000Z;5.7088;5.7186;2000;13116
2026-06-08T10:03:36.0000000Z;5.708;5.7186;7007;13116
2026-06-08T10:04:28.0000000Z;5.708;5.7178;7007;4552
2026-06-08T10:04:37.0000000Z;5.7088;5.7176;4203;2000
2026-06-08T10:04:55.0000000Z;5.709;5.7176;2802;2000
2026-06-08T10:05:01.0000000Z;5.7088;5.7176;4203;2000
2026-06-08T10:05:05.0000000Z;5.709;5.7176;2802;2000
2026-06-08T10:05:08.0000000Z;5.7092;5.7176;2000;2000
2026-06-08T10:05:12.0000000Z;5.7094;5.7176;2802;2000
2026-06-08T10:05:17.0000000Z;5.7094;5.7176;2802;2000
2026-06-08T10:05:20.0000000Z;5.7096;5.7186;2000;13116
2026-06-08T10:05:33.0000000Z;5.7096;5.7186;4203;13116
2026-06-08T10:05:34.0000000Z;5.7098;5.7186;2802;13116
2026-06-08T10:05:38.0000000Z;5.7096;5.7186;2000;13116
2026-06-08T10:05:38.0000000Z;5.7096;5.7186;2000;13116
2026-06-08T10:06:21.0000000Z;5.7088;5.7186;2000;13116
2026-06-08T10:06:22.0000000Z;5.709;5.7186;4203;13116
2026-06-08T10:06:52.0000000Z;5.7092;5.7186;2000;13116
2026-06-08T10:07:46.0000000Z;5.7092;5.7186;2000;2000
2026-06-08T10:07:51.0000000Z;5.7094;5.7186;4203;2000
2026-06-08T10:08:02.0000000Z;5.7092;5.7186;2000;2000
2026-06-08T10:08:16.0000000Z;5.709;5.719;2000;2000
2026-06-08T10:08:34.0000000Z;5.7092;5.719;7005;2000
2026-06-08T10:09:04.0000000Z;5.7092;5.7192;7005;2000
2026-06-08T10:10:03.0000000Z;5.7092;5.7192;4203;2000
2026-06-08T10:10:03.0000000Z;5.7092;5.7192;4203;2000
2026-06-08T10:10:03.0000000Z;5.7092;5.7192;4203;2000
2026-06-08T10:16:38.0000000Z;5.7092;5.7192;2000;2000
2026-06-08T10:16:39.0000000Z;5.7086;5.7192;2000;2000
2026-06-08T10:16:40.0000000Z;5.7088;5.7192;7005;2000
2026-06-08T10:16:42.0000000Z;5.7088;5.719;7005;7587
2026-06-08T10:16:56.0000000Z;5.709;5.7186;2000;13116
2026-06-08T10:16:57.0000000Z;5.7092;5.7186;2000;13116
2026-06-08T10:17:04.0000000Z;5.7088;5.7186;7005;13116
2026-06-08T10:17:05.0000000Z;5.7086;5.7186;2802;13116
2026-06-08T10:17:08.0000000Z;5.7088;5.7178;2000;2000
2026-06-08T10:17:09.0000000Z;5.7088;5.7178;2000;4552
2026-06-08T10:17:18.0000000Z;5.7088;5.7178;2000;4552
2026-06-08T10:17:28.0000000Z;5.7088;5.7178;2000;4552
2026-06-08T10:17:37.0000000Z;5.708;5.7176;7007;2000
2026-06-08T10:18:30.0000000Z;5.7088;5.7176;2000;2000
2026-06-08T10:19:55.0000000Z;5.708;5.7176;4204;2000
2026-06-08T10:19:56.0000000Z;5.7088;5.7176;2000;2000
2026-06-08T10:20:56.0000000Z;5.7088;5.7176;4203;2000
2026-06-08T10:21:01.0000000Z;5.7088;5.7176;2000;2000
2026-06-08T10:21:16.0000000Z;5.7086;5.7176;2802;2000
2026-06-08T10:21:17.0000000Z;5.709;5.7176;2000;2000
2026-06-08T10:21:51.0000000Z;5.7088;5.7176;2000;2000
2026-06-08T10:22:12.0000000Z;5.7088;5.7176;2000;2000
2026-06-08T10:23:06.0000000Z;5.7082;5.7176;2802;2000
2026-06-08T10:23:11.0000000Z;5.7082;5.7176;2802;2000
2026-06-08T10:23:16.0000000Z;5.708;5.7176;2000;2000
2026-06-08T10:23:17.0000000Z;5.7082;5.7176;2802;2000
2026-06-08T10:23:21.0000000Z;5.708;5.7176;2000;2000
2026-06-08T10:23:22.0000000Z;5.7082;5.7176;2802;2000
2026-06-08T10:23:27.0000000Z;5.7082;5.7176;2802;2000
2026-06-08T10:23:36.0000000Z;5.7084;5.7176;2000;2000
2026-06-08T10:23:38.0000000Z;5.7086;5.7176;2802;2000
2026-06-08T10:23:43.0000000Z;5.7084;5.7176;2000;2000
2026-06-08T10:23:44.0000000Z;5.7086;5.7176;2802;2000
2026-06-08T10:23:49.0000000Z;5.7086;5.7176;2802;2000
2026-06-08T10:23:54.0000000Z;5.7086;5.7176;2802;2000
2026-06-08T10:23:59.0000000Z;5.7086;5.7176;2802;2000
2026-06-08T10:24:04.0000000Z;5.7086;5.7176;2802;2000
2026-06-08T10:24:07.0000000Z;5.7088;5.7176;2000;2000
2026-06-08T10:24:31.0000000Z;5.7086;5.7176;2802;2000
2026-06-08T10:24:36.0000000Z;5.7086;5.7176;2802;2000
2026-06-08T10:24:41.0000000Z;5.7086;5.7176;2802;2000
2026-06-08T10:24:46.0000000Z;5.7086;5.7176;2000;2000
2026-06-08T10:24:52.0000000Z;5.7086;5.7176;2802;2000
2026-06-08T10:24:57.0000000Z;5.7086;5.7176;2802;2000
2026-06-08T10:25:01.0000000Z;5.7088;5.7176;2000;2000
2026-06-08T10:25:13.0000000Z;5.7078;5.7176;2000;2000
2026-06-08T10:25:14.0000000Z;5.7088;5.7176;2000;2000
2026-06-08T10:25:21.0000000Z;5.7084;5.7176;2000;2000
2026-06-08T10:25:23.0000000Z;5.7086;5.7176;2802;2000
2026-06-08T10:25:25.0000000Z;5.7086;5.7176;2802;2000
2026-06-08T10:25:26.0000000Z;5.709;5.7176;2000;2000
2026-06-08T10:25:31.0000000Z;5.707;5.7176;2000;2000
2026-06-08T10:25:32.0000000Z;5.708;5.7176;2000;2000
2026-06-08T10:25:33.0000000Z;5.709;5.7176;2802;2000
2026-06-08T10:25:35.0000000Z;5.7088;5.7176;4203;2000
2026-06-08T10:25:43.0000000Z;5.7088;5.7176;4203;2000
2026-06-08T10:25:55.0000000Z;5.709;5.7176;2802;2000
2026-06-08T10:25:58.0000000Z;5.7088;5.7176;2000;2000
2026-06-08T10:26:03.0000000Z;5.7086;5.7178;2000;2000
2026-06-08T10:26:15.0000000Z;5.7086;5.7186;2000;13116
2026-06-08T10:26:16.0000000Z;5.7092;5.7186;2000;13116
2026-06-08T10:26:21.0000000Z;5.709;5.7186;2802;13116
2026-06-08T10:26:26.0000000Z;5.709;5.7186;2802;13116
2026-06-08T10:26:31.0000000Z;5.709;5.7186;2802;13116
2026-06-08T10:26:36.0000000Z;5.709;5.7186;2000;13116
2026-06-08T10:26:37.0000000Z;5.709;5.7186;2802;13116
2026-06-08T10:26:42.0000000Z;5.709;5.7186;2802;13116
2026-06-08T10:26:47.0000000Z;5.709;5.7186;2802;13116
2026-06-08T10:26:51.0000000Z;5.7092;5.7186;2000;13116
2026-06-08T10:26:52.0000000Z;5.7092;5.7186;2000;13116
2026-06-08T10:27:47.0000000Z;5.7094;5.7186;2802;13116
2026-06-08T10:27:52.0000000Z;5.7094;5.7186;2802;13116
2026-06-08T10:27:57.0000000Z;5.7092;5.7186;2000;13116
2026-06-08T10:28:00.0000000Z;5.7094;5.7186;2802;13116
2026-06-08T10:28:01.0000000Z;5.7096;5.7186;2000;13116
2026-06-08T10:28:15.0000000Z;5.709;5.7186;2000;13116
2026-06-08T10:29:36.0000000Z;5.709;5.7186;2000;2000
2026-06-08T10:29:37.0000000Z;5.709;5.7188;2000;4552
2026-06-08T10:30:07.0000000Z;5.709;5.7186;2000;2000
2026-06-08T10:31:22.0000000Z;5.7092;5.7186;2802;2000
2026-06-08T10:31:25.0000000Z;5.709;5.7186;2000;2000
2026-06-08T10:31:32.0000000Z;5.7092;5.7186;2802;2000
2026-06-08T10:31:37.0000000Z;5.7092;5.7186;2802;2000
2026-06-08T10:31:42.0000000Z;5.709;5.7186;2000;2000
2026-06-08T10:31:45.0000000Z;5.7092;5.7186;2802;2000
2026-06-08T10:31:50.0000000Z;5.709;5.7186;2000;2000
2026-06-08T10:31:51.0000000Z;5.7092;5.7186;2802;2000
2026-06-08T10:32:01.0000000Z;5.7092;5.7186;2802;2000
2026-06-08T10:32:06.0000000Z;5.7092;5.7186;2802;2000
2026-06-08T10:32:11.0000000Z;5.7092;5.7186;2802;2000
2026-06-08T10:32:16.0000000Z;5.7092;5.7186;2000;2000
2026-06-08T10:32:17.0000000Z;5.7092;5.7186;2802;2000
2026-06-08T10:32:27.0000000Z;5.7092;5.7186;2802;2000
2026-06-08T10:32:32.0000000Z;5.7092;5.7186;2000;2000
2026-06-08T10:33:12.0000000Z;5.7092;5.7186;2802;2000
2026-06-08T10:33:22.0000000Z;5.7092;5.7186;2802;2000
2026-06-08T10:33:27.0000000Z;5.7092;5.7186;2802;2000
2026-06-08T10:33:32.0000000Z;5.7094;5.7186;4203;2000
2026-06-08T10:34:01.0000000Z;5.7096;5.7186;2000;2000
2026-06-08T10:34:20.0000000Z;5.708;5.7196;8408;2000
2026-06-08T10:34:22.0000000Z;5.708;5.7196;4204;2000
2026-06-08T10:34:27.0000000Z;5.7078;5.7196;26232;2000
2026-06-08T10:34:30.0000000Z;5.7078;5.727;26232;30318
2026-06-08T10:34:32.0000000Z;5.6926;5.727;1757;30318
2026-06-08T10:34:36.0000000Z;5.6928;5.727;2810;30318
2026-06-08T10:34:39.0000000Z;5.695;5.727;1757;30318
2026-06-08T10:34:43.0000000Z;5.6952;5.7268;2809;1747
2026-06-08T10:34:44.0000000Z;5.6954;5.7414;1756;1742
2026-06-08T10:34:46.0000000Z;5.6956;5.7562;2809;30318
2026-06-08T10:34:47.0000000Z;5.6968;5.7562;1756;30318
2026-06-08T10:34:48.0000000Z;5.6984;5.7562;2807;30318
2026-06-08T10:34:49.0000000Z;5.7;5.7562;1755;30318
2026-06-08T10:34:50.0000000Z;5.7038;5.7558;1754;1738
2026-06-08T10:34:51.0000000Z;5.7064;5.755;3035;1738
2026-06-08T10:34:54.0000000Z;5.7066;5.7546;9104;7587
2026-06-08T10:34:55.0000000Z;5.7068;5.7542;1753;1738
2026-06-08T10:34:56.0000000Z;5.7078;5.7534;4552;4552
2026-06-08T10:34:57.0000000Z;5.708;5.7532;1753;1738
2026-06-08T10:34:58.0000000Z;5.7106;5.7512;1752;3035
2026-06-08T10:35:01.0000000Z;5.7106;5.75;1752;3035
2026-06-08T10:35:05.0000000Z;5.7106;5.7492;1752;1740
2026-06-08T10:35:07.0000000Z;5.7106;5.7484;1752;33388
2026-06-08T10:35:09.0000000Z;5.7106;5.7478;1752;4552
2026-06-08T10:35:10.0000000Z;5.7092;5.7476;1752;1740
2026-06-08T10:35:11.0000000Z;5.7092;5.7476;2802;3035
2026-06-08T10:35:15.0000000Z;5.7098;5.747;4203;4552
2026-06-08T10:35:17.0000000Z;5.71;5.7464;1752;3035
2026-06-08T10:35:20.0000000Z;5.71;5.7452;1752;3035
2026-06-08T10:35:21.0000000Z;5.71;5.7444;1752;3035
2026-06-08T10:35:23.0000000Z;5.71;5.7436;1752;1742
2026-06-08T10:35:24.0000000Z;5.71;5.7436;1752;3035
2026-06-08T10:35:26.0000000Z;5.71;5.743;1752;1742
2026-06-08T10:35:28.0000000Z;5.7088;5.7428;1752;3035
2026-06-08T10:35:30.0000000Z;5.709;5.7426;4552;4552
2026-06-08T10:35:31.0000000Z;5.7094;5.741;4552;53117
2026-06-08T10:35:32.0000000Z;5.7096;5.741;1752;53117
2026-06-08T10:35:33.0000000Z;5.7096;5.74;1752;33388
2026-06-08T10:35:35.0000000Z;5.7094;5.7392;4552;1743
2026-06-08T10:35:36.0000000Z;5.7;5.7392;1763;3035
2026-06-08T10:35:37.0000000Z;5.68;5.7384;1761;1743
2026-06-08T10:35:38.0000000Z;5.6812;5.7384;33388;3035
2026-06-08T10:35:39.0000000Z;5.6846;5.7382;2814;1743
2026-06-08T10:35:40.0000000Z;5.6892;5.7376;2812;3035
2026-06-08T10:35:41.0000000Z;5.6938;5.7372;2810;3035
2026-06-08T10:35:42.0000000Z;5.6952;5.737;3035;1744
2026-06-08T10:35:43.0000000Z;5.6954;5.737;1756;1744
2026-06-08T10:35:44.0000000Z;5.7008;5.7364;2806;3035
2026-06-08T10:35:45.0000000Z;5.7026;5.7362;3035;1744
2026-06-08T10:35:48.0000000Z;5.7058;5.7356;2804;3035
2026-06-08T10:35:49.0000000Z;5.709;5.734;4203;3035
2026-06-08T10:35:52.0000000Z;5.709;5.7336;4203;3035
2026-06-08T10:35:53.0000000Z;5.7092;5.7336;2000;3035
2026-06-08T10:35:57.0000000Z;5.7094;5.7324;4203;3035
2026-06-08T10:36:00.0000000Z;5.7096;5.7308;2000;3035
2026-06-08T10:36:01.0000000Z;5.7096;5.7306;2000;4552
2026-06-08T10:36:02.0000000Z;5.7096;5.7298;2000;2000
2026-06-08T10:36:04.0000000Z;5.7096;5.7288;2000;3035
2026-06-08T10:36:07.0000000Z;5.7096;5.728;2000;3035
2026-06-08T10:36:12.0000000Z;5.7096;5.7272;2000;3035
2026-06-08T10:36:14.0000000Z;5.7096;5.7266;2000;2000
2026-06-08T10:36:16.0000000Z;5.7096;5.726;2000;3035
2026-06-08T10:36:17.0000000Z;5.7096;5.725;2000;2000
2026-06-08T10:36:18.0000000Z;5.7096;5.7248;2000;3035
2026-06-08T10:36:19.0000000Z;5.7096;5.7244;2000;3035
2026-06-08T10:36:20.0000000Z;5.7096;5.7224;2000;3035
2026-06-08T10:36:23.0000000Z;5.7096;5.722;2000;3035
2026-06-08T10:36:24.0000000Z;5.7096;5.7218;2000;2000
2026-06-08T10:36:25.0000000Z;5.7096;5.7218;2000;4552
2026-06-08T10:36:30.0000000Z;5.7096;5.7218;2802;35052
2026-06-08T10:36:31.0000000Z;5.71;5.7218;2802;35052
2026-06-08T10:36:32.0000000Z;5.7102;5.7218;2000;35052
2026-06-08T10:36:33.0000000Z;5.7102;5.7218;4203;35052
2026-06-08T10:36:38.0000000Z;5.7104;5.7218;2801;35052
2026-06-08T10:36:40.0000000Z;5.711;5.7218;4201;35052
2026-06-08T10:36:50.0000000Z;5.7114;5.7218;4201;35052
2026-06-08T10:37:20.0000000Z;5.7116;5.7218;2000;35052
2026-06-08T10:37:22.0000000Z;5.7116;5.7216;2000;2000
2026-06-08T10:38:02.0000000Z;5.7092;5.722;2802;48785
2026-06-08T10:38:03.0000000Z;5.7104;5.722;2801;48785
2026-06-08T10:38:04.0000000Z;5.7114;5.722;4201;48785
2026-06-08T10:38:20.0000000Z;5.7086;5.722;2000;48785
2026-06-08T10:38:21.0000000Z;5.7088;5.722;2802;48785
2026-06-08T10:38:22.0000000Z;5.7096;5.722;2802;48785
2026-06-08T10:38:23.0000000Z;5.7098;5.722;2000;48785
2026-06-08T10:38:24.0000000Z;5.7106;5.722;2000;48785
2026-06-08T10:38:25.0000000Z;5.7114;5.722;4201;48785
2026-06-08T10:38:26.0000000Z;5.709;5.722;2000;48785
2026-06-08T10:38:27.0000000Z;5.7092;5.722;2802;48785
2026-06-08T10:38:28.0000000Z;5.7102;5.722;2000;48785
2026-06-08T10:38:29.0000000Z;5.7114;5.722;2000;48785
2026-06-08T10:38:30.0000000Z;5.7114;5.722;4201;48785
2026-06-08T10:39:01.0000000Z;5.7116;5.722;2000;48785
2026-06-08T10:40:03.0000000Z;5.709;5.722;2000;48785
2026-06-08T10:40:04.0000000Z;5.7102;5.722;7005;48785
2026-06-08T10:40:34.0000000Z;5.7104;5.722;2000;48785
2026-06-08T10:40:34.0000000Z;5.7104;5.722;2000;48785
2026-06-08T10:43:27.0000000Z;5.7084;5.722;2000;48785
2026-06-08T10:43:28.0000000Z;5.71;5.722;7005;48785
2026-06-08T10:43:32.0000000Z;5.7106;5.722;2000;48785
2026-06-08T10:43:37.0000000Z;5.7086;5.722;2802;48785
2026-06-08T10:43:38.0000000Z;5.7104;5.722;4203;48785
2026-06-08T10:43:39.0000000Z;5.7106;5.722;2000;48785
2026-06-08T10:44:53.0000000Z;5.7106;5.7212;2000;2000
2026-06-08T10:44:54.0000000Z;5.7106;5.7208;2000;4552
2026-06-08T10:44:55.0000000Z;5.7106;5.7208;4201;4552
2026-06-08T10:44:56.0000000Z;5.7114;5.7208;2000;4552
2026-06-08T10:45:01.0000000Z;5.7106;5.7208;2000;4552
2026-06-08T10:45:05.0000000Z;5.7104;5.7216;2000;2000
2026-06-08T10:45:35.0000000Z;5.7104;5.722;2000;48785
2026-06-08T10:45:55.0000000Z;5.7086;5.722;2802;48785
2026-06-08T10:45:56.0000000Z;5.7106;5.722;2000;48785
2026-06-08T10:46:01.0000000Z;5.7108;5.7208;4201;4552
2026-06-08T10:46:06.0000000Z;5.7114;5.7208;2000;4552
2026-06-08T10:46:11.0000000Z;5.7114;5.7208;2000;2000
2026-06-08T10:46:12.0000000Z;5.7084;5.7208;5837;4552
2026-06-08T10:46:13.0000000Z;5.711;5.7208;2000;4552
2026-06-08T10:46:14.0000000Z;5.711;5.7208;4201;4552
2026-06-08T10:46:22.0000000Z;5.7104;5.7208;2801;4552
2026-06-08T10:46:24.0000000Z;5.7106;5.7208;4201;4552
2026-06-08T10:46:27.0000000Z;5.711;5.7208;2000;4552
2026-06-08T10:46:30.0000000Z;5.7104;5.7208;2000;4552
2026-06-08T10:46:32.0000000Z;5.7104;5.7208;2000;2000
2026-06-08T10:46:33.0000000Z;5.711;5.7208;2000;4552
2026-06-08T10:46:38.0000000Z;5.7098;5.7208;2000;4552
2026-06-08T10:46:39.0000000Z;5.71;5.7208;2802;4552
2026-06-08T10:46:40.0000000Z;5.7104;5.7208;2000;4552
2026-06-08T10:46:43.0000000Z;5.7106;5.7208;4201;2000
2026-06-08T10:46:44.0000000Z;5.711;5.7208;2000;4552
2026-06-08T10:46:49.0000000Z;5.7098;5.7208;2000;4552
2026-06-08T10:46:50.0000000Z;5.7104;5.7208;2000;4552
2026-06-08T10:46:54.0000000Z;5.7104;5.7208;2801;4552
2026-06-08T10:46:56.0000000Z;5.711;5.7208;2000;4552
2026-06-08T10:47:05.0000000Z;5.7108;5.7208;2801;4552
2026-06-08T10:47:09.0000000Z;5.7108;5.7208;2000;4552
2026-06-08T10:47:10.0000000Z;5.7094;5.7208;7005;4552
2026-06-08T10:47:11.0000000Z;5.7096;5.7208;2000;4552
2026-06-08T10:47:16.0000000Z;5.7096;5.7212;2000;4552
2026-06-08T10:47:17.0000000Z;5.7096;5.7208;2000;4552
2026-06-08T10:47:20.0000000Z;5.709;5.7208;2000;4552
2026-06-08T10:47:21.0000000Z;5.7096;5.7208;2000;4552
2026-06-08T10:47:26.0000000Z;5.7096;5.7208;2000;4552
2026-06-08T10:49:07.0000000Z;5.71;5.7216;2000;2000
2026-06-08T10:49:08.0000000Z;5.7106;5.7208;4201;4552
2026-06-08T10:49:18.0000000Z;5.7088;5.7208;2802;4552
2026-06-08T10:49:19.0000000Z;5.7106;5.7208;4201;4552
2026-06-08T10:49:29.0000000Z;5.7102;5.7208;2000;4552
2026-06-08T10:49:30.0000000Z;5.7108;5.7208;2000;4552
2026-06-08T10:49:32.0000000Z;5.7108;5.72;2000;7587
2026-06-08T10:49:41.0000000Z;5.7102;5.7198;2000;2000
2026-06-08T10:49:42.0000000Z;5.7102;5.7198;4203;2000
2026-06-08T10:49:52.0000000Z;5.7102;5.7198;2000;2000
2026-06-08T10:49:53.0000000Z;5.7102;5.7198;4203;2000
2026-06-08T10:50:03.0000000Z;5.7102;5.7198;2000;2000
2026-06-08T10:50:04.0000000Z;5.7102;5.7198;4203;2000
2026-06-08T10:50:14.0000000Z;5.7102;5.7198;2000;2000
2026-06-08T10:50:16.0000000Z;5.7102;5.7198;4203;2000
2026-06-08T10:50:26.0000000Z;5.71;5.7198;2802;2000
2026-06-08T10:50:28.0000000Z;5.7104;5.7198;2000;2000
2026-06-08T10:50:38.0000000Z;5.7102;5.7198;4203;2000
2026-06-08T10:50:48.0000000Z;5.71;5.7198;2802;2000
2026-06-08T10:50:49.0000000Z;5.7102;5.7198;4203;2000
2026-06-08T10:50:59.0000000Z;5.7102;5.7198;2000;2000
2026-06-08T10:51:01.0000000Z;5.7076;5.7198;2000;2000
2026-06-08T10:51:02.0000000Z;5.7092;5.7198;2802;2000
2026-06-08T10:51:03.0000000Z;5.7092;5.7198;2802;2000
2026-06-08T10:51:04.0000000Z;5.7092;5.7198;2000;2000
2026-06-08T10:51:05.0000000Z;5.71;5.7198;2802;2000
2026-06-08T10:51:07.0000000Z;5.7102;5.7198;4203;2000
2026-06-08T10:51:10.0000000Z;5.708;5.7198;2803;2000
2026-06-08T10:51:11.0000000Z;5.7086;5.7198;2000;2000
2026-06-08T10:51:12.0000000Z;5.7096;5.7198;2000;2000
2026-06-08T10:51:13.0000000Z;5.7102;5.7198;2000;2000
2026-06-08T10:51:18.0000000Z;5.7102;5.7198;4203;2000
2026-06-08T10:51:28.0000000Z;5.7092;5.7198;2000;2000
2026-06-08T10:51:29.0000000Z;5.7098;5.7198;2000;2000
2026-06-08T10:51:30.0000000Z;5.7104;5.7198;2000;2000
2026-06-08T10:51:31.0000000Z;5.7098;5.7198;2000;2000
2026-06-08T10:51:32.0000000Z;5.71;5.7198;2802;2000
2026-06-08T10:51:37.0000000Z;5.71;5.7198;2802;2000
2026-06-08T10:51:42.0000000Z;5.71;5.7198;2802;2000
2026-06-08T10:51:48.0000000Z;5.7084;5.7198;2000;2000
2026-06-08T10:51:49.0000000Z;5.71;5.7198;2802;2000
2026-06-08T10:51:54.0000000Z;5.7098;5.7198;2000;2000
2026-06-08T10:51:55.0000000Z;5.71;5.7198;2802;2000
2026-06-08T10:51:57.0000000Z;5.7104;5.7198;2000;2000
2026-06-08T10:52:07.0000000Z;5.7102;5.7198;4203;2000
2026-06-08T10:52:17.0000000Z;5.7102;5.7198;2000;2000
2026-06-08T10:52:18.0000000Z;5.7102;5.7198;4203;2000
2026-06-08T10:52:28.0000000Z;5.7098;5.7198;2000;2000
2026-06-08T10:52:29.0000000Z;5.7104;5.7198;2000;2000
2026-06-08T10:52:39.0000000Z;5.7086;5.7198;2000;2000
2026-06-08T10:52:40.0000000Z;5.7102;5.7198;4203;2000
2026-06-08T10:52:50.0000000Z;5.7096;5.7198;2000;2000
2026-06-08T10:54:21.0000000Z;5.7104;5.7198;2000;2000
2026-06-08T10:54:23.0000000Z;5.7104;5.7198;2801;2000
2026-06-08T10:54:24.0000000Z;5.7104;5.7198;2000;2000
2026-06-08T10:56:03.0000000Z;5.7104;5.7198;2000;2000
2026-06-08T10:56:14.0000000Z;5.71;5.7198;4203;2000
2026-06-08T10:56:24.0000000Z;5.71;5.7198;2000;2000
2026-06-08T10:56:25.0000000Z;5.7102;5.7198;2802;2000
2026-06-08T10:56:30.0000000Z;5.7102;5.7198;2802;2000
2026-06-08T10:56:37.0000000Z;5.71;5.7198;2000;2000
2026-06-08T10:56:57.0000000Z;5.7098;5.7198;2802;2000
2026-06-08T10:57:02.0000000Z;5.7098;5.7198;2000;2000
2026-06-08T10:57:03.0000000Z;5.7098;5.7198;2802;2000
2026-06-08T10:57:07.0000000Z;5.7098;5.7198;2000;2000
2026-06-08T10:57:08.0000000Z;5.7098;5.7198;2802;2000
2026-06-08T10:57:13.0000000Z;5.7098;5.7198;2802;2000
2026-06-08T10:57:18.0000000Z;5.7098;5.7198;2000;2000
2026-06-08T10:57:27.0000000Z;5.71;5.7198;2000;2000
2026-06-08T10:58:05.0000000Z;5.707;5.7198;2000;2000
2026-06-08T10:58:06.0000000Z;5.7076;5.7198;2803;2000
2026-06-08T10:58:07.0000000Z;5.7096;5.7198;2000;2000
2026-06-08T10:59:36.0000000Z;5.7074;5.721;2803;2000
2026-06-08T10:59:37.0000000Z;5.7074;5.721;5838;2000
2026-06-08T10:59:38.0000000Z;5.7074;5.721;2000;2000
2026-06-08T10:59:41.0000000Z;5.7044;5.7214;2000;30500
2026-06-08T11:00:50.0000000Z;5.7046;5.7212;2804;45750
2026-06-08T11:00:51.0000000Z;5.7054;5.7212;2000;45750
2026-06-08T11:00:52.0000000Z;5.7054;5.7212;2804;45750
2026-06-08T11:00:55.0000000Z;5.7066;5.7212;2803;45750
2026-06-08T11:00:56.0000000Z;5.7078;5.7202;2803;3035
2026-06-08T11:00:57.0000000Z;5.7092;5.719;2000;3035
2026-06-08T11:00:58.0000000Z;5.7092;5.7178;2000;2000
2026-06-08T11:01:07.0000000Z;5.7066;5.7188;2000;2000
2026-06-08T11:01:10.0000000Z;5.7074;5.7186;2000;3035
2026-06-08T11:01:13.0000000Z;5.7078;5.718;2000;2000
2026-06-08T11:01:15.0000000Z;5.7088;5.718;2802;7587
2026-06-08T11:01:20.0000000Z;5.709;5.718;2802;7587
2026-06-08T11:01:25.0000000Z;5.7088;5.718;2000;7587
2026-06-08T11:01:29.0000000Z;5.709;5.718;2802;7587
2026-06-08T11:01:34.0000000Z;5.708;5.7178;2000;2000
2026-06-08T11:01:35.0000000Z;5.7092;5.7178;2000;2000
2026-06-08T11:03:24.0000000Z;5.7096;5.7188;2000;4552
2026-06-08T11:03:36.0000000Z;5.7096;5.72;2000;2000
2026-06-08T11:03:37.0000000Z;5.7096;5.72;2000;7587
2026-06-08T11:04:07.0000000Z;5.7096;5.7198;2000;2000
2026-06-08T11:04:10.0000000Z;5.7074;5.7198;2000;2000
2026-06-08T11:04:12.0000000Z;5.7088;5.719;2802;3035
2026-06-08T11:04:13.0000000Z;5.7092;5.7186;2802;2000
2026-06-08T11:04:17.0000000Z;5.7092;5.7186;2000;2000
2026-06-08T11:04:18.0000000Z;5.7076;5.7186;2803;2000
2026-06-08T11:04:19.0000000Z;5.709;5.7186;2000;2000
2026-06-08T11:04:24.0000000Z;5.7074;5.7186;2000;2000
2026-06-08T11:04:25.0000000Z;5.709;5.7186;2000;2000
2026-06-08T11:04:30.0000000Z;5.7086;5.7186;2000;2000
2026-06-08T11:04:31.0000000Z;5.7088;5.7186;2802;2000
2026-06-08T11:04:35.0000000Z;5.708;5.7186;2000;2000
2026-06-08T11:04:36.0000000Z;5.7088;5.7186;2802;2000
2026-06-08T11:04:41.0000000Z;5.708;5.7186;2000;2000
2026-06-08T11:04:42.0000000Z;5.7088;5.7186;2802;2000
2026-06-08T11:04:47.0000000Z;5.708;5.7186;2000;2000
2026-06-08T11:04:49.0000000Z;5.7086;5.7186;2000;2000
2026-06-08T11:04:50.0000000Z;5.7092;5.7186;2802;2000
2026-06-08T11:04:54.0000000Z;5.7092;5.7186;2000;2000
2026-06-08T11:04:55.0000000Z;5.7074;5.7186;2000;2000
2026-06-08T11:04:56.0000000Z;5.7092;5.7186;2802;2000
2026-06-08T11:05:01.0000000Z;5.7092;5.7186;2000;2000
2026-06-08T11:05:02.0000000Z;5.7074;5.7186;2000;2000
2026-06-08T11:05:03.0000000Z;5.7092;5.7186;2802;2000
2026-06-08T11:05:08.0000000Z;5.7092;5.7186;2000;2000
2026-06-08T11:05:09.0000000Z;5.7092;5.719;2802;2000
2026-06-08T11:05:10.0000000Z;5.7098;5.719;2000;2000
2026-06-08T11:05:15.0000000Z;5.7092;5.719;2000;2000
2026-06-08T11:05:16.0000000Z;5.7066;5.7204;2000;2000
2026-06-08T11:05:17.0000000Z;5.7072;5.72;2803;4552
2026-06-08T11:05:18.0000000Z;5.7098;5.7198;2000;2000
2026-06-08T11:05:25.0000000Z;5.7092;5.7186;2802;2000
2026-06-08T11:05:35.0000000Z;5.7092;5.7202;2802;3035
2026-06-08T11:05:36.0000000Z;5.7092;5.7188;2802;4552
2026-06-08T11:05:37.0000000Z;5.7092;5.7186;2802;2000
2026-06-08T11:05:38.0000000Z;5.7098;5.7186;2000;2000
2026-06-08T11:05:38.0000000Z;5.7098;5.7186;2000;2000
2026-06-08T11:06:08.0000000Z;5.7086;5.7186;2802;2000
2026-06-08T11:06:09.0000000Z;5.7092;5.7186;2000;2000
2026-06-08T11:07:02.0000000Z;5.709;5.7186;2000;2000
2026-06-08T11:07:07.0000000Z;5.708;5.7186;2803;2000
2026-06-08T11:07:08.0000000Z;5.709;5.7186;2000;2000
2026-06-08T11:07:13.0000000Z;5.708;5.7186;2803;2000
2026-06-08T11:07:14.0000000Z;5.7084;5.7186;2802;2000
2026-06-08T11:07:15.0000000Z;5.709;5.7186;2000;2000
2026-06-08T11:07:20.0000000Z;5.707;5.7186;2000;2000
2026-06-08T11:07:22.0000000Z;5.7088;5.7186;2802;2000
2026-06-08T11:07:27.0000000Z;5.707;5.7186;2000;2000
2026-06-08T11:07:28.0000000Z;5.7088;5.7186;2802;2000
2026-06-08T11:07:33.0000000Z;5.707;5.7186;2000;2000
2026-06-08T11:07:34.0000000Z;5.7072;5.7186;2803;2000
2026-06-08T11:07:35.0000000Z;5.7088;5.7186;2802;2000
2026-06-08T11:07:40.0000000Z;5.709;5.7186;4203;2000
2026-06-08T11:07:41.0000000Z;5.707;5.7186;2803;2000
2026-06-08T11:07:44.0000000Z;5.708;5.7186;2000;2000
2026-06-08T11:07:45.0000000Z;5.7092;5.7186;2000;2000
2026-06-08T11:08:05.0000000Z;5.7088;5.7186;2802;2000
2026-06-08T11:08:10.0000000Z;5.7086;5.7186;2000;2000
2026-06-08T11:08:11.0000000Z;5.7088;5.7186;2802;2000
2026-06-08T11:08:15.0000000Z;5.7086;5.7186;2000;2000
2026-06-08T11:08:16.0000000Z;5.7088;5.7186;2802;2000
2026-06-08T11:08:21.0000000Z;5.7088;5.7186;2802;2000
2026-06-08T11:08:26.0000000Z;5.7088;5.7186;2802;2000
2026-06-08T11:08:29.0000000Z;5.7092;5.7186;2802;2000
2026-06-08T11:08:34.0000000Z;5.7092;5.7186;2802;2000
2026-06-08T11:08:39.0000000Z;5.7092;5.7186;2802;2000
2026-06-08T11:08:44.0000000Z;5.7092;5.7186;2000;2000
2026-06-08T11:08:45.0000000Z;5.7092;5.7186;2802;2000
2026-06-08T11:08:49.0000000Z;5.7092;5.7186;2000;2000
2026-06-08T11:08:50.0000000Z;5.7092;5.7186;2802;2000
2026-06-08T11:08:55.0000000Z;5.7092;5.7186;2802;2000
2026-06-08T11:09:00.0000000Z;5.7092;5.7186;2802;2000
2026-06-08T11:09:05.0000000Z;5.709;5.7186;2000;2000
2026-06-08T11:09:09.0000000Z;5.7092;5.7186;2802;2000
2026-06-08T11:09:14.0000000Z;5.709;5.7186;2000;2000
2026-06-08T11:09:20.0000000Z;5.7092;5.7186;2802;2000
2026-06-08T11:09:25.0000000Z;5.709;5.7186;2000;2000
2026-06-08T11:09:30.0000000Z;5.7088;5.7188;2802;13296
2026-06-08T11:09:31.0000000Z;5.7088;5.7188;2802;13296
2026-06-08T11:09:33.0000000Z;5.7092;5.7188;2802;13296
2026-06-08T11:09:38.0000000Z;5.7092;5.7188;2802;13296
2026-06-08T11:09:43.0000000Z;5.7092;5.7188;2802;13296
2026-06-08T11:09:48.0000000Z;5.7092;5.7188;2802;13296
2026-06-08T11:09:54.0000000Z;5.7092;5.7188;2802;13296
2026-06-08T11:09:58.0000000Z;5.7094;5.7188;4203;13296
2026-06-08T11:10:01.0000000Z;5.7096;5.7188;2802;13296
2026-06-08T11:10:03.0000000Z;5.7092;5.7188;2802;13296
2026-06-08T11:10:04.0000000Z;5.7096;5.7188;2802;13296
2026-06-08T11:10:09.0000000Z;5.7092;5.7188;2802;13296
2026-06-08T11:10:10.0000000Z;5.7096;5.7188;2802;13296
2026-06-08T11:10:15.0000000Z;5.7092;5.7188;2802;13296
2026-06-08T11:10:17.0000000Z;5.7096;5.7188;2802;13296
2026-06-08T11:10:22.0000000Z;5.7096;5.7188;2802;13296
2026-06-08T11:10:28.0000000Z;5.7092;5.7188;2802;13296
2026-06-08T11:10:30.0000000Z;5.7096;5.7188;2802;13296
2026-06-08T11:10:35.0000000Z;5.7092;5.7188;2802;13296
2026-06-08T11:10:36.0000000Z;5.71;5.7188;2802;13296
2026-06-08T11:10:42.0000000Z;5.7082;5.7188;4204;13296
2026-06-08T11:10:44.0000000Z;5.71;5.7194;2802;26232
2026-06-08T11:10:49.0000000Z;5.71;5.7194;2802;26232
2026-06-08T11:10:49.0000000Z;5.71;5.7194;2802;26232
2026-06-08T11:12:51.0000000Z;5.7114;5.721;2000;2000
2026-06-08T11:12:52.0000000Z;5.7114;5.721;4201;2000
2026-06-08T11:12:54.0000000Z;5.7122;5.721;2000;2000
2026-06-08T11:13:00.0000000Z;5.7118;5.721;2000;2000
2026-06-08T11:13:08.0000000Z;5.7092;5.721;2802;2000
2026-06-08T11:13:09.0000000Z;5.7098;5.721;2000;2000
2026-06-08T11:13:12.0000000Z;5.71;5.721;2802;2000
2026-06-08T11:13:21.0000000Z;5.7104;5.721;2801;2000
2026-06-08T11:13:24.0000000Z;5.7116;5.721;2801;2000
2026-06-08T11:13:29.0000000Z;5.7092;5.721;2802;2000
2026-06-08T11:13:31.0000000Z;5.7108;5.721;2000;2000
2026-06-08T11:13:32.0000000Z;5.7116;5.721;2801;2000
2026-06-08T11:13:37.0000000Z;5.7104;5.721;2000;2000
2026-06-08T11:13:38.0000000Z;5.7118;5.721;2000;2000
2026-06-08T11:14:06.0000000Z;5.7118;5.721;4201;2000
2026-06-08T11:14:15.0000000Z;5.7118;5.721;2000;2000
2026-06-08T11:14:16.0000000Z;5.71;5.721;2000;2000
2026-06-08T11:14:21.0000000Z;5.7116;5.721;2000;2000
2026-06-08T11:14:32.0000000Z;5.7104;5.721;2000;2000
2026-06-08T11:14:33.0000000Z;5.7104;5.721;2801;2000
2026-06-08T11:14:34.0000000Z;5.7118;5.721;4201;2000
2026-06-08T11:14:53.0000000Z;5.7122;5.721;2000;2000
2026-06-08T11:14:55.0000000Z;5.7122;5.721;7002;2000
2026-06-08T11:14:57.0000000Z;5.7124;5.721;2800;2000
2026-06-08T11:14:58.0000000Z;5.7126;5.721;4200;2000
2026-06-08T11:14:59.0000000Z;5.7128;5.721;2000;2000
2026-06-08T11:15:01.0000000Z;5.713;5.7218;2000;2000
2026-06-08T11:15:14.0000000Z;5.713;5.723;2000;2000
2026-06-08T11:15:17.0000000Z;5.7114;5.7302;2000;2000
2026-06-08T11:15:18.0000000Z;5.7116;5.73;3035;3035
2026-06-08T11:15:20.0000000Z;5.7126;5.7288;4552;3035
2026-06-08T11:15:23.0000000Z;5.7128;5.728;2000;3035
2026-06-08T11:15:25.0000000Z;5.7128;5.7278;2000;4552
2026-06-08T11:15:26.0000000Z;5.7128;5.7272;2000;3035
2026-06-08T11:15:27.0000000Z;5.7028;5.7264;1759;3035
2026-06-08T11:15:28.0000000Z;5.6908;5.7262;1758;1747
2026-06-08T11:15:29.0000000Z;5.698;5.7248;2808;2000
2026-06-08T11:15:30.0000000Z;5.7018;5.7248;2000;2000
2026-06-08T11:15:31.0000000Z;5.7024;5.7248;2000;2000
2026-06-08T11:15:32.0000000Z;5.704;5.7248;2000;2000
2026-06-08T11:15:33.0000000Z;5.7046;5.7248;2000;2000
2026-06-08T11:15:35.0000000Z;5.7052;5.7248;2000;2000
2026-06-08T11:15:36.0000000Z;5.7052;5.7248;4206;2000
2026-06-08T11:15:37.0000000Z;5.7054;5.7308;2000;30318
2026-06-08T11:15:41.0000000Z;5.7058;5.7308;3035;30318
2026-06-08T11:15:42.0000000Z;5.706;5.7308;2000;30318
2026-06-08T11:15:43.0000000Z;5.7072;5.7308;2000;30318
2026-06-08T11:15:44.0000000Z;5.708;5.7304;2000;2000
2026-06-08T11:15:45.0000000Z;5.7082;5.7302;3035;3035
2026-06-08T11:15:46.0000000Z;5.709;5.7294;2000;2000
2026-06-08T11:15:47.0000000Z;5.709;5.7294;3035;3035
2026-06-08T11:15:48.0000000Z;5.7098;5.7286;3035;3035
2026-06-08T11:15:49.0000000Z;5.7106;5.7274;3035;3035
2026-06-08T11:15:54.0000000Z;5.7114;5.7268;3035;4552
2026-06-08T11:15:55.0000000Z;5.7118;5.7266;2000;2000
2026-06-08T11:16:00.0000000Z;5.7118;5.7266;3035;3035
2026-06-08T11:16:01.0000000Z;5.7124;5.726;7587;4552
2026-06-08T11:16:03.0000000Z;5.7124;5.726;4552;4552
2026-06-08T11:16:06.0000000Z;5.6912;5.7294;1758;1746
2026-06-08T11:16:07.0000000Z;5.6952;5.7294;1756;1746
2026-06-08T11:16:08.0000000Z;5.6974;5.7284;3035;3035
2026-06-08T11:16:09.0000000Z;5.7006;5.7264;2000;2000
2026-06-08T11:16:10.0000000Z;5.7014;5.7264;2000;2000
2026-06-08T11:16:11.0000000Z;5.7018;5.7264;3035;3035
2026-06-08T11:16:12.0000000Z;5.7026;5.7256;3035;3035
2026-06-08T11:16:15.0000000Z;5.704;5.725;3035;7587
2026-06-08T11:16:16.0000000Z;5.7046;5.7248;2804;2000
2026-06-08T11:16:17.0000000Z;5.705;5.7248;2000;2000
2026-06-08T11:16:20.0000000Z;5.7064;5.7248;2000;2000
2026-06-08T11:16:21.0000000Z;5.7064;5.7248;3035;2000
2026-06-08T11:16:23.0000000Z;5.7066;5.7248;4552;2000
2026-06-08T11:16:24.0000000Z;5.7072;5.7248;3035;2000
2026-06-08T11:16:26.0000000Z;5.708;5.7248;3035;2000
2026-06-08T11:16:27.0000000Z;5.7092;5.7248;2000;2000
2026-06-08T11:16:28.0000000Z;5.7102;5.7248;3035;2000
2026-06-08T11:16:30.0000000Z;5.7116;5.7248;4552;2000
2026-06-08T11:16:31.0000000Z;5.7118;5.7248;2801;2000
2026-06-08T11:16:32.0000000Z;5.7134;5.7248;2000;2000
2026-06-08T11:16:33.0000000Z;5.7138;5.7248;2800;2000
2026-06-08T11:16:34.0000000Z;5.7148;5.7248;2000;2000
2026-06-08T11:16:38.0000000Z;5.712;5.7248;2000;2000
2026-06-08T11:16:39.0000000Z;5.7144;5.7248;2000;2000
2026-06-08T11:16:45.0000000Z;5.7146;5.7248;2799;2000
2026-06-08T11:16:46.0000000Z;5.7144;5.7248;2000;2000
2026-06-08T11:16:47.0000000Z;5.7142;5.7248;2800;2000
2026-06-08T11:16:48.0000000Z;5.7148;5.7248;2000;2000
2026-06-08T11:16:49.0000000Z;5.7148;5.725;2000;38087
2026-06-08T11:16:54.0000000Z;5.7136;5.725;2000;38087
2026-06-08T11:16:59.0000000Z;5.7138;5.725;2800;38087
2026-06-08T11:17:00.0000000Z;5.7142;5.725;2800;38087
2026-06-08T11:17:01.0000000Z;5.7144;5.725;2000;38087
2026-06-08T11:17:07.0000000Z;5.7136;5.725;2000;38087
2026-06-08T11:17:10.0000000Z;5.7142;5.725;2000;38087
2026-06-08T11:17:11.0000000Z;5.7142;5.725;2800;38087
2026-06-08T11:17:15.0000000Z;5.7142;5.725;2000;38087
2026-06-08T11:17:16.0000000Z;5.7142;5.725;2000;38087
2026-06-08T11:17:32.0000000Z;5.7142;5.725;2800;38087
2026-06-08T11:17:33.0000000Z;5.7148;5.725;4198;38087
2026-06-08T11:17:34.0000000Z;5.7148;5.725;2000;38087
2026-06-08T11:18:02.0000000Z;5.7146;5.725;2799;38087
2026-06-08T11:18:07.0000000Z;5.7146;5.725;2000;38087
2026-06-08T11:18:08.0000000Z;5.7136;5.725;2000;38087
2026-06-08T11:18:09.0000000Z;5.7148;5.725;2000;38087
2026-06-08T11:18:20.0000000Z;5.7148;5.725;4198;38087
2026-06-08T11:18:23.0000000Z;5.7148;5.725;2000;38087
2026-06-08T11:18:24.0000000Z;5.7142;5.725;2800;38087
2026-06-08T11:18:25.0000000Z;5.7144;5.725;4200;38087
2026-06-08T11:18:31.0000000Z;5.712;5.725;2000;38087
2026-06-08T11:18:32.0000000Z;5.7148;5.725;2000;38087
2026-06-08T11:18:35.0000000Z;5.715;5.725;2799;38087
2026-06-08T11:18:37.0000000Z;5.7148;5.725;2000;38087
2026-06-08T11:18:38.0000000Z;5.7138;5.725;2000;38087
2026-06-08T11:18:40.0000000Z;5.7148;5.725;2799;38087
2026-06-08T11:18:46.0000000Z;5.7138;5.725;2800;38087
2026-06-08T11:18:48.0000000Z;5.715;5.725;2799;38087
2026-06-08T11:18:52.0000000Z;5.715;5.725;2000;38087
2026-06-08T11:18:53.0000000Z;5.7128;5.725;2800;38087
2026-06-08T11:18:54.0000000Z;5.7148;5.725;2799;38087
2026-06-08T11:18:59.0000000Z;5.7154;5.725;2000;38087
2026-06-08T11:19:04.0000000Z;5.7152;5.725;2000;38087
2026-06-08T11:19:07.0000000Z;5.7152;5.725;2000;35052
2026-06-08T11:19:10.0000000Z;5.7118;5.725;4201;35052
2026-06-08T11:19:11.0000000Z;5.712;5.725;2801;35052
2026-06-08T11:19:12.0000000Z;5.7126;5.725;2000;35052
2026-06-08T11:19:13.0000000Z;5.7142;5.725;2000;35052
2026-06-08T11:19:14.0000000Z;5.715;5.725;2000;35052
2026-06-08T11:19:18.0000000Z;5.7108;5.725;2000;35052
2026-06-08T11:19:19.0000000Z;5.7126;5.725;2000;35052
2026-06-08T11:19:20.0000000Z;5.7138;5.725;2800;35052
2026-06-08T11:19:22.0000000Z;5.7144;5.724;2000;2000
2026-06-08T11:19:23.0000000Z;5.7144;5.7238;2000;4552
2026-06-08T11:19:33.0000000Z;5.7116;5.7246;2000;45750
2026-06-08T11:19:35.0000000Z;5.7146;5.7246;2799;45750
2026-06-08T11:19:41.0000000Z;5.713;5.7246;2000;45750
2026-06-08T11:19:42.0000000Z;5.7146;5.7246;2799;45750
2026-06-08T11:19:43.0000000Z;5.7148;5.7246;2000;45750
2026-06-08T11:19:45.0000000Z;5.715;5.7246;2799;45750
2026-06-08T11:19:50.0000000Z;5.7114;5.7246;2000;45750
2026-06-08T11:19:51.0000000Z;5.7144;5.7246;2000;45750
2026-06-08T11:19:55.0000000Z;5.7146;5.7246;2799;45750
2026-06-08T11:19:56.0000000Z;5.7152;5.7246;4198;45750
2026-06-08T11:20:06.0000000Z;5.7152;5.7246;2000;45750
2026-06-08T11:20:07.0000000Z;5.7132;5.7246;2000;45750
2026-06-08T11:20:10.0000000Z;5.7134;5.7246;2800;45750
2026-06-08T11:20:13.0000000Z;5.7144;5.7246;4200;45750
2026-06-08T11:20:14.0000000Z;5.7146;5.7246;2000;45750
2026-06-08T11:20:15.0000000Z;5.7156;5.7246;4198;45750
2026-06-08T11:20:18.0000000Z;5.7148;5.7246;2000;45750
2026-06-08T11:20:19.0000000Z;5.7154;5.7246;2799;45750
2026-06-08T11:20:20.0000000Z;5.7156;5.7246;2000;45750
2026-06-08T11:20:25.0000000Z;5.7148;5.7246;2000;45750
2026-06-08T11:20:27.0000000Z;5.715;5.7246;2799;45750
2026-06-08T11:20:29.0000000Z;5.7154;5.7246;2799;45750
2026-06-08T11:20:30.0000000Z;5.7156;5.7246;2000;45750
2026-06-08T11:20:34.0000000Z;5.7132;5.7246;2000;45750
2026-06-08T11:20:36.0000000Z;5.7156;5.7246;2000;45750
2026-06-08T11:20:41.0000000Z;5.7152;5.7246;2000;45750
2026-06-08T11:20:46.0000000Z;5.7144;5.7246;2000;45750
2026-06-08T11:20:47.0000000Z;5.7146;5.7246;2799;45750
2026-06-08T11:20:51.0000000Z;5.715;5.7246;2799;45750
2026-06-08T11:20:52.0000000Z;5.7152;5.7246;2000;45750
2026-06-08T11:20:53.0000000Z;5.7152;5.7244;2000;2000
2026-06-08T11:21:01.0000000Z;5.7154;5.7244;2799;2000
2026-06-08T11:21:06.0000000Z;5.7152;5.7244;2799;2000
2026-06-08T11:21:07.0000000Z;5.7154;5.7254;2000;45750
2026-06-08T11:21:11.0000000Z;5.7142;5.7254;2000;45750
2026-06-08T11:21:12.0000000Z;5.7152;5.7254;2799;45750
2026-06-08T11:21:15.0000000Z;5.7158;5.7254;2000;45750
2026-06-08T11:21:23.0000000Z;5.7158;5.7246;2000;13116
2026-06-08T11:21:53.0000000Z;5.7156;5.7244;2000;2000
2026-06-08T11:22:00.0000000Z;5.7162;5.7244;2000;2000
2026-06-08T11:22:06.0000000Z;5.7162;5.7254;2000;58866
2026-06-08T11:22:17.0000000Z;5.7152;5.7254;2799;58866
2026-06-08T11:22:18.0000000Z;5.7154;5.7254;4198;58866
2026-06-08T11:22:20.0000000Z;5.7158;5.7254;2000;58866
2026-06-08T11:22:22.0000000Z;5.716;5.7254;2799;58866
2026-06-08T11:22:25.0000000Z;5.7158;5.7254;2000;58866
2026-06-08T11:22:26.0000000Z;5.7156;5.7254;2799;58866
2026-06-08T11:22:31.0000000Z;5.7156;5.7254;2000;58866
2026-06-08T11:22:33.0000000Z;5.7156;5.7254;2799;58866
2026-06-08T11:22:51.0000000Z;5.7156;5.7254;2000;58866
2026-06-08T11:22:54.0000000Z;5.7156;5.7254;2000;61901
2026-06-08T11:22:55.0000000Z;5.7156;5.725;2000;7587
2026-06-08T11:22:56.0000000Z;5.7154;5.7248;2000;2000
2026-06-08T11:22:57.0000000Z;5.7142;5.7248;2000;2000
2026-06-08T11:22:58.0000000Z;5.7152;5.7248;2000;2000
2026-06-08T11:22:59.0000000Z;5.7152;5.7248;2799;2000
2026-06-08T11:23:00.0000000Z;5.7152;5.7248;2000;2000
2026-06-08T11:23:01.0000000Z;5.7142;5.7248;2000;2000
2026-06-08T11:23:03.0000000Z;5.715;5.7248;2000;2000
2026-06-08T11:23:04.0000000Z;5.7152;5.7248;2799;2000
2026-06-08T11:23:11.0000000Z;5.715;5.7248;2000;2000
2026-06-08T11:23:32.0000000Z;5.715;5.7246;2000;13116
2026-06-08T11:23:34.0000000Z;5.715;5.7244;2000;2000
2026-06-08T11:23:53.0000000Z;5.715;5.7246;2000;43616
2026-06-08T11:24:03.0000000Z;5.7152;5.7246;2799;43616
2026-06-08T11:24:29.0000000Z;5.7152;5.7246;4198;43616
2026-06-08T11:24:32.0000000Z;5.7152;5.7246;6997;43616
2026-06-08T11:24:33.0000000Z;5.7154;5.7246;2000;43616
2026-06-08T11:25:06.0000000Z;5.7154;5.7246;2799;43616
2026-06-08T11:25:17.0000000Z;5.7154;5.7246;2799;43616
2026-06-08T11:25:27.0000000Z;5.7154;5.7246;2799;43616
2026-06-08T11:25:32.0000000Z;5.7154;5.7246;2000;43616
2026-06-08T11:25:33.0000000Z;5.7154;5.7246;2799;43616
2026-06-08T11:25:36.0000000Z;5.7156;5.7246;2000;43616
2026-06-08T11:25:54.0000000Z;5.7152;5.7246;2000;43616
2026-06-08T11:26:04.0000000Z;5.7138;5.7246;2800;43616
2026-06-08T11:26:07.0000000Z;5.7144;5.7246;2000;43616
2026-06-08T11:26:08.0000000Z;5.715;5.7246;2799;43616
2026-06-08T11:26:09.0000000Z;5.7152;5.7246;2000;43616
2026-06-08T11:26:34.0000000Z;5.7142;5.7246;2000;43616
2026-06-08T11:26:35.0000000Z;5.7152;5.7246;2000;43616
2026-06-08T11:26:47.0000000Z;5.7154;5.7246;2799;43616
2026-06-08T11:26:55.0000000Z;5.7138;5.7246;2800;43616
2026-06-08T11:26:56.0000000Z;5.7148;5.7246;2000;43616
2026-06-08T11:26:57.0000000Z;5.715;5.7246;2799;43616
2026-06-08T11:27:01.0000000Z;5.7148;5.7246;2000;43616
2026-06-08T11:27:26.0000000Z;5.715;5.7246;2000;43616
2026-06-08T11:27:41.0000000Z;5.715;5.7246;2799;43616
2026-06-08T11:27:46.0000000Z;5.715;5.7246;2799;43616
2026-06-08T11:27:52.0000000Z;5.715;5.7246;2000;43616
2026-06-08T11:27:57.0000000Z;5.7148;5.7246;2000;43616
2026-06-08T11:28:01.0000000Z;5.715;5.7246;2799;43616
2026-06-08T11:28:05.0000000Z;5.7148;5.7246;2000;43616
2026-06-08T11:28:32.0000000Z;5.7142;5.7246;2000;43616
2026-06-08T11:28:33.0000000Z;5.7148;5.7246;2000;43616
2026-06-08T11:29:34.0000000Z;5.715;5.7246;2799;43616
2026-06-08T11:29:59.0000000Z;5.7152;5.7246;2000;43616
2026-06-08T11:30:03.0000000Z;5.7144;5.7246;2000;43616
2026-06-08T11:30:04.0000000Z;5.7152;5.7246;2000;43616
2026-06-08T11:30:13.0000000Z;5.7154;5.7246;2799;43616
2026-06-08T11:30:17.0000000Z;5.7152;5.7246;2000;43616
2026-06-08T11:30:28.0000000Z;5.7154;5.7246;2799;43616
2026-06-08T11:30:33.0000000Z;5.7152;5.7246;2000;43616
2026-06-08T11:30:37.0000000Z;5.7154;5.7246;2799;43616
2026-06-08T11:30:39.0000000Z;5.7156;5.7244;2000;2000
2026-06-08T11:30:39.0000000Z;5.7156;5.7244;2000;2000
2026-06-08T11:31:07.0000000Z;5.7154;5.7254;2000;58866
2026-06-08T11:31:09.0000000Z;5.7148;5.7254;2000;58866
2026-06-08T11:31:13.0000000Z;5.7156;5.7254;2000;58866
2026-06-08T11:32:05.0000000Z;5.7158;5.7254;2799;58866
2026-06-08T11:32:09.0000000Z;5.7156;5.7254;2000;58866
2026-06-08T11:32:12.0000000Z;5.7158;5.7254;2799;58866
2026-06-08T11:32:17.0000000Z;5.7156;5.7254;2000;58866
2026-06-08T11:32:18.0000000Z;5.7158;5.7254;2799;58866
2026-06-08T11:32:23.0000000Z;5.7156;5.7254;2000;58866
2026-06-08T11:32:24.0000000Z;5.7158;5.7254;2799;58866
2026-06-08T11:32:28.0000000Z;5.7158;5.7254;2799;58866
2026-06-08T11:32:32.0000000Z;5.7156;5.7254;2000;58866
2026-06-08T11:32:33.0000000Z;5.7156;5.7254;2000;58866
2026-06-08T11:32:34.0000000Z;5.7158;5.7254;2799;58866
2026-06-08T11:32:38.0000000Z;5.7156;5.7254;2000;58866
2026-06-08T11:32:39.0000000Z;5.7158;5.7254;2799;58866
2026-06-08T11:32:49.0000000Z;5.7158;5.7254;2799;58866
2026-06-08T11:32:54.0000000Z;5.7156;5.7254;2000;58866
2026-06-08T11:32:56.0000000Z;5.7158;5.7254;2799;58866
2026-06-08T11:33:04.0000000Z;5.716;5.7254;2000;58866
2026-06-08T11:33:11.0000000Z;5.7162;5.7254;2799;58866
2026-06-08T11:33:13.0000000Z;5.716;5.7254;2000;58866
2026-06-08T11:33:26.0000000Z;5.7142;5.7254;2000;58866
2026-06-08T11:33:27.0000000Z;5.7158;5.7254;2799;58866
2026-06-08T11:33:37.0000000Z;5.7158;5.7254;2799;58866
2026-06-08T11:33:42.0000000Z;5.7158;5.7254;2000;58866
2026-06-08T11:33:43.0000000Z;5.7158;5.7254;2799;58866
2026-06-08T11:33:47.0000000Z;5.7158;5.7254;2000;58866
2026-06-08T11:33:48.0000000Z;5.716;5.7254;4198;58866
2026-06-08T11:33:49.0000000Z;5.7158;5.7254;2799;58866
2026-06-08T11:33:54.0000000Z;5.7158;5.7254;2000;58866
2026-06-08T11:33:55.0000000Z;5.7158;5.7254;2799;58866
2026-06-08T11:34:00.0000000Z;5.7158;5.7254;2000;58866
2026-06-08T11:34:15.0000000Z;5.7146;5.7254;2000;58866
2026-06-08T11:35:05.0000000Z;5.7158;5.7254;2799;58866
2026-06-08T11:35:15.0000000Z;5.7158;5.7254;2799;58866
2026-06-08T11:35:20.0000000Z;5.7158;5.7254;2000;58866
2026-06-08T11:35:21.0000000Z;5.7158;5.7254;2799;58866
2026-06-08T11:35:31.0000000Z;5.715;5.7254;2000;58866
2026-06-08T11:35:32.0000000Z;5.7156;5.7254;2000;58866
2026-06-08T11:35:42.0000000Z;5.715;5.7254;2000;58866
2026-06-08T11:35:43.0000000Z;5.716;5.7254;2000;58866
2026-06-08T11:35:53.0000000Z;5.716;5.7254;4198;58866
2026-06-08T11:35:54.0000000Z;5.7158;5.7254;2799;58866
2026-06-08T11:35:55.0000000Z;5.716;5.7254;4198;58866
2026-06-08T11:35:55.0000000Z;5.716;5.7254;4198;58866
2026-06-08T11:36:21.0000000Z;5.716;5.7254;2000;58866
2026-06-08T11:36:22.0000000Z;5.716;5.7254;4198;58866
2026-06-08T11:36:26.0000000Z;5.7162;5.7254;2000;58866
2026-06-08T11:36:47.0000000Z;5.7156;5.7254;2000;58866
2026-06-08T11:37:13.0000000Z;5.7158;5.7254;2799;58866
2026-06-08T11:37:17.0000000Z;5.716;5.7254;2000;58866
2026-06-08T11:38:14.0000000Z;5.7158;5.7254;2799;58866
2026-06-08T11:38:19.0000000Z;5.7158;5.7254;2000;58866
2026-06-08T11:38:20.0000000Z;5.7158;5.7254;2799;58866
2026-06-08T11:38:30.0000000Z;5.7158;5.7254;2799;58866
2026-06-08T11:38:34.0000000Z;5.7164;5.7254;2000;58866
2026-06-08T11:39:09.0000000Z;5.716;5.7254;2000;58866
2026-06-08T11:39:12.0000000Z;5.7162;5.7254;2799;58866
2026-06-08T11:39:17.0000000Z;5.716;5.7254;2000;58866
2026-06-08T11:39:18.0000000Z;5.716;5.7254;2000;58866
2026-06-08T11:39:29.0000000Z;5.7162;5.7254;2799;58866
2026-06-08T11:39:34.0000000Z;5.7162;5.7254;2799;58866
2026-06-08T11:39:39.0000000Z;5.7162;5.7254;2799;58866
2026-06-08T11:39:44.0000000Z;5.716;5.7254;2000;58866
2026-06-08T11:39:55.0000000Z;5.7162;5.7254;2799;58866
2026-06-08T11:40:00.0000000Z;5.716;5.7254;2000;58866
2026-06-08T11:40:11.0000000Z;5.7162;5.7254;2799;58866
2026-06-08T11:40:16.0000000Z;5.716;5.7254;2000;58866
2026-06-08T11:40:17.0000000Z;5.7162;5.7254;2799;58866
2026-06-08T11:40:22.0000000Z;5.716;5.7254;2000;58866
2026-06-08T11:40:24.0000000Z;5.7162;5.7254;2799;58866
2026-06-08T11:40:25.0000000Z;5.7164;5.7254;2000;58866
2026-06-08T11:40:58.0000000Z;5.716;5.7254;2000;58866
2026-06-08T11:41:00.0000000Z;5.7162;5.7254;2799;58866
2026-06-08T11:41:05.0000000Z;5.716;5.7254;2000;58866
2026-06-08T11:41:08.0000000Z;5.7162;5.7254;2799;58866
2026-06-08T11:41:18.0000000Z;5.716;5.7254;2000;58866
2026-06-08T11:41:19.0000000Z;5.7162;5.7254;2799;58866
2026-06-08T11:41:22.0000000Z;5.716;5.7254;2000;58866
2026-06-08T11:41:28.0000000Z;5.7164;5.7254;2000;58866
2026-06-08T11:41:31.0000000Z;5.7164;5.7252;2000;2000
2026-06-08T11:41:33.0000000Z;5.7162;5.7262;2000;45750
2026-06-08T11:42:23.0000000Z;5.7156;5.7262;4198;45750
2026-06-08T11:42:24.0000000Z;5.7162;5.7262;2000;45750
2026-06-08T11:42:25.0000000Z;5.7168;5.7262;2000;45750
2026-06-08T11:42:56.0000000Z;5.717;5.7262;2798;45750
2026-06-08T11:42:59.0000000Z;5.7172;5.7262;2000;45750
2026-06-08T11:43:16.0000000Z;5.717;5.7262;2798;45750
2026-06-08T11:43:17.0000000Z;5.7172;5.7262;2000;45750
2026-06-08T11:43:37.0000000Z;5.7172;5.726;2000;2000
2026-06-08T11:44:02.0000000Z;5.7164;5.7258;2000;4552
2026-06-08T11:44:32.0000000Z;5.7164;5.7256;2000;2000
2026-06-08T11:44:32.0000000Z;5.7164;5.7256;2000;2000
2026-06-08T11:46:45.0000000Z;5.7156;5.7256;2000;2000
2026-06-08T11:47:26.0000000Z;5.7154;5.725;2000;2000
2026-06-08T11:47:27.0000000Z;5.7154;5.725;2000;7587
2026-06-08T11:47:32.0000000Z;5.7154;5.725;2799;4552
2026-06-08T11:47:36.0000000Z;5.7154;5.725;2799;2000
2026-06-08T11:47:37.0000000Z;5.7156;5.7256;2000;2000
2026-06-08T11:47:49.0000000Z;5.7156;5.725;2000;2000
2026-06-08T11:47:50.0000000Z;5.7156;5.725;2000;7587
2026-06-08T11:47:59.0000000Z;5.7156;5.725;2000;2000
2026-06-08T11:48:04.0000000Z;5.7156;5.7256;2000;2000
2026-06-08T11:48:29.0000000Z;5.7152;5.725;2000;7587
2026-06-08T11:48:59.0000000Z;5.7152;5.7248;2000;2000
2026-06-08T11:49:20.0000000Z;5.7152;5.7248;2000;2000
2026-06-08T11:49:58.0000000Z;5.7154;5.7248;2799;2000
2026-06-08T11:50:24.0000000Z;5.7152;5.7248;2000;2000
2026-06-08T11:51:08.0000000Z;5.7154;5.7248;2799;2000
2026-06-08T11:51:13.0000000Z;5.7156;5.7248;2000;2000
2026-06-08T11:51:47.0000000Z;5.7152;5.7248;2000;2000
2026-06-08T11:52:11.0000000Z;5.7152;5.7248;2000;2000
2026-06-08T11:53:16.0000000Z;5.7138;5.7248;2800;2000
2026-06-08T11:53:17.0000000Z;5.7146;5.7248;2799;2000
2026-06-08T11:53:37.0000000Z;5.7146;5.7248;2799;2000
2026-06-08T11:53:43.0000000Z;5.7152;5.7248;2000;2000
2026-06-08T11:55:16.0000000Z;5.7154;5.7248;2799;2000
2026-06-08T11:55:20.0000000Z;5.7156;5.7248;2000;2000
2026-06-08T11:55:21.0000000Z;5.7156;5.7248;2000;2000
2026-06-08T11:55:56.0000000Z;5.7156;5.7254;2000;45750
2026-06-08T11:56:16.0000000Z;5.7158;5.7254;2799;45750
2026-06-08T11:56:18.0000000Z;5.7156;5.7254;2000;45750
2026-06-08T11:56:33.0000000Z;5.7156;5.7252;2000;2000
2026-06-08T11:56:46.0000000Z;5.7156;5.7256;2000;2000
2026-06-08T11:57:38.0000000Z;5.7156;5.725;2000;7587
2026-06-08T11:57:40.0000000Z;5.7156;5.725;2000;4552
2026-06-08T11:57:43.0000000Z;5.7156;5.725;2000;7587
2026-06-08T11:57:51.0000000Z;5.7152;5.7256;2000;2000
2026-06-08T11:57:52.0000000Z;5.7154;5.7256;2799;2000
2026-06-08T11:57:53.0000000Z;5.7152;5.7256;2000;2000
2026-06-08T11:58:00.0000000Z;5.7154;5.7256;2799;2000
2026-06-08T11:58:22.0000000Z;5.7156;5.7256;2000;2000
2026-06-08T11:59:04.0000000Z;5.7152;5.725;2000;2000
2026-06-08T11:59:05.0000000Z;5.7152;5.725;2000;7587
2026-06-08T11:59:31.0000000Z;5.7154;5.725;2799;2000
2026-06-08T11:59:32.0000000Z;5.7156;5.7256;2000;2000
2026-06-08T12:00:03.0000000Z;5.7152;5.725;2000;7587
2026-06-08T12:00:27.0000000Z;5.7152;5.725;2000;2000
2026-06-08T12:00:28.0000000Z;5.7154;5.7256;2000;2000
2026-06-08T12:00:29.0000000Z;5.7152;5.725;2000;7587
2026-06-08T12:00:33.0000000Z;5.7154;5.725;2799;4552
2026-06-08T12:00:37.0000000Z;5.7152;5.725;2000;4552
2026-06-08T12:00:39.0000000Z;5.7154;5.725;2799;4552
2026-06-08T12:00:59.0000000Z;5.7156;5.7248;2000;2000
