2026-06-08T07:22:53.0000000Z;8.292;8.368;12600;12600
2026-06-08T07:22:53.0000000Z;8.292;8.368;12600;12600
2026-06-08T07:22:53.0000000Z;8.292;8.368;12600;12600
2026-06-08T07:22:53.0000000Z;8.292;8.368;12600;12600
2026-06-08T07:22:53.0000000Z;8.292;8.368;12600;12600
2026-06-08T07:22:53.0000000Z;8.292;8.368;12600;12600
2026-06-08T07:22:53.0000000Z;8.292;8.368;12600;12600
2026-06-08T07:22:53.0000000Z;8.292;8.368;12600;12600
2026-06-08T07:22:53.0000000Z;8.292;8.368;12600;12600
2026-06-08T07:22:53.0000000Z;8.292;8.368;12600;12600
2026-06-08T07:22:53.0000000Z;8.292;8.368;12600;12600
2026-06-08T07:22:53.0000000Z;8.292;8.368;12600;12600
2026-06-08T07:22:53.0000000Z;8.292;8.368;12600;12600
2026-06-08T07:22:53.0000000Z;8.292;8.368;12600;12600
2026-06-08T07:22:53.0000000Z;8.292;8.368;12600;12600
2026-06-08T07:22:53.0000000Z;8.292;8.368;12600;12600
2026-06-08T07:22:53.0000000Z;8.292;8.368;12600;12600
2026-06-08T07:22:53.0000000Z;8.292;8.368;12600;12600
2026-06-08T07:22:53.0000000Z;8.292;8.368;12600;12600
2026-06-08T07:22:53.0000000Z;8.292;8.368;12600;12600
2026-06-08T07:22:53.0000000Z;8.292;8.368;12600;12600
2026-06-08T09:36:41.0000000Z;8.305;8.368;1500;12600
2026-06-08T09:36:43.0000000Z;8.292;8.368;12600;12600
2026-06-08T09:36:44.0000000Z;8.31;8.382;12600;12600
2026-06-08T09:37:12.0000000Z;8.31;8.375;12600;566
2026-06-08T09:37:14.0000000Z;8.304;8.376;12600;12600
2026-06-08T09:37:14.0000000Z;8.304;8.376;12600;12600
2026-06-08T09:37:14.0000000Z;8.304;8.376;12600;12600
2026-06-08T09:37:14.0000000Z;8.304;8.376;12600;12600
2026-06-08T09:37:14.0000000Z;8.304;8.376;12600;12600
2026-06-08T09:37:14.0000000Z;8.304;8.376;12600;12600
2026-06-08T10:02:06.0000000Z;8.305;8.373;12600;12600
2026-06-08T10:02:06.0000000Z;8.305;8.373;12600;12600
2026-06-08T10:02:06.0000000Z;8.305;8.373;12600;12600
2026-06-08T10:02:06.0000000Z;8.305;8.373;12600;12600
2026-06-08T10:02:06.0000000Z;8.305;8.373;12600;12600
2026-06-08T10:22:50.0000000Z;8.306;8.374;12600;12600
2026-06-08T10:22:50.0000000Z;8.306;8.374;12600;12600
2026-06-08T10:22:50.0000000Z;8.306;8.374;12600;12600
2026-06-08T10:34:12.0000000Z;8.314;8.374;1500;12600
2026-06-08T10:34:13.0000000Z;8.314;8.386;12600;12600
2026-06-08T10:34:20.0000000Z;8.322;8.394;12600;12600
2026-06-08T10:34:34.0000000Z;8.323;8.393;1500;1500
2026-06-08T10:34:35.0000000Z;8.275;8.413;12600;1188
2026-06-08T10:36:08.0000000Z;8.311;8.383;12600;12600
2026-06-08T10:36:08.0000000Z;8.311;8.383;12600;12600
2026-06-08T10:36:08.0000000Z;8.311;8.383;12600;12600
2026-06-08T10:36:08.0000000Z;8.311;8.383;12600;12600
2026-06-08T10:36:08.0000000Z;8.311;8.383;12600;12600
2026-06-08T10:36:08.0000000Z;8.311;8.383;12600;12600
2026-06-08T11:04:40.0000000Z;8.323;8.356;1500;1500
2026-06-08T11:04:40.0000000Z;8.323;8.356;1500;1500
2026-06-08T11:09:30.0000000Z;8.322;8.357;1259;1259
2026-06-08T11:10:47.0000000Z;8.322;8.357;1259;1259
2026-06-08T11:10:47.0000000Z;8.322;8.357;1259;1259
2026-06-08T11:12:57.0000000Z;8.325;8.376;12600;1500
2026-06-08T11:12:58.0000000Z;8.333;8.367;1500;1500
2026-06-08T11:15:03.0000000Z;8.341;8.367;1500;1500
2026-06-08T11:15:05.0000000Z;8.342;8.375;1500;1500
2026-06-08T11:15:17.0000000Z;8.276;8.395;12600;1189
2026-06-08T11:15:19.0000000Z;8.311;8.396;12600;13166
2026-06-08T11:15:19.0000000Z;8.311;8.396;12600;13166
2026-06-08T11:15:19.0000000Z;8.311;8.396;12600;13166
2026-06-08T11:23:46.0000000Z;8.311;8.387;12600;1500
2026-06-08T11:23:47.0000000Z;8.311;8.387;12600;12600
2026-06-08T11:23:47.0000000Z;8.311;8.387;12600;12600
2026-06-08T11:23:47.0000000Z;8.311;8.387;12600;12600
2026-06-08T11:23:47.0000000Z;8.311;8.387;12600;12600
2026-06-08T11:23:47.0000000Z;8.311;8.387;12600;12600
2026-06-08T11:23:47.0000000Z;8.311;8.387;12600;12600
2026-06-08T11:23:47.0000000Z;8.311;8.387;12600;12600
2026-06-08T11:23:47.0000000Z;8.311;8.387;12600;12600
2026-06-08T11:23:47.0000000Z;8.311;8.387;12600;12600
2026-06-08T12:05:21.0000000Z;8.326;8.359;1500;1500
2026-06-08T12:05:21.0000000Z;8.326;8.359;1500;1500
2026-06-08T12:05:21.0000000Z;8.326;8.359;1500;1500
2026-06-08T12:05:21.0000000Z;8.326;8.359;1500;1500
2026-06-08T12:05:21.0000000Z;8.326;8.359;1500;1500
2026-06-08T12:05:21.0000000Z;8.326;8.359;1500;1500
2026-06-08T12:29:30.0000000Z;8.325;8.36;1259;1259
2026-06-08T12:29:30.0000000Z;8.325;8.36;1259;1259
2026-06-08T12:32:00.0000000Z;8.326;8.359;1500;1500
2026-06-08T12:32:00.0000000Z;8.326;8.359;1500;1500
2026-06-08T12:40:00.0000000Z;8.325;8.351;1259;1500
2026-06-08T12:40:01.0000000Z;8.317;8.351;1500;1500
2026-06-08T12:40:01.0000000Z;8.317;8.351;1500;1500
2026-06-08T12:42:39.0000000Z;8.317;8.351;1500;1500
2026-06-08T12:42:43.0000000Z;8.319;8.352;1500;1500
2026-06-08T12:42:43.0000000Z;8.319;8.352;1500;1500
2026-06-08T12:42:43.0000000Z;8.319;8.352;1500;1500
2026-06-08T12:42:43.0000000Z;8.319;8.352;1500;1500
2026-06-08T13:00:22.0000000Z;8.318;8.353;1259;1259
2026-06-08T13:00:24.0000000Z;8.314;8.348;1259;1259
2026-06-08T13:00:24.0000000Z;8.314;8.348;1259;1259
2026-06-08T13:02:34.0000000Z;8.314;8.348;1500;1500
2026-06-08T13:05:56.0000000Z;8.306;8.339;1500;1500
2026-06-08T13:05:56.0000000Z;8.306;8.339;1500;1500
2026-06-08T13:05:56.0000000Z;8.306;8.339;1500;1500
2026-06-08T13:05:56.0000000Z;8.306;8.339;1500;1500
2026-06-08T13:05:56.0000000Z;8.306;8.339;1500;1500
2026-06-08T13:05:56.0000000Z;8.306;8.339;1500;1500
2026-06-08T13:28:00.0000000Z;8.305;8.34;1259;1259
2026-06-08T13:29:05.0000000Z;8.248;8.403;12600;12600
2026-06-08T13:29:05.0000000Z;8.248;8.403;12600;12600
2026-06-08T13:34:07.0000000Z;8.323;8.357;1500;1500
2026-06-08T13:35:08.0000000Z;8.314;8.348;1500;1500
2026-06-08T13:35:08.0000000Z;8.314;8.348;1500;1500
2026-06-08T13:40:19.0000000Z;8.323;8.356;1500;1500
2026-06-08T13:41:01.0000000Z;8.322;8.348;1259;1500
2026-06-08T13:41:02.0000000Z;8.314;8.348;1500;1500
2026-06-08T13:45:20.0000000Z;8.322;8.348;1259;1500
2026-06-08T13:45:21.0000000Z;8.323;8.356;1500;1500
2026-06-08T13:45:21.0000000Z;8.323;8.356;1500;1500
2026-06-08T13:45:21.0000000Z;8.323;8.356;1500;1500
2026-06-08T13:52:50.0000000Z;8.331;8.357;1500;1259
2026-06-08T13:52:51.0000000Z;8.331;8.365;1500;1500
2026-06-08T13:52:51.0000000Z;8.331;8.365;1500;1500
2026-06-08T14:00:17.0000000Z;8.339;8.365;1259;1500
2026-06-08T14:00:18.0000000Z;8.34;8.373;1500;1500
2026-06-08T14:00:18.0000000Z;8.34;8.373;1500;1500
2026-06-08T14:01:54.0000000Z;8.348;8.373;1500;1500
2026-06-08T14:01:55.0000000Z;8.348;8.374;1500;1259
2026-06-08T14:01:56.0000000Z;8.348;8.382;1500;13859
2026-06-08T14:06:07.0000000Z;8.348;8.373;1259;1500
2026-06-08T14:06:08.0000000Z;8.34;8.373;1500;1500
2026-06-08T14:06:08.0000000Z;8.34;8.373;1500;1500
2026-06-08T14:14:21.0000000Z;8.339;8.365;1259;1500
2026-06-08T14:14:22.0000000Z;8.331;8.365;1500;1500
2026-06-08T14:14:22.0000000Z;8.331;8.365;1500;1500
2026-06-08T14:14:22.0000000Z;8.331;8.365;1500;1500
2026-06-08T14:14:22.0000000Z;8.331;8.365;1500;1500
2026-06-08T14:14:22.0000000Z;8.331;8.365;1500;1500
2026-06-08T14:14:22.0000000Z;8.331;8.365;1500;1500
2026-06-08T14:39:52.0000000Z;8.331;8.362;1259;1500
2026-06-08T14:39:54.0000000Z;8.328;8.362;1500;1500
2026-06-08T14:39:54.0000000Z;8.328;8.362;1500;1500
2026-06-08T14:39:54.0000000Z;8.328;8.362;1500;1500
2026-06-08T14:39:54.0000000Z;8.328;8.362;1500;1500
