2026-06-08T08:02:08.0000000Z;4.4575;4.4785;7000;7000
2026-06-08T08:03:21.0000000Z;4.4575;4.478;7000;7000
2026-06-08T08:03:22.0000000Z;4.4565;4.478;7000;7000
2026-06-08T08:04:13.0000000Z;4.456;4.478;7000;7000
2026-06-08T08:04:14.0000000Z;4.456;4.4765;7000;7000
2026-06-08T08:04:15.0000000Z;4.4555;4.4765;7000;7000
2026-06-08T08:04:50.0000000Z;4.4555;4.477;7000;7000
2026-06-08T08:05:42.0000000Z;4.459;4.4715;7000;7000
2026-06-08T08:09:56.0000000Z;4.458;4.47;7000;7000
2026-06-08T08:22:05.0000000Z;4.461;4.4735;7000;7000
2026-06-08T08:22:56.0000000Z;4.4565;4.478;7000;7000
2026-06-08T08:22:57.0000000Z;4.4595;4.472;7000;7000
2026-06-08T08:23:00.0000000Z;4.4595;4.4725;7000;7000
2026-06-08T08:23:02.0000000Z;4.4595;4.472;7000;7000
2026-06-08T08:25:43.0000000Z;4.457;4.4785;7000;7000
2026-06-08T08:25:45.0000000Z;4.4595;4.4715;7000;7000
2026-06-08T08:28:26.0000000Z;4.4545;4.466;7000;7000
2026-06-08T08:29:04.0000000Z;4.454;4.466;7000;7000
2026-06-08T08:30:41.0000000Z;4.4585;4.4705;7000;7000
2026-06-08T08:30:42.0000000Z;4.457;4.4695;7000;7000
2026-06-08T08:31:45.0000000Z;4.4555;4.477;7000;7000
2026-06-08T08:31:46.0000000Z;4.4595;4.477;12000;7000
2026-06-08T08:31:47.0000000Z;4.46;4.4725;7000;7000
2026-06-08T08:35:41.0000000Z;4.4615;4.474;7000;7000
2026-06-08T08:35:42.0000000Z;4.4615;4.4735;7000;7000
2026-06-08T08:35:47.0000000Z;4.4615;4.474;7000;7000
2026-06-08T08:40:50.0000000Z;4.457;4.474;7000;7000
2026-06-08T08:40:52.0000000Z;4.4605;4.4725;7000;7000
2026-06-08T08:50:27.0000000Z;4.458;4.4795;7000;7000
2026-06-08T08:50:28.0000000Z;4.46;4.472;7000;7000
2026-06-08T09:09:13.0000000Z;4.462;4.4745;7000;7000
2026-06-08T09:24:28.0000000Z;4.4625;4.4745;7000;7000
2026-06-08T09:24:29.0000000Z;4.4605;4.482;7000;7000
2026-06-08T09:24:31.0000000Z;4.464;4.4765;7000;7000
2026-06-08T09:36:42.0000000Z;4.462;4.479;7000;12000
2026-06-08T09:36:43.0000000Z;4.462;4.4835;7000;7000
2026-06-08T09:36:44.0000000Z;4.462;4.483;7000;7000
2026-06-08T09:36:46.0000000Z;4.463;4.4755;7000;7000
2026-06-08T09:36:48.0000000Z;4.461;4.482;7000;7000
2026-06-08T09:36:49.0000000Z;4.463;4.4755;7000;7000
2026-06-08T09:37:10.0000000Z;4.462;4.4755;12000;7000
2026-06-08T09:37:11.0000000Z;4.4605;4.482;7000;7000
2026-06-08T09:37:18.0000000Z;4.456;4.4845;7000;7000
2026-06-08T09:37:22.0000000Z;4.456;4.485;7000;12000
2026-06-08T09:37:25.0000000Z;4.456;4.4845;7000;12000
2026-06-08T09:37:26.0000000Z;4.4555;4.4845;12000;12000
2026-06-08T09:37:30.0000000Z;4.4555;4.484;12000;12000
2026-06-08T09:39:11.0000000Z;4.4555;4.4835;12000;12000
2026-06-08T09:43:51.0000000Z;4.4555;4.485;12000;12000
2026-06-08T09:44:44.0000000Z;4.4655;4.478;7000;7000
2026-06-08T09:50:39.0000000Z;4.4655;4.4775;7000;7000
2026-06-08T10:02:01.0000000Z;4.4585;4.48;7000;7000
2026-06-08T10:02:02.0000000Z;4.4635;4.476;7000;7000
2026-06-08T10:04:25.0000000Z;4.463;4.476;7000;7000
2026-06-08T10:06:41.0000000Z;4.462;4.4745;7000;7000
2026-06-08T10:29:16.0000000Z;4.4565;4.478;7000;7000
2026-06-08T10:29:18.0000000Z;4.461;4.473;7000;7000
2026-06-08T10:30:00.0000000Z;4.456;4.4775;7000;7000
2026-06-08T10:30:02.0000000Z;4.461;4.473;7000;7000
2026-06-08T10:34:16.0000000Z;4.458;4.4705;7000;7000
2026-06-08T10:34:29.0000000Z;4.4565;4.469;7000;7000
2026-06-08T10:34:30.0000000Z;4.4565;4.4685;7000;7000
2026-06-08T10:34:31.0000000Z;4.456;4.4725;7000;7000
2026-06-08T10:34:34.0000000Z;4.4565;4.4725;7000;7000
2026-06-08T10:34:35.0000000Z;4.4515;4.4725;7000;7000
2026-06-08T10:34:36.0000000Z;4.451;4.4725;7000;7000
2026-06-08T10:34:37.0000000Z;4.4515;4.473;7000;7000
2026-06-08T10:34:41.0000000Z;4.452;4.474;7000;7000
2026-06-08T10:34:42.0000000Z;4.452;4.4735;7000;7000
2026-06-08T10:34:46.0000000Z;4.4525;4.474;7000;7000
2026-06-08T10:34:53.0000000Z;4.453;4.4745;7000;7000
2026-06-08T10:34:57.0000000Z;4.4535;4.475;7000;7000
2026-06-08T10:35:06.0000000Z;4.454;4.4755;8000;7000
2026-06-08T10:35:13.0000000Z;4.4525;4.474;8000;7000
2026-06-08T10:35:16.0000000Z;4.453;4.4745;8000;7000
2026-06-08T10:35:18.0000000Z;4.4535;4.475;8000;7000
2026-06-08T10:35:23.0000000Z;4.453;4.4745;8000;7000
2026-06-08T10:35:27.0000000Z;4.4525;4.474;8000;7000
2026-06-08T10:35:28.0000000Z;4.453;4.4745;7000;7000
2026-06-08T10:35:29.0000000Z;4.4525;4.4745;8000;7000
2026-06-08T10:35:38.0000000Z;4.4535;4.475;7000;7000
2026-06-08T10:35:39.0000000Z;4.453;4.4745;8000;7000
2026-06-08T10:35:44.0000000Z;4.4535;4.475;8000;7000
2026-06-08T10:35:49.0000000Z;4.4465;4.4815;7000;7000
2026-06-08T10:35:50.0000000Z;4.4475;4.4815;7000;7000
2026-06-08T10:35:51.0000000Z;4.448;4.4815;7000;7000
2026-06-08T10:35:52.0000000Z;4.448;4.481;7000;7000
2026-06-08T10:35:53.0000000Z;4.4485;4.481;7000;7000
2026-06-08T10:35:55.0000000Z;4.449;4.481;7000;7000
2026-06-08T10:35:56.0000000Z;4.4495;4.481;7000;7000
2026-06-08T10:35:57.0000000Z;4.45;4.481;7000;7000
2026-06-08T10:35:58.0000000Z;4.4505;4.4815;7000;7000
2026-06-08T10:36:01.0000000Z;4.451;4.4815;7000;7000
2026-06-08T10:36:06.0000000Z;4.447;4.4815;7000;7000
2026-06-08T10:38:54.0000000Z;4.4515;4.48;12000;12000
2026-06-08T10:40:55.0000000Z;4.452;4.4805;12000;12000
2026-06-08T10:41:07.0000000Z;4.452;4.4785;12000;7000
2026-06-08T10:41:24.0000000Z;4.454;4.4755;7000;7000
2026-06-08T10:43:28.0000000Z;4.4535;4.4755;7000;7000
2026-06-08T10:43:31.0000000Z;4.4535;4.475;9000;7000
2026-06-08T10:43:36.0000000Z;4.4535;4.475;7000;7000
2026-06-08T10:43:39.0000000Z;4.4535;4.475;9000;7000
2026-06-08T10:43:50.0000000Z;4.4535;4.475;7000;7000
2026-06-08T10:44:04.0000000Z;4.4535;4.475;9000;7000
2026-06-08T10:45:08.0000000Z;4.4535;4.475;7000;7000
2026-06-08T10:45:29.0000000Z;4.459;4.4715;7000;7000
2026-06-08T11:11:01.0000000Z;4.4505;4.472;7000;7000
2026-06-08T11:11:04.0000000Z;4.4575;4.4695;7000;7000
2026-06-08T11:11:25.0000000Z;4.457;4.4725;12000;7000
2026-06-08T11:11:39.0000000Z;4.457;4.4805;12000;12000
2026-06-08T11:11:51.0000000Z;4.4525;4.4805;12000;12000
2026-06-08T11:12:08.0000000Z;4.452;4.4805;12000;12000
2026-06-08T11:12:16.0000000Z;4.4525;4.481;12000;12000
2026-06-08T11:13:11.0000000Z;4.452;4.4805;12000;12000
2026-06-08T11:13:25.0000000Z;4.452;4.481;12000;12000
2026-06-08T11:13:30.0000000Z;4.4525;4.481;12000;12000
2026-06-08T11:13:45.0000000Z;4.452;4.481;12000;12000
2026-06-08T11:14:10.0000000Z;4.452;4.4805;12000;12000
2026-06-08T11:14:11.0000000Z;4.452;4.481;12000;12000
2026-06-08T11:14:15.0000000Z;4.452;4.4805;12000;12000
2026-06-08T11:14:25.0000000Z;4.452;4.481;12000;12000
2026-06-08T11:14:30.0000000Z;4.452;4.4805;12000;12000
2026-06-08T11:14:44.0000000Z;4.451;4.48;12000;12000
2026-06-08T11:14:45.0000000Z;4.4515;4.48;7000;12000
2026-06-08T11:14:48.0000000Z;4.451;4.48;7000;12000
2026-06-08T11:14:49.0000000Z;4.4515;4.48;7000;12000
2026-06-08T11:14:53.0000000Z;4.451;4.4795;7000;12000
2026-06-08T11:15:00.0000000Z;4.45;4.479;7000;12000
2026-06-08T11:15:12.0000000Z;4.4505;4.481;7000;12000
2026-06-08T11:15:14.0000000Z;4.4515;4.481;7000;12000
2026-06-08T11:15:17.0000000Z;4.452;4.481;7000;12000
2026-06-08T11:16:03.0000000Z;4.4505;4.481;12000;12000
2026-06-08T11:16:08.0000000Z;4.4515;4.481;7000;12000
2026-06-08T11:16:16.0000000Z;4.451;4.481;7000;12000
2026-06-08T11:18:47.0000000Z;4.4505;4.481;7000;12000
2026-06-08T11:19:58.0000000Z;4.45;4.481;7000;12000
2026-06-08T11:19:59.0000000Z;4.4505;4.481;7000;12000
2026-06-08T11:20:00.0000000Z;4.451;4.481;7000;12000
2026-06-08T11:20:03.0000000Z;4.4505;4.481;7000;12000
2026-06-08T11:20:28.0000000Z;4.449;4.4765;7000;12000
2026-06-08T11:22:28.0000000Z;4.448;4.4765;7000;12000
2026-06-08T11:24:43.0000000Z;4.448;4.4775;7000;7000
2026-06-08T11:24:44.0000000Z;4.448;4.4765;7000;7000
2026-06-08T11:24:45.0000000Z;4.448;4.476;7000;7000
2026-06-08T11:24:46.0000000Z;4.448;4.475;7000;7000
2026-06-08T11:24:47.0000000Z;4.448;4.4745;7000;7000
2026-06-08T11:24:49.0000000Z;4.448;4.475;7000;7000
2026-06-08T11:24:55.0000000Z;4.448;4.475;7000;8000
2026-06-08T11:26:02.0000000Z;4.448;4.473;7000;7000
2026-06-08T11:28:49.0000000Z;4.449;4.473;7000;7000
2026-06-08T11:30:02.0000000Z;4.4475;4.4725;12000;7000
2026-06-08T11:30:08.0000000Z;4.4475;4.4725;7000;7000
2026-06-08T11:33:27.0000000Z;4.4575;4.47;7000;7000
2026-06-08T11:34:01.0000000Z;4.458;4.47;7000;7000
2026-06-08T11:35:38.0000000Z;4.4585;4.47;7000;7000
2026-06-08T11:35:44.0000000Z;4.4585;4.4705;7000;7000
2026-06-08T11:40:22.0000000Z;4.459;4.471;7000;7000
2026-06-08T12:00:00.0000000Z;4.447;4.4725;7000;7000
2026-06-08T12:00:01.0000000Z;4.46;4.4725;7000;7000
2026-06-08T12:00:05.0000000Z;4.4605;4.4725;7000;7000
2026-06-08T12:00:09.0000000Z;4.46;4.4725;7000;7000
2026-06-08T12:00:25.0000000Z;4.4595;4.4725;7000;7000
2026-06-08T12:00:40.0000000Z;4.459;4.471;7000;7000
2026-06-08T12:02:55.0000000Z;4.458;4.4705;12000;7000
2026-06-08T12:03:00.0000000Z;4.45;4.4705;7000;7000
2026-06-08T12:03:01.0000000Z;4.4505;4.4705;7000;7000
2026-06-08T12:03:05.0000000Z;4.45;4.4705;7000;7000
2026-06-08T12:06:07.0000000Z;4.4495;4.4705;12000;7000
2026-06-08T12:08:29.0000000Z;4.458;4.4705;7000;7000
2026-06-08T12:10:22.0000000Z;4.4585;4.4705;7000;7000
2026-06-08T12:10:24.0000000Z;4.458;4.4705;7000;7000
2026-06-08T12:11:51.0000000Z;4.4585;4.4705;7000;7000
2026-06-08T12:29:20.0000000Z;4.458;4.4705;7000;7000
2026-06-08T12:29:27.0000000Z;4.4585;4.4705;7000;7000
2026-06-08T12:36:32.0000000Z;4.4585;4.471;7000;7000
2026-06-08T12:40:01.0000000Z;4.459;4.4745;12000;7000
2026-06-08T12:40:04.0000000Z;4.461;4.473;7000;7000
2026-06-08T12:40:05.0000000Z;4.4605;4.473;7000;7000
2026-06-08T12:42:34.0000000Z;4.4585;4.473;7000;7000
2026-06-08T12:42:36.0000000Z;4.4505;4.4725;7000;7000
2026-06-08T12:42:37.0000000Z;4.458;4.47;7000;7000
2026-06-08T12:42:42.0000000Z;4.4515;4.473;7000;7000
2026-06-08T12:42:43.0000000Z;4.4595;4.472;7000;7000
2026-06-08T12:42:45.0000000Z;4.459;4.472;7000;7000
2026-06-08T12:42:48.0000000Z;4.4585;4.472;12000;7000
2026-06-08T12:42:49.0000000Z;4.4585;4.4725;12000;7000
2026-06-08T12:42:50.0000000Z;4.451;4.4725;7000;7000
2026-06-08T12:42:51.0000000Z;4.451;4.4725;12000;7000
2026-06-08T12:43:11.0000000Z;4.451;4.4795;12000;12000
2026-06-08T12:43:12.0000000Z;4.451;4.4795;12000;7000
2026-06-08T12:43:14.0000000Z;4.451;4.479;12000;7000
2026-06-08T12:44:03.0000000Z;4.4515;4.479;12000;7000
2026-06-08T12:44:38.0000000Z;4.459;4.471;7000;7000
2026-06-08T12:44:45.0000000Z;4.452;4.4795;7000;7000
2026-06-08T12:44:46.0000000Z;4.4525;4.4795;7000;7000
2026-06-08T12:44:47.0000000Z;4.4605;4.4725;7000;7000
2026-06-08T12:44:48.0000000Z;4.4535;4.4795;7000;7000
2026-06-08T12:44:49.0000000Z;4.4595;4.472;7000;7000
2026-06-08T12:46:24.0000000Z;4.4605;4.472;7000;7000
2026-06-08T12:50:04.0000000Z;4.46;4.472;7000;7000
2026-06-08T12:59:13.0000000Z;4.454;4.4735;7000;7000
2026-06-08T12:59:15.0000000Z;4.458;4.4705;7000;7000
2026-06-08T13:00:22.0000000Z;4.457;4.4705;7000;7000
2026-06-08T13:00:31.0000000Z;4.4565;4.4705;7000;7000
2026-06-08T13:00:56.0000000Z;4.4575;4.4705;7000;7000
2026-06-08T13:03:10.0000000Z;4.457;4.4705;7000;7000
2026-06-08T13:04:07.0000000Z;4.4565;4.4705;7000;7000
2026-06-08T13:10:00.0000000Z;4.457;4.4705;7000;7000
2026-06-08T13:12:30.0000000Z;4.457;4.4705;7000;7000
2026-06-08T13:17:11.0000000Z;4.4575;4.4705;7000;7000
2026-06-08T13:19:47.0000000Z;4.4565;4.4705;7000;7000
2026-06-08T13:22:06.0000000Z;4.455;4.4675;7000;7000
2026-06-08T13:22:50.0000000Z;4.4545;4.4675;7000;7000
2026-06-08T13:23:08.0000000Z;4.453;4.4675;7000;7000
2026-06-08T13:25:34.0000000Z;4.455;4.4675;7000;7000
2026-06-08T13:28:51.0000000Z;4.455;4.4675;7000;23000
2026-06-08T13:29:04.0000000Z;4.455;4.467;7000;23000
2026-06-08T13:29:05.0000000Z;4.449;4.47;7000;23000
2026-06-08T13:29:10.0000000Z;4.449;4.4705;7000;23000
2026-06-08T13:29:20.0000000Z;4.4485;4.47;7000;23000
2026-06-08T13:29:50.0000000Z;4.449;4.478;7000;23000
2026-06-08T13:29:51.0000000Z;4.4435;4.4775;7000;23000
2026-06-08T13:29:52.0000000Z;4.4445;4.477;7000;23000
2026-06-08T13:29:53.0000000Z;4.445;4.4765;7000;23000
2026-06-08T13:29:54.0000000Z;4.4455;4.476;7000;23000
2026-06-08T13:30:04.0000000Z;4.4455;4.478;7000;23000
2026-06-08T13:30:05.0000000Z;4.445;4.4775;7000;23000
2026-06-08T13:30:06.0000000Z;4.445;4.477;7000;23000
2026-06-08T13:30:07.0000000Z;4.445;4.476;7000;23000
2026-06-08T13:30:08.0000000Z;4.445;4.4755;7000;23000
2026-06-08T13:30:18.0000000Z;4.445;4.478;7000;23000
2026-06-08T13:30:19.0000000Z;4.445;4.4775;7000;23000
2026-06-08T13:30:20.0000000Z;4.445;4.477;7000;23000
2026-06-08T13:30:21.0000000Z;4.445;4.4755;7000;23000
2026-06-08T13:30:30.0000000Z;4.445;4.475;7000;23000
2026-06-08T13:30:31.0000000Z;4.4495;4.471;7000;23000
2026-06-08T13:31:04.0000000Z;4.45;4.4715;7000;23000
2026-06-08T13:31:17.0000000Z;4.4495;4.471;7000;23000
2026-06-08T13:32:18.0000000Z;4.449;4.4705;7000;23000
2026-06-08T13:32:28.0000000Z;4.4495;4.471;7000;23000
2026-06-08T13:34:07.0000000Z;4.454;4.466;7000;23000
2026-06-08T13:34:56.0000000Z;4.454;4.4665;7000;23000
2026-06-08T13:35:05.0000000Z;4.4545;4.4665;7000;23000
2026-06-08T13:35:46.0000000Z;4.454;4.4665;7000;23000
2026-06-08T13:36:05.0000000Z;4.4545;4.4665;7000;23000
2026-06-08T13:36:14.0000000Z;4.4545;4.467;7000;23000
2026-06-08T13:36:42.0000000Z;4.4545;4.4665;7000;23000
2026-06-08T13:36:55.0000000Z;4.454;4.4665;7000;23000
2026-06-08T13:37:07.0000000Z;4.4545;4.4665;7000;23000
2026-06-08T13:37:34.0000000Z;4.4545;4.467;7000;23000
2026-06-08T13:37:47.0000000Z;4.4545;4.4665;7000;23000
2026-06-08T13:38:02.0000000Z;4.4545;4.467;7000;23000
2026-06-08T13:38:09.0000000Z;4.4545;4.4665;7000;23000
2026-06-08T13:38:13.0000000Z;4.454;4.4665;7000;23000
2026-06-08T13:39:16.0000000Z;4.4545;4.4665;7000;23000
2026-06-08T13:39:26.0000000Z;4.454;4.4665;7000;23000
2026-06-08T13:39:27.0000000Z;4.4545;4.4665;7000;23000
2026-06-08T13:39:31.0000000Z;4.454;4.4665;7000;23000
2026-06-08T13:39:41.0000000Z;4.4545;4.4665;7000;23000
2026-06-08T13:39:46.0000000Z;4.454;4.4665;7000;23000
2026-06-08T13:39:47.0000000Z;4.4545;4.4665;7000;23000
2026-06-08T13:40:26.0000000Z;4.4545;4.467;7000;23000
2026-06-08T13:40:36.0000000Z;4.455;4.467;7000;23000
2026-06-08T13:41:11.0000000Z;4.455;4.4675;7000;23000
2026-06-08T13:41:26.0000000Z;4.455;4.467;7000;23000
2026-06-08T13:42:11.0000000Z;4.4545;4.467;7000;23000
2026-06-08T13:42:22.0000000Z;4.455;4.467;7000;23000
2026-06-08T13:42:27.0000000Z;4.455;4.4675;7000;23000
2026-06-08T13:42:45.0000000Z;4.455;4.4675;7000;7000
2026-06-08T13:43:00.0000000Z;4.451;4.4725;7000;7000
2026-06-08T13:43:01.0000000Z;4.454;4.4665;7000;7000
2026-06-08T13:43:49.0000000Z;4.455;4.467;7000;7000
2026-06-08T13:45:05.0000000Z;4.4515;4.473;7000;7000
2026-06-08T13:45:07.0000000Z;4.4545;4.467;7000;7000
2026-06-08T13:45:56.0000000Z;4.454;4.4665;7000;7000
2026-06-08T13:46:01.0000000Z;4.4545;4.4665;7000;7000
2026-06-08T13:46:02.0000000Z;4.454;4.4665;7000;7000
2026-06-08T13:47:41.0000000Z;4.455;4.4675;7000;7000
2026-06-08T13:48:06.0000000Z;4.455;4.4675;7000;7000
2026-06-08T13:48:27.0000000Z;4.4545;4.467;7000;7000
2026-06-08T13:48:44.0000000Z;4.4545;4.467;7000;7000
2026-06-08T13:50:35.0000000Z;4.455;4.467;7000;7000
2026-06-08T13:51:39.0000000Z;4.455;4.4675;7000;7000
2026-06-08T13:51:46.0000000Z;4.4555;4.4675;7000;7000
2026-06-08T13:52:09.0000000Z;4.4555;4.468;7000;7000
2026-06-08T13:52:24.0000000Z;4.4555;4.4675;7000;7000
2026-06-08T13:52:32.0000000Z;4.4555;4.468;7000;7000
2026-06-08T13:53:52.0000000Z;4.4545;4.467;7000;7000
2026-06-08T13:54:49.0000000Z;4.4555;4.468;7000;7000
2026-06-08T13:55:54.0000000Z;4.4545;4.467;7000;7000
2026-06-08T13:58:41.0000000Z;4.4545;4.4665;12000;7000
2026-06-08T13:59:58.0000000Z;4.454;4.466;7000;7000
2026-06-08T13:59:59.0000000Z;4.453;4.4745;7000;7000
2026-06-08T14:00:00.0000000Z;4.454;4.4665;7000;7000
2026-06-08T14:00:05.0000000Z;4.454;4.4665;7000;7000
2026-06-08T14:00:07.0000000Z;4.4545;4.4665;7000;7000
2026-06-08T14:01:55.0000000Z;4.453;4.4655;7000;7000
2026-06-08T14:02:11.0000000Z;4.453;4.465;7000;7000
2026-06-08T14:02:25.0000000Z;4.453;4.4655;7000;7000
2026-06-08T14:06:57.0000000Z;4.454;4.4665;7000;7000
2026-06-08T14:07:00.0000000Z;4.454;4.466;7000;7000
2026-06-08T14:07:23.0000000Z;4.454;4.4665;7000;7000
2026-06-08T14:15:53.0000000Z;4.455;4.4675;7000;7000
2026-06-08T14:16:51.0000000Z;4.4555;4.468;7000;7000
2026-06-08T14:20:35.0000000Z;4.4565;4.469;7000;7000
2026-06-08T14:21:10.0000000Z;4.4575;4.47;7000;7000
2026-06-08T14:22:50.0000000Z;4.457;4.4695;7000;7000
2026-06-08T14:23:07.0000000Z;4.4565;4.469;7000;7000
2026-06-08T14:35:42.0000000Z;4.4545;4.467;7000;7000
2026-06-08T14:35:58.0000000Z;4.455;4.467;7000;7000
2026-06-08T14:36:19.0000000Z;4.455;4.4675;7000;7000
2026-06-08T14:37:25.0000000Z;4.4555;4.4675;7000;7000
2026-06-08T14:37:26.0000000Z;4.4555;4.468;7000;7000
2026-06-08T14:37:54.0000000Z;4.456;4.468;7000;7000
2026-06-08T14:38:17.0000000Z;4.4555;4.468;7000;7000
2026-06-08T14:38:50.0000000Z;4.4555;4.4675;7000;7000
2026-06-08T14:39:04.0000000Z;4.4555;4.468;7000;7000
2026-06-08T14:39:39.0000000Z;4.4555;4.4675;7000;7000
2026-06-08T14:39:48.0000000Z;4.456;4.468;7000;7000
2026-06-08T14:40:09.0000000Z;4.4555;4.468;7000;7000
2026-06-08T14:40:20.0000000Z;4.456;4.468;7000;7000
2026-06-08T14:40:21.0000000Z;4.4555;4.468;7000;7000
2026-06-08T14:40:23.0000000Z;4.456;4.468;7000;7000
2026-06-08T14:40:24.0000000Z;4.455;4.477;7000;7000
2026-06-08T14:40:25.0000000Z;4.4555;4.477;7000;7000
2026-06-08T14:40:26.0000000Z;4.4575;4.4695;7000;7000
2026-06-08T14:40:29.0000000Z;4.4575;4.47;7000;7000
2026-06-08T14:41:14.0000000Z;4.458;4.47;7000;7000
2026-06-08T14:42:17.0000000Z;4.458;4.4705;7000;7000
2026-06-08T14:42:36.0000000Z;4.458;4.47;7000;7000
2026-06-08T14:42:37.0000000Z;4.458;4.4705;7000;7000
2026-06-08T14:43:09.0000000Z;4.4575;4.47;7000;7000
2026-06-08T14:43:21.0000000Z;4.4575;4.4695;7000;7000
2026-06-08T14:43:31.0000000Z;4.4575;4.4695;7000;7000
2026-06-08T14:44:16.0000000Z;4.4575;4.47;7000;7000
2026-06-08T14:45:11.0000000Z;4.4575;4.4695;7000;7000
2026-06-08T14:46:47.0000000Z;4.4565;4.469;7000;7000
2026-06-08T14:47:44.0000000Z;4.457;4.4695;7000;7000
2026-06-08T14:47:51.0000000Z;4.4565;4.469;7000;7000
2026-06-08T14:47:56.0000000Z;4.457;4.469;7000;7000
2026-06-08T14:49:53.0000000Z;4.458;4.4705;7000;7000
2026-06-08T14:50:13.0000000Z;4.458;4.47;7000;7000
2026-06-08T14:50:18.0000000Z;4.458;4.4705;7000;7000
2026-06-08T14:50:23.0000000Z;4.4585;4.471;7000;7000
2026-06-08T14:50:44.0000000Z;4.458;4.4705;7000;7000
2026-06-08T14:50:48.0000000Z;4.458;4.47;7000;7000
2026-06-08T14:52:25.0000000Z;4.4565;4.469;7000;7000
2026-06-08T14:53:02.0000000Z;4.4565;4.4685;7000;7000
2026-06-08T14:53:11.0000000Z;4.456;4.4685;7000;7000
2026-06-08T14:53:34.0000000Z;4.4555;4.468;7000;7000
2026-06-08T14:53:51.0000000Z;4.455;4.4675;7000;7000
2026-06-08T14:53:52.0000000Z;4.4555;4.468;7000;7000
2026-06-08T14:54:17.0000000Z;4.456;4.468;7000;7000
2026-06-08T14:54:25.0000000Z;4.456;4.4685;7000;7000
2026-06-08T14:54:40.0000000Z;4.456;4.468;7000;7000
