2026-06-08T07:57:46.0000000Z;32.115;32.225;1900;1900
2026-06-08T08:00:02.0000000Z;32.105;32.215;1900;1900
2026-06-08T08:01:00.0000000Z;32.095;32.2;1900;1900
2026-06-08T08:01:01.0000000Z;32.09;32.2;1900;1900
2026-06-08T08:02:45.0000000Z;32.085;32.185;1900;1900
2026-06-08T08:02:46.0000000Z;32.09;32.185;1200;1900
2026-06-08T08:02:49.0000000Z;32.085;32.185;1200;1900
2026-06-08T08:02:53.0000000Z;32.08;32.185;1200;1900
2026-06-08T08:04:42.0000000Z;32.08;32.185;1200;1900
2026-06-08T08:06:29.0000000Z;32.095;32.185;1200;1900
2026-06-08T08:06:30.0000000Z;32.09;32.195;1900;1900
2026-06-08T08:06:32.0000000Z;32.09;32.2;1900;1900
2026-06-08T08:14:11.0000000Z;32.1;32.2;1200;1900
2026-06-08T08:15:49.0000000Z;32.09;32.2;1900;1900
2026-06-08T08:18:16.0000000Z;32.105;32.2;1200;1900
2026-06-08T08:20:28.0000000Z;32.09;32.2;1900;1900
2026-06-08T08:23:00.0000000Z;32.085;32.195;1900;1900
2026-06-08T08:23:01.0000000Z;32.085;32.185;1900;1900
2026-06-08T08:23:03.0000000Z;32.075;32.185;1900;1900
2026-06-08T08:24:20.0000000Z;32.08;32.185;1200;1900
2026-06-08T08:24:35.0000000Z;32.085;32.185;1200;1900
2026-06-08T08:25:53.0000000Z;32.09;32.185;1900;1900
2026-06-08T08:25:54.0000000Z;32.09;32.195;1900;1900
2026-06-08T08:25:56.0000000Z;32.09;32.2;1900;1900
2026-06-08T08:35:36.0000000Z;32.085;32.2;1900;1900
2026-06-08T08:35:37.0000000Z;32.085;32.185;1900;1900
2026-06-08T08:35:40.0000000Z;32.075;32.185;1900;1900
2026-06-08T08:39:07.0000000Z;32.065;32.175;1900;1900
2026-06-08T08:42:52.0000000Z;32.08;32.175;1200;1900
2026-06-08T08:43:07.0000000Z;32.085;32.175;1200;1900
2026-06-08T08:43:08.0000000Z;32.08;32.18;1900;1200
2026-06-08T08:43:09.0000000Z;32.08;32.19;1900;1200
2026-06-08T08:43:27.0000000Z;32.08;32.19;1900;1900
2026-06-08T08:45:18.0000000Z;32.08;32.19;1900;1200
2026-06-08T08:47:05.0000000Z;32.075;32.19;1900;1200
2026-06-08T08:47:06.0000000Z;32.075;32.185;1900;1200
2026-06-08T08:47:07.0000000Z;32.075;32.175;1900;1200
2026-06-08T08:47:08.0000000Z;32.07;32.175;1900;1200
2026-06-08T08:49:05.0000000Z;32.07;32.18;1900;1900
2026-06-08T08:49:08.0000000Z;32.085;32.18;1200;1900
2026-06-08T08:49:14.0000000Z;32.1;32.18;1200;1900
2026-06-08T08:49:15.0000000Z;32.08;32.185;1900;1900
2026-06-08T08:49:16.0000000Z;32.08;32.195;1900;1900
2026-06-08T08:50:58.0000000Z;32.075;32.18;1900;1900
2026-06-08T08:51:01.0000000Z;32.07;32.18;1900;1900
2026-06-08T08:57:22.0000000Z;32.085;32.18;1900;1900
2026-06-08T08:57:23.0000000Z;32.085;32.19;1900;1900
2026-06-08T08:57:24.0000000Z;32.085;32.195;1900;1900
2026-06-08T08:57:54.0000000Z;32.1;32.21;1900;1900
2026-06-08T09:05:57.0000000Z;32.1;32.195;1900;1200
2026-06-08T09:06:19.0000000Z;32.09;32.2;1900;1900
2026-06-08T09:06:20.0000000Z;32.085;32.195;1900;1900
2026-06-08T09:15:22.0000000Z;32.09;32.195;1200;1900
2026-06-08T09:15:24.0000000Z;32.095;32.195;1200;1900
2026-06-08T09:15:25.0000000Z;32.105;32.2;1200;1900
2026-06-08T09:15:26.0000000Z;32.105;32.21;1200;1900
2026-06-08T09:15:27.0000000Z;32.1;32.21;1900;1900
2026-06-08T09:29:00.0000000Z;32.1;32.21;2;2
2026-06-08T09:29:02.0000000Z;32.1;32.21;1;1
2026-06-08T09:35:43.0000000Z;32.1;32.195;1900;1200
2026-06-08T09:36:38.0000000Z;32.1;32.21;1900;1900
2026-06-08T09:36:42.0000000Z;32.105;32.21;1900;1900
2026-06-08T09:36:43.0000000Z;32.115;32.215;1900;1900
2026-06-08T09:36:44.0000000Z;32.115;32.225;1900;1900
2026-06-08T09:36:47.0000000Z;32.11;32.22;1900;1900
2026-06-08T09:36:52.0000000Z;32.1;32.21;1900;1900
2026-06-08T09:37:15.0000000Z;32.115;32.2;1200;1200
2026-06-08T09:37:16.0000000Z;32.1;32.21;1900;1900
2026-06-08T09:37:41.0000000Z;32.1;32.2;1900;1200
2026-06-08T09:37:46.0000000Z;32.095;32.2;1900;1200
2026-06-08T09:37:47.0000000Z;32.095;32.205;1900;1900
2026-06-08T09:37:48.0000000Z;32.095;32.2;1900;1900
2026-06-08T09:37:50.0000000Z;32.09;32.2;1900;1900
2026-06-08T09:37:52.0000000Z;32.095;32.2;1200;1900
2026-06-08T09:39:06.0000000Z;32.09;32.2;1900;1900
2026-06-08T09:40:11.0000000Z;32.095;32.2;1200;1900
2026-06-08T09:40:46.0000000Z;32.11;32.2;1200;1900
2026-06-08T09:40:47.0000000Z;32.11;32.205;1200;1900
2026-06-08T09:40:49.0000000Z;32.11;32.21;1200;1900
2026-06-08T09:41:11.0000000Z;32.1;32.21;1900;1900
2026-06-08T09:42:53.0000000Z;32.115;32.21;1200;1900
2026-06-08T09:42:58.0000000Z;32.125;32.21;1200;1900
2026-06-08T09:42:59.0000000Z;32.12;32.215;1900;1200
2026-06-08T09:43:01.0000000Z;32.12;32.225;1900;1200
2026-06-08T09:43:19.0000000Z;32.12;32.23;1900;1900
2026-06-08T09:43:45.0000000Z;32.135;32.24;1900;1900
2026-06-08T10:00:00.0000000Z;32.14;32.25;1900;1900
2026-06-08T10:00:01.0000000Z;32.145;32.24;1900;1200
2026-06-08T10:00:03.0000000Z;32.145;32.25;1900;1200
2026-06-08T10:00:35.0000000Z;32.145;32.26;1900;1900
2026-06-08T10:02:02.0000000Z;32.14;32.25;1900;1900
2026-06-08T10:02:05.0000000Z;32.135;32.245;1900;1900
2026-06-08T10:02:09.0000000Z;32.135;32.23;1900;1200
2026-06-08T10:02:10.0000000Z;32.135;32.245;1900;1900
2026-06-08T10:02:13.0000000Z;32.135;32.23;1900;1200
2026-06-08T10:02:15.0000000Z;32.135;32.245;1900;1900
2026-06-08T10:06:44.0000000Z;32.145;32.245;1200;1900
2026-06-08T10:06:52.0000000Z;32.16;32.245;1200;1900
2026-06-08T10:06:53.0000000Z;32.15;32.25;1900;1900
2026-06-08T10:06:54.0000000Z;32.15;32.26;1900;1900
2026-06-08T10:10:06.0000000Z;32.15;32.25;1200;1900
2026-06-08T10:10:07.0000000Z;32.145;32.245;1200;1900
2026-06-08T10:10:17.0000000Z;32.135;32.245;1900;1900
2026-06-08T10:11:55.0000000Z;32.145;32.245;1200;1900
2026-06-08T10:13:22.0000000Z;32.15;32.245;1900;1900
2026-06-08T10:13:23.0000000Z;32.15;32.26;1900;1900
2026-06-08T10:16:41.0000000Z;32.15;32.245;1200;1900
2026-06-08T10:16:45.0000000Z;32.145;32.245;1900;1900
2026-06-08T10:16:46.0000000Z;32.135;32.245;1900;1900
2026-06-08T10:22:52.0000000Z;32.135;32.23;1900;1200
2026-06-08T10:25:16.0000000Z;32.135;32.245;1900;1900
2026-06-08T10:34:12.0000000Z;32.145;32.245;1900;1900
2026-06-08T10:34:14.0000000Z;32.145;32.25;1900;1900
2026-06-08T10:34:16.0000000Z;32.15;32.26;1900;1900
2026-06-08T10:34:33.0000000Z;32.14;32.275;1200;1200
2026-06-08T10:34:34.0000000Z;32.04;32.345;1900;1200
2026-06-08T10:34:36.0000000Z;31.99;32.39;1900;1200
2026-06-08T10:34:53.0000000Z;32.02;32.425;1200;1900
2026-06-08T10:34:54.0000000Z;32.02;32.43;1200;1900
2026-06-08T10:35:07.0000000Z;31.95;32.46;1900;1200
2026-06-08T10:35:10.0000000Z;31.915;32.49;1900;1200
2026-06-08T10:35:16.0000000Z;31.92;32.49;1200;1200
2026-06-08T10:35:17.0000000Z;31.92;32.485;1200;1200
2026-06-08T10:35:18.0000000Z;31.925;32.48;1200;1200
2026-06-08T10:36:09.0000000Z;32.085;32.3;1900;1900
2026-06-08T10:43:13.0000000Z;32.09;32.3;1200;1900
2026-06-08T10:43:29.0000000Z;32.085;32.3;1900;1900
2026-06-08T10:43:30.0000000Z;32.09;32.3;1200;1900
2026-06-08T10:43:57.0000000Z;32.085;32.3;1900;1900
2026-06-08T10:45:16.0000000Z;32.09;32.3;1200;1900
2026-06-08T10:45:36.0000000Z;32.085;32.3;1900;1900
2026-06-08T11:03:49.0000000Z;32.125;32.275;1900;1900
2026-06-08T11:03:50.0000000Z;32.125;32.255;1900;1900
2026-06-08T11:04:05.0000000Z;32.13;32.24;1900;1900
2026-06-08T11:04:57.0000000Z;32.18;32.255;1200;1900
2026-06-08T11:04:58.0000000Z;32.13;32.25;1900;1200
2026-06-08T11:04:59.0000000Z;32.13;32.24;1900;1200
2026-06-08T11:05:30.0000000Z;32.135;32.24;1900;1200
2026-06-08T11:10:45.0000000Z;32.13;32.245;1900;1200
2026-06-08T11:10:46.0000000Z;32.11;32.265;1100;1100
2026-06-08T11:10:47.0000000Z;32.11;32.265;800;800
2026-06-08T11:10:56.0000000Z;32.115;32.27;800;800
2026-06-08T11:10:57.0000000Z;32.12;32.275;800;800
2026-06-08T11:10:58.0000000Z;32.115;32.275;800;800
2026-06-08T11:10:59.0000000Z;32.1;32.29;800;800
2026-06-08T11:11:03.0000000Z;32.11;32.3;800;800
2026-06-08T11:11:04.0000000Z;32.105;32.295;800;800
2026-06-08T11:11:05.0000000Z;32.135;32.3;800;800
2026-06-08T11:11:07.0000000Z;32.12;32.29;800;800
2026-06-08T11:11:09.0000000Z;32.125;32.295;800;800
2026-06-08T11:11:10.0000000Z;32.125;32.29;800;800
2026-06-08T11:11:11.0000000Z;32.125;32.29;800;800
2026-06-08T11:11:15.0000000Z;32.12;32.29;800;800
2026-06-08T11:11:24.0000000Z;32.125;32.29;800;800
2026-06-08T11:11:25.0000000Z;32.12;32.29;800;800
2026-06-08T11:11:26.0000000Z;32.125;32.29;800;800
2026-06-08T11:11:30.0000000Z;32.12;32.29;800;800
2026-06-08T11:11:39.0000000Z;32.125;32.295;800;800
2026-06-08T11:11:49.0000000Z;32.125;32.295;800;800
2026-06-08T11:11:53.0000000Z;32.13;32.295;800;800
2026-06-08T11:11:54.0000000Z;32.125;32.295;800;800
2026-06-08T11:11:56.0000000Z;32.13;32.295;800;800
2026-06-08T11:11:58.0000000Z;32.125;32.295;800;800
2026-06-08T11:12:00.0000000Z;32.13;32.295;800;800
2026-06-08T11:12:01.0000000Z;32.125;32.295;800;800
2026-06-08T11:12:05.0000000Z;32.13;32.295;800;800
2026-06-08T11:12:06.0000000Z;32.125;32.295;800;800
2026-06-08T11:12:18.0000000Z;32.13;32.295;800;800
2026-06-08T11:12:20.0000000Z;32.13;32.3;800;800
2026-06-08T11:12:30.0000000Z;32.13;32.295;800;800
2026-06-08T11:12:36.0000000Z;32.13;32.3;800;800
2026-06-08T11:12:37.0000000Z;32.13;32.3;800;800
2026-06-08T11:12:38.0000000Z;32.13;32.295;800;800
2026-06-08T11:12:42.0000000Z;32.13;32.3;800;800
2026-06-08T11:12:52.0000000Z;32.155;32.265;1200;1200
2026-06-08T11:12:53.0000000Z;32.16;32.26;1200;1200
2026-06-08T11:12:54.0000000Z;32.16;32.255;1200;1200
2026-06-08T11:12:57.0000000Z;32.16;32.27;1200;1900
2026-06-08T11:15:01.0000000Z;32.175;32.275;1200;1900
2026-06-08T11:15:03.0000000Z;32.175;32.285;1200;1900
2026-06-08T11:15:11.0000000Z;32.17;32.28;1200;1900
2026-06-08T11:15:12.0000000Z;32.175;32.28;1200;1900
2026-06-08T11:15:13.0000000Z;32.165;32.28;1900;1900
2026-06-08T11:15:14.0000000Z;32.16;32.27;1900;1900
2026-06-08T11:15:17.0000000Z;32.115;32.385;1200;1900
2026-06-08T11:15:18.0000000Z;32.115;32.305;1200;1900
2026-06-08T11:15:20.0000000Z;32.09;32.33;1200;1900
2026-06-08T11:15:24.0000000Z;32.085;32.33;1200;1900
2026-06-08T11:16:04.0000000Z;32.085;32.33;1900;1900
2026-06-08T11:16:05.0000000Z;32.085;32.33;1200;1900
2026-06-08T11:16:19.0000000Z;32.08;32.33;1900;1900
2026-06-08T11:16:21.0000000Z;32.085;32.33;1200;1900
2026-06-08T11:17:45.0000000Z;32.08;32.33;1900;1900
2026-06-08T11:18:53.0000000Z;32.085;32.33;1900;1900
2026-06-08T11:18:54.0000000Z;32.085;32.33;1200;1900
2026-06-08T11:18:55.0000000Z;32.08;32.33;1900;1900
2026-06-08T11:18:58.0000000Z;32.085;32.33;1200;1900
2026-06-08T11:19:15.0000000Z;32.08;32.33;1900;1900
2026-06-08T11:19:17.0000000Z;32.085;32.33;1200;1900
2026-06-08T11:19:25.0000000Z;32.085;32.33;1900;1900
2026-06-08T11:19:26.0000000Z;32.085;32.33;1200;1900
2026-06-08T11:19:46.0000000Z;32.085;32.33;1200;1900
2026-06-08T11:19:48.0000000Z;32.08;32.33;1900;1900
2026-06-08T11:19:49.0000000Z;32.085;32.33;1200;1900
2026-06-08T11:20:19.0000000Z;32.085;32.325;1200;1200
2026-06-08T11:20:23.0000000Z;32.085;32.325;1900;1200
2026-06-08T11:20:24.0000000Z;32.08;32.325;1900;1200
2026-06-08T11:20:32.0000000Z;32.085;32.325;1200;1200
2026-06-08T11:20:35.0000000Z;32.08;32.325;1900;1200
2026-06-08T11:20:39.0000000Z;32.085;32.325;1200;1200
2026-06-08T11:20:41.0000000Z;32.08;32.325;1900;1200
2026-06-08T11:20:51.0000000Z;32.085;32.325;1200;1200
2026-06-08T11:21:00.0000000Z;32.085;32.325;1200;1200
2026-06-08T11:21:01.0000000Z;32.08;32.325;1900;1200
2026-06-08T11:21:02.0000000Z;32.085;32.325;1200;1200
2026-06-08T11:23:03.0000000Z;32.085;32.33;1200;1900
2026-06-08T11:24:42.0000000Z;32.085;32.33;1200;1900
2026-06-08T11:26:03.0000000Z;32.085;32.325;1200;1900
2026-06-08T11:26:04.0000000Z;32.085;32.325;1200;1200
2026-06-08T11:28:35.0000000Z;32.08;32.325;1900;1200
2026-06-08T11:28:37.0000000Z;32.085;32.325;1200;1200
2026-06-08T11:28:38.0000000Z;32.08;32.325;1900;1200
2026-06-08T11:28:39.0000000Z;32.085;32.325;1200;1200
2026-06-08T11:28:54.0000000Z;32.085;32.325;1200;1200
2026-06-08T11:29:32.0000000Z;32.08;32.325;1900;1200
2026-06-08T11:29:46.0000000Z;32.085;32.325;1200;1200
2026-06-08T11:30:03.0000000Z;32.08;32.325;1900;1200
2026-06-08T11:30:14.0000000Z;32.085;32.325;1200;1200
2026-06-08T11:30:25.0000000Z;32.08;32.325;1900;1200
2026-06-08T11:30:37.0000000Z;32.085;32.325;1200;1200
2026-06-08T11:31:16.0000000Z;32.08;32.325;1900;1200
2026-06-08T11:31:19.0000000Z;32.085;32.325;1200;1200
2026-06-08T11:32:02.0000000Z;32.08;32.325;1900;1200
2026-06-08T11:34:13.0000000Z;32.085;32.325;1200;1200
2026-06-08T11:35:10.0000000Z;32.08;32.325;1900;1200
2026-06-08T11:35:25.0000000Z;32.085;32.325;1200;1200
2026-06-08T11:36:09.0000000Z;32.085;32.33;1200;1900
2026-06-08T11:40:35.0000000Z;32.085;32.325;1200;1200
2026-06-08T11:41:27.0000000Z;32.085;32.33;1200;1900
2026-06-08T11:44:14.0000000Z;32.08;32.33;1900;1900
2026-06-08T11:44:17.0000000Z;32.08;32.325;1900;1200
2026-06-08T11:44:58.0000000Z;32.085;32.325;1200;1200
2026-06-08T11:45:07.0000000Z;32.08;32.325;1900;1200
