2026-06-08T07:54:48.0000000Z;24.375;24.495;500;500
2026-06-08T08:00:23.0000000Z;24.375;24.49;500;500
2026-06-08T08:00:33.0000000Z;24.375;24.485;500;500
2026-06-08T08:01:24.0000000Z;24.375;24.48;500;500
2026-06-08T08:01:26.0000000Z;24.375;24.485;500;500
2026-06-08T08:01:34.0000000Z;24.375;24.48;500;500
2026-06-08T08:03:13.0000000Z;24.375;24.455;500;500
2026-06-08T08:03:37.0000000Z;24.375;24.48;500;500
2026-06-08T08:04:09.0000000Z;24.375;24.485;500;500
2026-06-08T08:04:11.0000000Z;24.375;24.48;500;500
2026-06-08T08:04:14.0000000Z;24.375;24.485;500;500
2026-06-08T08:04:40.0000000Z;24.375;24.49;500;500
2026-06-08T08:04:51.0000000Z;24.375;24.495;500;500
2026-06-08T08:04:51.0000000Z;24.375;24.495;500;500
2026-06-08T08:10:13.0000000Z;24.375;24.49;500;500
2026-06-08T08:10:17.0000000Z;24.375;24.495;500;500
2026-06-08T08:10:20.0000000Z;24.375;24.49;500;500
2026-06-08T08:10:28.0000000Z;24.375;24.485;500;500
2026-06-08T08:10:35.0000000Z;24.375;24.48;500;500
2026-06-08T08:10:42.0000000Z;24.375;24.485;500;500
2026-06-08T08:10:46.0000000Z;24.375;24.48;500;500
2026-06-08T08:10:54.0000000Z;24.375;24.485;500;500
2026-06-08T08:11:00.0000000Z;24.375;24.48;500;500
2026-06-08T08:11:05.0000000Z;24.375;24.485;500;500
2026-06-08T08:11:14.0000000Z;24.375;24.48;500;500
2026-06-08T08:11:17.0000000Z;24.375;24.485;500;500
2026-06-08T08:11:24.0000000Z;24.375;24.48;500;500
2026-06-08T08:11:44.0000000Z;24.375;24.485;500;500
2026-06-08T08:11:50.0000000Z;24.375;24.49;500;500
2026-06-08T08:11:58.0000000Z;24.375;24.495;500;500
2026-06-08T08:12:00.0000000Z;24.375;24.49;500;500
2026-06-08T08:12:02.0000000Z;24.375;24.495;500;500
2026-06-08T08:13:09.0000000Z;24.375;24.49;500;500
2026-06-08T08:13:13.0000000Z;24.375;24.495;500;500
2026-06-08T08:13:13.0000000Z;24.375;24.495;500;500
2026-06-08T08:13:13.0000000Z;24.375;24.495;500;500
2026-06-08T08:21:24.0000000Z;24.375;24.49;500;500
2026-06-08T08:21:30.0000000Z;24.375;24.485;500;500
2026-06-08T08:21:32.0000000Z;24.375;24.49;500;500
2026-06-08T08:21:39.0000000Z;24.375;24.485;500;500
2026-06-08T08:22:04.0000000Z;24.375;24.49;500;500
2026-06-08T08:22:06.0000000Z;24.375;24.485;500;500
2026-06-08T08:22:15.0000000Z;24.375;24.48;500;500
2026-06-08T08:22:17.0000000Z;24.375;24.485;500;500
2026-06-08T08:22:53.0000000Z;24.375;24.49;500;500
2026-06-08T08:22:56.0000000Z;24.375;24.485;500;500
2026-06-08T08:23:03.0000000Z;24.375;24.48;500;500
2026-06-08T08:23:40.0000000Z;24.375;24.485;500;500
2026-06-08T08:23:48.0000000Z;24.375;24.48;500;500
2026-06-08T08:23:51.0000000Z;24.375;24.485;500;500
2026-06-08T08:24:03.0000000Z;24.375;24.48;500;500
2026-06-08T08:24:06.0000000Z;24.375;24.485;500;500
2026-06-08T08:24:06.0000000Z;24.375;24.485;500;500
2026-06-08T08:26:41.0000000Z;24.375;24.49;500;500
2026-06-08T08:27:16.0000000Z;24.375;24.495;500;500
2026-06-08T08:27:18.0000000Z;24.375;24.49;500;500
2026-06-08T08:28:31.0000000Z;24.375;24.495;500;500
2026-06-08T08:28:33.0000000Z;24.375;24.49;500;500
2026-06-08T08:29:16.0000000Z;24.375;24.485;500;500
2026-06-08T08:29:26.0000000Z;24.375;24.49;500;500
2026-06-08T08:29:34.0000000Z;24.375;24.485;500;500
2026-06-08T08:29:37.0000000Z;24.375;24.49;500;500
2026-06-08T08:29:48.0000000Z;24.375;24.485;500;500
2026-06-08T08:29:52.0000000Z;24.375;24.49;500;500
2026-06-08T08:30:33.0000000Z;24.375;24.485;500;500
2026-06-08T08:30:37.0000000Z;24.375;24.49;500;500
2026-06-08T08:30:39.0000000Z;24.375;24.485;500;500
2026-06-08T08:30:46.0000000Z;24.375;24.49;500;500
2026-06-08T08:30:46.0000000Z;24.375;24.49;500;500
2026-06-08T08:32:07.0000000Z;24.375;24.495;500;500
2026-06-08T08:33:54.0000000Z;24.375;24.49;500;500
2026-06-08T08:34:46.0000000Z;24.375;24.485;500;500
2026-06-08T08:34:50.0000000Z;24.375;24.49;500;500
2026-06-08T08:34:52.0000000Z;24.375;24.485;500;500
2026-06-08T08:34:58.0000000Z;24.375;24.49;500;500
2026-06-08T08:35:01.0000000Z;24.375;24.485;500;500
2026-06-08T08:35:05.0000000Z;24.375;24.49;500;500
2026-06-08T08:35:37.0000000Z;24.375;24.485;500;500
2026-06-08T08:35:37.0000000Z;24.375;24.485;500;500
2026-06-08T08:36:04.0000000Z;24.375;24.48;500;500
2026-06-08T08:36:07.0000000Z;24.375;24.485;500;500
2026-06-08T08:36:15.0000000Z;24.375;24.48;500;500
2026-06-08T08:36:20.0000000Z;24.375;24.485;500;500
2026-06-08T08:36:23.0000000Z;24.375;24.48;500;500
2026-06-08T08:37:07.0000000Z;24.375;24.475;500;500
2026-06-08T08:37:09.0000000Z;24.375;24.48;500;500
2026-06-08T08:37:18.0000000Z;24.375;24.475;500;500
2026-06-08T08:37:39.0000000Z;24.375;24.48;500;500
2026-06-08T08:37:42.0000000Z;24.375;24.475;500;500
2026-06-08T08:37:46.0000000Z;24.375;24.48;500;500
2026-06-08T08:37:52.0000000Z;24.375;24.475;500;500
2026-06-08T08:37:56.0000000Z;24.375;24.48;500;500
2026-06-08T08:38:08.0000000Z;24.375;24.475;500;500
2026-06-08T08:38:11.0000000Z;24.375;24.48;500;500
2026-06-08T08:38:48.0000000Z;24.375;24.475;500;500
2026-06-08T08:38:51.0000000Z;24.375;24.48;500;500
2026-06-08T08:39:04.0000000Z;24.375;24.475;500;500
2026-06-08T08:40:45.0000000Z;24.375;24.47;500;500
2026-06-08T08:40:49.0000000Z;24.375;24.465;500;500
2026-06-08T08:41:04.0000000Z;24.375;24.46;500;500
2026-06-08T08:41:07.0000000Z;24.375;24.465;500;500
2026-06-08T08:41:12.0000000Z;24.375;24.46;500;500
2026-06-08T08:41:52.0000000Z;24.375;24.455;500;500
2026-06-08T08:42:02.0000000Z;24.375;24.46;500;500
2026-06-08T08:42:08.0000000Z;24.375;24.455;500;500
2026-06-08T08:42:11.0000000Z;24.375;24.46;500;500
2026-06-08T08:42:12.0000000Z;24.37;24.46;500;500
2026-06-08T08:42:13.0000000Z;24.37;24.455;500;500
2026-06-08T08:42:14.0000000Z;24.355;24.455;500;500
2026-06-08T08:42:34.0000000Z;24.355;24.45;500;500
2026-06-08T08:42:42.0000000Z;24.355;24.455;500;500
2026-06-08T08:42:51.0000000Z;24.355;24.45;500;500
2026-06-08T08:42:53.0000000Z;24.355;24.455;500;500
2026-06-08T08:42:56.0000000Z;24.355;24.45;500;500
2026-06-08T08:43:05.0000000Z;24.355;24.455;500;500
2026-06-08T08:43:55.0000000Z;24.355;24.46;500;500
2026-06-08T08:44:38.0000000Z;24.355;24.455;500;500
2026-06-08T08:44:42.0000000Z;24.355;24.46;500;500
2026-06-08T08:44:44.0000000Z;24.355;24.455;500;500
2026-06-08T08:44:50.0000000Z;24.355;24.46;500;500
2026-06-08T08:44:54.0000000Z;24.355;24.455;500;500
2026-06-08T08:45:06.0000000Z;24.355;24.46;500;500
2026-06-08T08:45:11.0000000Z;24.355;24.455;500;500
2026-06-08T08:45:14.0000000Z;24.355;24.46;500;500
2026-06-08T08:45:14.0000000Z;24.355;24.46;500;500
2026-06-08T08:47:12.0000000Z;24.355;24.455;500;500
2026-06-08T08:47:48.0000000Z;24.355;24.45;500;500
2026-06-08T08:48:39.0000000Z;24.355;24.445;500;500
2026-06-08T08:48:46.0000000Z;24.355;24.45;500;500
2026-06-08T08:49:03.0000000Z;24.355;24.445;500;500
2026-06-08T08:49:07.0000000Z;24.355;24.45;500;500
2026-06-08T08:50:06.0000000Z;24.355;24.455;500;500
2026-06-08T08:50:11.0000000Z;24.355;24.45;500;500
2026-06-08T08:50:17.0000000Z;24.355;24.455;500;500
2026-06-08T08:50:49.0000000Z;24.355;24.46;500;500
2026-06-08T08:50:52.0000000Z;24.355;24.455;500;500
2026-06-08T08:50:55.0000000Z;24.355;24.46;500;500
2026-06-08T08:51:08.0000000Z;24.355;24.455;500;500
2026-06-08T08:52:11.0000000Z;24.355;24.45;500;500
2026-06-08T08:52:24.0000000Z;24.355;24.455;500;500
2026-06-08T08:52:36.0000000Z;24.355;24.45;500;500
2026-06-08T08:52:38.0000000Z;24.355;24.455;500;500
2026-06-08T08:52:59.0000000Z;24.355;24.45;500;500
2026-06-08T08:53:32.0000000Z;24.355;24.445;500;500
2026-06-08T08:54:30.0000000Z;24.355;24.44;500;500
2026-06-08T08:54:53.0000000Z;24.355;24.445;500;500
2026-06-08T08:54:55.0000000Z;24.355;24.44;500;500
2026-06-08T08:54:57.0000000Z;24.355;24.445;500;500
2026-06-08T08:55:00.0000000Z;24.355;24.44;500;500
2026-06-08T08:55:07.0000000Z;24.355;24.445;500;500
2026-06-08T08:55:22.0000000Z;24.355;24.44;500;500
2026-06-08T08:56:09.0000000Z;24.355;24.445;500;500
2026-06-08T08:56:12.0000000Z;24.355;24.44;500;500
2026-06-08T08:56:20.0000000Z;24.355;24.445;500;500
2026-06-08T08:56:22.0000000Z;24.355;24.44;500;500
2026-06-08T08:56:48.0000000Z;24.355;24.445;500;500
2026-06-08T08:58:31.0000000Z;24.355;24.45;500;500
2026-06-08T08:58:37.0000000Z;24.355;24.445;500;500
2026-06-08T08:58:43.0000000Z;24.355;24.45;500;500
2026-06-08T08:59:29.0000000Z;24.355;24.445;500;500
2026-06-08T08:59:30.0000000Z;24.35;24.445;500;500
2026-06-08T08:59:31.0000000Z;24.34;24.445;500;500
2026-06-08T08:59:38.0000000Z;24.34;24.45;500;500
2026-06-08T08:59:42.0000000Z;24.34;24.445;500;500
2026-06-08T08:59:52.0000000Z;24.34;24.45;500;500
2026-06-08T08:59:54.0000000Z;24.34;24.445;500;500
2026-06-08T08:59:59.0000000Z;24.34;24.45;500;500
2026-06-08T09:00:03.0000000Z;24.34;24.445;500;500
2026-06-08T09:00:13.0000000Z;24.34;24.45;500;500
2026-06-08T09:00:59.0000000Z;24.34;24.455;500;500
2026-06-08T09:01:03.0000000Z;24.34;24.45;500;500
2026-06-08T09:01:07.0000000Z;24.34;24.455;500;500
2026-06-08T09:01:27.0000000Z;24.34;24.46;500;500
2026-06-08T09:01:31.0000000Z;24.34;24.455;500;500
2026-06-08T09:01:38.0000000Z;24.34;24.46;500;500
2026-06-08T09:05:50.0000000Z;24.34;24.455;500;500
2026-06-08T09:05:50.0000000Z;24.34;24.455;500;500
2026-06-08T09:06:31.0000000Z;24.34;24.45;500;500
2026-06-08T09:06:33.0000000Z;24.34;24.455;500;500
2026-06-08T09:06:34.0000000Z;24.34;24.45;500;500
2026-06-08T09:06:37.0000000Z;24.34;24.455;500;500
2026-06-08T09:06:47.0000000Z;24.34;24.45;500;500
2026-06-08T09:07:09.0000000Z;24.34;24.445;500;500
2026-06-08T09:07:12.0000000Z;24.34;24.45;500;500
2026-06-08T09:07:27.0000000Z;24.34;24.445;500;500
2026-06-08T09:07:49.0000000Z;24.34;24.45;500;500
2026-06-08T09:07:51.0000000Z;24.34;24.445;500;500
2026-06-08T09:07:57.0000000Z;24.34;24.45;500;500
2026-06-08T09:08:04.0000000Z;24.34;24.445;500;500
2026-06-08T09:08:56.0000000Z;24.34;24.45;500;500
2026-06-08T09:08:58.0000000Z;24.34;24.445;500;500
2026-06-08T09:09:32.0000000Z;24.34;24.45;500;500
2026-06-08T09:09:35.0000000Z;24.34;24.445;500;500
2026-06-08T09:10:07.0000000Z;24.34;24.44;500;500
2026-06-08T09:10:09.0000000Z;24.34;24.445;500;500
2026-06-08T09:10:13.0000000Z;24.34;24.45;500;500
2026-06-08T09:10:47.0000000Z;24.34;24.455;500;500
2026-06-08T09:11:03.0000000Z;24.34;24.45;500;500
2026-06-08T09:11:24.0000000Z;24.34;24.455;500;500
2026-06-08T09:11:45.0000000Z;24.34;24.45;500;500
2026-06-08T09:11:47.0000000Z;24.34;24.455;500;500
2026-06-08T09:13:05.0000000Z;24.34;24.46;500;500
2026-06-08T09:13:07.0000000Z;24.34;24.455;500;500
2026-06-08T09:13:38.0000000Z;24.34;24.46;500;500
2026-06-08T09:13:38.0000000Z;24.34;24.46;500;500
2026-06-08T09:16:30.0000000Z;24.34;24.46;500;500
2026-06-08T09:16:32.0000000Z;24.34;24.46;500;500
2026-06-08T09:20:48.0000000Z;24.345;24.46;500;500
2026-06-08T09:20:48.0000000Z;24.345;24.46;500;500
2026-06-08T09:21:18.0000000Z;24.375;24.465;500;500
2026-06-08T09:21:19.0000000Z;24.375;24.49;500;500
2026-06-08T09:25:22.0000000Z;24.375;24.485;500;500
2026-06-08T09:25:28.0000000Z;24.375;24.49;500;500
2026-06-08T09:25:44.0000000Z;24.375;24.485;500;500
2026-06-08T09:25:44.0000000Z;24.375;24.485;500;500
2026-06-08T09:26:38.0000000Z;24.375;24.49;500;500
2026-06-08T09:26:40.0000000Z;24.375;24.485;500;500
2026-06-08T09:26:44.0000000Z;24.375;24.49;500;500
2026-06-08T09:26:46.0000000Z;24.375;24.485;500;500
2026-06-08T09:27:44.0000000Z;24.375;24.48;500;500
2026-06-08T09:27:46.0000000Z;24.375;24.485;500;500
2026-06-08T09:27:48.0000000Z;24.375;24.48;500;500
2026-06-08T09:27:52.0000000Z;24.375;24.485;500;500
2026-06-08T09:27:56.0000000Z;24.375;24.48;500;500
2026-06-08T09:28:17.0000000Z;24.375;24.475;500;500
2026-06-08T09:28:24.0000000Z;24.375;24.48;500;500
2026-06-08T09:28:27.0000000Z;24.375;24.475;500;500
2026-06-08T09:28:44.0000000Z;24.375;24.47;500;500
2026-06-08T09:29:36.0000000Z;24.375;24.475;500;500
2026-06-08T09:29:43.0000000Z;24.375;24.47;500;500
2026-06-08T09:30:03.0000000Z;24.375;24.475;500;500
2026-06-08T09:30:06.0000000Z;24.375;24.47;500;500
2026-06-08T09:30:09.0000000Z;24.375;24.475;500;500
2026-06-08T09:30:21.0000000Z;24.375;24.47;500;500
2026-06-08T09:30:50.0000000Z;24.375;24.475;500;500
2026-06-08T09:30:54.0000000Z;24.375;24.47;500;500
2026-06-08T09:30:57.0000000Z;24.375;24.475;500;500
2026-06-08T09:30:59.0000000Z;24.375;24.47;500;500
2026-06-08T09:30:59.0000000Z;24.375;24.47;500;500
2026-06-08T09:31:30.0000000Z;24.375;24.475;500;500
2026-06-08T09:31:33.0000000Z;24.375;24.47;500;500
2026-06-08T09:31:38.0000000Z;24.375;24.475;500;500
2026-06-08T09:31:41.0000000Z;24.375;24.47;500;500
2026-06-08T09:32:59.0000000Z;24.375;24.475;500;500
2026-06-08T09:33:07.0000000Z;24.375;24.47;500;500
2026-06-08T09:33:54.0000000Z;24.375;24.465;500;500
2026-06-08T09:33:56.0000000Z;24.375;24.47;500;500
2026-06-08T09:33:58.0000000Z;24.375;24.465;500;500
2026-06-08T09:34:00.0000000Z;24.375;24.47;500;500
2026-06-08T09:34:07.0000000Z;24.375;24.465;500;500
2026-06-08T09:34:28.0000000Z;24.375;24.46;500;500
2026-06-08T09:34:29.0000000Z;24.37;24.46;500;500
2026-06-08T09:34:31.0000000Z;24.355;24.46;500;500
2026-06-08T09:34:39.0000000Z;24.35;24.46;500;500
2026-06-08T09:34:41.0000000Z;24.345;24.46;500;500
2026-06-08T09:35:13.0000000Z;24.345;24.455;500;500
2026-06-08T09:35:17.0000000Z;24.345;24.46;500;500
2026-06-08T09:35:57.0000000Z;24.345;24.455;500;500
2026-06-08T09:35:57.0000000Z;24.345;24.455;500;500
2026-06-08T09:36:36.0000000Z;24.345;24.46;500;500
2026-06-08T09:36:41.0000000Z;24.36;24.46;500;500
2026-06-08T09:36:42.0000000Z;24.36;24.46;2289;500
2026-06-08T09:36:43.0000000Z;24.365;24.46;500;500
2026-06-08T09:36:44.0000000Z;24.37;24.465;500;500
2026-06-08T09:36:48.0000000Z;24.395;24.475;500;500
2026-06-08T09:36:49.0000000Z;24.395;24.495;500;500
2026-06-08T09:36:51.0000000Z;24.395;24.52;500;500
2026-06-08T09:36:54.0000000Z;24.395;24.515;500;500
2026-06-08T09:36:57.0000000Z;24.395;24.52;500;500
2026-06-08T09:37:03.0000000Z;24.405;24.52;500;500
2026-06-08T09:37:08.0000000Z;24.405;24.515;500;500
2026-06-08T09:37:27.0000000Z;24.405;24.52;500;500
2026-06-08T09:37:30.0000000Z;24.405;24.515;500;500
2026-06-08T09:37:33.0000000Z;24.405;24.52;500;500
2026-06-08T09:37:35.0000000Z;24.405;24.48;500;500
2026-06-08T09:39:06.0000000Z;24.4;24.48;500;500
2026-06-08T09:40:05.0000000Z;24.4;24.505;500;500
2026-06-08T09:41:15.0000000Z;24.4;24.51;500;500
2026-06-08T09:41:18.0000000Z;24.4;24.505;500;500
2026-06-08T09:42:12.0000000Z;24.4;24.5;500;500
2026-06-08T09:42:16.0000000Z;24.4;24.505;500;500
2026-06-08T09:42:25.0000000Z;24.4;24.5;500;500
2026-06-08T09:42:28.0000000Z;24.4;24.505;500;500
2026-06-08T09:43:01.0000000Z;24.4;24.51;500;500
2026-06-08T09:43:57.0000000Z;24.4;24.515;500;500
2026-06-08T09:44:16.0000000Z;24.4;24.52;500;500
2026-06-08T09:45:24.0000000Z;24.4;24.515;500;500
2026-06-08T09:45:27.0000000Z;24.4;24.52;500;500
2026-06-08T09:45:32.0000000Z;24.4;24.515;500;500
2026-06-08T09:45:37.0000000Z;24.4;24.52;500;500
2026-06-08T09:45:37.0000000Z;24.4;24.52;500;500
2026-06-08T09:46:11.0000000Z;24.4;24.52;500;500
2026-06-08T09:46:11.0000000Z;24.4;24.52;500;500
2026-06-08T09:51:41.0000000Z;24.4;24.515;500;500
2026-06-08T09:51:43.0000000Z;24.4;24.52;500;500
2026-06-08T09:51:48.0000000Z;24.4;24.515;500;500
2026-06-08T09:51:51.0000000Z;24.4;24.52;500;500
2026-06-08T09:51:58.0000000Z;24.4;24.515;500;500
2026-06-08T09:52:10.0000000Z;24.4;24.52;500;500
2026-06-08T09:52:16.0000000Z;24.4;24.515;500;500
2026-06-08T09:52:20.0000000Z;24.4;24.52;500;500
2026-06-08T09:53:08.0000000Z;24.4;24.515;500;500
2026-06-08T09:53:14.0000000Z;24.4;24.52;500;500
2026-06-08T09:53:22.0000000Z;24.4;24.515;500;500
2026-06-08T09:53:27.0000000Z;24.4;24.52;500;500
2026-06-08T09:54:19.0000000Z;24.4;24.515;500;500
2026-06-08T09:54:21.0000000Z;24.4;24.52;500;500
2026-06-08T09:54:25.0000000Z;24.4;24.515;500;500
2026-06-08T09:55:24.0000000Z;24.4;24.52;500;500
2026-06-08T09:55:27.0000000Z;24.4;24.515;500;500
2026-06-08T09:55:29.0000000Z;24.4;24.52;500;500
2026-06-08T09:55:38.0000000Z;24.4;24.515;500;500
2026-06-08T09:55:41.0000000Z;24.4;24.52;500;500
2026-06-08T09:55:43.0000000Z;24.4;24.515;500;500
2026-06-08T09:55:49.0000000Z;24.4;24.52;500;500
2026-06-08T09:55:51.0000000Z;24.4;24.515;500;500
2026-06-08T09:55:53.0000000Z;24.4;24.52;500;500
2026-06-08T09:55:59.0000000Z;24.4;24.515;500;500
2026-06-08T09:55:59.0000000Z;24.4;24.515;500;500
2026-06-08T09:56:27.0000000Z;24.4;24.52;500;500
2026-06-08T09:56:28.0000000Z;24.4;24.515;500;500
2026-06-08T09:56:52.0000000Z;24.4;24.51;500;500
2026-06-08T09:56:58.0000000Z;24.4;24.515;500;500
2026-06-08T09:57:04.0000000Z;24.4;24.51;500;500
2026-06-08T09:57:05.0000000Z;24.4;24.515;500;500
2026-06-08T09:57:10.0000000Z;24.4;24.51;500;500
2026-06-08T09:57:13.0000000Z;24.4;24.515;500;500
2026-06-08T09:57:51.0000000Z;24.4;24.51;500;500
2026-06-08T09:57:53.0000000Z;24.4;24.515;500;500
2026-06-08T09:57:55.0000000Z;24.4;24.51;500;500
2026-06-08T10:00:04.0000000Z;24.4;24.515;500;500
2026-06-08T10:00:25.0000000Z;24.4;24.51;500;500
2026-06-08T10:00:39.0000000Z;24.4;24.515;500;500
2026-06-08T10:00:47.0000000Z;24.4;24.51;500;500
2026-06-08T10:00:51.0000000Z;24.4;24.515;500;500
2026-06-08T10:00:51.0000000Z;24.4;24.515;500;500
2026-06-08T10:02:03.0000000Z;24.4;24.51;500;500
2026-06-08T10:02:08.0000000Z;24.4;24.5;500;500
2026-06-08T10:02:10.0000000Z;24.4;24.49;500;500
2026-06-08T10:02:15.0000000Z;24.395;24.49;500;500
2026-06-08T10:02:16.0000000Z;24.37;24.49;500;500
2026-06-08T10:02:42.0000000Z;24.375;24.49;500;500
2026-06-08T10:02:43.0000000Z;24.38;24.49;500;500
2026-06-08T10:02:44.0000000Z;24.375;24.49;500;500
2026-06-08T10:02:44.0000000Z;24.375;24.49;500;500
2026-06-08T10:08:00.0000000Z;24.405;24.495;500;500
2026-06-08T10:08:01.0000000Z;24.405;24.52;500;500
2026-06-08T10:08:01.0000000Z;24.405;24.52;500;500
2026-06-08T10:08:01.0000000Z;24.405;24.52;500;500
2026-06-08T10:17:16.0000000Z;24.405;24.515;500;500
2026-06-08T10:17:44.0000000Z;24.405;24.52;500;500
2026-06-08T10:17:46.0000000Z;24.405;24.515;500;500
2026-06-08T10:18:02.0000000Z;24.405;24.52;500;500
2026-06-08T10:18:06.0000000Z;24.405;24.515;500;500
2026-06-08T10:18:08.0000000Z;24.405;24.52;500;500
2026-06-08T10:18:12.0000000Z;24.405;24.515;500;500
2026-06-08T10:18:16.0000000Z;24.405;24.52;500;500
2026-06-08T10:18:17.0000000Z;24.405;24.515;500;500
2026-06-08T10:18:25.0000000Z;24.405;24.52;500;500
2026-06-08T10:18:27.0000000Z;24.405;24.515;500;500
2026-06-08T10:19:05.0000000Z;24.405;24.52;500;500
2026-06-08T10:19:07.0000000Z;24.405;24.515;500;500
2026-06-08T10:19:09.0000000Z;24.405;24.52;500;500
2026-06-08T10:19:11.0000000Z;24.405;24.515;500;500
2026-06-08T10:19:15.0000000Z;24.405;24.52;500;500
2026-06-08T10:19:26.0000000Z;24.405;24.515;500;500
2026-06-08T10:19:26.0000000Z;24.405;24.515;500;500
2026-06-08T10:22:46.0000000Z;24.4;24.515;500;500
2026-06-08T10:24:15.0000000Z;24.4;24.52;500;500
2026-06-08T10:24:15.0000000Z;24.4;24.52;500;500
2026-06-08T10:24:15.0000000Z;24.4;24.52;500;500
2026-06-08T10:34:14.0000000Z;24.45;24.52;2285;500
2026-06-08T10:34:15.0000000Z;24.45;24.535;2285;500
2026-06-08T10:34:16.0000000Z;24.455;24.535;500;500
2026-06-08T10:34:18.0000000Z;24.46;24.535;500;500
2026-06-08T10:34:19.0000000Z;24.46;24.58;500;500
2026-06-08T10:34:26.0000000Z;24.48;24.58;2285;500
2026-06-08T10:34:27.0000000Z;24.485;24.59;500;500
2026-06-08T10:34:28.0000000Z;24.49;24.59;500;500
2026-06-08T10:34:30.0000000Z;24.49;24.61;500;500
2026-06-08T10:34:31.0000000Z;24.49;24.615;411;2200
2026-06-08T10:34:32.0000000Z;24.485;24.615;411;405
2026-06-08T10:34:34.0000000Z;24.485;24.61;411;405
2026-06-08T10:34:37.0000000Z;24.465;24.61;411;405
2026-06-08T10:34:44.0000000Z;24.46;24.605;411;405
2026-06-08T10:34:55.0000000Z;24.455;24.6;411;405
2026-06-08T10:35:07.0000000Z;24.445;24.59;411;405
2026-06-08T10:35:10.0000000Z;24.435;24.585;411;405
2026-06-08T10:35:17.0000000Z;24.435;24.58;411;405
2026-06-08T10:35:19.0000000Z;24.435;24.585;411;405
2026-06-08T10:35:21.0000000Z;24.435;24.585;410;405
2026-06-08T10:35:27.0000000Z;24.4;24.63;410;405
2026-06-08T10:35:33.0000000Z;24.395;24.63;410;405
2026-06-08T10:35:34.0000000Z;24.39;24.63;410;405
2026-06-08T10:35:46.0000000Z;24.39;24.63;411;405
2026-06-08T10:35:51.0000000Z;24.385;24.63;5020;405
2026-06-08T10:35:52.0000000Z;24.395;24.63;411;405
2026-06-08T10:36:09.0000000Z;24.43;24.61;500;500
2026-06-08T10:36:09.0000000Z;24.43;24.61;500;500
2026-06-08T10:36:09.0000000Z;24.43;24.61;500;500
2026-06-08T10:46:51.0000000Z;24.43;24.605;500;500
2026-06-08T10:47:16.0000000Z;24.43;24.6;500;500
2026-06-08T10:47:22.0000000Z;24.43;24.595;500;500
2026-06-08T10:47:50.0000000Z;24.43;24.59;500;500
2026-06-08T10:47:52.0000000Z;24.43;24.595;500;500
2026-06-08T10:48:01.0000000Z;24.43;24.59;500;500
2026-06-08T10:49:12.0000000Z;24.43;24.6;500;500
2026-06-08T10:49:15.0000000Z;24.43;24.595;500;500
2026-06-08T10:49:22.0000000Z;24.43;24.6;500;500
2026-06-08T10:49:27.0000000Z;24.43;24.595;500;500
2026-06-08T10:49:32.0000000Z;24.43;24.6;500;500
2026-06-08T10:49:57.0000000Z;24.43;24.595;500;500
2026-06-08T10:50:29.0000000Z;24.43;24.6;500;500
2026-06-08T10:50:31.0000000Z;24.43;24.595;500;500
2026-06-08T10:51:04.0000000Z;24.43;24.59;500;500
2026-06-08T10:52:00.0000000Z;24.43;24.595;500;500
2026-06-08T10:52:02.0000000Z;24.43;24.59;500;500
2026-06-08T10:52:05.0000000Z;24.43;24.595;500;500
2026-06-08T10:52:37.0000000Z;24.43;24.59;500;500
2026-06-08T10:52:39.0000000Z;24.43;24.595;500;500
2026-06-08T10:52:42.0000000Z;24.43;24.59;500;500
2026-06-08T10:52:47.0000000Z;24.43;24.595;500;500
2026-06-08T10:52:53.0000000Z;24.43;24.59;500;500
2026-06-08T10:52:58.0000000Z;24.43;24.595;500;500
2026-06-08T10:53:00.0000000Z;24.43;24.59;500;500
2026-06-08T10:53:03.0000000Z;24.43;24.595;500;500
2026-06-08T10:53:22.0000000Z;24.43;24.59;500;500
2026-06-08T10:53:24.0000000Z;24.43;24.595;500;500
2026-06-08T10:53:29.0000000Z;24.43;24.59;500;500
2026-06-08T10:53:43.0000000Z;24.43;24.595;500;500
2026-06-08T10:54:01.0000000Z;24.43;24.59;500;500
2026-06-08T10:54:23.0000000Z;24.43;24.595;500;500
2026-06-08T10:54:25.0000000Z;24.43;24.59;500;500
2026-06-08T10:55:44.0000000Z;24.43;24.585;500;500
2026-06-08T10:55:49.0000000Z;24.43;24.56;500;500
2026-06-08T10:55:49.0000000Z;24.43;24.56;500;500
2026-06-08T11:00:01.0000000Z;24.425;24.56;500;500
2026-06-08T11:00:04.0000000Z;24.39;24.56;500;500
2026-06-08T11:00:04.0000000Z;24.39;24.56;500;500
2026-06-08T11:03:52.0000000Z;24.41;24.525;500;500
2026-06-08T11:03:52.0000000Z;24.41;24.525;500;500
2026-06-08T11:09:30.0000000Z;24.405;24.53;85;2200
2026-06-08T11:10:47.0000000Z;24.405;24.53;85;2200
2026-06-08T11:10:47.0000000Z;24.405;24.53;85;2200
2026-06-08T11:13:07.0000000Z;24.505;24.575;500;500
2026-06-08T11:13:08.0000000Z;24.47;24.585;500;500
2026-06-08T11:14:09.0000000Z;24.465;24.585;500;500
2026-06-08T11:14:58.0000000Z;24.5;24.59;500;2200
2026-06-08T11:15:00.0000000Z;24.5;24.59;500;500
2026-06-08T11:15:01.0000000Z;24.495;24.59;500;500
2026-06-08T11:15:02.0000000Z;24.515;24.6;500;500
2026-06-08T11:15:03.0000000Z;24.525;24.615;500;500
2026-06-08T11:15:04.0000000Z;24.525;24.62;500;500
2026-06-08T11:15:07.0000000Z;24.525;24.64;500;500
2026-06-08T11:15:08.0000000Z;24.525;24.645;500;500
2026-06-08T11:15:15.0000000Z;24.52;24.65;410;405
2026-06-08T11:15:17.0000000Z;24.505;24.655;500;500
2026-06-08T11:15:20.0000000Z;24.5;24.67;500;500
2026-06-08T11:15:25.0000000Z;24.495;24.67;5020;500
2026-06-08T11:15:39.0000000Z;24.495;24.67;5137;500
2026-06-08T11:15:39.0000000Z;24.495;24.67;5137;500
2026-06-08T11:15:39.0000000Z;24.495;24.67;5137;500
2026-06-08T11:15:39.0000000Z;24.495;24.67;5137;500
2026-06-08T11:15:39.0000000Z;24.495;24.67;5137;500
2026-06-08T11:15:39.0000000Z;24.495;24.67;5137;500
2026-06-08T11:40:48.0000000Z;24.495;24.665;5137;500
2026-06-08T11:40:50.0000000Z;24.495;24.67;5137;500
2026-06-08T11:40:53.0000000Z;24.495;24.665;5137;500
2026-06-08T11:40:53.0000000Z;24.495;24.665;5137;500
2026-06-08T11:41:20.0000000Z;24.495;24.655;5137;500
2026-06-08T11:41:46.0000000Z;24.495;24.63;5137;500
2026-06-08T11:41:47.0000000Z;24.5;24.625;500;500
2026-06-08T11:41:47.0000000Z;24.5;24.625;500;500
2026-06-08T11:47:21.0000000Z;24.495;24.625;500;500
2026-06-08T11:47:22.0000000Z;24.47;24.625;500;500
2026-06-08T11:48:47.0000000Z;24.47;24.62;500;500
2026-06-08T11:48:51.0000000Z;24.47;24.625;500;500
2026-06-08T11:48:56.0000000Z;24.47;24.62;500;500
2026-06-08T11:48:59.0000000Z;24.47;24.625;500;500
2026-06-08T11:49:02.0000000Z;24.47;24.62;500;500
2026-06-08T11:49:16.0000000Z;24.47;24.625;500;500
2026-06-08T11:49:19.0000000Z;24.47;24.62;500;500
2026-06-08T11:49:33.0000000Z;24.47;24.625;500;500
2026-06-08T11:49:38.0000000Z;24.47;24.62;500;500
2026-06-08T11:49:40.0000000Z;24.47;24.625;500;500
2026-06-08T11:49:40.0000000Z;24.47;24.625;500;500
2026-06-08T11:49:40.0000000Z;24.47;24.625;500;500
2026-06-08T11:59:11.0000000Z;24.47;24.62;500;500
2026-06-08T11:59:46.0000000Z;24.47;24.6;500;500
