2026-06-08T07:54:41.0000000Z;14.514;14.53;9000;9000
2026-06-08T07:57:50.0000000Z;14.514;14.53;9000;9000
2026-06-08T07:58:16.0000000Z;14.516;14.532;9000;9000
2026-06-08T07:58:26.0000000Z;14.516;14.532;9000;9000
2026-06-08T07:58:36.0000000Z;14.516;14.532;9000;9000
2026-06-08T07:58:45.0000000Z;14.516;14.532;31;31
2026-06-08T07:58:46.0000000Z;14.516;14.532;9000;9000
2026-06-08T07:58:51.0000000Z;14.516;14.534;9000;9000
2026-06-08T07:58:52.0000000Z;14.516;14.532;9000;9000
2026-06-08T07:59:02.0000000Z;14.514;14.532;9000;9000
2026-06-08T07:59:07.0000000Z;14.514;14.532;9000;9000
2026-06-08T07:59:17.0000000Z;14.514;14.532;9000;9000
2026-06-08T07:59:49.0000000Z;14.514;14.536;9000;9000
2026-06-08T07:59:50.0000000Z;14.514;14.532;9000;9000
2026-06-08T08:01:00.0000000Z;14.514;14.534;9000;9000
2026-06-08T08:01:01.0000000Z;14.514;14.528;9000;9000
2026-06-08T08:02:01.0000000Z;14.514;14.53;9000;9000
2026-06-08T08:02:39.0000000Z;14.514;14.528;9000;9000
2026-06-08T08:02:40.0000000Z;14.512;14.522;9000;9000
2026-06-08T08:03:04.0000000Z;14.512;14.53;9000;9000
2026-06-08T08:03:34.0000000Z;14.51;14.518;9000;9000
2026-06-08T08:04:39.0000000Z;14.514;14.524;9000;9000
2026-06-08T08:04:53.0000000Z;14.512;14.524;9000;9000
2026-06-08T08:05:16.0000000Z;14.514;14.524;9000;9000
2026-06-08T08:05:17.0000000Z;14.512;14.524;9000;9000
2026-06-08T08:05:18.0000000Z;14.51;14.524;9000;9000
2026-06-08T08:05:20.0000000Z;14.508;14.524;9000;9000
2026-06-08T08:05:21.0000000Z;14.51;14.524;9000;9000
2026-06-08T08:05:37.0000000Z;14.514;14.524;9000;9000
2026-06-08T08:05:43.0000000Z;14.52;14.528;9000;9000
2026-06-08T08:05:44.0000000Z;14.52;14.53;9000;9000
2026-06-08T08:05:45.0000000Z;14.52;14.532;9000;9000
2026-06-08T08:05:50.0000000Z;14.52;14.532;9000;9000
2026-06-08T08:05:54.0000000Z;14.518;14.53;9000;9000
2026-06-08T08:05:59.0000000Z;14.52;14.536;9000;9000
2026-06-08T08:06:00.0000000Z;14.52;14.534;9000;9000
2026-06-08T08:06:06.0000000Z;14.52;14.532;9000;9000
2026-06-08T08:06:09.0000000Z;14.518;14.532;9000;9000
2026-06-08T08:06:12.0000000Z;14.518;14.532;9000;9000
2026-06-08T08:06:13.0000000Z;14.516;14.532;9000;9000
2026-06-08T08:06:16.0000000Z;14.516;14.532;9000;9000
2026-06-08T08:06:17.0000000Z;14.516;14.534;9000;9000
2026-06-08T08:06:21.0000000Z;14.516;14.534;371;371
2026-06-08T08:06:45.0000000Z;14.516;14.532;9000;9000
2026-06-08T08:06:50.0000000Z;14.516;14.536;9000;9000
2026-06-08T08:06:57.0000000Z;14.516;14.534;9000;9000
2026-06-08T08:07:01.0000000Z;14.514;14.534;9000;9000
2026-06-08T08:07:07.0000000Z;14.516;14.534;9000;9000
2026-06-08T08:07:30.0000000Z;14.516;14.536;9000;9000
2026-06-08T08:07:32.0000000Z;14.516;14.538;9000;9000
2026-06-08T08:07:37.0000000Z;14.516;14.534;9000;9000
2026-06-08T08:07:43.0000000Z;14.516;14.536;9000;9000
2026-06-08T08:07:47.0000000Z;14.516;14.536;9000;9000
2026-06-08T08:07:48.0000000Z;14.516;14.534;9000;9000
2026-06-08T08:08:51.0000000Z;14.516;14.532;9000;9000
2026-06-08T08:08:52.0000000Z;14.512;14.532;9000;9000
2026-06-08T08:08:56.0000000Z;14.514;14.532;9000;9000
2026-06-08T08:08:57.0000000Z;14.514;14.534;9000;9000
2026-06-08T08:09:03.0000000Z;14.514;14.53;9000;9000
2026-06-08T08:09:53.0000000Z;14.514;14.532;9000;9000
2026-06-08T08:10:05.0000000Z;14.514;14.536;9000;9000
2026-06-08T08:10:09.0000000Z;14.514;14.534;9000;9000
2026-06-08T08:10:14.0000000Z;14.514;14.536;9000;9000
2026-06-08T08:10:20.0000000Z;14.514;14.532;9000;9000
2026-06-08T08:10:25.0000000Z;14.512;14.532;9000;9000
2026-06-08T08:10:28.0000000Z;14.512;14.528;9000;9000
2026-06-08T08:10:29.0000000Z;14.512;14.524;9000;9000
2026-06-08T08:10:34.0000000Z;14.512;14.526;9000;9000
2026-06-08T08:10:35.0000000Z;14.512;14.528;9000;9000
2026-06-08T08:10:40.0000000Z;14.512;14.524;9000;9000
2026-06-08T08:10:55.0000000Z;14.512;14.52;9000;9000
2026-06-08T08:10:56.0000000Z;14.512;14.52;18;18
2026-06-08T08:10:57.0000000Z;14.51;14.518;9000;9000
2026-06-08T08:11:04.0000000Z;14.512;14.52;9000;9000
2026-06-08T08:11:06.0000000Z;14.512;14.524;9000;9000
2026-06-08T08:11:33.0000000Z;14.51;14.52;9000;9000
2026-06-08T08:11:45.0000000Z;14.512;14.528;9000;9000
2026-06-08T08:11:46.0000000Z;14.512;14.532;9000;9000
2026-06-08T08:11:50.0000000Z;14.512;14.528;9000;9000
2026-06-08T08:11:51.0000000Z;14.514;14.524;9000;9000
2026-06-08T08:12:03.0000000Z;14.512;14.522;9000;9000
2026-06-08T08:12:15.0000000Z;14.512;14.524;9000;9000
2026-06-08T08:12:48.0000000Z;14.512;14.52;9000;9000
2026-06-08T08:12:53.0000000Z;14.512;14.522;9000;9000
2026-06-08T08:13:23.0000000Z;14.512;14.52;9000;9000
2026-06-08T08:13:34.0000000Z;14.51;14.52;9000;9000
2026-06-08T08:14:07.0000000Z;14.51;14.52;9000;9000
2026-06-08T08:14:40.0000000Z;14.512;14.52;9000;9000
2026-06-08T08:14:44.0000000Z;14.512;14.52;9000;9000
2026-06-08T08:14:44.0000000Z;14.512;14.52;9000;9000
2026-06-08T08:16:55.0000000Z;14.51;14.52;9000;9000
2026-06-08T08:17:02.0000000Z;14.51;14.52;68;68
2026-06-08T08:17:16.0000000Z;14.512;14.52;9000;9000
2026-06-08T08:17:17.0000000Z;14.512;14.522;9000;9000
2026-06-08T08:17:21.0000000Z;14.512;14.522;9000;9000
2026-06-08T08:18:45.0000000Z;14.514;14.522;9000;9000
2026-06-08T08:18:55.0000000Z;14.514;14.526;9000;9000
2026-06-08T08:18:56.0000000Z;14.514;14.526;9000;9000
2026-06-08T08:18:58.0000000Z;14.514;14.528;9000;9000
2026-06-08T08:19:00.0000000Z;14.514;14.524;9000;9000
2026-06-08T08:19:10.0000000Z;14.514;14.528;9000;9000
2026-06-08T08:19:32.0000000Z;14.514;14.524;9000;9000
2026-06-08T08:19:41.0000000Z;14.516;14.524;9000;9000
2026-06-08T08:19:51.0000000Z;14.518;14.526;9000;9000
2026-06-08T08:20:01.0000000Z;14.516;14.524;9000;9000
2026-06-08T08:20:11.0000000Z;14.518;14.526;9000;9000
2026-06-08T08:20:28.0000000Z;14.516;14.524;9000;9000
2026-06-08T08:20:40.0000000Z;14.514;14.522;9000;9000
2026-06-08T08:20:40.0000000Z;14.514;14.522;9000;9000
2026-06-08T08:21:22.0000000Z;14.512;14.522;9000;9000
2026-06-08T08:21:42.0000000Z;14.512;14.522;137;137
2026-06-08T08:22:04.0000000Z;14.512;14.52;9000;9000
2026-06-08T08:22:25.0000000Z;14.512;14.522;9000;9000
2026-06-08T08:22:45.0000000Z;14.512;14.52;9000;9000
2026-06-08T08:22:59.0000000Z;14.51;14.518;9000;9000
2026-06-08T08:23:00.0000000Z;14.51;14.52;9000;9000
2026-06-08T08:23:01.0000000Z;14.51;14.518;9000;9000
2026-06-08T08:23:02.0000000Z;14.508;14.516;9000;9000
2026-06-08T08:23:04.0000000Z;14.51;14.518;9000;9000
2026-06-08T08:23:05.0000000Z;14.51;14.518;9000;9000
2026-06-08T08:23:11.0000000Z;14.508;14.516;9000;9000
2026-06-08T08:23:13.0000000Z;14.508;14.518;9000;9000
2026-06-08T08:23:17.0000000Z;14.504;14.518;9000;9000
2026-06-08T08:23:47.0000000Z;14.51;14.518;9000;9000
2026-06-08T08:24:31.0000000Z;14.51;14.518;9000;9000
2026-06-08T08:24:34.0000000Z;14.506;14.518;9000;9000
2026-06-08T08:24:36.0000000Z;14.504;14.518;9000;9000
2026-06-08T08:24:39.0000000Z;14.506;14.518;9000;9000
2026-06-08T08:25:33.0000000Z;14.506;14.518;9000;9000
2026-06-08T08:25:33.0000000Z;14.506;14.518;9000;9000
2026-06-08T08:28:23.0000000Z;14.506;14.516;9000;9000
2026-06-08T08:30:32.0000000Z;14.506;14.514;9000;9000
2026-06-08T08:30:33.0000000Z;14.506;14.516;9000;9000
2026-06-08T08:30:42.0000000Z;14.506;14.516;9000;9000
2026-06-08T08:30:50.0000000Z;14.506;14.518;9000;9000
2026-06-08T08:30:52.0000000Z;14.506;14.516;9000;9000
2026-06-08T08:30:53.0000000Z;14.506;14.518;9000;9000
2026-06-08T08:30:57.0000000Z;14.506;14.52;9000;9000
2026-06-08T08:31:03.0000000Z;14.506;14.518;9000;9000
2026-06-08T08:31:10.0000000Z;14.506;14.52;9000;9000
2026-06-08T08:31:12.0000000Z;14.506;14.518;9000;9000
2026-06-08T08:31:25.0000000Z;14.51;14.522;9000;9000
2026-06-08T08:31:26.0000000Z;14.512;14.522;9000;9000
2026-06-08T08:31:41.0000000Z;14.512;14.524;9000;9000
2026-06-08T08:32:02.0000000Z;14.512;14.522;9000;9000
2026-06-08T08:32:04.0000000Z;14.512;14.524;9000;9000
2026-06-08T08:32:08.0000000Z;14.512;14.526;9000;9000
2026-06-08T08:32:09.0000000Z;14.516;14.528;9000;9000
2026-06-08T08:32:10.0000000Z;14.516;14.532;9000;9000
2026-06-08T08:32:31.0000000Z;14.52;14.532;9000;9000
2026-06-08T08:33:03.0000000Z;14.522;14.532;9000;9000
2026-06-08T08:33:34.0000000Z;14.522;14.536;9000;9000
2026-06-08T08:33:37.0000000Z;14.524;14.536;9000;9000
2026-06-08T08:33:44.0000000Z;14.524;14.534;9000;9000
2026-06-08T08:33:54.0000000Z;14.524;14.536;9000;9000
2026-06-08T08:33:59.0000000Z;14.524;14.534;9000;9000
2026-06-08T08:34:09.0000000Z;14.524;14.536;9000;9000
2026-06-08T08:34:10.0000000Z;14.524;14.534;9000;9000
2026-06-08T08:34:18.0000000Z;14.526;14.534;9000;9000
2026-06-08T08:34:20.0000000Z;14.526;14.536;9000;9000
2026-06-08T08:34:30.0000000Z;14.526;14.534;9000;9000
2026-06-08T08:34:35.0000000Z;14.526;14.536;9000;9000
2026-06-08T08:34:41.0000000Z;14.526;14.534;9000;9000
2026-06-08T08:34:49.0000000Z;14.526;14.536;9000;9000
2026-06-08T08:34:51.0000000Z;14.526;14.538;9000;9000
2026-06-08T08:34:56.0000000Z;14.526;14.54;9000;9000
2026-06-08T08:35:12.0000000Z;14.522;14.532;9000;9000
2026-06-08T08:35:17.0000000Z;14.526;14.536;9000;9000
2026-06-08T08:35:22.0000000Z;14.524;14.534;9000;9000
2026-06-08T08:35:30.0000000Z;14.522;14.534;9000;9000
2026-06-08T08:35:34.0000000Z;14.52;14.53;9000;9000
2026-06-08T08:35:35.0000000Z;14.52;14.528;9000;9000
2026-06-08T08:35:37.0000000Z;14.516;14.528;9000;9000
2026-06-08T08:35:37.0000000Z;14.516;14.528;9000;9000
2026-06-08T08:36:07.0000000Z;14.516;14.526;9000;9000
2026-06-08T08:36:45.0000000Z;14.516;14.524;9000;9000
2026-06-08T08:37:04.0000000Z;14.516;14.526;9000;9000
2026-06-08T08:37:09.0000000Z;14.512;14.526;9000;9000
2026-06-08T08:37:10.0000000Z;14.512;14.522;9000;9000
2026-06-08T08:37:11.0000000Z;14.51;14.522;9000;9000
2026-06-08T08:37:20.0000000Z;14.51;14.524;9000;9000
2026-06-08T08:37:25.0000000Z;14.51;14.522;9000;9000
2026-06-08T08:37:39.0000000Z;14.51;14.524;9000;9000
2026-06-08T08:37:45.0000000Z;14.514;14.528;9000;9000
2026-06-08T08:38:12.0000000Z;14.514;14.522;9000;9000
2026-06-08T08:38:54.0000000Z;14.514;14.524;9000;9000
2026-06-08T08:39:07.0000000Z;14.514;14.522;9000;9000
2026-06-08T08:39:17.0000000Z;14.514;14.524;9000;9000
2026-06-08T08:39:34.0000000Z;14.514;14.522;9000;9000
2026-06-08T08:39:38.0000000Z;14.512;14.52;9000;9000
2026-06-08T08:40:53.0000000Z;14.506;14.52;9000;9000
2026-06-08T08:41:00.0000000Z;14.506;14.522;9000;9000
2026-06-08T08:41:01.0000000Z;14.506;14.524;9000;9000
2026-06-08T08:41:03.0000000Z;14.504;14.518;9000;9000
2026-06-08T08:41:15.0000000Z;14.504;14.52;8966;8966
2026-06-08T08:41:25.0000000Z;14.504;14.518;9000;9000
2026-06-08T08:42:31.0000000Z;14.504;14.52;9000;9000
2026-06-08T08:42:52.0000000Z;14.504;14.518;9000;9000
2026-06-08T08:42:52.0000000Z;14.504;14.518;9000;9000
2026-06-08T08:46:39.0000000Z;14.502;14.518;9000;9000
2026-06-08T08:46:55.0000000Z;14.502;14.514;34;34
2026-06-08T08:47:05.0000000Z;14.502;14.516;9000;9000
2026-06-08T08:47:07.0000000Z;14.502;14.518;9000;9000
2026-06-08T08:47:18.0000000Z;14.498;14.506;9000;9000
2026-06-08T08:47:29.0000000Z;14.49;14.504;9000;9000
2026-06-08T08:47:35.0000000Z;14.492;14.504;9000;9000
2026-06-08T08:47:51.0000000Z;14.494;14.504;9000;9000
2026-06-08T08:49:02.0000000Z;14.496;14.504;9000;9000
2026-06-08T08:49:04.0000000Z;14.498;14.506;9000;9000
2026-06-08T08:49:07.0000000Z;14.498;14.508;9000;9000
2026-06-08T08:49:10.0000000Z;14.5;14.508;9000;9000
2026-06-08T08:49:13.0000000Z;14.5;14.51;9000;9000
2026-06-08T08:49:25.0000000Z;14.502;14.51;9000;9000
2026-06-08T08:50:23.0000000Z;14.502;14.512;9000;9000
2026-06-08T08:50:43.0000000Z;14.504;14.512;9000;9000
2026-06-08T08:50:50.0000000Z;14.504;14.518;9000;9000
2026-06-08T08:50:57.0000000Z;14.504;14.514;9000;9000
2026-06-08T08:51:00.0000000Z;14.502;14.512;9000;9000
2026-06-08T08:51:02.0000000Z;14.498;14.512;9000;9000
2026-06-08T08:51:03.0000000Z;14.498;14.51;9000;9000
2026-06-08T08:51:05.0000000Z;14.496;14.51;9000;9000
2026-06-08T08:51:06.0000000Z;14.494;14.51;9000;9000
2026-06-08T08:51:11.0000000Z;14.5;14.51;9000;9000
2026-06-08T08:51:38.0000000Z;14.498;14.51;9000;9000
2026-06-08T08:51:48.0000000Z;14.5;14.51;9000;9000
2026-06-08T08:51:59.0000000Z;14.496;14.51;9000;9000
2026-06-08T08:52:02.0000000Z;14.494;14.51;9000;9000
2026-06-08T08:52:04.0000000Z;14.496;14.51;9000;9000
2026-06-08T08:52:05.0000000Z;14.498;14.51;9000;9000
2026-06-08T08:52:30.0000000Z;14.5;14.51;9000;9000
2026-06-08T08:52:53.0000000Z;14.498;14.51;9000;9000
2026-06-08T08:52:55.0000000Z;14.5;14.51;9000;9000
2026-06-08T08:52:58.0000000Z;14.5;14.508;9000;9000
2026-06-08T08:54:10.0000000Z;14.498;14.506;9000;9000
2026-06-08T08:54:18.0000000Z;14.5;14.508;9000;9000
2026-06-08T08:55:02.0000000Z;14.5;14.508;9000;9000
2026-06-08T08:55:04.0000000Z;14.5;14.51;9000;9000
2026-06-08T08:55:17.0000000Z;14.498;14.508;9000;9000
2026-06-08T08:55:20.0000000Z;14.5;14.508;9000;9000
2026-06-08T08:55:27.0000000Z;14.5;14.51;9000;9000
2026-06-08T08:55:58.0000000Z;14.5;14.508;9000;9000
2026-06-08T08:56:23.0000000Z;14.502;14.51;9000;9000
2026-06-08T08:56:55.0000000Z;14.502;14.512;9000;9000
2026-06-08T08:57:00.0000000Z;14.5;14.51;9000;9000
2026-06-08T08:57:33.0000000Z;14.5;14.512;9000;9000
2026-06-08T08:57:40.0000000Z;14.502;14.512;9000;9000
2026-06-08T08:57:54.0000000Z;14.502;14.51;9000;9000
2026-06-08T08:57:55.0000000Z;14.502;14.512;9000;9000
2026-06-08T08:58:01.0000000Z;14.502;14.51;9000;9000
2026-06-08T08:58:08.0000000Z;14.502;14.512;9000;9000
2026-06-08T08:58:40.0000000Z;14.502;14.514;9000;9000
2026-06-08T09:00:14.0000000Z;14.504;14.514;9000;9000
2026-06-08T09:00:20.0000000Z;14.504;14.516;9000;9000
2026-06-08T09:00:21.0000000Z;14.504;14.518;9000;9000
2026-06-08T09:00:47.0000000Z;14.504;14.516;9000;9000
2026-06-08T09:00:51.0000000Z;14.504;14.518;9000;9000
2026-06-08T09:01:11.0000000Z;14.504;14.52;9000;9000
2026-06-08T09:01:17.0000000Z;14.504;14.518;9000;9000
2026-06-08T09:01:41.0000000Z;14.504;14.52;9000;9000
2026-06-08T09:01:48.0000000Z;14.506;14.52;9000;9000
2026-06-08T09:03:23.0000000Z;14.506;14.522;9000;9000
2026-06-08T09:03:24.0000000Z;14.506;14.52;9000;9000
2026-06-08T09:03:25.0000000Z;14.506;14.522;9000;9000
2026-06-08T09:06:04.0000000Z;14.506;14.52;9000;9000
2026-06-08T09:06:05.0000000Z;14.51;14.52;9000;9000
2026-06-08T09:07:23.0000000Z;14.506;14.52;9000;9000
2026-06-08T09:07:26.0000000Z;14.504;14.52;9000;9000
2026-06-08T09:07:37.0000000Z;14.504;14.514;9000;9000
2026-06-08T09:07:49.0000000Z;14.504;14.512;9000;9000
2026-06-08T09:07:57.0000000Z;14.504;14.514;9000;9000
2026-06-08T09:08:43.0000000Z;14.504;14.522;9000;9000
2026-06-08T09:09:02.0000000Z;14.504;14.52;9000;9000
2026-06-08T09:09:03.0000000Z;14.502;14.518;9000;9000
2026-06-08T09:10:05.0000000Z;14.502;14.516;9000;9000
2026-06-08T09:10:13.0000000Z;14.502;14.518;9000;9000
2026-06-08T09:10:15.0000000Z;14.502;14.516;9000;9000
2026-06-08T09:10:18.0000000Z;14.502;14.518;9000;9000
2026-06-08T09:10:19.0000000Z;14.502;14.516;9000;9000
2026-06-08T09:10:21.0000000Z;14.502;14.514;9000;9000
2026-06-08T09:10:36.0000000Z;14.502;14.512;9000;9000
2026-06-08T09:10:37.0000000Z;14.504;14.512;9000;9000
2026-06-08T09:10:46.0000000Z;14.502;14.512;9000;9000
2026-06-08T09:10:54.0000000Z;14.504;14.512;9000;9000
2026-06-08T09:10:54.0000000Z;14.504;14.512;9000;9000
2026-06-08T09:11:21.0000000Z;14.504;14.514;9000;9000
2026-06-08T09:12:55.0000000Z;14.504;14.514;9000;9000
2026-06-08T09:13:37.0000000Z;14.504;14.516;9000;9000
2026-06-08T09:13:41.0000000Z;14.504;14.518;9000;9000
2026-06-08T09:13:46.0000000Z;14.504;14.52;9000;9000
2026-06-08T09:14:04.0000000Z;14.504;14.518;9000;9000
2026-06-08T09:14:26.0000000Z;14.506;14.52;9000;9000
2026-06-08T09:14:36.0000000Z;14.506;14.518;9000;9000
2026-06-08T09:15:19.0000000Z;14.506;14.52;9000;9000
2026-06-08T09:15:32.0000000Z;14.506;14.522;9000;9000
2026-06-08T09:15:46.0000000Z;14.512;14.524;9000;9000
2026-06-08T09:15:56.0000000Z;14.512;14.526;9000;9000
2026-06-08T09:15:56.0000000Z;14.512;14.526;9000;9000
2026-06-08T09:16:25.0000000Z;14.512;14.524;9000;9000
2026-06-08T09:16:43.0000000Z;14.512;14.526;9000;9000
2026-06-08T09:16:46.0000000Z;14.512;14.524;9000;9000
2026-06-08T09:17:00.0000000Z;14.512;14.526;9000;9000
2026-06-08T09:17:15.0000000Z;14.512;14.524;9000;9000
2026-06-08T09:17:21.0000000Z;14.512;14.526;9000;9000
2026-06-08T09:18:15.0000000Z;14.512;14.524;9000;9000
2026-06-08T09:18:16.0000000Z;14.512;14.526;9000;9000
2026-06-08T09:19:40.0000000Z;14.514;14.524;9000;9000
2026-06-08T09:20:16.0000000Z;14.514;14.526;9000;9000
2026-06-08T09:20:36.0000000Z;14.516;14.526;9000;9000
2026-06-08T09:20:37.0000000Z;14.518;14.526;9000;9000
2026-06-08T09:20:42.0000000Z;14.518;14.528;9000;9000
2026-06-08T09:20:45.0000000Z;14.52;14.534;9000;9000
2026-06-08T09:20:47.0000000Z;14.52;14.536;9000;9000
2026-06-08T09:20:55.0000000Z;14.524;14.534;9000;9000
2026-06-08T09:21:01.0000000Z;14.524;14.534;9000;9000
2026-06-08T09:21:07.0000000Z;14.524;14.534;9000;9000
2026-06-08T09:22:00.0000000Z;14.526;14.536;9000;9000
2026-06-08T09:22:02.0000000Z;14.526;14.538;9000;9000
2026-06-08T09:22:10.0000000Z;14.526;14.536;9000;9000
2026-06-08T09:23:43.0000000Z;14.526;14.534;9000;9000
2026-06-08T09:24:48.0000000Z;14.52;14.534;9000;9000
2026-06-08T09:24:54.0000000Z;14.52;14.53;9000;9000
2026-06-08T09:25:54.0000000Z;14.522;14.53;9000;9000
2026-06-08T09:25:54.0000000Z;14.522;14.53;9000;9000
2026-06-08T09:26:24.0000000Z;14.522;14.532;9000;9000
2026-06-08T09:26:43.0000000Z;14.522;14.53;9000;9000
2026-06-08T09:27:10.0000000Z;14.522;14.532;9000;9000
2026-06-08T09:28:04.0000000Z;14.522;14.534;9000;9000
2026-06-08T09:28:26.0000000Z;14.524;14.536;9000;9000
2026-06-08T09:28:29.0000000Z;14.522;14.532;9000;9000
2026-06-08T09:29:09.0000000Z;14.522;14.532;9000;9000
2026-06-08T09:29:59.0000000Z;14.524;14.532;9000;9000
2026-06-08T09:30:03.0000000Z;14.524;14.536;9000;9000
2026-06-08T09:30:05.0000000Z;14.522;14.536;9000;9000
2026-06-08T09:31:00.0000000Z;14.52;14.53;9000;9000
2026-06-08T09:31:01.0000000Z;14.52;14.532;8956;8956
2026-06-08T09:31:10.0000000Z;14.52;14.532;9000;9000
2026-06-08T09:31:20.0000000Z;14.52;14.53;9000;9000
2026-06-08T09:31:21.0000000Z;14.52;14.528;9000;9000
2026-06-08T09:32:06.0000000Z;14.518;14.526;9000;9000
2026-06-08T09:32:16.0000000Z;14.518;14.526;9000;9000
2026-06-08T09:32:50.0000000Z;14.516;14.524;9000;9000
2026-06-08T09:34:06.0000000Z;14.516;14.528;9000;9000
2026-06-08T09:34:08.0000000Z;14.514;14.528;9000;9000
2026-06-08T09:34:24.0000000Z;14.516;14.528;9000;9000
2026-06-08T09:35:11.0000000Z;14.514;14.528;9000;9000
2026-06-08T09:35:12.0000000Z;14.514;14.524;9000;9000
2026-06-08T09:35:15.0000000Z;14.514;14.522;9000;9000
2026-06-08T09:35:16.0000000Z;14.514;14.524;9000;9000
2026-06-08T09:35:20.0000000Z;14.514;14.522;9000;9000
2026-06-08T09:35:30.0000000Z;14.514;14.524;9000;9000
2026-06-08T09:35:31.0000000Z;14.514;14.526;9000;9000
2026-06-08T09:35:32.0000000Z;14.514;14.528;9000;9000
2026-06-08T09:35:44.0000000Z;14.512;14.522;9000;9000
2026-06-08T09:35:53.0000000Z;14.514;14.522;9000;9000
2026-06-08T09:35:54.0000000Z;14.512;14.522;9000;9000
2026-06-08T09:35:56.0000000Z;14.506;14.522;9000;9000
2026-06-08T09:36:09.0000000Z;14.506;14.52;68;68
2026-06-08T09:36:10.0000000Z;14.506;14.518;9000;9000
2026-06-08T09:36:20.0000000Z;14.506;14.518;9000;9000
2026-06-08T09:36:41.0000000Z;14.506;14.556;8970;8970
2026-06-08T09:36:42.0000000Z;14.506;14.556;8971;8971
2026-06-08T09:36:43.0000000Z;14.51;14.534;9000;9000
2026-06-08T09:36:45.0000000Z;14.506;14.534;9000;9000
2026-06-08T09:36:46.0000000Z;14.518;14.534;9000;9000
2026-06-08T09:36:49.0000000Z;14.51;14.534;9000;9000
2026-06-08T09:36:50.0000000Z;14.51;14.536;9000;9000
2026-06-08T09:36:51.0000000Z;14.51;14.54;9000;9000
2026-06-08T09:36:53.0000000Z;14.504;14.54;9000;9000
2026-06-08T09:36:56.0000000Z;14.506;14.54;9000;9000
2026-06-08T09:36:59.0000000Z;14.506;14.544;9000;9000
2026-06-08T09:37:02.0000000Z;14.506;14.54;9000;9000
2026-06-08T09:37:03.0000000Z;14.506;14.536;9000;9000
2026-06-08T09:37:04.0000000Z;14.506;14.53;9000;9000
2026-06-08T09:37:11.0000000Z;14.474;14.53;9009;9009
2026-06-08T09:37:12.0000000Z;14.506;14.528;9000;9000
2026-06-08T09:37:13.0000000Z;14.504;14.528;9000;9000
2026-06-08T09:37:15.0000000Z;14.504;14.53;9000;9000
2026-06-08T09:37:18.0000000Z;14.506;14.53;9000;9000
2026-06-08T09:37:19.0000000Z;14.506;14.534;9000;9000
2026-06-08T09:37:22.0000000Z;14.518;14.534;9000;9000
2026-06-08T09:37:30.0000000Z;14.522;14.534;9000;9000
2026-06-08T09:37:36.0000000Z;14.516;14.534;9000;9000
2026-06-08T09:37:39.0000000Z;14.51;14.534;9000;9000
2026-06-08T09:37:41.0000000Z;14.516;14.534;9000;9000
2026-06-08T09:37:42.0000000Z;14.52;14.534;9000;9000
2026-06-08T09:37:48.0000000Z;14.522;14.534;9000;9000
2026-06-08T09:37:49.0000000Z;14.522;14.532;9000;9000
2026-06-08T09:37:52.0000000Z;14.522;14.534;9000;9000
2026-06-08T09:39:06.0000000Z;14.52;14.534;9000;9000
2026-06-08T09:39:07.0000000Z;14.514;14.534;9000;9000
2026-06-08T09:39:15.0000000Z;14.516;14.534;9000;9000
2026-06-08T09:39:19.0000000Z;14.514;14.534;9000;9000
2026-06-08T09:39:20.0000000Z;14.52;14.534;9000;9000
2026-06-08T09:39:55.0000000Z;14.52;14.534;9000;9000
2026-06-08T09:39:56.0000000Z;14.522;14.532;9000;9000
2026-06-08T09:40:18.0000000Z;14.52;14.53;9000;9000
2026-06-08T09:40:30.0000000Z;14.518;14.528;9000;9000
2026-06-08T09:40:30.0000000Z;14.518;14.528;9000;9000
2026-06-08T09:42:45.0000000Z;14.518;14.53;9000;9000
2026-06-08T09:42:48.0000000Z;14.52;14.53;9000;9000
2026-06-08T09:42:55.0000000Z;14.522;14.532;9000;9000
2026-06-08T09:42:59.0000000Z;14.522;14.534;9000;9000
2026-06-08T09:43:00.0000000Z;14.522;14.532;9000;9000
2026-06-08T09:43:06.0000000Z;14.524;14.534;9000;9000
2026-06-08T09:43:10.0000000Z;14.526;14.534;9000;9000
2026-06-08T09:43:28.0000000Z;14.528;14.536;9000;9000
2026-06-08T09:43:44.0000000Z;14.528;14.538;9000;9000
2026-06-08T09:43:51.0000000Z;14.526;14.538;9000;9000
2026-06-08T09:43:53.0000000Z;14.528;14.538;9000;9000
2026-06-08T09:43:54.0000000Z;14.528;14.54;9000;9000
2026-06-08T09:45:59.0000000Z;14.528;14.544;9000;9000
2026-06-08T09:45:59.0000000Z;14.528;14.544;9000;9000
2026-06-08T09:46:44.0000000Z;14.532;14.544;9000;9000
2026-06-08T09:47:54.0000000Z;14.532;14.544;9000;9000
2026-06-08T09:48:43.0000000Z;14.532;14.544;9000;9000
2026-06-08T09:48:52.0000000Z;14.534;14.544;9000;9000
2026-06-08T09:48:53.0000000Z;14.534;14.544;9000;9000
2026-06-08T09:48:54.0000000Z;14.532;14.546;9000;9000
2026-06-08T09:48:59.0000000Z;14.536;14.546;9000;9000
2026-06-08T09:49:02.0000000Z;14.536;14.548;9000;9000
2026-06-08T09:49:04.0000000Z;14.536;14.546;9000;9000
2026-06-08T09:49:05.0000000Z;14.536;14.548;9000;9000
2026-06-08T09:49:06.0000000Z;14.536;14.55;9000;9000
2026-06-08T09:49:53.0000000Z;14.536;14.55;9000;9000
2026-06-08T09:50:06.0000000Z;14.536;14.552;9000;9000
2026-06-08T09:50:25.0000000Z;14.536;14.548;9000;9000
2026-06-08T09:50:28.0000000Z;14.534;14.548;9000;9000
2026-06-08T09:50:31.0000000Z;14.534;14.548;9000;9000
2026-06-08T09:50:38.0000000Z;14.534;14.55;9000;9000
2026-06-08T09:50:42.0000000Z;14.534;14.55;9000;9000
2026-06-08T09:50:43.0000000Z;14.534;14.548;9000;9000
2026-06-08T09:50:43.0000000Z;14.534;14.548;9000;9000
2026-06-08T09:52:21.0000000Z;14.536;14.548;9000;9000
2026-06-08T09:52:57.0000000Z;14.534;14.548;9000;9000
2026-06-08T09:52:58.0000000Z;14.534;14.552;9000;9000
2026-06-08T09:53:17.0000000Z;14.534;14.548;9000;9000
2026-06-08T09:53:17.0000000Z;14.534;14.548;9000;9000
2026-06-08T09:56:16.0000000Z;14.534;14.546;9000;9000
2026-06-08T09:56:17.0000000Z;14.532;14.546;9000;9000
2026-06-08T09:59:20.0000000Z;14.534;14.546;9000;9000
2026-06-08T09:59:29.0000000Z;14.534;14.548;9000;9000
2026-06-08T10:00:10.0000000Z;14.534;14.55;9000;9000
2026-06-08T10:00:16.0000000Z;14.534;14.548;9000;9000
2026-06-08T10:00:16.0000000Z;14.534;14.548;9000;9000
2026-06-08T10:01:11.0000000Z;14.532;14.544;9000;9000
2026-06-08T10:01:12.0000000Z;14.532;14.542;9000;9000
2026-06-08T10:01:16.0000000Z;14.532;14.54;9000;9000
2026-06-08T10:02:01.0000000Z;14.526;14.54;9000;9000
2026-06-08T10:02:03.0000000Z;14.522;14.54;9000;9000
2026-06-08T10:02:05.0000000Z;14.522;14.536;9000;9000
2026-06-08T10:02:06.0000000Z;14.522;14.534;9000;9000
2026-06-08T10:02:08.0000000Z;14.52;14.534;9000;9000
2026-06-08T10:02:10.0000000Z;14.516;14.534;9000;9000
2026-06-08T10:02:11.0000000Z;14.514;14.534;9000;9000
2026-06-08T10:02:12.0000000Z;14.51;14.53;9000;9000
2026-06-08T10:02:13.0000000Z;14.512;14.528;9000;9000
2026-06-08T10:02:14.0000000Z;14.512;14.528;9000;9000
2026-06-08T10:02:16.0000000Z;14.518;14.528;9000;9000
2026-06-08T10:02:20.0000000Z;14.518;14.532;9000;9000
2026-06-08T10:02:21.0000000Z;14.518;14.528;9000;9000
2026-06-08T10:02:24.0000000Z;14.518;14.528;1;1
2026-06-08T10:02:31.0000000Z;14.518;14.53;9000;9000
2026-06-08T10:02:41.0000000Z;14.518;14.528;9000;9000
2026-06-08T10:02:58.0000000Z;14.518;14.532;9000;9000
2026-06-08T10:03:04.0000000Z;14.518;14.53;9000;9000
2026-06-08T10:03:42.0000000Z;14.522;14.534;9000;9000
2026-06-08T10:04:10.0000000Z;14.522;14.532;9000;9000
2026-06-08T10:04:10.0000000Z;14.522;14.532;9000;9000
2026-06-08T10:06:53.0000000Z;14.524;14.532;9000;9000
2026-06-08T10:08:18.0000000Z;14.524;14.536;9000;9000
2026-06-08T10:09:06.0000000Z;14.524;14.536;9000;9000
2026-06-08T10:09:17.0000000Z;14.524;14.536;9000;9000
2026-06-08T10:09:43.0000000Z;14.526;14.54;9000;9000
2026-06-08T10:09:45.0000000Z;14.526;14.536;9000;9000
2026-06-08T10:10:53.0000000Z;14.526;14.536;117;117
2026-06-08T10:10:53.0000000Z;14.526;14.536;9000;9000
2026-06-08T10:12:42.0000000Z;14.526;14.538;9000;9000
2026-06-08T10:12:54.0000000Z;14.528;14.54;9000;9000
2026-06-08T10:12:55.0000000Z;14.53;14.54;9000;9000
2026-06-08T10:13:04.0000000Z;14.53;14.542;9000;9000
2026-06-08T10:14:12.0000000Z;14.53;14.54;9000;9000
2026-06-08T10:14:15.0000000Z;14.528;14.54;9000;9000
2026-06-08T10:14:16.0000000Z;14.53;14.54;9000;9000
2026-06-08T10:14:16.0000000Z;14.53;14.54;9000;9000
2026-06-08T10:16:45.0000000Z;14.53;14.542;9000;9000
2026-06-08T10:16:48.0000000Z;14.528;14.542;9000;9000
2026-06-08T10:16:55.0000000Z;14.528;14.54;9000;9000
2026-06-08T10:17:05.0000000Z;14.528;14.54;9000;9000
2026-06-08T10:17:06.0000000Z;14.53;14.538;9000;9000
2026-06-08T10:17:07.0000000Z;14.528;14.536;9000;9000
2026-06-08T10:17:08.0000000Z;14.53;14.538;9000;9000
2026-06-08T10:17:10.0000000Z;14.528;14.538;9000;9000
2026-06-08T10:17:23.0000000Z;14.522;14.532;9000;9000
2026-06-08T10:17:33.0000000Z;14.524;14.536;9000;9000
2026-06-08T10:17:45.0000000Z;14.524;14.536;9000;9000
2026-06-08T10:19:30.0000000Z;14.522;14.534;9000;9000
2026-06-08T10:19:54.0000000Z;14.52;14.532;9000;9000
2026-06-08T10:20:13.0000000Z;14.518;14.53;9000;9000
2026-06-08T10:20:17.0000000Z;14.518;14.532;9000;9000
2026-06-08T10:20:22.0000000Z;14.518;14.53;9000;9000
2026-06-08T10:20:43.0000000Z;14.518;14.528;9000;9000
2026-06-08T10:20:43.0000000Z;14.518;14.528;9000;9000
2026-06-08T10:21:40.0000000Z;14.516;14.524;9000;9000
2026-06-08T10:21:50.0000000Z;14.516;14.528;9000;9000
2026-06-08T10:22:31.0000000Z;14.518;14.528;9000;9000
2026-06-08T10:22:34.0000000Z;14.516;14.528;9000;9000
2026-06-08T10:22:35.0000000Z;14.518;14.528;9000;9000
2026-06-08T10:22:37.0000000Z;14.516;14.524;9000;9000
2026-06-08T10:22:38.0000000Z;14.514;14.522;9000;9000
2026-06-08T10:22:44.0000000Z;14.512;14.522;9000;9000
2026-06-08T10:22:48.0000000Z;14.512;14.52;9000;9000
2026-06-08T10:22:49.0000000Z;14.504;14.52;9000;9000
2026-06-08T10:22:50.0000000Z;14.502;14.514;9000;9000
2026-06-08T10:22:51.0000000Z;14.502;14.512;9000;9000
2026-06-08T10:22:55.0000000Z;14.504;14.512;9000;9000
2026-06-08T10:23:51.0000000Z;14.504;14.514;9000;9000
2026-06-08T10:23:52.0000000Z;14.504;14.512;9000;9000
2026-06-08T10:23:59.0000000Z;14.504;14.512;9000;9000
2026-06-08T10:24:00.0000000Z;14.504;14.516;9000;9000
2026-06-08T10:24:05.0000000Z;14.504;14.512;9000;9000
2026-06-08T10:24:10.0000000Z;14.504;14.514;9000;9000
2026-06-08T10:24:14.0000000Z;14.504;14.516;9000;9000
2026-06-08T10:24:16.0000000Z;14.504;14.518;9000;9000
2026-06-08T10:24:47.0000000Z;14.506;14.516;9000;9000
2026-06-08T10:24:59.0000000Z;14.506;14.518;9000;9000
2026-06-08T10:25:31.0000000Z;14.504;14.518;9000;9000
2026-06-08T10:25:37.0000000Z;14.504;14.516;9000;9000
2026-06-08T10:25:49.0000000Z;14.504;14.518;9000;9000
2026-06-08T10:25:49.0000000Z;14.504;14.518;9000;9000
2026-06-08T10:26:34.0000000Z;14.506;14.518;9000;9000
2026-06-08T10:29:24.0000000Z;14.506;14.52;9000;9000
2026-06-08T10:29:25.0000000Z;14.512;14.52;9000;9000
2026-06-08T10:29:26.0000000Z;14.512;14.528;9000;9000
2026-06-08T10:29:27.0000000Z;14.516;14.526;9000;9000
2026-06-08T10:29:46.0000000Z;14.516;14.524;9000;9000
2026-06-08T10:29:49.0000000Z;14.514;14.522;9000;9000
2026-06-08T10:30:00.0000000Z;14.512;14.52;8948;8948
2026-06-08T10:30:01.0000000Z;14.516;14.524;9000;9000
2026-06-08T10:30:13.0000000Z;14.512;14.52;9000;9000
2026-06-08T10:30:13.0000000Z;14.512;14.52;9000;9000
2026-06-08T10:31:06.0000000Z;14.516;14.524;9000;9000
2026-06-08T10:31:12.0000000Z;14.514;14.52;8948;8948
2026-06-08T10:31:50.0000000Z;14.514;14.522;9000;9000
2026-06-08T10:32:01.0000000Z;14.516;14.524;9000;9000
2026-06-08T10:32:18.0000000Z;14.514;14.522;9000;9000
2026-06-08T10:32:35.0000000Z;14.516;14.524;9000;9000
2026-06-08T10:33:44.0000000Z;14.518;14.528;9000;9000
2026-06-08T10:34:02.0000000Z;14.518;14.528;250;250
2026-06-08T10:34:11.0000000Z;14.518;14.53;9000;9000
2026-06-08T10:34:12.0000000Z;14.522;14.53;9000;9000
2026-06-08T10:34:14.0000000Z;14.52;14.528;9000;9000
2026-06-08T10:34:15.0000000Z;14.522;14.542;9000;9000
2026-06-08T10:34:16.0000000Z;14.522;14.538;9000;9000
2026-06-08T10:34:17.0000000Z;14.524;14.544;9000;9000
2026-06-08T10:34:18.0000000Z;14.524;14.574;8956;8956
2026-06-08T10:34:19.0000000Z;14.518;14.55;9000;9000
2026-06-08T10:34:21.0000000Z;14.526;14.548;9000;9000
2026-06-08T10:34:26.0000000Z;14.526;14.56;8958;8958
2026-06-08T10:34:27.0000000Z;14.526;14.548;9000;9000
2026-06-08T10:34:30.0000000Z;14.528;14.55;9000;9000
2026-06-08T10:34:31.0000000Z;14.526;14.558;8929;8929
2026-06-08T10:34:32.0000000Z;14.524;14.558;8930;8930
2026-06-08T10:34:33.0000000Z;14.518;14.558;8971;8971
2026-06-08T10:34:34.0000000Z;14.526;14.558;9000;9000
2026-06-08T10:34:35.0000000Z;14.528;14.558;9000;9000
2026-06-08T10:34:37.0000000Z;14.528;14.554;9000;9000
2026-06-08T10:34:42.0000000Z;14.536;14.554;9000;9000
2026-06-08T10:34:44.0000000Z;14.536;14.552;9000;9000
2026-06-08T10:34:52.0000000Z;14.534;14.552;9000;9000
2026-06-08T10:34:53.0000000Z;14.526;14.552;9000;9000
2026-06-08T10:34:55.0000000Z;14.53;14.552;8930;8930
2026-06-08T10:34:56.0000000Z;14.534;14.55;9000;9000
2026-06-08T10:34:57.0000000Z;14.536;14.55;9000;9000
2026-06-08T10:35:00.0000000Z;14.534;14.55;9000;9000
2026-06-08T10:35:01.0000000Z;14.538;14.55;9000;9000
2026-06-08T10:35:03.0000000Z;14.538;14.552;9000;9000
2026-06-08T10:35:04.0000000Z;14.536;14.548;9000;9000
2026-06-08T10:35:06.0000000Z;14.522;14.548;9000;9000
2026-06-08T10:35:07.0000000Z;14.528;14.548;9000;9000
2026-06-08T10:35:08.0000000Z;14.488;14.548;9002;9002
2026-06-08T10:35:09.0000000Z;14.528;14.548;9000;9000
2026-06-08T10:35:10.0000000Z;14.516;14.548;9000;9000
2026-06-08T10:35:11.0000000Z;14.514;14.546;9000;9000
2026-06-08T10:35:13.0000000Z;14.516;14.548;9000;9000
2026-06-08T10:35:15.0000000Z;14.518;14.548;9000;9000
2026-06-08T10:35:17.0000000Z;14.516;14.548;9000;9000
2026-06-08T10:35:18.0000000Z;14.518;14.544;9000;9000
2026-06-08T10:35:19.0000000Z;14.516;14.544;9000;9000
2026-06-08T10:35:20.0000000Z;14.514;14.544;9000;9000
2026-06-08T10:35:23.0000000Z;14.512;14.544;9000;9000
2026-06-08T10:35:24.0000000Z;14.512;14.544;9000;9000
2026-06-08T10:35:27.0000000Z;14.518;14.544;9000;9000
2026-06-08T10:35:28.0000000Z;14.512;14.544;9000;9000
2026-06-08T10:35:30.0000000Z;14.512;14.546;9000;9000
2026-06-08T10:35:31.0000000Z;14.516;14.548;9000;9000
2026-06-08T10:35:32.0000000Z;14.512;14.548;9000;9000
2026-06-08T10:35:33.0000000Z;14.512;14.548;9000;9000
2026-06-08T10:35:34.0000000Z;14.514;14.548;9000;9000
2026-06-08T10:35:35.0000000Z;14.512;14.548;9000;9000
2026-06-08T10:35:36.0000000Z;14.512;14.548;9000;9000
2026-06-08T10:35:38.0000000Z;14.514;14.548;9000;9000
2026-06-08T10:35:39.0000000Z;14.516;14.552;8961;8961
2026-06-08T10:35:40.0000000Z;14.518;14.548;9000;9000
2026-06-08T10:35:41.0000000Z;14.518;14.552;9000;9000
2026-06-08T10:35:42.0000000Z;14.518;14.588;8960;8960
2026-06-08T10:35:43.0000000Z;14.516;14.588;8960;8960
2026-06-08T10:35:44.0000000Z;14.518;14.586;8960;8960
2026-06-08T10:35:45.0000000Z;14.52;14.578;8957;8957
2026-06-08T10:35:46.0000000Z;14.508;14.548;8981;8981
2026-06-08T10:35:47.0000000Z;14.516;14.546;9000;9000
2026-06-08T10:35:48.0000000Z;14.512;14.546;9000;9000
2026-06-08T10:35:49.0000000Z;14.514;14.546;9000;9000
2026-06-08T10:35:57.0000000Z;14.516;14.546;9000;9000
2026-06-08T10:35:59.0000000Z;14.514;14.556;8997;8997
2026-06-08T10:36:00.0000000Z;14.514;14.578;8963;8963
2026-06-08T10:36:02.0000000Z;14.514;14.562;8962;8962
2026-06-08T10:36:03.0000000Z;14.514;14.562;8960;8960
2026-06-08T10:36:04.0000000Z;14.514;14.554;8962;8962
2026-06-08T10:36:05.0000000Z;14.516;14.568;8959;8959
2026-06-08T10:36:06.0000000Z;14.514;14.566;8959;8959
2026-06-08T10:36:07.0000000Z;14.516;14.58;8963;8963
2026-06-08T10:36:08.0000000Z;14.516;14.55;9000;9000
2026-06-08T10:36:09.0000000Z;14.514;14.55;9000;9000
2026-06-08T10:36:10.0000000Z;14.512;14.55;9000;9000
2026-06-08T10:36:12.0000000Z;14.512;14.55;8967;8967
2026-06-08T10:36:13.0000000Z;14.516;14.55;8967;8967
2026-06-08T10:36:14.0000000Z;14.516;14.55;9000;9000
2026-06-08T10:36:16.0000000Z;14.516;14.55;9000;9000
2026-06-08T10:36:17.0000000Z;14.516;14.552;9000;9000
2026-06-08T10:36:18.0000000Z;14.516;14.554;9000;9000
2026-06-08T10:36:20.0000000Z;14.518;14.554;9000;9000
2026-06-08T10:36:30.0000000Z;14.52;14.554;9000;9000
2026-06-08T10:36:31.0000000Z;14.518;14.554;9000;9000
2026-06-08T10:36:37.0000000Z;14.518;14.558;9000;9000
2026-06-08T10:36:38.0000000Z;14.518;14.554;9000;9000
2026-06-08T10:36:40.0000000Z;14.518;14.558;9000;9000
2026-06-08T10:36:41.0000000Z;14.524;14.554;9000;9000
2026-06-08T10:36:46.0000000Z;14.522;14.554;9000;9000
2026-06-08T10:36:48.0000000Z;14.522;14.558;9000;9000
2026-06-08T10:36:49.0000000Z;14.522;14.546;9000;9000
2026-06-08T10:36:54.0000000Z;14.52;14.546;9000;9000
2026-06-08T10:36:55.0000000Z;14.524;14.546;9000;9000
2026-06-08T10:36:57.0000000Z;14.522;14.546;9000;9000
2026-06-08T10:37:00.0000000Z;14.522;14.548;9000;9000
2026-06-08T10:37:01.0000000Z;14.522;14.552;9000;9000
2026-06-08T10:37:04.0000000Z;14.52;14.554;9000;9000
2026-06-08T10:37:05.0000000Z;14.52;14.558;9000;9000
2026-06-08T10:37:07.0000000Z;14.524;14.558;9000;9000
2026-06-08T10:37:08.0000000Z;14.524;14.552;9000;9000
2026-06-08T10:37:09.0000000Z;14.522;14.552;9000;9000
2026-06-08T10:37:13.0000000Z;14.52;14.552;9000;9000
2026-06-08T10:37:15.0000000Z;14.524;14.552;9000;9000
2026-06-08T10:37:17.0000000Z;14.522;14.552;9000;9000
2026-06-08T10:37:19.0000000Z;14.524;14.552;9000;9000
2026-06-08T10:37:21.0000000Z;14.522;14.552;9000;9000
2026-06-08T10:37:23.0000000Z;14.524;14.552;9000;9000
2026-06-08T10:37:27.0000000Z;14.526;14.552;9000;9000
2026-06-08T10:37:29.0000000Z;14.524;14.552;9000;9000
2026-06-08T10:37:32.0000000Z;14.522;14.552;9000;9000
2026-06-08T10:37:33.0000000Z;14.52;14.552;9000;9000
2026-06-08T10:37:34.0000000Z;14.52;14.552;9000;9000
2026-06-08T10:37:35.0000000Z;14.526;14.552;9000;9000
2026-06-08T10:37:36.0000000Z;14.522;14.552;9000;9000
2026-06-08T10:37:37.0000000Z;14.524;14.552;9000;9000
2026-06-08T10:37:38.0000000Z;14.52;14.552;9000;9000
2026-06-08T10:37:39.0000000Z;14.518;14.552;9000;9000
2026-06-08T10:37:40.0000000Z;14.52;14.552;9000;9000
2026-06-08T10:37:41.0000000Z;14.52;14.552;9000;9000
2026-06-08T10:37:43.0000000Z;14.52;14.552;9000;9000
2026-06-08T10:37:44.0000000Z;14.518;14.552;9000;9000
2026-06-08T10:37:45.0000000Z;14.52;14.552;9000;9000
2026-06-08T10:37:48.0000000Z;14.518;14.552;9000;9000
2026-06-08T10:37:49.0000000Z;14.52;14.552;9000;9000
2026-06-08T10:37:56.0000000Z;14.518;14.552;9000;9000
2026-06-08T10:37:57.0000000Z;14.52;14.552;9000;9000
2026-06-08T10:37:58.0000000Z;14.52;14.554;9000;9000
2026-06-08T10:38:00.0000000Z;14.52;14.558;9000;9000
2026-06-08T10:38:05.0000000Z;14.518;14.558;9000;9000
2026-06-08T10:38:06.0000000Z;14.52;14.558;9000;9000
2026-06-08T10:38:07.0000000Z;14.52;14.558;9000;9000
2026-06-08T10:38:09.0000000Z;14.518;14.552;9000;9000
2026-06-08T10:38:10.0000000Z;14.52;14.552;9000;9000
2026-06-08T10:38:11.0000000Z;14.518;14.552;9000;9000
2026-06-08T10:38:13.0000000Z;14.516;14.552;9000;9000
2026-06-08T10:38:15.0000000Z;14.518;14.552;9000;9000
2026-06-08T10:38:18.0000000Z;14.52;14.552;9000;9000
2026-06-08T10:38:19.0000000Z;14.522;14.554;9000;9000
2026-06-08T10:38:20.0000000Z;14.518;14.554;9000;9000
2026-06-08T10:38:22.0000000Z;14.52;14.558;9000;9000
2026-06-08T10:38:23.0000000Z;14.52;14.552;9000;9000
2026-06-08T10:38:25.0000000Z;14.518;14.552;9000;9000
2026-06-08T10:38:28.0000000Z;14.52;14.552;9000;9000
2026-06-08T10:38:29.0000000Z;14.518;14.552;9000;9000
2026-06-08T10:38:37.0000000Z;14.52;14.552;9000;9000
2026-06-08T10:38:38.0000000Z;14.518;14.552;9000;9000
2026-06-08T10:38:40.0000000Z;14.52;14.552;9000;9000
2026-06-08T10:38:42.0000000Z;14.522;14.552;9000;9000
2026-06-08T10:38:45.0000000Z;14.522;14.552;9000;9000
2026-06-08T10:38:46.0000000Z;14.524;14.552;9000;9000
2026-06-08T10:38:50.0000000Z;14.52;14.552;9000;9000
2026-06-08T10:38:51.0000000Z;14.52;14.552;9000;9000
2026-06-08T10:38:52.0000000Z;14.524;14.552;9000;9000
2026-06-08T10:38:53.0000000Z;14.522;14.552;9000;9000
2026-06-08T10:38:55.0000000Z;14.524;14.552;9000;9000
2026-06-08T10:38:56.0000000Z;14.52;14.552;9000;9000
2026-06-08T10:38:57.0000000Z;14.522;14.552;9000;9000
2026-06-08T10:38:58.0000000Z;14.524;14.554;9000;9000
2026-06-08T10:38:59.0000000Z;14.522;14.55;9000;9000
2026-06-08T10:39:01.0000000Z;14.526;14.55;9000;9000
2026-06-08T10:39:03.0000000Z;14.522;14.55;9000;9000
2026-06-08T10:39:07.0000000Z;14.524;14.55;9000;9000
2026-06-08T10:39:09.0000000Z;14.524;14.552;9000;9000
2026-06-08T10:39:10.0000000Z;14.526;14.554;9000;9000
2026-06-08T10:39:12.0000000Z;14.522;14.554;9000;9000
2026-06-08T10:39:14.0000000Z;14.522;14.558;9000;9000
2026-06-08T10:39:15.0000000Z;14.522;14.558;9000;9000
2026-06-08T10:39:16.0000000Z;14.52;14.554;9000;9000
2026-06-08T10:39:18.0000000Z;14.518;14.554;9000;9000
2026-06-08T10:39:19.0000000Z;14.52;14.554;9000;9000
2026-06-08T10:39:21.0000000Z;14.524;14.554;9000;9000
2026-06-08T10:39:22.0000000Z;14.52;14.554;9000;9000
2026-06-08T10:39:24.0000000Z;14.518;14.554;9000;9000
2026-06-08T10:39:25.0000000Z;14.518;14.554;9000;9000
2026-06-08T10:39:26.0000000Z;14.52;14.554;9000;9000
2026-06-08T10:39:27.0000000Z;14.52;14.558;9000;9000
2026-06-08T10:39:28.0000000Z;14.522;14.554;9000;9000
2026-06-08T10:39:29.0000000Z;14.518;14.554;9000;9000
2026-06-08T10:39:30.0000000Z;14.52;14.554;9000;9000
2026-06-08T10:39:32.0000000Z;14.518;14.55;9000;9000
2026-06-08T10:39:34.0000000Z;14.522;14.55;9000;9000
2026-06-08T10:39:35.0000000Z;14.52;14.55;9000;9000
2026-06-08T10:39:36.0000000Z;14.518;14.55;9000;9000
2026-06-08T10:39:37.0000000Z;14.52;14.55;9000;9000
2026-06-08T10:39:38.0000000Z;14.52;14.55;9000;9000
2026-06-08T10:39:42.0000000Z;14.52;14.55;9000;9000
2026-06-08T10:39:44.0000000Z;14.52;14.552;9000;9000
2026-06-08T10:39:47.0000000Z;14.518;14.552;9000;9000
2026-06-08T10:39:48.0000000Z;14.518;14.552;9000;9000
2026-06-08T10:39:49.0000000Z;14.52;14.554;9000;9000
2026-06-08T10:39:50.0000000Z;14.52;14.552;9000;9000
2026-06-08T10:39:52.0000000Z;14.518;14.552;9000;9000
2026-06-08T10:39:54.0000000Z;14.518;14.552;9000;9000
2026-06-08T10:39:55.0000000Z;14.522;14.552;9000;9000
2026-06-08T10:39:57.0000000Z;14.518;14.552;9000;9000
2026-06-08T10:39:58.0000000Z;14.522;14.552;9000;9000
2026-06-08T10:40:00.0000000Z;14.52;14.552;9000;9000
2026-06-08T10:40:04.0000000Z;14.518;14.55;9000;9000
2026-06-08T10:40:05.0000000Z;14.518;14.55;9000;9000
2026-06-08T10:40:06.0000000Z;14.52;14.55;9000;9000
2026-06-08T10:40:08.0000000Z;14.518;14.55;9000;9000
2026-06-08T10:40:09.0000000Z;14.518;14.55;9000;9000
2026-06-08T10:40:10.0000000Z;14.52;14.55;9000;9000
2026-06-08T10:40:13.0000000Z;14.518;14.55;9000;9000
2026-06-08T10:40:14.0000000Z;14.52;14.552;9000;9000
2026-06-08T10:40:16.0000000Z;14.518;14.554;9000;9000
2026-06-08T10:40:18.0000000Z;14.52;14.554;9000;9000
2026-06-08T10:40:21.0000000Z;14.518;14.554;9000;9000
2026-06-08T10:40:22.0000000Z;14.52;14.554;9000;9000
2026-06-08T10:40:23.0000000Z;14.518;14.554;9000;9000
2026-06-08T10:40:24.0000000Z;14.52;14.554;9000;9000
2026-06-08T10:40:25.0000000Z;14.518;14.554;9000;9000
2026-06-08T10:40:27.0000000Z;14.518;14.554;9000;9000
2026-06-08T10:40:29.0000000Z;14.518;14.55;9000;9000
2026-06-08T10:40:34.0000000Z;14.52;14.55;9000;9000
2026-06-08T10:40:36.0000000Z;14.518;14.55;9000;9000
2026-06-08T10:40:38.0000000Z;14.52;14.55;9000;9000
2026-06-08T10:40:39.0000000Z;14.52;14.552;9000;9000
2026-06-08T10:40:40.0000000Z;14.518;14.554;9000;9000
2026-06-08T10:40:42.0000000Z;14.52;14.554;9000;9000
2026-06-08T10:40:44.0000000Z;14.52;14.552;9000;9000
2026-06-08T10:40:45.0000000Z;14.518;14.55;9000;9000
2026-06-08T10:40:46.0000000Z;14.52;14.55;9000;9000
2026-06-08T10:40:49.0000000Z;14.52;14.55;9000;9000
2026-06-08T10:40:50.0000000Z;14.518;14.55;9000;9000
2026-06-08T10:40:51.0000000Z;14.52;14.55;9000;9000
2026-06-08T10:40:55.0000000Z;14.52;14.552;9000;9000
2026-06-08T10:40:56.0000000Z;14.52;14.554;9000;9000
2026-06-08T10:40:57.0000000Z;14.522;14.554;9000;9000
2026-06-08T10:40:58.0000000Z;14.522;14.554;9000;9000
2026-06-08T10:41:00.0000000Z;14.52;14.554;9000;9000
2026-06-08T10:41:03.0000000Z;14.522;14.554;9000;9000
2026-06-08T10:41:05.0000000Z;14.52;14.554;9000;9000
2026-06-08T10:41:06.0000000Z;14.52;14.554;9000;9000
2026-06-08T10:41:13.0000000Z;14.518;14.554;9000;9000
2026-06-08T10:41:15.0000000Z;14.52;14.554;9000;9000
2026-06-08T10:41:17.0000000Z;14.518;14.554;9000;9000
2026-06-08T10:41:18.0000000Z;14.52;14.554;9000;9000
2026-06-08T10:41:19.0000000Z;14.52;14.554;9000;9000
2026-06-08T10:41:20.0000000Z;14.52;14.554;9000;9000
2026-06-08T10:41:21.0000000Z;14.518;14.554;9000;9000
2026-06-08T10:41:23.0000000Z;14.522;14.554;9000;9000
2026-06-08T10:41:26.0000000Z;14.52;14.554;9000;9000
2026-06-08T10:41:30.0000000Z;14.522;14.558;9000;9000
2026-06-08T10:41:31.0000000Z;14.52;14.554;9000;9000
2026-06-08T10:41:35.0000000Z;14.518;14.554;9000;9000
2026-06-08T10:41:37.0000000Z;14.52;14.554;9000;9000
2026-06-08T10:41:45.0000000Z;14.52;14.554;9000;9000
2026-06-08T10:41:47.0000000Z;14.522;14.554;9000;9000
2026-06-08T10:41:52.0000000Z;14.526;14.554;9000;9000
2026-06-08T10:41:53.0000000Z;14.524;14.554;9000;9000
2026-06-08T10:41:54.0000000Z;14.524;14.554;9000;9000
2026-06-08T10:41:55.0000000Z;14.522;14.554;9000;9000
2026-06-08T10:42:09.0000000Z;14.522;14.554;9000;9000
2026-06-08T10:42:10.0000000Z;14.52;14.554;9000;9000
2026-06-08T10:42:12.0000000Z;14.52;14.554;9000;9000
2026-06-08T10:42:13.0000000Z;14.522;14.554;9000;9000
2026-06-08T10:42:14.0000000Z;14.52;14.554;9000;9000
2026-06-08T10:42:15.0000000Z;14.52;14.554;9000;9000
2026-06-08T10:42:16.0000000Z;14.522;14.554;9000;9000
2026-06-08T10:42:17.0000000Z;14.522;14.554;9000;9000
2026-06-08T10:42:19.0000000Z;14.52;14.554;9000;9000
2026-06-08T10:42:21.0000000Z;14.518;14.554;9000;9000
2026-06-08T10:42:22.0000000Z;14.52;14.554;9000;9000
2026-06-08T10:42:28.0000000Z;14.52;14.554;9000;9000
2026-06-08T10:42:30.0000000Z;14.52;14.554;9000;9000
2026-06-08T10:42:32.0000000Z;14.518;14.554;9000;9000
2026-06-08T10:42:37.0000000Z;14.52;14.554;9000;9000
2026-06-08T10:42:41.0000000Z;14.518;14.554;9000;9000
2026-06-08T10:42:42.0000000Z;14.52;14.554;9000;9000
2026-06-08T10:42:43.0000000Z;14.522;14.554;9000;9000
2026-06-08T10:42:47.0000000Z;14.52;14.554;9000;9000
2026-06-08T10:42:49.0000000Z;14.522;14.554;9000;9000
2026-06-08T10:42:52.0000000Z;14.52;14.554;9000;9000
2026-06-08T10:42:54.0000000Z;14.522;14.554;9000;9000
2026-06-08T10:42:55.0000000Z;14.52;14.554;9000;9000
2026-06-08T10:42:58.0000000Z;14.522;14.554;9000;9000
2026-06-08T10:42:59.0000000Z;14.52;14.554;9000;9000
2026-06-08T10:43:06.0000000Z;14.522;14.554;9000;9000
2026-06-08T10:43:08.0000000Z;14.52;14.554;9000;9000
2026-06-08T10:43:10.0000000Z;14.522;14.554;9000;9000
2026-06-08T10:43:12.0000000Z;14.52;14.554;9000;9000
2026-06-08T10:43:13.0000000Z;14.522;14.554;9000;9000
2026-06-08T10:43:26.0000000Z;14.524;14.554;9000;9000
2026-06-08T10:43:28.0000000Z;14.522;14.554;9000;9000
2026-06-08T10:43:29.0000000Z;14.522;14.558;9000;9000
2026-06-08T10:43:30.0000000Z;14.522;14.554;9000;9000
2026-06-08T10:43:41.0000000Z;14.522;14.554;9000;9000
2026-06-08T10:43:42.0000000Z;14.52;14.554;9000;9000
2026-06-08T10:43:43.0000000Z;14.52;14.554;9000;9000
2026-06-08T10:43:45.0000000Z;14.522;14.554;9000;9000
2026-06-08T10:43:47.0000000Z;14.52;14.554;9000;9000
2026-06-08T10:43:48.0000000Z;14.522;14.554;9000;9000
2026-06-08T10:43:49.0000000Z;14.522;14.554;9000;9000
2026-06-08T10:43:50.0000000Z;14.52;14.554;9000;9000
2026-06-08T10:43:52.0000000Z;14.522;14.554;9000;9000
2026-06-08T10:43:54.0000000Z;14.52;14.554;9000;9000
2026-06-08T10:43:55.0000000Z;14.522;14.554;9000;9000
2026-06-08T10:43:57.0000000Z;14.52;14.554;9000;9000
2026-06-08T10:43:59.0000000Z;14.522;14.554;9000;9000
2026-06-08T10:44:01.0000000Z;14.52;14.554;9000;9000
2026-06-08T10:44:03.0000000Z;14.522;14.554;9000;9000
2026-06-08T10:44:05.0000000Z;14.52;14.554;9000;9000
2026-06-08T10:44:12.0000000Z;14.52;14.554;9000;9000
2026-06-08T10:44:14.0000000Z;14.518;14.554;9000;9000
2026-06-08T10:44:15.0000000Z;14.518;14.554;9000;9000
2026-06-08T10:44:16.0000000Z;14.52;14.554;9000;9000
2026-06-08T10:44:18.0000000Z;14.518;14.554;9000;9000
2026-06-08T10:44:19.0000000Z;14.522;14.554;9000;9000
2026-06-08T10:44:20.0000000Z;14.52;14.554;9000;9000
2026-06-08T10:44:22.0000000Z;14.52;14.554;9000;9000
2026-06-08T10:44:31.0000000Z;14.518;14.554;9000;9000
2026-06-08T10:44:32.0000000Z;14.52;14.554;9000;9000
2026-06-08T10:44:34.0000000Z;14.518;14.554;9000;9000
2026-06-08T10:44:36.0000000Z;14.518;14.554;9000;9000
2026-06-08T10:44:37.0000000Z;14.52;14.554;9000;9000
2026-06-08T10:44:39.0000000Z;14.518;14.554;9000;9000
2026-06-08T10:44:40.0000000Z;14.516;14.554;9000;9000
2026-06-08T10:44:41.0000000Z;14.518;14.554;9000;9000
2026-06-08T10:44:44.0000000Z;14.516;14.554;9000;9000
2026-06-08T10:44:45.0000000Z;14.516;14.554;9000;9000
2026-06-08T10:44:46.0000000Z;14.518;14.554;9000;9000
2026-06-08T10:44:49.0000000Z;14.516;14.554;9000;9000
2026-06-08T10:44:51.0000000Z;14.516;14.554;9000;9000
2026-06-08T10:44:57.0000000Z;14.518;14.554;9000;9000
2026-06-08T10:44:59.0000000Z;14.518;14.554;9000;9000
2026-06-08T10:45:00.0000000Z;14.516;14.554;9000;9000
2026-06-08T10:45:01.0000000Z;14.516;14.554;9000;9000
2026-06-08T10:45:05.0000000Z;14.518;14.554;9000;9000
2026-06-08T10:45:07.0000000Z;14.516;14.554;9000;9000
2026-06-08T10:45:08.0000000Z;14.518;14.554;9000;9000
2026-06-08T10:45:12.0000000Z;14.518;14.554;9000;9000
2026-06-08T10:45:20.0000000Z;14.52;14.554;9000;9000
2026-06-08T10:45:22.0000000Z;14.518;14.554;9000;9000
2026-06-08T10:45:23.0000000Z;14.52;14.554;9000;9000
2026-06-08T10:45:24.0000000Z;14.518;14.554;9000;9000
2026-06-08T10:45:34.0000000Z;14.516;14.554;9000;9000
2026-06-08T10:45:36.0000000Z;14.518;14.554;9000;9000
2026-06-08T10:45:38.0000000Z;14.516;14.552;9000;9000
2026-06-08T10:45:40.0000000Z;14.516;14.552;9000;9000
2026-06-08T10:45:43.0000000Z;14.518;14.552;9000;9000
2026-06-08T10:45:45.0000000Z;14.516;14.552;9000;9000
2026-06-08T10:45:46.0000000Z;14.518;14.552;9000;9000
2026-06-08T10:45:47.0000000Z;14.516;14.552;9000;9000
2026-06-08T10:45:54.0000000Z;14.514;14.552;9000;9000
2026-06-08T10:45:55.0000000Z;14.518;14.552;9000;9000
2026-06-08T10:45:56.0000000Z;14.518;14.554;9000;9000
2026-06-08T10:45:57.0000000Z;14.516;14.554;9000;9000
2026-06-08T10:45:58.0000000Z;14.516;14.552;9000;9000
2026-06-08T10:45:59.0000000Z;14.518;14.552;9000;9000
2026-06-08T10:46:01.0000000Z;14.516;14.552;9000;9000
2026-06-08T10:46:09.0000000Z;14.516;14.554;9000;9000
2026-06-08T10:46:10.0000000Z;14.516;14.554;9000;9000
2026-06-08T10:46:11.0000000Z;14.514;14.554;9000;9000
2026-06-08T10:46:12.0000000Z;14.516;14.554;9000;9000
2026-06-08T10:46:14.0000000Z;14.516;14.552;9000;9000
2026-06-08T10:46:16.0000000Z;14.514;14.554;9000;9000
2026-06-08T10:46:18.0000000Z;14.516;14.558;9000;9000
2026-06-08T10:46:19.0000000Z;14.518;14.558;9000;9000
2026-06-08T10:46:20.0000000Z;14.516;14.558;9000;9000
2026-06-08T10:46:21.0000000Z;14.514;14.554;9000;9000
2026-06-08T10:46:22.0000000Z;14.518;14.554;9000;9000
2026-06-08T10:46:23.0000000Z;14.516;14.554;137;137
2026-06-08T10:46:24.0000000Z;14.518;14.558;9000;9000
2026-06-08T10:46:26.0000000Z;14.516;14.554;9000;9000
2026-06-08T10:46:28.0000000Z;14.518;14.554;9000;9000
2026-06-08T10:46:29.0000000Z;14.512;14.552;9000;9000
2026-06-08T10:46:30.0000000Z;14.516;14.552;9000;9000
2026-06-08T10:46:31.0000000Z;14.514;14.552;9000;9000
2026-06-08T10:46:33.0000000Z;14.512;14.55;9000;9000
2026-06-08T10:46:34.0000000Z;14.512;14.55;9000;9000
2026-06-08T10:46:35.0000000Z;14.514;14.552;9000;9000
2026-06-08T10:46:37.0000000Z;14.516;14.552;9000;9000
2026-06-08T10:46:38.0000000Z;14.516;14.55;9000;9000
2026-06-08T10:46:39.0000000Z;14.514;14.55;9000;9000
2026-06-08T10:46:40.0000000Z;14.516;14.552;9000;9000
2026-06-08T10:46:42.0000000Z;14.512;14.55;9000;9000
2026-06-08T10:46:43.0000000Z;14.512;14.55;9000;9000
2026-06-08T10:46:44.0000000Z;14.514;14.552;9000;9000
2026-06-08T10:46:45.0000000Z;14.516;14.552;9000;9000
2026-06-08T10:46:46.0000000Z;14.516;14.55;9000;9000
2026-06-08T10:46:47.0000000Z;14.516;14.552;9000;9000
2026-06-08T10:46:48.0000000Z;14.518;14.552;9000;9000
2026-06-08T10:46:49.0000000Z;14.512;14.55;9000;9000
2026-06-08T10:46:51.0000000Z;14.512;14.552;9000;9000
2026-06-08T10:46:52.0000000Z;14.514;14.552;9000;9000
2026-06-08T10:46:53.0000000Z;14.514;14.55;9000;9000
2026-06-08T10:46:54.0000000Z;14.516;14.55;9000;9000
2026-06-08T10:46:55.0000000Z;14.514;14.55;9000;9000
2026-06-08T10:46:56.0000000Z;14.514;14.552;9000;9000
2026-06-08T10:46:57.0000000Z;14.514;14.552;9000;9000
2026-06-08T10:46:58.0000000Z;14.516;14.552;9000;9000
2026-06-08T10:46:59.0000000Z;14.512;14.552;9000;9000
2026-06-08T10:47:00.0000000Z;14.512;14.55;9000;9000
2026-06-08T10:47:01.0000000Z;14.514;14.55;9000;9000
2026-06-08T10:47:03.0000000Z;14.512;14.552;9000;9000
2026-06-08T10:47:04.0000000Z;14.514;14.552;9000;9000
2026-06-08T10:47:05.0000000Z;14.512;14.552;9000;9000
2026-06-08T10:47:07.0000000Z;14.512;14.55;9000;9000
2026-06-08T10:47:11.0000000Z;14.506;14.548;9000;9000
2026-06-08T10:47:12.0000000Z;14.506;14.548;9000;9000
2026-06-08T10:47:13.0000000Z;14.51;14.548;8970;8970
2026-06-08T10:47:15.0000000Z;14.512;14.548;9000;9000
2026-06-08T10:47:16.0000000Z;14.516;14.548;9000;9000
2026-06-08T10:47:17.0000000Z;14.516;14.548;9000;9000
2026-06-08T10:47:18.0000000Z;14.514;14.548;9000;9000
2026-06-08T10:47:19.0000000Z;14.512;14.546;8968;8968
2026-06-08T10:47:20.0000000Z;14.512;14.546;9000;9000
2026-06-08T10:47:21.0000000Z;14.506;14.548;8968;8968
2026-06-08T10:47:22.0000000Z;14.506;14.546;9000;9000
2026-06-08T10:47:23.0000000Z;14.51;14.546;9000;9000
2026-06-08T10:47:24.0000000Z;14.51;14.548;9000;9000
2026-06-08T10:47:25.0000000Z;14.51;14.548;9000;9000
2026-06-08T10:47:26.0000000Z;14.506;14.548;9000;9000
2026-06-08T10:47:27.0000000Z;14.51;14.548;9000;9000
2026-06-08T10:47:28.0000000Z;14.512;14.55;9000;9000
2026-06-08T10:47:29.0000000Z;14.512;14.55;9000;9000
2026-06-08T10:47:30.0000000Z;14.51;14.55;9000;9000
2026-06-08T10:47:31.0000000Z;14.512;14.55;9000;9000
2026-06-08T10:47:32.0000000Z;14.508;14.548;9000;9000
2026-06-08T10:47:33.0000000Z;14.506;14.55;9000;9000
2026-06-08T10:47:34.0000000Z;14.51;14.548;9000;9000
2026-06-08T10:47:35.0000000Z;14.506;14.548;9000;9000
2026-06-08T10:47:36.0000000Z;14.51;14.55;9000;9000
2026-06-08T10:47:40.0000000Z;14.504;14.548;9000;9000
2026-06-08T10:47:42.0000000Z;14.506;14.55;9000;9000
2026-06-08T10:47:45.0000000Z;14.506;14.548;9000;9000
2026-06-08T10:47:46.0000000Z;14.512;14.548;9000;9000
2026-06-08T10:47:47.0000000Z;14.506;14.548;9000;9000
2026-06-08T10:47:48.0000000Z;14.506;14.546;9000;9000
2026-06-08T10:47:49.0000000Z;14.51;14.546;9000;9000
2026-06-08T10:47:50.0000000Z;14.506;14.548;9000;9000
2026-06-08T10:47:51.0000000Z;14.506;14.546;9000;9000
2026-06-08T10:47:52.0000000Z;14.51;14.548;9000;9000
2026-06-08T10:47:54.0000000Z;14.506;14.548;9000;9000
2026-06-08T10:47:55.0000000Z;14.51;14.548;9000;9000
2026-06-08T10:47:56.0000000Z;14.506;14.546;9000;9000
2026-06-08T10:47:57.0000000Z;14.506;14.546;9000;9000
2026-06-08T10:47:58.0000000Z;14.51;14.548;9000;9000
2026-06-08T10:48:00.0000000Z;14.506;14.546;9000;9000
2026-06-08T10:48:01.0000000Z;14.504;14.546;9000;9000
2026-06-08T10:48:02.0000000Z;14.506;14.546;9000;9000
2026-06-08T10:48:03.0000000Z;14.506;14.548;9000;9000
2026-06-08T10:48:05.0000000Z;14.504;14.546;9000;9000
2026-06-08T10:48:06.0000000Z;14.504;14.546;9000;9000
2026-06-08T10:48:07.0000000Z;14.506;14.548;9000;9000
2026-06-08T10:48:10.0000000Z;14.506;14.548;9000;9000
2026-06-08T10:48:12.0000000Z;14.506;14.548;9000;9000
2026-06-08T10:48:13.0000000Z;14.51;14.548;9000;9000
2026-06-08T10:48:15.0000000Z;14.506;14.548;9000;9000
2026-06-08T10:48:16.0000000Z;14.51;14.548;9000;9000
2026-06-08T10:48:18.0000000Z;14.506;14.548;9000;9000
2026-06-08T10:48:19.0000000Z;14.51;14.548;9000;9000
2026-06-08T10:48:21.0000000Z;14.506;14.548;9000;9000
2026-06-08T10:48:22.0000000Z;14.506;14.548;9000;9000
2026-06-08T10:48:23.0000000Z;14.506;14.548;9000;9000
2026-06-08T10:48:25.0000000Z;14.51;14.548;9000;9000
2026-06-08T10:48:27.0000000Z;14.506;14.548;9000;9000
2026-06-08T10:48:30.0000000Z;14.506;14.548;9000;9000
2026-06-08T10:48:31.0000000Z;14.512;14.55;9000;9000
2026-06-08T10:48:32.0000000Z;14.51;14.55;9000;9000
2026-06-08T10:48:33.0000000Z;14.506;14.548;9000;9000
2026-06-08T10:48:34.0000000Z;14.51;14.55;9000;9000
2026-06-08T10:48:37.0000000Z;14.506;14.55;9000;9000
2026-06-08T10:48:38.0000000Z;14.506;14.55;9000;9000
2026-06-08T10:48:39.0000000Z;14.51;14.552;9000;9000
2026-06-08T10:48:40.0000000Z;14.51;14.552;8965;8965
2026-06-08T10:48:41.0000000Z;14.51;14.55;8963;8963
2026-06-08T10:48:42.0000000Z;14.51;14.55;8965;8965
2026-06-08T10:48:43.0000000Z;14.51;14.55;9000;9000
2026-06-08T10:48:44.0000000Z;14.51;14.552;9000;9000
2026-06-08T10:48:46.0000000Z;14.51;14.55;9000;9000
2026-06-08T10:48:48.0000000Z;14.506;14.554;8972;8972
2026-06-08T10:48:49.0000000Z;14.506;14.554;9000;9000
2026-06-08T10:48:50.0000000Z;14.506;14.55;9000;9000
2026-06-08T10:48:51.0000000Z;14.506;14.552;9000;9000
2026-06-08T10:48:52.0000000Z;14.506;14.552;8963;8963
2026-06-08T10:48:53.0000000Z;14.51;14.55;9000;9000
2026-06-08T10:48:54.0000000Z;14.506;14.55;9000;9000
2026-06-08T10:48:55.0000000Z;14.51;14.55;9000;9000
2026-06-08T10:48:56.0000000Z;14.506;14.55;9000;9000
2026-06-08T10:48:57.0000000Z;14.506;14.55;9000;9000
2026-06-08T10:48:58.0000000Z;14.51;14.55;8963;8963
2026-06-08T10:48:59.0000000Z;14.506;14.548;8963;8963
2026-06-08T10:49:00.0000000Z;14.506;14.548;8963;8963
2026-06-08T10:49:01.0000000Z;14.506;14.55;9000;9000
2026-06-08T10:49:03.0000000Z;14.506;14.55;9000;9000
2026-06-08T10:49:04.0000000Z;14.506;14.55;9000;9000
2026-06-08T10:49:07.0000000Z;14.51;14.55;9000;9000
2026-06-08T10:49:08.0000000Z;14.506;14.55;9000;9000
2026-06-08T10:49:10.0000000Z;14.51;14.55;9000;9000
2026-06-08T10:49:11.0000000Z;14.506;14.55;8963;8963
2026-06-08T10:49:13.0000000Z;14.51;14.552;9000;9000
2026-06-08T10:49:14.0000000Z;14.506;14.552;9000;9000
2026-06-08T10:49:15.0000000Z;14.506;14.55;8963;8963
2026-06-08T10:49:16.0000000Z;14.506;14.55;9000;9000
2026-06-08T10:49:18.0000000Z;14.51;14.55;9000;9000
2026-06-08T10:49:19.0000000Z;14.506;14.55;9000;9000
2026-06-08T10:49:21.0000000Z;14.506;14.552;9000;9000
2026-06-08T10:49:22.0000000Z;14.506;14.552;8965;8965
2026-06-08T10:49:24.0000000Z;14.506;14.55;9000;9000
2026-06-08T10:49:25.0000000Z;14.51;14.55;9000;9000
2026-06-08T10:49:27.0000000Z;14.506;14.55;9000;9000
2026-06-08T10:49:28.0000000Z;14.504;14.548;8965;8965
2026-06-08T10:49:30.0000000Z;14.506;14.55;8965;8965
2026-06-08T10:49:31.0000000Z;14.506;14.55;8964;8964
2026-06-08T10:49:33.0000000Z;14.506;14.552;9000;9000
2026-06-08T10:49:34.0000000Z;14.506;14.55;9000;9000
2026-06-08T10:49:37.0000000Z;14.51;14.55;9000;9000
2026-06-08T10:49:38.0000000Z;14.506;14.552;9000;9000
2026-06-08T10:49:39.0000000Z;14.506;14.55;9000;9000
2026-06-08T10:49:41.0000000Z;14.51;14.55;9000;9000
2026-06-08T10:49:43.0000000Z;14.506;14.55;9000;9000
2026-06-08T10:49:45.0000000Z;14.51;14.55;9000;9000
2026-06-08T10:49:48.0000000Z;14.51;14.548;9000;9000
2026-06-08T10:49:50.0000000Z;14.51;14.55;9000;9000
2026-06-08T10:49:51.0000000Z;14.512;14.55;9000;9000
2026-06-08T10:49:52.0000000Z;14.51;14.548;9000;9000
2026-06-08T10:49:53.0000000Z;14.51;14.548;9000;9000
2026-06-08T10:49:54.0000000Z;14.506;14.544;9000;9000
2026-06-08T10:49:55.0000000Z;14.51;14.544;9000;9000
2026-06-08T10:49:56.0000000Z;14.506;14.544;9000;9000
2026-06-08T10:49:58.0000000Z;14.51;14.544;9000;9000
2026-06-08T10:50:01.0000000Z;14.506;14.544;9000;9000
2026-06-08T10:50:03.0000000Z;14.51;14.544;9000;9000
2026-06-08T10:50:09.0000000Z;14.51;14.544;9000;9000
2026-06-08T10:50:12.0000000Z;14.506;14.544;9000;9000
2026-06-08T10:50:14.0000000Z;14.512;14.544;9000;9000
2026-06-08T10:50:17.0000000Z;14.506;14.544;9000;9000
2026-06-08T10:50:19.0000000Z;14.51;14.544;9000;9000
2026-06-08T10:50:22.0000000Z;14.506;14.544;9000;9000
2026-06-08T10:50:23.0000000Z;14.51;14.544;9000;9000
2026-06-08T10:50:25.0000000Z;14.506;14.544;9000;9000
2026-06-08T10:50:27.0000000Z;14.51;14.544;9000;9000
2026-06-08T10:50:29.0000000Z;14.506;14.544;9000;9000
2026-06-08T10:50:36.0000000Z;14.51;14.544;9000;9000
2026-06-08T10:50:37.0000000Z;14.506;14.544;9000;9000
2026-06-08T10:50:38.0000000Z;14.504;14.544;9000;9000
2026-06-08T10:50:39.0000000Z;14.506;14.544;9000;9000
2026-06-08T10:50:40.0000000Z;14.506;14.544;9000;9000
2026-06-08T10:50:41.0000000Z;14.504;14.544;9000;9000
2026-06-08T10:50:43.0000000Z;14.506;14.544;9000;9000
2026-06-08T10:50:46.0000000Z;14.506;14.544;9000;9000
2026-06-08T10:50:47.0000000Z;14.51;14.544;9000;9000
2026-06-08T10:50:49.0000000Z;14.506;14.544;9000;9000
2026-06-08T10:50:51.0000000Z;14.506;14.544;9000;9000
2026-06-08T10:50:54.0000000Z;14.506;14.544;9000;9000
2026-06-08T10:50:59.0000000Z;14.51;14.544;9000;9000
2026-06-08T10:51:02.0000000Z;14.504;14.544;9000;9000
2026-06-08T10:51:03.0000000Z;14.504;14.546;9000;9000
2026-06-08T10:51:05.0000000Z;14.504;14.544;9000;9000
2026-06-08T10:51:09.0000000Z;14.506;14.54;9000;9000
2026-06-08T10:51:11.0000000Z;14.504;14.54;9000;9000
2026-06-08T10:51:17.0000000Z;14.506;14.544;9000;9000
2026-06-08T10:51:19.0000000Z;14.504;14.538;9000;9000
2026-06-08T10:51:22.0000000Z;14.506;14.538;9000;9000
2026-06-08T10:51:23.0000000Z;14.504;14.538;9000;9000
2026-06-08T10:51:24.0000000Z;14.504;14.544;9000;9000
2026-06-08T10:51:25.0000000Z;14.506;14.544;9000;9000
2026-06-08T10:51:27.0000000Z;14.504;14.544;9000;9000
2026-06-08T10:51:28.0000000Z;14.504;14.538;9000;9000
2026-06-08T10:51:30.0000000Z;14.506;14.538;9000;9000
2026-06-08T10:51:31.0000000Z;14.504;14.538;9000;9000
2026-06-08T10:51:38.0000000Z;14.504;14.54;9000;9000
2026-06-08T10:51:40.0000000Z;14.504;14.544;9000;9000
2026-06-08T10:51:42.0000000Z;14.506;14.54;9000;9000
2026-06-08T10:51:43.0000000Z;14.506;14.538;9000;9000
2026-06-08T10:51:50.0000000Z;14.512;14.538;9000;9000
2026-06-08T10:51:52.0000000Z;14.51;14.538;9000;9000
2026-06-08T10:51:53.0000000Z;14.51;14.54;9000;9000
2026-06-08T10:51:54.0000000Z;14.512;14.54;9000;9000
2026-06-08T10:51:55.0000000Z;14.512;14.538;9000;9000
2026-06-08T10:51:56.0000000Z;14.51;14.538;9000;9000
2026-06-08T10:51:58.0000000Z;14.512;14.538;9000;9000
2026-06-08T10:52:00.0000000Z;14.51;14.538;9000;9000
2026-06-08T10:52:02.0000000Z;14.512;14.538;9000;9000
2026-06-08T10:52:07.0000000Z;14.514;14.538;9000;9000
2026-06-08T10:52:09.0000000Z;14.512;14.538;9000;9000
2026-06-08T10:52:11.0000000Z;14.514;14.538;9000;9000
2026-06-08T10:52:13.0000000Z;14.512;14.538;9000;9000
2026-06-08T10:52:42.0000000Z;14.51;14.538;9000;9000
2026-06-08T10:52:43.0000000Z;14.512;14.538;9000;9000
2026-06-08T10:52:45.0000000Z;14.51;14.538;9000;9000
2026-06-08T10:52:47.0000000Z;14.512;14.538;9000;9000
2026-06-08T10:52:54.0000000Z;14.514;14.538;9000;9000
2026-06-08T10:52:58.0000000Z;14.512;14.538;9000;9000
2026-06-08T10:53:00.0000000Z;14.514;14.538;9000;9000
2026-06-08T10:53:13.0000000Z;14.516;14.538;9000;9000
2026-06-08T10:53:15.0000000Z;14.514;14.538;9000;9000
2026-06-08T10:53:21.0000000Z;14.516;14.538;9000;9000
2026-06-08T10:53:23.0000000Z;14.516;14.544;9000;9000
2026-06-08T10:53:25.0000000Z;14.514;14.544;9000;9000
2026-06-08T10:53:46.0000000Z;14.516;14.544;9000;9000
2026-06-08T10:53:48.0000000Z;14.514;14.544;9000;9000
2026-06-08T10:53:53.0000000Z;14.516;14.544;9000;9000
2026-06-08T10:53:56.0000000Z;14.514;14.544;9000;9000
2026-06-08T10:53:57.0000000Z;14.514;14.544;9000;9000
2026-06-08T10:54:03.0000000Z;14.512;14.544;9000;9000
2026-06-08T10:54:05.0000000Z;14.512;14.546;9000;9000
2026-06-08T10:54:16.0000000Z;14.514;14.546;9000;9000
2026-06-08T10:54:17.0000000Z;14.512;14.546;9000;9000
2026-06-08T10:54:21.0000000Z;14.514;14.546;9000;9000
2026-06-08T10:54:22.0000000Z;14.512;14.546;9000;9000
2026-06-08T10:54:27.0000000Z;14.51;14.546;9000;9000
2026-06-08T10:54:28.0000000Z;14.512;14.546;9000;9000
2026-06-08T10:54:29.0000000Z;14.51;14.546;9000;9000
2026-06-08T10:54:30.0000000Z;14.51;14.546;9000;9000
2026-06-08T10:54:33.0000000Z;14.51;14.546;9000;9000
2026-06-08T10:54:36.0000000Z;14.512;14.546;9000;9000
2026-06-08T10:54:37.0000000Z;14.51;14.546;9000;9000
2026-06-08T10:54:43.0000000Z;14.512;14.546;9000;9000
2026-06-08T10:54:44.0000000Z;14.51;14.546;9000;9000
2026-06-08T10:54:45.0000000Z;14.51;14.546;9000;9000
2026-06-08T10:54:57.0000000Z;14.51;14.544;9000;9000
2026-06-08T10:55:00.0000000Z;14.512;14.544;9000;9000
2026-06-08T10:55:01.0000000Z;14.512;14.544;9000;9000
2026-06-08T10:55:02.0000000Z;14.51;14.544;9000;9000
2026-06-08T10:55:04.0000000Z;14.512;14.544;9000;9000
2026-06-08T10:55:05.0000000Z;14.51;14.544;9000;9000
2026-06-08T10:55:10.0000000Z;14.512;14.544;9000;9000
2026-06-08T10:55:11.0000000Z;14.51;14.544;9000;9000
2026-06-08T10:55:12.0000000Z;14.512;14.544;9000;9000
2026-06-08T10:55:14.0000000Z;14.51;14.544;9000;9000
2026-06-08T10:55:18.0000000Z;14.51;14.544;9000;9000
2026-06-08T10:55:22.0000000Z;14.51;14.544;9000;9000
2026-06-08T10:55:33.0000000Z;14.506;14.544;9000;9000
2026-06-08T10:55:36.0000000Z;14.506;14.544;9000;9000
2026-06-08T10:55:40.0000000Z;14.51;14.544;9000;9000
2026-06-08T10:55:43.0000000Z;14.51;14.544;9000;9000
2026-06-08T10:55:46.0000000Z;14.506;14.544;9000;9000
2026-06-08T10:55:49.0000000Z;14.51;14.544;9000;9000
2026-06-08T10:55:52.0000000Z;14.51;14.544;9000;9000
2026-06-08T10:55:53.0000000Z;14.506;14.544;9000;9000
2026-06-08T10:55:57.0000000Z;14.506;14.544;9000;9000
2026-06-08T10:56:01.0000000Z;14.51;14.544;9000;9000
2026-06-08T10:56:03.0000000Z;14.51;14.544;9000;9000
2026-06-08T10:56:04.0000000Z;14.512;14.544;9000;9000
2026-06-08T10:56:08.0000000Z;14.512;14.544;9000;9000
2026-06-08T10:56:10.0000000Z;14.51;14.544;9000;9000
2026-06-08T10:56:20.0000000Z;14.506;14.544;9000;9000
2026-06-08T10:56:25.0000000Z;14.506;14.544;9000;9000
2026-06-08T10:56:26.0000000Z;14.504;14.544;9000;9000
2026-06-08T10:56:28.0000000Z;14.506;14.544;9000;9000
2026-06-08T10:56:29.0000000Z;14.504;14.544;9000;9000
2026-06-08T10:56:32.0000000Z;14.506;14.544;9000;9000
2026-06-08T10:56:41.0000000Z;14.504;14.544;9000;9000
2026-06-08T10:56:44.0000000Z;14.51;14.544;9000;9000
2026-06-08T10:56:46.0000000Z;14.506;14.544;9000;9000
2026-06-08T10:56:48.0000000Z;14.504;14.544;9000;9000
2026-06-08T10:56:49.0000000Z;14.51;14.544;9000;9000
2026-06-08T10:56:50.0000000Z;14.504;14.544;9000;9000
2026-06-08T10:56:52.0000000Z;14.506;14.544;9000;9000
2026-06-08T10:56:53.0000000Z;14.504;14.544;9000;9000
2026-06-08T10:56:56.0000000Z;14.506;14.544;275;275
2026-06-08T10:57:00.0000000Z;14.504;14.544;9000;9000
2026-06-08T10:57:07.0000000Z;14.504;14.544;9000;9000
2026-06-08T10:57:09.0000000Z;14.506;14.544;9000;9000
2026-06-08T10:57:10.0000000Z;14.506;14.544;9000;9000
2026-06-08T10:57:12.0000000Z;14.504;14.544;9000;9000
2026-06-08T10:57:21.0000000Z;14.51;14.544;9000;9000
2026-06-08T10:57:22.0000000Z;14.506;14.544;9000;9000
2026-06-08T10:57:24.0000000Z;14.504;14.544;9000;9000
2026-06-08T10:57:27.0000000Z;14.506;14.544;9000;9000
2026-06-08T10:57:31.0000000Z;14.504;14.544;9000;9000
2026-06-08T10:57:40.0000000Z;14.504;14.544;9000;9000
2026-06-08T10:57:42.0000000Z;14.504;14.544;9000;9000
2026-06-08T10:57:45.0000000Z;14.504;14.544;9000;9000
2026-06-08T10:57:46.0000000Z;14.506;14.544;9000;9000
2026-06-08T10:57:47.0000000Z;14.504;14.544;9000;9000
2026-06-08T10:57:48.0000000Z;14.506;14.544;9000;9000
2026-06-08T10:57:49.0000000Z;14.504;14.544;9000;9000
2026-06-08T10:57:51.0000000Z;14.504;14.544;9000;9000
2026-06-08T10:57:55.0000000Z;14.506;14.544;9000;9000
2026-06-08T10:57:58.0000000Z;14.504;14.544;9000;9000
2026-06-08T10:58:00.0000000Z;14.504;14.544;9000;9000
2026-06-08T10:58:02.0000000Z;14.506;14.544;9000;9000
2026-06-08T10:58:03.0000000Z;14.506;14.544;9000;9000
2026-06-08T10:58:04.0000000Z;14.51;14.544;9000;9000
2026-06-08T10:58:05.0000000Z;14.504;14.544;9000;9000
2026-06-08T10:58:09.0000000Z;14.506;14.544;9000;9000
2026-06-08T10:58:11.0000000Z;14.504;14.544;9000;9000
2026-06-08T10:58:13.0000000Z;14.504;14.544;9000;9000
2026-06-08T10:58:15.0000000Z;14.506;14.544;9000;9000
2026-06-08T10:58:20.0000000Z;14.51;14.544;9000;9000
2026-06-08T10:58:25.0000000Z;14.512;14.544;9000;9000
2026-06-08T10:58:26.0000000Z;14.51;14.544;9000;9000
2026-06-08T10:58:27.0000000Z;14.51;14.544;9000;9000
2026-06-08T10:58:28.0000000Z;14.512;14.544;9000;9000
2026-06-08T10:58:29.0000000Z;14.51;14.544;9000;9000
2026-06-08T10:58:30.0000000Z;14.512;14.544;9000;9000
2026-06-08T10:58:37.0000000Z;14.51;14.544;9000;9000
2026-06-08T10:58:39.0000000Z;14.51;14.544;9000;9000
2026-06-08T10:59:24.0000000Z;14.512;14.544;9000;9000
2026-06-08T10:59:26.0000000Z;14.51;14.544;9000;9000
2026-06-08T10:59:28.0000000Z;14.512;14.544;9000;9000
2026-06-08T10:59:31.0000000Z;14.51;14.544;9000;9000
2026-06-08T10:59:37.0000000Z;14.512;14.544;9000;9000
2026-06-08T10:59:46.0000000Z;14.51;14.544;9000;9000
2026-06-08T10:59:59.0000000Z;14.51;14.546;9000;9000
2026-06-08T11:00:03.0000000Z;14.512;14.548;9000;9000
2026-06-08T11:00:04.0000000Z;14.512;14.546;9000;9000
2026-06-08T11:00:05.0000000Z;14.512;14.544;9000;9000
2026-06-08T11:00:09.0000000Z;14.51;14.544;9000;9000
2026-06-08T11:00:24.0000000Z;14.51;14.54;9000;9000
2026-06-08T11:00:50.0000000Z;14.51;14.536;9000;9000
2026-06-08T11:00:51.0000000Z;14.506;14.536;9000;9000
2026-06-08T11:00:53.0000000Z;14.504;14.536;9000;9000
2026-06-08T11:01:03.0000000Z;14.518;14.536;9000;9000
2026-06-08T11:01:26.0000000Z;14.518;14.534;9000;9000
2026-06-08T11:01:28.0000000Z;14.518;14.536;9000;9000
2026-06-08T11:01:38.0000000Z;14.518;14.534;9000;9000
2026-06-08T11:01:48.0000000Z;14.518;14.536;9000;9000
2026-06-08T11:01:52.0000000Z;14.518;14.534;9000;9000
2026-06-08T11:01:54.0000000Z;14.516;14.532;9000;9000
2026-06-08T11:02:00.0000000Z;14.514;14.532;9000;9000
2026-06-08T11:03:31.0000000Z;14.516;14.532;9000;9000
2026-06-08T11:03:32.0000000Z;14.514;14.532;9000;9000
2026-06-08T11:03:41.0000000Z;14.516;14.532;9000;9000
2026-06-08T11:03:44.0000000Z;14.518;14.532;9000;9000
2026-06-08T11:04:15.0000000Z;14.518;14.536;9000;9000
2026-06-08T11:04:20.0000000Z;14.518;14.538;9000;9000
2026-06-08T11:04:22.0000000Z;14.518;14.534;9000;9000
2026-06-08T11:04:30.0000000Z;14.522;14.534;9000;9000
2026-06-08T11:04:32.0000000Z;14.522;14.536;9000;9000
2026-06-08T11:04:34.0000000Z;14.522;14.538;9000;9000
2026-06-08T11:04:50.0000000Z;14.526;14.538;9000;9000
2026-06-08T11:04:51.0000000Z;14.526;14.54;9000;9000
2026-06-08T11:04:52.0000000Z;14.526;14.544;9000;9000
2026-06-08T11:04:54.0000000Z;14.526;14.538;9000;9000
2026-06-08T11:05:01.0000000Z;14.526;14.538;9000;9000
2026-06-08T11:05:07.0000000Z;14.526;14.536;9000;9000
2026-06-08T11:05:11.0000000Z;14.526;14.536;3442;3442
2026-06-08T11:05:12.0000000Z;14.526;14.536;9000;9000
2026-06-08T11:05:17.0000000Z;14.526;14.534;9000;9000
2026-06-08T11:05:28.0000000Z;14.526;14.536;9000;9000
2026-06-08T11:05:30.0000000Z;14.526;14.538;9000;9000
2026-06-08T11:05:59.0000000Z;14.526;14.538;9000;9000
2026-06-08T11:06:03.0000000Z;14.526;14.538;68;68
2026-06-08T11:06:10.0000000Z;14.526;14.536;9000;9000
2026-06-08T11:06:14.0000000Z;14.526;14.538;9000;9000
2026-06-08T11:06:19.0000000Z;14.526;14.536;9000;9000
2026-06-08T11:06:29.0000000Z;14.526;14.538;9000;9000
2026-06-08T11:06:30.0000000Z;14.526;14.536;9000;9000
2026-06-08T11:06:40.0000000Z;14.526;14.536;9000;9000
2026-06-08T11:06:46.0000000Z;14.524;14.536;9000;9000
2026-06-08T11:06:48.0000000Z;14.522;14.536;9000;9000
2026-06-08T11:06:50.0000000Z;14.522;14.538;9000;9000
2026-06-08T11:06:51.0000000Z;14.522;14.54;9000;9000
2026-06-08T11:06:55.0000000Z;14.522;14.536;9000;9000
2026-06-08T11:07:11.0000000Z;14.522;14.538;9000;9000
2026-06-08T11:07:15.0000000Z;14.522;14.536;9000;9000
2026-06-08T11:07:20.0000000Z;14.524;14.536;9000;9000
2026-06-08T11:07:36.0000000Z;14.524;14.538;9000;9000
2026-06-08T11:07:37.0000000Z;14.524;14.54;9000;9000
2026-06-08T11:07:39.0000000Z;14.524;14.536;9000;9000
2026-06-08T11:07:59.0000000Z;14.524;14.538;9000;9000
2026-06-08T11:08:00.0000000Z;14.524;14.536;9000;9000
2026-06-08T11:08:10.0000000Z;14.524;14.536;9000;9000
2026-06-08T11:08:20.0000000Z;14.524;14.536;9000;9000
2026-06-08T11:08:24.0000000Z;14.526;14.536;9000;9000
2026-06-08T11:08:30.0000000Z;14.526;14.538;9000;9000
2026-06-08T11:09:07.0000000Z;14.526;14.538;9000;9000
2026-06-08T11:09:22.0000000Z;14.526;14.538;9000;9000
2026-06-08T11:09:30.0000000Z;14.526;14.54;3000;3000
2026-06-08T11:09:34.0000000Z;14.526;14.54;3000;3000
2026-06-08T11:09:46.0000000Z;14.526;14.54;3000;3000
2026-06-08T11:09:56.0000000Z;14.526;14.542;3000;3000
2026-06-08T11:09:57.0000000Z;14.526;14.538;3000;3000
2026-06-08T11:10:06.0000000Z;14.526;14.542;3000;3000
2026-06-08T11:10:35.0000000Z;14.526;14.546;3000;3000
2026-06-08T11:10:45.0000000Z;14.526;14.546;1722;1719
2026-06-08T11:10:50.0000000Z;14.512;14.564;3000;3000
2026-06-08T11:10:51.0000000Z;14.514;14.566;3000;3000
2026-06-08T11:10:55.0000000Z;14.518;14.572;3000;3000
2026-06-08T11:10:56.0000000Z;14.52;14.574;3000;3000
2026-06-08T11:11:00.0000000Z;14.528;14.58;3000;3000
2026-06-08T11:11:01.0000000Z;14.528;14.582;3000;3000
2026-06-08T11:11:02.0000000Z;14.524;14.578;3000;3000
2026-06-08T11:11:05.0000000Z;14.522;14.576;3000;3000
2026-06-08T11:11:09.0000000Z;14.52;14.574;3000;3000
2026-06-08T11:11:10.0000000Z;14.522;14.576;3000;3000
2026-06-08T11:11:12.0000000Z;14.524;14.578;3000;3000
2026-06-08T11:11:16.0000000Z;14.522;14.576;3000;3000
2026-06-08T11:11:21.0000000Z;14.524;14.578;3000;3000
2026-06-08T11:11:29.0000000Z;14.522;14.576;3000;3000
2026-06-08T11:11:35.0000000Z;14.524;14.578;3000;3000
2026-06-08T11:11:38.0000000Z;14.526;14.58;3000;3000
2026-06-08T11:11:41.0000000Z;14.528;14.582;3000;3000
2026-06-08T11:11:44.0000000Z;14.526;14.58;3000;3000
2026-06-08T11:11:48.0000000Z;14.524;14.578;3000;3000
2026-06-08T11:11:49.0000000Z;14.526;14.58;3000;3000
2026-06-08T11:12:02.0000000Z;14.524;14.578;3000;3000
2026-06-08T11:12:05.0000000Z;14.526;14.58;3000;3000
2026-06-08T11:12:06.0000000Z;14.524;14.578;3000;3000
2026-06-08T11:12:16.0000000Z;14.526;14.58;3000;3000
2026-06-08T11:12:19.0000000Z;14.528;14.582;3000;3000
2026-06-08T11:12:29.0000000Z;14.526;14.58;3000;3000
2026-06-08T11:12:37.0000000Z;14.528;14.582;3000;3000
2026-06-08T11:12:39.0000000Z;14.526;14.58;3000;3000
2026-06-08T11:12:44.0000000Z;14.528;14.582;3000;3000
2026-06-08T11:13:02.0000000Z;14.526;14.58;3000;3000
2026-06-08T11:13:05.0000000Z;14.538;14.57;9000;9000
2026-06-08T11:13:07.0000000Z;14.548;14.574;9000;9000
2026-06-08T11:13:08.0000000Z;14.546;14.574;9000;9000
2026-06-08T11:13:10.0000000Z;14.546;14.576;9000;9000
2026-06-08T11:13:11.0000000Z;14.548;14.576;9000;9000
2026-06-08T11:13:12.0000000Z;14.546;14.578;9000;9000
2026-06-08T11:13:13.0000000Z;14.548;14.576;9000;9000
2026-06-08T11:13:15.0000000Z;14.548;14.576;9000;9000
2026-06-08T11:13:17.0000000Z;14.552;14.574;9000;9000
2026-06-08T11:13:18.0000000Z;14.554;14.574;9000;9000
2026-06-08T11:13:19.0000000Z;14.548;14.574;9000;9000
2026-06-08T11:13:20.0000000Z;14.548;14.574;9000;9000
2026-06-08T11:13:23.0000000Z;14.552;14.57;9000;9000
2026-06-08T11:13:24.0000000Z;14.548;14.57;9000;9000
2026-06-08T11:13:25.0000000Z;14.552;14.574;9000;9000
2026-06-08T11:13:26.0000000Z;14.556;14.574;9000;9000
2026-06-08T11:13:30.0000000Z;14.558;14.574;9000;9000
2026-06-08T11:13:31.0000000Z;14.554;14.574;9000;9000
2026-06-08T11:13:33.0000000Z;14.552;14.574;9000;9000
2026-06-08T11:13:36.0000000Z;14.556;14.574;9000;9000
2026-06-08T11:13:50.0000000Z;14.558;14.574;9000;9000
2026-06-08T11:13:51.0000000Z;14.56;14.574;9000;9000
2026-06-08T11:14:06.0000000Z;14.56;14.576;9000;9000
2026-06-08T11:14:31.0000000Z;14.562;14.576;9000;9000
2026-06-08T11:14:37.0000000Z;14.562;14.578;9000;9000
2026-06-08T11:14:45.0000000Z;14.562;14.58;9000;9000
2026-06-08T11:14:59.0000000Z;14.566;14.582;9000;9000
2026-06-08T11:15:00.0000000Z;14.568;14.584;9000;9000
2026-06-08T11:15:01.0000000Z;14.568;14.582;9000;9000
2026-06-08T11:15:03.0000000Z;14.568;14.592;9000;9000
2026-06-08T11:15:07.0000000Z;14.578;14.594;9000;9000
2026-06-08T11:15:08.0000000Z;14.574;14.584;9000;9000
2026-06-08T11:15:09.0000000Z;14.572;14.584;9000;9000
2026-06-08T11:15:10.0000000Z;14.572;14.588;9000;9000
2026-06-08T11:15:11.0000000Z;14.572;14.594;9000;9000
2026-06-08T11:15:12.0000000Z;14.576;14.594;9000;9000
2026-06-08T11:15:15.0000000Z;14.576;14.59;9000;9000
2026-06-08T11:15:33.0000000Z;14.576;14.592;9000;9000
2026-06-08T11:15:34.0000000Z;14.576;14.6;9000;9000
2026-06-08T11:15:35.0000000Z;14.576;14.6;9000;9000
2026-06-08T11:15:36.0000000Z;14.578;14.6;9000;9000
2026-06-08T11:15:39.0000000Z;14.574;14.596;9000;9000
2026-06-08T11:15:42.0000000Z;14.568;14.596;9000;9000
2026-06-08T11:15:44.0000000Z;14.57;14.598;9000;9000
2026-06-08T11:15:46.0000000Z;14.568;14.598;9000;9000
2026-06-08T11:15:47.0000000Z;14.574;14.598;9000;9000
2026-06-08T11:15:48.0000000Z;14.574;14.6;9000;9000
2026-06-08T11:15:49.0000000Z;14.574;14.598;9000;9000
2026-06-08T11:15:50.0000000Z;14.574;14.596;9000;9000
2026-06-08T11:15:55.0000000Z;14.578;14.596;9000;9000
2026-06-08T11:16:00.0000000Z;14.578;14.598;9000;9000
2026-06-08T11:16:03.0000000Z;14.578;14.594;9000;9000
2026-06-08T11:16:06.0000000Z;14.578;14.59;9000;9000
2026-06-08T11:16:07.0000000Z;14.576;14.588;9000;9000
2026-06-08T11:16:08.0000000Z;14.576;14.59;9000;9000
2026-06-08T11:16:12.0000000Z;14.576;14.588;9000;9000
2026-06-08T11:16:16.0000000Z;14.576;14.596;9000;9000
2026-06-08T11:16:20.0000000Z;14.576;14.59;9000;9000
2026-06-08T11:16:30.0000000Z;14.574;14.59;9000;9000
2026-06-08T11:16:36.0000000Z;14.576;14.59;9000;9000
2026-06-08T11:17:07.0000000Z;14.574;14.59;9000;9000
2026-06-08T11:17:09.0000000Z;14.574;14.582;9000;9000
2026-06-08T11:17:11.0000000Z;14.57;14.582;9000;9000
2026-06-08T11:17:14.0000000Z;14.57;14.59;9000;9000
2026-06-08T11:17:15.0000000Z;14.57;14.586;9000;9000
2026-06-08T11:17:21.0000000Z;14.572;14.59;9000;9000
2026-06-08T11:17:24.0000000Z;14.574;14.586;9000;9000
2026-06-08T11:17:25.0000000Z;14.574;14.59;9000;9000
2026-06-08T11:17:26.0000000Z;14.574;14.584;9000;9000
2026-06-08T11:17:29.0000000Z;14.574;14.586;9000;9000
2026-06-08T11:17:30.0000000Z;14.57;14.58;9000;9000
2026-06-08T11:17:34.0000000Z;14.572;14.58;9000;9000
2026-06-08T11:17:39.0000000Z;14.568;14.582;9000;9000
2026-06-08T11:17:40.0000000Z;14.57;14.578;9000;9000
2026-06-08T11:17:42.0000000Z;14.566;14.578;9000;9000
2026-06-08T11:18:00.0000000Z;14.566;14.576;9000;9000
2026-06-08T11:18:01.0000000Z;14.566;14.574;9000;9000
2026-06-08T11:18:10.0000000Z;14.566;14.576;9000;9000
2026-06-08T11:18:12.0000000Z;14.566;14.578;9000;9000
2026-06-08T11:18:53.0000000Z;14.566;14.576;9000;9000
2026-06-08T11:18:54.0000000Z;14.566;14.574;9000;9000
2026-06-08T11:19:03.0000000Z;14.566;14.576;9000;9000
2026-06-08T11:19:17.0000000Z;14.566;14.578;8906;8906
2026-06-08T11:19:18.0000000Z;14.562;14.578;8909;8909
2026-06-08T11:19:19.0000000Z;14.564;14.578;8909;8909
2026-06-08T11:19:20.0000000Z;14.562;14.582;9000;9000
2026-06-08T11:19:21.0000000Z;14.562;14.574;9000;9000
2026-06-08T11:19:22.0000000Z;14.566;14.574;9000;9000
2026-06-08T11:19:31.0000000Z;14.568;14.576;9000;9000
2026-06-08T11:19:57.0000000Z;14.572;14.582;9000;9000
2026-06-08T11:19:59.0000000Z;14.572;14.59;9000;9000
2026-06-08T11:20:07.0000000Z;14.572;14.588;9000;9000
2026-06-08T11:20:16.0000000Z;14.572;14.584;9000;9000
2026-06-08T11:20:19.0000000Z;14.572;14.588;9000;9000
2026-06-08T11:20:28.0000000Z;14.57;14.588;9000;9000
2026-06-08T11:20:29.0000000Z;14.57;14.584;9000;9000
2026-06-08T11:20:32.0000000Z;14.57;14.588;9000;9000
2026-06-08T11:20:39.0000000Z;14.564;14.586;9000;9000
2026-06-08T11:20:40.0000000Z;14.572;14.582;9000;9000
2026-06-08T11:20:41.0000000Z;14.57;14.582;9000;9000
2026-06-08T11:20:42.0000000Z;14.562;14.582;9000;9000
2026-06-08T11:20:45.0000000Z;14.568;14.582;9000;9000
2026-06-08T11:20:50.0000000Z;14.57;14.584;9000;9000
2026-06-08T11:20:51.0000000Z;14.57;14.588;9000;9000
2026-06-08T11:21:13.0000000Z;14.572;14.582;9000;9000
2026-06-08T11:21:23.0000000Z;14.57;14.584;9000;9000
2026-06-08T11:21:25.0000000Z;14.57;14.588;9000;9000
2026-06-08T11:21:29.0000000Z;14.57;14.588;9000;9000
2026-06-08T11:21:30.0000000Z;14.572;14.588;9000;9000
2026-06-08T11:21:31.0000000Z;14.57;14.588;9000;9000
2026-06-08T11:21:32.0000000Z;14.572;14.588;9000;9000
2026-06-08T11:21:39.0000000Z;14.572;14.59;9000;9000
2026-06-08T11:21:41.0000000Z;14.572;14.594;9000;9000
2026-06-08T11:21:45.0000000Z;14.572;14.588;9000;9000
2026-06-08T11:21:58.0000000Z;14.572;14.59;9000;9000
2026-06-08T11:22:05.0000000Z;14.572;14.594;9000;9000
2026-06-08T11:22:07.0000000Z;14.572;14.596;9000;9000
2026-06-08T11:22:15.0000000Z;14.57;14.596;9000;9000
2026-06-08T11:22:17.0000000Z;14.568;14.596;9000;9000
2026-06-08T11:22:20.0000000Z;14.57;14.596;9000;9000
2026-06-08T11:22:21.0000000Z;14.574;14.596;9000;9000
2026-06-08T11:22:24.0000000Z;14.574;14.596;9000;9000
2026-06-08T11:22:57.0000000Z;14.574;14.594;9000;9000
2026-06-08T11:22:59.0000000Z;14.574;14.596;9000;9000
2026-06-08T11:23:01.0000000Z;14.574;14.594;9000;9000
2026-06-08T11:23:10.0000000Z;14.574;14.59;9000;9000
2026-06-08T11:23:15.0000000Z;14.574;14.588;9000;9000
2026-06-08T11:23:16.0000000Z;14.574;14.588;9000;9000
2026-06-08T11:23:18.0000000Z;14.574;14.59;9000;9000
2026-06-08T11:23:23.0000000Z;14.574;14.588;9000;9000
2026-06-08T11:23:25.0000000Z;14.574;14.59;9000;9000
2026-06-08T11:23:27.0000000Z;14.574;14.588;9000;9000
2026-06-08T11:23:30.0000000Z;14.574;14.59;9000;9000
2026-06-08T11:23:32.0000000Z;14.574;14.59;677;677
2026-06-08T11:23:35.0000000Z;14.574;14.588;9000;9000
2026-06-08T11:23:37.0000000Z;14.574;14.59;9000;9000
2026-06-08T11:23:39.0000000Z;14.574;14.588;9000;9000
2026-06-08T11:23:42.0000000Z;14.574;14.59;9000;9000
2026-06-08T11:23:46.0000000Z;14.57;14.59;9000;9000
2026-06-08T11:23:47.0000000Z;14.568;14.588;9000;9000
2026-06-08T11:23:52.0000000Z;14.572;14.588;9000;9000
2026-06-08T11:23:53.0000000Z;14.572;14.59;9000;9000
2026-06-08T11:24:00.0000000Z;14.572;14.588;9000;9000
2026-06-08T11:24:02.0000000Z;14.572;14.59;9000;9000
2026-06-08T11:24:32.0000000Z;14.572;14.588;9000;9000
2026-06-08T11:24:35.0000000Z;14.572;14.59;9000;9000
2026-06-08T11:24:40.0000000Z;14.572;14.588;9000;9000
2026-06-08T11:24:44.0000000Z;14.57;14.588;9000;9000
2026-06-08T11:26:14.0000000Z;14.568;14.584;9000;9000
2026-06-08T11:26:15.0000000Z;14.568;14.584;9000;9000
2026-06-08T11:26:24.0000000Z;14.57;14.588;9000;9000
2026-06-08T11:26:47.0000000Z;14.572;14.588;9000;9000
2026-06-08T11:26:51.0000000Z;14.572;14.59;9000;9000
2026-06-08T11:28:33.0000000Z;14.572;14.588;9000;9000
2026-06-08T11:28:35.0000000Z;14.572;14.59;9000;9000
2026-06-08T11:28:40.0000000Z;14.572;14.588;9000;9000
2026-06-08T11:28:42.0000000Z;14.572;14.59;9000;9000
2026-06-08T11:28:44.0000000Z;14.572;14.588;9000;9000
2026-06-08T11:29:07.0000000Z;14.572;14.59;9000;9000
2026-06-08T11:29:09.0000000Z;14.572;14.594;9000;9000
2026-06-08T11:29:11.0000000Z;14.574;14.594;9000;9000
2026-06-08T11:29:17.0000000Z;14.574;14.59;9000;9000
2026-06-08T11:29:37.0000000Z;14.574;14.594;9000;9000
2026-06-08T11:29:39.0000000Z;14.574;14.596;9000;9000
2026-06-08T11:29:51.0000000Z;14.574;14.59;9000;9000
2026-06-08T11:30:31.0000000Z;14.574;14.594;9000;9000
2026-06-08T11:30:33.0000000Z;14.574;14.596;9000;9000
2026-06-08T11:30:37.0000000Z;14.574;14.598;9000;9000
2026-06-08T11:30:39.0000000Z;14.574;14.6;9000;9000
2026-06-08T11:30:40.0000000Z;14.574;14.596;9000;9000
2026-06-08T11:30:50.0000000Z;14.574;14.598;9000;9000
2026-06-08T11:30:51.0000000Z;14.574;14.6;9000;9000
2026-06-08T11:31:02.0000000Z;14.574;14.596;9000;9000
2026-06-08T11:31:32.0000000Z;14.574;14.598;9000;9000
2026-06-08T11:31:34.0000000Z;14.574;14.6;9000;9000
2026-06-08T11:31:44.0000000Z;14.576;14.6;9000;9000
2026-06-08T11:31:59.0000000Z;14.576;14.602;9000;9000
2026-06-08T11:32:05.0000000Z;14.576;14.604;9000;9000
2026-06-08T11:32:11.0000000Z;14.576;14.604;9000;9000
2026-06-08T11:32:12.0000000Z;14.576;14.6;9000;9000
2026-06-08T11:32:17.0000000Z;14.576;14.602;9000;9000
2026-06-08T11:32:20.0000000Z;14.576;14.604;9000;9000
2026-06-08T11:32:23.0000000Z;14.576;14.602;9000;9000
2026-06-08T11:32:27.0000000Z;14.576;14.604;9000;9000
2026-06-08T11:32:51.0000000Z;14.576;14.602;9000;9000
2026-06-08T11:34:32.0000000Z;14.576;14.6;9000;9000
2026-06-08T11:34:33.0000000Z;14.576;14.6;68;68
2026-06-08T11:34:34.0000000Z;14.576;14.602;9000;9000
2026-06-08T11:34:54.0000000Z;14.578;14.598;9000;9000
2026-06-08T11:34:59.0000000Z;14.582;14.6;9000;9000
2026-06-08T11:35:00.0000000Z;14.582;14.602;9000;9000
2026-06-08T11:35:04.0000000Z;14.582;14.6;9000;9000
2026-06-08T11:35:08.0000000Z;14.582;14.602;9000;9000
2026-06-08T11:35:12.0000000Z;14.582;14.6;9000;9000
2026-06-08T11:35:26.0000000Z;14.582;14.602;9000;9000
2026-06-08T11:35:28.0000000Z;14.582;14.6;9000;9000
2026-06-08T11:35:35.0000000Z;14.582;14.602;9000;9000
2026-06-08T11:35:37.0000000Z;14.582;14.6;9000;9000
2026-06-08T11:35:39.0000000Z;14.582;14.602;9000;9000
2026-06-08T11:35:43.0000000Z;14.584;14.6;9000;9000
2026-06-08T11:35:47.0000000Z;14.586;14.6;9000;9000
2026-06-08T11:35:53.0000000Z;14.586;14.602;9000;9000
2026-06-08T11:35:54.0000000Z;14.586;14.604;9000;9000
2026-06-08T11:36:03.0000000Z;14.586;14.606;9000;9000
2026-06-08T11:36:18.0000000Z;14.586;14.604;9000;9000
2026-06-08T11:36:26.0000000Z;14.586;14.606;9000;9000
2026-06-08T11:36:31.0000000Z;14.586;14.604;9000;9000
2026-06-08T11:36:33.0000000Z;14.586;14.602;9000;9000
2026-06-08T11:36:39.0000000Z;14.586;14.604;9000;9000
2026-06-08T11:36:41.0000000Z;14.586;14.602;9000;9000
2026-06-08T11:36:43.0000000Z;14.586;14.604;9000;9000
2026-06-08T11:36:45.0000000Z;14.584;14.604;9000;9000
2026-06-08T11:36:47.0000000Z;14.584;14.602;9000;9000
2026-06-08T11:36:49.0000000Z;14.584;14.604;9000;9000
2026-06-08T11:36:54.0000000Z;14.584;14.606;9000;9000
2026-06-08T11:36:56.0000000Z;14.584;14.604;9000;9000
2026-06-08T11:37:07.0000000Z;14.584;14.606;9000;9000
2026-06-08T11:37:10.0000000Z;14.584;14.604;9000;9000
2026-06-08T11:37:12.0000000Z;14.584;14.606;9000;9000
2026-06-08T11:37:14.0000000Z;14.584;14.604;9000;9000
2026-06-08T11:37:16.0000000Z;14.584;14.606;9000;9000
2026-06-08T11:37:19.0000000Z;14.586;14.606;9000;9000
2026-06-08T11:39:35.0000000Z;14.586;14.608;9000;9000
2026-06-08T11:39:36.0000000Z;14.586;14.61;9000;9000
2026-06-08T11:39:40.0000000Z;14.586;14.612;9000;9000
2026-06-08T11:39:47.0000000Z;14.586;14.61;9000;9000
2026-06-08T11:39:50.0000000Z;14.586;14.608;9000;9000
2026-06-08T11:39:55.0000000Z;14.586;14.612;9000;9000
2026-06-08T11:40:00.0000000Z;14.586;14.61;9000;9000
2026-06-08T11:40:03.0000000Z;14.586;14.612;9000;9000
2026-06-08T11:40:09.0000000Z;14.586;14.61;9000;9000
2026-06-08T11:40:13.0000000Z;14.586;14.612;9000;9000
2026-06-08T11:40:17.0000000Z;14.586;14.608;9000;9000
2026-06-08T11:40:23.0000000Z;14.586;14.612;9000;9000
2026-06-08T11:40:34.0000000Z;14.586;14.608;9000;9000
2026-06-08T11:40:44.0000000Z;14.586;14.612;9000;9000
2026-06-08T11:40:52.0000000Z;14.59;14.608;9000;9000
2026-06-08T11:40:58.0000000Z;14.59;14.61;9000;9000
2026-06-08T11:41:13.0000000Z;14.586;14.61;9000;9000
2026-06-08T11:41:16.0000000Z;14.586;14.606;9000;9000
2026-06-08T11:41:18.0000000Z;14.59;14.606;9000;9000
2026-06-08T11:41:25.0000000Z;14.59;14.604;9000;9000
2026-06-08T11:41:28.0000000Z;14.59;14.606;9000;9000
2026-06-08T11:42:52.0000000Z;14.59;14.608;9000;9000
2026-06-08T11:42:54.0000000Z;14.59;14.61;9000;9000
2026-06-08T11:43:18.0000000Z;14.59;14.608;9000;9000
2026-06-08T11:43:20.0000000Z;14.59;14.61;9000;9000
2026-06-08T11:43:28.0000000Z;14.594;14.608;9000;9000
2026-06-08T11:43:48.0000000Z;14.59;14.606;9000;9000
2026-06-08T11:44:01.0000000Z;14.588;14.6;9000;9000
2026-06-08T11:44:02.0000000Z;14.582;14.596;9000;9000
2026-06-08T11:44:11.0000000Z;14.578;14.596;9000;9000
2026-06-08T11:44:12.0000000Z;14.584;14.596;9000;9000
2026-06-08T11:44:17.0000000Z;14.584;14.598;9000;9000
2026-06-08T11:44:18.0000000Z;14.584;14.6;9000;9000
2026-06-08T11:44:20.0000000Z;14.584;14.602;9000;9000
2026-06-08T11:44:41.0000000Z;14.584;14.6;9000;9000
2026-06-08T11:44:46.0000000Z;14.584;14.602;9000;9000
2026-06-08T11:45:46.0000000Z;14.582;14.602;9000;9000
2026-06-08T11:46:07.0000000Z;14.582;14.6;9000;9000
2026-06-08T11:46:12.0000000Z;14.582;14.602;9000;9000
2026-06-08T11:46:13.0000000Z;14.582;14.6;9000;9000
2026-06-08T11:46:19.0000000Z;14.576;14.598;9000;9000
2026-06-08T11:46:21.0000000Z;14.578;14.598;9000;9000
2026-06-08T11:46:27.0000000Z;14.576;14.596;9000;9000
2026-06-08T11:46:32.0000000Z;14.578;14.596;9000;9000
2026-06-08T11:46:33.0000000Z;14.578;14.598;9000;9000
2026-06-08T11:46:55.0000000Z;14.578;14.596;9000;9000
2026-06-08T11:47:01.0000000Z;14.574;14.582;9000;9000
2026-06-08T11:47:05.0000000Z;14.576;14.584;9000;9000
2026-06-08T11:47:06.0000000Z;14.574;14.582;9000;9000
2026-06-08T11:47:08.0000000Z;14.574;14.582;9000;9000
2026-06-08T11:47:09.0000000Z;14.576;14.584;9000;9000
2026-06-08T11:47:13.0000000Z;14.576;14.59;9000;9000
2026-06-08T11:47:16.0000000Z;14.578;14.594;9000;9000
2026-06-08T11:47:19.0000000Z;14.572;14.594;9000;9000
2026-06-08T11:47:20.0000000Z;14.574;14.594;9000;9000
2026-06-08T11:47:59.0000000Z;14.574;14.59;9000;9000
2026-06-08T11:48:00.0000000Z;14.574;14.594;9000;9000
2026-06-08T11:48:03.0000000Z;14.574;14.59;9000;9000
2026-06-08T11:48:05.0000000Z;14.574;14.594;9000;9000
2026-06-08T11:48:16.0000000Z;14.574;14.588;9000;9000
2026-06-08T11:48:49.0000000Z;14.572;14.584;9000;9000
2026-06-08T11:49:49.0000000Z;14.572;14.584;80;80
2026-06-08T11:49:52.0000000Z;14.574;14.584;9000;9000
2026-06-08T11:49:55.0000000Z;14.572;14.584;9000;9000
2026-06-08T11:50:02.0000000Z;14.572;14.588;9000;9000
2026-06-08T11:50:03.0000000Z;14.576;14.588;9000;9000
2026-06-08T11:50:12.0000000Z;14.576;14.59;9000;9000
2026-06-08T11:50:13.0000000Z;14.576;14.594;9000;9000
2026-06-08T11:50:17.0000000Z;14.578;14.594;9000;9000
2026-06-08T11:50:18.0000000Z;14.578;14.596;9000;9000
2026-06-08T11:50:40.0000000Z;14.578;14.594;9000;9000
2026-06-08T11:50:42.0000000Z;14.578;14.596;9000;9000
2026-06-08T11:50:47.0000000Z;14.578;14.594;9000;9000
2026-06-08T11:50:54.0000000Z;14.578;14.596;9000;9000
2026-06-08T11:50:56.0000000Z;14.576;14.594;9000;9000
2026-06-08T11:51:01.0000000Z;14.578;14.596;9000;9000
2026-06-08T11:51:03.0000000Z;14.578;14.594;9000;9000
2026-06-08T11:51:10.0000000Z;14.578;14.596;9000;9000
2026-06-08T11:51:13.0000000Z;14.578;14.594;9000;9000
2026-06-08T11:51:17.0000000Z;14.578;14.596;9000;9000
2026-06-08T11:51:19.0000000Z;14.578;14.594;9000;9000
2026-06-08T11:51:22.0000000Z;14.578;14.596;9000;9000
2026-06-08T11:51:56.0000000Z;14.578;14.594;9000;9000
2026-06-08T11:51:59.0000000Z;14.578;14.596;9000;9000
2026-06-08T11:52:01.0000000Z;14.578;14.594;9000;9000
2026-06-08T11:52:05.0000000Z;14.578;14.596;9000;9000
2026-06-08T11:52:10.0000000Z;14.578;14.594;9000;9000
2026-06-08T11:52:12.0000000Z;14.578;14.596;9000;9000
2026-06-08T11:52:13.0000000Z;14.578;14.594;9000;9000
2026-06-08T11:52:54.0000000Z;14.578;14.596;9000;9000
2026-06-08T11:52:57.0000000Z;14.578;14.594;9000;9000
2026-06-08T11:53:10.0000000Z;14.576;14.594;9000;9000
2026-06-08T11:53:48.0000000Z;14.576;14.596;9000;9000
2026-06-08T11:54:00.0000000Z;14.576;14.594;9000;9000
2026-06-08T11:54:40.0000000Z;14.574;14.594;9000;9000
2026-06-08T11:54:41.0000000Z;14.574;14.596;9000;9000
2026-06-08T11:54:45.0000000Z;14.574;14.594;9000;9000
2026-06-08T11:55:20.0000000Z;14.574;14.596;9000;9000
2026-06-08T11:55:26.0000000Z;14.574;14.594;9000;9000
2026-06-08T11:55:35.0000000Z;14.574;14.59;9000;9000
2026-06-08T11:55:52.0000000Z;14.574;14.594;9000;9000
2026-06-08T11:55:55.0000000Z;14.574;14.596;9000;9000
2026-06-08T11:55:57.0000000Z;14.574;14.594;9000;9000
2026-06-08T11:55:59.0000000Z;14.574;14.596;9000;9000
2026-06-08T11:56:01.0000000Z;14.574;14.594;9000;9000
2026-06-08T11:56:04.0000000Z;14.574;14.596;9000;9000
2026-06-08T11:56:20.0000000Z;14.572;14.596;9000;9000
2026-06-08T11:57:08.0000000Z;14.574;14.594;9000;9000
2026-06-08T11:57:19.0000000Z;14.574;14.596;9000;9000
2026-06-08T11:59:12.0000000Z;14.574;14.594;9000;9000
2026-06-08T11:59:14.0000000Z;14.574;14.596;9000;9000
2026-06-08T11:59:43.0000000Z;14.578;14.596;9000;9000
2026-06-08T12:00:02.0000000Z;14.578;14.594;9000;9000
2026-06-08T12:00:06.0000000Z;14.578;14.596;9000;9000
2026-06-08T12:00:14.0000000Z;14.578;14.594;9000;9000
2026-06-08T12:00:23.0000000Z;14.578;14.596;9000;9000
