2026-06-08T07:54:41.0000000Z;31.87;32.015;400;400
2026-06-08T07:57:36.0000000Z;31.925;32.015;400;400
2026-06-08T07:57:39.0000000Z;31.93;32.015;400;400
2026-06-08T07:58:21.0000000Z;31.93;32.02;400;400
2026-06-08T07:58:24.0000000Z;31.93;32.03;400;400
2026-06-08T08:00:23.0000000Z;31.945;32.03;400;400
2026-06-08T08:00:23.0000000Z;31.945;32.03;400;400
2026-06-08T08:03:15.0000000Z;31.925;31.985;400;400
2026-06-08T08:03:36.0000000Z;31.945;32.005;400;400
2026-06-08T08:03:53.0000000Z;31.94;32.03;400;400
2026-06-08T08:03:53.0000000Z;31.94;32.03;400;400
2026-06-08T08:07:51.0000000Z;31.925;32.03;400;400
2026-06-08T08:07:53.0000000Z;31.93;32.03;400;400
2026-06-08T08:07:57.0000000Z;31.93;32.015;400;400
2026-06-08T08:09:59.0000000Z;31.93;32.02;400;400
2026-06-08T08:10:05.0000000Z;31.935;32.015;400;400
2026-06-08T08:10:26.0000000Z;31.935;32.01;400;400
2026-06-08T08:10:26.0000000Z;31.935;32.01;400;400
2026-06-08T08:10:26.0000000Z;31.935;32.01;400;400
2026-06-08T08:18:17.0000000Z;31.935;32.015;400;400
2026-06-08T08:18:19.0000000Z;31.935;32.02;400;400
2026-06-08T08:18:19.0000000Z;31.935;32.02;400;400
2026-06-08T08:22:28.0000000Z;31.935;32.025;400;400
2026-06-08T08:22:28.0000000Z;31.935;32.025;400;400
2026-06-08T08:29:21.0000000Z;31.935;32.01;400;400
2026-06-08T08:29:21.0000000Z;31.935;32.01;400;400
2026-06-08T08:35:21.0000000Z;31.935;32.015;400;400
2026-06-08T08:35:21.0000000Z;31.935;32.015;400;400
2026-06-08T08:37:21.0000000Z;31.935;32.01;400;400
2026-06-08T08:37:21.0000000Z;31.935;32.01;400;400
2026-06-08T08:42:06.0000000Z;31.935;32.015;400;400
2026-06-08T08:42:08.0000000Z;31.935;32.025;400;400
2026-06-08T08:42:22.0000000Z;31.95;32.025;400;400
2026-06-08T08:42:22.0000000Z;31.95;32.025;400;400
2026-06-08T08:47:02.0000000Z;31.945;32.025;400;400
2026-06-08T08:47:17.0000000Z;31.935;32.025;400;400
2026-06-08T08:48:56.0000000Z;31.945;32.025;400;400
2026-06-08T08:49:06.0000000Z;31.95;32.025;400;400
2026-06-08T08:51:04.0000000Z;31.945;32.025;400;400
2026-06-08T08:53:46.0000000Z;31.95;32.025;400;400
2026-06-08T08:53:46.0000000Z;31.95;32.025;400;400
2026-06-08T08:58:41.0000000Z;31.95;32.03;400;400
2026-06-08T08:58:43.0000000Z;31.95;32.035;400;400
2026-06-08T09:01:14.0000000Z;31.95;32.04;400;400
2026-06-08T09:01:14.0000000Z;31.95;32.04;400;400
2026-06-08T09:09:05.0000000Z;31.945;32.04;400;400
2026-06-08T09:10:21.0000000Z;31.95;32.04;400;400
2026-06-08T09:10:39.0000000Z;31.96;32.04;400;400
2026-06-08T09:10:39.0000000Z;31.96;32.04;400;400
2026-06-08T09:10:39.0000000Z;31.96;32.04;400;400
2026-06-08T09:10:39.0000000Z;31.96;32.04;400;400
2026-06-08T09:22:21.0000000Z;31.96;32.045;400;400
2026-06-08T09:22:24.0000000Z;31.96;32.055;400;400
2026-06-08T09:22:24.0000000Z;31.96;32.055;400;400
2026-06-08T09:27:23.0000000Z;31.975;32.055;400;400
2026-06-08T09:27:23.0000000Z;31.975;32.055;400;400
2026-06-08T09:27:23.0000000Z;31.975;32.055;400;400
2026-06-08T09:36:43.0000000Z;31.975;32.06;400;400
2026-06-08T09:36:46.0000000Z;31.985;32.06;400;400
2026-06-08T09:36:53.0000000Z;31.885;32.07;317;317
2026-06-08T09:36:59.0000000Z;31.96;32.08;400;400
2026-06-08T09:37:04.0000000Z;31.985;32.07;400;400
2026-06-08T09:37:21.0000000Z;31.98;32.055;400;400
2026-06-08T09:37:25.0000000Z;31.97;32.055;400;400
2026-06-08T09:37:37.0000000Z;31.95;32.01;400;400
2026-06-08T09:39:05.0000000Z;31.945;32.01;400;400
2026-06-08T09:40:05.0000000Z;31.965;32.02;400;400
2026-06-08T09:40:07.0000000Z;31.97;32.04;400;400
2026-06-08T09:41:21.0000000Z;31.97;32.045;400;400
2026-06-08T09:41:24.0000000Z;31.97;32.055;400;400
2026-06-08T09:41:24.0000000Z;31.97;32.055;400;400
2026-06-08T09:41:24.0000000Z;31.97;32.055;400;400
2026-06-08T09:55:31.0000000Z;31.97;32.04;400;400
2026-06-08T09:56:21.0000000Z;31.965;32.04;400;400
2026-06-08T09:56:22.0000000Z;31.96;32.04;400;400
2026-06-08T09:56:22.0000000Z;31.96;32.04;400;400
2026-06-08T09:56:22.0000000Z;31.96;32.04;400;400
2026-06-08T09:56:22.0000000Z;31.96;32.04;400;400
2026-06-08T10:11:21.0000000Z;31.96;32.025;400;400
2026-06-08T10:14:03.0000000Z;31.955;32.025;400;400
2026-06-08T10:14:13.0000000Z;31.95;32.025;400;400
2026-06-08T10:14:13.0000000Z;31.95;32.025;400;400
2026-06-08T10:17:16.0000000Z;31.945;32.025;400;400
2026-06-08T10:17:16.0000000Z;31.945;32.025;400;400
2026-06-08T10:17:16.0000000Z;31.945;32.025;400;400
2026-06-08T10:26:21.0000000Z;31.935;32.01;400;400
2026-06-08T10:29:44.0000000Z;31.94;32.01;400;400
2026-06-08T10:29:46.0000000Z;31.945;32.01;400;400
2026-06-08T10:29:46.0000000Z;31.945;32.01;400;400
2026-06-08T10:34:12.0000000Z;31.94;32.01;400;400
2026-06-08T10:34:16.0000000Z;31.945;32.015;400;400
2026-06-08T10:34:20.0000000Z;31.945;32.035;400;400
2026-06-08T10:34:25.0000000Z;31.93;32.02;400;400
2026-06-08T10:34:59.0000000Z;31.93;32.01;400;400
2026-06-08T10:35:01.0000000Z;31.925;32.01;400;400
2026-06-08T10:35:20.0000000Z;31.925;32.015;400;400
2026-06-08T10:35:22.0000000Z;31.915;32.025;400;400
2026-06-08T10:35:22.0000000Z;31.915;32.025;400;400
2026-06-08T10:41:11.0000000Z;31.93;32.025;400;400
2026-06-08T10:41:11.0000000Z;31.93;32.025;400;400
2026-06-08T10:41:11.0000000Z;31.93;32.025;400;400
2026-06-08T10:41:11.0000000Z;31.93;32.025;400;400
2026-06-08T10:59:47.0000000Z;31.93;32.03;400;400
2026-06-08T10:59:48.0000000Z;31.93;32.035;400;400
2026-06-08T11:00:31.0000000Z;31.93;32.025;400;400
2026-06-08T11:00:56.0000000Z;31.93;32.005;400;400
2026-06-08T11:00:56.0000000Z;31.93;32.005;400;400
2026-06-08T11:00:56.0000000Z;31.93;32.005;400;400
2026-06-08T11:09:30.0000000Z;31.93;32.01;307;307
2026-06-08T11:10:45.0000000Z;31.725;32.185;640;640
2026-06-08T11:10:46.0000000Z;31.73;32.19;640;640
2026-06-08T11:10:47.0000000Z;31.725;32.19;640;640
2026-06-08T11:10:51.0000000Z;31.73;32.19;640;640
2026-06-08T11:10:53.0000000Z;31.725;32.19;640;640
2026-06-08T11:10:55.0000000Z;31.74;32.2;640;640
2026-06-08T11:10:56.0000000Z;31.74;32.205;640;640
2026-06-08T11:10:57.0000000Z;31.745;32.21;640;640
2026-06-08T11:10:58.0000000Z;31.745;32.205;640;640
2026-06-08T11:10:59.0000000Z;31.745;32.21;640;640
2026-06-08T11:11:01.0000000Z;31.76;32.225;640;640
2026-06-08T11:11:02.0000000Z;31.755;32.215;640;640
2026-06-08T11:11:03.0000000Z;31.755;32.22;640;640
2026-06-08T11:11:04.0000000Z;31.755;32.215;640;640
2026-06-08T11:11:05.0000000Z;31.745;32.21;640;640
2026-06-08T11:11:08.0000000Z;31.75;32.215;640;640
2026-06-08T11:11:09.0000000Z;31.745;32.21;640;640
2026-06-08T11:11:10.0000000Z;31.75;32.21;640;640
2026-06-08T11:11:12.0000000Z;31.755;32.215;640;640
2026-06-08T11:11:13.0000000Z;31.75;32.215;640;640
2026-06-08T11:11:14.0000000Z;31.755;32.215;640;640
2026-06-08T11:11:15.0000000Z;31.75;32.215;640;640
2026-06-08T11:11:16.0000000Z;31.75;32.21;640;640
2026-06-08T11:11:17.0000000Z;31.745;32.21;640;640
2026-06-08T11:11:18.0000000Z;31.75;32.215;640;640
2026-06-08T11:11:19.0000000Z;31.75;32.21;640;640
2026-06-08T11:11:20.0000000Z;31.75;32.215;640;640
2026-06-08T11:11:24.0000000Z;31.755;32.215;640;640
2026-06-08T11:11:26.0000000Z;31.755;32.22;640;640
2026-06-08T11:11:27.0000000Z;31.755;32.215;640;640
2026-06-08T11:11:29.0000000Z;31.75;32.215;640;640
2026-06-08T11:11:31.0000000Z;31.75;32.21;640;640
2026-06-08T11:11:33.0000000Z;31.75;32.215;640;640
2026-06-08T11:11:34.0000000Z;31.75;32.21;640;640
2026-06-08T11:11:35.0000000Z;31.75;32.215;640;640
2026-06-08T11:11:37.0000000Z;31.755;32.215;640;640
2026-06-08T11:11:38.0000000Z;31.76;32.22;640;640
2026-06-08T11:11:39.0000000Z;31.755;32.22;640;640
2026-06-08T11:11:40.0000000Z;31.76;32.22;640;640
2026-06-08T11:11:41.0000000Z;31.76;32.225;640;640
2026-06-08T11:11:44.0000000Z;31.76;32.22;640;640
2026-06-08T11:11:45.0000000Z;31.76;32.22;640;640
2026-06-08T11:11:46.0000000Z;31.755;32.22;640;640
2026-06-08T11:11:48.0000000Z;31.755;32.215;640;640
2026-06-08T11:11:49.0000000Z;31.755;32.22;640;640
2026-06-08T11:11:53.0000000Z;31.755;32.22;640;640
2026-06-08T11:11:55.0000000Z;31.76;32.22;640;640
2026-06-08T11:11:58.0000000Z;31.755;32.22;640;640
2026-06-08T11:11:59.0000000Z;31.76;32.22;640;640
2026-06-08T11:12:01.0000000Z;31.755;32.22;640;640
2026-06-08T11:12:03.0000000Z;31.755;32.215;640;640
2026-06-08T11:12:04.0000000Z;31.755;32.22;640;640
2026-06-08T11:12:05.0000000Z;31.76;32.22;640;640
2026-06-08T11:12:06.0000000Z;31.755;32.22;640;640
2026-06-08T11:12:07.0000000Z;31.755;32.215;640;640
2026-06-08T11:12:10.0000000Z;31.755;32.215;640;640
2026-06-08T11:12:13.0000000Z;31.75;32.215;640;640
2026-06-08T11:12:14.0000000Z;31.75;32.215;640;640
2026-06-08T11:12:15.0000000Z;31.755;32.215;640;640
2026-06-08T11:12:16.0000000Z;31.755;32.22;640;640
2026-06-08T11:12:17.0000000Z;31.76;32.22;640;640
2026-06-08T11:12:19.0000000Z;31.76;32.225;640;640
2026-06-08T11:12:22.0000000Z;31.765;32.225;640;640
2026-06-08T11:12:23.0000000Z;31.765;32.225;640;640
2026-06-08T11:12:24.0000000Z;31.76;32.225;640;640
2026-06-08T11:12:25.0000000Z;31.765;32.225;640;640
2026-06-08T11:12:27.0000000Z;31.76;32.225;640;640
2026-06-08T11:12:29.0000000Z;31.76;32.22;640;640
2026-06-08T11:12:30.0000000Z;31.76;32.225;640;640
2026-06-08T11:12:31.0000000Z;31.76;32.22;640;640
2026-06-08T11:12:35.0000000Z;31.76;32.225;640;640
2026-06-08T11:12:38.0000000Z;31.76;32.22;640;640
2026-06-08T11:12:41.0000000Z;31.76;32.225;640;640
2026-06-08T11:12:44.0000000Z;31.765;32.225;640;640
2026-06-08T11:12:48.0000000Z;31.76;32.225;640;640
2026-06-08T11:12:49.0000000Z;31.765;32.225;640;640
2026-06-08T11:12:52.0000000Z;31.765;32.225;640;640
2026-06-08T11:12:53.0000000Z;31.765;32.23;640;640
2026-06-08T11:12:54.0000000Z;31.765;32.225;640;640
2026-06-08T11:12:57.0000000Z;31.76;32.225;640;640
2026-06-08T11:13:02.0000000Z;31.91;32.015;400;400
2026-06-08T11:13:03.0000000Z;31.9;32.005;400;400
2026-06-08T11:13:10.0000000Z;31.93;32.005;400;400
2026-06-08T11:15:01.0000000Z;31.93;32.01;400;400
2026-06-08T11:15:03.0000000Z;31.94;32.02;400;400
2026-06-08T11:15:09.0000000Z;31.945;32.02;400;400
2026-06-08T11:15:28.0000000Z;31.93;32.005;400;400
2026-06-08T11:15:47.0000000Z;31.925;32.005;400;400
2026-06-08T11:15:48.0000000Z;31.93;32.01;400;400
2026-06-08T11:15:49.0000000Z;31.93;32.025;400;400
2026-06-08T11:15:49.0000000Z;31.93;32.025;400;400
2026-06-08T11:20:21.0000000Z;31.915;32.005;400;400
2026-06-08T11:20:21.0000000Z;31.915;32.005;400;400
2026-06-08T11:20:21.0000000Z;31.915;32.005;400;400
2026-06-08T11:26:45.0000000Z;31.92;32.005;400;400
2026-06-08T11:26:49.0000000Z;31.92;32.01;400;400
2026-06-08T11:26:51.0000000Z;31.92;32.015;400;400
2026-06-08T11:26:51.0000000Z;31.92;32.015;400;400
2026-06-08T11:32:21.0000000Z;31.915;32.005;400;400
2026-06-08T11:32:21.0000000Z;31.915;32.005;400;400
2026-06-08T11:37:21.0000000Z;31.92;32.005;400;400
2026-06-08T11:37:32.0000000Z;31.92;32.015;400;400
2026-06-08T11:38:22.0000000Z;31.93;32.02;400;400
2026-06-08T11:38:22.0000000Z;31.93;32.02;400;400
2026-06-08T11:38:22.0000000Z;31.93;32.02;400;400
2026-06-08T11:38:22.0000000Z;31.93;32.02;400;400
2026-06-08T11:38:22.0000000Z;31.93;32.02;400;400
2026-06-08T11:59:53.0000000Z;31.905;32.02;400;400
2026-06-08T11:59:53.0000000Z;31.905;32.02;400;400
2026-06-08T12:01:38.0000000Z;31.905;32.005;400;400
2026-06-08T12:01:42.0000000Z;31.89;32.005;400;400
2026-06-08T12:01:42.0000000Z;31.89;32.005;400;400
2026-06-08T12:01:42.0000000Z;31.89;32.005;400;400
2026-06-08T12:11:32.0000000Z;31.89;32.01;400;400
2026-06-08T12:11:35.0000000Z;31.905;32.015;400;400
2026-06-08T12:11:54.0000000Z;31.905;32.02;400;400
2026-06-08T12:11:54.0000000Z;31.905;32.02;400;400
2026-06-08T12:11:54.0000000Z;31.905;32.02;400;400
2026-06-08T12:11:54.0000000Z;31.905;32.02;400;400
2026-06-08T12:29:00.0000000Z;31.89;32.015;400;400
2026-06-08T12:29:15.0000000Z;31.89;32.015;400;400
2026-06-08T12:29:16.0000000Z;31.89;32.02;400;400
2026-06-08T12:29:17.0000000Z;31.865;32.06;400;400
2026-06-08T12:29:30.0000000Z;31.87;32.065;307;307
2026-06-08T12:30:46.0000000Z;31.91;32.03;307;307
2026-06-08T12:30:46.0000000Z;31.91;32.03;307;307
2026-06-08T12:32:00.0000000Z;31.89;32.02;400;400
2026-06-08T12:35:00.0000000Z;31.91;32.025;400;400
2026-06-08T12:35:00.0000000Z;31.91;32.025;400;400
2026-06-08T12:35:00.0000000Z;31.91;32.025;400;400
2026-06-08T12:35:00.0000000Z;31.91;32.025;400;400
2026-06-08T12:35:00.0000000Z;31.91;32.025;400;400
2026-06-08T12:35:00.0000000Z;31.91;32.025;400;400
2026-06-08T13:00:22.0000000Z;31.91;32.005;400;400
2026-06-08T13:00:23.0000000Z;31.895;32.005;400;400
2026-06-08T13:00:23.0000000Z;31.895;32.005;400;400
2026-06-08T13:00:23.0000000Z;31.895;32.005;400;400
2026-06-08T13:00:23.0000000Z;31.895;32.005;400;400
2026-06-08T13:00:23.0000000Z;31.895;32.005;400;400
2026-06-08T13:00:23.0000000Z;31.895;32.005;400;400
2026-06-08T13:23:01.0000000Z;31.89;32.005;400;400
2026-06-08T13:23:04.0000000Z;31.895;32.005;400;400
2026-06-08T13:23:21.0000000Z;31.895;31.99;400;400
2026-06-08T13:23:24.0000000Z;31.875;31.99;400;400
2026-06-08T13:23:24.0000000Z;31.875;31.99;400;400
2026-06-08T13:28:00.0000000Z;31.855;31.995;314;314
2026-06-08T13:28:07.0000000Z;31.855;32.025;314;314
2026-06-08T13:29:31.0000000Z;31.845;32.035;315;315
2026-06-08T13:30:46.0000000Z;31.855;32.025;314;314
2026-06-08T13:31:02.0000000Z;31.875;32.01;314;314
2026-06-08T13:31:54.0000000Z;31.875;32.015;314;314
2026-06-08T13:32:02.0000000Z;31.9;31.99;400;400
2026-06-08T13:32:05.0000000Z;31.905;31.985;400;400
2026-06-08T13:32:07.0000000Z;31.9;31.99;400;400
2026-06-08T13:32:09.0000000Z;31.9;31.98;400;400
2026-06-08T13:32:34.0000000Z;31.9;31.985;400;400
2026-06-08T13:32:37.0000000Z;31.87;32.005;400;400
2026-06-08T13:33:23.0000000Z;31.875;32;400;400
2026-06-08T13:33:54.0000000Z;31.875;31.99;400;400
2026-06-08T13:34:07.0000000Z;31.865;31.99;400;400
2026-06-08T13:34:10.0000000Z;31.86;31.985;400;400
2026-06-08T13:34:43.0000000Z;31.855;31.98;400;400
2026-06-08T13:34:55.0000000Z;31.855;31.975;400;400
2026-06-08T13:35:01.0000000Z;31.85;31.975;400;400
2026-06-08T13:35:08.0000000Z;31.855;31.975;400;400
2026-06-08T13:35:44.0000000Z;31.85;31.975;400;400
2026-06-08T13:35:50.0000000Z;31.855;31.975;400;400
2026-06-08T13:36:03.0000000Z;31.855;31.98;400;400
2026-06-08T13:36:06.0000000Z;31.855;31.985;400;400
2026-06-08T13:36:09.0000000Z;31.86;31.985;400;400
2026-06-08T13:36:10.0000000Z;31.855;31.985;400;400
2026-06-08T13:38:14.0000000Z;31.855;31.975;400;400
2026-06-08T13:39:47.0000000Z;31.85;31.975;400;400
2026-06-08T13:39:48.0000000Z;31.855;31.975;400;400
2026-06-08T13:39:48.0000000Z;31.855;31.975;400;400
2026-06-08T13:43:01.0000000Z;31.855;31.98;400;400
2026-06-08T13:43:05.0000000Z;31.86;31.99;400;400
2026-06-08T13:43:08.0000000Z;31.855;31.985;400;400
2026-06-08T13:43:18.0000000Z;31.86;31.985;400;400
2026-06-08T13:43:21.0000000Z;31.86;31.99;400;400
2026-06-08T13:44:34.0000000Z;31.86;31.995;400;400
2026-06-08T13:44:39.0000000Z;31.875;32;400;400
2026-06-08T13:45:55.0000000Z;31.875;31.99;400;400
2026-06-08T13:45:55.0000000Z;31.875;31.99;400;400
2026-06-08T13:46:31.0000000Z;31.875;31.995;400;400
2026-06-08T13:46:32.0000000Z;31.875;32;400;400
2026-06-08T13:46:32.0000000Z;31.875;32;400;400
2026-06-08T13:51:15.0000000Z;31.875;31.99;400;400
2026-06-08T13:51:21.0000000Z;31.875;31.995;400;400
2026-06-08T13:51:22.0000000Z;31.875;31.99;400;400
2026-06-08T13:51:32.0000000Z;31.875;32;400;400
2026-06-08T13:53:16.0000000Z;31.875;32.005;400;400
2026-06-08T13:53:17.0000000Z;31.875;32;400;400
2026-06-08T13:54:22.0000000Z;31.875;32.005;400;400
2026-06-08T13:54:29.0000000Z;31.88;32.005;400;400
2026-06-08T13:54:31.0000000Z;31.875;32.005;400;400
2026-06-08T13:55:58.0000000Z;31.875;31.995;400;400
2026-06-08T13:55:58.0000000Z;31.875;31.995;400;400
2026-06-08T13:57:19.0000000Z;31.865;31.995;400;400
2026-06-08T13:57:20.0000000Z;31.86;31.99;400;400
2026-06-08T13:57:34.0000000Z;31.855;31.985;400;400
2026-06-08T13:59:47.0000000Z;31.83;32.015;400;400
2026-06-08T14:01:02.0000000Z;31.855;32.005;400;400
2026-06-08T14:01:17.0000000Z;31.87;32;400;400
2026-06-08T14:01:22.0000000Z;31.865;31.995;400;400
2026-06-08T14:02:02.0000000Z;31.865;31.99;400;400
2026-06-08T14:02:03.0000000Z;31.865;31.985;400;400
2026-06-08T14:03:22.0000000Z;31.865;31.99;400;400
2026-06-08T14:03:25.0000000Z;31.865;31.995;400;400
2026-06-08T14:03:25.0000000Z;31.865;31.995;400;400
2026-06-08T14:06:58.0000000Z;31.87;31.995;400;400
2026-06-08T14:09:01.0000000Z;31.885;32;400;400
2026-06-08T14:09:34.0000000Z;31.885;32.005;400;400
2026-06-08T14:09:35.0000000Z;31.885;32.01;400;400
2026-06-08T14:09:35.0000000Z;31.885;32.01;400;400
2026-06-08T14:12:03.0000000Z;31.885;32;400;400
2026-06-08T14:14:19.0000000Z;31.88;32;400;400
2026-06-08T14:14:25.0000000Z;31.885;32;400;400
2026-06-08T14:15:12.0000000Z;31.88;32;400;400
2026-06-08T14:15:13.0000000Z;31.885;32;400;400
2026-06-08T14:15:52.0000000Z;31.88;32;400;400
2026-06-08T14:15:54.0000000Z;31.865;31.995;400;400
2026-06-08T14:16:10.0000000Z;31.87;31.995;400;400
2026-06-08T14:17:41.0000000Z;31.87;32;400;400
2026-06-08T14:17:42.0000000Z;31.885;32.005;400;400
2026-06-08T14:17:43.0000000Z;31.885;32.01;400;400
2026-06-08T14:19:14.0000000Z;31.885;32.015;400;400
2026-06-08T14:19:15.0000000Z;31.89;32.015;400;400
2026-06-08T14:19:50.0000000Z;31.885;32.015;400;400
2026-06-08T14:19:51.0000000Z;31.885;32.005;400;400
2026-06-08T14:19:51.0000000Z;31.885;32.005;400;400
2026-06-08T14:21:22.0000000Z;31.885;32.01;400;400
2026-06-08T14:21:24.0000000Z;31.89;32.015;400;400
2026-06-08T14:21:39.0000000Z;31.9;32.02;400;400
2026-06-08T14:22:05.0000000Z;31.9;32.01;400;400
2026-06-08T14:23:06.0000000Z;31.895;32.01;400;400
2026-06-08T14:24:10.0000000Z;31.9;32.015;400;400
2026-06-08T14:25:53.0000000Z;31.9;32.02;400;400
2026-06-08T14:25:56.0000000Z;31.9;32.025;400;400
2026-06-08T14:26:20.0000000Z;31.9;32.03;400;400
2026-06-08T14:26:22.0000000Z;31.905;32.03;400;400
2026-06-08T14:26:50.0000000Z;31.9;32.025;400;400
2026-06-08T14:30:11.0000000Z;31.9;32.02;400;400
2026-06-08T14:30:12.0000000Z;31.9;32.015;400;400
2026-06-08T14:30:12.0000000Z;31.9;32.015;400;400
2026-06-08T14:30:12.0000000Z;31.9;32.015;400;400
2026-06-08T14:36:26.0000000Z;31.9;32.015;400;400
2026-06-08T14:37:21.0000000Z;31.9;32.02;400;400
2026-06-08T14:37:25.0000000Z;31.9;32.025;400;400
2026-06-08T14:40:21.0000000Z;31.9;32.025;400;400
2026-06-08T14:40:21.0000000Z;31.9;32.025;400;400
2026-06-08T14:43:15.0000000Z;31.9;32.025;400;400
2026-06-08T14:43:47.0000000Z;31.9;32.02;400;400
2026-06-08T14:43:48.0000000Z;31.9;32.015;400;400
2026-06-08T14:45:14.0000000Z;31.9;32.02;400;400
2026-06-08T14:45:16.0000000Z;31.9;32.025;400;400
2026-06-08T14:45:16.0000000Z;31.9;32.025;400;400
2026-06-08T14:46:18.0000000Z;31.9;32.025;400;400
2026-06-08T14:47:16.0000000Z;31.9;32.03;400;400
2026-06-08T14:47:19.0000000Z;31.905;32.03;400;400
2026-06-08T14:48:35.0000000Z;31.9;32.015;400;400
2026-06-08T14:48:38.0000000Z;31.935;32.015;400;400
2026-06-08T14:48:38.0000000Z;31.935;32.015;400;400
