2026-06-08T07:59:15.0000000Z;5.042;5.044;10000;6000
2026-06-08T07:59:16.0000000Z;5.043;5.044;5500;6000
2026-06-08T08:00:02.0000000Z;5.043;5.046;5500;6000
2026-06-08T08:00:03.0000000Z;5.043;5.047;5500;6000
2026-06-08T08:00:04.0000000Z;5.043;5.047;5500;7500
2026-06-08T08:00:06.0000000Z;5.043;5.048;5500;8000
2026-06-08T08:00:31.0000000Z;5.043;5.048;5500;8000
2026-06-08T08:01:00.0000000Z;5.043;5.046;5500;6000
2026-06-08T08:01:01.0000000Z;5.043;5.044;5500;6000
2026-06-08T08:04:09.0000000Z;5.043;5.045;5500;7500
2026-06-08T08:04:11.0000000Z;5.043;5.046;5500;7500
2026-06-08T08:05:14.0000000Z;5.042;5.046;12000;9000
2026-06-08T08:05:15.0000000Z;5.041;5.046;12000;9000
2026-06-08T08:05:16.0000000Z;5.041;5.045;12000;12000
2026-06-08T08:05:24.0000000Z;5.041;5.046;12000;9000
2026-06-08T08:05:50.0000000Z;5.041;5.046;9000;7500
2026-06-08T08:06:13.0000000Z;5.041;5.046;12000;9000
2026-06-08T08:06:44.0000000Z;5.041;5.046;9000;7500
2026-06-08T08:11:36.0000000Z;5.041;5.046;9000;7500
2026-06-08T08:13:10.0000000Z;5.041;5.046;12000;9000
2026-06-08T08:13:34.0000000Z;5.041;5.046;13000;9000
2026-06-08T08:13:35.0000000Z;5.041;5.046;9000;7500
2026-06-08T08:14:09.0000000Z;5.041;5.046;12000;9000
2026-06-08T08:16:28.0000000Z;5.043;5.046;8000;7500
2026-06-08T08:18:20.0000000Z;5.043;5.046;8000;7500
2026-06-08T08:19:05.0000000Z;5.043;5.047;8000;11000
2026-06-08T08:19:06.0000000Z;5.043;5.047;8000;14000
2026-06-08T08:20:29.0000000Z;5.043;5.046;8000;7500
2026-06-08T08:20:40.0000000Z;5.043;5.046;8000;7000
2026-06-08T08:21:26.0000000Z;5.043;5.046;8000;7500
2026-06-08T08:23:04.0000000Z;5.042;5.045;8000;7500
2026-06-08T08:23:05.0000000Z;5.042;5.044;9000;7500
2026-06-08T08:23:07.0000000Z;5.041;5.044;9000;7500
2026-06-08T08:23:46.0000000Z;5.041;5.045;9000;7500
2026-06-08T08:23:47.0000000Z;5.041;5.046;9000;7500
2026-06-08T08:24:07.0000000Z;5.041;5.046;9000;7000
2026-06-08T08:24:08.0000000Z;5.042;5.046;8000;7000
2026-06-08T08:24:52.0000000Z;5.042;5.046;8000;7500
2026-06-08T08:25:47.0000000Z;5.041;5.046;12000;9000
2026-06-08T08:26:47.0000000Z;5.043;5.046;8000;7500
2026-06-08T08:29:10.0000000Z;5.043;5.046;9000;7500
2026-06-08T08:29:58.0000000Z;5.042;5.046;9000;7500
2026-06-08T08:29:59.0000000Z;5.041;5.046;9000;7500
2026-06-08T08:30:20.0000000Z;5.041;5.045;9000;14000
2026-06-08T08:30:55.0000000Z;5.041;5.045;9000;14000
2026-06-08T08:31:27.0000000Z;5.04;5.045;9000;14000
2026-06-08T08:31:28.0000000Z;5.04;5.046;11000;9000
2026-06-08T08:31:31.0000000Z;5.04;5.046;11000;9000
2026-06-08T08:31:33.0000000Z;5.04;5.045;11000;12000
2026-06-08T08:31:41.0000000Z;5.04;5.046;11000;9000
2026-06-08T08:31:42.0000000Z;5.04;5.045;11000;12000
2026-06-08T08:31:49.0000000Z;5.04;5.046;9000;9000
2026-06-08T08:31:54.0000000Z;5.04;5.045;9000;12000
2026-06-08T08:32:04.0000000Z;5.04;5.046;9000;9000
2026-06-08T08:32:05.0000000Z;5.04;5.045;9000;12000
2026-06-08T08:32:10.0000000Z;5.04;5.046;9000;9000
2026-06-08T08:32:11.0000000Z;5.04;5.045;9000;12000
2026-06-08T08:32:52.0000000Z;5.041;5.045;5500;14000
2026-06-08T08:33:01.0000000Z;5.041;5.046;5500;7500
2026-06-08T08:33:14.0000000Z;5.04;5.045;8000;14000
2026-06-08T08:35:00.0000000Z;5.04;5.045;8000;14000
2026-06-08T08:36:20.0000000Z;5.04;5.046;8000;7500
2026-06-08T08:36:30.0000000Z;5.04;5.046;8000;11000
2026-06-08T08:36:31.0000000Z;5.04;5.045;8000;14000
2026-06-08T08:39:33.0000000Z;5.041;5.044;8000;7500
2026-06-08T08:39:34.0000000Z;5.04;5.044;5500;7500
2026-06-08T08:39:36.0000000Z;5.04;5.044;8000;7500
2026-06-08T08:39:51.0000000Z;5.04;5.044;8000;7500
2026-06-08T08:39:53.0000000Z;5.04;5.044;8000;17000
2026-06-08T08:39:57.0000000Z;5.04;5.044;8000;15000
2026-06-08T08:39:58.0000000Z;5.04;5.044;8000;7500
2026-06-08T08:39:59.0000000Z;5.04;5.044;8000;13000
2026-06-08T08:40:00.0000000Z;5.04;5.044;8000;17000
2026-06-08T08:40:52.0000000Z;5.04;5.044;5500;7500
2026-06-08T08:41:10.0000000Z;5.041;5.044;5500;7500
2026-06-08T08:44:39.0000000Z;5.041;5.044;5500;7500
2026-06-08T08:44:47.0000000Z;5.041;5.044;5500;7500
2026-06-08T08:47:11.0000000Z;5.041;5.042;5500;7500
2026-06-08T08:49:11.0000000Z;5.041;5.043;5500;7500
2026-06-08T08:49:13.0000000Z;5.041;5.044;5500;7500
2026-06-08T08:50:07.0000000Z;5.041;5.044;5500;7500
2026-06-08T08:50:13.0000000Z;5.041;5.044;5500;7500
2026-06-08T08:50:39.0000000Z;5.041;5.044;5500;11000
2026-06-08T08:50:40.0000000Z;5.041;5.044;5500;7500
2026-06-08T08:54:11.0000000Z;5.04;5.044;9000;9000
2026-06-08T08:54:42.0000000Z;5.04;5.044;9000;13000
2026-06-08T08:56:21.0000000Z;5.04;5.044;9000;13000
2026-06-08T08:57:34.0000000Z;5.04;5.044;9000;9000
2026-06-08T08:58:00.0000000Z;5.04;5.044;9000;13000
2026-06-08T08:58:01.0000000Z;5.04;5.044;9000;9000
2026-06-08T08:58:06.0000000Z;5.04;5.044;9000;13000
2026-06-08T08:58:08.0000000Z;5.04;5.044;9000;9000
2026-06-08T08:58:10.0000000Z;5.04;5.044;9000;13000
2026-06-08T08:58:11.0000000Z;5.04;5.044;9000;9000
2026-06-08T08:58:12.0000000Z;5.04;5.044;9000;13000
2026-06-08T08:58:13.0000000Z;5.04;5.044;9000;9000
2026-06-08T08:58:14.0000000Z;5.04;5.044;9000;13000
2026-06-08T08:58:15.0000000Z;5.04;5.044;9000;9000
2026-06-08T08:58:16.0000000Z;5.04;5.044;9000;13000
2026-06-08T08:58:17.0000000Z;5.04;5.044;9000;9000
2026-06-08T08:58:18.0000000Z;5.04;5.044;9000;13000
2026-06-08T08:58:19.0000000Z;5.04;5.044;9000;9000
2026-06-08T08:58:20.0000000Z;5.04;5.044;9000;13000
2026-06-08T08:58:50.0000000Z;5.04;5.044;9000;13000
2026-06-08T08:59:23.0000000Z;5.04;5.045;9000;12000
2026-06-08T08:59:26.0000000Z;5.04;5.045;9000;12000
2026-06-08T09:01:19.0000000Z;5.04;5.045;8000;8000
2026-06-08T09:03:01.0000000Z;5.04;5.045;9000;12000
2026-06-08T09:03:13.0000000Z;5.04;5.046;9000;9000
2026-06-08T09:03:15.0000000Z;5.04;5.045;9000;12000
2026-06-08T09:03:58.0000000Z;5.042;5.045;9000;12000
2026-06-08T09:05:24.0000000Z;5.042;5.046;9000;9000
2026-06-08T09:05:48.0000000Z;5.042;5.046;900;900
2026-06-08T09:06:23.0000000Z;5.042;5.045;9000;12000
2026-06-08T09:06:31.0000000Z;5.042;5.046;9000;9000
2026-06-08T09:06:52.0000000Z;5.042;5.045;9000;12000
2026-06-08T09:07:15.0000000Z;5.041;5.045;9000;12000
2026-06-08T09:07:17.0000000Z;5.04;5.045;9000;12000
2026-06-08T09:07:33.0000000Z;5.04;5.045;9000;12000
2026-06-08T09:08:37.0000000Z;5.04;5.045;9000;11000
2026-06-08T09:08:38.0000000Z;5.04;5.045;9000;12000
2026-06-08T09:08:46.0000000Z;5.04;5.045;9000;11000
2026-06-08T09:08:47.0000000Z;5.04;5.045;9000;12000
2026-06-08T09:09:16.0000000Z;5.04;5.045;9000;13000
2026-06-08T09:09:31.0000000Z;5.04;5.044;9000;9000
2026-06-08T09:09:47.0000000Z;5.04;5.044;9000;13000
2026-06-08T09:10:14.0000000Z;5.04;5.044;9000;9000
2026-06-08T09:10:47.0000000Z;5.04;5.044;9000;13000
2026-06-08T09:11:49.0000000Z;5.04;5.044;9000;9000
2026-06-08T09:11:56.0000000Z;5.04;5.046;9000;13000
2026-06-08T09:11:57.0000000Z;5.04;5.045;9000;12000
2026-06-08T09:11:58.0000000Z;5.04;5.046;9000;12000
2026-06-08T09:15:01.0000000Z;5.04;5.047;9000;12000
2026-06-08T09:15:29.0000000Z;5.042;5.047;5500;14000
2026-06-08T09:15:30.0000000Z;5.045;5.047;5500;14000
2026-06-08T09:15:59.0000000Z;5.042;5.047;9000;12000
2026-06-08T09:16:00.0000000Z;5.04;5.047;9000;12000
2026-06-08T09:16:25.0000000Z;5.04;5.047;9000;13000
2026-06-08T09:19:49.0000000Z;5.04;5.047;9000;13000
2026-06-08T09:20:08.0000000Z;5.04;5.047;9000;12000
2026-06-08T09:20:28.0000000Z;5.04;5.047;8000;8000
2026-06-08T09:20:29.0000000Z;5.04;5.047;9000;12000
2026-06-08T09:20:37.0000000Z;5.04;5.049;9000;13000
2026-06-08T09:20:39.0000000Z;5.04;5.05;9000;13000
2026-06-08T09:20:56.0000000Z;5.04;5.048;9000;12000
2026-06-08T09:22:12.0000000Z;5.04;5.048;9000;12000
2026-06-08T09:22:15.0000000Z;5.043;5.048;9000;12000
2026-06-08T09:22:16.0000000Z;5.045;5.048;5500;14000
2026-06-08T09:22:22.0000000Z;5.045;5.049;5500;14000
2026-06-08T09:22:23.0000000Z;5.045;5.048;5500;14000
2026-06-08T09:22:32.0000000Z;5.045;5.049;5500;14000
2026-06-08T09:22:33.0000000Z;5.045;5.048;5500;14000
2026-06-08T09:22:34.0000000Z;5.045;5.049;5500;14000
2026-06-08T09:22:35.0000000Z;5.045;5.05;5500;14000
2026-06-08T09:24:23.0000000Z;5.045;5.05;5500;13000
2026-06-08T09:24:24.0000000Z;5.045;5.05;5500;14000
2026-06-08T09:25:54.0000000Z;5.045;5.05;5500;15000
2026-06-08T09:25:55.0000000Z;5.045;5.05;5500;16000
2026-06-08T09:27:41.0000000Z;5.045;5.05;5500;15000
2026-06-08T09:27:42.0000000Z;5.045;5.05;5500;14000
2026-06-08T09:30:02.0000000Z;5.045;5.05;5500;16000
2026-06-08T09:30:26.0000000Z;5.045;5.05;5500;15000
2026-06-08T09:30:27.0000000Z;5.045;5.05;5500;14000
2026-06-08T09:31:31.0000000Z;5.045;5.05;3035;3035
2026-06-08T09:32:51.0000000Z;5.045;5.05;5500;15000
2026-06-08T09:32:52.0000000Z;5.045;5.05;5500;16000
2026-06-08T09:32:59.0000000Z;5.045;5.05;5500;14000
2026-06-08T09:33:47.0000000Z;5.045;5.05;139;139
2026-06-08T09:35:34.0000000Z;5.045;5.05;5500;16000
2026-06-08T09:35:55.0000000Z;5.045;5.049;5500;12000
2026-06-08T09:35:56.0000000Z;5.045;5.047;5500;14000
2026-06-08T09:36:43.0000000Z;5.045;5.048;5500;14000
2026-06-08T09:36:44.0000000Z;5.045;5.055;5500;11000
2026-06-08T09:36:45.0000000Z;5.045;5.055;10000;11000
2026-06-08T09:36:46.0000000Z;5.045;5.053;10000;11000
2026-06-08T09:36:47.0000000Z;5.046;5.056;10000;11000
2026-06-08T09:36:48.0000000Z;5.045;5.056;10000;11000
2026-06-08T09:36:49.0000000Z;5.045;5.053;5500;11000
2026-06-08T09:36:50.0000000Z;5.045;5.053;5500;7500
2026-06-08T09:36:51.0000000Z;5.045;5.054;5500;7500
2026-06-08T09:36:58.0000000Z;5.045;5.054;5500;6000
2026-06-08T09:36:59.0000000Z;5.045;5.055;5500;6000
2026-06-08T09:37:01.0000000Z;5.045;5.056;5500;6000
2026-06-08T09:37:03.0000000Z;5.045;5.056;10000;9000
2026-06-08T09:37:04.0000000Z;5.045;5.055;10000;9000
2026-06-08T09:37:05.0000000Z;5.045;5.055;13000;12000
2026-06-08T09:37:14.0000000Z;5.045;5.055;13000;12000
2026-06-08T09:38:33.0000000Z;5.046;5.055;13000;12000
2026-06-08T09:38:34.0000000Z;5.047;5.055;13000;12000
2026-06-08T09:39:16.0000000Z;5.046;5.055;13000;12000
2026-06-08T09:39:19.0000000Z;5.047;5.055;13000;12000
2026-06-08T09:40:39.0000000Z;5.046;5.055;13000;12000
2026-06-08T09:40:41.0000000Z;5.047;5.055;13000;12000
2026-06-08T09:40:42.0000000Z;5.047;5.055;13000;12000
2026-06-08T09:42:09.0000000Z;5.047;5.055;13000;12000
2026-06-08T09:42:12.0000000Z;5.047;5.055;13000;13000
2026-06-08T09:44:09.0000000Z;5.047;5.055;13000;13000
2026-06-08T09:45:12.0000000Z;5.049;5.055;9000;17000
2026-06-08T09:45:42.0000000Z;5.049;5.055;9000;14000
2026-06-08T09:46:54.0000000Z;5.049;5.056;9000;6000
2026-06-08T09:46:55.0000000Z;5.049;5.056;9000;14000
2026-06-08T09:47:15.0000000Z;5.049;5.058;9000;14000
2026-06-08T09:47:16.0000000Z;5.049;5.058;9000;14000
2026-06-08T09:47:25.0000000Z;5.049;5.056;9000;14000
2026-06-08T09:47:33.0000000Z;5.049;5.057;9000;14000
2026-06-08T09:47:35.0000000Z;5.049;5.058;9000;14000
2026-06-08T09:48:14.0000000Z;5.05;5.058;9000;14000
2026-06-08T09:48:16.0000000Z;5.049;5.058;9000;14000
2026-06-08T09:48:23.0000000Z;5.049;5.057;9000;14000
2026-06-08T09:48:24.0000000Z;5.049;5.056;9000;14000
2026-06-08T09:48:35.0000000Z;5.049;5.057;9000;14000
2026-06-08T09:48:37.0000000Z;5.049;5.058;9000;14000
2026-06-08T09:48:53.0000000Z;5.049;5.058;9000;15000
2026-06-08T09:49:00.0000000Z;5.049;5.058;9000;15000
2026-06-08T09:49:01.0000000Z;5.049;5.058;9000;14000
2026-06-08T09:49:15.0000000Z;5.05;5.058;9000;14000
2026-06-08T09:49:16.0000000Z;5.049;5.058;9000;14000
2026-06-08T09:49:23.0000000Z;5.049;5.058;9000;15000
2026-06-08T09:51:05.0000000Z;5.049;5.058;9000;6000
2026-06-08T09:51:16.0000000Z;5.049;5.058;9000;11000
2026-06-08T09:51:17.0000000Z;5.049;5.057;9000;14000
2026-06-08T09:51:22.0000000Z;5.049;5.057;9000;13000
2026-06-08T09:51:23.0000000Z;5.049;5.057;9000;14000
2026-06-08T09:51:24.0000000Z;5.049;5.057;9000;14000
2026-06-08T09:54:35.0000000Z;5.047;5.057;13000;12000
2026-06-08T09:54:37.0000000Z;5.046;5.057;13000;12000
2026-06-08T09:56:04.0000000Z;5.046;5.057;13000;11000
2026-06-08T09:56:05.0000000Z;5.046;5.057;13000;12000
2026-06-08T09:56:46.0000000Z;5.047;5.057;13000;12000
2026-06-08T09:57:26.0000000Z;5.047;5.057;13000;13000
2026-06-08T09:57:58.0000000Z;5.047;5.057;13000;12000
2026-06-08T09:58:00.0000000Z;5.047;5.054;13000;12000
2026-06-08T09:58:36.0000000Z;5.048;5.054;13000;12000
2026-06-08T09:58:37.0000000Z;5.047;5.054;13000;12000
2026-06-08T09:58:38.0000000Z;5.048;5.054;13000;12000
2026-06-08T09:58:39.0000000Z;5.047;5.054;13000;12000
2026-06-08T09:58:40.0000000Z;5.048;5.054;13000;12000
2026-06-08T09:58:41.0000000Z;5.047;5.054;13000;12000
2026-06-08T09:58:42.0000000Z;5.048;5.054;13000;12000
2026-06-08T09:58:43.0000000Z;5.047;5.054;13000;12000
2026-06-08T09:58:44.0000000Z;5.048;5.054;13000;12000
2026-06-08T09:58:45.0000000Z;5.047;5.054;13000;12000
2026-06-08T09:58:46.0000000Z;5.048;5.054;13000;12000
2026-06-08T09:58:47.0000000Z;5.047;5.054;13000;12000
2026-06-08T09:58:48.0000000Z;5.048;5.054;13000;12000
2026-06-08T09:58:49.0000000Z;5.047;5.054;13000;12000
2026-06-08T09:58:50.0000000Z;5.048;5.054;13000;12000
2026-06-08T09:58:51.0000000Z;5.047;5.054;13000;12000
2026-06-08T09:58:52.0000000Z;5.048;5.054;13000;12000
2026-06-08T09:58:53.0000000Z;5.047;5.054;13000;12000
2026-06-08T09:58:54.0000000Z;5.048;5.054;13000;12000
2026-06-08T09:58:55.0000000Z;5.047;5.054;13000;12000
2026-06-08T09:58:56.0000000Z;5.048;5.054;13000;12000
2026-06-08T09:58:57.0000000Z;5.047;5.054;13000;12000
2026-06-08T09:58:58.0000000Z;5.048;5.054;13000;12000
2026-06-08T09:58:59.0000000Z;5.047;5.054;13000;12000
2026-06-08T09:59:00.0000000Z;5.048;5.054;13000;12000
2026-06-08T09:59:01.0000000Z;5.047;5.054;13000;12000
2026-06-08T09:59:02.0000000Z;5.048;5.054;13000;12000
2026-06-08T09:59:03.0000000Z;5.047;5.054;13000;12000
2026-06-08T09:59:04.0000000Z;5.048;5.054;13000;12000
2026-06-08T09:59:05.0000000Z;5.047;5.054;13000;12000
2026-06-08T09:59:06.0000000Z;5.048;5.054;13000;12000
2026-06-08T09:59:07.0000000Z;5.047;5.054;13000;12000
2026-06-08T09:59:08.0000000Z;5.048;5.054;13000;12000
2026-06-08T09:59:09.0000000Z;5.047;5.054;13000;12000
2026-06-08T09:59:10.0000000Z;5.048;5.054;13000;12000
2026-06-08T09:59:12.0000000Z;5.048;5.054;13000;12000
2026-06-08T09:59:13.0000000Z;5.047;5.054;13000;12000
2026-06-08T09:59:14.0000000Z;5.048;5.054;13000;12000
2026-06-08T09:59:15.0000000Z;5.047;5.054;13000;12000
2026-06-08T09:59:16.0000000Z;5.048;5.054;13000;12000
2026-06-08T09:59:17.0000000Z;5.047;5.054;13000;12000
2026-06-08T09:59:18.0000000Z;5.048;5.054;13000;12000
2026-06-08T09:59:19.0000000Z;5.047;5.054;13000;12000
2026-06-08T09:59:20.0000000Z;5.048;5.054;13000;12000
2026-06-08T09:59:21.0000000Z;5.047;5.054;13000;12000
2026-06-08T09:59:22.0000000Z;5.048;5.054;13000;12000
2026-06-08T09:59:23.0000000Z;5.047;5.054;13000;12000
2026-06-08T09:59:24.0000000Z;5.048;5.054;13000;12000
2026-06-08T09:59:25.0000000Z;5.047;5.054;13000;12000
2026-06-08T09:59:26.0000000Z;5.048;5.054;13000;12000
2026-06-08T09:59:27.0000000Z;5.047;5.054;13000;12000
2026-06-08T09:59:28.0000000Z;5.048;5.054;13000;12000
2026-06-08T09:59:29.0000000Z;5.047;5.054;13000;12000
2026-06-08T09:59:30.0000000Z;5.048;5.054;13000;12000
2026-06-08T09:59:31.0000000Z;5.047;5.054;13000;12000
2026-06-08T09:59:32.0000000Z;5.048;5.054;13000;12000
2026-06-08T09:59:33.0000000Z;5.047;5.054;13000;12000
2026-06-08T09:59:34.0000000Z;5.048;5.054;13000;12000
2026-06-08T09:59:35.0000000Z;5.047;5.054;13000;12000
2026-06-08T09:59:36.0000000Z;5.048;5.054;13000;12000
2026-06-08T09:59:37.0000000Z;5.047;5.054;13000;12000
2026-06-08T09:59:38.0000000Z;5.048;5.054;13000;12000
2026-06-08T09:59:39.0000000Z;5.047;5.054;13000;12000
2026-06-08T09:59:40.0000000Z;5.048;5.054;13000;12000
2026-06-08T09:59:41.0000000Z;5.047;5.054;13000;12000
2026-06-08T09:59:42.0000000Z;5.048;5.054;13000;12000
2026-06-08T09:59:43.0000000Z;5.047;5.054;13000;12000
2026-06-08T09:59:44.0000000Z;5.048;5.054;13000;12000
2026-06-08T09:59:45.0000000Z;5.047;5.054;13000;12000
2026-06-08T09:59:46.0000000Z;5.048;5.054;13000;12000
2026-06-08T09:59:47.0000000Z;5.047;5.054;13000;12000
2026-06-08T09:59:48.0000000Z;5.048;5.054;13000;12000
2026-06-08T09:59:49.0000000Z;5.047;5.054;13000;12000
2026-06-08T09:59:50.0000000Z;5.048;5.054;13000;12000
2026-06-08T09:59:51.0000000Z;5.047;5.054;13000;12000
2026-06-08T09:59:52.0000000Z;5.048;5.054;13000;12000
2026-06-08T09:59:53.0000000Z;5.047;5.054;13000;12000
2026-06-08T09:59:54.0000000Z;5.048;5.054;13000;12000
2026-06-08T09:59:55.0000000Z;5.047;5.054;13000;12000
2026-06-08T09:59:56.0000000Z;5.048;5.054;13000;12000
2026-06-08T09:59:57.0000000Z;5.047;5.054;13000;12000
2026-06-08T09:59:58.0000000Z;5.048;5.054;13000;12000
2026-06-08T09:59:59.0000000Z;5.047;5.054;13000;12000
2026-06-08T10:00:00.0000000Z;5.048;5.054;13000;12000
2026-06-08T10:00:01.0000000Z;5.047;5.054;13000;12000
2026-06-08T10:00:02.0000000Z;5.048;5.054;13000;12000
2026-06-08T10:00:03.0000000Z;5.047;5.054;13000;12000
2026-06-08T10:00:04.0000000Z;5.048;5.054;13000;12000
2026-06-08T10:00:05.0000000Z;5.047;5.054;13000;12000
2026-06-08T10:00:06.0000000Z;5.048;5.054;13000;12000
2026-06-08T10:00:07.0000000Z;5.047;5.054;13000;12000
2026-06-08T10:00:08.0000000Z;5.048;5.054;13000;12000
2026-06-08T10:00:09.0000000Z;5.047;5.054;13000;12000
2026-06-08T10:00:10.0000000Z;5.048;5.054;13000;12000
2026-06-08T10:00:11.0000000Z;5.047;5.054;13000;12000
2026-06-08T10:00:12.0000000Z;5.048;5.054;13000;12000
2026-06-08T10:00:13.0000000Z;5.047;5.054;13000;12000
2026-06-08T10:00:14.0000000Z;5.048;5.054;13000;12000
2026-06-08T10:00:15.0000000Z;5.047;5.054;13000;12000
2026-06-08T10:00:16.0000000Z;5.048;5.054;13000;12000
2026-06-08T10:00:17.0000000Z;5.048;5.054;13000;12000
2026-06-08T10:00:19.0000000Z;5.048;5.054;13000;12000
2026-06-08T10:00:21.0000000Z;5.047;5.054;13000;12000
2026-06-08T10:00:22.0000000Z;5.048;5.054;13000;12000
2026-06-08T10:00:23.0000000Z;5.048;5.054;13000;12000
2026-06-08T10:00:25.0000000Z;5.048;5.054;13000;12000
2026-06-08T10:00:27.0000000Z;5.048;5.054;13000;12000
2026-06-08T10:00:29.0000000Z;5.048;5.054;13000;12000
2026-06-08T10:00:31.0000000Z;5.048;5.054;13000;12000
2026-06-08T10:00:33.0000000Z;5.048;5.054;13000;12000
2026-06-08T10:00:34.0000000Z;5.047;5.054;13000;12000
2026-06-08T10:00:36.0000000Z;5.048;5.054;13000;12000
2026-06-08T10:00:37.0000000Z;5.048;5.054;13000;12000
2026-06-08T10:00:38.0000000Z;5.047;5.054;13000;12000
2026-06-08T10:00:39.0000000Z;5.048;5.054;13000;12000
2026-06-08T10:00:41.0000000Z;5.047;5.054;13000;12000
2026-06-08T10:00:42.0000000Z;5.048;5.054;13000;12000
2026-06-08T10:00:43.0000000Z;5.048;5.054;13000;12000
2026-06-08T10:00:45.0000000Z;5.047;5.054;13000;12000
2026-06-08T10:00:46.0000000Z;5.048;5.054;13000;12000
2026-06-08T10:00:47.0000000Z;5.047;5.054;13000;12000
2026-06-08T10:00:48.0000000Z;5.048;5.054;13000;12000
2026-06-08T10:00:49.0000000Z;5.047;5.054;13000;12000
2026-06-08T10:00:50.0000000Z;5.048;5.054;13000;12000
2026-06-08T10:00:51.0000000Z;5.047;5.054;13000;12000
2026-06-08T10:00:52.0000000Z;5.048;5.054;13000;12000
2026-06-08T10:00:53.0000000Z;5.047;5.054;13000;12000
2026-06-08T10:00:54.0000000Z;5.048;5.054;13000;12000
2026-06-08T10:00:55.0000000Z;5.047;5.054;13000;12000
2026-06-08T10:00:56.0000000Z;5.048;5.054;13000;12000
2026-06-08T10:00:57.0000000Z;5.047;5.054;13000;12000
2026-06-08T10:00:58.0000000Z;5.048;5.054;13000;12000
2026-06-08T10:00:59.0000000Z;5.047;5.054;13000;12000
2026-06-08T10:01:00.0000000Z;5.048;5.054;13000;12000
2026-06-08T10:01:01.0000000Z;5.047;5.054;13000;12000
2026-06-08T10:01:02.0000000Z;5.048;5.054;13000;12000
2026-06-08T10:01:03.0000000Z;5.047;5.054;13000;12000
2026-06-08T10:01:04.0000000Z;5.047;5.054;9000;14000
2026-06-08T10:01:05.0000000Z;5.046;5.054;5500;14000
2026-06-08T10:01:06.0000000Z;5.046;5.054;13000;12000
2026-06-08T10:01:17.0000000Z;5.046;5.053;9000;14000
2026-06-08T10:01:18.0000000Z;5.045;5.051;9000;14000
2026-06-08T10:01:19.0000000Z;5.046;5.052;13000;13000
2026-06-08T10:01:22.0000000Z;5.046;5.052;13000;9000
2026-06-08T10:01:24.0000000Z;5.046;5.052;13000;12000
2026-06-08T10:01:25.0000000Z;5.046;5.052;13000;9000
2026-06-08T10:01:27.0000000Z;5.046;5.052;13000;13000
2026-06-08T10:01:28.0000000Z;5.046;5.051;13000;12000
2026-06-08T10:01:29.0000000Z;5.046;5.052;13000;13000
2026-06-08T10:01:30.0000000Z;5.046;5.052;13000;12000
2026-06-08T10:01:31.0000000Z;5.046;5.051;13000;13000
2026-06-08T10:01:32.0000000Z;5.046;5.051;13000;12000
2026-06-08T10:01:33.0000000Z;5.046;5.052;13000;13000
2026-06-08T10:01:34.0000000Z;5.046;5.051;13000;12000
2026-06-08T10:01:35.0000000Z;5.046;5.051;13000;13000
2026-06-08T10:01:36.0000000Z;5.046;5.051;13000;12000
2026-06-08T10:01:37.0000000Z;5.046;5.052;13000;13000
2026-06-08T10:01:38.0000000Z;5.046;5.051;13000;12000
2026-06-08T10:01:39.0000000Z;5.046;5.052;13000;13000
2026-06-08T10:01:40.0000000Z;5.046;5.051;13000;12000
2026-06-08T10:01:41.0000000Z;5.046;5.052;13000;13000
2026-06-08T10:01:42.0000000Z;5.046;5.051;13000;12000
2026-06-08T10:01:43.0000000Z;5.046;5.052;13000;13000
2026-06-08T10:01:44.0000000Z;5.046;5.051;13000;12000
2026-06-08T10:01:45.0000000Z;5.046;5.052;13000;13000
2026-06-08T10:01:46.0000000Z;5.046;5.051;13000;12000
2026-06-08T10:01:47.0000000Z;5.046;5.052;13000;13000
2026-06-08T10:01:48.0000000Z;5.046;5.051;13000;12000
2026-06-08T10:01:49.0000000Z;5.046;5.052;13000;13000
2026-06-08T10:01:50.0000000Z;5.046;5.051;13000;12000
2026-06-08T10:01:51.0000000Z;5.046;5.052;13000;13000
2026-06-08T10:01:52.0000000Z;5.046;5.051;13000;12000
2026-06-08T10:01:53.0000000Z;5.046;5.052;13000;13000
2026-06-08T10:01:54.0000000Z;5.046;5.051;13000;12000
2026-06-08T10:01:55.0000000Z;5.046;5.052;13000;13000
2026-06-08T10:01:56.0000000Z;5.046;5.051;9000;10000
2026-06-08T10:01:57.0000000Z;5.046;5.052;13000;9000
2026-06-08T10:02:01.0000000Z;5.046;5.052;13000;12000
2026-06-08T10:02:02.0000000Z;5.046;5.052;13000;13000
2026-06-08T10:02:04.0000000Z;5.046;5.052;9000;11000
2026-06-08T10:02:05.0000000Z;5.046;5.052;9000;7500
2026-06-08T10:02:08.0000000Z;5.046;5.052;9000;10000
2026-06-08T10:02:09.0000000Z;5.046;5.052;13000;9000
2026-06-08T10:02:12.0000000Z;5.045;5.052;13000;12000
2026-06-08T10:02:13.0000000Z;5.045;5.051;9000;16000
2026-06-08T10:02:15.0000000Z;5.045;5.051;9000;12000
2026-06-08T10:02:16.0000000Z;5.045;5.05;9000;7500
2026-06-08T10:02:21.0000000Z;5.045;5.049;9000;7500
2026-06-08T10:02:26.0000000Z;5.045;5.049;9000;7500
2026-06-08T10:03:00.0000000Z;5.045;5.05;9000;7500
2026-06-08T10:03:01.0000000Z;5.046;5.05;9000;10000
2026-06-08T10:03:02.0000000Z;5.046;5.05;9000;14000
2026-06-08T10:03:04.0000000Z;5.045;5.05;9000;14000
2026-06-08T10:06:09.0000000Z;5.046;5.05;9000;14000
2026-06-08T10:06:23.0000000Z;5.045;5.05;9000;14000
2026-06-08T10:06:28.0000000Z;5.045;5.05;9000;14000
2026-06-08T10:06:29.0000000Z;5.046;5.05;9000;14000
2026-06-08T10:06:30.0000000Z;5.045;5.05;9000;14000
2026-06-08T10:06:31.0000000Z;5.045;5.05;5500;14000
2026-06-08T10:06:34.0000000Z;5.045;5.05;9000;14000
2026-06-08T10:06:35.0000000Z;5.045;5.05;5500;14000
2026-06-08T10:06:36.0000000Z;5.045;5.05;9000;14000
2026-06-08T10:06:37.0000000Z;5.046;5.05;9000;14000
2026-06-08T10:06:41.0000000Z;5.045;5.05;9000;14000
2026-06-08T10:06:58.0000000Z;5.045;5.05;5500;14000
2026-06-08T10:07:00.0000000Z;5.046;5.05;9000;14000
2026-06-08T10:07:05.0000000Z;5.045;5.05;5500;14000
2026-06-08T10:07:06.0000000Z;5.045;5.05;9000;14000
2026-06-08T10:07:08.0000000Z;5.046;5.05;9000;14000
2026-06-08T10:07:17.0000000Z;5.045;5.05;9000;14000
2026-06-08T10:07:48.0000000Z;5.045;5.05;5500;14000
2026-06-08T10:07:49.0000000Z;5.046;5.05;9000;14000
2026-06-08T10:08:17.0000000Z;5.048;5.05;9000;12000
2026-06-08T10:08:21.0000000Z;5.048;5.051;9000;9000
2026-06-08T10:08:23.0000000Z;5.048;5.05;9000;12000
2026-06-08T10:08:25.0000000Z;5.048;5.05;9000;9000
2026-06-08T10:08:26.0000000Z;5.048;5.051;9000;9000
2026-06-08T10:08:28.0000000Z;5.048;5.05;9000;12000
2026-06-08T10:08:30.0000000Z;5.048;5.05;9000;9000
2026-06-08T10:08:31.0000000Z;5.048;5.05;9000;12000
2026-06-08T10:08:33.0000000Z;5.048;5.051;9000;12000
2026-06-08T10:08:34.0000000Z;5.048;5.051;9000;9000
2026-06-08T10:09:10.0000000Z;5.048;5.05;9000;12000
2026-06-08T10:09:11.0000000Z;5.048;5.051;9000;9000
2026-06-08T10:09:16.0000000Z;5.048;5.05;9000;12000
2026-06-08T10:09:17.0000000Z;5.048;5.051;9000;9000
2026-06-08T10:10:06.0000000Z;5.047;5.051;13000;9000
2026-06-08T10:10:07.0000000Z;5.046;5.051;9000;7000
2026-06-08T10:10:08.0000000Z;5.047;5.051;9000;7000
2026-06-08T10:10:51.0000000Z;5.047;5.051;9000;7500
2026-06-08T10:12:38.0000000Z;5.047;5.051;9000;11000
2026-06-08T10:12:39.0000000Z;5.046;5.05;9000;14000
2026-06-08T10:14:49.0000000Z;5.046;5.05;9000;10000
2026-06-08T10:14:50.0000000Z;5.046;5.051;9000;7500
2026-06-08T10:16:04.0000000Z;5.046;5.051;9000;17000
2026-06-08T10:16:05.0000000Z;5.046;5.05;9000;14000
2026-06-08T10:18:32.0000000Z;5.046;5.05;9000;14000
2026-06-08T10:19:04.0000000Z;5.046;5.05;9000;13000
2026-06-08T10:19:05.0000000Z;5.046;5.05;9000;14000
2026-06-08T10:19:33.0000000Z;5.046;5.05;9000;14000
2026-06-08T10:19:56.0000000Z;5.046;5.049;9000;11000
2026-06-08T10:19:57.0000000Z;5.046;5.049;9000;7500
2026-06-08T10:20:52.0000000Z;5.046;5.049;9000;7000
2026-06-08T10:21:28.0000000Z;5.047;5.049;2750;5000
2026-06-08T10:21:29.0000000Z;5.046;5.049;9000;7000
2026-06-08T10:21:37.0000000Z;5.046;5.049;9000;7500
2026-06-08T10:22:50.0000000Z;5.045;5.048;5500;7500
2026-06-08T10:22:52.0000000Z;5.045;5.047;9000;7500
2026-06-08T10:22:53.0000000Z;5.045;5.047;5500;7500
2026-06-08T10:22:54.0000000Z;5.045;5.047;9000;7500
2026-06-08T10:22:57.0000000Z;5.045;5.047;5500;7500
2026-06-08T10:22:58.0000000Z;5.045;5.047;9000;7500
2026-06-08T10:22:59.0000000Z;5.045;5.047;5500;7500
2026-06-08T10:23:00.0000000Z;5.045;5.047;9000;7500
2026-06-08T10:23:01.0000000Z;5.045;5.047;5500;7500
2026-06-08T10:23:02.0000000Z;5.045;5.047;9000;7500
2026-06-08T10:23:03.0000000Z;5.045;5.047;5500;7500
2026-06-08T10:23:04.0000000Z;5.045;5.047;9000;7500
2026-06-08T10:23:05.0000000Z;5.045;5.047;5500;7500
2026-06-08T10:23:06.0000000Z;5.045;5.047;9000;7500
2026-06-08T10:23:07.0000000Z;5.045;5.047;5500;7500
2026-06-08T10:23:08.0000000Z;5.045;5.047;9000;7500
2026-06-08T10:23:09.0000000Z;5.045;5.047;5500;7500
2026-06-08T10:23:10.0000000Z;5.045;5.047;9000;7500
2026-06-08T10:23:11.0000000Z;5.045;5.047;5500;7500
2026-06-08T10:23:12.0000000Z;5.045;5.047;9000;7500
2026-06-08T10:23:13.0000000Z;5.045;5.047;5500;7500
2026-06-08T10:23:14.0000000Z;5.045;5.047;9000;7500
2026-06-08T10:23:15.0000000Z;5.045;5.047;5500;7500
2026-06-08T10:23:16.0000000Z;5.045;5.047;9000;7500
2026-06-08T10:23:17.0000000Z;5.045;5.047;5500;7500
2026-06-08T10:23:18.0000000Z;5.045;5.047;9000;7500
2026-06-08T10:23:19.0000000Z;5.045;5.047;5500;7500
2026-06-08T10:23:20.0000000Z;5.045;5.047;9000;7500
2026-06-08T10:23:21.0000000Z;5.045;5.047;5500;7500
2026-06-08T10:23:22.0000000Z;5.045;5.047;9000;7500
2026-06-08T10:23:23.0000000Z;5.045;5.047;5500;7500
2026-06-08T10:23:31.0000000Z;5.045;5.047;5500;6500
2026-06-08T10:25:19.0000000Z;5.045;5.047;9000;6500
2026-06-08T10:25:23.0000000Z;5.046;5.047;9000;6500
2026-06-08T10:25:31.0000000Z;5.046;5.047;13000;9000
2026-06-08T10:29:10.0000000Z;5.046;5.048;13000;9000
2026-06-08T10:29:11.0000000Z;5.046;5.048;9000;7500
2026-06-08T10:29:12.0000000Z;5.046;5.049;9000;7500
2026-06-08T10:29:14.0000000Z;5.046;5.049;9000;9000
2026-06-08T10:29:37.0000000Z;5.045;5.049;9000;7000
2026-06-08T10:30:01.0000000Z;5.046;5.049;9000;7000
2026-06-08T10:30:21.0000000Z;5.046;5.049;9000;7500
2026-06-08T10:30:28.0000000Z;5.045;5.049;9000;7500
2026-06-08T10:31:44.0000000Z;5.046;5.049;9000;7500
2026-06-08T10:34:15.0000000Z;5.046;5.051;9000;7500
2026-06-08T10:34:17.0000000Z;5.046;5.053;9000;7500
2026-06-08T10:34:18.0000000Z;5.046;5.053;9000;7500
2026-06-08T10:34:19.0000000Z;5.046;5.052;9000;7500
2026-06-08T10:34:21.0000000Z;5.046;5.054;9000;7500
2026-06-08T10:34:48.0000000Z;5.047;5.054;9000;7500
2026-06-08T10:34:55.0000000Z;5.047;5.054;9000;7500
2026-06-08T10:34:58.0000000Z;5.047;5.053;9000;10000
2026-06-08T10:34:59.0000000Z;5.047;5.053;9000;14000
2026-06-08T10:35:01.0000000Z;5.046;5.053;9000;14000
2026-06-08T10:35:34.0000000Z;5.047;5.053;9000;14000
2026-06-08T10:35:38.0000000Z;5.047;5.053;13000;12000
2026-06-08T10:35:39.0000000Z;5.047;5.053;9000;14000
2026-06-08T10:36:00.0000000Z;5.047;5.052;9000;14000
2026-06-08T10:36:01.0000000Z;5.047;5.051;9000;7500
2026-06-08T10:39:27.0000000Z;5.046;5.051;9000;7500
2026-06-08T10:39:28.0000000Z;5.047;5.051;9000;10000
2026-06-08T10:39:29.0000000Z;5.047;5.051;9000;7500
2026-06-08T10:39:30.0000000Z;5.047;5.051;9000;10000
2026-06-08T10:39:31.0000000Z;5.047;5.05;9000;11000
2026-06-08T10:39:32.0000000Z;5.047;5.05;9000;10000
2026-06-08T10:39:33.0000000Z;5.047;5.05;9000;11000
2026-06-08T10:39:34.0000000Z;5.047;5.05;9000;10000
2026-06-08T10:39:35.0000000Z;5.047;5.051;9000;7500
2026-06-08T10:39:50.0000000Z;5.046;5.051;9000;7500
2026-06-08T10:39:52.0000000Z;5.047;5.051;9000;7500
2026-06-08T10:40:28.0000000Z;5.047;5.051;9000;7500
2026-06-08T10:40:32.0000000Z;5.047;5.051;5500;7500
2026-06-08T10:40:33.0000000Z;5.047;5.051;9000;7500
2026-06-08T10:42:30.0000000Z;5.047;5.051;9000;7500
2026-06-08T10:42:31.0000000Z;5.047;5.051;9000;7500
2026-06-08T10:43:20.0000000Z;5.046;5.05;9000;5500
2026-06-08T10:43:21.0000000Z;5.045;5.049;9000;5500
2026-06-08T10:43:52.0000000Z;5.046;5.049;9000;5500
2026-06-08T10:43:54.0000000Z;5.045;5.049;9000;5500
2026-06-08T10:43:55.0000000Z;5.046;5.049;9000;5500
2026-06-08T10:43:56.0000000Z;5.045;5.049;9000;5500
2026-06-08T10:43:57.0000000Z;5.046;5.049;9000;5500
2026-06-08T10:43:58.0000000Z;5.045;5.049;9000;5500
2026-06-08T10:43:59.0000000Z;5.046;5.049;9000;5500
2026-06-08T10:44:00.0000000Z;5.045;5.049;9000;5500
2026-06-08T10:44:01.0000000Z;5.046;5.049;9000;5500
2026-06-08T10:44:02.0000000Z;5.045;5.049;9000;5500
2026-06-08T10:44:03.0000000Z;5.046;5.05;9000;7500
2026-06-08T10:44:04.0000000Z;5.045;5.05;9000;7500
2026-06-08T10:44:05.0000000Z;5.045;5.051;9000;7500
2026-06-08T10:44:52.0000000Z;5.046;5.051;9000;7500
2026-06-08T10:44:55.0000000Z;5.045;5.051;9000;7500
2026-06-08T10:45:50.0000000Z;5.045;5.051;9000;7000
2026-06-08T10:46:36.0000000Z;5.045;5.051;9000;7500
2026-06-08T10:47:22.0000000Z;5.045;5.051;9000;7500
2026-06-08T10:48:27.0000000Z;5.045;5.049;9000;7500
2026-06-08T10:48:28.0000000Z;5.045;5.049;5500;7500
2026-06-08T10:48:31.0000000Z;5.045;5.049;9000;7500
2026-06-08T10:48:56.0000000Z;5.046;5.049;9000;7500
2026-06-08T10:49:03.0000000Z;5.045;5.049;9000;7500
2026-06-08T10:50:09.0000000Z;5.046;5.049;2750;5500
2026-06-08T10:50:10.0000000Z;5.045;5.049;9000;7500
2026-06-08T10:50:39.0000000Z;5.046;5.049;9000;7500
2026-06-08T10:50:49.0000000Z;5.046;5.049;5500;7500
2026-06-08T10:50:50.0000000Z;5.046;5.049;9000;7500
2026-06-08T10:51:04.0000000Z;5.046;5.049;5500;7500
2026-06-08T10:51:05.0000000Z;5.046;5.049;9000;7500
2026-06-08T10:51:06.0000000Z;5.046;5.049;5500;7500
2026-06-08T10:51:07.0000000Z;5.046;5.048;5500;14000
2026-06-08T10:51:08.0000000Z;5.046;5.048;5500;10000
2026-06-08T10:51:09.0000000Z;5.046;5.049;9000;7500
2026-06-08T10:51:10.0000000Z;5.046;5.049;5500;7500
2026-06-08T10:51:11.0000000Z;5.046;5.049;9000;7500
2026-06-08T10:52:56.0000000Z;5.047;5.049;2750;5500
2026-06-08T10:52:57.0000000Z;5.046;5.049;9000;7500
2026-06-08T10:53:00.0000000Z;5.046;5.049;9000;11000
2026-06-08T10:53:01.0000000Z;5.046;5.048;5500;14000
2026-06-08T10:53:03.0000000Z;5.046;5.048;9000;10000
2026-06-08T10:53:04.0000000Z;5.046;5.049;9000;7500
2026-06-08T10:53:07.0000000Z;5.046;5.049;9000;7500
2026-06-08T10:53:11.0000000Z;5.046;5.049;5500;7500
2026-06-08T10:53:12.0000000Z;5.046;5.049;9000;7500
2026-06-08T10:53:13.0000000Z;5.046;5.049;5500;7500
2026-06-08T10:53:15.0000000Z;5.046;5.049;9000;7500
2026-06-08T10:53:24.0000000Z;5.046;5.049;5500;7500
2026-06-08T10:53:26.0000000Z;5.046;5.049;9000;7500
2026-06-08T10:53:32.0000000Z;5.046;5.048;9000;11000
2026-06-08T10:53:33.0000000Z;5.046;5.048;5500;10000
2026-06-08T10:53:34.0000000Z;5.046;5.048;9000;11000
2026-06-08T10:53:35.0000000Z;5.046;5.048;5500;10000
2026-06-08T10:53:36.0000000Z;5.046;5.049;5500;7500
2026-06-08T10:53:37.0000000Z;5.046;5.049;9000;7500
2026-06-08T10:53:41.0000000Z;5.046;5.049;5500;7500
2026-06-08T10:53:42.0000000Z;5.046;5.049;9000;7500
2026-06-08T10:54:01.0000000Z;5.046;5.049;5500;7500
2026-06-08T10:54:02.0000000Z;5.046;5.049;9000;7500
2026-06-08T10:54:03.0000000Z;5.046;5.049;9000;7500
2026-06-08T10:54:06.0000000Z;5.046;5.049;5500;7500
2026-06-08T10:54:08.0000000Z;5.046;5.049;9000;7500
2026-06-08T10:54:10.0000000Z;5.046;5.049;9000;7000
2026-06-08T10:54:55.0000000Z;5.046;5.049;9000;7500
2026-06-08T10:55:39.0000000Z;5.046;5.049;5500;7500
2026-06-08T10:55:40.0000000Z;5.046;5.049;9000;7500
2026-06-08T10:55:49.0000000Z;5.046;5.048;9000;8000
2026-06-08T10:55:50.0000000Z;5.045;5.047;5500;8000
2026-06-08T10:55:51.0000000Z;5.045;5.047;9000;8000
2026-06-08T10:57:56.0000000Z;5.045;5.047;9000;8000
2026-06-08T10:59:08.0000000Z;5.045;5.047;9000;8000
2026-06-08T10:59:49.0000000Z;5.041;5.045;9000;9000
2026-06-08T10:59:51.0000000Z;5.04;5.045;9000;9000
2026-06-08T11:08:25.0000000Z;5.04;5.045;13000;9000
2026-06-08T11:08:48.0000000Z;5.04;5.045;8000;8000
2026-06-08T11:08:49.0000000Z;5.04;5.045;13000;9000
2026-06-08T11:09:55.0000000Z;5.04;5.045;9000;9000
2026-06-08T11:10:27.0000000Z;5.04;5.045;13000;9000
2026-06-08T11:10:42.0000000Z;5.04;5.045;9000;9000
2026-06-08T11:10:46.0000000Z;5.03;5.055;5500;5500
2026-06-08T11:10:55.0000000Z;5.031;5.056;5500;5500
2026-06-08T11:10:57.0000000Z;5.032;5.057;5500;5500
2026-06-08T11:11:09.0000000Z;5.033;5.058;5500;5500
2026-06-08T11:11:10.0000000Z;5.032;5.057;5500;5500
2026-06-08T11:11:12.0000000Z;5.033;5.058;5500;5500
2026-06-08T11:11:18.0000000Z;5.033;5.058;5500;5500
2026-06-08T11:11:20.0000000Z;5.032;5.057;5500;5500
2026-06-08T11:11:21.0000000Z;5.033;5.058;5500;5500
2026-06-08T11:11:31.0000000Z;5.032;5.057;5500;5500
2026-06-08T11:11:38.0000000Z;5.033;5.058;5500;5500
2026-06-08T11:11:48.0000000Z;5.032;5.057;5500;5500
2026-06-08T11:11:49.0000000Z;5.033;5.058;5500;5500
2026-06-08T11:11:51.0000000Z;5.032;5.057;5500;5500
2026-06-08T11:11:52.0000000Z;5.033;5.057;5500;5500
2026-06-08T11:11:54.0000000Z;5.032;5.057;5500;5500
2026-06-08T11:12:17.0000000Z;5.033;5.058;5500;5500
2026-06-08T11:12:58.0000000Z;5.035;5.054;7000;7000
2026-06-08T11:12:59.0000000Z;5.041;5.045;5500;8000
2026-06-08T11:13:14.0000000Z;5.041;5.045;9000;8000
2026-06-08T11:14:49.0000000Z;5.041;5.045;5500;8000
2026-06-08T11:15:25.0000000Z;5.042;5.045;5500;8000
2026-06-08T11:15:27.0000000Z;5.041;5.045;9000;8000
2026-06-08T11:15:32.0000000Z;5.042;5.045;9000;8000
2026-06-08T11:15:39.0000000Z;5.042;5.045;5500;8000
2026-06-08T11:15:50.0000000Z;5.042;5.045;9000;8000
2026-06-08T11:15:53.0000000Z;5.042;5.045;9000;7500
2026-06-08T11:16:54.0000000Z;5.042;5.045;9000;7500
2026-06-08T11:32:01.0000000Z;5.043;5.045;9000;7500
2026-06-08T11:36:35.0000000Z;5.043;5.045;13000;9000
2026-06-08T11:36:36.0000000Z;5.044;5.045;13000;9000
2026-06-08T11:37:07.0000000Z;5.044;5.045;13000;9000
2026-06-08T11:41:20.0000000Z;5.044;5.045;8000;8000
2026-06-08T11:41:21.0000000Z;5.044;5.045;13000;9000
2026-06-08T11:42:34.0000000Z;5.046;5.048;9000;9000
2026-06-08T11:42:35.0000000Z;5.048;5.058;13000;11000
2026-06-08T11:42:36.0000000Z;5.048;5.062;13000;11000
2026-06-08T11:42:37.0000000Z;5.047;5.062;13000;11000
2026-06-08T11:42:38.0000000Z;5.046;5.062;13000;11000
2026-06-08T11:42:39.0000000Z;5.047;5.062;13000;11000
2026-06-08T11:42:40.0000000Z;5.05;5.062;13000;11000
2026-06-08T11:42:41.0000000Z;5.05;5.062;13000;11000
2026-06-08T11:42:42.0000000Z;5.047;5.062;13000;11000
2026-06-08T11:42:44.0000000Z;5.046;5.062;13000;11000
2026-06-08T11:42:45.0000000Z;5.048;5.062;13000;11000
2026-06-08T11:42:46.0000000Z;5.049;5.062;13000;11000
2026-06-08T11:43:02.0000000Z;5.048;5.062;13000;13000
2026-06-08T11:43:03.0000000Z;5.046;5.062;13000;13000
2026-06-08T11:43:04.0000000Z;5.042;5.062;13000;13000
2026-06-08T11:43:11.0000000Z;5.042;5.062;13000;13000
2026-06-08T11:43:13.0000000Z;5.045;5.062;13000;13000
2026-06-08T11:43:14.0000000Z;5.05;5.062;13000;13000
2026-06-08T11:44:08.0000000Z;5.049;5.061;13000;12000
2026-06-08T11:44:09.0000000Z;5.048;5.06;13000;12000
2026-06-08T11:44:11.0000000Z;5.045;5.061;13000;13000
2026-06-08T11:44:13.0000000Z;5.047;5.061;13000;13000
2026-06-08T11:44:14.0000000Z;5.045;5.061;13000;13000
2026-06-08T11:44:15.0000000Z;5.043;5.061;13000;13000
2026-06-08T11:44:21.0000000Z;5.042;5.061;13000;13000
2026-06-08T11:44:28.0000000Z;5.042;5.06;13000;13000
2026-06-08T11:44:29.0000000Z;5.041;5.059;13000;12000
2026-06-08T11:44:35.0000000Z;5.049;5.059;13000;12000
2026-06-08T11:44:45.0000000Z;5.047;5.059;13000;11000
2026-06-08T11:44:46.0000000Z;5.047;5.059;13000;12000
2026-06-08T11:44:48.0000000Z;5.046;5.059;13000;12000
2026-06-08T11:44:50.0000000Z;5.047;5.059;13000;12000
2026-06-08T11:44:51.0000000Z;5.044;5.059;13000;12000
2026-06-08T11:44:52.0000000Z;5.048;5.059;13000;12000
2026-06-08T11:44:53.0000000Z;5.048;5.059;13000;12000
2026-06-08T11:45:03.0000000Z;5.046;5.059;13000;12000
2026-06-08T11:45:32.0000000Z;5.046;5.059;13000;11000
2026-06-08T11:45:33.0000000Z;5.046;5.059;13000;12000
2026-06-08T11:47:20.0000000Z;5.046;5.057;13000;12000
2026-06-08T11:48:29.0000000Z;5.046;5.057;13000;11000
2026-06-08T11:48:30.0000000Z;5.046;5.057;13000;12000
2026-06-08T11:48:49.0000000Z;5.048;5.057;13000;12000
2026-06-08T11:48:50.0000000Z;5.048;5.057;13000;12000
2026-06-08T11:48:51.0000000Z;5.045;5.057;13000;12000
2026-06-08T11:48:53.0000000Z;5.046;5.057;13000;12000
2026-06-08T11:48:54.0000000Z;5.049;5.057;13000;12000
2026-06-08T11:48:55.0000000Z;5.044;5.057;13000;12000
2026-06-08T11:48:57.0000000Z;5.042;5.057;13000;12000
2026-06-08T11:49:35.0000000Z;5.045;5.057;13000;12000
2026-06-08T11:49:36.0000000Z;5.049;5.057;13000;12000
2026-06-08T11:49:37.0000000Z;5.045;5.057;13000;12000
2026-06-08T11:49:39.0000000Z;5.042;5.057;13000;12000
2026-06-08T11:49:55.0000000Z;5.042;5.057;13000;12000
2026-06-08T11:50:01.0000000Z;5.043;5.057;9000;14000
2026-06-08T11:50:13.0000000Z;5.042;5.057;9000;14000
2026-06-08T11:50:14.0000000Z;5.043;5.057;9000;14000
2026-06-08T11:50:18.0000000Z;5.042;5.057;9000;14000
2026-06-08T11:50:19.0000000Z;5.043;5.057;9000;14000
2026-06-08T11:50:22.0000000Z;5.043;5.057;13000;12000
2026-06-08T11:50:23.0000000Z;5.044;5.057;9000;14000
2026-06-08T11:50:26.0000000Z;5.043;5.057;13000;12000
2026-06-08T11:50:27.0000000Z;5.045;5.057;9000;14000
2026-06-08T11:50:29.0000000Z;5.043;5.057;9000;14000
2026-06-08T11:50:30.0000000Z;5.045;5.057;9000;14000
2026-06-08T11:50:58.0000000Z;5.045;5.057;13000;12000
2026-06-08T11:50:59.0000000Z;5.047;5.057;13000;12000
2026-06-08T11:51:16.0000000Z;5.047;5.057;9000;13000
2026-06-08T11:51:17.0000000Z;5.046;5.057;9000;14000
2026-06-08T11:51:32.0000000Z;5.047;5.057;13000;12000
2026-06-08T11:51:44.0000000Z;5.048;5.057;13000;12000
2026-06-08T11:51:45.0000000Z;5.049;5.057;13000;12000
2026-06-08T11:51:47.0000000Z;5.049;5.057;9000;14000
2026-06-08T11:51:48.0000000Z;5.047;5.057;9000;14000
2026-06-08T11:51:51.0000000Z;5.044;5.057;9000;14000
2026-06-08T11:51:52.0000000Z;5.047;5.057;9000;14000
2026-06-08T11:51:55.0000000Z;5.045;5.057;9000;14000
2026-06-08T11:51:56.0000000Z;5.048;5.057;9000;14000
2026-06-08T11:51:59.0000000Z;5.049;5.057;9000;14000
2026-06-08T11:52:02.0000000Z;5.045;5.057;13000;12000
2026-06-08T11:52:03.0000000Z;5.051;5.057;5500;14000
2026-06-08T11:52:05.0000000Z;5.051;5.057;9000;12000
2026-06-08T11:52:06.0000000Z;5.052;5.057;5500;14000
2026-06-08T11:52:09.0000000Z;5.051;5.057;9000;12000
2026-06-08T11:52:10.0000000Z;5.053;5.057;5500;14000
2026-06-08T11:52:14.0000000Z;5.05;5.057;13000;12000
2026-06-08T11:52:15.0000000Z;5.049;5.057;13000;12000
2026-06-08T11:52:16.0000000Z;5.047;5.057;13000;12000
2026-06-08T11:52:17.0000000Z;5.044;5.057;13000;12000
2026-06-08T11:52:18.0000000Z;5.042;5.057;13000;12000
2026-06-08T11:52:27.0000000Z;5.049;5.057;13000;12000
2026-06-08T11:52:28.0000000Z;5.047;5.057;13000;12000
2026-06-08T11:52:29.0000000Z;5.044;5.057;13000;12000
2026-06-08T11:52:31.0000000Z;5.042;5.057;13000;12000
2026-06-08T11:52:49.0000000Z;5.045;5.057;13000;12000
2026-06-08T11:52:50.0000000Z;5.042;5.057;13000;12000
2026-06-08T11:53:30.0000000Z;5.045;5.057;13000;12000
2026-06-08T11:53:31.0000000Z;5.047;5.057;13000;12000
2026-06-08T11:53:33.0000000Z;5.047;5.057;13000;11000
2026-06-08T11:53:34.0000000Z;5.047;5.057;13000;12000
2026-06-08T11:53:49.0000000Z;5.048;5.057;13000;12000
2026-06-08T11:53:50.0000000Z;5.046;5.057;13000;12000
2026-06-08T11:56:14.0000000Z;5.046;5.057;13000;12000
2026-06-08T11:56:15.0000000Z;5.047;5.057;13000;12000
2026-06-08T11:56:16.0000000Z;5.048;5.057;13000;12000
2026-06-08T11:56:17.0000000Z;5.049;5.057;13000;12000
2026-06-08T11:56:19.0000000Z;5.047;5.057;13000;12000
2026-06-08T11:56:20.0000000Z;5.046;5.057;13000;12000
2026-06-08T11:56:21.0000000Z;5.043;5.057;13000;12000
2026-06-08T11:56:23.0000000Z;5.042;5.057;13000;12000
2026-06-08T11:56:46.0000000Z;5.042;5.057;13000;12000
2026-06-08T11:57:41.0000000Z;5.044;5.057;13000;12000
2026-06-08T11:57:42.0000000Z;5.045;5.057;13000;12000
2026-06-08T11:57:43.0000000Z;5.047;5.057;13000;12000
2026-06-08T11:57:44.0000000Z;5.045;5.057;13000;12000
2026-06-08T11:57:45.0000000Z;5.042;5.057;13000;12000
2026-06-08T11:57:57.0000000Z;5.042;5.057;13000;11000
2026-06-08T11:57:58.0000000Z;5.042;5.057;13000;12000
2026-06-08T11:58:01.0000000Z;5.042;5.057;13000;13000
2026-06-08T11:59:31.0000000Z;5.042;5.057;13000;12000
2026-06-08T11:59:50.0000000Z;5.042;5.057;13000;9000
2026-06-08T12:00:01.0000000Z;5.041;5.057;13000;9000
2026-06-08T12:00:25.0000000Z;5.046;5.057;13000;9000
2026-06-08T12:00:26.0000000Z;5.046;5.057;13000;10000
2026-06-08T12:00:28.0000000Z;5.045;5.057;13000;10000
2026-06-08T12:00:29.0000000Z;5.045;5.056;13000;12000
2026-06-08T12:00:30.0000000Z;5.046;5.056;13000;12000
2026-06-08T12:00:31.0000000Z;5.045;5.057;13000;9000
2026-06-08T12:00:32.0000000Z;5.044;5.057;13000;9000
2026-06-08T12:00:33.0000000Z;5.042;5.057;13000;9000
2026-06-08T12:00:35.0000000Z;5.041;5.057;13000;9000
2026-06-08T12:00:50.0000000Z;5.041;5.056;13000;12000
2026-06-08T12:01:19.0000000Z;5.041;5.057;13000;9000
2026-06-08T12:01:44.0000000Z;5.041;5.056;13000;9000
2026-06-08T12:01:56.0000000Z;5.047;5.056;13000;9000
2026-06-08T12:01:57.0000000Z;5.047;5.056;13000;9000
2026-06-08T12:01:58.0000000Z;5.044;5.056;13000;9000
2026-06-08T12:02:00.0000000Z;5.042;5.056;13000;9000
2026-06-08T12:02:01.0000000Z;5.042;5.057;13000;9000
2026-06-08T12:02:09.0000000Z;5.044;5.057;13000;9000
2026-06-08T12:02:10.0000000Z;5.045;5.057;13000;9000
2026-06-08T12:02:11.0000000Z;5.044;5.056;13000;9000
2026-06-08T12:02:12.0000000Z;5.042;5.056;13000;12000
2026-06-08T12:02:19.0000000Z;5.042;5.057;13000;9000
2026-06-08T12:02:32.0000000Z;5.045;5.057;13000;9000
2026-06-08T12:02:33.0000000Z;5.046;5.057;13000;9000
2026-06-08T12:02:34.0000000Z;5.045;5.057;13000;9000
2026-06-08T12:02:35.0000000Z;5.044;5.057;13000;9000
2026-06-08T12:02:37.0000000Z;5.042;5.057;13000;9000
2026-06-08T12:03:02.0000000Z;5.041;5.057;13000;9000
2026-06-08T12:03:15.0000000Z;5.042;5.057;13000;9000
2026-06-08T12:03:16.0000000Z;5.044;5.057;13000;9000
2026-06-08T12:03:17.0000000Z;5.041;5.057;13000;9000
2026-06-08T12:03:21.0000000Z;5.041;5.056;13000;11000
2026-06-08T12:03:23.0000000Z;5.041;5.057;13000;9000
2026-06-08T12:03:34.0000000Z;5.043;5.057;13000;9000
2026-06-08T12:03:35.0000000Z;5.044;5.057;13000;9000
2026-06-08T12:03:36.0000000Z;5.045;5.057;13000;9000
2026-06-08T12:03:38.0000000Z;5.043;5.057;13000;9000
2026-06-08T12:03:39.0000000Z;5.042;5.057;13000;9000
2026-06-08T12:03:47.0000000Z;5.044;5.057;13000;9000
2026-06-08T12:03:48.0000000Z;5.045;5.057;13000;9000
2026-06-08T12:03:49.0000000Z;5.045;5.057;13000;9000
2026-06-08T12:03:51.0000000Z;5.044;5.057;13000;9000
2026-06-08T12:03:55.0000000Z;5.043;5.057;13000;9000
2026-06-08T12:04:05.0000000Z;5.042;5.057;13000;9000
2026-06-08T12:04:06.0000000Z;5.043;5.057;13000;9000
2026-06-08T12:04:21.0000000Z;5.042;5.057;13000;9000
2026-06-08T12:04:22.0000000Z;5.043;5.057;13000;9000
2026-06-08T12:04:41.0000000Z;5.045;5.057;13000;9000
2026-06-08T12:04:42.0000000Z;5.047;5.057;13000;9000
2026-06-08T12:04:43.0000000Z;5.049;5.057;13000;9000
2026-06-08T12:04:44.0000000Z;5.049;5.057;13000;9000
2026-06-08T12:04:45.0000000Z;5.046;5.057;13000;9000
2026-06-08T12:04:47.0000000Z;5.043;5.057;13000;9000
2026-06-08T12:05:05.0000000Z;5.046;5.057;13000;9000
2026-06-08T12:05:06.0000000Z;5.048;5.057;13000;9000
2026-06-08T12:05:07.0000000Z;5.048;5.057;13000;9000
2026-06-08T12:05:08.0000000Z;5.044;5.057;13000;9000
2026-06-08T12:05:09.0000000Z;5.043;5.057;13000;9000
2026-06-08T12:05:25.0000000Z;5.045;5.057;13000;9000
2026-06-08T12:05:49.0000000Z;5.045;5.057;9000;9000
2026-06-08T12:05:50.0000000Z;5.049;5.057;13000;9000
2026-06-08T12:05:51.0000000Z;5.048;5.057;13000;9000
2026-06-08T12:05:52.0000000Z;5.047;5.057;13000;9000
2026-06-08T12:05:53.0000000Z;5.046;5.057;13000;9000
2026-06-08T12:05:54.0000000Z;5.045;5.057;13000;9000
2026-06-08T12:08:06.0000000Z;5.046;5.057;13000;9000
2026-06-08T12:08:07.0000000Z;5.047;5.057;13000;9000
2026-06-08T12:08:15.0000000Z;5.046;5.057;9000;9000
2026-06-08T12:08:38.0000000Z;5.046;5.057;8000;7500
2026-06-08T12:08:57.0000000Z;5.046;5.057;9000;9000
2026-06-08T12:09:04.0000000Z;5.049;5.057;9000;9000
2026-06-08T12:09:05.0000000Z;5.05;5.057;9000;9000
2026-06-08T12:09:25.0000000Z;5.051;5.057;13000;9000
2026-06-08T12:16:00.0000000Z;5.051;5.057;16000;5500
2026-06-08T12:16:01.0000000Z;5.051;5.058;16000;5500
2026-06-08T12:16:19.0000000Z;5.051;5.058;16000;8000
2026-06-08T12:16:28.0000000Z;5.051;5.058;16000;5500
2026-06-08T12:17:16.0000000Z;5.052;5.058;9000;5500
2026-06-08T12:20:48.0000000Z;5.052;5.058;9000;7500
2026-06-08T12:20:49.0000000Z;5.052;5.059;9000;7500
2026-06-08T12:20:50.0000000Z;5.052;5.06;9000;7500
2026-06-08T12:22:04.0000000Z;5.052;5.06;5500;7500
2026-06-08T12:22:05.0000000Z;5.053;5.06;9000;7500
2026-06-08T12:26:28.0000000Z;5.052;5.06;9000;6500
2026-06-08T12:27:13.0000000Z;5.052;5.06;9000;7500
2026-06-08T12:27:42.0000000Z;5.053;5.06;9000;7500
2026-06-08T12:28:23.0000000Z;5.054;5.062;9000;11000
2026-06-08T12:28:24.0000000Z;5.055;5.063;9000;7500
2026-06-08T12:30:19.0000000Z;5.056;5.063;13000;9000
2026-06-08T12:30:47.0000000Z;5.055;5.063;9000;7500
2026-06-08T12:30:48.0000000Z;5.054;5.063;9000;7500
2026-06-08T12:31:19.0000000Z;5.056;5.063;13000;9000
2026-06-08T12:31:52.0000000Z;5.056;5.063;9000;7500
2026-06-08T12:31:53.0000000Z;5.055;5.063;5500;7500
2026-06-08T12:31:55.0000000Z;5.054;5.063;5500;7500
2026-06-08T12:31:58.0000000Z;5.054;5.063;9000;7500
2026-06-08T12:32:13.0000000Z;5.054;5.063;5500;7500
2026-06-08T12:32:22.0000000Z;5.054;5.063;9000;7500
2026-06-08T12:32:23.0000000Z;5.054;5.063;9000;7500
2026-06-08T12:32:24.0000000Z;5.054;5.063;5500;7500
2026-06-08T12:32:25.0000000Z;5.054;5.063;9000;7500
2026-06-08T12:32:26.0000000Z;5.054;5.063;5500;7500
2026-06-08T12:32:27.0000000Z;5.054;5.063;9000;7500
2026-06-08T12:32:28.0000000Z;5.054;5.063;5500;7500
2026-06-08T12:32:29.0000000Z;5.054;5.063;9000;7500
2026-06-08T12:32:30.0000000Z;5.054;5.063;5500;7500
2026-06-08T12:32:31.0000000Z;5.054;5.063;9000;7500
2026-06-08T12:32:32.0000000Z;5.054;5.063;5500;7500
2026-06-08T12:32:33.0000000Z;5.054;5.063;9000;7500
2026-06-08T12:32:34.0000000Z;5.054;5.063;5500;7500
2026-06-08T12:32:35.0000000Z;5.054;5.063;9000;7500
2026-06-08T12:32:36.0000000Z;5.054;5.063;5500;7500
2026-06-08T12:32:37.0000000Z;5.054;5.063;9000;7500
2026-06-08T12:32:38.0000000Z;5.054;5.063;5500;7500
2026-06-08T12:32:39.0000000Z;5.054;5.063;9000;7500
2026-06-08T12:32:40.0000000Z;5.054;5.063;5500;7500
2026-06-08T12:32:41.0000000Z;5.054;5.063;9000;7500
2026-06-08T12:32:42.0000000Z;5.054;5.063;5500;7500
2026-06-08T12:32:43.0000000Z;5.054;5.063;9000;7500
2026-06-08T12:32:44.0000000Z;5.054;5.063;5500;7500
2026-06-08T12:32:45.0000000Z;5.054;5.063;9000;7500
2026-06-08T12:32:46.0000000Z;5.054;5.063;5500;7500
2026-06-08T12:32:47.0000000Z;5.054;5.063;9000;7500
2026-06-08T12:32:48.0000000Z;5.054;5.063;5500;7500
2026-06-08T12:32:49.0000000Z;5.054;5.063;9000;7500
2026-06-08T12:32:50.0000000Z;5.054;5.063;5500;7500
2026-06-08T12:32:51.0000000Z;5.054;5.063;9000;7500
2026-06-08T12:32:52.0000000Z;5.054;5.063;5500;7500
2026-06-08T12:32:53.0000000Z;5.054;5.063;9000;7500
2026-06-08T12:32:54.0000000Z;5.054;5.063;5500;7500
2026-06-08T12:32:55.0000000Z;5.054;5.063;9000;7500
2026-06-08T12:32:56.0000000Z;5.054;5.063;5500;7500
2026-06-08T12:32:57.0000000Z;5.054;5.063;9000;7500
2026-06-08T12:32:58.0000000Z;5.054;5.063;5500;7500
2026-06-08T12:32:59.0000000Z;5.054;5.063;9000;7500
2026-06-08T12:33:00.0000000Z;5.054;5.063;5500;7500
2026-06-08T12:33:03.0000000Z;5.054;5.063;9000;7500
2026-06-08T12:33:04.0000000Z;5.054;5.063;9000;7500
2026-06-08T12:33:05.0000000Z;5.054;5.063;5500;7500
2026-06-08T12:33:06.0000000Z;5.054;5.063;9000;7500
2026-06-08T12:33:07.0000000Z;5.054;5.063;5500;7500
2026-06-08T12:33:09.0000000Z;5.054;5.063;5500;7500
2026-06-08T12:33:10.0000000Z;5.054;5.063;9000;7500
2026-06-08T12:33:11.0000000Z;5.054;5.063;5500;7500
2026-06-08T12:33:12.0000000Z;5.054;5.063;9000;7500
2026-06-08T12:33:13.0000000Z;5.054;5.063;5500;7500
2026-06-08T12:33:14.0000000Z;5.054;5.063;9000;7500
2026-06-08T12:33:15.0000000Z;5.054;5.063;5500;7500
2026-06-08T12:33:16.0000000Z;5.054;5.063;9000;7500
2026-06-08T12:33:17.0000000Z;5.054;5.063;5500;7500
2026-06-08T12:33:18.0000000Z;5.054;5.063;9000;7500
2026-06-08T12:33:19.0000000Z;5.054;5.063;5500;7500
2026-06-08T12:33:20.0000000Z;5.054;5.063;9000;7500
2026-06-08T12:33:21.0000000Z;5.054;5.063;5500;7500
2026-06-08T12:33:22.0000000Z;5.054;5.063;9000;7500
2026-06-08T12:33:23.0000000Z;5.054;5.063;5500;7500
2026-06-08T12:33:24.0000000Z;5.054;5.063;9000;7500
2026-06-08T12:33:25.0000000Z;5.054;5.063;5500;7500
2026-06-08T12:33:26.0000000Z;5.054;5.063;9000;7500
2026-06-08T12:33:27.0000000Z;5.054;5.063;5500;7500
2026-06-08T12:33:28.0000000Z;5.054;5.063;9000;7500
2026-06-08T12:33:29.0000000Z;5.054;5.063;5500;7500
2026-06-08T12:33:30.0000000Z;5.054;5.063;9000;7500
2026-06-08T12:33:31.0000000Z;5.054;5.063;5500;7500
2026-06-08T12:33:32.0000000Z;5.054;5.063;9000;7500
2026-06-08T12:33:33.0000000Z;5.054;5.063;5500;7500
2026-06-08T12:33:34.0000000Z;5.054;5.063;9000;7500
2026-06-08T12:33:35.0000000Z;5.054;5.063;5500;7500
2026-06-08T12:33:36.0000000Z;5.054;5.063;9000;7500
2026-06-08T12:33:37.0000000Z;5.054;5.063;5500;7500
2026-06-08T12:33:38.0000000Z;5.054;5.063;9000;7500
2026-06-08T12:33:39.0000000Z;5.054;5.063;5500;7500
2026-06-08T12:33:40.0000000Z;5.054;5.063;9000;7500
2026-06-08T12:33:41.0000000Z;5.054;5.063;5500;7500
2026-06-08T12:33:42.0000000Z;5.054;5.063;9000;7500
2026-06-08T12:33:43.0000000Z;5.054;5.063;5500;7500
2026-06-08T12:33:44.0000000Z;5.054;5.063;9000;7500
2026-06-08T12:33:45.0000000Z;5.054;5.063;5500;7500
2026-06-08T12:33:46.0000000Z;5.054;5.063;9000;7500
2026-06-08T12:33:47.0000000Z;5.054;5.063;5500;7500
2026-06-08T12:33:48.0000000Z;5.054;5.063;9000;7500
2026-06-08T12:33:49.0000000Z;5.054;5.063;5500;7500
2026-06-08T12:33:50.0000000Z;5.054;5.063;9000;7500
2026-06-08T12:33:51.0000000Z;5.054;5.064;5500;7500
2026-06-08T12:33:52.0000000Z;5.054;5.064;9000;13000
2026-06-08T12:33:53.0000000Z;5.054;5.064;5500;13000
2026-06-08T12:33:55.0000000Z;5.054;5.064;9000;13000
2026-06-08T12:34:03.0000000Z;5.055;5.064;5500;8000
2026-06-08T12:34:04.0000000Z;5.055;5.065;5500;6000
2026-06-08T12:34:10.0000000Z;5.055;5.065;9000;6000
2026-06-08T12:35:16.0000000Z;5.056;5.065;9000;6000
2026-06-08T12:36:23.0000000Z;5.056;5.065;9000;6000
2026-06-08T12:36:39.0000000Z;5.056;5.065;9000;6000
2026-06-08T12:36:47.0000000Z;5.056;5.065;5500;6000
2026-06-08T12:36:51.0000000Z;5.056;5.064;5500;5500
2026-06-08T12:37:19.0000000Z;5.056;5.064;9000;5500
2026-06-08T12:37:24.0000000Z;5.057;5.066;2750;2750
2026-06-08T12:37:25.0000000Z;5.056;5.064;9000;5500
2026-06-08T12:37:43.0000000Z;5.056;5.064;17000;5500
2026-06-08T12:37:44.0000000Z;5.057;5.064;17000;5500
2026-06-08T12:37:47.0000000Z;5.058;5.064;17000;5500
2026-06-08T12:37:48.0000000Z;5.059;5.064;17000;5500
2026-06-08T12:37:53.0000000Z;5.059;5.064;18000;5500
2026-06-08T12:38:02.0000000Z;5.061;5.064;9000;5500
2026-06-08T12:38:48.0000000Z;5.06;5.063;9000;7500
2026-06-08T12:38:49.0000000Z;5.06;5.063;9000;7500
2026-06-08T12:38:51.0000000Z;5.06;5.063;5500;7500
2026-06-08T12:38:58.0000000Z;5.06;5.063;5500;7500
2026-06-08T12:39:22.0000000Z;5.06;5.063;9000;7500
2026-06-08T12:40:04.0000000Z;5.059;5.063;9000;7500
2026-06-08T12:40:05.0000000Z;5.06;5.063;5500;7500
2026-06-08T12:40:19.0000000Z;5.06;5.064;5500;5500
2026-06-08T12:40:57.0000000Z;5.061;5.064;5500;5500
2026-06-08T12:40:58.0000000Z;5.061;5.064;5500;7500
2026-06-08T12:40:59.0000000Z;5.061;5.063;5500;7500
2026-06-08T12:41:04.0000000Z;5.059;5.063;9000;9000
2026-06-08T12:41:05.0000000Z;5.055;5.063;13000;9000
2026-06-08T12:41:15.0000000Z;5.055;5.063;13000;9000
2026-06-08T12:41:20.0000000Z;5.055;5.063;13000;9000
2026-06-08T12:41:40.0000000Z;5.054;5.063;13000;9000
2026-06-08T12:41:41.0000000Z;5.053;5.063;13000;9000
2026-06-08T12:42:42.0000000Z;5.054;5.063;13000;9000
2026-06-08T12:42:44.0000000Z;5.055;5.063;13000;9000
2026-06-08T12:43:02.0000000Z;5.054;5.063;13000;9000
2026-06-08T12:43:04.0000000Z;5.055;5.063;13000;9000
2026-06-08T12:43:06.0000000Z;5.054;5.063;13000;9000
2026-06-08T12:43:07.0000000Z;5.055;5.063;13000;9000
2026-06-08T12:43:22.0000000Z;5.055;5.063;13000;9000
2026-06-08T12:43:27.0000000Z;5.054;5.063;9000;9000
2026-06-08T12:43:28.0000000Z;5.055;5.063;9000;9000
2026-06-08T12:43:29.0000000Z;5.055;5.063;13000;9000
2026-06-08T12:44:12.0000000Z;5.054;5.063;13000;9000
2026-06-08T12:44:13.0000000Z;5.055;5.063;13000;9000
2026-06-08T12:44:33.0000000Z;5.054;5.063;13000;9000
2026-06-08T12:44:34.0000000Z;5.055;5.063;13000;9000
2026-06-08T12:44:38.0000000Z;5.054;5.063;13000;9000
2026-06-08T12:44:39.0000000Z;5.055;5.063;13000;9000
2026-06-08T12:44:47.0000000Z;5.056;5.063;9000;7500
2026-06-08T12:45:55.0000000Z;5.056;5.063;9000;7500
2026-06-08T12:45:56.0000000Z;5.057;5.063;9000;7500
2026-06-08T12:46:48.0000000Z;5.056;5.063;9000;7500
2026-06-08T12:51:23.0000000Z;5.056;5.063;9000;7500
2026-06-08T12:59:05.0000000Z;5.056;5.063;9000;9000
2026-06-08T13:00:02.0000000Z;5.056;5.063;9000;7500
2026-06-08T13:00:52.0000000Z;5.057;5.063;9000;7500
2026-06-08T13:03:02.0000000Z;5.057;5.063;9000;7500
2026-06-08T13:03:36.0000000Z;5.057;5.063;9000;9000
2026-06-08T13:03:41.0000000Z;5.057;5.063;9000;7500
2026-06-08T13:05:03.0000000Z;5.057;5.063;5500;7500
2026-06-08T13:05:05.0000000Z;5.057;5.062;5500;7500
2026-06-08T13:05:06.0000000Z;5.056;5.061;9000;7500
2026-06-08T13:12:09.0000000Z;5.056;5.061;5500;7500
2026-06-08T13:12:30.0000000Z;5.056;5.061;5500;7500
2026-06-08T13:12:32.0000000Z;5.056;5.06;5500;5500
2026-06-08T13:12:37.0000000Z;5.056;5.06;9000;5500
2026-06-08T13:12:56.0000000Z;5.056;5.06;9000;5500
2026-06-08T13:13:27.0000000Z;5.056;5.061;9000;7000
2026-06-08T13:13:28.0000000Z;5.056;5.061;5500;7000
2026-06-08T13:14:04.0000000Z;5.056;5.061;9000;7000
2026-06-08T13:14:12.0000000Z;5.056;5.061;9000;7500
2026-06-08T13:16:36.0000000Z;5.056;5.061;5500;7500
2026-06-08T13:17:06.0000000Z;5.056;5.061;9000;7500
2026-06-08T13:18:47.0000000Z;5.056;5.063;13000;9000
2026-06-08T13:18:48.0000000Z;5.057;5.064;13000;9000
2026-06-08T13:18:49.0000000Z;5.057;5.066;13000;9000
2026-06-08T13:19:02.0000000Z;5.058;5.066;9000;6000
2026-06-08T13:19:11.0000000Z;5.059;5.066;5500;6000
2026-06-08T13:19:14.0000000Z;5.059;5.066;13000;9000
2026-06-08T13:19:15.0000000Z;5.059;5.066;9000;6000
2026-06-08T13:19:16.0000000Z;5.059;5.066;5500;6000
2026-06-08T13:19:19.0000000Z;5.059;5.066;9000;6000
2026-06-08T13:19:20.0000000Z;5.06;5.066;5500;6000
2026-06-08T13:19:21.0000000Z;5.061;5.066;5500;6000
2026-06-08T13:20:26.0000000Z;5.061;5.066;9000;6000
2026-06-08T13:20:27.0000000Z;5.061;5.066;5500;6000
2026-06-08T13:20:31.0000000Z;5.062;5.066;5500;6000
2026-06-08T13:20:32.0000000Z;5.063;5.066;5500;6000
2026-06-08T13:21:32.0000000Z;5.054;5.062;9000;9000
2026-06-08T13:21:57.0000000Z;5.053;5.062;5500;7500
2026-06-08T13:22:03.0000000Z;5.054;5.062;5500;7500
2026-06-08T13:22:26.0000000Z;5.054;5.062;5500;7500
2026-06-08T13:22:51.0000000Z;5.053;5.062;5500;7500
2026-06-08T13:22:59.0000000Z;5.053;5.062;5500;9000
2026-06-08T13:23:08.0000000Z;5.053;5.059;5500;7500
2026-06-08T13:26:12.0000000Z;5.053;5.059;5500;7500
2026-06-08T13:26:19.0000000Z;5.052;5.059;5500;7500
2026-06-08T13:26:20.0000000Z;5.052;5.059;5500;7500
2026-06-08T13:27:06.0000000Z;5.052;5.059;5500;7500
2026-06-08T13:27:40.0000000Z;5.052;5.058;5500;7500
2026-06-08T13:27:41.0000000Z;5.052;5.057;5500;7500
2026-06-08T13:27:51.0000000Z;5.052;5.055;5500;7500
2026-06-08T13:28:01.0000000Z;5.052;5.057;5500;7500
2026-06-08T13:28:02.0000000Z;5.052;5.06;5500;6500
2026-06-08T13:28:04.0000000Z;5.052;5.062;5500;6500
2026-06-08T13:28:09.0000000Z;5.052;5.062;5500;6000
2026-06-08T13:28:10.0000000Z;5.052;5.063;5500;6000
2026-06-08T13:28:31.0000000Z;5.052;5.063;5500;7500
2026-06-08T13:28:39.0000000Z;5.052;5.063;5500;16000
2026-06-08T13:29:05.0000000Z;5.052;5.063;5500;15000
2026-06-08T13:30:00.0000000Z;5.052;5.064;5500;15000
2026-06-08T13:30:01.0000000Z;5.052;5.068;5500;15000
2026-06-08T13:30:02.0000000Z;5.052;5.073;5500;15000
2026-06-08T13:30:03.0000000Z;5.052;5.066;5500;15000
2026-06-08T13:30:07.0000000Z;5.052;5.068;5500;15000
2026-06-08T13:30:08.0000000Z;5.052;5.089;5500;15000
2026-06-08T13:30:09.0000000Z;5.052;5.089;5500;19000
2026-06-08T13:30:11.0000000Z;5.052;5.099;5500;19000
2026-06-08T13:30:16.0000000Z;5.052;5.085;5500;19000
2026-06-08T13:30:17.0000000Z;5.052;5.071;5500;16000
2026-06-08T13:30:18.0000000Z;5.052;5.057;5500;16000
2026-06-08T13:30:28.0000000Z;5.052;5.058;5500;16000
2026-06-08T13:30:33.0000000Z;5.052;5.059;5500;16000
2026-06-08T13:31:03.0000000Z;5.052;5.061;5500;16000
2026-06-08T13:31:06.0000000Z;5.052;5.062;5500;16000
2026-06-08T13:31:51.0000000Z;5.052;5.062;8000;20000
2026-06-08T13:32:01.0000000Z;5.052;5.061;8000;20000
2026-06-08T13:32:17.0000000Z;5.052;5.062;8000;20000
2026-06-08T13:32:20.0000000Z;5.052;5.063;8000;20000
2026-06-08T13:33:15.0000000Z;5.052;5.063;5500;19000
2026-06-08T13:33:36.0000000Z;5.052;5.064;5500;16000
2026-06-08T13:33:39.0000000Z;5.052;5.062;5500;16000
2026-06-08T13:33:43.0000000Z;5.052;5.062;5500;17000
2026-06-08T13:34:06.0000000Z;5.052;5.061;5500;17000
2026-06-08T13:34:07.0000000Z;5.052;5.06;5500;16000
2026-06-08T13:34:21.0000000Z;5.052;5.059;5500;16000
2026-06-08T13:34:22.0000000Z;5.052;5.059;5500;15000
2026-06-08T13:34:24.0000000Z;5.052;5.059;5500;16000
2026-06-08T13:34:25.0000000Z;5.052;5.058;5500;16000
2026-06-08T13:34:59.0000000Z;5.052;5.056;5500;15000
2026-06-08T13:35:01.0000000Z;5.052;5.056;5500;17000
2026-06-08T13:35:46.0000000Z;5.052;5.056;5500;15000
2026-06-08T13:36:05.0000000Z;5.052;5.057;5500;15000
2026-06-08T13:36:06.0000000Z;5.052;5.057;5500;16000
2026-06-08T13:36:07.0000000Z;5.052;5.058;5500;16000
2026-06-08T13:36:25.0000000Z;5.052;5.057;5500;15000
2026-06-08T13:36:26.0000000Z;5.052;5.056;5500;15000
2026-06-08T13:36:43.0000000Z;5.052;5.056;5500;17000
2026-06-08T13:38:19.0000000Z;5.052;5.056;7500;15000
2026-06-08T13:38:25.0000000Z;5.052;5.056;5500;15000
2026-06-08T13:38:32.0000000Z;5.052;5.056;5500;15000
2026-06-08T13:38:35.0000000Z;5.052;5.056;7500;15000
2026-06-08T13:38:46.0000000Z;5.052;5.056;5500;15000
2026-06-08T13:39:48.0000000Z;5.052;5.056;5500;17000
2026-06-08T13:41:58.0000000Z;5.052;5.056;5500;15000
2026-06-08T13:42:32.0000000Z;5.052;5.056;5500;6000
2026-06-08T13:42:40.0000000Z;5.052;5.057;5500;7500
2026-06-08T13:42:41.0000000Z;5.052;5.058;5500;7500
2026-06-08T13:43:00.0000000Z;5.052;5.059;5500;7500
2026-06-08T13:43:03.0000000Z;5.054;5.059;5500;7500
2026-06-08T13:43:14.0000000Z;5.054;5.059;5500;14000
2026-06-08T13:43:18.0000000Z;5.054;5.059;5500;7000
2026-06-08T13:43:21.0000000Z;5.054;5.059;5500;6000
2026-06-08T13:44:11.0000000Z;5.054;5.059;5500;8000
2026-06-08T13:44:18.0000000Z;5.054;5.059;5500;6000
2026-06-08T13:44:33.0000000Z;5.054;5.059;5500;6000
2026-06-08T13:45:34.0000000Z;5.054;5.059;5500;7500
2026-06-08T13:45:36.0000000Z;5.054;5.059;7500;7500
2026-06-08T13:46:00.0000000Z;5.054;5.059;7500;6000
2026-06-08T13:46:01.0000000Z;5.054;5.059;5500;6000
2026-06-08T13:46:02.0000000Z;5.054;5.059;7500;6000
2026-06-08T13:46:03.0000000Z;5.054;5.059;7500;6000
2026-06-08T13:46:04.0000000Z;5.054;5.06;5500;7000
2026-06-08T13:46:05.0000000Z;5.054;5.06;5500;11000
2026-06-08T13:46:06.0000000Z;5.054;5.061;5500;11000
2026-06-08T13:47:02.0000000Z;5.054;5.061;5500;6000
2026-06-08T13:47:24.0000000Z;5.056;5.061;5500;6000
2026-06-08T13:47:25.0000000Z;5.057;5.061;5500;6000
2026-06-08T13:47:29.0000000Z;5.057;5.061;5500;6000
2026-06-08T13:47:41.0000000Z;5.061;5.063;9000;6000
2026-06-08T13:47:42.0000000Z;5.058;5.062;5500;7500
2026-06-08T13:47:51.0000000Z;5.058;5.061;5500;7500
2026-06-08T13:47:52.0000000Z;5.058;5.061;5500;6000
2026-06-08T13:48:09.0000000Z;5.056;5.06;5500;6000
2026-06-08T13:48:10.0000000Z;5.055;5.059;5500;6000
2026-06-08T13:48:13.0000000Z;5.054;5.059;5500;6000
2026-06-08T13:48:29.0000000Z;5.054;5.06;5500;6000
2026-06-08T13:48:30.0000000Z;5.054;5.06;5500;7500
2026-06-08T13:48:39.0000000Z;5.054;5.058;5500;6000
2026-06-08T13:48:40.0000000Z;5.054;5.057;5500;6000
2026-06-08T13:48:57.0000000Z;5.054;5.058;5500;6000
2026-06-08T13:48:58.0000000Z;5.057;5.059;9000;9000
2026-06-08T13:48:59.0000000Z;5.057;5.06;9000;9000
2026-06-08T13:49:01.0000000Z;5.056;5.06;9000;9000
2026-06-08T13:49:02.0000000Z;5.055;5.06;9000;7000
2026-06-08T13:49:03.0000000Z;5.054;5.06;9000;7000
2026-06-08T13:49:08.0000000Z;5.054;5.057;9000;6000
2026-06-08T13:49:10.0000000Z;5.054;5.057;5500;6000
2026-06-08T13:49:15.0000000Z;5.054;5.058;5500;7000
2026-06-08T13:49:16.0000000Z;5.054;5.059;9000;7000
2026-06-08T13:49:17.0000000Z;5.054;5.06;9000;7000
2026-06-08T13:49:19.0000000Z;5.055;5.06;9000;7000
2026-06-08T13:49:41.0000000Z;5.055;5.06;5500;7000
2026-06-08T13:49:42.0000000Z;5.055;5.06;9000;7000
2026-06-08T13:49:46.0000000Z;5.056;5.06;5500;7000
2026-06-08T13:49:48.0000000Z;5.056;5.06;5500;7500
2026-06-08T13:50:50.0000000Z;5.056;5.059;5500;7500
2026-06-08T13:50:52.0000000Z;5.056;5.058;5500;7500
2026-06-08T13:50:53.0000000Z;5.056;5.058;9000;7500
2026-06-08T13:50:58.0000000Z;5.056;5.058;5500;7500
2026-06-08T13:51:35.0000000Z;5.056;5.059;5500;7500
2026-06-08T13:51:38.0000000Z;5.056;5.06;5500;7500
2026-06-08T13:52:38.0000000Z;5.056;5.061;5500;7500
2026-06-08T13:52:39.0000000Z;5.056;5.061;5500;9000
2026-06-08T13:52:44.0000000Z;5.056;5.062;5500;9000
2026-06-08T13:52:51.0000000Z;5.056;5.062;5500;7500
2026-06-08T13:52:52.0000000Z;5.057;5.062;5500;7500
2026-06-08T13:53:30.0000000Z;5.057;5.063;5500;7500
2026-06-08T13:53:31.0000000Z;5.057;5.063;5500;9000
2026-06-08T13:53:32.0000000Z;5.057;5.064;5500;9000
2026-06-08T13:54:01.0000000Z;5.057;5.064;5500;7500
2026-06-08T13:54:05.0000000Z;5.057;5.064;9000;7500
2026-06-08T13:54:25.0000000Z;5.057;5.064;9000;7500
2026-06-08T13:55:31.0000000Z;5.056;5.064;9000;9000
2026-06-08T13:55:50.0000000Z;5.057;5.067;9000;11000
2026-06-08T13:55:51.0000000Z;5.057;5.065;9000;9000
2026-06-08T13:55:52.0000000Z;5.057;5.067;9000;11000
2026-06-08T13:55:53.0000000Z;5.057;5.061;5500;7500
2026-06-08T13:56:17.0000000Z;5.057;5.061;5500;9000
2026-06-08T13:56:18.0000000Z;5.057;5.06;9000;9000
2026-06-08T13:56:19.0000000Z;5.057;5.059;9000;7500
2026-06-08T13:56:29.0000000Z;5.057;5.059;5500;7500
2026-06-08T13:56:46.0000000Z;5.057;5.06;5500;7500
2026-06-08T13:56:47.0000000Z;5.057;5.06;5500;9000
2026-06-08T13:56:50.0000000Z;5.057;5.061;5500;9000
2026-06-08T13:56:51.0000000Z;5.057;5.061;5500;7500
2026-06-08T13:57:17.0000000Z;5.057;5.061;5500;9000
2026-06-08T13:57:19.0000000Z;5.057;5.06;5500;9000
2026-06-08T13:57:20.0000000Z;5.057;5.059;5500;7500
2026-06-08T13:57:36.0000000Z;5.056;5.057;9000;7500
2026-06-08T13:57:37.0000000Z;5.055;5.057;9000;7500
2026-06-08T13:57:39.0000000Z;5.054;5.056;9000;7000
2026-06-08T13:57:46.0000000Z;5.054;5.056;5500;7000
2026-06-08T13:58:19.0000000Z;5.054;5.056;5500;6500
2026-06-08T13:58:22.0000000Z;5.054;5.056;5500;7500
2026-06-08T13:58:25.0000000Z;5.053;5.055;5500;7500
2026-06-08T13:58:26.0000000Z;5.052;5.055;9000;9000
2026-06-08T13:58:27.0000000Z;5.052;5.054;9000;9000
2026-06-08T13:58:28.0000000Z;5.051;5.054;9000;9000
2026-06-08T13:59:11.0000000Z;5.052;5.054;5500;6500
2026-06-08T14:00:05.0000000Z;5.052;5.054;5500;7500
2026-06-08T14:00:07.0000000Z;5.052;5.054;5500;7500
2026-06-08T14:00:18.0000000Z;5.052;5.054;5500;6500
2026-06-08T14:00:51.0000000Z;5.052;5.054;5500;7500
2026-06-08T14:01:04.0000000Z;5.052;5.06;9000;6500
2026-06-08T14:01:05.0000000Z;5.051;5.055;5500;6500
2026-06-08T14:01:07.0000000Z;5.051;5.056;5500;7500
2026-06-08T14:01:24.0000000Z;5.051;5.056;9000;7500
2026-06-08T14:01:44.0000000Z;5.051;5.056;5500;7500
2026-06-08T14:01:53.0000000Z;5.051;5.057;5500;7500
2026-06-08T14:01:54.0000000Z;5.051;5.057;9000;7500
2026-06-08T14:01:55.0000000Z;5.051;5.058;9000;7500
2026-06-08T14:01:57.0000000Z;5.051;5.058;5500;7500
2026-06-08T14:02:12.0000000Z;5.051;5.058;9000;7500
2026-06-08T14:02:23.0000000Z;5.051;5.058;5500;7500
2026-06-08T14:03:08.0000000Z;5.051;5.057;5500;7500
2026-06-08T14:03:09.0000000Z;5.051;5.056;5500;7500
2026-06-08T14:03:19.0000000Z;5.051;5.057;5500;7500
2026-06-08T14:03:22.0000000Z;5.051;5.058;5500;7500
2026-06-08T14:04:09.0000000Z;5.051;5.057;5500;7500
2026-06-08T14:04:10.0000000Z;5.051;5.056;5500;7500
2026-06-08T14:05:02.0000000Z;5.051;5.055;5500;7500
2026-06-08T14:05:03.0000000Z;5.051;5.054;5500;5500
2026-06-08T14:05:42.0000000Z;5.051;5.054;5500;5500
2026-06-08T14:06:09.0000000Z;5.051;5.055;5500;7500
2026-06-08T14:06:11.0000000Z;5.051;5.056;5500;7500
2026-06-08T14:06:26.0000000Z;5.051;5.057;5500;7500
2026-06-08T14:06:27.0000000Z;5.051;5.059;5500;7500
2026-06-08T14:06:28.0000000Z;5.051;5.059;9000;7500
2026-06-08T14:06:29.0000000Z;5.052;5.059;9000;7500
2026-06-08T14:06:32.0000000Z;5.053;5.059;9000;7500
2026-06-08T14:06:33.0000000Z;5.053;5.059;5500;7500
2026-06-08T14:06:34.0000000Z;5.055;5.059;5500;7500
2026-06-08T14:06:41.0000000Z;5.055;5.059;5500;7500
2026-06-08T14:07:33.0000000Z;5.056;5.059;2750;5500
2026-06-08T14:07:34.0000000Z;5.055;5.059;5500;7500
2026-06-08T14:08:04.0000000Z;5.055;5.06;5500;7500
2026-06-08T14:08:07.0000000Z;5.055;5.061;5500;7500
2026-06-08T14:08:21.0000000Z;5.055;5.062;5500;7500
2026-06-08T14:08:23.0000000Z;5.055;5.059;5500;7500
2026-06-08T14:08:24.0000000Z;5.055;5.058;5500;7500
2026-06-08T14:08:57.0000000Z;5.057;5.058;9000;9000
2026-06-08T14:09:07.0000000Z;5.057;5.06;9000;9000
2026-06-08T14:09:08.0000000Z;5.057;5.06;9000;9000
2026-06-08T14:10:15.0000000Z;5.057;5.061;9000;9000
2026-06-08T14:11:18.0000000Z;5.057;5.062;9000;9000
2026-06-08T14:11:20.0000000Z;5.057;5.059;9000;9000
2026-06-08T14:11:56.0000000Z;5.057;5.06;9000;9000
2026-06-08T14:11:59.0000000Z;5.057;5.061;9000;9000
2026-06-08T14:12:07.0000000Z;5.058;5.061;5500;7000
2026-06-08T14:12:08.0000000Z;5.057;5.06;5500;7000
2026-06-08T14:12:09.0000000Z;5.057;5.058;9000;9000
2026-06-08T14:13:11.0000000Z;5.053;5.057;13000;9000
2026-06-08T14:13:12.0000000Z;5.052;5.056;5500;7000
2026-06-08T14:13:15.0000000Z;5.051;5.056;5500;7000
2026-06-08T14:13:17.0000000Z;5.051;5.056;9000;7000
2026-06-08T14:13:40.0000000Z;5.054;5.056;9000;9000
2026-06-08T14:14:18.0000000Z;5.054;5.057;9000;9000
2026-06-08T14:14:21.0000000Z;5.054;5.058;9000;9000
2026-06-08T14:14:34.0000000Z;5.054;5.057;9000;9000
2026-06-08T14:14:35.0000000Z;5.054;5.056;9000;9000
2026-06-08T14:14:44.0000000Z;5.053;5.056;5500;7000
2026-06-08T14:14:45.0000000Z;5.052;5.056;9000;7000
2026-06-08T14:15:37.0000000Z;5.051;5.054;9000;7000
2026-06-08T14:15:42.0000000Z;5.051;5.054;5500;7000
2026-06-08T14:16:12.0000000Z;5.051;5.054;5500;7000
2026-06-08T14:16:27.0000000Z;5.052;5.054;9000;7000
2026-06-08T14:16:28.0000000Z;5.051;5.054;5500;7000
2026-06-08T14:16:29.0000000Z;5.052;5.054;9000;7000
2026-06-08T14:16:30.0000000Z;5.051;5.054;5500;7000
2026-06-08T14:16:31.0000000Z;5.052;5.054;9000;7000
2026-06-08T14:16:32.0000000Z;5.051;5.054;5500;7000
2026-06-08T14:16:33.0000000Z;5.052;5.054;9000;7000
2026-06-08T14:16:34.0000000Z;5.051;5.054;5500;7000
2026-06-08T14:16:35.0000000Z;5.052;5.054;9000;7000
2026-06-08T14:16:36.0000000Z;5.051;5.054;5500;7000
2026-06-08T14:16:37.0000000Z;5.052;5.054;9000;7000
2026-06-08T14:16:39.0000000Z;5.052;5.054;9000;7000
2026-06-08T14:16:40.0000000Z;5.051;5.054;5500;7000
2026-06-08T14:16:41.0000000Z;5.052;5.054;9000;7000
2026-06-08T14:16:42.0000000Z;5.051;5.054;5500;7000
2026-06-08T14:16:44.0000000Z;5.052;5.054;9000;7000
2026-06-08T14:16:45.0000000Z;5.052;5.054;9000;7000
2026-06-08T14:16:46.0000000Z;5.051;5.054;5500;7000
2026-06-08T14:16:47.0000000Z;5.052;5.054;9000;7000
2026-06-08T14:16:48.0000000Z;5.051;5.054;5500;7000
2026-06-08T14:16:49.0000000Z;5.052;5.054;9000;7000
2026-06-08T14:16:51.0000000Z;5.052;5.054;9000;7000
2026-06-08T14:16:52.0000000Z;5.051;5.054;5500;7000
2026-06-08T14:16:53.0000000Z;5.052;5.054;9000;7000
2026-06-08T14:16:54.0000000Z;5.051;5.054;5500;7000
2026-06-08T14:16:55.0000000Z;5.052;5.054;9000;7000
2026-06-08T14:16:56.0000000Z;5.051;5.054;5500;7000
2026-06-08T14:16:57.0000000Z;5.052;5.054;9000;7000
2026-06-08T14:16:58.0000000Z;5.051;5.054;5500;7000
2026-06-08T14:16:59.0000000Z;5.052;5.054;9000;7000
2026-06-08T14:17:00.0000000Z;5.051;5.054;5500;7000
2026-06-08T14:17:01.0000000Z;5.052;5.054;9000;7000
2026-06-08T14:17:02.0000000Z;5.051;5.054;5500;7000
2026-06-08T14:17:03.0000000Z;5.052;5.054;9000;7000
2026-06-08T14:17:05.0000000Z;5.052;5.054;9000;7000
2026-06-08T14:17:06.0000000Z;5.051;5.054;5500;7000
2026-06-08T14:17:07.0000000Z;5.052;5.054;9000;7000
2026-06-08T14:17:08.0000000Z;5.051;5.054;5500;7000
2026-06-08T14:17:09.0000000Z;5.052;5.054;9000;7000
2026-06-08T14:17:10.0000000Z;5.051;5.054;5500;7000
2026-06-08T14:17:11.0000000Z;5.052;5.054;9000;7000
2026-06-08T14:17:12.0000000Z;5.051;5.054;5500;7000
2026-06-08T14:17:13.0000000Z;5.052;5.054;9000;7000
2026-06-08T14:17:14.0000000Z;5.051;5.054;5500;7000
2026-06-08T14:17:16.0000000Z;5.051;5.054;5500;7000
2026-06-08T14:17:18.0000000Z;5.051;5.054;5500;7000
2026-06-08T14:17:19.0000000Z;5.052;5.054;9000;7000
2026-06-08T14:17:20.0000000Z;5.051;5.054;5500;7000
2026-06-08T14:17:21.0000000Z;5.052;5.054;9000;7000
2026-06-08T14:17:22.0000000Z;5.051;5.054;5500;7000
2026-06-08T14:17:23.0000000Z;5.052;5.054;9000;7000
2026-06-08T14:17:24.0000000Z;5.051;5.054;5500;7000
2026-06-08T14:17:25.0000000Z;5.052;5.054;9000;7000
2026-06-08T14:17:26.0000000Z;5.051;5.054;5500;7000
2026-06-08T14:17:27.0000000Z;5.052;5.054;9000;7000
2026-06-08T14:17:28.0000000Z;5.051;5.054;5500;7000
2026-06-08T14:17:29.0000000Z;5.052;5.054;9000;7000
2026-06-08T14:17:30.0000000Z;5.051;5.054;5500;7000
2026-06-08T14:17:31.0000000Z;5.052;5.054;9000;7000
2026-06-08T14:17:32.0000000Z;5.051;5.054;5500;7000
2026-06-08T14:17:33.0000000Z;5.052;5.054;9000;7000
2026-06-08T14:17:34.0000000Z;5.051;5.054;5500;7000
2026-06-08T14:17:35.0000000Z;5.052;5.054;9000;7000
2026-06-08T14:17:36.0000000Z;5.051;5.054;5500;7000
2026-06-08T14:17:37.0000000Z;5.052;5.054;9000;7000
2026-06-08T14:17:38.0000000Z;5.051;5.054;5500;7000
2026-06-08T14:17:39.0000000Z;5.052;5.054;9000;7000
2026-06-08T14:17:41.0000000Z;5.051;5.054;5500;7000
2026-06-08T14:18:08.0000000Z;5.051;5.055;5500;7000
2026-06-08T14:18:11.0000000Z;5.051;5.056;5500;7000
2026-06-08T14:18:13.0000000Z;5.052;5.056;9000;7000
2026-06-08T14:18:14.0000000Z;5.051;5.056;5500;7000
2026-06-08T14:18:15.0000000Z;5.052;5.056;9000;7000
2026-06-08T14:18:16.0000000Z;5.051;5.056;5500;7000
2026-06-08T14:18:17.0000000Z;5.052;5.056;9000;7000
2026-06-08T14:18:18.0000000Z;5.051;5.056;5500;7000
2026-06-08T14:18:19.0000000Z;5.052;5.056;9000;7000
2026-06-08T14:18:20.0000000Z;5.051;5.056;5500;7000
2026-06-08T14:18:21.0000000Z;5.052;5.056;9000;7000
2026-06-08T14:18:22.0000000Z;5.051;5.056;5500;7000
2026-06-08T14:18:23.0000000Z;5.052;5.056;9000;7000
2026-06-08T14:18:24.0000000Z;5.051;5.056;5500;7000
2026-06-08T14:18:25.0000000Z;5.052;5.056;9000;7000
2026-06-08T14:18:26.0000000Z;5.051;5.056;5500;7500
2026-06-08T14:18:28.0000000Z;5.051;5.056;5500;7500
2026-06-08T14:18:29.0000000Z;5.052;5.056;9000;7500
2026-06-08T14:18:30.0000000Z;5.051;5.056;5500;7500
2026-06-08T14:18:31.0000000Z;5.052;5.056;9000;7500
2026-06-08T14:18:32.0000000Z;5.051;5.056;9000;7500
2026-06-08T14:18:37.0000000Z;5.051;5.056;9000;7500
2026-06-08T14:18:42.0000000Z;5.051;5.056;9000;7500
2026-06-08T14:18:51.0000000Z;5.051;5.056;9000;7500
2026-06-08T14:18:52.0000000Z;5.052;5.056;9000;7500
2026-06-08T14:18:53.0000000Z;5.051;5.056;9000;7500
2026-06-08T14:18:54.0000000Z;5.052;5.056;9000;7500
2026-06-08T14:18:55.0000000Z;5.051;5.056;9000;7500
2026-06-08T14:18:56.0000000Z;5.052;5.056;9000;7500
2026-06-08T14:18:57.0000000Z;5.051;5.056;9000;7500
2026-06-08T14:18:58.0000000Z;5.052;5.056;9000;7500
2026-06-08T14:18:59.0000000Z;5.051;5.056;9000;7500
2026-06-08T14:19:00.0000000Z;5.052;5.056;9000;7500
2026-06-08T14:19:01.0000000Z;5.051;5.056;9000;7500
2026-06-08T14:19:02.0000000Z;5.052;5.056;9000;7500
2026-06-08T14:19:03.0000000Z;5.051;5.056;9000;7500
2026-06-08T14:19:04.0000000Z;5.052;5.056;9000;7500
2026-06-08T14:19:05.0000000Z;5.051;5.056;9000;7500
2026-06-08T14:19:06.0000000Z;5.052;5.056;9000;7500
2026-06-08T14:19:07.0000000Z;5.051;5.056;9000;7500
2026-06-08T14:19:08.0000000Z;5.052;5.056;9000;7500
2026-06-08T14:19:09.0000000Z;5.051;5.056;9000;7500
2026-06-08T14:19:10.0000000Z;5.052;5.056;9000;7500
2026-06-08T14:19:13.0000000Z;5.053;5.056;5500;7500
2026-06-08T14:19:31.0000000Z;5.052;5.055;5500;7500
2026-06-08T14:19:32.0000000Z;5.052;5.054;5500;7500
2026-06-08T14:19:33.0000000Z;5.051;5.054;5500;7500
2026-06-08T14:20:07.0000000Z;5.052;5.056;9000;7500
2026-06-08T14:20:10.0000000Z;5.052;5.057;9000;7500
2026-06-08T14:20:42.0000000Z;5.052;5.057;9000;7500
2026-06-08T14:22:48.0000000Z;5.051;5.057;5500;9000
2026-06-08T14:22:49.0000000Z;5.051;5.056;5500;9000
2026-06-08T14:22:50.0000000Z;5.051;5.054;5500;7500
2026-06-08T14:23:20.0000000Z;5.052;5.054;9000;7500
2026-06-08T14:23:21.0000000Z;5.051;5.054;5500;7500
2026-06-08T14:23:22.0000000Z;5.052;5.054;9000;7500
2026-06-08T14:23:23.0000000Z;5.051;5.054;5500;7500
2026-06-08T14:23:24.0000000Z;5.052;5.054;9000;7500
2026-06-08T14:23:25.0000000Z;5.052;5.056;9000;9000
2026-06-08T14:23:26.0000000Z;5.051;5.056;5500;9000
2026-06-08T14:23:27.0000000Z;5.051;5.057;5500;9000
2026-06-08T14:23:28.0000000Z;5.052;5.057;9000;9000
2026-06-08T14:23:29.0000000Z;5.052;5.057;9000;7500
2026-06-08T14:24:12.0000000Z;5.053;5.057;9000;7500
2026-06-08T14:24:13.0000000Z;5.055;5.057;9000;9000
2026-06-08T14:24:45.0000000Z;5.055;5.058;9000;9000
2026-06-08T14:24:49.0000000Z;5.055;5.059;9000;9000
2026-06-08T14:26:15.0000000Z;5.055;5.06;9000;9000
2026-06-08T14:26:17.0000000Z;5.055;5.061;9000;9000
2026-06-08T14:26:19.0000000Z;5.056;5.061;5500;7500
2026-06-08T14:27:06.0000000Z;5.056;5.061;5500;9000
2026-06-08T14:27:20.0000000Z;5.056;5.061;5500;7500
2026-06-08T14:28:09.0000000Z;5.056;5.06;5500;7500
2026-06-08T14:28:11.0000000Z;5.056;5.059;5500;7500
2026-06-08T14:35:22.0000000Z;5.055;5.059;5500;7500
2026-06-08T14:35:23.0000000Z;5.055;5.057;5500;5500
2026-06-08T14:35:33.0000000Z;5.055;5.057;5500;5500
2026-06-08T14:35:57.0000000Z;5.055;5.057;5500;5500
2026-06-08T14:36:00.0000000Z;5.055;5.057;7000;5500
2026-06-08T14:36:26.0000000Z;5.055;5.058;7000;5500
2026-06-08T14:36:27.0000000Z;5.055;5.063;5500;6500
2026-06-08T14:36:28.0000000Z;5.055;5.066;5500;6500
2026-06-08T14:36:34.0000000Z;5.055;5.067;9000;9000
2026-06-08T14:36:35.0000000Z;5.056;5.067;9000;9000
2026-06-08T14:36:58.0000000Z;5.056;5.067;9000;11000
2026-06-08T14:37:04.0000000Z;5.056;5.067;9000;9000
2026-06-08T14:37:09.0000000Z;5.056;5.068;9000;9000
2026-06-08T14:37:10.0000000Z;5.056;5.067;9000;10000
2026-06-08T14:39:15.0000000Z;5.056;5.067;9000;9000
2026-06-08T14:39:17.0000000Z;5.056;5.063;5500;7500
2026-06-08T14:39:18.0000000Z;5.055;5.063;5500;7500
2026-06-08T14:39:46.0000000Z;5.055;5.064;5500;7500
2026-06-08T14:39:48.0000000Z;5.056;5.065;9000;9000
2026-06-08T14:39:49.0000000Z;5.056;5.067;9000;9000
2026-06-08T14:39:50.0000000Z;5.056;5.067;9000;11000
2026-06-08T14:39:55.0000000Z;5.056;5.067;9000;9000
2026-06-08T14:39:56.0000000Z;5.055;5.066;9000;9000
2026-06-08T14:39:59.0000000Z;5.055;5.067;9000;9000
2026-06-08T14:40:00.0000000Z;5.055;5.067;13000;9000
2026-06-08T14:40:01.0000000Z;5.056;5.067;9000;9000
2026-06-08T14:40:07.0000000Z;5.056;5.066;9000;9000
2026-06-08T14:40:13.0000000Z;5.056;5.066;9000;10000
2026-06-08T14:40:14.0000000Z;5.056;5.066;9000;10000
2026-06-08T14:40:18.0000000Z;5.056;5.067;9000;11000
2026-06-08T14:40:19.0000000Z;5.056;5.068;9000;11000
2026-06-08T14:40:21.0000000Z;5.056;5.068;9000;10000
2026-06-08T14:40:25.0000000Z;5.056;5.068;13000;10000
2026-06-08T14:40:26.0000000Z;5.056;5.068;9000;10000
2026-06-08T14:41:03.0000000Z;5.056;5.068;13000;10000
2026-06-08T14:41:05.0000000Z;5.058;5.069;9000;13000
2026-06-08T14:41:15.0000000Z;5.057;5.068;9000;9000
2026-06-08T14:41:17.0000000Z;5.057;5.069;9000;10000
2026-06-08T14:41:18.0000000Z;5.058;5.069;9000;11000
2026-06-08T14:41:20.0000000Z;5.058;5.07;9000;11000
2026-06-08T14:42:06.0000000Z;5.059;5.07;9000;11000
2026-06-08T14:42:07.0000000Z;5.058;5.07;9000;11000
2026-06-08T14:42:19.0000000Z;5.057;5.069;13000;11000
2026-06-08T14:42:20.0000000Z;5.057;5.069;9000;12000
2026-06-08T14:42:31.0000000Z;5.058;5.069;9000;11000
2026-06-08T14:42:59.0000000Z;5.058;5.069;9000;11000
2026-06-08T14:43:15.0000000Z;5.058;5.067;9000;9000
2026-06-08T14:43:20.0000000Z;5.059;5.067;5500;6500
2026-06-08T14:44:17.0000000Z;5.059;5.067;5500;10000
2026-06-08T14:44:18.0000000Z;5.06;5.068;5500;12000
2026-06-08T14:44:19.0000000Z;5.06;5.069;5500;12000
2026-06-08T14:44:34.0000000Z;5.06;5.069;5500;13000
2026-06-08T14:44:35.0000000Z;5.06;5.069;5500;12000
2026-06-08T14:44:40.0000000Z;5.06;5.07;5500;11000
2026-06-08T14:44:41.0000000Z;5.06;5.072;5500;11000
2026-06-08T14:44:50.0000000Z;5.06;5.07;5500;6500
2026-06-08T14:44:51.0000000Z;5.06;5.069;5500;6500
2026-06-08T14:45:06.0000000Z;5.061;5.069;5500;6500
2026-06-08T14:45:14.0000000Z;5.061;5.071;5500;11000
2026-06-08T14:45:15.0000000Z;5.061;5.072;5500;11000
2026-06-08T14:45:20.0000000Z;5.061;5.07;9000;6500
2026-06-08T14:45:21.0000000Z;5.061;5.069;9000;6500
2026-06-08T14:45:26.0000000Z;5.061;5.064;9000;7500
2026-06-08T14:45:27.0000000Z;5.06;5.064;5500;7500
2026-06-08T14:46:16.0000000Z;5.061;5.064;9000;7500
2026-06-08T14:46:17.0000000Z;5.061;5.065;9000;7500
2026-06-08T14:46:20.0000000Z;5.061;5.066;9000;7500
2026-06-08T14:47:35.0000000Z;5.061;5.067;9000;7500
2026-06-08T14:47:37.0000000Z;5.061;5.068;9000;7500
2026-06-08T14:47:51.0000000Z;5.061;5.068;5500;7500
2026-06-08T14:47:52.0000000Z;5.061;5.068;5500;7500
2026-06-08T14:47:55.0000000Z;5.061;5.068;9000;7500
2026-06-08T14:47:56.0000000Z;5.06;5.068;5500;7500
2026-06-08T14:48:07.0000000Z;5.061;5.068;9000;7500
2026-06-08T14:49:08.0000000Z;5.061;5.068;5500;7500
2026-06-08T14:49:59.0000000Z;5.061;5.066;5500;7500
2026-06-08T14:51:14.0000000Z;5.062;5.066;2750;5500
2026-06-08T14:51:15.0000000Z;5.061;5.066;5500;7500
2026-06-08T14:51:17.0000000Z;5.061;5.066;5500;9000
2026-06-08T14:51:28.0000000Z;5.061;5.066;5500;7500
2026-06-08T14:52:12.0000000Z;5.061;5.066;9000;7500
2026-06-08T14:52:21.0000000Z;5.061;5.066;5500;7500
2026-06-08T14:52:22.0000000Z;5.061;5.066;9000;7500
2026-06-08T14:52:31.0000000Z;5.06;5.066;9000;7500
2026-06-08T14:52:32.0000000Z;5.061;5.066;9000;7500
2026-06-08T14:53:43.0000000Z;5.061;5.066;5500;7500
2026-06-08T14:55:20.0000000Z;5.062;5.066;2750;5500
2026-06-08T14:55:21.0000000Z;5.061;5.066;5500;7500
2026-06-08T14:55:29.0000000Z;5.06;5.066;5500;7500
2026-06-08T14:55:31.0000000Z;5.059;5.066;5500;7500
