2026-06-08T07:55:42.0000000Z;11.712;11.734;1000;1000
2026-06-08T07:58:02.0000000Z;11.712;11.736;1000;1000
2026-06-08T07:58:03.0000000Z;11.712;11.74;1000;1000
2026-06-08T07:59:16.0000000Z;11.72;11.74;1000;1000
2026-06-08T08:00:04.0000000Z;11.724;11.742;1000;1000
2026-06-08T08:00:06.0000000Z;11.724;11.744;1000;1000
2026-06-08T08:00:07.0000000Z;11.724;11.746;1000;1000
2026-06-08T08:00:08.0000000Z;11.724;11.75;1000;1000
2026-06-08T08:00:22.0000000Z;11.722;11.75;1000;1000
2026-06-08T08:00:37.0000000Z;11.724;11.75;1000;1000
2026-06-08T08:00:39.0000000Z;11.722;11.742;1000;1000
2026-06-08T08:00:39.0000000Z;11.722;11.742;1000;1000
2026-06-08T08:02:38.0000000Z;11.718;11.736;1000;1000
2026-06-08T08:04:05.0000000Z;11.716;11.73;1000;1000
2026-06-08T08:04:43.0000000Z;11.718;11.732;1000;1000
2026-06-08T08:04:47.0000000Z;11.718;11.734;1000;1000
2026-06-08T08:04:50.0000000Z;11.718;11.736;1000;1000
2026-06-08T08:05:15.0000000Z;11.712;11.736;1000;1000
2026-06-08T08:05:15.0000000Z;11.712;11.736;1000;1000
2026-06-08T08:05:15.0000000Z;11.712;11.736;1000;1000
2026-06-08T08:05:15.0000000Z;11.712;11.736;1000;1000
2026-06-08T08:19:45.0000000Z;11.712;11.738;1000;1000
2026-06-08T08:19:46.0000000Z;11.712;11.742;1000;1000
2026-06-08T08:20:22.0000000Z;11.712;11.736;1000;1000
2026-06-08T08:20:22.0000000Z;11.712;11.736;1000;1000
2026-06-08T08:23:00.0000000Z;11.712;11.73;1000;1000
2026-06-08T08:23:00.0000000Z;11.712;11.73;1000;1000
2026-06-08T08:23:00.0000000Z;11.712;11.73;1000;1000
2026-06-08T08:32:13.0000000Z;11.712;11.732;1000;1000
2026-06-08T08:32:16.0000000Z;11.712;11.736;1000;1000
2026-06-08T08:33:13.0000000Z;11.702;11.736;1000;1000
2026-06-08T08:33:16.0000000Z;11.688;11.736;1000;1000
2026-06-08T08:33:19.0000000Z;11.686;11.736;1000;1000
2026-06-08T08:33:23.0000000Z;11.684;11.736;1000;1000
2026-06-08T08:36:09.0000000Z;11.684;11.73;1000;1000
2026-06-08T08:37:15.0000000Z;11.682;11.73;1000;1000
2026-06-08T08:37:17.0000000Z;11.678;11.73;1000;1000
2026-06-08T08:37:17.0000000Z;11.678;11.73;1000;1000
2026-06-08T08:45:41.0000000Z;11.678;11.724;1000;1000
2026-06-08T08:45:42.0000000Z;11.676;11.724;1000;1000
2026-06-08T08:45:46.0000000Z;11.672;11.724;1000;1000
2026-06-08T08:45:46.0000000Z;11.672;11.724;1000;1000
2026-06-08T08:49:03.0000000Z;11.678;11.726;1000;1000
2026-06-08T08:49:05.0000000Z;11.678;11.73;1000;1000
2026-06-08T08:49:05.0000000Z;11.678;11.73;1000;1000
2026-06-08T08:49:05.0000000Z;11.678;11.73;1000;1000
2026-06-08T08:57:40.0000000Z;11.684;11.732;1000;1000
2026-06-08T08:57:42.0000000Z;11.684;11.734;1000;1000
2026-06-08T08:57:43.0000000Z;11.684;11.736;1000;1000
2026-06-08T08:57:43.0000000Z;11.684;11.736;1000;1000
2026-06-08T09:01:56.0000000Z;11.69;11.736;1000;1000
2026-06-08T09:01:57.0000000Z;11.69;11.738;1000;1000
2026-06-08T09:01:59.0000000Z;11.69;11.742;1000;1000
2026-06-08T09:01:59.0000000Z;11.69;11.742;1000;1000
2026-06-08T09:06:19.0000000Z;11.69;11.736;1000;1000
2026-06-08T09:06:21.0000000Z;11.688;11.736;1000;1000
2026-06-08T09:06:22.0000000Z;11.684;11.736;1000;1000
2026-06-08T09:06:22.0000000Z;11.684;11.736;1000;1000
2026-06-08T09:06:22.0000000Z;11.684;11.736;1000;1000
2026-06-08T09:16:20.0000000Z;11.69;11.738;1000;1000
2026-06-08T09:16:22.0000000Z;11.69;11.742;1000;1000
2026-06-08T09:20:50.0000000Z;11.696;11.744;1000;1000
2026-06-08T09:20:53.0000000Z;11.696;11.746;1000;1000
2026-06-08T09:21:03.0000000Z;11.696;11.75;1000;1000
2026-06-08T09:22:45.0000000Z;11.702;11.75;1000;1000
2026-06-08T09:22:45.0000000Z;11.702;11.75;1000;1000
2026-06-08T09:28:33.0000000Z;11.698;11.75;1000;1000
2026-06-08T09:28:36.0000000Z;11.696;11.75;1000;1000
2026-06-08T09:29:58.0000000Z;11.716;11.75;1000;1000
2026-06-08T09:29:58.0000000Z;11.716;11.75;1000;1000
2026-06-08T09:34:39.0000000Z;11.712;11.742;1000;1000
2026-06-08T09:35:56.0000000Z;11.71;11.742;1000;1000
2026-06-08T09:35:56.0000000Z;11.71;11.742;1000;1000
2026-06-08T09:36:41.0000000Z;11.718;11.742;1000;1000
2026-06-08T09:36:42.0000000Z;11.722;11.782;855;855
2026-06-08T09:36:43.0000000Z;11.722;11.742;1000;1000
2026-06-08T09:36:44.0000000Z;11.722;11.778;856;856
2026-06-08T09:36:45.0000000Z;11.726;11.78;855;855
2026-06-08T09:36:46.0000000Z;11.726;11.778;855;855
2026-06-08T09:36:47.0000000Z;11.726;11.784;856;856
2026-06-08T09:36:48.0000000Z;11.722;11.784;856;856
2026-06-08T09:36:51.0000000Z;11.722;11.75;1000;1000
2026-06-08T09:36:53.0000000Z;11.722;11.762;1000;1000
2026-06-08T09:37:23.0000000Z;11.71;11.762;1000;1000
2026-06-08T09:37:33.0000000Z;11.708;11.762;1000;1000
2026-06-08T09:38:05.0000000Z;11.708;11.754;1000;1000
2026-06-08T09:38:06.0000000Z;11.72;11.754;1000;1000
2026-06-08T09:39:12.0000000Z;11.718;11.754;1000;1000
2026-06-08T09:39:20.0000000Z;11.72;11.754;1000;1000
2026-06-08T09:40:27.0000000Z;11.708;11.754;1000;1000
2026-06-08T09:41:06.0000000Z;11.72;11.754;1000;1000
2026-06-08T09:43:21.0000000Z;11.722;11.754;1000;1000
2026-06-08T09:43:47.0000000Z;11.722;11.756;1000;1000
2026-06-08T09:43:48.0000000Z;11.722;11.76;1000;1000
2026-06-08T09:44:08.0000000Z;11.722;11.762;1000;1000
2026-06-08T09:44:10.0000000Z;11.722;11.766;1000;1000
2026-06-08T09:45:00.0000000Z;11.722;11.766;1000;1000
2026-06-08T09:45:00.0000000Z;11.722;11.766;1000;1000
2026-06-08T09:47:46.0000000Z;11.718;11.766;1000;1000
2026-06-08T09:47:51.0000000Z;11.722;11.77;1000;1000
2026-06-08T09:47:54.0000000Z;11.722;11.772;1000;1000
2026-06-08T09:47:58.0000000Z;11.722;11.774;1000;1000
2026-06-08T09:50:31.0000000Z;11.722;11.774;87;87
2026-06-08T09:50:32.0000000Z;11.722;11.774;5;5
2026-06-08T09:50:33.0000000Z;11.722;11.774;1000;1000
2026-06-08T09:50:33.0000000Z;11.722;11.774;1000;1000
2026-06-08T09:54:25.0000000Z;11.718;11.774;1000;1000
2026-06-08T09:54:35.0000000Z;11.716;11.774;1000;1000
2026-06-08T09:55:02.0000000Z;11.716;11.766;1000;1000
2026-06-08T09:55:06.0000000Z;11.712;11.766;1000;1000
2026-06-08T09:55:06.0000000Z;11.712;11.766;1000;1000
2026-06-08T09:58:40.0000000Z;11.712;11.76;1000;1000
2026-06-08T09:58:40.0000000Z;11.712;11.76;1000;1000
2026-06-08T10:02:02.0000000Z;11.71;11.76;1000;1000
2026-06-08T10:02:07.0000000Z;11.704;11.76;1000;1000
2026-06-08T10:02:08.0000000Z;11.7;11.76;1000;1000
2026-06-08T10:02:09.0000000Z;11.702;11.76;1000;1000
2026-06-08T10:02:11.0000000Z;11.7;11.76;1000;1000
2026-06-08T10:02:13.0000000Z;11.7;11.75;1000;1000
2026-06-08T10:02:14.0000000Z;11.696;11.75;1000;1000
2026-06-08T10:03:09.0000000Z;11.696;11.752;1000;1000
2026-06-08T10:03:12.0000000Z;11.704;11.754;1000;1000
2026-06-08T10:03:14.0000000Z;11.704;11.758;1000;1000
2026-06-08T10:03:16.0000000Z;11.704;11.76;1000;1000
2026-06-08T10:03:16.0000000Z;11.704;11.76;1000;1000
2026-06-08T10:08:30.0000000Z;11.712;11.76;1000;1000
2026-06-08T10:08:30.0000000Z;11.712;11.76;1000;1000
2026-06-08T10:13:03.0000000Z;11.712;11.762;1000;1000
2026-06-08T10:13:06.0000000Z;11.712;11.764;1000;1000
2026-06-08T10:13:08.0000000Z;11.712;11.766;1000;1000
2026-06-08T10:13:12.0000000Z;11.712;11.768;1000;1000
2026-06-08T10:13:12.0000000Z;11.712;11.768;1000;1000
2026-06-08T10:16:45.0000000Z;11.712;11.766;1000;1000
2026-06-08T10:16:46.0000000Z;11.712;11.76;1000;1000
2026-06-08T10:16:49.0000000Z;11.706;11.76;1000;1000
2026-06-08T10:17:01.0000000Z;11.704;11.76;1000;1000
2026-06-08T10:19:26.0000000Z;11.704;11.752;1000;1000
2026-06-08T10:19:53.0000000Z;11.702;11.752;1000;1000
2026-06-08T10:19:54.0000000Z;11.7;11.752;1000;1000
2026-06-08T10:19:59.0000000Z;11.698;11.752;1000;1000
2026-06-08T10:20:40.0000000Z;11.698;11.746;1000;1000
2026-06-08T10:20:43.0000000Z;11.696;11.746;1000;1000
2026-06-08T10:20:43.0000000Z;11.696;11.746;1000;1000
2026-06-08T10:21:20.0000000Z;11.696;11.75;1000;1000
2026-06-08T10:21:26.0000000Z;11.696;11.752;1000;1000
2026-06-08T10:22:49.0000000Z;11.696;11.75;1000;1000
2026-06-08T10:22:49.0000000Z;11.696;11.75;1000;1000
2026-06-08T10:29:12.0000000Z;11.696;11.752;1000;1000
2026-06-08T10:29:46.0000000Z;11.702;11.752;1000;1000
2026-06-08T10:29:48.0000000Z;11.702;11.756;1000;1000
2026-06-08T10:30:02.0000000Z;11.702;11.758;1000;1000
2026-06-08T10:30:13.0000000Z;11.702;11.756;1000;1000
2026-06-08T10:30:13.0000000Z;11.702;11.756;1000;1000
2026-06-08T10:31:14.0000000Z;11.702;11.758;1000;1000
2026-06-08T10:32:19.0000000Z;11.702;11.756;1000;1000
2026-06-08T10:32:20.0000000Z;11.702;11.75;1000;1000
2026-06-08T10:34:14.0000000Z;11.704;11.752;1000;1000
2026-06-08T10:34:16.0000000Z;11.708;11.8;855;855
2026-06-08T10:34:17.0000000Z;11.708;11.798;855;855
2026-06-08T10:34:18.0000000Z;11.712;11.754;1000;1000
2026-06-08T10:34:19.0000000Z;11.716;11.772;1000;1000
2026-06-08T10:34:33.0000000Z;11.722;11.772;1000;1000
2026-06-08T10:34:34.0000000Z;11.716;11.772;1000;1000
2026-06-08T10:34:37.0000000Z;11.722;11.774;1000;1000
2026-06-08T10:34:39.0000000Z;11.722;11.778;1000;1000
2026-06-08T10:34:41.0000000Z;11.722;11.772;1000;1000
2026-06-08T10:34:53.0000000Z;11.722;11.774;1000;1000
2026-06-08T10:34:55.0000000Z;11.722;11.772;1000;1000
2026-06-08T10:35:05.0000000Z;11.72;11.772;1000;1000
2026-06-08T10:35:08.0000000Z;11.716;11.772;1000;1000
2026-06-08T10:35:09.0000000Z;11.714;11.772;1000;1000
2026-06-08T10:35:12.0000000Z;11.714;11.764;1000;1000
2026-06-08T10:35:12.0000000Z;11.714;11.764;1000;1000
2026-06-08T10:36:45.0000000Z;11.714;11.766;1000;1000
2026-06-08T10:36:50.0000000Z;11.714;11.768;1000;1000
2026-06-08T10:37:06.0000000Z;11.718;11.768;1000;1000
2026-06-08T10:37:07.0000000Z;11.72;11.768;1000;1000
2026-06-08T10:37:10.0000000Z;11.72;11.77;1000;1000
2026-06-08T10:37:34.0000000Z;11.718;11.77;1000;1000
2026-06-08T10:37:42.0000000Z;11.716;11.77;1000;1000
2026-06-08T10:38:14.0000000Z;11.716;11.764;1000;1000
2026-06-08T10:38:16.0000000Z;11.714;11.764;1000;1000
2026-06-08T10:38:45.0000000Z;11.714;11.766;1000;1000
2026-06-08T10:38:47.0000000Z;11.714;11.768;1000;1000
2026-06-08T10:38:47.0000000Z;11.714;11.768;1000;1000
2026-06-08T10:43:29.0000000Z;11.718;11.768;1000;1000
2026-06-08T10:43:30.0000000Z;11.72;11.768;1000;1000
2026-06-08T10:43:31.0000000Z;11.72;11.77;1000;1000
2026-06-08T10:44:31.0000000Z;11.72;11.764;1000;1000
2026-06-08T10:44:47.0000000Z;11.718;11.764;1000;1000
2026-06-08T10:44:49.0000000Z;11.714;11.764;1000;1000
2026-06-08T10:45:43.0000000Z;11.712;11.764;1000;1000
2026-06-08T10:45:43.0000000Z;11.712;11.764;1000;1000
2026-06-08T10:47:18.0000000Z;11.71;11.758;1000;1000
2026-06-08T10:47:20.0000000Z;11.708;11.758;1000;1000
2026-06-08T10:47:22.0000000Z;11.706;11.758;1000;1000
2026-06-08T10:47:22.0000000Z;11.706;11.758;1000;1000
2026-06-08T10:52:32.0000000Z;11.706;11.76;1000;1000
2026-06-08T10:52:38.0000000Z;11.706;11.762;1000;1000
2026-06-08T10:52:45.0000000Z;11.712;11.762;1000;1000
2026-06-08T10:52:47.0000000Z;11.712;11.766;1000;1000
2026-06-08T10:52:47.0000000Z;11.712;11.766;1000;1000
2026-06-08T11:00:51.0000000Z;11.712;11.76;1000;1000
2026-06-08T11:00:51.0000000Z;11.712;11.76;1000;1000
2026-06-08T11:01:55.0000000Z;11.708;11.76;1000;1000
2026-06-08T11:04:32.0000000Z;11.71;11.76;1000;1000
2026-06-08T11:04:33.0000000Z;11.712;11.76;1000;1000
2026-06-08T11:04:33.0000000Z;11.712;11.76;1000;1000
2026-06-08T11:09:30.0000000Z;11.71;11.762;690;690
2026-06-08T11:10:01.0000000Z;11.71;11.768;690;690
2026-06-08T11:10:38.0000000Z;11.716;11.768;690;690
2026-06-08T11:10:39.0000000Z;11.716;11.774;690;690
2026-06-08T11:10:46.0000000Z;11.704;11.788;2010;2010
2026-06-08T11:10:47.0000000Z;11.704;11.786;2010;2010
2026-06-08T11:10:48.0000000Z;11.704;11.788;2010;2010
2026-06-08T11:10:55.0000000Z;11.708;11.792;2010;2010
2026-06-08T11:10:56.0000000Z;11.71;11.794;2010;2010
2026-06-08T11:11:01.0000000Z;11.716;11.8;2010;2010
2026-06-08T11:11:02.0000000Z;11.714;11.798;2010;2010
2026-06-08T11:11:05.0000000Z;11.712;11.796;2010;2010
2026-06-08T11:11:06.0000000Z;11.71;11.794;2010;2010
2026-06-08T11:11:08.0000000Z;11.712;11.796;2010;2010
2026-06-08T11:11:09.0000000Z;11.712;11.794;2010;2010
2026-06-08T11:11:10.0000000Z;11.712;11.796;2010;2010
2026-06-08T11:11:12.0000000Z;11.714;11.798;2010;2010
2026-06-08T11:11:13.0000000Z;11.712;11.796;2010;2010
2026-06-08T11:11:14.0000000Z;11.714;11.798;2010;2010
2026-06-08T11:11:15.0000000Z;11.712;11.796;2010;2010
2026-06-08T11:11:23.0000000Z;11.714;11.796;2010;2010
2026-06-08T11:11:24.0000000Z;11.714;11.798;2010;2010
2026-06-08T11:11:29.0000000Z;11.712;11.796;2010;2010
2026-06-08T11:11:33.0000000Z;11.712;11.796;2010;2010
2026-06-08T11:11:37.0000000Z;11.714;11.798;2010;2010
2026-06-08T11:11:38.0000000Z;11.716;11.8;2010;2010
2026-06-08T11:11:39.0000000Z;11.714;11.798;2010;2010
2026-06-08T11:11:40.0000000Z;11.716;11.8;2010;2010
2026-06-08T11:11:44.0000000Z;11.716;11.798;2010;2010
2026-06-08T11:11:45.0000000Z;11.714;11.798;2010;2010
2026-06-08T11:11:46.0000000Z;11.716;11.798;2010;2010
2026-06-08T11:11:47.0000000Z;11.714;11.798;2010;2010
2026-06-08T11:11:52.0000000Z;11.716;11.798;2010;2010
2026-06-08T11:11:53.0000000Z;11.716;11.8;2010;2010
2026-06-08T11:11:54.0000000Z;11.714;11.798;2010;2010
2026-06-08T11:11:55.0000000Z;11.716;11.8;2010;2010
2026-06-08T11:11:58.0000000Z;11.714;11.798;2010;2010
2026-06-08T11:11:59.0000000Z;11.716;11.8;2010;2010
2026-06-08T11:12:01.0000000Z;11.714;11.798;2010;2010
2026-06-08T11:12:05.0000000Z;11.716;11.8;2010;2010
2026-06-08T11:12:06.0000000Z;11.716;11.798;2010;2010
2026-06-08T11:12:07.0000000Z;11.714;11.798;2010;2010
2026-06-08T11:12:13.0000000Z;11.712;11.796;2010;2010
2026-06-08T11:12:14.0000000Z;11.714;11.798;2010;2010
2026-06-08T11:12:15.0000000Z;11.714;11.798;2010;2010
2026-06-08T11:12:17.0000000Z;11.716;11.8;2010;2010
2026-06-08T11:12:22.0000000Z;11.718;11.802;2010;2010
2026-06-08T11:12:23.0000000Z;11.718;11.802;2010;2010
2026-06-08T11:12:24.0000000Z;11.716;11.8;2010;2010
2026-06-08T11:12:25.0000000Z;11.718;11.802;2010;2010
2026-06-08T11:12:27.0000000Z;11.716;11.8;2010;2010
2026-06-08T11:12:44.0000000Z;11.718;11.802;2010;2010
2026-06-08T11:12:48.0000000Z;11.716;11.8;2010;2010
2026-06-08T11:12:49.0000000Z;11.718;11.802;2010;2010
2026-06-08T11:12:50.0000000Z;11.718;11.8;2010;2010
2026-06-08T11:12:51.0000000Z;11.718;11.802;2010;2010
2026-06-08T11:12:56.0000000Z;11.716;11.8;2010;2010
2026-06-08T11:13:10.0000000Z;11.72;11.804;2010;2010
2026-06-08T11:13:11.0000000Z;11.718;11.802;2010;2010
2026-06-08T11:13:13.0000000Z;11.72;11.804;2010;2010
2026-06-08T11:13:14.0000000Z;11.738;11.794;1000;1000
2026-06-08T11:14:45.0000000Z;11.742;11.794;1000;1000
2026-06-08T11:15:03.0000000Z;11.742;11.804;1000;1000
2026-06-08T11:15:04.0000000Z;11.742;11.796;1000;1000
2026-06-08T11:15:08.0000000Z;11.75;11.796;1000;1000
2026-06-08T11:15:09.0000000Z;11.75;11.802;1000;1000
2026-06-08T11:15:11.0000000Z;11.75;11.806;1000;1000
2026-06-08T11:15:14.0000000Z;11.75;11.808;1000;1000
2026-06-08T11:15:28.0000000Z;11.75;11.806;1000;1000
2026-06-08T11:15:45.0000000Z;11.75;11.808;1000;1000
2026-06-08T11:16:03.0000000Z;11.75;11.806;1000;1000
2026-06-08T11:16:10.0000000Z;11.75;11.804;1000;1000
2026-06-08T11:16:19.0000000Z;11.742;11.804;1000;1000
2026-06-08T11:17:06.0000000Z;11.742;11.802;1000;1000
2026-06-08T11:17:07.0000000Z;11.742;11.798;1000;1000
2026-06-08T11:17:10.0000000Z;11.742;11.796;1000;1000
2026-06-08T11:17:11.0000000Z;11.742;11.798;1000;1000
2026-06-08T11:17:15.0000000Z;11.742;11.796;1000;1000
2026-06-08T11:17:17.0000000Z;11.742;11.798;1000;1000
2026-06-08T11:17:20.0000000Z;11.742;11.796;1000;1000
2026-06-08T11:17:22.0000000Z;11.742;11.798;1000;1000
2026-06-08T11:17:29.0000000Z;11.742;11.796;1000;1000
2026-06-08T11:17:31.0000000Z;11.742;11.798;1000;1000
2026-06-08T11:17:38.0000000Z;11.742;11.796;1000;1000
2026-06-08T11:18:18.0000000Z;11.742;11.798;1000;1000
2026-06-08T11:19:18.0000000Z;11.742;11.796;1000;1000
2026-06-08T11:19:27.0000000Z;11.742;11.798;1000;1000
2026-06-08T11:19:58.0000000Z;11.75;11.798;1000;1000
2026-06-08T11:20:18.0000000Z;11.75;11.802;1000;1000
2026-06-08T11:20:32.0000000Z;11.746;11.802;1000;1000
2026-06-08T11:20:32.0000000Z;11.746;11.802;1000;1000
2026-06-08T11:22:14.0000000Z;11.754;11.802;1000;1000
2026-06-08T11:22:15.0000000Z;11.754;11.806;1000;1000
2026-06-08T11:22:17.0000000Z;11.754;11.808;1000;1000
2026-06-08T11:23:48.0000000Z;11.752;11.808;1000;1000
2026-06-08T11:23:49.0000000Z;11.746;11.808;1000;1000
2026-06-08T11:25:21.0000000Z;11.746;11.804;1000;1000
2026-06-08T11:25:22.0000000Z;11.746;11.798;1000;1000
2026-06-08T11:25:49.0000000Z;11.746;11.802;1000;1000
2026-06-08T11:25:49.0000000Z;11.746;11.802;1000;1000
2026-06-08T11:27:30.0000000Z;11.75;11.802;1000;1000
2026-06-08T11:27:33.0000000Z;11.75;11.804;1000;1000
2026-06-08T11:29:41.0000000Z;11.75;11.806;1000;1000
2026-06-08T11:30:16.0000000Z;11.758;11.806;1000;1000
2026-06-08T11:30:44.0000000Z;11.758;11.808;1000;1000
2026-06-08T11:30:48.0000000Z;11.758;11.81;1000;1000
2026-06-08T11:30:48.0000000Z;11.758;11.81;1000;1000
2026-06-08T11:31:31.0000000Z;11.758;11.812;1000;1000
2026-06-08T11:35:47.0000000Z;11.758;11.816;1000;1000
2026-06-08T11:35:47.0000000Z;11.758;11.816;1000;1000
2026-06-08T11:38:02.0000000Z;11.766;11.816;1000;1000
2026-06-08T11:38:05.0000000Z;11.766;11.818;1000;1000
2026-06-08T11:38:07.0000000Z;11.766;11.816;1000;1000
2026-06-08T11:38:08.0000000Z;11.766;11.818;1000;1000
2026-06-08T11:38:08.0000000Z;11.766;11.818;1000;1000
2026-06-08T11:43:58.0000000Z;11.764;11.818;1000;1000
2026-06-08T11:43:59.0000000Z;11.758;11.818;1000;1000
2026-06-08T11:43:59.0000000Z;11.758;11.818;1000;1000
2026-06-08T11:46:51.0000000Z;11.75;11.818;1000;1000
2026-06-08T11:46:53.0000000Z;11.75;11.812;1000;1000
2026-06-08T11:46:53.0000000Z;11.75;11.812;1000;1000
2026-06-08T11:46:53.0000000Z;11.75;11.812;1000;1000
