2026-06-08T07:54:57.0000000Z;16.532;17.12;5000;4800
2026-06-08T07:57:56.0000000Z;16.53;17.126;5000;4800
2026-06-08T07:58:42.0000000Z;16.542;17.128;5000;4800
2026-06-08T07:58:42.0000000Z;16.542;17.128;5000;4800
2026-06-08T08:01:30.0000000Z;16.544;17.13;5000;4800
2026-06-08T08:01:31.0000000Z;16.542;17.128;5000;4800
2026-06-08T08:01:55.0000000Z;16.544;17.13;5000;4800
2026-06-08T08:02:01.0000000Z;16.546;17.132;5000;4800
2026-06-08T08:02:04.0000000Z;16.544;17.13;5000;4800
2026-06-08T08:02:05.0000000Z;16.544;17.13;5000;4800
2026-06-08T08:03:53.0000000Z;16.544;17.128;5000;4800
2026-06-08T08:04:04.0000000Z;16.544;17.132;5000;4800
2026-06-08T08:04:10.0000000Z;16.544;17.128;5000;4800
2026-06-08T08:04:46.0000000Z;16.542;17.128;5000;4800
2026-06-08T08:04:49.0000000Z;16.544;17.128;5000;4800
2026-06-08T08:05:16.0000000Z;16.542;17.126;5000;4800
2026-06-08T08:05:16.0000000Z;16.542;17.126;5000;4800
2026-06-08T08:08:40.0000000Z;16.542;17.12;5000;4800
2026-06-08T08:09:59.0000000Z;16.536;17.122;5000;4800
2026-06-08T08:09:59.0000000Z;16.536;17.122;5000;4800
2026-06-08T08:13:01.0000000Z;16.532;17.118;5000;4800
2026-06-08T08:13:01.0000000Z;16.532;17.118;5000;4800
2026-06-08T08:17:01.0000000Z;16.534;17.12;5000;4800
2026-06-08T08:19:47.0000000Z;16.538;17.13;5000;4800
2026-06-08T08:20:13.0000000Z;16.536;17.13;5000;4800
2026-06-08T08:21:01.0000000Z;16.538;17.13;5000;4800
2026-06-08T08:23:01.0000000Z;16.536;17.13;5000;4800
2026-06-08T08:23:08.0000000Z;16.536;17.128;5000;4800
2026-06-08T08:23:16.0000000Z;16.536;17.13;5000;4800
2026-06-08T08:25:21.0000000Z;16.546;17.13;5000;4800
2026-06-08T08:26:07.0000000Z;16.546;17.13;5000;4800
2026-06-08T08:26:56.0000000Z;16.548;17.126;5000;4800
2026-06-08T08:29:01.0000000Z;16.55;17.128;5000;4800
2026-06-08T08:30:55.0000000Z;16.542;17.128;5000;4800
2026-06-08T08:31:06.0000000Z;16.54;17.126;5000;4800
2026-06-08T08:31:22.0000000Z;16.542;17.128;5000;4800
2026-06-08T08:33:12.0000000Z;16.54;17.132;5000;4800
2026-06-08T08:33:12.0000000Z;16.54;17.132;5000;4800
2026-06-08T08:37:14.0000000Z;16.54;17.126;5000;4800
2026-06-08T08:37:14.0000000Z;16.54;17.126;5000;4800
2026-06-08T08:41:01.0000000Z;16.542;17.128;5000;4800
2026-06-08T08:45:01.0000000Z;16.538;17.124;5000;4800
2026-06-08T08:45:01.0000000Z;16.538;17.124;5000;4800
2026-06-08T08:49:16.0000000Z;16.546;17.134;5000;4800
2026-06-08T08:50:35.0000000Z;16.548;17.134;5000;4800
2026-06-08T08:50:35.0000000Z;16.548;17.134;5000;4800
2026-06-08T08:53:01.0000000Z;16.55;17.136;5000;4800
2026-06-08T08:53:40.0000000Z;16.552;17.138;5000;4800
2026-06-08T08:54:00.0000000Z;16.55;17.138;5000;4800
2026-06-08T08:54:38.0000000Z;16.55;17.136;5000;4800
2026-06-08T08:54:50.0000000Z;16.548;17.134;5000;4800
2026-06-08T08:54:59.0000000Z;16.548;17.136;5000;4800
2026-06-08T08:55:01.0000000Z;16.55;17.136;5000;4800
2026-06-08T08:55:01.0000000Z;16.55;17.136;5000;4800
2026-06-08T08:56:20.0000000Z;16.548;17.136;5000;4800
2026-06-08T08:57:01.0000000Z;16.548;17.134;5000;4800
2026-06-08T08:58:31.0000000Z;16.55;17.138;5000;4800
2026-06-08T09:00:23.0000000Z;16.552;17.138;5000;4800
2026-06-08T09:00:31.0000000Z;16.552;17.14;5000;4800
2026-06-08T09:01:01.0000000Z;16.552;17.138;5000;4800
2026-06-08T09:02:27.0000000Z;16.554;17.14;5000;4800
2026-06-08T09:03:05.0000000Z;16.552;17.14;5000;4800
2026-06-08T09:03:08.0000000Z;16.554;17.14;5000;4800
2026-06-08T09:05:01.0000000Z;16.552;17.14;5000;4800
2026-06-08T09:05:01.0000000Z;16.552;17.14;5000;4800
2026-06-08T09:07:06.0000000Z;16.552;17.138;5000;4800
2026-06-08T09:07:23.0000000Z;16.55;17.138;5000;4800
2026-06-08T09:07:43.0000000Z;16.552;17.138;5000;4800
2026-06-08T09:08:57.0000000Z;16.554;17.138;5000;4800
2026-06-08T09:09:01.0000000Z;16.552;17.136;5000;4800
2026-06-08T09:09:13.0000000Z;16.556;17.136;5000;4800
2026-06-08T09:10:14.0000000Z;16.554;17.136;5000;4800
2026-06-08T09:10:14.0000000Z;16.554;17.136;5000;4800
2026-06-08T09:11:58.0000000Z;16.558;17.136;5000;4800
2026-06-08T09:12:03.0000000Z;16.558;17.136;5000;4800
2026-06-08T09:12:03.0000000Z;16.558;17.136;5000;4800
2026-06-08T09:19:07.0000000Z;16.558;17.134;5000;4800
2026-06-08T09:19:30.0000000Z;16.558;17.136;5000;4800
2026-06-08T09:19:30.0000000Z;16.558;17.136;5000;4800
2026-06-08T09:19:30.0000000Z;16.558;17.136;5000;4800
2026-06-08T09:28:07.0000000Z;16.558;17.134;5000;4800
2026-06-08T09:28:28.0000000Z;16.562;17.132;5000;4800
2026-06-08T09:29:01.0000000Z;16.56;17.13;5000;4800
2026-06-08T09:30:02.0000000Z;16.562;17.156;5000;4800
2026-06-08T09:31:12.0000000Z;16.564;17.154;5000;4800
2026-06-08T09:31:56.0000000Z;16.566;17.154;5000;4800
2026-06-08T09:31:57.0000000Z;16.564;17.154;5000;4800
2026-06-08T09:32:10.0000000Z;16.566;17.156;5000;4800
2026-06-08T09:32:20.0000000Z;16.566;17.154;5000;4800
2026-06-08T09:33:01.0000000Z;16.564;17.154;5000;4800
2026-06-08T09:33:01.0000000Z;16.564;17.154;5000;4800
2026-06-08T09:36:33.0000000Z;16.566;17.154;5000;4800
2026-06-08T09:36:42.0000000Z;16.566;17.164;5000;4800
2026-06-08T09:36:43.0000000Z;16.566;17.158;5000;4800
2026-06-08T09:36:47.0000000Z;16.556;17.158;5000;4800
2026-06-08T09:37:06.0000000Z;16.562;17.152;5000;4800
2026-06-08T09:37:11.0000000Z;16.562;17.15;5000;4800
2026-06-08T09:37:12.0000000Z;16.562;17.146;5000;4800
2026-06-08T09:37:18.0000000Z;16.558;17.15;5000;4800
2026-06-08T09:37:32.0000000Z;16.55;17.148;5000;4800
2026-06-08T09:37:33.0000000Z;16.55;17.144;5000;4800
2026-06-08T09:38:50.0000000Z;16.55;17.14;5000;4800
2026-06-08T09:38:55.0000000Z;16.546;17.14;5000;4800
2026-06-08T09:38:58.0000000Z;16.55;17.14;5000;4800
2026-06-08T09:39:03.0000000Z;16.546;17.14;5000;4800
2026-06-08T09:39:16.0000000Z;16.546;17.144;5000;4800
2026-06-08T09:39:59.0000000Z;16.55;17.144;5000;4800
2026-06-08T09:40:18.0000000Z;16.56;17.146;5000;4800
2026-06-08T09:40:33.0000000Z;16.558;17.144;5000;4800
2026-06-08T09:40:53.0000000Z;16.562;17.146;5000;4800
2026-06-08T09:40:53.0000000Z;16.562;17.146;5000;4800
2026-06-08T09:43:35.0000000Z;16.564;17.148;5000;4800
2026-06-08T09:43:36.0000000Z;16.562;17.146;5000;4800
2026-06-08T09:44:10.0000000Z;16.564;17.146;5000;4800
2026-06-08T09:45:01.0000000Z;16.566;17.148;5000;4800
2026-06-08T09:45:51.0000000Z;16.564;17.146;5000;4800
2026-06-08T09:45:51.0000000Z;16.564;17.146;5000;4800
2026-06-08T09:47:43.0000000Z;16.562;17.146;5000;4800
2026-06-08T09:48:12.0000000Z;16.558;17.146;5000;4800
2026-06-08T09:48:13.0000000Z;16.562;17.146;5000;4800
2026-06-08T09:49:03.0000000Z;16.562;17.146;5000;4800
2026-06-08T09:49:08.0000000Z;16.564;17.146;5000;4800
2026-06-08T09:49:13.0000000Z;16.566;17.146;5000;4800
2026-06-08T09:49:19.0000000Z;16.552;17.138;5000;4800
2026-06-08T09:49:20.0000000Z;16.554;17.138;5000;4800
2026-06-08T09:49:24.0000000Z;16.558;17.138;5000;4800
2026-06-08T09:49:29.0000000Z;16.552;17.138;5000;4800
2026-06-08T09:50:10.0000000Z;16.556;17.136;5000;4800
2026-06-08T09:50:29.0000000Z;16.55;17.136;5000;4800
2026-06-08T09:50:29.0000000Z;16.55;17.136;5000;4800
2026-06-08T09:51:45.0000000Z;16.556;17.136;5000;4800
2026-06-08T09:51:50.0000000Z;16.55;17.136;5000;4800
2026-06-08T09:51:56.0000000Z;16.548;17.134;5000;4800
2026-06-08T09:52:06.0000000Z;16.554;17.134;5000;4800
2026-06-08T09:52:46.0000000Z;16.554;17.136;5000;4800
2026-06-08T09:52:51.0000000Z;16.556;17.136;5000;4800
2026-06-08T09:52:56.0000000Z;16.556;17.136;5000;4800
2026-06-08T09:53:01.0000000Z;16.554;17.134;5000;4800
2026-06-08T09:55:17.0000000Z;16.556;17.132;5000;4800
2026-06-08T09:55:28.0000000Z;16.55;17.134;5000;4800
2026-06-08T09:55:55.0000000Z;16.552;17.136;5000;4800
2026-06-08T09:55:58.0000000Z;16.552;17.132;5000;4800
2026-06-08T09:56:00.0000000Z;16.548;17.132;5000;4800
2026-06-08T09:56:19.0000000Z;16.546;17.13;5000;4800
2026-06-08T09:57:01.0000000Z;16.548;17.132;5000;4800
2026-06-08T10:00:28.0000000Z;16.552;17.132;5000;4800
2026-06-08T10:01:01.0000000Z;16.556;17.134;5000;4800
2026-06-08T10:02:02.0000000Z;16.546;17.136;5000;4800
2026-06-08T10:02:06.0000000Z;16.544;17.134;5000;4800
2026-06-08T10:02:14.0000000Z;16.544;17.128;5000;4800
2026-06-08T10:04:38.0000000Z;16.55;17.128;5000;4800
2026-06-08T10:05:23.0000000Z;16.55;17.128;5000;4800
2026-06-08T10:06:13.0000000Z;16.55;17.128;5000;4800
2026-06-08T10:06:26.0000000Z;16.544;17.128;5000;4800
2026-06-08T10:09:01.0000000Z;16.544;17.126;5000;4800
2026-06-08T10:09:59.0000000Z;16.546;17.124;5000;4800
2026-06-08T10:10:04.0000000Z;16.542;17.124;5000;4800
2026-06-08T10:10:40.0000000Z;16.546;17.124;5000;4800
2026-06-08T10:10:45.0000000Z;16.542;17.124;5000;4800
2026-06-08T10:10:45.0000000Z;16.542;17.124;5000;4800
2026-06-08T10:13:01.0000000Z;16.544;17.128;5000;4800
2026-06-08T10:13:01.0000000Z;16.544;17.128;5000;4800
2026-06-08T10:17:01.0000000Z;16.544;17.126;5000;4800
2026-06-08T10:21:02.0000000Z;16.542;17.124;5000;4800
2026-06-08T10:23:16.0000000Z;16.54;17.12;5000;4800
2026-06-08T10:25:01.0000000Z;16.542;17.122;5000;4800
2026-06-08T10:25:47.0000000Z;16.534;17.122;5000;4800
2026-06-08T10:25:48.0000000Z;16.536;17.122;5000;4800
2026-06-08T10:25:53.0000000Z;16.534;17.122;5000;4800
2026-06-08T10:25:57.0000000Z;16.536;17.122;5000;4800
2026-06-08T10:25:57.0000000Z;16.536;17.122;5000;4800
2026-06-08T10:26:47.0000000Z;16.534;17.12;5000;4800
2026-06-08T10:26:52.0000000Z;16.532;17.12;5000;4800
2026-06-08T10:26:53.0000000Z;16.534;17.12;5000;4800
2026-06-08T10:26:54.0000000Z;16.536;17.12;5000;4800
2026-06-08T10:26:59.0000000Z;16.536;17.12;5000;4800
2026-06-08T10:29:01.0000000Z;16.538;17.122;5000;4800
2026-06-08T10:29:06.0000000Z;16.54;17.122;5000;4800
2026-06-08T10:29:11.0000000Z;16.54;17.122;5000;4800
2026-06-08T10:29:11.0000000Z;16.54;17.122;5000;4800
2026-06-08T10:32:38.0000000Z;16.538;17.12;5000;4800
2026-06-08T10:34:28.0000000Z;16.54;17.118;5000;4800
2026-06-08T10:34:30.0000000Z;16.488;17.12;5000;4800
2026-06-08T10:34:31.0000000Z;16.52;17.114;5000;4800
2026-06-08T10:34:32.0000000Z;16.528;17.114;5000;4800
2026-06-08T10:34:38.0000000Z;16.528;17.166;5000;4800
2026-06-08T10:34:40.0000000Z;16.528;17.12;5000;4800
2026-06-08T10:35:25.0000000Z;16.528;17.116;5000;4800
2026-06-08T10:35:25.0000000Z;16.528;17.116;5000;4800
2026-06-08T10:35:25.0000000Z;16.528;17.116;5000;4800
2026-06-08T10:43:15.0000000Z;16.534;17.122;5000;4800
2026-06-08T10:44:14.0000000Z;16.534;17.118;5000;4800
2026-06-08T10:44:14.0000000Z;16.534;17.118;5000;4800
2026-06-08T10:48:23.0000000Z;16.528;17.118;5000;4800
2026-06-08T10:49:11.0000000Z;16.528;17.112;5000;4800
2026-06-08T10:49:14.0000000Z;16.528;17.114;5000;4800
2026-06-08T10:49:16.0000000Z;16.528;17.112;5000;4800
2026-06-08T10:49:26.0000000Z;16.518;17.112;5000;4800
2026-06-08T10:49:29.0000000Z;16.524;17.112;5000;4800
2026-06-08T10:49:32.0000000Z;16.53;17.112;5000;4800
2026-06-08T10:50:20.0000000Z;16.526;17.114;5000;4800
2026-06-08T10:51:00.0000000Z;16.528;17.116;5000;4800
2026-06-08T10:51:22.0000000Z;16.526;17.114;5000;4800
2026-06-08T10:51:54.0000000Z;16.528;17.116;5000;4800
2026-06-08T10:55:14.0000000Z;16.526;17.114;5000;4800
2026-06-08T10:55:14.0000000Z;16.526;17.114;5000;4800
2026-06-08T10:59:37.0000000Z;16.446;17.15;5000;4800
2026-06-08T10:59:47.0000000Z;16.522;17.122;5000;4800
2026-06-08T10:59:48.0000000Z;16.524;17.122;5000;4800
2026-06-08T10:59:49.0000000Z;16.528;17.116;5000;4800
2026-06-08T11:00:50.0000000Z;16.528;17.112;5000;4800
2026-06-08T11:00:50.0000000Z;16.528;17.112;5000;4800
2026-06-08T11:05:01.0000000Z;16.53;17.114;5000;4800
2026-06-08T11:05:05.0000000Z;16.526;17.114;5000;4800
2026-06-08T11:05:05.0000000Z;16.526;17.114;5000;4800
2026-06-08T11:06:38.0000000Z;16.528;17.116;5000;4800
2026-06-08T11:10:36.0000000Z;16.528;17.114;5000;4800
2026-06-08T11:11:00.0000000Z;16.53;17.116;5000;4800
2026-06-08T11:12:16.0000000Z;16.532;17.118;5000;4800
2026-06-08T11:12:17.0000000Z;16.53;17.116;5000;4800
2026-06-08T11:13:02.0000000Z;16.532;17.118;5000;4800
2026-06-08T11:14:59.0000000Z;16.532;17.116;5000;4800
2026-06-08T11:15:00.0000000Z;16.532;17.118;5000;4800
2026-06-08T11:15:35.0000000Z;16.524;17.118;5000;4800
2026-06-08T11:15:36.0000000Z;16.528;17.118;5000;4800
2026-06-08T11:15:37.0000000Z;16.532;17.118;5000;4800
2026-06-08T11:15:37.0000000Z;16.532;17.118;5000;4800
2026-06-08T11:16:15.0000000Z;16.534;17.114;5000;4800
2026-06-08T11:16:33.0000000Z;16.528;17.114;5000;4800
2026-06-08T11:17:02.0000000Z;16.528;17.112;5000;4800
2026-06-08T11:17:04.0000000Z;16.53;17.114;5000;4800
2026-06-08T11:17:11.0000000Z;16.528;17.114;5000;4800
2026-06-08T11:17:29.0000000Z;16.528;17.112;5000;4800
2026-06-08T11:17:34.0000000Z;16.528;17.114;5000;4800
2026-06-08T11:18:00.0000000Z;16.53;17.114;5000;4800
2026-06-08T11:18:14.0000000Z;16.528;17.114;5000;4800
2026-06-08T11:18:16.0000000Z;16.53;17.114;5000;4800
2026-06-08T11:18:41.0000000Z;16.528;17.114;5000;4800
2026-06-08T11:18:45.0000000Z;16.526;17.114;5000;4800
2026-06-08T11:19:05.0000000Z;16.524;17.114;5000;4800
2026-06-08T11:19:52.0000000Z;16.53;17.114;5000;4800
2026-06-08T11:20:15.0000000Z;16.528;17.108;5000;4800
2026-06-08T11:21:02.0000000Z;16.526;17.106;5000;4800
2026-06-08T11:21:46.0000000Z;16.496;17.106;5000;4800
2026-06-08T11:25:02.0000000Z;16.494;17.106;5000;4800
2026-06-08T11:26:15.0000000Z;16.494;17.116;5000;4800
2026-06-08T11:26:25.0000000Z;16.494;17.112;5000;4800
2026-06-08T11:30:03.0000000Z;16.494;17.106;5000;4800
2026-06-08T11:30:03.0000000Z;16.494;17.106;5000;4800
2026-06-08T11:32:55.0000000Z;16.496;17.108;5000;4800
2026-06-08T11:33:31.0000000Z;16.496;17.11;5000;4800
2026-06-08T11:33:39.0000000Z;16.498;17.11;5000;4800
2026-06-08T11:33:59.0000000Z;16.496;17.11;5000;4800
2026-06-08T11:34:10.0000000Z;16.496;17.108;5000;4800
2026-06-08T11:34:10.0000000Z;16.496;17.108;5000;4800
2026-06-08T11:38:23.0000000Z;16.496;17.102;5000;4800
2026-06-08T11:38:23.0000000Z;16.496;17.102;5000;4800
2026-06-08T11:38:23.0000000Z;16.496;17.102;5000;4800
2026-06-08T11:49:27.0000000Z;16.496;17.098;5000;4800
2026-06-08T11:49:27.0000000Z;16.496;17.098;5000;4800
2026-06-08T11:53:02.0000000Z;16.498;17.098;5000;4800
2026-06-08T11:53:02.0000000Z;16.498;17.098;5000;4800
2026-06-08T11:57:02.0000000Z;16.496;17.096;5000;4800
2026-06-08T12:01:02.0000000Z;16.494;17.094;5000;4800
2026-06-08T12:05:21.0000000Z;16.494;17.09;5000;4800
2026-06-08T12:05:21.0000000Z;16.494;17.09;5000;4800
2026-06-08T12:09:02.0000000Z;16.492;17.088;5000;4800
2026-06-08T12:10:52.0000000Z;16.492;17.096;5000;4800
2026-06-08T12:10:52.0000000Z;16.492;17.096;5000;4800
2026-06-08T12:14:49.0000000Z;16.428;17.138;5000;4800
2026-06-08T12:14:50.0000000Z;16.43;17.138;5000;4800
2026-06-08T12:14:53.0000000Z;16.43;17.138;5000;4800
2026-06-08T12:15:00.0000000Z;16.43;17.138;5000;4800
2026-06-08T12:15:01.0000000Z;16.43;17.138;5000;4800
2026-06-08T12:15:10.0000000Z;16.426;17.136;5000;4800
2026-06-08T12:15:12.0000000Z;16.428;17.136;5000;4800
2026-06-08T12:15:17.0000000Z;16.428;17.136;5000;4800
2026-06-08T12:15:42.0000000Z;16.428;17.136;5000;4800
2026-06-08T12:15:47.0000000Z;16.428;17.136;5000;4800
2026-06-08T12:16:05.0000000Z;16.426;17.134;5000;4800
2026-06-08T12:16:24.0000000Z;16.482;17.108;5000;4800
2026-06-08T12:16:26.0000000Z;16.488;17.1;5000;4800
2026-06-08T12:17:02.0000000Z;16.486;17.1;5000;4800
2026-06-08T12:18:02.0000000Z;16.488;17.1;5000;4800
2026-06-08T12:19:33.0000000Z;16.488;17.108;5000;4800
2026-06-08T12:21:02.0000000Z;16.49;17.11;5000;4800
2026-06-08T12:22:20.0000000Z;16.49;17.102;5000;4800
2026-06-08T12:22:22.0000000Z;16.492;17.102;5000;4800
2026-06-08T12:22:42.0000000Z;16.49;17.1;5000;4800
2026-06-08T12:22:55.0000000Z;16.492;17.102;5000;4800
2026-06-08T12:23:52.0000000Z;16.492;17.102;5000;4800
2026-06-08T12:23:52.0000000Z;16.492;17.102;5000;4800
2026-06-08T12:26:39.0000000Z;16.492;17.1;5000;4800
2026-06-08T12:28:02.0000000Z;16.496;17.106;5000;4800
2026-06-08T12:28:59.0000000Z;16.496;17.1;5000;4800
2026-06-08T12:29:42.0000000Z;16.49;17.106;5000;4800
2026-06-08T12:29:42.0000000Z;16.49;17.106;5000;4800
2026-06-08T12:33:17.0000000Z;16.494;17.104;5000;4800
2026-06-08T12:33:39.0000000Z;16.494;17.108;5000;4800
2026-06-08T12:33:43.0000000Z;16.498;17.108;5000;4800
2026-06-08T12:33:46.0000000Z;16.498;17.104;5000;4800
2026-06-08T12:33:48.0000000Z;16.498;17.106;5000;4800
2026-06-08T12:35:13.0000000Z;16.498;17.106;5000;4800
2026-06-08T12:35:15.0000000Z;16.498;17.106;5000;4800
2026-06-08T12:35:17.0000000Z;16.498;17.116;5000;4800
2026-06-08T12:35:18.0000000Z;16.498;17.104;5000;4800
2026-06-08T12:36:06.0000000Z;16.498;17.104;5000;4800
2026-06-08T12:36:17.0000000Z;16.486;17.106;5000;4800
2026-06-08T12:36:18.0000000Z;16.494;17.104;5000;4800
2026-06-08T12:36:31.0000000Z;16.492;17.102;5000;4800
2026-06-08T12:36:41.0000000Z;16.496;17.104;5000;4800
2026-06-08T12:36:56.0000000Z;16.492;17.102;5000;4800
2026-06-08T12:37:00.0000000Z;16.496;17.102;5000;4800
2026-06-08T12:37:02.0000000Z;16.494;17.102;5000;4800
2026-06-08T12:37:05.0000000Z;16.496;17.106;5000;4800
2026-06-08T12:37:06.0000000Z;16.496;17.104;5000;4800
2026-06-08T12:37:09.0000000Z;16.498;17.106;5000;4800
2026-06-08T12:37:12.0000000Z;16.5;17.104;5000;4800
2026-06-08T12:37:17.0000000Z;16.496;17.104;5000;4800
2026-06-08T12:37:41.0000000Z;16.498;17.108;5000;4800
2026-06-08T12:38:21.0000000Z;16.496;17.108;5000;4800
2026-06-08T12:38:39.0000000Z;16.498;17.108;5000;4800
2026-06-08T12:38:42.0000000Z;16.498;17.108;5000;4800
2026-06-08T12:39:27.0000000Z;16.496;17.106;5000;4800
2026-06-08T12:39:39.0000000Z;16.5;17.108;5000;4800
2026-06-08T12:41:02.0000000Z;16.498;17.106;5000;4800
2026-06-08T12:42:31.0000000Z;16.496;17.104;5000;4800
2026-06-08T12:42:37.0000000Z;16.482;17.11;5000;4800
2026-06-08T12:42:39.0000000Z;16.482;17.112;5000;4800
2026-06-08T12:42:43.0000000Z;16.482;17.11;5000;4800
2026-06-08T12:42:44.0000000Z;16.482;17.106;5000;4800
2026-06-08T12:42:48.0000000Z;16.484;17.104;5000;4800
2026-06-08T12:42:49.0000000Z;16.482;17.104;5000;4800
2026-06-08T12:43:00.0000000Z;16.492;17.106;5000;4800
2026-06-08T12:43:16.0000000Z;16.49;17.104;5000;4800
2026-06-08T12:43:58.0000000Z;16.494;17.104;5000;4800
2026-06-08T12:44:56.0000000Z;16.494;17.102;5000;4800
2026-06-08T12:44:58.0000000Z;16.492;17.102;5000;4800
2026-06-08T12:44:58.0000000Z;16.492;17.102;5000;4800
2026-06-08T12:47:06.0000000Z;16.496;17.102;5000;4800
2026-06-08T12:49:07.0000000Z;16.496;17.108;5000;4800
2026-06-08T12:49:30.0000000Z;16.496;17.104;5000;4800
2026-06-08T12:50:21.0000000Z;16.496;17.104;5000;4800
2026-06-08T12:50:21.0000000Z;16.496;17.104;5000;4800
2026-06-08T12:51:21.0000000Z;16.498;17.102;5000;4800
2026-06-08T12:51:44.0000000Z;16.5;17.108;5000;4800
2026-06-08T12:52:43.0000000Z;16.498;17.108;5000;4800
2026-06-08T12:53:33.0000000Z;16.498;17.108;5000;4800
2026-06-08T12:54:00.0000000Z;16.498;17.108;5000;4800
2026-06-08T12:54:10.0000000Z;16.494;17.106;5000;4800
2026-06-08T12:55:21.0000000Z;16.5;17.106;5000;4800
2026-06-08T12:55:21.0000000Z;16.5;17.106;5000;4800
2026-06-08T12:57:15.0000000Z;16.498;17.104;5000;4800
2026-06-08T12:57:58.0000000Z;16.492;17.106;5000;4800
2026-06-08T12:58:01.0000000Z;16.492;17.104;5000;4800
2026-06-08T12:58:04.0000000Z;16.498;17.106;5000;4800
2026-06-08T12:58:07.0000000Z;16.498;17.106;5000;4800
2026-06-08T12:58:10.0000000Z;16.498;17.106;5000;4800
2026-06-08T12:58:40.0000000Z;16.49;17.104;5000;4800
2026-06-08T12:58:48.0000000Z;16.496;17.104;5000;4800
2026-06-08T12:58:52.0000000Z;16.492;17.106;5000;4800
2026-06-08T12:58:58.0000000Z;16.49;17.104;5000;4800
2026-06-08T12:59:07.0000000Z;16.492;17.108;5000;4800
2026-06-08T12:59:08.0000000Z;16.492;17.104;5000;4800
2026-06-08T12:59:10.0000000Z;16.49;17.102;5000;4800
2026-06-08T12:59:13.0000000Z;16.496;17.104;5000;4800
2026-06-08T12:59:16.0000000Z;16.492;17.104;5000;4800
2026-06-08T12:59:19.0000000Z;16.492;17.104;5000;4800
2026-06-08T12:59:22.0000000Z;16.492;17.1;5000;4800
2026-06-08T12:59:25.0000000Z;16.492;17.104;5000;4800
2026-06-08T12:59:28.0000000Z;16.49;17.1;5000;4800
2026-06-08T12:59:31.0000000Z;16.49;17.1;5000;4800
2026-06-08T12:59:34.0000000Z;16.49;17.104;5000;4800
2026-06-08T12:59:37.0000000Z;16.49;17.104;5000;4800
2026-06-08T12:59:42.0000000Z;16.49;17.098;5000;4800
2026-06-08T12:59:47.0000000Z;16.49;17.098;5000;4800
2026-06-08T12:59:55.0000000Z;16.49;17.098;5000;4800
2026-06-08T13:00:01.0000000Z;16.49;17.098;5000;4800
2026-06-08T13:00:04.0000000Z;16.49;17.098;5000;4800
2026-06-08T13:00:07.0000000Z;16.49;17.096;5000;4800
2026-06-08T13:00:10.0000000Z;16.486;17.096;5000;4800
2026-06-08T13:00:13.0000000Z;16.486;17.094;5000;4800
2026-06-08T13:00:16.0000000Z;16.488;17.098;5000;4800
2026-06-08T13:00:19.0000000Z;16.488;17.098;5000;4800
2026-06-08T13:00:27.0000000Z;16.486;17.096;5000;4800
2026-06-08T13:00:48.0000000Z;16.488;17.098;5000;4800
2026-06-08T13:00:53.0000000Z;16.494;17.098;5000;4800
2026-06-08T13:00:53.0000000Z;16.494;17.098;5000;4800
2026-06-08T13:03:02.0000000Z;16.484;17.098;5000;4800
2026-06-08T13:03:05.0000000Z;16.486;17.098;5000;4800
2026-06-08T13:03:14.0000000Z;16.488;17.1;5000;4800
2026-06-08T13:03:18.0000000Z;16.486;17.094;5000;4800
2026-06-08T13:03:34.0000000Z;16.488;17.096;5000;4800
2026-06-08T13:03:47.0000000Z;16.484;17.098;5000;4800
2026-06-08T13:03:50.0000000Z;16.49;17.098;5000;4800
2026-06-08T13:03:56.0000000Z;16.486;17.098;5000;4800
2026-06-08T13:03:59.0000000Z;16.486;17.098;5000;4800
2026-06-08T13:04:02.0000000Z;16.488;17.098;5000;4800
2026-06-08T13:04:05.0000000Z;16.486;17.098;5000;4800
2026-06-08T13:04:08.0000000Z;16.488;17.096;5000;4800
2026-06-08T13:04:13.0000000Z;16.486;17.096;5000;4800
2026-06-08T13:04:16.0000000Z;16.49;17.096;5000;4800
2026-06-08T13:04:35.0000000Z;16.488;17.096;5000;4800
2026-06-08T13:04:41.0000000Z;16.486;17.1;5000;4800
2026-06-08T13:04:44.0000000Z;16.486;17.094;5000;4800
2026-06-08T13:04:47.0000000Z;16.486;17.096;5000;4800
2026-06-08T13:04:49.0000000Z;16.488;17.096;5000;4800
2026-06-08T13:04:50.0000000Z;16.486;17.096;5000;4800
2026-06-08T13:04:53.0000000Z;16.486;17.096;5000;4800
2026-06-08T13:04:56.0000000Z;16.484;17.096;5000;4800
2026-06-08T13:04:58.0000000Z;16.486;17.096;5000;4800
2026-06-08T13:04:59.0000000Z;16.486;17.094;5000;4800
2026-06-08T13:05:02.0000000Z;16.486;17.096;5000;4800
2026-06-08T13:05:05.0000000Z;16.488;17.096;5000;4800
2026-06-08T13:05:08.0000000Z;16.486;17.096;5000;4800
2026-06-08T13:05:11.0000000Z;16.49;17.096;5000;4800
2026-06-08T13:05:14.0000000Z;16.488;17.094;5000;4800
2026-06-08T13:05:30.0000000Z;16.484;17.094;5000;4800
2026-06-08T13:05:31.0000000Z;16.486;17.094;5000;4800
2026-06-08T13:05:43.0000000Z;16.484;17.088;5000;4800
2026-06-08T13:05:47.0000000Z;16.48;17.086;5000;4800
2026-06-08T13:05:50.0000000Z;16.482;17.088;5000;4800
2026-06-08T13:05:53.0000000Z;16.478;17.088;5000;4800
2026-06-08T13:05:56.0000000Z;16.48;17.088;5000;4800
2026-06-08T13:05:59.0000000Z;16.476;17.088;5000;4800
2026-06-08T13:06:02.0000000Z;16.478;17.088;5000;4800
2026-06-08T13:06:05.0000000Z;16.476;17.088;5000;4800
2026-06-08T13:06:08.0000000Z;16.478;17.088;5000;4800
2026-06-08T13:06:11.0000000Z;16.482;17.088;5000;4800
2026-06-08T13:06:23.0000000Z;16.476;17.088;5000;4800
2026-06-08T13:06:26.0000000Z;16.482;17.09;5000;4800
2026-06-08T13:06:31.0000000Z;16.482;17.09;5000;4800
2026-06-08T13:06:56.0000000Z;16.478;17.09;5000;4800
2026-06-08T13:06:59.0000000Z;16.48;17.09;5000;4800
2026-06-08T13:07:04.0000000Z;16.478;17.09;5000;4800
2026-06-08T13:07:07.0000000Z;16.482;17.09;5000;4800
2026-06-08T13:07:38.0000000Z;16.482;17.088;5000;4800
2026-06-08T13:07:56.0000000Z;16.48;17.088;5000;4800
2026-06-08T13:08:31.0000000Z;16.482;17.088;5000;4800
2026-06-08T13:08:42.0000000Z;16.482;17.092;5000;4800
2026-06-08T13:08:50.0000000Z;16.47;17.092;5000;4800
2026-06-08T13:08:53.0000000Z;16.478;17.092;5000;4800
2026-06-08T13:08:56.0000000Z;16.478;17.092;5000;4800
2026-06-08T13:08:59.0000000Z;16.482;17.094;5000;4800
2026-06-08T13:09:03.0000000Z;16.482;17.092;5000;4800
2026-06-08T13:10:22.0000000Z;16.48;17.094;5000;4800
2026-06-08T13:10:28.0000000Z;16.48;17.088;5000;4800
2026-06-08T13:11:05.0000000Z;16.482;17.09;5000;4800
2026-06-08T13:11:08.0000000Z;16.484;17.094;5000;4800
2026-06-08T13:11:10.0000000Z;16.482;17.094;5000;4800
2026-06-08T13:11:23.0000000Z;16.48;17.094;5000;4800
2026-06-08T13:11:26.0000000Z;16.48;17.094;5000;4800
2026-06-08T13:11:29.0000000Z;16.48;17.09;5000;4800
2026-06-08T13:11:32.0000000Z;16.482;17.09;5000;4800
2026-06-08T13:11:35.0000000Z;16.482;17.09;5000;4800
2026-06-08T13:12:14.0000000Z;16.48;17.092;5000;4800
2026-06-08T13:12:17.0000000Z;16.482;17.092;5000;4800
2026-06-08T13:12:20.0000000Z;16.48;17.092;5000;4800
2026-06-08T13:13:13.0000000Z;16.478;17.09;5000;4800
2026-06-08T13:15:06.0000000Z;16.482;17.09;5000;4800
2026-06-08T13:15:11.0000000Z;16.48;17.092;5000;4800
2026-06-08T13:15:26.0000000Z;16.48;17.094;5000;4800
2026-06-08T13:15:26.0000000Z;16.48;17.094;5000;4800
2026-06-08T13:16:17.0000000Z;16.48;17.094;5000;4800
2026-06-08T13:16:20.0000000Z;16.482;17.09;5000;4800
2026-06-08T13:16:23.0000000Z;16.482;17.09;5000;4800
2026-06-08T13:16:26.0000000Z;16.482;17.09;5000;4800
2026-06-08T13:16:29.0000000Z;16.482;17.09;5000;4800
2026-06-08T13:16:31.0000000Z;16.482;17.09;5000;4800
2026-06-08T13:16:32.0000000Z;16.486;17.09;5000;4800
2026-06-08T13:16:35.0000000Z;16.486;17.09;5000;4800
2026-06-08T13:16:38.0000000Z;16.48;17.09;5000;4800
2026-06-08T13:16:41.0000000Z;16.48;17.09;5000;4800
2026-06-08T13:17:02.0000000Z;16.482;17.09;5000;4800
2026-06-08T13:17:08.0000000Z;16.482;17.09;5000;4800
2026-06-08T13:17:11.0000000Z;16.48;17.09;5000;4800
2026-06-08T13:17:14.0000000Z;16.478;17.09;5000;4800
2026-06-08T13:17:17.0000000Z;16.48;17.09;5000;4800
2026-06-08T13:17:20.0000000Z;16.478;17.09;5000;4800
2026-06-08T13:17:23.0000000Z;16.48;17.094;5000;4800
2026-06-08T13:17:26.0000000Z;16.48;17.094;5000;4800
2026-06-08T13:17:29.0000000Z;16.48;17.094;5000;4800
2026-06-08T13:17:32.0000000Z;16.482;17.094;5000;4800
2026-06-08T13:17:35.0000000Z;16.482;17.094;5000;4800
2026-06-08T13:17:38.0000000Z;16.482;17.094;5000;4800
2026-06-08T13:17:41.0000000Z;16.482;17.094;5000;4800
2026-06-08T13:17:44.0000000Z;16.48;17.094;5000;4800
2026-06-08T13:18:20.0000000Z;16.482;17.094;5000;4800
2026-06-08T13:18:23.0000000Z;16.48;17.094;5000;4800
2026-06-08T13:18:26.0000000Z;16.482;17.094;5000;4800
2026-06-08T13:18:29.0000000Z;16.48;17.094;5000;4800
2026-06-08T13:18:32.0000000Z;16.48;17.094;5000;4800
2026-06-08T13:18:35.0000000Z;16.48;17.094;5000;4800
2026-06-08T13:18:38.0000000Z;16.48;17.094;5000;4800
2026-06-08T13:18:41.0000000Z;16.48;17.094;5000;4800
2026-06-08T13:18:44.0000000Z;16.48;17.094;5000;4800
2026-06-08T13:19:01.0000000Z;16.486;17.094;5000;4800
2026-06-08T13:19:11.0000000Z;16.482;17.092;5000;4800
2026-06-08T13:19:23.0000000Z;16.48;17.092;5000;4800
2026-06-08T13:19:29.0000000Z;16.48;17.088;5000;4800
2026-06-08T13:19:44.0000000Z;16.476;17.086;5000;4800
2026-06-08T13:19:47.0000000Z;16.478;17.088;5000;4800
2026-06-08T13:19:50.0000000Z;16.478;17.088;5000;4800
2026-06-08T13:19:53.0000000Z;16.48;17.088;5000;4800
2026-06-08T13:19:58.0000000Z;16.476;17.086;5000;4800
2026-06-08T13:20:29.0000000Z;16.478;17.086;5000;4800
2026-06-08T13:20:29.0000000Z;16.478;17.086;5000;4800
2026-06-08T13:22:50.0000000Z;16.476;17.086;5000;4800
2026-06-08T13:22:54.0000000Z;16.474;17.08;5000;4800
2026-06-08T13:22:56.0000000Z;16.472;17.08;5000;4800
2026-06-08T13:22:59.0000000Z;16.472;17.08;5000;4800
2026-06-08T13:23:02.0000000Z;16.47;17.078;5000;4800
2026-06-08T13:23:07.0000000Z;16.47;17.08;5000;4800
2026-06-08T13:23:10.0000000Z;16.47;17.08;5000;4800
2026-06-08T13:23:11.0000000Z;16.47;17.08;5000;4800
2026-06-08T13:23:14.0000000Z;16.47;17.078;5000;4800
2026-06-08T13:23:17.0000000Z;16.47;17.078;5000;4800
2026-06-08T13:23:19.0000000Z;16.458;17.078;5000;4800
2026-06-08T13:23:20.0000000Z;16.47;17.076;5000;4800
2026-06-08T13:23:23.0000000Z;16.47;17.078;5000;4800
2026-06-08T13:23:38.0000000Z;16.466;17.078;5000;4800
2026-06-08T13:23:50.0000000Z;16.468;17.08;5000;4800
2026-06-08T13:23:53.0000000Z;16.468;17.078;5000;4800
2026-06-08T13:23:57.0000000Z;16.468;17.072;5000;4800
2026-06-08T13:23:58.0000000Z;16.468;17.072;5000;4800
2026-06-08T13:24:03.0000000Z;16.468;17.072;5000;4800
2026-06-08T13:24:08.0000000Z;16.468;17.072;5000;4800
2026-06-08T13:24:11.0000000Z;16.466;17.074;5000;4800
2026-06-08T13:24:14.0000000Z;16.466;17.074;5000;4800
2026-06-08T13:24:17.0000000Z;16.466;17.074;5000;4800
2026-06-08T13:24:20.0000000Z;16.47;17.074;5000;4800
2026-06-08T13:24:21.0000000Z;16.47;17.074;5000;4800
2026-06-08T13:24:44.0000000Z;16.492;17.042;5000;4800
2026-06-08T13:24:58.0000000Z;16.492;17.058;5000;4800
2026-06-08T13:25:03.0000000Z;16.492;17.076;5000;4800
2026-06-08T13:25:08.0000000Z;16.492;17.07;5000;4800
2026-06-08T13:25:10.0000000Z;16.492;17.082;5000;4800
2026-06-08T13:25:20.0000000Z;16.494;17.078;5000;4800
2026-06-08T13:25:32.0000000Z;16.494;17.074;5000;4800
2026-06-08T13:25:44.0000000Z;16.494;17.068;5000;4800
2026-06-08T13:25:56.0000000Z;16.492;17.062;5000;4800
2026-06-08T13:26:08.0000000Z;16.492;17.08;5000;4800
2026-06-08T13:26:13.0000000Z;16.492;17.082;5000;4800
2026-06-08T13:26:20.0000000Z;16.492;17.076;5000;4800
2026-06-08T13:26:30.0000000Z;16.492;17.074;5000;4800
2026-06-08T13:26:32.0000000Z;16.492;17.07;5000;4800
2026-06-08T13:26:35.0000000Z;16.492;17.08;5000;4800
2026-06-08T13:26:40.0000000Z;16.494;17.08;5000;4800
2026-06-08T13:26:44.0000000Z;16.494;17.074;5000;4800
2026-06-08T13:26:56.0000000Z;16.494;17.068;5000;4800
2026-06-08T13:27:08.0000000Z;16.494;17.064;5000;4800
2026-06-08T13:27:20.0000000Z;16.494;17.06;5000;4800
2026-06-08T13:27:26.0000000Z;16.472;17.06;5000;4800
2026-06-08T13:27:29.0000000Z;16.47;17.078;5000;4800
2026-06-08T13:27:30.0000000Z;16.472;17.078;5000;4800
2026-06-08T13:27:35.0000000Z;16.47;17.078;5000;4800
2026-06-08T13:27:38.0000000Z;16.472;17.076;5000;4800
2026-06-08T13:27:43.0000000Z;16.47;17.076;5000;4800
2026-06-08T13:28:00.0000000Z;16.468;17.08;5000;4800
2026-06-08T13:28:08.0000000Z;16.466;17.08;5000;4800
2026-06-08T13:28:20.0000000Z;16.46;17.08;5000;4800
2026-06-08T13:28:44.0000000Z;16.46;17.084;5000;4800
2026-06-08T13:30:14.0000000Z;16.46;17.086;5000;4800
2026-06-08T13:30:50.0000000Z;16.466;17.092;5000;4800
2026-06-08T13:31:00.0000000Z;16.46;17.09;5000;4800
2026-06-08T13:31:10.0000000Z;16.46;17.088;5000;4800
2026-06-08T13:32:00.0000000Z;16.466;17.076;5000;4800
2026-06-08T13:32:01.0000000Z;16.468;17.076;5000;4800
2026-06-08T13:32:05.0000000Z;16.47;17.076;5000;4800
2026-06-08T13:32:08.0000000Z;16.468;17.076;5000;4800
2026-06-08T13:32:11.0000000Z;16.472;17.076;5000;4800
2026-06-08T13:32:14.0000000Z;16.472;17.076;5000;4800
2026-06-08T13:32:17.0000000Z;16.472;17.076;5000;4800
2026-06-08T13:32:18.0000000Z;16.472;17.08;5000;4800
2026-06-08T13:32:20.0000000Z;16.47;17.08;5000;4800
2026-06-08T13:32:23.0000000Z;16.47;17.08;5000;4800
2026-06-08T13:32:37.0000000Z;16.47;17.082;5000;4800
2026-06-08T13:32:42.0000000Z;16.468;17.08;5000;4800
2026-06-08T13:32:47.0000000Z;16.468;17.082;5000;4800
2026-06-08T13:32:48.0000000Z;16.468;17.08;5000;4800
2026-06-08T13:32:50.0000000Z;16.468;17.082;5000;4800
2026-06-08T13:33:22.0000000Z;16.468;17.082;5000;4800
2026-06-08T13:33:29.0000000Z;16.468;17.08;5000;4800
2026-06-08T13:33:30.0000000Z;16.46;17.08;5000;4800
2026-06-08T13:33:53.0000000Z;16.46;17.074;5000;4800
2026-06-08T13:34:04.0000000Z;16.46;17.072;5000;4800
2026-06-08T13:34:07.0000000Z;16.46;17.072;5000;4800
2026-06-08T13:34:10.0000000Z;16.464;17.078;5000;4800
2026-06-08T13:34:11.0000000Z;16.458;17.074;5000;4800
2026-06-08T13:34:19.0000000Z;16.458;17.074;5000;4800
2026-06-08T13:34:23.0000000Z;16.46;17.072;5000;4800
2026-06-08T13:34:24.0000000Z;16.46;17.068;5000;4800
2026-06-08T13:34:42.0000000Z;16.46;17.07;5000;4800
2026-06-08T13:34:57.0000000Z;16.46;17.068;5000;4800
2026-06-08T13:35:02.0000000Z;16.46;17.07;5000;4800
2026-06-08T13:35:04.0000000Z;16.46;17.068;5000;4800
2026-06-08T13:35:05.0000000Z;16.46;17.078;5000;4800
2026-06-08T13:35:12.0000000Z;16.46;17.07;5000;4800
2026-06-08T13:35:30.0000000Z;16.46;17.07;5000;4800
2026-06-08T13:35:51.0000000Z;16.458;17.074;5000;4800
2026-06-08T13:35:52.0000000Z;16.458;17.072;5000;4800
2026-06-08T13:35:55.0000000Z;16.47;17.084;5000;4800
2026-06-08T13:35:56.0000000Z;16.474;17.084;5000;4800
2026-06-08T13:36:03.0000000Z;16.476;17.084;5000;4800
2026-06-08T13:36:04.0000000Z;16.476;17.084;5000;4800
2026-06-08T13:36:18.0000000Z;16.474;17.086;5000;4800
2026-06-08T13:36:40.0000000Z;16.474;17.082;5000;4800
2026-06-08T13:36:41.0000000Z;16.468;17.082;5000;4800
2026-06-08T13:37:03.0000000Z;16.47;17.084;5000;4800
2026-06-08T13:37:15.0000000Z;16.47;17.082;5000;4800
2026-06-08T13:37:44.0000000Z;16.472;17.082;5000;4800
2026-06-08T13:37:47.0000000Z;16.474;17.082;5000;4800
2026-06-08T13:37:50.0000000Z;16.474;17.082;5000;4800
2026-06-08T13:37:53.0000000Z;16.476;17.082;5000;4800
2026-06-08T13:37:56.0000000Z;16.474;17.084;5000;4800
2026-06-08T13:37:59.0000000Z;16.474;17.084;5000;4800
2026-06-08T13:38:26.0000000Z;16.474;17.084;5000;4800
2026-06-08T13:38:38.0000000Z;16.474;17.084;5000;4800
2026-06-08T13:38:41.0000000Z;16.476;17.084;5000;4800
2026-06-08T13:38:44.0000000Z;16.468;17.082;5000;4800
2026-06-08T13:38:50.0000000Z;16.47;17.082;5000;4800
2026-06-08T13:38:53.0000000Z;16.474;17.084;5000;4800
2026-06-08T13:38:56.0000000Z;16.474;17.082;5000;4800
2026-06-08T13:39:26.0000000Z;16.474;17.082;5000;4800
2026-06-08T13:39:29.0000000Z;16.476;17.082;5000;4800
2026-06-08T13:39:31.0000000Z;16.476;17.084;5000;4800
2026-06-08T13:39:34.0000000Z;16.474;17.082;5000;4800
2026-06-08T13:40:08.0000000Z;16.474;17.084;5000;4800
2026-06-08T13:40:11.0000000Z;16.474;17.084;5000;4800
2026-06-08T13:40:14.0000000Z;16.468;17.082;5000;4800
2026-06-08T13:40:15.0000000Z;16.47;17.082;5000;4800
2026-06-08T13:40:17.0000000Z;16.47;17.082;5000;4800
2026-06-08T13:40:19.0000000Z;16.47;17.08;5000;4800
2026-06-08T13:40:20.0000000Z;16.474;17.082;5000;4800
2026-06-08T13:40:23.0000000Z;16.474;17.082;5000;4800
2026-06-08T13:40:26.0000000Z;16.47;17.082;5000;4800
2026-06-08T13:40:34.0000000Z;16.472;17.082;5000;4800
2026-06-08T13:40:35.0000000Z;16.472;17.082;5000;4800
2026-06-08T13:40:38.0000000Z;16.474;17.082;5000;4800
2026-06-08T13:40:38.0000000Z;16.474;17.082;5000;4800
2026-06-08T13:41:11.0000000Z;16.474;17.086;5000;4800
2026-06-08T13:41:14.0000000Z;16.476;17.086;5000;4800
2026-06-08T13:41:17.0000000Z;16.476;17.086;5000;4800
2026-06-08T13:41:19.0000000Z;16.474;17.086;5000;4800
2026-06-08T13:41:20.0000000Z;16.474;17.08;5000;4800
2026-06-08T13:41:23.0000000Z;16.474;17.08;5000;4800
2026-06-08T13:41:26.0000000Z;16.474;17.082;5000;4800
2026-06-08T13:41:29.0000000Z;16.472;17.084;5000;4800
2026-06-08T13:41:32.0000000Z;16.474;17.086;5000;4800
2026-06-08T13:41:33.0000000Z;16.478;17.086;5000;4800
2026-06-08T13:41:35.0000000Z;16.478;17.086;5000;4800
2026-06-08T13:41:38.0000000Z;16.474;17.086;5000;4800
2026-06-08T13:41:41.0000000Z;16.478;17.086;5000;4800
2026-06-08T13:42:02.0000000Z;16.472;17.084;5000;4800
2026-06-08T13:42:03.0000000Z;16.476;17.084;5000;4800
2026-06-08T13:42:08.0000000Z;16.474;17.084;5000;4800
2026-06-08T13:42:11.0000000Z;16.474;17.084;5000;4800
2026-06-08T13:42:14.0000000Z;16.476;17.086;5000;4800
2026-06-08T13:42:17.0000000Z;16.474;17.086;5000;4800
2026-06-08T13:42:18.0000000Z;16.47;17.086;5000;4800
2026-06-08T13:42:23.0000000Z;16.474;17.086;5000;4800
2026-06-08T13:42:26.0000000Z;16.474;17.084;5000;4800
2026-06-08T13:42:37.0000000Z;16.476;17.086;5000;4800
2026-06-08T13:42:38.0000000Z;16.476;17.084;5000;4800
2026-06-08T13:42:41.0000000Z;16.474;17.084;5000;4800
2026-06-08T13:42:42.0000000Z;16.48;17.084;5000;4800
2026-06-08T13:42:44.0000000Z;16.476;17.084;5000;4800
2026-06-08T13:42:45.0000000Z;16.48;17.084;5000;4800
2026-06-08T13:42:47.0000000Z;16.476;17.084;5000;4800
2026-06-08T13:42:50.0000000Z;16.48;17.084;5000;4800
2026-06-08T13:42:53.0000000Z;16.48;17.084;5000;4800
2026-06-08T13:42:56.0000000Z;16.476;17.084;5000;4800
2026-06-08T13:42:59.0000000Z;16.476;17.084;5000;4800
2026-06-08T13:43:02.0000000Z;16.476;17.084;5000;4800
2026-06-08T13:43:05.0000000Z;16.48;17.084;5000;4800
2026-06-08T13:43:08.0000000Z;16.48;17.084;5000;4800
2026-06-08T13:43:11.0000000Z;16.48;17.09;5000;4800
2026-06-08T13:43:14.0000000Z;16.48;17.092;5000;4800
2026-06-08T13:43:17.0000000Z;16.48;17.092;5000;4800
2026-06-08T13:43:20.0000000Z;16.48;17.09;5000;4800
2026-06-08T13:43:23.0000000Z;16.48;17.086;5000;4800
2026-06-08T13:43:25.0000000Z;16.48;17.088;5000;4800
2026-06-08T13:43:26.0000000Z;16.48;17.09;5000;4800
2026-06-08T13:43:29.0000000Z;16.482;17.086;5000;4800
2026-06-08T13:43:32.0000000Z;16.482;17.088;5000;4800
2026-06-08T13:43:35.0000000Z;16.482;17.09;5000;4800
2026-06-08T13:43:37.0000000Z;16.482;17.088;5000;4800
2026-06-08T13:43:40.0000000Z;16.482;17.088;5000;4800
2026-06-08T13:43:44.0000000Z;16.482;17.088;5000;4800
2026-06-08T13:43:49.0000000Z;16.48;17.088;5000;4800
2026-06-08T13:43:53.0000000Z;16.48;17.088;5000;4800
2026-06-08T13:43:56.0000000Z;16.48;17.088;5000;4800
2026-06-08T13:43:59.0000000Z;16.48;17.088;5000;4800
2026-06-08T13:44:02.0000000Z;16.48;17.088;5000;4800
2026-06-08T13:44:05.0000000Z;16.468;17.088;5000;4800
2026-06-08T13:44:06.0000000Z;16.476;17.088;5000;4800
2026-06-08T13:44:11.0000000Z;16.476;17.086;5000;4800
2026-06-08T13:44:13.0000000Z;16.478;17.088;5000;4800
2026-06-08T13:44:14.0000000Z;16.48;17.088;5000;4800
2026-06-08T13:44:17.0000000Z;16.48;17.09;5000;4800
2026-06-08T13:44:39.0000000Z;16.482;17.092;5000;4800
2026-06-08T13:44:53.0000000Z;16.482;17.092;5000;4800
2026-06-08T13:44:56.0000000Z;16.482;17.092;5000;4800
2026-06-08T13:44:59.0000000Z;16.47;17.092;5000;4800
2026-06-08T13:45:05.0000000Z;16.476;17.092;5000;4800
2026-06-08T13:45:11.0000000Z;16.478;17.092;5000;4800
2026-06-08T13:45:14.0000000Z;16.476;17.092;5000;4800
2026-06-08T13:45:53.0000000Z;16.478;17.09;5000;4800
2026-06-08T13:45:55.0000000Z;16.478;17.086;5000;4800
2026-06-08T13:45:56.0000000Z;16.478;17.086;5000;4800
2026-06-08T13:46:17.0000000Z;16.478;17.092;5000;4800
2026-06-08T13:46:21.0000000Z;16.482;17.092;5000;4800
2026-06-08T13:46:23.0000000Z;16.482;17.092;5000;4800
2026-06-08T13:46:32.0000000Z;16.482;17.092;5000;4800
2026-06-08T13:46:35.0000000Z;16.482;17.092;5000;4800
2026-06-08T13:46:38.0000000Z;16.478;17.092;5000;4800
2026-06-08T13:46:39.0000000Z;16.482;17.094;5000;4800
2026-06-08T13:46:41.0000000Z;16.482;17.092;5000;4800
2026-06-08T13:46:44.0000000Z;16.484;17.092;5000;4800
2026-06-08T13:46:47.0000000Z;16.478;17.092;5000;4800
2026-06-08T13:46:50.0000000Z;16.482;17.092;5000;4800
2026-06-08T13:46:53.0000000Z;16.47;17.092;5000;4800
2026-06-08T13:47:00.0000000Z;16.482;17.092;5000;4800
2026-06-08T13:47:02.0000000Z;16.482;17.092;5000;4800
2026-06-08T13:47:09.0000000Z;16.482;17.092;5000;4800
2026-06-08T13:47:17.0000000Z;16.478;17.092;5000;4800
2026-06-08T13:47:35.0000000Z;16.482;17.092;5000;4800
2026-06-08T13:47:44.0000000Z;16.48;17.092;5000;4800
2026-06-08T13:47:47.0000000Z;16.482;17.092;5000;4800
2026-06-08T13:47:50.0000000Z;16.482;17.092;5000;4800
2026-06-08T13:47:53.0000000Z;16.482;17.092;5000;4800
2026-06-08T13:47:59.0000000Z;16.482;17.092;5000;4800
2026-06-08T13:48:02.0000000Z;16.482;17.092;5000;4800
2026-06-08T13:48:08.0000000Z;16.482;17.092;5000;4800
2026-06-08T13:48:18.0000000Z;16.478;17.092;5000;4800
2026-06-08T13:48:25.0000000Z;16.476;17.086;5000;4800
2026-06-08T13:48:38.0000000Z;16.476;17.086;5000;4800
2026-06-08T13:48:41.0000000Z;16.478;17.086;5000;4800
2026-06-08T13:48:46.0000000Z;16.476;17.086;5000;4800
2026-06-08T13:48:47.0000000Z;16.478;17.086;5000;4800
2026-06-08T13:48:50.0000000Z;16.474;17.084;5000;4800
2026-06-08T13:48:54.0000000Z;16.476;17.086;5000;4800
2026-06-08T13:48:57.0000000Z;16.478;17.086;5000;4800
2026-06-08T13:49:11.0000000Z;16.476;17.086;5000;4800
2026-06-08T13:49:14.0000000Z;16.478;17.086;5000;4800
2026-06-08T13:49:18.0000000Z;16.478;17.086;5000;4800
2026-06-08T13:49:19.0000000Z;16.476;17.086;5000;4800
2026-06-08T13:49:59.0000000Z;16.478;17.086;5000;4800
2026-06-08T13:50:02.0000000Z;16.476;17.086;5000;4800
2026-06-08T13:50:08.0000000Z;16.478;17.086;5000;4800
2026-06-08T13:50:11.0000000Z;16.476;17.086;5000;4800
2026-06-08T13:50:14.0000000Z;16.476;17.086;5000;4800
2026-06-08T13:50:17.0000000Z;16.47;17.086;5000;4800
2026-06-08T13:50:18.0000000Z;16.476;17.086;5000;4800
2026-06-08T13:50:19.0000000Z;16.476;17.086;5000;4800
2026-06-08T13:50:32.0000000Z;16.478;17.086;5000;4800
2026-06-08T13:50:58.0000000Z;16.482;17.086;5000;4800
2026-06-08T13:51:02.0000000Z;16.482;17.09;5000;4800
2026-06-08T13:51:05.0000000Z;16.48;17.09;5000;4800
2026-06-08T13:51:07.0000000Z;16.482;17.09;5000;4800
2026-06-08T13:51:16.0000000Z;16.482;17.094;5000;4800
2026-06-08T13:51:35.0000000Z;16.482;17.096;5000;4800
2026-06-08T13:51:38.0000000Z;16.484;17.096;5000;4800
2026-06-08T13:51:41.0000000Z;16.488;17.096;5000;4800
2026-06-08T13:51:46.0000000Z;16.476;17.096;5000;4800
2026-06-08T13:51:47.0000000Z;16.484;17.096;5000;4800
2026-06-08T13:51:52.0000000Z;16.488;17.096;5000;4800
2026-06-08T13:51:57.0000000Z;16.488;17.096;5000;4800
2026-06-08T13:52:02.0000000Z;16.484;17.096;5000;4800
2026-06-08T13:52:03.0000000Z;16.488;17.096;5000;4800
2026-06-08T13:52:23.0000000Z;16.488;17.096;5000;4800
2026-06-08T13:52:29.0000000Z;16.486;17.096;5000;4800
2026-06-08T13:52:32.0000000Z;16.486;17.096;5000;4800
2026-06-08T13:52:35.0000000Z;16.488;17.096;5000;4800
2026-06-08T13:52:38.0000000Z;16.486;17.094;5000;4800
2026-06-08T13:52:41.0000000Z;16.488;17.096;5000;4800
2026-06-08T13:52:44.0000000Z;16.478;17.096;5000;4800
2026-06-08T13:52:47.0000000Z;16.484;17.096;5000;4800
2026-06-08T13:52:50.0000000Z;16.486;17.096;5000;4800
2026-06-08T13:52:53.0000000Z;16.488;17.096;5000;4800
2026-06-08T13:52:56.0000000Z;16.486;17.096;5000;4800
2026-06-08T13:52:59.0000000Z;16.488;17.096;5000;4800
2026-06-08T13:53:02.0000000Z;16.486;17.096;5000;4800
2026-06-08T13:53:09.0000000Z;16.49;17.096;5000;4800
2026-06-08T13:53:11.0000000Z;16.49;17.098;5000;4800
2026-06-08T13:53:14.0000000Z;16.49;17.098;5000;4800
2026-06-08T13:53:59.0000000Z;16.484;17.098;5000;4800
2026-06-08T13:54:00.0000000Z;16.488;17.098;5000;4800
2026-06-08T13:54:08.0000000Z;16.478;17.098;5000;4800
2026-06-08T13:54:09.0000000Z;16.486;17.098;5000;4800
2026-06-08T13:54:18.0000000Z;16.484;17.1;5000;4800
2026-06-08T13:55:15.0000000Z;16.486;17.096;5000;4800
2026-06-08T13:55:25.0000000Z;16.484;17.094;5000;4800
2026-06-08T13:55:29.0000000Z;16.486;17.096;5000;4800
2026-06-08T13:55:33.0000000Z;16.49;17.096;5000;4800
2026-06-08T13:55:50.0000000Z;16.48;17.092;5000;4800
2026-06-08T13:55:57.0000000Z;16.486;17.094;5000;4800
2026-06-08T13:56:15.0000000Z;16.482;17.094;5000;4800
2026-06-08T13:56:17.0000000Z;16.482;17.09;5000;4800
2026-06-08T13:56:23.0000000Z;16.484;17.09;5000;4800
2026-06-08T13:56:28.0000000Z;16.484;17.09;5000;4800
2026-06-08T13:56:29.0000000Z;16.482;17.09;5000;4800
2026-06-08T13:56:32.0000000Z;16.482;17.09;5000;4800
2026-06-08T13:56:35.0000000Z;16.482;17.09;5000;4800
2026-06-08T13:56:38.0000000Z;16.48;17.09;5000;4800
2026-06-08T13:56:41.0000000Z;16.482;17.09;5000;4800
2026-06-08T13:56:47.0000000Z;16.484;17.09;5000;4800
2026-06-08T13:56:55.0000000Z;16.484;17.092;5000;4800
2026-06-08T13:57:13.0000000Z;16.478;17.092;5000;4800
2026-06-08T13:57:14.0000000Z;16.484;17.092;5000;4800
2026-06-08T13:57:16.0000000Z;16.484;17.092;5000;4800
2026-06-08T13:57:23.0000000Z;16.482;17.092;5000;4800
2026-06-08T13:57:26.0000000Z;16.484;17.092;5000;4800
2026-06-08T13:57:34.0000000Z;16.478;17.092;5000;4800
2026-06-08T13:57:37.0000000Z;16.478;17.086;5000;4800
2026-06-08T13:57:47.0000000Z;16.482;17.086;5000;4800
2026-06-08T13:57:52.0000000Z;16.478;17.086;5000;4800
2026-06-08T13:57:57.0000000Z;16.474;17.086;5000;4800
2026-06-08T13:57:58.0000000Z;16.478;17.086;5000;4800
2026-06-08T13:57:59.0000000Z;16.482;17.086;5000;4800
2026-06-08T13:58:04.0000000Z;16.482;17.086;5000;4800
2026-06-08T13:58:16.0000000Z;16.482;17.092;5000;4800
2026-06-08T13:58:23.0000000Z;16.474;17.092;5000;4800
2026-06-08T13:58:24.0000000Z;16.476;17.092;5000;4800
2026-06-08T13:58:35.0000000Z;16.482;17.092;5000;4800
2026-06-08T13:58:36.0000000Z;16.482;17.086;5000;4800
2026-06-08T13:58:40.0000000Z;16.476;17.086;5000;4800
2026-06-08T13:58:41.0000000Z;16.482;17.086;5000;4800
2026-06-08T13:58:42.0000000Z;16.484;17.086;5000;4800
2026-06-08T13:58:59.0000000Z;16.484;17.096;5000;4800
2026-06-08T13:59:02.0000000Z;16.488;17.096;5000;4800
2026-06-08T13:59:17.0000000Z;16.486;17.096;5000;4800
2026-06-08T13:59:27.0000000Z;16.482;17.096;5000;4800
2026-06-08T13:59:28.0000000Z;16.484;17.096;5000;4800
2026-06-08T13:59:35.0000000Z;16.488;17.096;5000;4800
2026-06-08T13:59:38.0000000Z;16.486;17.096;5000;4800
2026-06-08T13:59:41.0000000Z;16.488;17.096;5000;4800
2026-06-08T13:59:46.0000000Z;16.486;17.096;5000;4800
2026-06-08T14:00:02.0000000Z;16.486;17.096;5000;4800
2026-06-08T14:00:07.0000000Z;16.49;17.096;5000;4800
2026-06-08T14:00:09.0000000Z;16.492;17.096;5000;4800
2026-06-08T14:00:20.0000000Z;16.486;17.098;5000;4800
2026-06-08T14:00:22.0000000Z;16.49;17.098;5000;4800
2026-06-08T14:00:23.0000000Z;16.486;17.098;5000;4800
2026-06-08T14:00:26.0000000Z;16.486;17.098;5000;4800
2026-06-08T14:00:29.0000000Z;16.488;17.098;5000;4800
2026-06-08T14:00:32.0000000Z;16.48;17.098;5000;4800
2026-06-08T14:00:36.0000000Z;16.482;17.098;5000;4800
2026-06-08T14:00:38.0000000Z;16.486;17.098;5000;4800
2026-06-08T14:00:41.0000000Z;16.486;17.098;5000;4800
2026-06-08T14:00:42.0000000Z;16.486;17.094;5000;4800
2026-06-08T14:00:42.0000000Z;16.486;17.094;5000;4800
2026-06-08T14:01:11.0000000Z;16.484;17.094;5000;4800
2026-06-08T14:01:14.0000000Z;16.486;17.094;5000;4800
2026-06-08T14:01:16.0000000Z;16.488;17.1;5000;4800
2026-06-08T14:01:31.0000000Z;16.486;17.098;5000;4800
2026-06-08T14:01:49.0000000Z;16.488;17.1;5000;4800
2026-06-08T14:01:56.0000000Z;16.484;17.1;5000;4800
2026-06-08T14:01:59.0000000Z;16.488;17.1;5000;4800
2026-06-08T14:02:05.0000000Z;16.49;17.1;5000;4800
2026-06-08T14:02:08.0000000Z;16.488;17.1;5000;4800
2026-06-08T14:02:12.0000000Z;16.488;17.098;5000;4800
2026-06-08T14:02:17.0000000Z;16.488;17.098;5000;4800
2026-06-08T14:02:50.0000000Z;16.482;17.098;5000;4800
2026-06-08T14:02:57.0000000Z;16.486;17.098;5000;4800
2026-06-08T14:03:11.0000000Z;16.484;17.096;5000;4800
2026-06-08T14:03:17.0000000Z;16.484;17.096;5000;4800
2026-06-08T14:03:21.0000000Z;16.486;17.098;5000;4800
2026-06-08T14:03:35.0000000Z;16.488;17.098;5000;4800
2026-06-08T14:03:41.0000000Z;16.49;17.098;5000;4800
2026-06-08T14:03:43.0000000Z;16.482;17.096;5000;4800
2026-06-08T14:03:44.0000000Z;16.488;17.096;5000;4800
2026-06-08T14:03:47.0000000Z;16.49;17.098;5000;4800
2026-06-08T14:03:53.0000000Z;16.488;17.098;5000;4800
2026-06-08T14:04:01.0000000Z;16.486;17.096;5000;4800
2026-06-08T14:04:05.0000000Z;16.488;17.098;5000;4800
2026-06-08T14:04:13.0000000Z;16.486;17.096;5000;4800
2026-06-08T14:04:15.0000000Z;16.488;17.098;5000;4800
2026-06-08T14:04:17.0000000Z;16.488;17.098;5000;4800
2026-06-08T14:04:26.0000000Z;16.486;17.096;5000;4800
2026-06-08T14:04:38.0000000Z;16.48;17.098;5000;4800
2026-06-08T14:04:39.0000000Z;16.486;17.098;5000;4800
2026-06-08T14:04:40.0000000Z;16.488;17.098;5000;4800
2026-06-08T14:04:41.0000000Z;16.49;17.098;5000;4800
2026-06-08T14:04:44.0000000Z;16.486;17.098;5000;4800
2026-06-08T14:04:53.0000000Z;16.484;17.096;5000;4800
2026-06-08T14:04:57.0000000Z;16.488;17.096;5000;4800
2026-06-08T14:05:17.0000000Z;16.488;17.098;5000;4800
2026-06-08T14:05:24.0000000Z;16.488;17.098;5000;4800
2026-06-08T14:05:26.0000000Z;16.488;17.098;5000;4800
2026-06-08T14:05:29.0000000Z;16.49;17.098;5000;4800
2026-06-08T14:05:32.0000000Z;16.48;17.098;5000;4800
2026-06-08T14:05:33.0000000Z;16.486;17.098;5000;4800
2026-06-08T14:05:34.0000000Z;16.488;17.098;5000;4800
2026-06-08T14:05:35.0000000Z;16.49;17.098;5000;4800
2026-06-08T14:05:38.0000000Z;16.49;17.098;5000;4800
2026-06-08T14:05:41.0000000Z;16.48;17.098;5000;4800
2026-06-08T14:05:44.0000000Z;16.486;17.098;5000;4800
2026-06-08T14:05:47.0000000Z;16.488;17.098;5000;4800
2026-06-08T14:05:52.0000000Z;16.488;17.096;5000;4800
2026-06-08T14:06:04.0000000Z;16.49;17.098;5000;4800
2026-06-08T14:06:16.0000000Z;16.488;17.102;5000;4800
2026-06-08T14:06:23.0000000Z;16.49;17.102;5000;4800
2026-06-08T14:06:29.0000000Z;16.494;17.102;5000;4800
2026-06-08T14:06:41.0000000Z;16.494;17.102;5000;4800
2026-06-08T14:06:44.0000000Z;16.494;17.108;5000;4800
2026-06-08T14:07:01.0000000Z;16.494;17.102;5000;4800
2026-06-08T14:07:17.0000000Z;16.496;17.102;5000;4800
2026-06-08T14:08:18.0000000Z;16.492;17.108;5000;4800
2026-06-08T14:08:21.0000000Z;16.492;17.102;5000;4800
2026-06-08T14:08:23.0000000Z;16.494;17.102;5000;4800
2026-06-08T14:08:46.0000000Z;16.492;17.1;5000;4800
2026-06-08T14:09:17.0000000Z;16.492;17.106;5000;4800
2026-06-08T14:09:29.0000000Z;16.492;17.106;5000;4800
2026-06-08T14:09:36.0000000Z;16.488;17.106;5000;4800
2026-06-08T14:09:38.0000000Z;16.496;17.106;5000;4800
2026-06-08T14:09:40.0000000Z;16.496;17.106;5000;4800
2026-06-08T14:09:41.0000000Z;16.496;17.11;5000;4800
2026-06-08T14:09:44.0000000Z;16.494;17.108;5000;4800
2026-06-08T14:09:47.0000000Z;16.5;17.11;5000;4800
2026-06-08T14:09:50.0000000Z;16.5;17.11;5000;4800
2026-06-08T14:09:51.0000000Z;16.5;17.108;5000;4800
2026-06-08T14:09:53.0000000Z;16.5;17.11;5000;4800
2026-06-08T14:09:55.0000000Z;16.494;17.11;5000;4800
2026-06-08T14:09:56.0000000Z;16.5;17.11;5000;4800
2026-06-08T14:09:59.0000000Z;16.498;17.108;5000;4800
2026-06-08T14:10:02.0000000Z;16.498;17.108;5000;4800
2026-06-08T14:10:04.0000000Z;16.5;17.11;5000;4800
2026-06-08T14:10:05.0000000Z;16.5;17.11;5000;4800
2026-06-08T14:10:08.0000000Z;16.5;17.11;5000;4800
2026-06-08T14:10:09.0000000Z;16.494;17.11;5000;4800
2026-06-08T14:10:10.0000000Z;16.5;17.11;5000;4800
2026-06-08T14:10:11.0000000Z;16.5;17.1;5000;4800
2026-06-08T14:10:14.0000000Z;16.5;17.102;5000;4800
2026-06-08T14:10:15.0000000Z;16.49;17.106;5000;4800
2026-06-08T14:10:19.0000000Z;16.49;17.106;5000;4800
2026-06-08T14:10:21.0000000Z;16.49;17.102;5000;4800
2026-06-08T14:10:26.0000000Z;16.494;17.102;5000;4800
2026-06-08T14:10:32.0000000Z;16.492;17.102;5000;4800
2026-06-08T14:10:35.0000000Z;16.492;17.1;5000;4800
2026-06-08T14:10:38.0000000Z;16.492;17.102;5000;4800
2026-06-08T14:10:41.0000000Z;16.49;17.1;5000;4800
2026-06-08T14:10:44.0000000Z;16.49;17.098;5000;4800
2026-06-08T14:10:47.0000000Z;16.484;17.098;5000;4800
2026-06-08T14:10:50.0000000Z;16.49;17.098;5000;4800
2026-06-08T14:10:53.0000000Z;16.488;17.098;5000;4800
2026-06-08T14:10:56.0000000Z;16.488;17.098;5000;4800
2026-06-08T14:10:59.0000000Z;16.49;17.098;5000;4800
2026-06-08T14:11:04.0000000Z;16.49;17.098;5000;4800
2026-06-08T14:11:08.0000000Z;16.488;17.098;5000;4800
2026-06-08T14:11:26.0000000Z;16.486;17.098;5000;4800
2026-06-08T14:11:29.0000000Z;16.49;17.098;5000;4800
2026-06-08T14:11:34.0000000Z;16.486;17.098;5000;4800
2026-06-08T14:11:35.0000000Z;16.49;17.098;5000;4800
2026-06-08T14:12:08.0000000Z;16.488;17.096;5000;4800
2026-06-08T14:12:11.0000000Z;16.488;17.096;5000;4800
2026-06-08T14:12:14.0000000Z;16.488;17.096;5000;4800
2026-06-08T14:12:17.0000000Z;16.49;17.096;5000;4800
2026-06-08T14:12:20.0000000Z;16.49;17.096;5000;4800
2026-06-08T14:12:22.0000000Z;16.49;17.098;5000;4800
2026-06-08T14:12:23.0000000Z;16.49;17.098;5000;4800
2026-06-08T14:12:26.0000000Z;16.49;17.098;5000;4800
2026-06-08T14:13:03.0000000Z;16.492;17.1;5000;4800
2026-06-08T14:13:05.0000000Z;16.49;17.1;5000;4800
2026-06-08T14:13:08.0000000Z;16.488;17.1;5000;4800
2026-06-08T14:13:10.0000000Z;16.486;17.098;5000;4800
2026-06-08T14:13:11.0000000Z;16.488;17.098;5000;4800
2026-06-08T14:13:12.0000000Z;16.488;17.094;5000;4800
2026-06-08T14:13:14.0000000Z;16.484;17.094;5000;4800
2026-06-08T14:13:15.0000000Z;16.486;17.094;5000;4800
2026-06-08T14:13:16.0000000Z;16.484;17.094;5000;4800
2026-06-08T14:13:17.0000000Z;16.486;17.094;5000;4800
2026-06-08T14:13:20.0000000Z;16.484;17.092;5000;4800
2026-06-08T14:13:22.0000000Z;16.486;17.094;5000;4800
2026-06-08T14:13:23.0000000Z;16.488;17.094;5000;4800
2026-06-08T14:13:28.0000000Z;16.486;17.094;5000;4800
2026-06-08T14:13:35.0000000Z;16.484;17.094;5000;4800
2026-06-08T14:13:38.0000000Z;16.49;17.094;5000;4800
2026-06-08T14:13:43.0000000Z;16.484;17.094;5000;4800
2026-06-08T14:13:44.0000000Z;16.488;17.094;5000;4800
2026-06-08T14:14:18.0000000Z;16.488;17.1;5000;4800
2026-06-08T14:14:32.0000000Z;16.486;17.1;5000;4800
2026-06-08T14:14:34.0000000Z;16.486;17.096;5000;4800
2026-06-08T14:14:35.0000000Z;16.488;17.096;5000;4800
2026-06-08T14:14:40.0000000Z;16.488;17.096;5000;4800
2026-06-08T14:15:05.0000000Z;16.488;17.096;5000;4800
2026-06-08T14:15:14.0000000Z;16.484;17.094;5000;4800
2026-06-08T14:15:17.0000000Z;16.488;17.096;5000;4800
2026-06-08T14:15:20.0000000Z;16.478;17.096;5000;4800
2026-06-08T14:15:22.0000000Z;16.484;17.096;5000;4800
2026-06-08T14:15:23.0000000Z;16.486;17.096;5000;4800
2026-06-08T14:15:26.0000000Z;16.484;17.094;5000;4800
2026-06-08T14:15:29.0000000Z;16.484;17.094;5000;4800
2026-06-08T14:15:53.0000000Z;16.486;17.094;5000;4800
2026-06-08T14:15:56.0000000Z;16.486;17.094;5000;4800
2026-06-08T14:16:08.0000000Z;16.484;17.094;5000;4800
2026-06-08T14:16:11.0000000Z;16.486;17.094;5000;4800
2026-06-08T14:16:14.0000000Z;16.478;17.094;5000;4800
2026-06-08T14:16:16.0000000Z;16.482;17.094;5000;4800
2026-06-08T14:16:17.0000000Z;16.484;17.094;5000;4800
2026-06-08T14:16:20.0000000Z;16.484;17.094;5000;4800
2026-06-08T14:16:23.0000000Z;16.484;17.094;5000;4800
2026-06-08T14:16:26.0000000Z;16.482;17.094;5000;4800
2026-06-08T14:16:29.0000000Z;16.484;17.094;5000;4800
2026-06-08T14:16:32.0000000Z;16.482;17.094;5000;4800
2026-06-08T14:16:35.0000000Z;16.484;17.094;5000;4800
2026-06-08T14:16:38.0000000Z;16.486;17.096;5000;4800
2026-06-08T14:17:09.0000000Z;16.488;17.096;5000;4800
2026-06-08T14:17:17.0000000Z;16.486;17.096;5000;4800
2026-06-08T14:17:18.0000000Z;16.486;17.096;5000;4800
2026-06-08T14:17:20.0000000Z;16.486;17.096;5000;4800
2026-06-08T14:17:23.0000000Z;16.486;17.096;5000;4800
2026-06-08T14:17:29.0000000Z;16.486;17.096;5000;4800
2026-06-08T14:17:32.0000000Z;16.488;17.096;5000;4800
2026-06-08T14:17:35.0000000Z;16.486;17.096;5000;4800
2026-06-08T14:17:38.0000000Z;16.484;17.096;5000;4800
2026-06-08T14:17:45.0000000Z;16.488;17.098;5000;4800
2026-06-08T14:17:50.0000000Z;16.488;17.098;5000;4800
2026-06-08T14:18:18.0000000Z;16.488;17.098;5000;4800
2026-06-08T14:18:26.0000000Z;16.486;17.098;5000;4800
2026-06-08T14:18:29.0000000Z;16.488;17.098;5000;4800
2026-06-08T14:18:32.0000000Z;16.48;17.098;5000;4800
2026-06-08T14:18:34.0000000Z;16.488;17.098;5000;4800
2026-06-08T14:18:38.0000000Z;16.488;17.098;5000;4800
2026-06-08T14:18:41.0000000Z;16.488;17.098;5000;4800
2026-06-08T14:18:44.0000000Z;16.486;17.098;5000;4800
2026-06-08T14:18:46.0000000Z;16.488;17.098;5000;4800
2026-06-08T14:18:50.0000000Z;16.49;17.098;5000;4800
2026-06-08T14:18:53.0000000Z;16.49;17.098;5000;4800
2026-06-08T14:18:54.0000000Z;16.488;17.098;5000;4800
2026-06-08T14:18:58.0000000Z;16.48;17.098;5000;4800
2026-06-08T14:18:59.0000000Z;16.488;17.098;5000;4800
2026-06-08T14:19:17.0000000Z;16.488;17.098;5000;4800
2026-06-08T14:19:23.0000000Z;16.488;17.098;5000;4800
2026-06-08T14:19:26.0000000Z;16.488;17.098;5000;4800
2026-06-08T14:19:29.0000000Z;16.488;17.098;5000;4800
2026-06-08T14:19:32.0000000Z;16.488;17.098;5000;4800
2026-06-08T14:19:35.0000000Z;16.486;17.098;5000;4800
2026-06-08T14:19:38.0000000Z;16.488;17.098;5000;4800
2026-06-08T14:19:41.0000000Z;16.49;17.098;5000;4800
2026-06-08T14:19:44.0000000Z;16.488;17.098;5000;4800
2026-06-08T14:19:45.0000000Z;16.48;17.098;5000;4800
2026-06-08T14:19:47.0000000Z;16.488;17.098;5000;4800
2026-06-08T14:19:53.0000000Z;16.488;17.096;5000;4800
2026-06-08T14:20:11.0000000Z;16.488;17.094;5000;4800
2026-06-08T14:20:14.0000000Z;16.49;17.1;5000;4800
2026-06-08T14:20:17.0000000Z;16.492;17.1;5000;4800
2026-06-08T14:20:20.0000000Z;16.49;17.1;5000;4800
2026-06-08T14:20:23.0000000Z;16.49;17.1;5000;4800
2026-06-08T14:20:25.0000000Z;16.494;17.1;5000;4800
2026-06-08T14:20:26.0000000Z;16.494;17.1;5000;4800
2026-06-08T14:20:29.0000000Z;16.494;17.1;5000;4800
2026-06-08T14:20:30.0000000Z;16.494;17.1;5000;4800
2026-06-08T14:20:32.0000000Z;16.49;17.1;5000;4800
2026-06-08T14:20:33.0000000Z;16.494;17.1;5000;4800
2026-06-08T14:21:02.0000000Z;16.492;17.106;5000;4800
2026-06-08T14:21:13.0000000Z;16.492;17.1;5000;4800
2026-06-08T14:21:14.0000000Z;16.49;17.1;5000;4800
2026-06-08T14:21:16.0000000Z;16.496;17.1;5000;4800
2026-06-08T14:21:23.0000000Z;16.49;17.1;5000;4800
2026-06-08T14:21:25.0000000Z;16.496;17.1;5000;4800
2026-06-08T14:21:44.0000000Z;16.498;17.112;5000;4800
2026-06-08T14:21:47.0000000Z;16.5;17.112;5000;4800
2026-06-08T14:21:49.0000000Z;16.502;17.114;5000;4800
2026-06-08T14:21:50.0000000Z;16.502;17.114;5000;4800
2026-06-08T14:21:51.0000000Z;16.5;17.114;5000;4800
2026-06-08T14:21:52.0000000Z;16.5;17.112;5000;4800
2026-06-08T14:21:53.0000000Z;16.502;17.112;5000;4800
2026-06-08T14:21:56.0000000Z;16.5;17.112;5000;4800
2026-06-08T14:21:59.0000000Z;16.498;17.11;5000;4800
2026-06-08T14:22:02.0000000Z;16.5;17.112;5000;4800
2026-06-08T14:22:05.0000000Z;16.498;17.112;5000;4800
2026-06-08T14:22:06.0000000Z;16.502;17.112;5000;4800
2026-06-08T14:22:08.0000000Z;16.5;17.108;5000;4800
2026-06-08T14:22:11.0000000Z;16.5;17.108;5000;4800
2026-06-08T14:22:13.0000000Z;16.5;17.112;5000;4800
2026-06-08T14:22:14.0000000Z;16.5;17.11;5000;4800
2026-06-08T14:22:17.0000000Z;16.5;17.108;5000;4800
2026-06-08T14:22:20.0000000Z;16.5;17.108;5000;4800
2026-06-08T14:22:23.0000000Z;16.5;17.108;5000;4800
2026-06-08T14:22:26.0000000Z;16.5;17.108;5000;4800
2026-06-08T14:22:29.0000000Z;16.5;17.11;5000;4800
2026-06-08T14:22:31.0000000Z;16.494;17.108;5000;4800
2026-06-08T14:22:32.0000000Z;16.498;17.108;5000;4800
2026-06-08T14:22:35.0000000Z;16.498;17.108;5000;4800
2026-06-08T14:22:38.0000000Z;16.5;17.108;5000;4800
2026-06-08T14:22:47.0000000Z;16.498;17.108;5000;4800
2026-06-08T14:22:52.0000000Z;16.498;17.108;5000;4800
2026-06-08T14:22:53.0000000Z;16.498;17.108;5000;4800
2026-06-08T14:22:56.0000000Z;16.496;17.108;5000;4800
2026-06-08T14:22:59.0000000Z;16.498;17.108;5000;4800
2026-06-08T14:23:02.0000000Z;16.496;17.108;5000;4800
2026-06-08T14:23:38.0000000Z;16.498;17.11;5000;4800
2026-06-08T14:23:42.0000000Z;16.496;17.108;5000;4800
2026-06-08T14:23:44.0000000Z;16.496;17.11;5000;4800
2026-06-08T14:23:58.0000000Z;16.5;17.11;5000;4800
2026-06-08T14:24:03.0000000Z;16.498;17.11;5000;4800
2026-06-08T14:24:19.0000000Z;16.5;17.112;5000;4800
2026-06-08T14:24:26.0000000Z;16.498;17.112;5000;4800
2026-06-08T14:24:29.0000000Z;16.498;17.106;5000;4800
2026-06-08T14:24:32.0000000Z;16.488;17.106;5000;4800
2026-06-08T14:24:35.0000000Z;16.498;17.106;5000;4800
2026-06-08T14:24:38.0000000Z;16.498;17.106;5000;4800
2026-06-08T14:24:41.0000000Z;16.498;17.106;5000;4800
2026-06-08T14:24:44.0000000Z;16.498;17.106;5000;4800
2026-06-08T14:24:45.0000000Z;16.5;17.108;5000;4800
2026-06-08T14:24:51.0000000Z;16.498;17.106;5000;4800
2026-06-08T14:24:53.0000000Z;16.5;17.106;5000;4800
2026-06-08T14:25:04.0000000Z;16.502;17.108;5000;4800
2026-06-08T14:25:18.0000000Z;16.5;17.112;5000;4800
2026-06-08T14:25:32.0000000Z;16.5;17.112;5000;4800
2026-06-08T14:25:35.0000000Z;16.498;17.112;5000;4800
2026-06-08T14:25:37.0000000Z;16.5;17.112;5000;4800
2026-06-08T14:25:42.0000000Z;16.49;17.114;5000;4800
2026-06-08T14:25:44.0000000Z;16.5;17.114;5000;4800
2026-06-08T14:25:47.0000000Z;16.5;17.114;5000;4800
2026-06-08T14:25:50.0000000Z;16.5;17.114;5000;4800
2026-06-08T14:25:53.0000000Z;16.498;17.114;5000;4800
2026-06-08T14:25:56.0000000Z;16.5;17.114;5000;4800
2026-06-08T14:25:59.0000000Z;16.496;17.114;5000;4800
2026-06-08T14:25:59.0000000Z;16.5;17.114;5000;4800
2026-06-08T14:26:02.0000000Z;16.5;17.114;5000;4800
2026-06-08T14:26:28.0000000Z;16.5;17.11;5000;4800
2026-06-08T14:26:41.0000000Z;16.496;17.11;5000;4800
2026-06-08T14:26:44.0000000Z;16.502;17.11;5000;4800
2026-06-08T14:26:49.0000000Z;16.5;17.11;5000;4800
2026-06-08T14:26:50.0000000Z;16.502;17.11;5000;4800
2026-06-08T14:26:55.0000000Z;16.502;17.11;5000;4800
2026-06-08T14:26:56.0000000Z;16.496;17.112;5000;4800
2026-06-08T14:26:57.0000000Z;16.496;17.11;5000;4800
2026-06-08T14:27:05.0000000Z;16.49;17.11;5000;4800
2026-06-08T14:27:10.0000000Z;16.496;17.11;5000;4800
2026-06-08T14:28:14.0000000Z;16.49;17.11;5000;4800
2026-06-08T14:28:19.0000000Z;16.49;17.106;5000;4800
2026-06-08T14:28:21.0000000Z;16.494;17.106;5000;4800
2026-06-08T14:28:23.0000000Z;16.5;17.106;5000;4800
2026-06-08T14:29:02.0000000Z;16.5;17.106;5000;4800
2026-06-08T14:29:11.0000000Z;16.496;17.11;5000;4800
2026-06-08T14:29:17.0000000Z;16.49;17.11;5000;4800
2026-06-08T14:29:20.0000000Z;16.494;17.11;5000;4800
2026-06-08T14:29:23.0000000Z;16.494;17.108;5000;4800
2026-06-08T14:29:24.0000000Z;16.496;17.108;5000;4800
2026-06-08T14:29:26.0000000Z;16.496;17.108;5000;4800
2026-06-08T14:29:29.0000000Z;16.492;17.108;5000;4800
2026-06-08T14:29:32.0000000Z;16.496;17.108;5000;4800
2026-06-08T14:29:35.0000000Z;16.498;17.108;5000;4800
2026-06-08T14:29:38.0000000Z;16.494;17.106;5000;4800
2026-06-08T14:29:44.0000000Z;16.498;17.106;5000;4800
2026-06-08T14:30:01.0000000Z;16.498;17.108;5000;4800
2026-06-08T14:30:06.0000000Z;16.496;17.106;5000;4800
2026-06-08T14:30:11.0000000Z;16.498;17.106;5000;4800
2026-06-08T14:30:14.0000000Z;16.498;17.106;5000;4800
2026-06-08T14:30:19.0000000Z;16.496;17.106;5000;4800
2026-06-08T14:30:20.0000000Z;16.498;17.106;5000;4800
2026-06-08T14:30:23.0000000Z;16.496;17.108;5000;4800
2026-06-08T14:30:25.0000000Z;16.498;17.11;5000;4800
2026-06-08T14:30:30.0000000Z;16.496;17.11;5000;4800
2026-06-08T14:30:37.0000000Z;16.498;17.108;5000;4800
2026-06-08T14:30:42.0000000Z;16.496;17.106;5000;4800
2026-06-08T14:30:44.0000000Z;16.494;17.106;5000;4800
2026-06-08T14:30:47.0000000Z;16.492;17.106;5000;4800
2026-06-08T14:30:48.0000000Z;16.496;17.108;5000;4800
2026-06-08T14:30:53.0000000Z;16.496;17.108;5000;4800
2026-06-08T14:30:58.0000000Z;16.496;17.108;5000;4800
2026-06-08T14:31:04.0000000Z;16.498;17.11;5000;4800
2026-06-08T14:31:05.0000000Z;16.498;17.106;5000;4800
2026-06-08T14:31:09.0000000Z;16.498;17.106;5000;4800
2026-06-08T14:31:14.0000000Z;16.498;17.106;5000;4800
2026-06-08T14:31:19.0000000Z;16.498;17.106;5000;4800
2026-06-08T14:31:20.0000000Z;16.496;17.106;5000;4800
2026-06-08T14:31:47.0000000Z;16.494;17.104;5000;4800
2026-06-08T14:31:49.0000000Z;16.5;17.106;5000;4800
2026-06-08T14:31:56.0000000Z;16.496;17.108;5000;4800
2026-06-08T14:31:58.0000000Z;16.496;17.104;5000;4800
2026-06-08T14:31:59.0000000Z;16.496;17.104;5000;4800
2026-06-08T14:32:08.0000000Z;16.496;17.104;5000;4800
2026-06-08T14:32:11.0000000Z;16.496;17.104;5000;4800
2026-06-08T14:32:14.0000000Z;16.496;17.104;5000;4800
2026-06-08T14:32:17.0000000Z;16.498;17.104;5000;4800
2026-06-08T14:32:18.0000000Z;16.498;17.104;5000;4800
2026-06-08T14:32:20.0000000Z;16.498;17.104;5000;4800
2026-06-08T14:32:23.0000000Z;16.494;17.104;5000;4800
2026-06-08T14:32:26.0000000Z;16.494;17.104;5000;4800
2026-06-08T14:32:29.0000000Z;16.5;17.104;5000;4800
2026-06-08T14:32:32.0000000Z;16.498;17.104;5000;4800
2026-06-08T14:32:35.0000000Z;16.498;17.104;5000;4800
2026-06-08T14:32:40.0000000Z;16.498;17.104;5000;4800
2026-06-08T14:32:45.0000000Z;16.496;17.106;5000;4800
2026-06-08T14:32:46.0000000Z;16.5;17.106;5000;4800
2026-06-08T14:32:47.0000000Z;16.5;17.106;5000;4800
2026-06-08T14:32:50.0000000Z;16.494;17.106;5000;4800
2026-06-08T14:32:56.0000000Z;16.494;17.102;5000;4800
2026-06-08T14:32:59.0000000Z;16.494;17.102;5000;4800
2026-06-08T14:33:02.0000000Z;16.486;17.102;5000;4800
2026-06-08T14:33:05.0000000Z;16.49;17.102;5000;4800
2026-06-08T14:33:08.0000000Z;16.49;17.102;5000;4800
2026-06-08T14:33:11.0000000Z;16.494;17.1;5000;4800
2026-06-08T14:33:16.0000000Z;16.492;17.102;5000;4800
2026-06-08T14:33:27.0000000Z;16.494;17.104;5000;4800
2026-06-08T14:33:38.0000000Z;16.494;17.102;5000;4800
2026-06-08T14:34:17.0000000Z;16.49;17.104;5000;4800
2026-06-08T14:34:23.0000000Z;16.486;17.104;5000;4800
2026-06-08T14:34:26.0000000Z;16.49;17.104;5000;4800
2026-06-08T14:35:03.0000000Z;16.49;17.102;5000;4800
2026-06-08T14:35:07.0000000Z;16.488;17.102;5000;4800
2026-06-08T14:35:08.0000000Z;16.49;17.102;5000;4800
2026-06-08T14:35:15.0000000Z;16.488;17.104;5000;4800
2026-06-08T14:35:23.0000000Z;16.492;17.1;5000;4800
2026-06-08T14:35:37.0000000Z;16.492;17.1;5000;4800
2026-06-08T14:35:57.0000000Z;16.486;17.1;5000;4800
2026-06-08T14:35:58.0000000Z;16.492;17.1;5000;4800
2026-06-08T14:36:08.0000000Z;16.492;17.1;5000;4800
2026-06-08T14:36:17.0000000Z;16.49;17.104;5000;4800
2026-06-08T14:36:25.0000000Z;16.486;17.104;5000;4800
2026-06-08T14:36:31.0000000Z;16.49;17.104;5000;4800
2026-06-08T14:36:34.0000000Z;16.494;17.104;5000;4800
2026-06-08T14:36:39.0000000Z;16.486;17.102;5000;4800
2026-06-08T14:36:40.0000000Z;16.494;17.104;5000;4800
2026-06-08T14:36:45.0000000Z;16.492;17.102;5000;4800
2026-06-08T14:36:46.0000000Z;16.486;17.102;5000;4800
2026-06-08T14:37:04.0000000Z;16.484;17.102;5000;4800
2026-06-08T14:37:11.0000000Z;16.496;17.108;5000;4800
2026-06-08T14:37:13.0000000Z;16.494;17.108;5000;4800
2026-06-08T14:37:21.0000000Z;16.494;17.108;5000;4800
2026-06-08T14:37:22.0000000Z;16.496;17.108;5000;4800
2026-06-08T14:37:24.0000000Z;16.496;17.104;5000;4800
2026-06-08T14:38:17.0000000Z;16.49;17.102;5000;4800
2026-06-08T14:39:02.0000000Z;16.492;17.104;5000;4800
2026-06-08T14:39:05.0000000Z;16.494;17.104;5000;4800
2026-06-08T14:39:08.0000000Z;16.496;17.104;5000;4800
2026-06-08T14:39:11.0000000Z;16.496;17.104;5000;4800
2026-06-08T14:39:14.0000000Z;16.492;17.104;5000;4800
2026-06-08T14:39:17.0000000Z;16.494;17.104;5000;4800
2026-06-08T14:39:20.0000000Z;16.496;17.104;5000;4800
2026-06-08T14:39:22.0000000Z;16.488;17.104;5000;4800
2026-06-08T14:39:23.0000000Z;16.49;17.104;5000;4800
2026-06-08T14:39:32.0000000Z;16.486;17.104;5000;4800
2026-06-08T14:39:33.0000000Z;16.488;17.104;5000;4800
2026-06-08T14:39:34.0000000Z;16.492;17.104;5000;4800
2026-06-08T14:39:35.0000000Z;16.494;17.104;5000;4800
2026-06-08T14:39:46.0000000Z;16.484;17.104;5000;4800
2026-06-08T14:40:05.0000000Z;16.496;17.108;5000;4800
2026-06-08T14:40:09.0000000Z;16.496;17.106;5000;4800
2026-06-08T14:40:10.0000000Z;16.494;17.106;5000;4800
2026-06-08T14:40:21.0000000Z;16.494;17.104;5000;4800
2026-06-08T14:40:22.0000000Z;16.488;17.104;5000;4800
2026-06-08T14:40:24.0000000Z;16.496;17.104;5000;4800
2026-06-08T14:40:28.0000000Z;16.498;17.106;5000;4800
2026-06-08T14:40:28.0000000Z;16.498;17.106;5000;4800
2026-06-08T14:42:12.0000000Z;16.498;17.106;5000;4800
2026-06-08T14:42:23.0000000Z;16.496;17.104;5000;4800
2026-06-08T14:42:25.0000000Z;16.496;17.106;5000;4800
2026-06-08T14:42:26.0000000Z;16.496;17.104;5000;4800
2026-06-08T14:42:28.0000000Z;16.496;17.104;5000;4800
2026-06-08T14:42:31.0000000Z;16.498;17.104;5000;4800
2026-06-08T14:42:34.0000000Z;16.494;17.104;5000;4800
2026-06-08T14:42:37.0000000Z;16.496;17.104;5000;4800
2026-06-08T14:42:40.0000000Z;16.494;17.104;5000;4800
2026-06-08T14:42:43.0000000Z;16.496;17.104;5000;4800
2026-06-08T14:42:46.0000000Z;16.494;17.104;5000;4800
2026-06-08T14:42:47.0000000Z;16.498;17.104;5000;4800
2026-06-08T14:43:14.0000000Z;16.496;17.106;5000;4800
2026-06-08T14:43:15.0000000Z;16.496;17.102;5000;4800
2026-06-08T14:43:37.0000000Z;16.486;17.102;5000;4800
2026-06-08T14:43:46.0000000Z;16.49;17.102;5000;4800
2026-06-08T14:43:49.0000000Z;16.494;17.102;5000;4800
2026-06-08T14:43:54.0000000Z;16.49;17.102;5000;4800
2026-06-08T14:44:14.0000000Z;16.492;17.104;5000;4800
2026-06-08T14:44:32.0000000Z;16.498;17.104;5000;4800
2026-06-08T14:44:49.0000000Z;16.492;17.104;5000;4800
2026-06-08T14:45:01.0000000Z;16.498;17.104;5000;4800
2026-06-08T14:45:20.0000000Z;16.498;17.108;5000;4800
2026-06-08T14:45:40.0000000Z;16.488;17.106;5000;4800
2026-06-08T14:45:43.0000000Z;16.496;17.106;5000;4800
2026-06-08T14:45:46.0000000Z;16.496;17.106;5000;4800
2026-06-08T14:45:49.0000000Z;16.494;17.106;5000;4800
2026-06-08T14:45:55.0000000Z;16.496;17.106;5000;4800
2026-06-08T14:45:58.0000000Z;16.498;17.106;5000;4800
2026-06-08T14:46:01.0000000Z;16.498;17.106;5000;4800
2026-06-08T14:46:18.0000000Z;16.498;17.106;5000;4800
2026-06-08T14:46:58.0000000Z;16.486;17.106;5000;4800
2026-06-08T14:46:59.0000000Z;16.498;17.106;5000;4800
2026-06-08T14:47:07.0000000Z;16.498;17.108;5000;4800
2026-06-08T14:47:12.0000000Z;16.5;17.108;5000;4800
2026-06-08T14:47:16.0000000Z;16.5;17.11;5000;4800
2026-06-08T14:47:25.0000000Z;16.5;17.11;5000;4800
2026-06-08T14:47:54.0000000Z;16.488;17.11;5000;4800
2026-06-08T14:47:56.0000000Z;16.498;17.11;5000;4800
2026-06-08T14:48:18.0000000Z;16.5;17.112;5000;4800
2026-06-08T14:48:26.0000000Z;16.498;17.112;5000;4800
2026-06-08T14:48:43.0000000Z;16.5;17.112;5000;4800
2026-06-08T14:48:45.0000000Z;16.498;17.112;5000;4800
2026-06-08T14:48:47.0000000Z;16.504;17.112;5000;4800
2026-06-08T14:49:04.0000000Z;16.502;17.11;5000;4800
2026-06-08T14:49:14.0000000Z;16.5;17.11;5000;4800
2026-06-08T14:50:19.0000000Z;16.502;17.112;5000;4800
2026-06-08T14:50:22.0000000Z;16.486;17.112;5000;4800
2026-06-08T14:50:23.0000000Z;16.502;17.112;5000;4800
2026-06-08T14:50:26.0000000Z;16.502;17.112;5000;4800
2026-06-08T14:50:28.0000000Z;16.486;17.112;5000;4800
2026-06-08T14:50:29.0000000Z;16.502;17.112;5000;4800
2026-06-08T14:50:32.0000000Z;16.502;17.112;5000;4800
2026-06-08T14:50:50.0000000Z;16.5;17.11;5000;4800
2026-06-08T14:51:05.0000000Z;16.5;17.106;5000;4800
2026-06-08T14:51:06.0000000Z;16.498;17.106;5000;4800
2026-06-08T14:51:07.0000000Z;16.494;17.106;5000;4800
2026-06-08T14:51:08.0000000Z;16.496;17.106;5000;4800
2026-06-08T14:51:16.0000000Z;16.496;17.108;5000;4800
2026-06-08T14:51:25.0000000Z;16.496;17.104;5000;4800
2026-06-08T14:51:30.0000000Z;16.498;17.104;5000;4800
2026-06-08T14:51:49.0000000Z;16.496;17.104;5000;4800
2026-06-08T14:51:55.0000000Z;16.496;17.104;5000;4800
2026-06-08T14:51:56.0000000Z;16.496;17.108;5000;4800
2026-06-08T14:51:59.0000000Z;16.496;17.108;5000;4800
2026-06-08T14:52:02.0000000Z;16.496;17.108;5000;4800
2026-06-08T14:52:05.0000000Z;16.498;17.108;5000;4800
2026-06-08T14:52:07.0000000Z;16.484;17.108;5000;4800
2026-06-08T14:52:08.0000000Z;16.494;17.108;5000;4800
2026-06-08T14:52:11.0000000Z;16.496;17.108;5000;4800
2026-06-08T14:52:14.0000000Z;16.496;17.108;5000;4800
2026-06-08T14:52:17.0000000Z;16.496;17.108;5000;4800
2026-06-08T14:52:20.0000000Z;16.5;17.108;5000;4800
2026-06-08T14:52:24.0000000Z;16.5;17.102;5000;4800
2026-06-08T14:52:25.0000000Z;16.492;17.102;5000;4800
2026-06-08T14:53:16.0000000Z;16.482;17.102;5000;4800
2026-06-08T14:53:17.0000000Z;16.49;17.102;5000;4800
2026-06-08T14:53:25.0000000Z;16.482;17.102;5000;4800
2026-06-08T14:53:26.0000000Z;16.49;17.1;5000;4800
2026-06-08T14:53:28.0000000Z;16.49;17.102;5000;4800
2026-06-08T14:53:29.0000000Z;16.49;17.1;5000;4800
2026-06-08T14:53:32.0000000Z;16.488;17.098;5000;4800
2026-06-08T14:53:34.0000000Z;16.488;17.096;5000;4800
2026-06-08T14:53:51.0000000Z;16.488;17.098;5000;4800
2026-06-08T14:53:53.0000000Z;16.488;17.098;5000;4800
2026-06-08T14:53:56.0000000Z;16.488;17.098;5000;4800
2026-06-08T14:54:01.0000000Z;16.488;17.098;5000;4800
2026-06-08T14:54:20.0000000Z;16.488;17.1;5000;4800
2026-06-08T14:54:49.0000000Z;16.488;17.104;5000;4800
2026-06-08T14:54:50.0000000Z;16.488;17.098;5000;4800
2026-06-08T14:54:53.0000000Z;16.488;17.098;5000;4800
2026-06-08T14:54:55.0000000Z;16.488;17.1;5000;4800
2026-06-08T14:55:14.0000000Z;16.492;17.098;5000;4800
2026-06-08T14:55:18.0000000Z;16.49;17.098;5000;4800
2026-06-08T14:55:31.0000000Z;16.488;17.102;5000;4800
2026-06-08T14:55:32.0000000Z;16.488;17.1;5000;4800
2026-06-08T14:55:35.0000000Z;16.488;17.1;5000;4800
2026-06-08T14:55:44.0000000Z;16.488;17.1;5000;4800
2026-06-08T14:55:47.0000000Z;16.492;17.098;5000;4800
