2026-06-08T07:56:30.0000000Z;48.785;48.855;750;500
2026-06-08T07:56:31.0000000Z;48.785;48.855;500;500
2026-06-08T07:56:48.0000000Z;48.785;48.855;750;500
2026-06-08T07:56:49.0000000Z;48.785;48.855;500;500
2026-06-08T07:58:01.0000000Z;48.79;48.855;500;500
2026-06-08T07:59:30.0000000Z;48.795;48.86;750;500
2026-06-08T07:59:31.0000000Z;48.795;48.86;500;500
2026-06-08T07:59:59.0000000Z;48.795;48.865;500;750
2026-06-08T08:00:02.0000000Z;48.795;48.865;500;500
2026-06-08T08:00:06.0000000Z;48.795;48.865;500;750
2026-06-08T08:00:07.0000000Z;48.8;48.865;500;500
2026-06-08T08:00:09.0000000Z;48.795;48.865;500;750
2026-06-08T08:00:14.0000000Z;48.795;48.865;500;500
2026-06-08T08:00:18.0000000Z;48.795;48.865;500;750
2026-06-08T08:00:21.0000000Z;48.795;48.865;500;500
2026-06-08T08:00:27.0000000Z;48.8;48.865;500;750
2026-06-08T08:01:45.0000000Z;48.795;48.865;500;500
2026-06-08T08:02:13.0000000Z;48.8;48.865;500;750
2026-06-08T08:02:50.0000000Z;48.795;48.865;500;750
2026-06-08T08:02:55.0000000Z;48.795;48.865;500;500
2026-06-08T08:04:17.0000000Z;48.795;48.86;500;500
2026-06-08T08:04:21.0000000Z;48.795;48.855;750;500
2026-06-08T08:04:23.0000000Z;48.795;48.86;500;500
2026-06-08T08:04:24.0000000Z;48.795;48.86;750;500
2026-06-08T08:04:25.0000000Z;48.795;48.86;500;500
2026-06-08T08:04:54.0000000Z;48.785;48.86;500;500
2026-06-08T08:05:15.0000000Z;48.785;48.855;500;500
2026-06-08T08:05:16.0000000Z;48.795;48.855;500;500
2026-06-08T08:05:23.0000000Z;48.795;48.86;500;500
2026-06-08T08:05:51.0000000Z;48.785;48.86;500;500
2026-06-08T08:06:09.0000000Z;48.785;48.86;750;500
2026-06-08T08:06:10.0000000Z;48.79;48.86;500;500
2026-06-08T08:06:46.0000000Z;48.79;48.86;750;500
2026-06-08T08:06:48.0000000Z;48.79;48.86;500;500
2026-06-08T08:07:36.0000000Z;48.79;48.865;500;500
2026-06-08T08:07:43.0000000Z;48.79;48.865;750;500
2026-06-08T08:07:44.0000000Z;48.79;48.865;500;500
2026-06-08T08:08:34.0000000Z;48.79;48.86;500;500
2026-06-08T08:10:12.0000000Z;48.785;48.865;500;500
2026-06-08T08:10:23.0000000Z;48.79;48.865;500;500
2026-06-08T08:10:26.0000000Z;48.785;48.865;500;500
2026-06-08T08:10:31.0000000Z;48.79;48.865;500;500
2026-06-08T08:11:07.0000000Z;48.785;48.865;500;500
2026-06-08T08:11:08.0000000Z;48.79;48.865;500;500
2026-06-08T08:11:13.0000000Z;48.785;48.865;500;500
2026-06-08T08:11:15.0000000Z;48.79;48.865;500;500
2026-06-08T08:11:21.0000000Z;48.785;48.865;500;500
2026-06-08T08:11:22.0000000Z;48.79;48.865;500;500
2026-06-08T08:11:29.0000000Z;48.785;48.865;500;500
2026-06-08T08:11:33.0000000Z;48.79;48.865;500;500
2026-06-08T08:11:35.0000000Z;48.785;48.865;500;500
2026-06-08T08:11:37.0000000Z;48.79;48.865;500;500
2026-06-08T08:11:49.0000000Z;48.79;48.865;750;500
2026-06-08T08:11:52.0000000Z;48.79;48.865;500;500
2026-06-08T08:11:54.0000000Z;48.79;48.865;750;500
2026-06-08T08:11:55.0000000Z;48.79;48.865;500;500
2026-06-08T08:12:46.0000000Z;48.79;48.865;500;500
2026-06-08T08:12:49.0000000Z;48.79;48.865;750;500
2026-06-08T08:12:51.0000000Z;48.79;48.865;500;500
2026-06-08T08:13:09.0000000Z;48.785;48.865;500;500
2026-06-08T08:13:10.0000000Z;48.785;48.865;500;500
2026-06-08T08:13:17.0000000Z;48.79;48.865;500;500
2026-06-08T08:14:12.0000000Z;48.79;48.865;750;500
2026-06-08T08:14:13.0000000Z;48.79;48.865;500;500
2026-06-08T08:16:44.0000000Z;48.79;48.865;750;500
2026-06-08T08:16:46.0000000Z;48.79;48.865;500;500
2026-06-08T08:17:01.0000000Z;48.795;48.87;750;500
2026-06-08T08:17:02.0000000Z;48.795;48.87;500;500
2026-06-08T08:17:28.0000000Z;48.8;48.87;500;500
2026-06-08T08:17:34.0000000Z;48.795;48.87;500;500
2026-06-08T08:17:39.0000000Z;48.795;48.87;500;500
2026-06-08T08:17:42.0000000Z;48.795;48.87;750;500
2026-06-08T08:17:43.0000000Z;48.795;48.87;500;500
2026-06-08T08:18:03.0000000Z;48.795;48.87;750;500
2026-06-08T08:18:04.0000000Z;48.795;48.87;500;500
2026-06-08T08:18:09.0000000Z;48.795;48.87;750;500
2026-06-08T08:18:10.0000000Z;48.795;48.87;500;500
2026-06-08T08:18:12.0000000Z;48.8;48.87;500;500
2026-06-08T08:18:46.0000000Z;48.8;48.87;750;500
2026-06-08T08:18:47.0000000Z;48.8;48.87;500;500
2026-06-08T08:18:57.0000000Z;48.8;48.87;750;500
2026-06-08T08:18:58.0000000Z;48.8;48.87;500;500
2026-06-08T08:22:28.0000000Z;48.8;48.87;750;500
2026-06-08T08:22:29.0000000Z;48.8;48.87;500;500
2026-06-08T08:22:57.0000000Z;48.795;48.87;500;500
2026-06-08T08:23:06.0000000Z;48.79;48.87;500;500
2026-06-08T08:23:07.0000000Z;48.795;48.87;500;500
2026-06-08T08:23:14.0000000Z;48.79;48.87;500;500
2026-06-08T08:23:18.0000000Z;48.8;48.87;500;500
2026-06-08T08:24:35.0000000Z;48.8;48.87;750;500
2026-06-08T08:24:45.0000000Z;48.8;48.87;500;500
2026-06-08T08:25:16.0000000Z;48.795;48.87;500;500
2026-06-08T08:25:43.0000000Z;48.8;48.87;750;500
2026-06-08T08:25:44.0000000Z;48.8;48.87;500;500
2026-06-08T08:26:24.0000000Z;48.8;48.87;500;750
2026-06-08T08:26:26.0000000Z;48.795;48.87;500;750
2026-06-08T08:27:01.0000000Z;48.795;48.87;500;500
2026-06-08T08:27:07.0000000Z;48.8;48.87;750;500
2026-06-08T08:27:08.0000000Z;48.8;48.87;500;500
2026-06-08T08:27:25.0000000Z;48.795;48.87;500;500
2026-06-08T08:27:27.0000000Z;48.8;48.87;500;500
2026-06-08T08:27:55.0000000Z;48.795;48.87;500;500
2026-06-08T08:29:01.0000000Z;48.795;48.87;750;500
2026-06-08T08:29:02.0000000Z;48.8;48.87;500;500
2026-06-08T08:29:05.0000000Z;48.795;48.87;500;500
2026-06-08T08:29:23.0000000Z;48.8;48.87;500;500
2026-06-08T08:29:45.0000000Z;48.8;48.865;500;500
2026-06-08T08:29:47.0000000Z;48.795;48.865;500;500
2026-06-08T08:29:49.0000000Z;48.8;48.865;500;500
2026-06-08T08:29:55.0000000Z;48.795;48.865;500;500
2026-06-08T08:29:57.0000000Z;48.8;48.865;500;500
2026-06-08T08:30:05.0000000Z;48.795;48.865;500;500
2026-06-08T08:30:07.0000000Z;48.8;48.865;500;500
2026-06-08T08:30:23.0000000Z;48.795;48.865;500;500
2026-06-08T08:30:25.0000000Z;48.79;48.86;500;500
2026-06-08T08:30:52.0000000Z;48.795;48.86;750;500
2026-06-08T08:30:55.0000000Z;48.795;48.86;500;500
2026-06-08T08:31:46.0000000Z;48.795;48.865;500;500
2026-06-08T08:32:43.0000000Z;48.795;48.87;750;500
2026-06-08T08:32:45.0000000Z;48.795;48.87;500;500
2026-06-08T08:36:40.0000000Z;48.795;48.865;500;500
2026-06-08T08:39:15.0000000Z;48.8;48.865;500;500
2026-06-08T08:39:23.0000000Z;48.795;48.865;500;500
2026-06-08T08:40:51.0000000Z;48.8;48.865;500;750
2026-06-08T08:40:52.0000000Z;48.795;48.865;500;500
2026-06-08T08:41:52.0000000Z;48.795;48.87;500;500
2026-06-08T08:42:00.0000000Z;48.795;48.865;500;500
2026-06-08T08:42:40.0000000Z;48.8;48.87;500;500
2026-06-08T08:43:43.0000000Z;48.8;48.87;500;750
2026-06-08T08:43:49.0000000Z;48.805;48.87;750;500
2026-06-08T08:43:50.0000000Z;48.805;48.87;500;500
2026-06-08T08:44:27.0000000Z;48.8;48.87;500;750
2026-06-08T08:44:43.0000000Z;48.8;48.87;500;500
2026-06-08T08:45:25.0000000Z;48.795;48.865;500;500
2026-06-08T08:45:59.0000000Z;48.795;48.86;500;500
2026-06-08T08:46:07.0000000Z;48.795;48.865;500;500
2026-06-08T08:47:05.0000000Z;48.8;48.87;500;500
2026-06-08T08:47:19.0000000Z;48.8;48.87;500;750
2026-06-08T08:47:31.0000000Z;48.8;48.87;500;500
2026-06-08T08:47:42.0000000Z;48.8;48.87;750;500
2026-06-08T08:47:44.0000000Z;48.8;48.87;750;500
2026-06-08T08:47:46.0000000Z;48.805;48.87;500;500
2026-06-08T08:49:08.0000000Z;48.8;48.87;750;500
2026-06-08T08:49:09.0000000Z;48.8;48.87;500;500
2026-06-08T08:50:28.0000000Z;48.8;48.875;500;500
2026-06-08T08:50:31.0000000Z;48.805;48.875;500;500
2026-06-08T08:52:34.0000000Z;48.805;48.875;750;500
2026-06-08T08:52:35.0000000Z;48.805;48.875;500;500
2026-06-08T08:53:31.0000000Z;48.805;48.88;750;500
2026-06-08T08:53:32.0000000Z;48.805;48.88;500;500
2026-06-08T08:55:17.0000000Z;48.8;48.88;500;500
2026-06-08T08:56:14.0000000Z;48.8;48.885;500;500
2026-06-08T08:56:24.0000000Z;48.805;48.89;500;500
2026-06-08T08:56:26.0000000Z;48.815;48.89;500;500
2026-06-08T08:56:32.0000000Z;48.81;48.89;500;500
2026-06-08T08:56:34.0000000Z;48.815;48.89;500;500
2026-06-08T08:56:36.0000000Z;48.81;48.89;500;500
2026-06-08T08:56:42.0000000Z;48.815;48.89;500;500
2026-06-08T08:56:48.0000000Z;48.81;48.89;500;500
2026-06-08T08:56:50.0000000Z;48.815;48.89;500;500
2026-06-08T08:56:56.0000000Z;48.805;48.89;500;500
2026-06-08T08:57:56.0000000Z;48.81;48.89;500;500
2026-06-08T08:59:36.0000000Z;48.815;48.89;500;500
2026-06-08T08:59:40.0000000Z;48.81;48.89;500;500
2026-06-08T08:59:50.0000000Z;48.815;48.89;500;500
2026-06-08T08:59:52.0000000Z;48.81;48.89;500;500
2026-06-08T09:00:02.0000000Z;48.815;48.89;500;500
2026-06-08T09:00:40.0000000Z;48.81;48.89;500;500
2026-06-08T09:04:09.0000000Z;48.815;48.89;500;500
2026-06-08T09:04:15.0000000Z;48.81;48.89;500;500
2026-06-08T09:04:17.0000000Z;48.815;48.89;500;500
2026-06-08T09:04:19.0000000Z;48.81;48.89;500;500
2026-06-08T09:05:52.0000000Z;48.815;48.89;500;500
2026-06-08T09:06:06.0000000Z;48.81;48.89;500;500
2026-06-08T09:06:14.0000000Z;48.815;48.89;500;500
2026-06-08T09:06:26.0000000Z;48.81;48.89;500;500
2026-06-08T09:06:30.0000000Z;48.815;48.89;500;500
2026-06-08T09:06:32.0000000Z;48.81;48.89;500;500
2026-06-08T09:08:58.0000000Z;48.815;48.89;500;500
2026-06-08T09:09:02.0000000Z;48.815;48.89;500;750
2026-06-08T09:09:08.0000000Z;48.82;48.89;500;750
2026-06-08T09:09:13.0000000Z;48.82;48.89;500;500
2026-06-08T09:09:57.0000000Z;48.825;48.89;500;500
2026-06-08T09:09:59.0000000Z;48.825;48.89;750;500
2026-06-08T09:10:00.0000000Z;48.825;48.89;500;500
2026-06-08T09:10:11.0000000Z;48.82;48.89;500;500
2026-06-08T09:10:33.0000000Z;48.825;48.89;500;500
2026-06-08T09:10:43.0000000Z;48.82;48.89;500;500
2026-06-08T09:12:34.0000000Z;48.82;48.89;750;500
2026-06-08T09:12:35.0000000Z;48.82;48.89;500;500
2026-06-08T09:14:07.0000000Z;48.82;48.89;750;500
2026-06-08T09:14:08.0000000Z;48.82;48.89;500;500
2026-06-08T09:14:42.0000000Z;48.82;48.895;500;500
2026-06-08T09:16:46.0000000Z;48.825;48.895;750;500
2026-06-08T09:16:47.0000000Z;48.825;48.895;500;500
2026-06-08T09:17:25.0000000Z;48.815;48.895;500;500
2026-06-08T09:19:14.0000000Z;48.825;48.895;500;500
2026-06-08T09:19:58.0000000Z;48.815;48.895;500;500
2026-06-08T09:20:01.0000000Z;48.815;48.895;24;24
2026-06-08T09:20:02.0000000Z;48.82;48.895;750;500
2026-06-08T09:20:03.0000000Z;48.82;48.895;2;2
2026-06-08T09:20:20.0000000Z;48.825;48.9;500;500
2026-06-08T09:21:08.0000000Z;48.825;48.9;500;750
2026-06-08T09:21:11.0000000Z;48.825;48.9;500;500
2026-06-08T09:21:18.0000000Z;48.825;48.9;500;750
2026-06-08T09:21:20.0000000Z;48.825;48.895;500;750
2026-06-08T09:21:21.0000000Z;48.825;48.9;500;750
2026-06-08T09:21:23.0000000Z;48.82;48.9;500;500
2026-06-08T09:21:29.0000000Z;48.825;48.9;500;500
2026-06-08T09:21:32.0000000Z;48.82;48.9;500;500
2026-06-08T09:21:33.0000000Z;48.82;48.895;500;500
2026-06-08T09:21:35.0000000Z;48.82;48.9;500;500
2026-06-08T09:21:37.0000000Z;48.825;48.9;500;750
2026-06-08T09:21:39.0000000Z;48.825;48.895;500;500
2026-06-08T09:21:42.0000000Z;48.825;48.9;500;500
2026-06-08T09:22:28.0000000Z;48.825;48.9;500;750
2026-06-08T09:22:42.0000000Z;48.83;48.9;500;750
2026-06-08T09:22:43.0000000Z;48.825;48.9;500;500
2026-06-08T09:22:56.0000000Z;48.83;48.9;500;750
2026-06-08T09:22:58.0000000Z;48.825;48.9;500;500
2026-06-08T09:23:41.0000000Z;48.83;48.9;500;500
2026-06-08T09:24:01.0000000Z;48.825;48.9;500;500
2026-06-08T09:24:18.0000000Z;48.825;48.895;500;500
2026-06-08T09:24:20.0000000Z;48.825;48.9;500;500
2026-06-08T09:24:47.0000000Z;48.83;48.9;500;750
2026-06-08T09:24:50.0000000Z;48.825;48.905;500;750
2026-06-08T09:24:51.0000000Z;48.825;48.905;500;500
2026-06-08T09:24:52.0000000Z;48.83;48.9;500;750
2026-06-08T09:25:04.0000000Z;48.825;48.9;500;500
2026-06-08T09:25:49.0000000Z;48.83;48.9;500;500
2026-06-08T09:26:43.0000000Z;48.825;48.905;750;500
2026-06-08T09:26:44.0000000Z;48.825;48.905;500;500
2026-06-08T09:28:00.0000000Z;48.83;48.9;500;500
2026-06-08T09:28:05.0000000Z;48.83;48.905;500;500
2026-06-08T09:29:03.0000000Z;48.825;48.905;500;500
2026-06-08T09:29:50.0000000Z;48.835;48.91;500;500
2026-06-08T09:29:52.0000000Z;48.83;48.905;500;750
2026-06-08T09:30:01.0000000Z;48.83;48.905;750;750
2026-06-08T09:30:02.0000000Z;48.83;48.905;500;750
2026-06-08T09:30:03.0000000Z;48.835;48.905;500;750
2026-06-08T09:30:04.0000000Z;48.835;48.91;500;500
2026-06-08T09:30:05.0000000Z;48.835;48.91;750;750
2026-06-08T09:30:06.0000000Z;48.835;48.91;500;750
2026-06-08T09:30:11.0000000Z;48.835;48.91;500;500
2026-06-08T09:30:12.0000000Z;48.835;48.91;500;750
2026-06-08T09:30:16.0000000Z;48.835;48.91;500;500
2026-06-08T09:31:19.0000000Z;48.835;48.91;750;500
2026-06-08T09:31:20.0000000Z;48.835;48.91;500;500
2026-06-08T09:31:44.0000000Z;48.835;48.905;500;500
2026-06-08T09:31:53.0000000Z;48.835;48.905;500;750
2026-06-08T09:31:55.0000000Z;48.835;48.905;500;500
2026-06-08T09:31:56.0000000Z;48.835;48.91;500;750
2026-06-08T09:31:57.0000000Z;48.835;48.91;500;500
2026-06-08T09:32:02.0000000Z;48.835;48.91;500;500
2026-06-08T09:32:04.0000000Z;48.835;48.91;500;750
2026-06-08T09:32:07.0000000Z;48.835;48.91;500;500
2026-06-08T09:33:18.0000000Z;48.835;48.91;500;750
2026-06-08T09:33:19.0000000Z;48.84;48.91;500;500
2026-06-08T09:33:57.0000000Z;48.84;48.91;500;500
2026-06-08T09:34:19.0000000Z;48.84;48.91;750;500
2026-06-08T09:34:20.0000000Z;48.84;48.91;500;500
2026-06-08T09:34:23.0000000Z;48.835;48.91;500;500
2026-06-08T09:34:41.0000000Z;48.84;48.91;500;500
2026-06-08T09:34:44.0000000Z;48.835;48.91;500;500
2026-06-08T09:35:11.0000000Z;48.84;48.91;500;500
2026-06-08T09:35:35.0000000Z;48.84;48.91;500;750
2026-06-08T09:35:42.0000000Z;48.84;48.91;500;500
2026-06-08T09:36:46.0000000Z;48.835;48.905;500;500
2026-06-08T09:36:48.0000000Z;48.835;48.92;500;500
2026-06-08T09:36:49.0000000Z;48.835;48.915;500;750
2026-06-08T09:36:52.0000000Z;48.835;48.91;750;500
2026-06-08T09:36:53.0000000Z;48.835;48.915;500;750
2026-06-08T09:37:11.0000000Z;48.835;48.925;500;500
2026-06-08T09:37:14.0000000Z;48.83;48.92;550;500
2026-06-08T09:37:17.0000000Z;48.83;48.92;500;500
2026-06-08T09:37:18.0000000Z;48.83;48.92;750;500
2026-06-08T09:37:20.0000000Z;48.83;48.92;500;500
2026-06-08T09:37:22.0000000Z;48.83;48.935;500;500
2026-06-08T09:37:24.0000000Z;48.83;48.935;550;500
2026-06-08T09:37:25.0000000Z;48.83;48.945;550;750
2026-06-08T09:37:29.0000000Z;48.83;48.94;500;750
2026-06-08T09:37:31.0000000Z;48.825;48.94;550;750
2026-06-08T09:37:36.0000000Z;48.82;48.945;550;750
2026-06-08T09:37:44.0000000Z;48.82;48.945;550;750
2026-06-08T09:37:48.0000000Z;48.815;48.94;500;750
2026-06-08T09:37:50.0000000Z;48.815;48.935;500;750
2026-06-08T09:37:53.0000000Z;48.82;48.935;500;750
2026-06-08T09:37:54.0000000Z;48.82;48.935;750;750
2026-06-08T09:37:55.0000000Z;48.82;48.935;500;750
2026-06-08T09:37:56.0000000Z;48.825;48.935;500;750
2026-06-08T09:37:58.0000000Z;48.825;48.945;500;750
2026-06-08T09:38:00.0000000Z;48.82;48.935;750;750
2026-06-08T09:38:02.0000000Z;48.82;48.935;500;750
2026-06-08T09:38:04.0000000Z;48.82;48.935;500;650
2026-06-08T09:38:05.0000000Z;48.82;48.935;550;750
2026-06-08T09:38:10.0000000Z;48.815;48.935;500;750
2026-06-08T09:38:11.0000000Z;48.82;48.935;550;750
2026-06-08T09:38:15.0000000Z;48.825;48.935;550;750
2026-06-08T09:38:16.0000000Z;48.82;48.935;500;750
2026-06-08T09:38:17.0000000Z;48.82;48.935;500;750
2026-06-08T09:38:18.0000000Z;48.82;48.93;550;500
2026-06-08T09:38:21.0000000Z;48.82;48.93;750;500
2026-06-08T09:38:22.0000000Z;48.82;48.925;550;500
2026-06-08T09:38:30.0000000Z;48.825;48.925;500;500
2026-06-08T09:38:34.0000000Z;48.82;48.925;550;500
2026-06-08T09:38:36.0000000Z;48.82;48.92;550;500
2026-06-08T09:38:37.0000000Z;48.825;48.92;750;500
2026-06-08T09:38:38.0000000Z;48.825;48.92;500;500
2026-06-08T09:38:43.0000000Z;48.82;48.925;750;750
2026-06-08T09:38:46.0000000Z;48.82;48.93;750;750
2026-06-08T09:38:48.0000000Z;48.82;48.935;550;750
2026-06-08T09:38:49.0000000Z;48.825;48.935;500;750
2026-06-08T09:38:53.0000000Z;48.825;48.935;500;750
2026-06-08T09:38:55.0000000Z;48.825;48.935;750;700
2026-06-08T09:38:57.0000000Z;48.825;48.935;500;700
2026-06-08T09:38:58.0000000Z;48.825;48.935;500;750
2026-06-08T09:39:01.0000000Z;48.82;48.935;500;750
2026-06-08T09:39:04.0000000Z;48.815;48.935;500;700
2026-06-08T09:39:08.0000000Z;48.82;48.935;500;750
2026-06-08T09:39:12.0000000Z;48.82;48.935;750;750
2026-06-08T09:39:16.0000000Z;48.82;48.935;500;500
2026-06-08T09:39:18.0000000Z;48.82;48.935;500;750
2026-06-08T09:39:21.0000000Z;48.82;48.935;550;750
2026-06-08T09:39:28.0000000Z;48.82;48.935;550;500
2026-06-08T09:39:29.0000000Z;48.82;48.935;500;750
2026-06-08T09:39:31.0000000Z;48.82;48.935;750;750
2026-06-08T09:39:33.0000000Z;48.82;48.935;550;650
2026-06-08T09:39:34.0000000Z;48.82;48.935;550;750
2026-06-08T09:39:38.0000000Z;48.82;48.935;500;750
2026-06-08T09:39:40.0000000Z;48.825;48.935;500;750
2026-06-08T09:40:00.0000000Z;48.82;48.935;750;750
2026-06-08T09:40:01.0000000Z;48.825;48.935;500;750
2026-06-08T09:40:11.0000000Z;48.825;48.935;750;750
2026-06-08T09:40:14.0000000Z;48.825;48.94;500;750
2026-06-08T09:40:25.0000000Z;48.825;48.94;750;750
2026-06-08T09:40:27.0000000Z;48.825;48.94;500;750
2026-06-08T09:40:28.0000000Z;48.825;48.94;500;500
2026-06-08T09:40:29.0000000Z;48.825;48.94;500;750
2026-06-08T09:40:37.0000000Z;48.825;48.935;750;750
2026-06-08T09:40:38.0000000Z;48.825;48.935;500;750
2026-06-08T09:40:52.0000000Z;48.825;48.935;500;500
2026-06-08T09:40:53.0000000Z;48.825;48.94;750;750
2026-06-08T09:40:54.0000000Z;48.83;48.94;500;750
2026-06-08T09:40:56.0000000Z;48.825;48.94;500;750
2026-06-08T09:41:03.0000000Z;48.83;48.94;550;750
2026-06-08T09:41:04.0000000Z;48.83;48.94;550;500
2026-06-08T09:41:05.0000000Z;48.83;48.94;750;700
2026-06-08T09:41:06.0000000Z;48.835;48.94;750;700
2026-06-08T09:41:08.0000000Z;48.835;48.935;550;650
2026-06-08T09:41:12.0000000Z;48.835;48.935;500;650
2026-06-08T09:41:14.0000000Z;48.835;48.935;500;550
2026-06-08T09:41:16.0000000Z;48.835;48.94;500;550
2026-06-08T09:41:17.0000000Z;48.84;48.94;500;500
2026-06-08T09:41:20.0000000Z;48.84;48.94;750;500
2026-06-08T09:41:21.0000000Z;48.84;48.94;500;500
2026-06-08T09:42:59.0000000Z;48.845;48.935;500;500
2026-06-08T09:43:11.0000000Z;48.85;48.935;500;500
2026-06-08T09:43:12.0000000Z;48.845;48.935;500;500
2026-06-08T09:43:41.0000000Z;48.85;48.935;500;500
2026-06-08T09:43:43.0000000Z;48.845;48.935;500;500
2026-06-08T09:44:14.0000000Z;48.84;48.94;500;500
2026-06-08T09:44:23.0000000Z;48.845;48.945;500;750
2026-06-08T09:44:26.0000000Z;48.85;48.945;500;700
2026-06-08T09:44:29.0000000Z;48.85;48.945;500;650
2026-06-08T09:44:35.0000000Z;48.85;48.945;500;600
2026-06-08T09:44:38.0000000Z;48.85;48.94;500;550
2026-06-08T09:44:40.0000000Z;48.85;48.94;500;600
2026-06-08T09:44:41.0000000Z;48.855;48.94;500;550
2026-06-08T09:44:44.0000000Z;48.855;48.93;500;500
2026-06-08T09:44:45.0000000Z;48.855;48.925;500;500
2026-06-08T09:45:37.0000000Z;48.855;48.915;500;500
2026-06-08T09:45:47.0000000Z;48.85;48.915;500;500
2026-06-08T09:46:11.0000000Z;48.855;48.915;500;500
2026-06-08T09:46:13.0000000Z;48.85;48.915;500;500
2026-06-08T09:46:31.0000000Z;48.855;48.915;500;500
2026-06-08T09:46:35.0000000Z;48.85;48.915;500;500
2026-06-08T09:46:44.0000000Z;48.855;48.915;500;500
2026-06-08T09:46:45.0000000Z;48.85;48.915;500;500
2026-06-08T09:46:49.0000000Z;48.855;48.915;500;500
2026-06-08T09:46:51.0000000Z;48.85;48.915;500;500
2026-06-08T09:46:59.0000000Z;48.845;48.91;500;500
2026-06-08T09:47:08.0000000Z;48.845;48.91;500;500
2026-06-08T09:47:45.0000000Z;48.84;48.91;500;500
2026-06-08T09:48:47.0000000Z;48.84;48.91;500;500
2026-06-08T09:50:15.0000000Z;48.84;48.915;500;500
2026-06-08T09:50:38.0000000Z;48.835;48.91;750;500
2026-06-08T09:50:39.0000000Z;48.84;48.91;500;500
2026-06-08T09:51:12.0000000Z;48.835;48.91;500;500
2026-06-08T09:52:21.0000000Z;48.84;48.91;500;500
2026-06-08T09:52:22.0000000Z;48.835;48.91;500;500
2026-06-08T09:52:44.0000000Z;48.84;48.91;500;500
2026-06-08T09:52:48.0000000Z;48.835;48.91;500;500
2026-06-08T09:52:52.0000000Z;48.84;48.91;500;500
2026-06-08T09:53:44.0000000Z;48.835;48.91;500;500
2026-06-08T09:53:48.0000000Z;48.84;48.91;500;500
2026-06-08T09:53:58.0000000Z;48.84;48.905;500;500
2026-06-08T09:54:23.0000000Z;48.835;48.905;500;500
2026-06-08T09:54:25.0000000Z;48.84;48.905;500;500
2026-06-08T09:54:29.0000000Z;48.835;48.905;500;750
2026-06-08T09:54:30.0000000Z;48.83;48.905;500;750
2026-06-08T09:55:02.0000000Z;48.83;48.905;500;500
2026-06-08T09:55:35.0000000Z;48.83;48.905;500;750
2026-06-08T09:55:44.0000000Z;48.83;48.9;500;500
2026-06-08T09:55:45.0000000Z;48.825;48.9;500;500
2026-06-08T09:56:44.0000000Z;48.825;48.9;500;500
2026-06-08T09:56:57.0000000Z;48.83;48.9;500;500
2026-06-08T09:56:59.0000000Z;48.825;48.9;500;500
2026-06-08T09:57:01.0000000Z;48.83;48.9;500;500
2026-06-08T09:57:03.0000000Z;48.825;48.9;500;500
2026-06-08T09:57:09.0000000Z;48.83;48.9;500;500
2026-06-08T09:57:15.0000000Z;48.825;48.9;500;500
2026-06-08T09:57:17.0000000Z;48.83;48.9;500;500
2026-06-08T09:57:27.0000000Z;48.83;48.895;500;500
2026-06-08T09:57:29.0000000Z;48.825;48.895;500;500
2026-06-08T09:57:39.0000000Z;48.825;48.895;500;750
2026-06-08T09:57:47.0000000Z;48.825;48.895;500;500
2026-06-08T09:58:46.0000000Z;48.83;48.895;500;500
2026-06-08T09:58:49.0000000Z;48.83;48.895;500;750
2026-06-08T09:58:50.0000000Z;48.825;48.895;500;750
2026-06-08T09:58:52.0000000Z;48.82;48.895;500;500
2026-06-08T09:59:14.0000000Z;48.825;48.895;500;500
2026-06-08T09:59:42.0000000Z;48.83;48.895;500;500
2026-06-08T09:59:46.0000000Z;48.825;48.895;500;500
2026-06-08T09:59:58.0000000Z;48.83;48.895;500;500
2026-06-08T10:00:35.0000000Z;48.83;48.9;500;750
2026-06-08T10:00:38.0000000Z;48.83;48.9;500;500
2026-06-08T10:00:42.0000000Z;48.83;48.905;500;500
2026-06-08T10:00:54.0000000Z;48.83;48.9;500;500
2026-06-08T10:00:56.0000000Z;48.83;48.905;500;500
2026-06-08T10:01:02.0000000Z;48.83;48.9;500;500
2026-06-08T10:01:20.0000000Z;48.83;48.9;500;750
2026-06-08T10:01:47.0000000Z;48.83;48.9;500;500
2026-06-08T10:01:48.0000000Z;48.835;48.905;500;750
2026-06-08T10:02:05.0000000Z;48.835;48.9;500;750
2026-06-08T10:02:07.0000000Z;48.825;48.895;500;750
2026-06-08T10:02:08.0000000Z;48.825;48.9;500;500
2026-06-08T10:03:47.0000000Z;48.825;48.895;500;500
2026-06-08T10:05:33.0000000Z;48.825;48.9;500;500
2026-06-08T10:05:34.0000000Z;48.83;48.895;750;500
2026-06-08T10:05:35.0000000Z;48.83;48.895;500;500
2026-06-08T10:05:38.0000000Z;48.83;48.895;500;750
2026-06-08T10:05:44.0000000Z;48.83;48.9;500;500
2026-06-08T10:05:45.0000000Z;48.83;48.895;500;750
2026-06-08T10:05:53.0000000Z;48.83;48.9;500;500
2026-06-08T10:05:57.0000000Z;48.83;48.9;500;750
2026-06-08T10:06:02.0000000Z;48.83;48.9;500;750
2026-06-08T10:06:05.0000000Z;48.83;48.9;500;500
2026-06-08T10:06:36.0000000Z;48.825;48.895;500;500
2026-06-08T10:06:38.0000000Z;48.82;48.895;500;500
2026-06-08T10:06:42.0000000Z;48.825;48.895;750;500
2026-06-08T10:06:43.0000000Z;48.825;48.895;500;500
2026-06-08T10:07:08.0000000Z;48.82;48.895;500;500
2026-06-08T10:07:11.0000000Z;48.82;48.895;500;750
2026-06-08T10:07:20.0000000Z;48.82;48.895;500;500
2026-06-08T10:07:26.0000000Z;48.825;48.895;500;750
2026-06-08T10:07:36.0000000Z;48.82;48.895;500;750
2026-06-08T10:07:52.0000000Z;48.825;48.895;500;750
2026-06-08T10:08:04.0000000Z;48.82;48.895;500;750
2026-06-08T10:08:06.0000000Z;48.82;48.895;500;500
2026-06-08T10:08:08.0000000Z;48.825;48.895;500;500
2026-06-08T10:08:18.0000000Z;48.825;48.895;500;750
2026-06-08T10:08:24.0000000Z;48.82;48.89;500;750
2026-06-08T10:08:25.0000000Z;48.82;48.89;500;500
2026-06-08T10:09:46.0000000Z;48.825;48.89;500;500
2026-06-08T10:09:48.0000000Z;48.82;48.89;500;500
2026-06-08T10:09:52.0000000Z;48.825;48.89;500;500
2026-06-08T10:09:56.0000000Z;48.82;48.89;500;500
2026-06-08T10:09:58.0000000Z;48.825;48.89;500;500
2026-06-08T10:10:06.0000000Z;48.82;48.89;500;500
2026-06-08T10:10:08.0000000Z;48.825;48.89;500;500
2026-06-08T10:10:12.0000000Z;48.82;48.89;500;500
2026-06-08T10:10:29.0000000Z;48.825;48.89;500;500
2026-06-08T10:10:33.0000000Z;48.82;48.89;500;500
2026-06-08T10:12:23.0000000Z;48.82;48.89;750;500
2026-06-08T10:12:24.0000000Z;48.82;48.89;500;500
2026-06-08T10:16:59.0000000Z;48.815;48.89;750;500
2026-06-08T10:17:00.0000000Z;48.815;48.89;750;750
2026-06-08T10:17:03.0000000Z;48.82;48.89;500;750
2026-06-08T10:17:06.0000000Z;48.815;48.89;500;500
2026-06-08T10:17:11.0000000Z;48.815;48.89;750;500
2026-06-08T10:20:54.0000000Z;48.815;48.885;750;500
2026-06-08T10:21:02.0000000Z;48.815;48.89;750;500
2026-06-08T10:22:38.0000000Z;48.815;48.885;500;500
2026-06-08T10:24:45.0000000Z;48.815;48.885;500;500
2026-06-08T10:26:03.0000000Z;48.815;48.885;500;750
2026-06-08T10:26:55.0000000Z;48.815;48.88;500;750
2026-06-08T10:29:11.0000000Z;48.815;48.88;500;500
2026-06-08T10:29:16.0000000Z;48.82;48.885;500;750
2026-06-08T10:29:17.0000000Z;48.82;48.885;750;750
2026-06-08T10:29:18.0000000Z;48.82;48.885;500;750
2026-06-08T10:29:26.0000000Z;48.82;48.885;750;500
2026-06-08T10:29:27.0000000Z;48.82;48.885;500;500
2026-06-08T10:29:32.0000000Z;48.82;48.885;500;750
2026-06-08T10:29:42.0000000Z;48.82;48.885;500;500
2026-06-08T10:32:43.0000000Z;48.815;48.88;500;500
2026-06-08T10:33:24.0000000Z;48.81;48.88;500;500
2026-06-08T10:33:25.0000000Z;48.805;48.88;500;500
2026-06-08T10:33:32.0000000Z;48.81;48.88;750;500
2026-06-08T10:33:33.0000000Z;48.81;48.88;500;500
2026-06-08T10:34:18.0000000Z;48.81;48.87;750;500
2026-06-08T10:34:20.0000000Z;48.8;48.87;500;500
2026-06-08T10:34:21.0000000Z;48.815;48.875;750;500
2026-06-08T10:34:24.0000000Z;48.815;48.88;750;500
2026-06-08T10:34:26.0000000Z;48.815;48.875;750;500
2026-06-08T10:34:30.0000000Z;48.81;48.87;750;500
2026-06-08T10:34:31.0000000Z;48.815;48.905;500;700
2026-06-08T10:34:32.0000000Z;48.815;48.905;500;750
2026-06-08T10:34:33.0000000Z;48.815;48.905;750;750
2026-06-08T10:34:35.0000000Z;48.815;48.905;500;750
2026-06-08T10:34:36.0000000Z;48.805;48.91;500;750
2026-06-08T10:34:39.0000000Z;48.805;48.91;750;750
2026-06-08T10:34:42.0000000Z;48.8;48.9;500;500
2026-06-08T10:34:49.0000000Z;48.8;48.9;750;500
2026-06-08T10:34:51.0000000Z;48.8;48.9;500;500
2026-06-08T10:34:58.0000000Z;48.8;48.9;500;500
2026-06-08T10:35:04.0000000Z;48.8;48.91;500;500
2026-06-08T10:35:07.0000000Z;48.8;48.91;500;550
2026-06-08T10:35:11.0000000Z;48.8;48.91;750;550
2026-06-08T10:35:12.0000000Z;48.8;48.91;500;550
2026-06-08T10:35:13.0000000Z;48.8;48.91;500;600
2026-06-08T10:35:17.0000000Z;48.795;48.91;750;600
2026-06-08T10:35:18.0000000Z;48.795;48.91;750;600
2026-06-08T10:35:19.0000000Z;48.795;48.91;750;600
2026-06-08T10:35:22.0000000Z;48.795;48.91;700;600
2026-06-08T10:35:24.0000000Z;48.795;48.91;750;600
2026-06-08T10:35:25.0000000Z;48.795;48.91;550;600
2026-06-08T10:35:27.0000000Z;48.795;48.91;500;600
2026-06-08T10:35:28.0000000Z;48.795;48.91;750;600
2026-06-08T10:35:31.0000000Z;48.795;48.91;750;600
2026-06-08T10:35:32.0000000Z;48.8;48.91;550;600
2026-06-08T10:35:33.0000000Z;48.8;48.91;550;600
2026-06-08T10:35:36.0000000Z;48.8;48.91;500;600
2026-06-08T10:35:37.0000000Z;48.8;48.91;750;600
2026-06-08T10:35:39.0000000Z;48.8;48.91;500;600
2026-06-08T10:35:42.0000000Z;48.8;48.91;750;600
2026-06-08T10:35:44.0000000Z;48.8;48.91;500;600
2026-06-08T10:35:48.0000000Z;48.8;48.91;550;600
2026-06-08T10:35:51.0000000Z;48.8;48.915;750;750
2026-06-08T10:35:52.0000000Z;48.8;48.915;550;750
2026-06-08T10:35:53.0000000Z;48.8;48.915;500;750
2026-06-08T10:36:02.0000000Z;48.8;48.93;500;750
2026-06-08T10:36:06.0000000Z;48.8;48.93;750;750
2026-06-08T10:36:07.0000000Z;48.8;48.93;500;750
2026-06-08T10:36:14.0000000Z;48.8;48.93;550;600
2026-06-08T10:36:15.0000000Z;48.8;48.93;500;700
2026-06-08T10:36:16.0000000Z;48.8;48.93;750;700
2026-06-08T10:36:17.0000000Z;48.8;48.93;750;750
2026-06-08T10:36:18.0000000Z;48.8;48.93;500;750
2026-06-08T10:36:24.0000000Z;48.8;48.93;750;750
2026-06-08T10:36:29.0000000Z;48.8;48.93;500;750
2026-06-08T10:36:43.0000000Z;48.8;48.93;750;750
2026-06-08T10:36:44.0000000Z;48.8;48.93;750;500
2026-06-08T10:36:45.0000000Z;48.8;48.925;500;500
2026-06-08T10:36:47.0000000Z;48.8;48.92;750;500
2026-06-08T10:36:49.0000000Z;48.8;48.915;500;500
2026-06-08T10:36:51.0000000Z;48.8;48.915;500;500
2026-06-08T10:37:07.0000000Z;48.8;48.915;750;500
2026-06-08T10:37:10.0000000Z;48.8;48.915;550;500
2026-06-08T10:37:11.0000000Z;48.805;48.915;550;500
2026-06-08T10:37:15.0000000Z;48.805;48.915;500;500
2026-06-08T10:37:24.0000000Z;48.805;48.915;550;500
2026-06-08T10:37:27.0000000Z;48.805;48.915;500;500
2026-06-08T10:37:51.0000000Z;48.805;48.915;550;500
2026-06-08T10:38:21.0000000Z;48.8;48.915;750;500
2026-06-08T10:38:22.0000000Z;48.8;48.915;750;500
2026-06-08T10:38:23.0000000Z;48.8;48.915;550;500
2026-06-08T10:38:25.0000000Z;48.8;48.92;550;600
2026-06-08T10:38:27.0000000Z;48.8;48.925;550;600
2026-06-08T10:38:30.0000000Z;48.8;48.92;550;550
2026-06-08T10:38:33.0000000Z;48.805;48.92;550;600
2026-06-08T10:38:44.0000000Z;48.805;48.925;550;750
2026-06-08T10:38:46.0000000Z;48.805;48.94;550;750
2026-06-08T10:38:49.0000000Z;48.805;48.935;550;750
2026-06-08T10:38:53.0000000Z;48.805;48.935;500;750
2026-06-08T10:39:15.0000000Z;48.805;48.935;750;750
2026-06-08T10:39:18.0000000Z;48.805;48.935;750;750
2026-06-08T10:39:27.0000000Z;48.805;48.93;750;750
2026-06-08T10:39:30.0000000Z;48.805;48.93;500;600
2026-06-08T10:39:31.0000000Z;48.805;48.93;500;650
2026-06-08T10:39:33.0000000Z;48.805;48.93;500;600
2026-06-08T10:39:35.0000000Z;48.805;48.93;500;600
2026-06-08T10:39:36.0000000Z;48.805;48.93;750;650
2026-06-08T10:39:43.0000000Z;48.805;48.93;500;650
2026-06-08T10:39:44.0000000Z;48.805;48.93;500;600
2026-06-08T10:39:47.0000000Z;48.805;48.93;500;650
2026-06-08T10:40:13.0000000Z;48.805;48.93;500;700
2026-06-08T10:40:15.0000000Z;48.805;48.93;500;650
2026-06-08T10:40:17.0000000Z;48.805;48.93;500;700
2026-06-08T10:40:18.0000000Z;48.805;48.93;500;650
2026-06-08T10:40:20.0000000Z;48.805;48.93;550;650
2026-06-08T10:40:21.0000000Z;48.805;48.93;550;600
2026-06-08T10:40:22.0000000Z;48.805;48.93;500;750
2026-06-08T10:40:25.0000000Z;48.81;48.93;500;750
2026-06-08T10:40:33.0000000Z;48.81;48.93;500;650
2026-06-08T10:40:45.0000000Z;48.81;48.93;500;600
2026-06-08T10:40:49.0000000Z;48.81;48.93;500;700
2026-06-08T10:41:12.0000000Z;48.81;48.93;500;650
2026-06-08T10:41:15.0000000Z;48.805;48.925;500;500
2026-06-08T10:41:23.0000000Z;48.805;48.915;500;500
2026-06-08T10:42:10.0000000Z;48.805;48.91;550;500
2026-06-08T10:42:36.0000000Z;48.8;48.91;750;500
2026-06-08T10:42:46.0000000Z;48.805;48.91;550;500
2026-06-08T10:42:53.0000000Z;48.805;48.91;750;500
2026-06-08T10:42:57.0000000Z;48.805;48.91;550;500
2026-06-08T10:43:00.0000000Z;48.805;48.91;750;500
2026-06-08T10:43:01.0000000Z;48.805;48.91;550;500
2026-06-08T10:43:02.0000000Z;48.8;48.91;750;500
2026-06-08T10:43:06.0000000Z;48.8;48.91;500;500
2026-06-08T10:43:12.0000000Z;48.805;48.91;500;500
2026-06-08T10:43:30.0000000Z;48.8;48.91;500;500
2026-06-08T10:43:50.0000000Z;48.8;48.91;750;500
2026-06-08T10:43:55.0000000Z;48.8;48.91;500;500
2026-06-08T10:44:02.0000000Z;48.805;48.905;500;500
2026-06-08T10:44:21.0000000Z;48.81;48.905;500;500
2026-06-08T10:45:28.0000000Z;48.81;48.895;500;500
2026-06-08T10:45:54.0000000Z;48.81;48.895;750;500
2026-06-08T10:45:56.0000000Z;48.81;48.895;500;500
2026-06-08T10:46:32.0000000Z;48.81;48.89;500;500
2026-06-08T10:47:18.0000000Z;48.8;48.885;500;500
2026-06-08T10:48:42.0000000Z;48.805;48.885;500;500
2026-06-08T10:48:54.0000000Z;48.805;48.88;500;500
2026-06-08T10:49:37.0000000Z;48.805;48.875;500;500
2026-06-08T10:51:09.0000000Z;48.805;48.875;750;500
2026-06-08T10:51:11.0000000Z;48.805;48.875;500;500
2026-06-08T10:51:45.0000000Z;48.8;48.875;500;500
2026-06-08T10:51:49.0000000Z;48.795;48.875;500;500
2026-06-08T10:51:55.0000000Z;48.8;48.875;500;500
2026-06-08T10:52:03.0000000Z;48.805;48.875;500;500
2026-06-08T10:52:06.0000000Z;48.8;48.875;500;500
2026-06-08T10:52:07.0000000Z;48.795;48.875;500;500
2026-06-08T10:52:15.0000000Z;48.8;48.875;500;500
2026-06-08T10:52:17.0000000Z;48.805;48.875;500;500
2026-06-08T10:53:09.0000000Z;48.8;48.875;500;500
2026-06-08T10:53:13.0000000Z;48.805;48.875;500;500
2026-06-08T10:53:19.0000000Z;48.8;48.875;500;500
2026-06-08T10:53:27.0000000Z;48.805;48.875;500;500
2026-06-08T10:53:37.0000000Z;48.8;48.875;500;500
2026-06-08T10:53:47.0000000Z;48.805;48.875;500;500
2026-06-08T10:54:40.0000000Z;48.8;48.875;500;500
2026-06-08T10:56:22.0000000Z;48.805;48.875;500;500
2026-06-08T10:56:24.0000000Z;48.8;48.875;500;500
2026-06-08T10:56:42.0000000Z;48.805;48.875;500;500
2026-06-08T10:57:21.0000000Z;48.8;48.875;500;500
2026-06-08T10:57:39.0000000Z;48.805;48.875;500;500
2026-06-08T10:58:27.0000000Z;48.8;48.875;500;500
2026-06-08T10:58:30.0000000Z;48.805;48.875;500;500
2026-06-08T10:58:34.0000000Z;48.8;48.875;500;500
2026-06-08T10:59:33.0000000Z;48.805;48.875;500;500
2026-06-08T10:59:42.0000000Z;48.8;48.875;500;500
2026-06-08T11:02:33.0000000Z;48.8;48.88;500;500
2026-06-08T11:02:47.0000000Z;48.795;48.88;500;500
2026-06-08T11:02:49.0000000Z;48.795;48.875;500;500
2026-06-08T11:02:55.0000000Z;48.795;48.88;500;500
2026-06-08T11:02:59.0000000Z;48.8;48.88;500;500
2026-06-08T11:03:05.0000000Z;48.8;48.875;500;500
2026-06-08T11:03:07.0000000Z;48.8;48.88;500;500
2026-06-08T11:03:19.0000000Z;48.805;48.88;500;500
2026-06-08T11:03:33.0000000Z;48.815;48.88;500;500
2026-06-08T11:03:49.0000000Z;48.81;48.88;500;500
2026-06-08T11:03:59.0000000Z;48.815;48.88;500;500
2026-06-08T11:04:05.0000000Z;48.81;48.88;500;500
2026-06-08T11:04:08.0000000Z;48.815;48.88;500;500
2026-06-08T11:04:11.0000000Z;48.81;48.88;500;500
2026-06-08T11:04:13.0000000Z;48.815;48.88;500;500
2026-06-08T11:04:17.0000000Z;48.81;48.88;500;500
2026-06-08T11:04:22.0000000Z;48.815;48.88;500;500
2026-06-08T11:04:25.0000000Z;48.81;48.88;500;500
2026-06-08T11:05:12.0000000Z;48.815;48.88;500;500
2026-06-08T11:05:18.0000000Z;48.81;48.88;500;500
2026-06-08T11:05:20.0000000Z;48.815;48.88;500;500
2026-06-08T11:10:36.0000000Z;48.815;48.88;750;500
2026-06-08T11:10:37.0000000Z;48.815;48.88;500;500
2026-06-08T11:11:00.0000000Z;48.81;48.88;500;500
2026-06-08T11:11:04.0000000Z;48.805;48.885;750;500
2026-06-08T11:11:05.0000000Z;48.805;48.885;500;500
2026-06-08T11:11:13.0000000Z;48.8;48.885;500;500
2026-06-08T11:11:17.0000000Z;48.8;48.89;500;500
2026-06-08T11:11:27.0000000Z;48.8;48.89;750;500
2026-06-08T11:11:28.0000000Z;48.8;48.89;550;500
2026-06-08T11:11:31.0000000Z;48.8;48.89;750;500
2026-06-08T11:11:35.0000000Z;48.8;48.89;550;500
2026-06-08T11:11:39.0000000Z;48.8;48.89;500;500
2026-06-08T11:11:40.0000000Z;48.8;48.89;750;500
2026-06-08T11:11:41.0000000Z;48.805;48.89;750;500
2026-06-08T11:11:44.0000000Z;48.805;48.89;500;500
2026-06-08T11:11:47.0000000Z;48.805;48.89;550;500
2026-06-08T11:11:51.0000000Z;48.805;48.89;750;500
2026-06-08T11:11:52.0000000Z;48.805;48.89;550;500
2026-06-08T11:11:53.0000000Z;48.805;48.89;750;500
2026-06-08T11:11:57.0000000Z;48.805;48.89;500;500
2026-06-08T11:11:58.0000000Z;48.805;48.89;550;500
2026-06-08T11:12:07.0000000Z;48.8;48.89;750;500
2026-06-08T11:12:08.0000000Z;48.805;48.89;550;500
2026-06-08T11:12:09.0000000Z;48.8;48.89;550;500
2026-06-08T11:12:11.0000000Z;48.805;48.89;550;500
2026-06-08T11:12:16.0000000Z;48.805;48.905;550;750
2026-06-08T11:12:17.0000000Z;48.8;48.925;550;750
2026-06-08T11:12:18.0000000Z;48.8;48.93;750;500
2026-06-08T11:12:19.0000000Z;48.8;48.925;550;750
2026-06-08T11:12:20.0000000Z;48.8;48.925;750;750
2026-06-08T11:12:23.0000000Z;48.8;48.93;500;700
2026-06-08T11:12:24.0000000Z;48.805;48.93;750;650
2026-06-08T11:12:25.0000000Z;48.805;48.93;750;750
2026-06-08T11:12:26.0000000Z;48.805;48.925;500;700
2026-06-08T11:12:27.0000000Z;48.805;48.925;500;650
2026-06-08T11:12:30.0000000Z;48.805;48.925;500;550
2026-06-08T11:12:33.0000000Z;48.805;48.92;500;600
2026-06-08T11:12:36.0000000Z;48.805;48.92;500;500
2026-06-08T11:12:39.0000000Z;48.81;48.905;500;500
2026-06-08T11:13:12.0000000Z;48.81;48.91;500;500
2026-06-08T11:13:15.0000000Z;48.805;48.915;500;700
2026-06-08T11:13:16.0000000Z;48.805;48.915;500;750
2026-06-08T11:13:18.0000000Z;48.805;48.915;500;700
2026-06-08T11:13:21.0000000Z;48.8;48.925;500;700
2026-06-08T11:13:22.0000000Z;48.805;48.925;500;700
2026-06-08T11:13:26.0000000Z;48.805;48.925;500;650
2026-06-08T11:13:28.0000000Z;48.805;48.925;550;750
2026-06-08T11:13:31.0000000Z;48.805;48.925;750;750
2026-06-08T11:13:32.0000000Z;48.805;48.925;550;750
2026-06-08T11:13:33.0000000Z;48.805;48.925;750;750
2026-06-08T11:13:34.0000000Z;48.805;48.925;500;750
2026-06-08T11:13:42.0000000Z;48.805;48.925;500;700
2026-06-08T11:13:43.0000000Z;48.805;48.925;750;750
2026-06-08T11:13:47.0000000Z;48.805;48.925;500;750
2026-06-08T11:14:05.0000000Z;48.81;48.93;500;550
2026-06-08T11:14:06.0000000Z;48.805;48.925;500;750
2026-06-08T11:14:08.0000000Z;48.8;48.925;550;750
2026-06-08T11:14:10.0000000Z;48.805;48.925;550;650
2026-06-08T11:14:11.0000000Z;48.805;48.925;750;650
2026-06-08T11:14:12.0000000Z;48.805;48.93;550;750
2026-06-08T11:14:15.0000000Z;48.805;48.93;550;750
2026-06-08T11:14:16.0000000Z;48.8;48.93;550;750
2026-06-08T11:14:18.0000000Z;48.805;48.93;550;750
2026-06-08T11:14:20.0000000Z;48.805;48.93;550;700
2026-06-08T11:14:21.0000000Z;48.805;48.93;550;750
2026-06-08T11:14:26.0000000Z;48.805;48.93;500;750
2026-06-08T11:14:31.0000000Z;48.805;48.93;750;750
2026-06-08T11:14:32.0000000Z;48.805;48.93;500;750
2026-06-08T11:14:35.0000000Z;48.805;48.93;750;750
2026-06-08T11:14:36.0000000Z;48.81;48.925;500;600
2026-06-08T11:14:37.0000000Z;48.81;48.925;500;650
2026-06-08T11:14:38.0000000Z;48.815;48.92;500;600
2026-06-08T11:14:41.0000000Z;48.815;48.92;500;500
2026-06-08T11:14:43.0000000Z;48.815;48.92;500;550
2026-06-08T11:14:45.0000000Z;48.82;48.92;500;500
2026-06-08T11:14:59.0000000Z;48.82;48.915;500;500
2026-06-08T11:15:01.0000000Z;48.815;48.925;500;700
2026-06-08T11:15:02.0000000Z;48.815;48.925;750;700
2026-06-08T11:15:09.0000000Z;48.82;48.925;750;750
2026-06-08T11:15:18.0000000Z;48.82;48.94;500;750
2026-06-08T11:15:22.0000000Z;48.815;48.94;500;750
2026-06-08T11:15:24.0000000Z;48.82;48.94;500;750
2026-06-08T11:15:26.0000000Z;48.82;48.94;750;750
2026-06-08T11:15:27.0000000Z;48.82;48.94;500;750
2026-06-08T11:15:28.0000000Z;48.815;48.94;500;750
2026-06-08T11:15:31.0000000Z;48.815;48.94;750;750
2026-06-08T11:15:32.0000000Z;48.815;48.94;500;750
2026-06-08T11:15:36.0000000Z;48.81;48.94;500;750
2026-06-08T11:15:37.0000000Z;48.81;48.94;750;750
2026-06-08T11:15:41.0000000Z;48.815;48.94;750;750
2026-06-08T11:15:42.0000000Z;48.82;48.94;750;750
2026-06-08T11:15:54.0000000Z;48.82;48.94;500;750
2026-06-08T11:16:01.0000000Z;48.815;48.94;500;750
2026-06-08T11:16:11.0000000Z;48.82;48.94;500;750
2026-06-08T11:16:12.0000000Z;48.815;48.935;500;750
2026-06-08T11:16:14.0000000Z;48.81;48.935;500;750
2026-06-08T11:16:18.0000000Z;48.81;48.93;500;750
2026-06-08T11:16:21.0000000Z;48.815;48.93;500;750
2026-06-08T11:16:22.0000000Z;48.815;48.93;500;750
2026-06-08T11:16:25.0000000Z;48.815;48.93;750;700
2026-06-08T11:16:26.0000000Z;48.815;48.93;500;750
2026-06-08T11:16:30.0000000Z;48.805;48.935;500;750
2026-06-08T11:16:31.0000000Z;48.81;48.935;750;750
2026-06-08T11:16:33.0000000Z;48.815;48.935;500;750
2026-06-08T11:16:36.0000000Z;48.82;48.935;500;650
2026-06-08T11:16:38.0000000Z;48.82;48.935;500;650
2026-06-08T11:16:39.0000000Z;48.825;48.925;500;600
2026-06-08T11:16:43.0000000Z;48.825;48.925;500;500
2026-06-08T11:16:46.0000000Z;48.83;48.915;750;500
2026-06-08T11:16:47.0000000Z;48.83;48.92;500;550
2026-06-08T11:16:48.0000000Z;48.83;48.925;500;550
2026-06-08T11:16:53.0000000Z;48.83;48.925;500;500
2026-06-08T11:16:54.0000000Z;48.83;48.925;500;550
2026-06-08T11:17:05.0000000Z;48.83;48.925;500;750
2026-06-08T11:17:06.0000000Z;48.83;48.92;750;750
2026-06-08T11:17:07.0000000Z;48.83;48.92;500;500
2026-06-08T11:17:08.0000000Z;48.83;48.92;500;500
2026-06-08T11:17:09.0000000Z;48.83;48.92;500;550
2026-06-08T11:17:10.0000000Z;48.825;48.92;500;550
2026-06-08T11:17:11.0000000Z;48.825;48.925;500;550
2026-06-08T11:17:12.0000000Z;48.83;48.92;500;500
2026-06-08T11:17:14.0000000Z;48.83;48.92;500;500
2026-06-08T11:17:21.0000000Z;48.83;48.92;750;500
2026-06-08T11:17:22.0000000Z;48.83;48.925;500;500
2026-06-08T11:17:27.0000000Z;48.83;48.925;750;750
2026-06-08T11:17:28.0000000Z;48.83;48.925;500;500
2026-06-08T11:17:32.0000000Z;48.82;48.925;500;500
2026-06-08T11:17:35.0000000Z;48.82;48.925;750;500
2026-06-08T11:17:37.0000000Z;48.82;48.925;500;550
2026-06-08T11:17:41.0000000Z;48.825;48.925;500;500
2026-06-08T11:17:43.0000000Z;48.825;48.92;750;500
2026-06-08T11:17:44.0000000Z;48.825;48.925;500;500
2026-06-08T11:17:45.0000000Z;48.83;48.925;500;500
2026-06-08T11:17:46.0000000Z;48.825;48.925;500;500
2026-06-08T11:17:51.0000000Z;48.83;48.925;750;750
2026-06-08T11:17:52.0000000Z;48.83;48.925;500;550
2026-06-08T11:17:53.0000000Z;48.83;48.925;500;500
2026-06-08T11:17:56.0000000Z;48.83;48.925;500;600
2026-06-08T11:17:58.0000000Z;48.82;48.93;500;750
2026-06-08T11:18:00.0000000Z;48.82;48.94;500;750
2026-06-08T11:18:02.0000000Z;48.81;48.94;500;750
2026-06-08T11:18:07.0000000Z;48.805;48.935;750;750
2026-06-08T11:18:08.0000000Z;48.81;48.935;750;750
2026-06-08T11:18:10.0000000Z;48.815;48.935;500;750
2026-06-08T11:18:15.0000000Z;48.815;48.935;750;750
2026-06-08T11:18:16.0000000Z;48.81;48.935;750;750
2026-06-08T11:18:17.0000000Z;48.81;48.935;500;750
2026-06-08T11:18:19.0000000Z;48.81;48.935;750;700
2026-06-08T11:18:20.0000000Z;48.81;48.935;500;700
2026-06-08T11:18:21.0000000Z;48.82;48.93;650;700
2026-06-08T11:18:22.0000000Z;48.82;48.925;500;700
2026-06-08T11:18:23.0000000Z;48.82;48.925;750;650
2026-06-08T11:18:25.0000000Z;48.82;48.925;750;600
2026-06-08T11:18:27.0000000Z;48.82;48.925;750;550
2026-06-08T11:18:28.0000000Z;48.82;48.925;750;600
2026-06-08T11:18:30.0000000Z;48.82;48.92;750;550
2026-06-08T11:18:34.0000000Z;48.82;48.92;750;500
2026-06-08T11:18:44.0000000Z;48.82;48.915;750;500
2026-06-08T11:18:46.0000000Z;48.82;48.915;750;750
2026-06-08T11:18:47.0000000Z;48.82;48.915;750;500
2026-06-08T11:18:52.0000000Z;48.82;48.91;750;500
2026-06-08T11:19:06.0000000Z;48.82;48.915;750;500
2026-06-08T11:19:54.0000000Z;48.815;48.915;500;500
2026-06-08T11:19:58.0000000Z;48.815;48.925;500;700
2026-06-08T11:19:59.0000000Z;48.815;48.925;500;500
2026-06-08T11:20:01.0000000Z;48.805;48.925;750;750
2026-06-08T11:20:02.0000000Z;48.805;48.925;500;750
2026-06-08T11:20:03.0000000Z;48.815;48.925;500;750
2026-06-08T11:20:04.0000000Z;48.81;48.925;500;750
2026-06-08T11:20:07.0000000Z;48.815;48.925;500;750
2026-06-08T11:20:15.0000000Z;48.81;48.92;500;500
2026-06-08T11:20:16.0000000Z;48.81;48.92;500;750
2026-06-08T11:20:17.0000000Z;48.8;48.92;500;750
2026-06-08T11:20:19.0000000Z;48.81;48.92;550;700
2026-06-08T11:20:22.0000000Z;48.805;48.92;550;700
2026-06-08T11:20:24.0000000Z;48.8;48.92;550;700
2026-06-08T11:20:25.0000000Z;48.8;48.915;550;650
2026-06-08T11:20:26.0000000Z;48.8;48.92;500;750
2026-06-08T11:20:27.0000000Z;48.805;48.92;500;750
2026-06-08T11:20:29.0000000Z;48.805;48.915;500;750
2026-06-08T11:20:31.0000000Z;48.795;48.91;550;750
2026-06-08T11:20:32.0000000Z;48.795;48.91;750;700
2026-06-08T11:20:33.0000000Z;48.795;48.91;550;700
2026-06-08T11:20:35.0000000Z;48.795;48.91;550;750
2026-06-08T11:20:36.0000000Z;48.795;48.91;500;750
2026-06-08T11:20:38.0000000Z;48.795;48.905;500;750
2026-06-08T11:20:39.0000000Z;48.795;48.91;550;600
2026-06-08T11:20:42.0000000Z;48.795;48.91;550;750
2026-06-08T11:20:43.0000000Z;48.795;48.91;550;700
2026-06-08T11:20:47.0000000Z;48.795;48.91;750;600
2026-06-08T11:20:48.0000000Z;48.795;48.91;550;700
2026-06-08T11:20:51.0000000Z;48.795;48.91;550;600
2026-06-08T11:20:53.0000000Z;48.795;48.91;550;700
2026-06-08T11:20:55.0000000Z;48.795;48.91;550;750
2026-06-08T11:20:56.0000000Z;48.795;48.91;750;750
2026-06-08T11:20:58.0000000Z;48.795;48.91;500;750
2026-06-08T11:21:02.0000000Z;48.795;48.91;500;700
2026-06-08T11:21:03.0000000Z;48.795;48.91;500;750
2026-06-08T11:21:05.0000000Z;48.795;48.91;500;750
2026-06-08T11:21:06.0000000Z;48.8;48.915;500;750
2026-06-08T11:21:14.0000000Z;48.805;48.915;500;500
2026-06-08T11:21:15.0000000Z;48.805;48.915;500;750
2026-06-08T11:21:18.0000000Z;48.8;48.915;500;750
2026-06-08T11:21:20.0000000Z;48.805;48.915;500;750
2026-06-08T11:21:24.0000000Z;48.8;48.915;500;750
2026-06-08T11:21:26.0000000Z;48.805;48.915;500;750
2026-06-08T11:21:31.0000000Z;48.8;48.915;500;750
2026-06-08T11:21:33.0000000Z;48.805;48.915;500;750
2026-06-08T11:21:44.0000000Z;48.805;48.915;500;750
2026-06-08T11:21:45.0000000Z;48.81;48.925;500;750
2026-06-08T11:21:51.0000000Z;48.805;48.92;750;750
2026-06-08T11:21:57.0000000Z;48.805;48.92;500;750
2026-06-08T11:22:01.0000000Z;48.81;48.92;500;750
2026-06-08T11:22:02.0000000Z;48.81;48.92;500;700
2026-06-08T11:22:03.0000000Z;48.805;48.92;500;750
2026-06-08T11:22:14.0000000Z;48.805;48.92;500;750
2026-06-08T11:22:17.0000000Z;48.8;48.92;500;750
2026-06-08T11:22:18.0000000Z;48.8;48.92;500;700
2026-06-08T11:22:19.0000000Z;48.805;48.92;750;700
2026-06-08T11:22:20.0000000Z;48.805;48.92;500;750
2026-06-08T11:22:24.0000000Z;48.805;48.92;750;750
2026-06-08T11:22:25.0000000Z;48.8;48.92;500;700
2026-06-08T11:22:26.0000000Z;48.8;48.92;500;750
2026-06-08T11:22:27.0000000Z;48.805;48.92;500;750
2026-06-08T11:22:35.0000000Z;48.8;48.92;500;750
2026-06-08T11:22:37.0000000Z;48.805;48.92;500;750
2026-06-08T11:22:38.0000000Z;48.805;48.92;500;750
2026-06-08T11:22:48.0000000Z;48.805;48.92;500;700
2026-06-08T11:22:49.0000000Z;48.805;48.92;500;750
2026-06-08T11:22:53.0000000Z;48.8;48.92;500;750
2026-06-08T11:22:55.0000000Z;48.805;48.92;500;750
2026-06-08T11:22:59.0000000Z;48.8;48.92;500;750
2026-06-08T11:23:00.0000000Z;48.8;48.915;500;650
2026-06-08T11:23:01.0000000Z;48.805;48.92;500;700
2026-06-08T11:23:02.0000000Z;48.805;48.92;500;750
2026-06-08T11:23:05.0000000Z;48.805;48.92;750;750
2026-06-08T11:23:09.0000000Z;48.805;48.92;500;750
2026-06-08T11:23:19.0000000Z;48.8;48.92;500;750
2026-06-08T11:23:21.0000000Z;48.8;48.92;500;750
2026-06-08T11:23:23.0000000Z;48.805;48.92;500;750
2026-06-08T11:23:31.0000000Z;48.805;48.92;500;750
2026-06-08T11:23:37.0000000Z;48.8;48.92;500;750
2026-06-08T11:23:38.0000000Z;48.8;48.92;500;750
2026-06-08T11:23:39.0000000Z;48.805;48.92;500;750
2026-06-08T11:23:45.0000000Z;48.8;48.92;500;750
2026-06-08T11:23:47.0000000Z;48.805;48.92;750;750
2026-06-08T11:23:51.0000000Z;48.805;48.92;500;750
2026-06-08T11:23:55.0000000Z;48.8;48.92;500;750
2026-06-08T11:23:57.0000000Z;48.805;48.92;500;750
2026-06-08T11:23:59.0000000Z;48.81;48.92;500;750
2026-06-08T11:24:03.0000000Z;48.8;48.92;500;750
2026-06-08T11:24:04.0000000Z;48.8;48.92;750;750
2026-06-08T11:24:12.0000000Z;48.8;48.92;500;750
2026-06-08T11:24:14.0000000Z;48.805;48.92;500;750
2026-06-08T11:24:19.0000000Z;48.81;48.92;500;750
2026-06-08T11:24:22.0000000Z;48.81;48.92;500;600
2026-06-08T11:24:24.0000000Z;48.81;48.92;500;750
2026-06-08T11:24:26.0000000Z;48.81;48.92;750;750
2026-06-08T11:24:27.0000000Z;48.81;48.92;500;750
2026-06-08T11:24:29.0000000Z;48.8;48.92;500;750
2026-06-08T11:24:31.0000000Z;48.805;48.92;500;750
2026-06-08T11:24:43.0000000Z;48.805;48.9;750;750
2026-06-08T11:24:45.0000000Z;48.8;48.9;750;750
2026-06-08T11:24:47.0000000Z;48.8;48.9;500;750
2026-06-08T11:24:49.0000000Z;48.805;48.9;500;750
2026-06-08T11:24:50.0000000Z;48.805;48.9;500;750
2026-06-08T11:25:02.0000000Z;48.805;48.9;500;750
2026-06-08T11:25:38.0000000Z;48.805;48.905;500;750
2026-06-08T11:25:39.0000000Z;48.81;48.905;500;750
2026-06-08T11:25:46.0000000Z;48.805;48.905;500;750
2026-06-08T11:25:50.0000000Z;48.805;48.9;500;750
2026-06-08T11:26:06.0000000Z;48.8;48.9;500;750
2026-06-08T11:26:14.0000000Z;48.8;48.9;500;750
2026-06-08T11:26:26.0000000Z;48.8;48.9;500;500
2026-06-08T11:26:27.0000000Z;48.8;48.9;500;750
2026-06-08T11:26:31.0000000Z;48.8;48.89;500;500
2026-06-08T11:26:33.0000000Z;48.8;48.89;500;550
2026-06-08T11:26:34.0000000Z;48.8;48.89;750;550
2026-06-08T11:26:40.0000000Z;48.8;48.89;500;550
2026-06-08T11:26:46.0000000Z;48.8;48.89;500;500
2026-06-08T11:26:50.0000000Z;48.8;48.89;750;500
2026-06-08T11:26:51.0000000Z;48.8;48.89;500;500
2026-06-08T11:26:54.0000000Z;48.795;48.89;500;600
2026-06-08T11:27:19.0000000Z;48.795;48.89;750;600
2026-06-08T11:27:48.0000000Z;48.795;48.89;500;600
2026-06-08T11:28:07.0000000Z;48.795;48.89;550;600
2026-06-08T11:28:12.0000000Z;48.795;48.89;500;600
2026-06-08T11:28:13.0000000Z;48.795;48.89;550;600
2026-06-08T11:28:23.0000000Z;48.8;48.89;500;600
2026-06-08T11:28:33.0000000Z;48.795;48.89;750;600
2026-06-08T11:28:37.0000000Z;48.795;48.89;500;600
2026-06-08T11:29:20.0000000Z;48.795;48.89;550;600
2026-06-08T11:29:29.0000000Z;48.795;48.89;500;600
2026-06-08T11:29:30.0000000Z;48.795;48.89;750;600
2026-06-08T11:29:31.0000000Z;48.795;48.89;500;600
2026-06-08T11:29:39.0000000Z;48.795;48.89;750;600
2026-06-08T11:29:40.0000000Z;48.795;48.89;500;600
2026-06-08T11:29:53.0000000Z;48.795;48.89;750;600
2026-06-08T11:29:54.0000000Z;48.795;48.89;500;600
2026-06-08T11:30:01.0000000Z;48.795;48.89;550;600
2026-06-08T11:30:14.0000000Z;48.795;48.89;500;600
2026-06-08T11:30:24.0000000Z;48.795;48.89;750;600
2026-06-08T11:30:25.0000000Z;48.795;48.89;500;600
2026-06-08T11:30:30.0000000Z;48.795;48.89;550;600
2026-06-08T11:30:38.0000000Z;48.795;48.89;500;600
2026-06-08T11:31:41.0000000Z;48.795;48.89;750;600
2026-06-08T11:31:45.0000000Z;48.795;48.89;500;600
2026-06-08T11:32:09.0000000Z;48.795;48.89;500;600
2026-06-08T11:32:13.0000000Z;48.795;48.89;750;600
2026-06-08T11:32:14.0000000Z;48.795;48.89;500;600
2026-06-08T11:32:19.0000000Z;48.795;48.89;750;600
2026-06-08T11:32:20.0000000Z;48.795;48.89;500;600
2026-06-08T11:32:21.0000000Z;48.795;48.89;550;600
2026-06-08T11:32:38.0000000Z;48.795;48.89;500;600
2026-06-08T11:32:39.0000000Z;48.795;48.89;550;600
2026-06-08T11:33:12.0000000Z;48.795;48.89;500;600
2026-06-08T11:33:14.0000000Z;48.795;48.89;550;600
2026-06-08T11:33:19.0000000Z;48.795;48.89;500;600
2026-06-08T11:33:27.0000000Z;48.805;48.88;500;500
2026-06-08T11:34:40.0000000Z;48.8;48.88;500;500
2026-06-08T11:36:32.0000000Z;48.805;48.88;500;500
2026-06-08T11:39:44.0000000Z;48.815;48.89;500;500
2026-06-08T11:40:25.0000000Z;48.82;48.89;500;500
2026-06-08T11:40:31.0000000Z;48.815;48.89;500;500
2026-06-08T11:41:03.0000000Z;48.82;48.89;500;500
2026-06-08T11:41:05.0000000Z;48.815;48.89;500;500
2026-06-08T11:41:07.0000000Z;48.82;48.89;500;500
2026-06-08T11:41:15.0000000Z;48.815;48.89;500;500
2026-06-08T11:41:17.0000000Z;48.82;48.89;500;500
2026-06-08T11:41:25.0000000Z;48.815;48.89;500;500
2026-06-08T11:41:30.0000000Z;48.82;48.89;500;500
2026-06-08T11:41:35.0000000Z;48.815;48.89;500;500
2026-06-08T11:41:37.0000000Z;48.82;48.89;500;500
2026-06-08T11:41:51.0000000Z;48.815;48.89;500;500
2026-06-08T11:41:53.0000000Z;48.82;48.89;500;500
2026-06-08T11:42:00.0000000Z;48.815;48.89;500;500
2026-06-08T11:42:03.0000000Z;48.82;48.89;500;500
2026-06-08T11:42:10.0000000Z;48.815;48.89;500;500
2026-06-08T11:42:39.0000000Z;48.82;48.89;500;500
2026-06-08T11:54:09.0000000Z;48.815;48.89;500;500
2026-06-08T11:55:02.0000000Z;48.82;48.89;500;500
2026-06-08T11:55:05.0000000Z;48.815;48.89;500;500
2026-06-08T11:55:14.0000000Z;48.82;48.89;500;500
2026-06-08T11:55:16.0000000Z;48.815;48.89;500;500
2026-06-08T11:58:40.0000000Z;48.82;48.89;500;500
2026-06-08T11:58:54.0000000Z;48.815;48.89;500;500
2026-06-08T11:58:57.0000000Z;48.82;48.89;500;500
2026-06-08T11:59:03.0000000Z;48.815;48.89;500;500
2026-06-08T11:59:05.0000000Z;48.82;48.89;500;500
2026-06-08T11:59:06.0000000Z;48.815;48.89;500;500
2026-06-08T11:59:35.0000000Z;48.82;48.89;500;500
2026-06-08T11:59:37.0000000Z;48.815;48.89;500;500
2026-06-08T11:59:39.0000000Z;48.82;48.89;500;500
2026-06-08T11:59:45.0000000Z;48.815;48.89;500;500
2026-06-08T11:59:47.0000000Z;48.82;48.89;500;500
2026-06-08T11:59:53.0000000Z;48.815;48.89;500;500
2026-06-08T11:59:55.0000000Z;48.82;48.89;500;500
2026-06-08T11:59:57.0000000Z;48.815;48.89;500;500
2026-06-08T12:00:01.0000000Z;48.805;48.89;500;500
2026-06-08T12:00:03.0000000Z;48.815;48.89;500;500
2026-06-08T12:02:55.0000000Z;48.8;48.88;550;500
2026-06-08T12:02:58.0000000Z;48.795;48.88;600;500
2026-06-08T12:03:00.0000000Z;48.795;48.88;750;500
2026-06-08T12:03:01.0000000Z;48.795;48.88;550;500
2026-06-08T12:03:11.0000000Z;48.795;48.88;500;500
2026-06-08T12:03:12.0000000Z;48.795;48.88;550;500
2026-06-08T12:03:18.0000000Z;48.8;48.88;550;500
2026-06-08T12:03:21.0000000Z;48.795;48.88;550;500
2026-06-08T12:03:24.0000000Z;48.795;48.88;500;500
2026-06-08T12:03:29.0000000Z;48.795;48.88;550;500
2026-06-08T12:03:43.0000000Z;48.795;48.88;750;500
2026-06-08T12:03:47.0000000Z;48.795;48.88;550;500
2026-06-08T12:03:48.0000000Z;48.795;48.88;750;500
2026-06-08T12:03:49.0000000Z;48.8;48.88;550;500
2026-06-08T12:03:52.0000000Z;48.8;48.88;500;500
2026-06-08T12:03:53.0000000Z;48.8;48.88;550;500
2026-06-08T12:03:54.0000000Z;48.795;48.88;500;500
2026-06-08T12:03:56.0000000Z;48.795;48.88;750;500
2026-06-08T12:03:58.0000000Z;48.795;48.88;500;500
2026-06-08T12:04:02.0000000Z;48.795;48.88;550;500
2026-06-08T12:04:13.0000000Z;48.8;48.88;550;500
2026-06-08T12:04:23.0000000Z;48.795;48.88;500;500
2026-06-08T12:04:26.0000000Z;48.795;48.88;750;500
2026-06-08T12:04:27.0000000Z;48.795;48.88;500;500
2026-06-08T12:04:35.0000000Z;48.795;48.88;750;500
2026-06-08T12:04:37.0000000Z;48.795;48.88;500;500
2026-06-08T12:04:52.0000000Z;48.795;48.88;550;500
2026-06-08T12:04:54.0000000Z;48.79;48.88;500;500
2026-06-08T12:04:56.0000000Z;48.79;48.88;750;500
2026-06-08T12:05:02.0000000Z;48.79;48.88;500;500
2026-06-08T12:05:09.0000000Z;48.79;48.88;750;500
2026-06-08T12:05:13.0000000Z;48.79;48.88;500;500
2026-06-08T12:05:14.0000000Z;48.79;48.88;750;500
2026-06-08T12:05:16.0000000Z;48.79;48.88;550;500
2026-06-08T12:05:17.0000000Z;48.79;48.88;750;500
2026-06-08T12:05:21.0000000Z;48.79;48.88;550;500
2026-06-08T12:05:26.0000000Z;48.79;48.88;500;500
2026-06-08T12:05:29.0000000Z;48.79;48.88;550;500
2026-06-08T12:05:31.0000000Z;48.79;48.88;500;500
2026-06-08T12:05:32.0000000Z;48.79;48.88;550;500
2026-06-08T12:05:36.0000000Z;48.79;48.88;750;500
2026-06-08T12:05:37.0000000Z;48.79;48.88;550;500
2026-06-08T12:05:39.0000000Z;48.79;48.88;500;500
2026-06-08T12:05:49.0000000Z;48.79;48.88;550;500
2026-06-08T12:05:52.0000000Z;48.79;48.88;500;500
2026-06-08T12:05:58.0000000Z;48.79;48.88;750;500
2026-06-08T12:05:59.0000000Z;48.79;48.88;500;500
2026-06-08T12:06:06.0000000Z;48.79;48.88;550;500
2026-06-08T12:06:08.0000000Z;48.79;48.88;500;500
2026-06-08T12:06:15.0000000Z;48.79;48.88;550;500
2026-06-08T12:06:24.0000000Z;48.79;48.88;750;500
2026-06-08T12:06:26.0000000Z;48.79;48.88;500;500
2026-06-08T12:06:27.0000000Z;48.79;48.88;550;500
2026-06-08T12:06:34.0000000Z;48.79;48.88;500;500
2026-06-08T12:06:37.0000000Z;48.79;48.88;550;500
2026-06-08T12:07:32.0000000Z;48.79;48.88;750;500
2026-06-08T12:07:38.0000000Z;48.79;48.88;500;500
2026-06-08T12:07:41.0000000Z;48.79;48.88;750;500
2026-06-08T12:07:46.0000000Z;48.79;48.88;500;500
2026-06-08T12:08:02.0000000Z;48.79;48.88;750;500
2026-06-08T12:08:10.0000000Z;48.79;48.88;500;500
2026-06-08T12:08:11.0000000Z;48.795;48.88;500;500
2026-06-08T12:08:13.0000000Z;48.79;48.88;500;500
2026-06-08T12:08:15.0000000Z;48.795;48.88;500;500
2026-06-08T12:08:17.0000000Z;48.79;48.88;500;500
2026-06-08T12:08:19.0000000Z;48.795;48.88;500;500
2026-06-08T12:08:23.0000000Z;48.79;48.88;500;500
2026-06-08T12:08:25.0000000Z;48.795;48.88;500;500
2026-06-08T12:08:27.0000000Z;48.79;48.88;500;500
2026-06-08T12:08:29.0000000Z;48.8;48.88;500;500
2026-06-08T12:10:27.0000000Z;48.805;48.88;500;500
2026-06-08T12:11:24.0000000Z;48.8;48.88;500;500
2026-06-08T12:11:30.0000000Z;48.805;48.88;500;500
2026-06-08T12:11:52.0000000Z;48.8;48.88;500;500
2026-06-08T12:20:38.0000000Z;48.8;48.88;500;500
2026-06-08T12:20:42.0000000Z;48.805;48.88;500;500
2026-06-08T12:20:48.0000000Z;48.8;48.88;500;500
2026-06-08T12:20:50.0000000Z;48.805;48.88;500;500
2026-06-08T12:21:04.0000000Z;48.8;48.88;500;500
2026-06-08T12:21:06.0000000Z;48.805;48.88;750;500
2026-06-08T12:21:11.0000000Z;48.805;48.88;500;500
2026-06-08T12:22:54.0000000Z;48.81;48.885;500;500
2026-06-08T12:23:05.0000000Z;48.81;48.885;750;500
2026-06-08T12:23:10.0000000Z;48.81;48.885;500;500
2026-06-08T12:23:11.0000000Z;48.81;48.885;500;500
2026-06-08T12:23:12.0000000Z;48.81;48.885;750;500
2026-06-08T12:23:14.0000000Z;48.81;48.885;750;500
2026-06-08T12:23:15.0000000Z;48.81;48.885;500;500
2026-06-08T12:23:17.0000000Z;48.81;48.885;750;500
2026-06-08T12:23:18.0000000Z;48.815;48.89;500;500
2026-06-08T12:23:28.0000000Z;48.82;48.89;500;500
2026-06-08T12:27:11.0000000Z;48.815;48.89;500;500
2026-06-08T12:27:21.0000000Z;48.82;48.89;500;500
2026-06-08T12:28:39.0000000Z;48.815;48.89;500;500
2026-06-08T12:28:41.0000000Z;48.82;48.89;500;500
2026-06-08T12:28:55.0000000Z;48.815;48.89;500;500
2026-06-08T12:28:57.0000000Z;48.82;48.89;500;500
2026-06-08T12:29:42.0000000Z;48.815;48.89;500;500
2026-06-08T12:29:44.0000000Z;48.82;48.89;500;500
2026-06-08T12:29:46.0000000Z;48.815;48.89;500;500
2026-06-08T12:29:48.0000000Z;48.82;48.89;500;500
2026-06-08T12:30:00.0000000Z;48.82;48.89;750;500
2026-06-08T12:30:03.0000000Z;48.82;48.89;500;500
2026-06-08T12:30:37.0000000Z;48.82;48.89;750;500
2026-06-08T12:30:38.0000000Z;48.82;48.89;500;500
2026-06-08T12:31:44.0000000Z;48.815;48.89;500;500
2026-06-08T12:31:46.0000000Z;48.82;48.89;500;500
2026-06-08T12:33:15.0000000Z;48.815;48.89;500;500
2026-06-08T12:33:17.0000000Z;48.82;48.89;500;500
2026-06-08T12:35:16.0000000Z;48.815;48.89;500;500
2026-06-08T12:37:03.0000000Z;48.815;48.885;750;500
2026-06-08T12:39:22.0000000Z;48.815;48.885;500;500
2026-06-08T12:40:12.0000000Z;48.82;48.885;500;500
2026-06-08T12:40:55.0000000Z;48.82;48.885;750;500
2026-06-08T12:41:27.0000000Z;48.82;48.885;1;1
2026-06-08T12:41:48.0000000Z;48.82;48.885;500;500
2026-06-08T12:42:06.0000000Z;48.82;48.885;1;1
2026-06-08T12:42:41.0000000Z;48.82;48.88;750;500
2026-06-08T12:42:42.0000000Z;48.815;48.885;750;500
2026-06-08T12:42:43.0000000Z;48.815;48.885;500;500
2026-06-08T12:42:45.0000000Z;48.81;48.885;500;500
2026-06-08T12:42:49.0000000Z;48.81;48.885;550;500
2026-06-08T12:42:56.0000000Z;48.81;48.885;500;500
2026-06-08T12:42:58.0000000Z;48.805;48.885;500;500
2026-06-08T12:43:00.0000000Z;48.805;48.885;750;500
2026-06-08T12:43:01.0000000Z;48.805;48.885;500;500
2026-06-08T12:43:06.0000000Z;48.805;48.885;750;500
2026-06-08T12:43:07.0000000Z;48.81;48.885;500;500
2026-06-08T12:43:21.0000000Z;48.815;48.885;500;500
2026-06-08T12:50:27.0000000Z;48.81;48.885;500;500
2026-06-08T12:50:33.0000000Z;48.815;48.885;500;500
2026-06-08T12:51:02.0000000Z;48.81;48.885;500;500
2026-06-08T12:51:41.0000000Z;48.815;48.885;500;500
2026-06-08T12:51:42.0000000Z;48.82;48.885;500;500
2026-06-08T12:53:35.0000000Z;48.82;48.885;750;500
2026-06-08T12:53:39.0000000Z;48.82;48.885;500;500
2026-06-08T12:54:11.0000000Z;48.815;48.885;500;500
2026-06-08T12:56:08.0000000Z;48.815;48.88;500;750
2026-06-08T12:56:25.0000000Z;48.81;48.88;500;500
2026-06-08T12:56:26.0000000Z;48.815;48.88;500;500
2026-06-08T12:56:31.0000000Z;48.81;48.88;500;500
2026-06-08T12:56:32.0000000Z;48.815;48.88;500;500
2026-06-08T12:56:39.0000000Z;48.81;48.88;500;500
2026-06-08T12:56:41.0000000Z;48.815;48.88;500;500
2026-06-08T12:57:13.0000000Z;48.81;48.88;500;500
2026-06-08T12:57:19.0000000Z;48.815;48.88;500;500
2026-06-08T12:57:21.0000000Z;48.81;48.88;500;500
2026-06-08T12:57:25.0000000Z;48.815;48.88;500;500
2026-06-08T12:57:28.0000000Z;48.81;48.88;500;500
2026-06-08T12:57:43.0000000Z;48.815;48.88;500;500
2026-06-08T12:57:49.0000000Z;48.81;48.88;500;500
2026-06-08T12:57:51.0000000Z;48.815;48.88;500;500
2026-06-08T12:57:57.0000000Z;48.81;48.88;500;500
2026-06-08T12:58:01.0000000Z;48.815;48.88;500;500
2026-06-08T12:58:17.0000000Z;48.81;48.88;500;500
2026-06-08T12:58:19.0000000Z;48.815;48.88;500;500
2026-06-08T12:58:51.0000000Z;48.81;48.88;500;500
2026-06-08T12:59:50.0000000Z;48.805;48.88;750;500
2026-06-08T12:59:51.0000000Z;48.81;48.88;750;500
2026-06-08T12:59:55.0000000Z;48.805;48.88;750;500
2026-06-08T12:59:57.0000000Z;48.81;48.88;750;500
2026-06-08T13:00:01.0000000Z;48.81;48.88;500;500
2026-06-08T13:00:02.0000000Z;48.805;48.88;500;500
2026-06-08T13:00:03.0000000Z;48.805;48.88;750;500
2026-06-08T13:00:05.0000000Z;48.81;48.88;750;500
2026-06-08T13:00:07.0000000Z;48.805;48.88;750;500
2026-06-08T13:00:14.0000000Z;48.81;48.88;500;500
2026-06-08T13:00:23.0000000Z;48.8;48.875;500;500
2026-06-08T13:00:28.0000000Z;48.8;48.875;500;500
2026-06-08T13:00:46.0000000Z;48.8;48.875;700;500
2026-06-08T13:00:47.0000000Z;48.8;48.875;500;500
2026-06-08T13:01:08.0000000Z;48.805;48.875;500;750
2026-06-08T13:01:15.0000000Z;48.805;48.875;500;500
2026-06-08T13:04:51.0000000Z;48.805;48.875;500;500
2026-06-08T13:06:51.0000000Z;48.8;48.875;500;500
2026-06-08T13:06:59.0000000Z;48.805;48.875;500;500
2026-06-08T13:10:39.0000000Z;48.805;48.875;500;500
2026-06-08T13:12:08.0000000Z;48.8;48.875;500;500
2026-06-08T13:12:21.0000000Z;48.8;48.875;500;500
2026-06-08T13:12:30.0000000Z;48.8;48.875;500;500
2026-06-08T13:15:15.0000000Z;48.8;48.875;500;500
2026-06-08T13:15:47.0000000Z;48.8;48.875;750;500
2026-06-08T13:15:48.0000000Z;48.8;48.875;500;500
2026-06-08T13:17:06.0000000Z;48.805;48.875;500;500
2026-06-08T13:17:12.0000000Z;48.8;48.87;500;500
2026-06-08T13:17:17.0000000Z;48.8;48.87;750;500
2026-06-08T13:17:19.0000000Z;48.795;48.87;750;500
2026-06-08T13:17:21.0000000Z;48.8;48.87;750;500
2026-06-08T13:17:55.0000000Z;48.8;48.87;500;500
2026-06-08T13:18:17.0000000Z;48.805;48.87;500;500
2026-06-08T13:18:42.0000000Z;48.8;48.875;500;500
2026-06-08T13:18:47.0000000Z;48.8;48.875;750;500
2026-06-08T13:18:48.0000000Z;48.8;48.875;500;500
2026-06-08T13:20:06.0000000Z;48.805;48.875;500;500
2026-06-08T13:20:14.0000000Z;48.8;48.875;500;500
2026-06-08T13:20:16.0000000Z;48.805;48.875;500;500
2026-06-08T13:21:47.0000000Z;48.81;48.875;500;500
2026-06-08T13:22:03.0000000Z;48.805;48.875;500;500
2026-06-08T13:22:51.0000000Z;48.8;48.87;500;500
2026-06-08T13:22:53.0000000Z;48.8;48.865;500;500
2026-06-08T13:22:54.0000000Z;48.8;48.865;750;500
2026-06-08T13:22:56.0000000Z;48.8;48.865;500;500
2026-06-08T13:22:57.0000000Z;48.8;48.865;500;500
2026-06-08T13:22:58.0000000Z;48.8;48.865;750;500
2026-06-08T13:22:59.0000000Z;48.795;48.865;750;500
2026-06-08T13:23:00.0000000Z;48.795;48.865;500;500
2026-06-08T13:23:01.0000000Z;48.8;48.865;500;500
2026-06-08T13:23:27.0000000Z;48.795;48.865;500;500
2026-06-08T13:23:33.0000000Z;48.79;48.865;500;500
2026-06-08T13:24:41.0000000Z;48.795;48.865;500;750
2026-06-08T13:24:45.0000000Z;48.795;48.865;500;500
2026-06-08T13:25:50.0000000Z;48.8;48.865;500;500
2026-06-08T13:25:52.0000000Z;48.795;48.865;500;500
2026-06-08T13:25:58.0000000Z;48.8;48.865;500;500
2026-06-08T13:26:01.0000000Z;48.795;48.865;500;500
2026-06-08T13:26:14.0000000Z;48.8;48.865;500;500
2026-06-08T13:26:16.0000000Z;48.795;48.865;500;500
2026-06-08T13:26:30.0000000Z;48.8;48.87;500;500
2026-06-08T13:28:02.0000000Z;48.8;48.875;750;500
2026-06-08T13:29:36.0000000Z;48.795;48.875;500;500
2026-06-08T13:29:46.0000000Z;48.795;48.875;500;2100
2026-06-08T13:29:58.0000000Z;48.795;48.875;750;2100
2026-06-08T13:30:48.0000000Z;48.795;48.875;500;2100
2026-06-08T13:30:49.0000000Z;48.795;48.875;750;2100
2026-06-08T13:30:50.0000000Z;48.795;48.875;500;2100
2026-06-08T13:30:51.0000000Z;48.795;48.875;750;2100
2026-06-08T13:30:56.0000000Z;48.8;48.875;750;2100
2026-06-08T13:31:00.0000000Z;48.795;48.875;750;2100
2026-06-08T13:31:03.0000000Z;48.8;48.875;750;2100
2026-06-08T13:31:09.0000000Z;48.8;48.875;750;2100
2026-06-08T13:31:11.0000000Z;48.795;48.875;750;2100
2026-06-08T13:31:18.0000000Z;48.8;48.875;750;2100
2026-06-08T13:31:24.0000000Z;48.795;48.875;750;2100
2026-06-08T13:31:26.0000000Z;48.8;48.875;750;2100
2026-06-08T13:31:28.0000000Z;48.795;48.875;750;2100
2026-06-08T13:31:29.0000000Z;48.8;48.875;750;2100
2026-06-08T13:31:45.0000000Z;48.795;48.875;750;2100
2026-06-08T13:32:02.0000000Z;48.8;48.875;750;2100
2026-06-08T13:32:08.0000000Z;48.8;48.875;500;2100
2026-06-08T13:32:09.0000000Z;48.805;48.875;750;2100
2026-06-08T13:32:10.0000000Z;48.805;48.875;500;2100
2026-06-08T13:32:13.0000000Z;48.805;48.875;500;2100
2026-06-08T13:32:23.0000000Z;48.805;48.875;750;2100
2026-06-08T13:32:25.0000000Z;48.805;48.875;500;2100
2026-06-08T13:32:27.0000000Z;48.805;48.875;500;2100
2026-06-08T13:32:31.0000000Z;48.805;48.875;750;2100
2026-06-08T13:32:34.0000000Z;48.8;48.875;750;2100
2026-06-08T13:32:35.0000000Z;48.8;48.875;500;2100
2026-06-08T13:32:36.0000000Z;48.805;48.875;750;2100
2026-06-08T13:32:37.0000000Z;48.805;48.88;500;2100
2026-06-08T13:32:38.0000000Z;48.8;48.88;500;2100
2026-06-08T13:32:40.0000000Z;48.805;48.88;750;2100
2026-06-08T13:32:43.0000000Z;48.805;48.88;500;2100
2026-06-08T13:32:44.0000000Z;48.81;48.88;500;2100
2026-06-08T13:32:51.0000000Z;48.805;48.88;750;2100
2026-06-08T13:32:52.0000000Z;48.805;48.88;500;2100
2026-06-08T13:33:02.0000000Z;48.805;48.88;750;2100
2026-06-08T13:33:04.0000000Z;48.81;48.88;500;2100
2026-06-08T13:33:08.0000000Z;48.805;48.88;750;2100
2026-06-08T13:33:11.0000000Z;48.81;48.88;500;2100
2026-06-08T13:33:12.0000000Z;48.805;48.88;500;2100
2026-06-08T13:33:17.0000000Z;48.805;48.88;750;2100
2026-06-08T13:33:19.0000000Z;48.805;48.88;500;2100
2026-06-08T13:33:21.0000000Z;48.81;48.88;500;2100
2026-06-08T13:33:24.0000000Z;48.805;48.88;500;2100
2026-06-08T13:33:27.0000000Z;48.805;48.88;750;2100
2026-06-08T13:33:30.0000000Z;48.805;48.88;500;2100
2026-06-08T13:33:35.0000000Z;48.805;48.88;750;2100
2026-06-08T13:33:38.0000000Z;48.805;48.88;500;2100
2026-06-08T13:33:53.0000000Z;48.805;48.88;750;2100
2026-06-08T13:33:54.0000000Z;48.805;48.88;500;2100
2026-06-08T13:33:56.0000000Z;48.805;48.88;750;2100
2026-06-08T13:33:59.0000000Z;48.805;48.88;500;2100
2026-06-08T13:34:02.0000000Z;48.805;48.88;500;2100
2026-06-08T13:37:36.0000000Z;48.81;48.88;750;2100
2026-06-08T13:37:37.0000000Z;48.81;48.88;500;2100
2026-06-08T13:37:39.0000000Z;48.805;48.88;500;2100
2026-06-08T13:37:41.0000000Z;48.81;48.88;500;2100
2026-06-08T13:37:42.0000000Z;48.81;48.88;750;2100
2026-06-08T13:37:43.0000000Z;48.81;48.88;500;2100
2026-06-08T13:37:45.0000000Z;48.81;48.88;500;2100
2026-06-08T13:38:07.0000000Z;48.805;48.88;500;2100
2026-06-08T13:38:09.0000000Z;48.81;48.88;500;2100
2026-06-08T13:38:19.0000000Z;48.805;48.875;500;2100
2026-06-08T13:38:20.0000000Z;48.805;48.88;500;2100
2026-06-08T13:38:27.0000000Z;48.805;48.875;500;2100
2026-06-08T13:38:31.0000000Z;48.805;48.875;750;2100
2026-06-08T13:38:32.0000000Z;48.805;48.88;750;2100
2026-06-08T13:38:43.0000000Z;48.805;48.88;500;2100
2026-06-08T13:39:15.0000000Z;48.81;48.88;500;2100
2026-06-08T13:39:17.0000000Z;48.805;48.88;500;2100
2026-06-08T13:39:23.0000000Z;48.805;48.88;750;2100
2026-06-08T13:39:25.0000000Z;48.805;48.88;500;2100
2026-06-08T13:39:27.0000000Z;48.805;48.88;750;2100
2026-06-08T13:39:29.0000000Z;48.805;48.88;500;2100
2026-06-08T13:39:37.0000000Z;48.8;48.88;500;2100
2026-06-08T13:39:39.0000000Z;48.805;48.88;500;2100
2026-06-08T13:39:45.0000000Z;48.805;48.88;750;2100
2026-06-08T13:39:48.0000000Z;48.8;48.88;750;2100
2026-06-08T13:39:53.0000000Z;48.805;48.88;750;2100
2026-06-08T13:39:57.0000000Z;48.81;48.88;500;2100
2026-06-08T13:40:06.0000000Z;48.805;48.88;500;2100
2026-06-08T13:40:07.0000000Z;48.81;48.88;500;2100
2026-06-08T13:40:09.0000000Z;48.805;48.88;500;2100
2026-06-08T13:40:22.0000000Z;48.81;48.88;500;2100
2026-06-08T13:40:24.0000000Z;48.805;48.88;500;2100
2026-06-08T13:40:26.0000000Z;48.81;48.88;500;2100
2026-06-08T13:40:28.0000000Z;48.805;48.88;500;2100
2026-06-08T13:40:29.0000000Z;48.81;48.88;500;2100
2026-06-08T13:40:31.0000000Z;48.805;48.88;500;2100
2026-06-08T13:40:38.0000000Z;48.81;48.88;500;2100
2026-06-08T13:40:44.0000000Z;48.805;48.88;500;2100
2026-06-08T13:41:04.0000000Z;48.81;48.88;500;2100
2026-06-08T13:41:12.0000000Z;48.805;48.88;500;2100
2026-06-08T13:41:21.0000000Z;48.805;48.88;750;2100
2026-06-08T13:41:23.0000000Z;48.805;48.88;500;2100
2026-06-08T13:41:42.0000000Z;48.805;48.88;750;2100
2026-06-08T13:41:53.0000000Z;48.805;48.88;500;2100
2026-06-08T13:42:00.0000000Z;48.805;48.88;750;2100
2026-06-08T13:42:01.0000000Z;48.805;48.88;500;2100
2026-06-08T13:43:06.0000000Z;48.8;48.88;500;2100
2026-06-08T13:43:11.0000000Z;48.805;48.88;500;2100
2026-06-08T13:43:16.0000000Z;48.8;48.88;500;2100
2026-06-08T13:43:19.0000000Z;48.805;48.88;500;2100
2026-06-08T13:43:41.0000000Z;48.805;48.88;500;750
2026-06-08T13:44:26.0000000Z;48.81;48.88;500;750
2026-06-08T13:44:28.0000000Z;48.805;48.88;500;750
2026-06-08T13:44:40.0000000Z;48.81;48.88;500;750
2026-06-08T13:44:42.0000000Z;48.805;48.88;500;750
2026-06-08T13:44:53.0000000Z;48.81;48.88;500;750
2026-06-08T13:44:58.0000000Z;48.805;48.88;500;750
2026-06-08T13:45:07.0000000Z;48.805;48.875;500;500
2026-06-08T13:45:13.0000000Z;48.8;48.875;500;500
2026-06-08T13:45:41.0000000Z;48.805;48.875;500;500
2026-06-08T13:45:43.0000000Z;48.8;48.875;500;500
2026-06-08T13:45:51.0000000Z;48.805;48.875;500;500
2026-06-08T13:46:02.0000000Z;48.8;48.875;500;500
2026-06-08T13:46:19.0000000Z;48.805;48.875;500;500
2026-06-08T13:47:09.0000000Z;48.805;48.875;500;500
2026-06-08T13:47:18.0000000Z;48.805;48.875;500;750
2026-06-08T13:47:24.0000000Z;48.805;48.875;500;500
2026-06-08T13:47:49.0000000Z;48.81;48.875;500;500
2026-06-08T13:47:51.0000000Z;48.805;48.875;500;500
2026-06-08T13:48:03.0000000Z;48.81;48.875;500;500
2026-06-08T13:48:06.0000000Z;48.805;48.88;750;500
2026-06-08T13:48:07.0000000Z;48.805;48.88;500;500
2026-06-08T13:48:45.0000000Z;48.8;48.88;500;500
2026-06-08T13:48:47.0000000Z;48.805;48.88;500;500
2026-06-08T13:48:49.0000000Z;48.8;48.88;500;500
2026-06-08T13:48:53.0000000Z;48.805;48.88;500;500
2026-06-08T13:49:04.0000000Z;48.8;48.88;500;500
2026-06-08T13:49:06.0000000Z;48.805;48.88;500;500
2026-06-08T13:49:08.0000000Z;48.8;48.88;500;500
2026-06-08T13:49:23.0000000Z;48.805;48.88;500;500
2026-06-08T13:50:24.0000000Z;48.805;48.875;500;750
2026-06-08T13:50:52.0000000Z;48.8;48.875;500;750
2026-06-08T13:50:54.0000000Z;48.805;48.875;500;750
2026-06-08T13:51:08.0000000Z;48.8;48.875;500;750
2026-06-08T13:51:17.0000000Z;48.805;48.875;500;500
2026-06-08T13:51:36.0000000Z;48.8;48.875;500;500
2026-06-08T13:51:41.0000000Z;48.805;48.875;500;500
2026-06-08T13:52:08.0000000Z;48.805;48.875;500;750
2026-06-08T13:52:13.0000000Z;48.805;48.875;500;500
2026-06-08T13:52:21.0000000Z;48.805;48.875;500;750
2026-06-08T13:52:26.0000000Z;48.805;48.875;500;500
2026-06-08T13:52:37.0000000Z;48.805;48.875;500;500
2026-06-08T13:53:48.0000000Z;48.795;48.87;500;500
2026-06-08T13:54:12.0000000Z;48.8;48.87;500;500
2026-06-08T13:54:25.0000000Z;48.805;48.87;500;500
2026-06-08T13:55:01.0000000Z;48.8;48.87;500;500
2026-06-08T13:55:21.0000000Z;48.795;48.87;500;500
2026-06-08T13:56:15.0000000Z;48.8;48.87;750;500
2026-06-08T13:56:18.0000000Z;48.8;48.87;500;500
2026-06-08T13:58:07.0000000Z;48.795;48.87;500;500
2026-06-08T13:58:24.0000000Z;48.8;48.87;500;500
2026-06-08T13:58:28.0000000Z;48.805;48.87;500;500
2026-06-08T13:58:42.0000000Z;48.8;48.87;500;500
2026-06-08T13:58:44.0000000Z;48.805;48.87;500;500
2026-06-08T13:58:46.0000000Z;48.8;48.87;500;500
2026-06-08T13:58:50.0000000Z;48.795;48.87;500;500
2026-06-08T13:58:52.0000000Z;48.8;48.87;500;500
2026-06-08T13:58:54.0000000Z;48.795;48.87;500;500
2026-06-08T13:59:11.0000000Z;48.8;48.87;500;500
2026-06-08T13:59:12.0000000Z;48.795;48.87;500;500
2026-06-08T13:59:42.0000000Z;48.805;48.87;500;750
2026-06-08T13:59:44.0000000Z;48.8;48.87;500;750
2026-06-08T13:59:48.0000000Z;48.8;48.87;500;500
2026-06-08T14:00:01.0000000Z;48.8;48.875;500;500
2026-06-08T14:00:17.0000000Z;48.805;48.875;500;500
2026-06-08T14:00:57.0000000Z;48.8;48.875;500;500
2026-06-08T14:02:00.0000000Z;48.805;48.875;500;500
2026-06-08T14:02:03.0000000Z;48.8;48.875;500;500
2026-06-08T14:02:47.0000000Z;48.8;48.87;500;500
2026-06-08T14:02:52.0000000Z;48.8;48.87;500;500
2026-06-08T14:03:18.0000000Z;48.795;48.87;750;500
2026-06-08T14:03:20.0000000Z;48.795;48.87;500;500
2026-06-08T14:05:20.0000000Z;48.8;48.87;500;500
2026-06-08T14:05:34.0000000Z;48.795;48.87;500;500
2026-06-08T14:05:36.0000000Z;48.8;48.87;500;500
2026-06-08T14:05:40.0000000Z;48.795;48.87;500;500
2026-06-08T14:08:49.0000000Z;48.8;48.87;500;500
2026-06-08T14:08:51.0000000Z;48.795;48.87;500;500
2026-06-08T14:09:11.0000000Z;48.8;48.87;500;500
2026-06-08T14:09:13.0000000Z;48.795;48.87;500;500
2026-06-08T14:10:27.0000000Z;48.8;48.87;500;500
2026-06-08T14:10:31.0000000Z;48.795;48.87;500;500
2026-06-08T14:10:34.0000000Z;48.8;48.87;500;500
2026-06-08T14:10:35.0000000Z;48.795;48.87;500;500
2026-06-08T14:11:02.0000000Z;48.8;48.87;750;500
2026-06-08T14:11:06.0000000Z;48.8;48.87;750;500
2026-06-08T14:11:09.0000000Z;48.8;48.87;500;500
2026-06-08T14:11:27.0000000Z;48.795;48.87;750;500
2026-06-08T14:11:31.0000000Z;48.795;48.87;500;500
2026-06-08T14:11:43.0000000Z;48.795;48.87;500;750
2026-06-08T14:11:46.0000000Z;48.795;48.87;500;500
2026-06-08T14:11:47.0000000Z;48.795;48.87;750;500
2026-06-08T14:11:48.0000000Z;48.795;48.87;500;500
2026-06-08T14:12:21.0000000Z;48.795;48.87;500;750
2026-06-08T14:13:15.0000000Z;48.795;48.865;500;500
2026-06-08T14:13:24.0000000Z;48.795;48.87;750;500
2026-06-08T14:13:25.0000000Z;48.79;48.87;750;500
2026-06-08T14:14:21.0000000Z;48.79;48.865;750;500
2026-06-08T14:14:58.0000000Z;48.79;48.87;750;500
2026-06-08T14:15:02.0000000Z;48.79;48.865;750;500
2026-06-08T14:19:24.0000000Z;48.79;48.865;750;750
2026-06-08T14:20:33.0000000Z;48.79;48.865;750;500
2026-06-08T14:20:39.0000000Z;48.795;48.865;500;500
2026-06-08T14:20:43.0000000Z;48.795;48.87;500;500
2026-06-08T14:20:48.0000000Z;48.79;48.87;500;750
2026-06-08T14:20:49.0000000Z;48.79;48.865;500;750
2026-06-08T14:21:03.0000000Z;48.795;48.865;500;500
2026-06-08T14:21:05.0000000Z;48.795;48.87;500;500
2026-06-08T14:22:42.0000000Z;48.795;48.87;500;500
2026-06-08T14:22:45.0000000Z;48.795;48.87;500;750
2026-06-08T14:25:21.0000000Z;48.79;48.87;500;500
2026-06-08T14:25:24.0000000Z;48.79;48.87;500;750
2026-06-08T14:25:30.0000000Z;48.79;48.87;500;500
2026-06-08T14:25:45.0000000Z;48.79;48.87;500;750
2026-06-08T14:25:51.0000000Z;48.79;48.87;500;500
2026-06-08T14:26:51.0000000Z;48.79;48.87;500;750
2026-06-08T14:26:57.0000000Z;48.79;48.87;500;500
2026-06-08T14:28:22.0000000Z;48.79;48.87;500;750
2026-06-08T14:28:49.0000000Z;48.79;48.87;750;750
2026-06-08T14:28:51.0000000Z;48.79;48.865;500;500
2026-06-08T14:28:52.0000000Z;48.785;48.86;500;500
2026-06-08T14:29:56.0000000Z;48.79;48.86;500;500
2026-06-08T14:30:06.0000000Z;48.785;48.86;500;500
2026-06-08T14:30:22.0000000Z;48.785;48.865;500;500
2026-06-08T14:30:25.0000000Z;48.79;48.865;750;750
2026-06-08T14:30:26.0000000Z;48.79;48.865;750;500
2026-06-08T14:30:31.0000000Z;48.79;48.87;500;500
2026-06-08T14:30:32.0000000Z;48.795;48.87;500;500
2026-06-08T14:30:36.0000000Z;48.79;48.87;500;500
2026-06-08T14:30:38.0000000Z;48.795;48.87;500;500
2026-06-08T14:30:42.0000000Z;48.79;48.865;500;500
2026-06-08T14:31:01.0000000Z;48.785;48.86;500;500
2026-06-08T14:32:00.0000000Z;48.78;48.86;750;500
2026-06-08T14:32:01.0000000Z;48.78;48.86;500;500
2026-06-08T14:32:29.0000000Z;48.78;48.855;500;500
2026-06-08T14:32:59.0000000Z;48.775;48.855;500;500
2026-06-08T14:33:01.0000000Z;48.78;48.855;500;500
2026-06-08T14:33:09.0000000Z;48.78;48.855;500;500
2026-06-08T14:33:39.0000000Z;48.78;48.855;500;750
2026-06-08T14:33:41.0000000Z;48.775;48.855;500;750
2026-06-08T14:33:43.0000000Z;48.775;48.855;750;750
2026-06-08T14:33:44.0000000Z;48.775;48.855;500;750
2026-06-08T14:33:51.0000000Z;48.78;48.855;500;750
2026-06-08T14:33:53.0000000Z;48.775;48.855;500;750
2026-06-08T14:33:59.0000000Z;48.775;48.85;500;500
2026-06-08T14:34:27.0000000Z;48.775;48.855;500;500
2026-06-08T14:34:29.0000000Z;48.78;48.855;750;500
2026-06-08T14:34:31.0000000Z;48.78;48.855;500;500
2026-06-08T14:34:32.0000000Z;48.78;48.855;750;500
2026-06-08T14:34:33.0000000Z;48.78;48.855;500;500
2026-06-08T14:34:35.0000000Z;48.78;48.855;750;500
2026-06-08T14:34:37.0000000Z;48.78;48.855;500;500
2026-06-08T14:34:39.0000000Z;48.775;48.855;500;500
2026-06-08T14:34:54.0000000Z;48.775;48.855;750;500
2026-06-08T14:35:14.0000000Z;48.775;48.855;500;500
2026-06-08T14:35:19.0000000Z;48.77;48.855;500;500
2026-06-08T14:35:37.0000000Z;48.775;48.855;500;500
2026-06-08T14:35:53.0000000Z;48.77;48.855;500;500
2026-06-08T14:36:12.0000000Z;48.775;48.855;500;500
2026-06-08T14:36:28.0000000Z;48.77;48.855;500;500
2026-06-08T14:36:48.0000000Z;48.775;48.855;500;500
2026-06-08T14:37:42.0000000Z;48.775;48.86;500;500
2026-06-08T14:37:44.0000000Z;48.77;48.86;500;500
2026-06-08T14:37:46.0000000Z;48.775;48.86;500;500
2026-06-08T14:38:40.0000000Z;48.77;48.855;500;500
2026-06-08T14:39:06.0000000Z;48.775;48.855;750;500
2026-06-08T14:39:07.0000000Z;48.78;48.855;500;500
2026-06-08T14:39:26.0000000Z;48.78;48.85;500;500
2026-06-08T14:39:46.0000000Z;48.78;48.855;500;500
2026-06-08T14:39:51.0000000Z;48.775;48.855;500;500
2026-06-08T14:40:24.0000000Z;48.775;48.865;500;750
2026-06-08T14:40:25.0000000Z;48.77;48.855;500;500
2026-06-08T14:40:26.0000000Z;48.765;48.855;500;500
2026-06-08T14:40:28.0000000Z;48.77;48.855;750;500
2026-06-08T14:40:44.0000000Z;48.77;48.855;500;500
2026-06-08T14:41:19.0000000Z;48.77;48.855;750;500
2026-06-08T14:41:35.0000000Z;48.77;48.855;500;500
2026-06-08T14:41:47.0000000Z;48.77;48.855;750;500
2026-06-08T14:42:12.0000000Z;48.77;48.855;500;500
2026-06-08T14:43:47.0000000Z;48.77;48.855;500;750
2026-06-08T14:44:16.0000000Z;48.77;48.855;500;500
2026-06-08T14:45:46.0000000Z;48.77;48.855;500;750
2026-06-08T14:45:48.0000000Z;48.77;48.855;500;500
2026-06-08T14:46:40.0000000Z;48.77;48.85;500;500
2026-06-08T14:46:42.0000000Z;48.77;48.855;500;500
2026-06-08T14:47:00.0000000Z;48.77;48.85;500;500
2026-06-08T14:47:08.0000000Z;48.77;48.85;500;750
2026-06-08T14:47:10.0000000Z;48.77;48.855;500;750
2026-06-08T14:47:25.0000000Z;48.775;48.855;500;500
2026-06-08T14:48:38.0000000Z;48.77;48.855;750;500
2026-06-08T14:48:43.0000000Z;48.775;48.855;750;500
2026-06-08T14:49:47.0000000Z;48.775;48.86;750;500
2026-06-08T14:49:49.0000000Z;48.775;48.855;750;500
2026-06-08T14:49:55.0000000Z;48.775;48.86;750;500
2026-06-08T14:50:05.0000000Z;48.775;48.855;750;500
2026-06-08T14:50:07.0000000Z;48.775;48.86;750;500
2026-06-08T14:50:47.0000000Z;48.775;48.855;750;500
2026-06-08T14:51:07.0000000Z;48.775;48.86;750;500
2026-06-08T14:51:09.0000000Z;48.775;48.855;750;500
2026-06-08T14:51:19.0000000Z;48.775;48.86;500;500
2026-06-08T14:52:08.0000000Z;48.775;48.855;500;500
2026-06-08T14:53:14.0000000Z;48.775;48.85;500;500
2026-06-08T14:53:17.0000000Z;48.775;48.85;500;750
2026-06-08T14:53:24.0000000Z;48.775;48.845;500;500
2026-06-08T14:53:36.0000000Z;48.775;48.845;750;500
2026-06-08T14:53:50.0000000Z;48.77;48.845;750;500
2026-06-08T14:53:51.0000000Z;48.775;48.845;500;500
2026-06-08T14:54:04.0000000Z;48.77;48.845;500;500
2026-06-08T14:54:14.0000000Z;48.77;48.84;500;500
2026-06-08T14:55:11.0000000Z;48.77;48.845;750;500
2026-06-08T14:55:12.0000000Z;48.77;48.845;500;500
