2026-06-08T07:56:18.0000000Z;56.282;56.344;1000;1000
2026-06-08T07:56:19.0000000Z;56.284;56.344;1000;1000
2026-06-08T07:56:29.0000000Z;56.284;56.344;1000;1000
2026-06-08T07:57:04.0000000Z;56.284;56.344;1000;1000
2026-06-08T07:57:09.0000000Z;56.284;56.344;1000;1000
2026-06-08T07:57:34.0000000Z;56.282;56.344;1000;1000
2026-06-08T07:57:35.0000000Z;56.284;56.344;1000;1000
2026-06-08T07:57:55.0000000Z;56.284;56.344;1000;1000
2026-06-08T07:59:20.0000000Z;56.282;56.344;1000;1000
2026-06-08T07:59:21.0000000Z;56.284;56.344;1000;1000
2026-06-08T07:59:36.0000000Z;56.284;56.344;1000;1000
2026-06-08T07:59:46.0000000Z;56.284;56.344;1000;1000
2026-06-08T08:00:31.0000000Z;56.282;56.344;1000;1000
2026-06-08T08:00:32.0000000Z;56.284;56.344;1000;1000
2026-06-08T08:01:02.0000000Z;56.284;56.344;1000;1000
2026-06-08T08:01:21.0000000Z;56.282;56.344;1000;1000
2026-06-08T08:01:22.0000000Z;56.284;56.344;1000;1000
2026-06-08T08:02:07.0000000Z;56.282;56.344;1000;1000
2026-06-08T08:02:08.0000000Z;56.284;56.344;1000;1000
2026-06-08T08:02:12.0000000Z;56.282;56.344;1000;1000
2026-06-08T08:02:13.0000000Z;56.284;56.344;1000;1000
2026-06-08T08:02:17.0000000Z;56.282;56.344;1000;1000
2026-06-08T08:02:18.0000000Z;56.284;56.344;1000;1000
2026-06-08T08:02:58.0000000Z;56.282;56.344;1000;1000
2026-06-08T08:02:59.0000000Z;56.284;56.344;1000;1000
2026-06-08T08:03:09.0000000Z;56.284;56.344;1000;1000
2026-06-08T08:03:24.0000000Z;56.284;56.344;1000;1000
2026-06-08T08:03:39.0000000Z;56.282;56.344;1000;1000
2026-06-08T08:03:40.0000000Z;56.284;56.344;1000;1000
2026-06-08T08:04:15.0000000Z;56.278;56.344;1000;1000
2026-06-08T08:04:17.0000000Z;56.278;56.344;1000;1000
2026-06-08T08:04:18.0000000Z;56.284;56.344;1000;1000
2026-06-08T08:04:27.0000000Z;56.282;56.344;1000;1000
2026-06-08T08:04:28.0000000Z;56.284;56.344;1000;1000
2026-06-08T08:05:08.0000000Z;56.278;56.344;1000;1000
2026-06-08T08:05:09.0000000Z;56.282;56.344;1000;1000
2026-06-08T08:05:10.0000000Z;56.284;56.344;1000;1000
2026-06-08T08:05:39.0000000Z;56.282;56.344;1000;1000
2026-06-08T08:05:40.0000000Z;56.284;56.344;1000;1000
2026-06-08T08:06:05.0000000Z;56.28;56.344;1000;1000
2026-06-08T08:06:06.0000000Z;56.284;56.344;1000;1000
2026-06-08T08:07:06.0000000Z;56.282;56.344;1000;1000
2026-06-08T08:07:07.0000000Z;56.284;56.344;1000;1000
2026-06-08T08:07:22.0000000Z;56.284;56.344;1000;1000
2026-06-08T08:08:01.0000000Z;56.282;56.344;1000;1000
2026-06-08T08:08:02.0000000Z;56.284;56.344;1000;1000
2026-06-08T08:08:17.0000000Z;56.284;56.344;1000;1000
2026-06-08T08:08:52.0000000Z;56.282;56.344;1000;1000
2026-06-08T08:08:53.0000000Z;56.284;56.344;1000;1000
2026-06-08T08:09:12.0000000Z;56.282;56.344;1000;1000
2026-06-08T08:09:13.0000000Z;56.284;56.344;1000;1000
2026-06-08T08:09:17.0000000Z;56.282;56.344;1000;1000
2026-06-08T08:09:18.0000000Z;56.284;56.344;1000;1000
2026-06-08T08:09:38.0000000Z;56.284;56.344;1000;1000
2026-06-08T08:09:59.0000000Z;56.284;56.346;1000;1000
2026-06-08T08:10:00.0000000Z;56.284;56.346;1000;1100
2026-06-08T08:10:28.0000000Z;56.284;56.344;1000;1000
2026-06-08T08:11:54.0000000Z;56.284;56.344;1000;1000
2026-06-08T08:13:25.0000000Z;56.284;56.344;1000;1000
2026-06-08T08:13:35.0000000Z;56.284;56.344;1000;1000
2026-06-08T08:13:45.0000000Z;56.284;56.344;1000;1000
2026-06-08T08:13:51.0000000Z;56.276;56.344;1000;1000
2026-06-08T08:13:58.0000000Z;56.28;56.344;1000;1000
2026-06-08T08:13:59.0000000Z;56.284;56.344;1000;1000
2026-06-08T08:14:09.0000000Z;56.284;56.344;1000;1000
2026-06-08T08:14:13.0000000Z;56.282;56.344;1000;1000
2026-06-08T08:14:14.0000000Z;56.284;56.344;1000;1000
2026-06-08T08:14:29.0000000Z;56.284;56.344;1000;1000
2026-06-08T08:14:49.0000000Z;56.284;56.344;1000;1000
2026-06-08T08:15:20.0000000Z;56.276;56.344;1000;1000
2026-06-08T08:15:24.0000000Z;56.282;56.344;1000;1000
2026-06-08T08:15:25.0000000Z;56.284;56.344;1000;1000
2026-06-08T08:15:59.0000000Z;56.282;56.344;1000;1000
2026-06-08T08:16:00.0000000Z;56.284;56.344;1000;1000
2026-06-08T08:16:34.0000000Z;56.282;56.344;1000;1000
2026-06-08T08:16:35.0000000Z;56.284;56.344;1000;1000
2026-06-08T08:16:39.0000000Z;56.282;56.344;1000;1000
2026-06-08T08:16:40.0000000Z;56.284;56.344;1000;1000
2026-06-08T08:16:55.0000000Z;56.284;56.344;1000;1000
2026-06-08T08:17:00.0000000Z;56.284;56.344;1000;1000
2026-06-08T08:17:30.0000000Z;56.284;56.344;1000;1000
2026-06-08T08:17:50.0000000Z;56.282;56.344;1000;1000
2026-06-08T08:17:51.0000000Z;56.284;56.344;1000;1000
2026-06-08T08:17:55.0000000Z;56.282;56.344;1000;1000
2026-06-08T08:17:56.0000000Z;56.284;56.344;1000;1000
2026-06-08T08:18:16.0000000Z;56.284;56.344;1000;1000
2026-06-08T08:18:21.0000000Z;56.284;56.344;1000;1000
2026-06-08T08:18:51.0000000Z;56.278;56.344;1000;1000
2026-06-08T08:18:53.0000000Z;56.276;56.344;1000;1000
2026-06-08T08:18:57.0000000Z;56.284;56.344;1000;1000
2026-06-08T08:19:27.0000000Z;56.284;56.344;1000;1000
2026-06-08T08:19:32.0000000Z;56.282;56.344;1000;1000
2026-06-08T08:19:33.0000000Z;56.284;56.344;1000;1000
2026-06-08T08:20:08.0000000Z;56.284;56.344;1000;1000
2026-06-08T08:20:43.0000000Z;56.284;56.344;1000;1000
2026-06-08T08:21:28.0000000Z;56.28;56.344;1000;1000
2026-06-08T08:21:29.0000000Z;56.284;56.344;1000;1000
2026-06-08T08:22:04.0000000Z;56.284;56.344;1000;1000
2026-06-08T08:22:13.0000000Z;56.282;56.344;1000;1000
2026-06-08T08:22:14.0000000Z;56.284;56.344;1000;1000
2026-06-08T08:22:34.0000000Z;56.284;56.344;1000;1000
2026-06-08T08:22:39.0000000Z;56.284;56.344;1000;1000
2026-06-08T08:25:43.0000000Z;56.278;56.344;1000;1000
2026-06-08T08:25:45.0000000Z;56.276;56.344;1000;1000
2026-06-08T08:25:56.0000000Z;56.28;56.344;1000;1000
2026-06-08T08:25:57.0000000Z;56.284;56.344;1000;1000
2026-06-08T08:26:42.0000000Z;56.282;56.344;1000;1000
2026-06-08T08:26:43.0000000Z;56.284;56.344;1000;1000
2026-06-08T08:27:03.0000000Z;56.282;56.344;1000;1000
2026-06-08T08:27:04.0000000Z;56.284;56.344;1000;1000
2026-06-08T08:27:44.0000000Z;56.282;56.344;1000;1000
2026-06-08T08:27:45.0000000Z;56.284;56.344;1000;1000
2026-06-08T08:27:49.0000000Z;56.282;56.344;1000;1000
2026-06-08T08:27:50.0000000Z;56.284;56.344;1000;1000
2026-06-08T08:27:54.0000000Z;56.282;56.344;1000;1000
2026-06-08T08:27:55.0000000Z;56.284;56.344;1000;1000
2026-06-08T08:28:20.0000000Z;56.282;56.344;1000;1000
2026-06-08T08:28:21.0000000Z;56.284;56.344;1000;1000
2026-06-08T08:28:45.0000000Z;56.284;56.344;1000;1000
2026-06-08T08:29:05.0000000Z;56.282;56.344;1000;1000
2026-06-08T08:29:06.0000000Z;56.284;56.344;1000;1000
2026-06-08T08:29:20.0000000Z;56.282;56.344;1000;1000
2026-06-08T08:29:21.0000000Z;56.276;56.344;1000;1000
2026-06-08T08:29:23.0000000Z;56.28;56.344;1000;1000
2026-06-08T08:29:24.0000000Z;56.284;56.344;1000;1000
2026-06-08T08:29:44.0000000Z;56.278;56.344;1000;1000
2026-06-08T08:29:45.0000000Z;56.276;56.344;1000;1000
2026-06-08T08:29:48.0000000Z;56.284;56.344;1000;1000
2026-06-08T08:29:58.0000000Z;56.282;56.344;1000;1000
2026-06-08T08:29:59.0000000Z;56.284;56.344;1000;1000
2026-06-08T08:30:18.0000000Z;56.282;56.344;1000;1000
2026-06-08T08:30:19.0000000Z;56.284;56.344;1000;1000
2026-06-08T08:30:39.0000000Z;56.284;56.344;1000;1000
2026-06-08T08:31:04.0000000Z;56.282;56.344;1000;1000
2026-06-08T08:31:05.0000000Z;56.284;56.344;1000;1000
2026-06-08T08:31:20.0000000Z;56.284;56.344;1000;1000
2026-06-08T08:31:46.0000000Z;56.276;56.344;1000;1000
2026-06-08T08:31:52.0000000Z;56.28;56.344;1000;1000
2026-06-08T08:31:53.0000000Z;56.284;56.344;1000;1000
2026-06-08T08:32:28.0000000Z;56.282;56.344;1000;1000
2026-06-08T08:32:29.0000000Z;56.284;56.344;1000;1000
2026-06-08T08:32:38.0000000Z;56.282;56.344;1000;1000
2026-06-08T08:32:39.0000000Z;56.284;56.344;1000;1000
2026-06-08T08:33:19.0000000Z;56.284;56.344;1000;1000
2026-06-08T08:33:29.0000000Z;56.284;56.344;1000;1000
2026-06-08T08:34:10.0000000Z;56.278;56.344;1000;1000
2026-06-08T08:34:11.0000000Z;56.284;56.344;1000;1000
2026-06-08T08:34:51.0000000Z;56.284;56.344;1000;1000
2026-06-08T08:35:06.0000000Z;56.28;56.344;1000;1000
2026-06-08T08:35:07.0000000Z;56.284;56.344;1000;1000
2026-06-08T08:35:17.0000000Z;56.282;56.344;1000;1000
2026-06-08T08:35:18.0000000Z;56.284;56.344;1000;1000
2026-06-08T08:35:42.0000000Z;56.282;56.344;1000;1000
2026-06-08T08:35:43.0000000Z;56.284;56.344;1000;1000
2026-06-08T08:35:53.0000000Z;56.284;56.344;1000;1000
2026-06-08T08:36:28.0000000Z;56.284;56.344;1000;1000
2026-06-08T08:37:49.0000000Z;56.284;56.344;1000;1000
2026-06-08T08:37:59.0000000Z;56.284;56.344;1000;1000
2026-06-08T08:38:19.0000000Z;56.282;56.344;1000;1000
2026-06-08T08:38:20.0000000Z;56.284;56.344;1000;1000
2026-06-08T08:38:49.0000000Z;56.282;56.344;1000;1000
2026-06-08T08:38:50.0000000Z;56.284;56.344;1000;1000
2026-06-08T08:38:59.0000000Z;56.282;56.344;1000;1000
2026-06-08T08:39:00.0000000Z;56.284;56.344;1000;1000
2026-06-08T08:39:31.0000000Z;56.278;56.344;1000;1000
2026-06-08T08:39:32.0000000Z;56.276;56.344;1000;1000
2026-06-08T08:39:35.0000000Z;56.28;56.344;1000;1000
2026-06-08T08:39:36.0000000Z;56.284;56.344;1000;1000
2026-06-08T08:39:45.0000000Z;56.282;56.344;1000;1000
2026-06-08T08:39:46.0000000Z;56.284;56.344;1000;1000
2026-06-08T08:40:52.0000000Z;56.28;56.344;1000;1000
2026-06-08T08:40:56.0000000Z;56.284;56.344;1000;1000
2026-06-08T08:41:06.0000000Z;56.282;56.344;1000;1000
2026-06-08T08:41:07.0000000Z;56.284;56.344;1000;1000
2026-06-08T08:41:27.0000000Z;56.284;56.344;1000;1000
2026-06-08T08:41:36.0000000Z;56.282;56.344;1000;1000
2026-06-08T08:41:37.0000000Z;56.284;56.344;1000;1000
2026-06-08T08:42:57.0000000Z;56.282;56.344;1000;1000
2026-06-08T08:42:58.0000000Z;56.284;56.344;1000;1000
2026-06-08T08:43:08.0000000Z;56.278;56.344;1000;1000
2026-06-08T08:43:09.0000000Z;56.276;56.344;1000;1000
2026-06-08T08:43:11.0000000Z;56.28;56.344;1000;1000
2026-06-08T08:43:12.0000000Z;56.284;56.344;1000;1000
2026-06-08T08:43:31.0000000Z;56.282;56.344;1000;1000
2026-06-08T08:43:32.0000000Z;56.284;56.344;1000;1000
2026-06-08T08:43:37.0000000Z;56.282;56.344;1000;1000
2026-06-08T08:43:38.0000000Z;56.284;56.344;1000;1000
2026-06-08T08:43:47.0000000Z;56.284;56.344;1000;1000
2026-06-08T08:44:48.0000000Z;56.282;56.344;1000;1000
2026-06-08T08:44:49.0000000Z;56.284;56.344;1000;1000
2026-06-08T08:45:22.0000000Z;56.282;56.344;1000;1000
2026-06-08T08:45:23.0000000Z;56.284;56.344;1000;1000
2026-06-08T08:45:28.0000000Z;56.284;56.344;1000;1000
2026-06-08T08:45:58.0000000Z;56.282;56.344;1000;1000
2026-06-08T08:45:59.0000000Z;56.284;56.344;1000;1000
2026-06-08T08:46:13.0000000Z;56.282;56.344;1000;1000
2026-06-08T08:46:14.0000000Z;56.284;56.344;1000;1000
2026-06-08T08:46:23.0000000Z;56.282;56.344;1000;1000
2026-06-08T08:46:24.0000000Z;56.284;56.344;1000;1000
2026-06-08T08:46:49.0000000Z;56.284;56.344;1000;1000
2026-06-08T08:47:19.0000000Z;56.284;56.344;1000;1000
2026-06-08T08:47:39.0000000Z;56.282;56.344;1000;1000
2026-06-08T08:47:40.0000000Z;56.284;56.344;1000;1000
2026-06-08T08:47:49.0000000Z;56.282;56.344;1000;1000
2026-06-08T08:47:50.0000000Z;56.284;56.344;1000;1000
2026-06-08T08:48:09.0000000Z;56.282;56.344;1000;1000
2026-06-08T08:48:10.0000000Z;56.284;56.344;1000;1000
2026-06-08T08:48:45.0000000Z;56.284;56.344;1000;1000
2026-06-08T08:48:50.0000000Z;56.282;56.344;1000;1000
2026-06-08T08:48:52.0000000Z;56.284;56.344;1000;1000
2026-06-08T08:49:12.0000000Z;56.28;56.344;1000;1000
2026-06-08T08:49:13.0000000Z;56.284;56.344;1000;1000
2026-06-08T08:49:53.0000000Z;56.284;56.344;1000;1000
2026-06-08T08:49:57.0000000Z;56.282;56.344;1000;1000
2026-06-08T08:49:58.0000000Z;56.284;56.344;1000;1000
2026-06-08T08:50:28.0000000Z;56.278;56.344;1000;1000
2026-06-08T08:50:29.0000000Z;56.276;56.344;1000;1000
2026-06-08T08:50:33.0000000Z;56.284;56.344;1000;1000
2026-06-08T08:51:08.0000000Z;56.278;56.344;1000;1000
2026-06-08T08:51:10.0000000Z;56.28;56.344;1000;1000
2026-06-08T08:51:11.0000000Z;56.284;56.344;1000;1000
2026-06-08T08:51:40.0000000Z;56.282;56.344;1000;1000
2026-06-08T08:51:41.0000000Z;56.284;56.344;1000;1000
2026-06-08T08:52:01.0000000Z;56.28;56.344;1000;1000
2026-06-08T08:52:02.0000000Z;56.284;56.344;1000;1000
2026-06-08T08:52:11.0000000Z;56.282;56.344;1000;1000
2026-06-08T08:52:12.0000000Z;56.284;56.344;1000;1000
2026-06-08T08:52:26.0000000Z;56.282;56.344;1000;1000
2026-06-08T08:52:27.0000000Z;56.284;56.344;1000;1000
2026-06-08T08:52:46.0000000Z;56.282;56.344;1000;1000
2026-06-08T08:52:47.0000000Z;56.284;56.344;1000;1000
2026-06-08T08:53:02.0000000Z;56.284;56.344;1000;1000
2026-06-08T08:53:27.0000000Z;56.284;56.344;1000;1000
2026-06-08T08:53:32.0000000Z;56.282;56.344;1000;1000
2026-06-08T08:53:33.0000000Z;56.284;56.344;1000;1000
2026-06-08T08:53:37.0000000Z;56.282;56.344;1000;1000
2026-06-08T08:53:38.0000000Z;56.284;56.344;1000;1000
2026-06-08T08:53:42.0000000Z;56.282;56.344;1000;1000
2026-06-08T08:53:43.0000000Z;56.284;56.344;1000;1000
2026-06-08T08:53:53.0000000Z;56.282;56.344;1000;1000
2026-06-08T08:53:54.0000000Z;56.284;56.344;1000;1000
2026-06-08T08:53:58.0000000Z;56.282;56.344;1000;1000
2026-06-08T08:53:59.0000000Z;56.284;56.344;1000;1000
2026-06-08T08:54:33.0000000Z;56.284;56.344;1000;1000
2026-06-08T08:54:37.0000000Z;56.282;56.344;1000;1000
2026-06-08T08:54:38.0000000Z;56.284;56.344;1000;1000
2026-06-08T08:55:08.0000000Z;56.282;56.344;1000;1000
2026-06-08T08:55:09.0000000Z;56.284;56.344;1000;1000
2026-06-08T08:55:13.0000000Z;56.282;56.344;1000;1000
2026-06-08T08:55:15.0000000Z;56.284;56.344;1000;1000
2026-06-08T08:55:23.0000000Z;56.282;56.344;1000;1000
2026-06-08T08:55:24.0000000Z;56.284;56.344;1000;1000
2026-06-08T08:56:03.0000000Z;56.282;56.344;1000;1000
2026-06-08T08:56:04.0000000Z;56.284;56.344;1000;1000
2026-06-08T08:56:15.0000000Z;56.28;56.344;1000;1000
2026-06-08T08:56:16.0000000Z;56.284;56.344;1000;1000
2026-06-08T08:57:06.0000000Z;56.284;56.344;1000;1000
2026-06-08T08:57:31.0000000Z;56.282;56.344;1000;1000
2026-06-08T08:57:32.0000000Z;56.28;56.344;1000;1000
2026-06-08T08:57:41.0000000Z;56.282;56.344;1000;1000
2026-06-08T08:57:42.0000000Z;56.284;56.344;1000;1000
2026-06-08T08:57:47.0000000Z;56.284;56.344;1000;1000
2026-06-08T08:58:07.0000000Z;56.284;56.344;1000;1000
2026-06-08T08:59:13.0000000Z;56.284;56.344;1000;1000
2026-06-08T08:59:22.0000000Z;56.282;56.344;1000;1000
2026-06-08T08:59:23.0000000Z;56.284;56.344;1000;1000
2026-06-08T08:59:48.0000000Z;56.284;56.344;1000;1000
2026-06-08T09:00:08.0000000Z;56.282;56.344;1000;1000
2026-06-08T09:00:09.0000000Z;56.284;56.344;1000;1000
2026-06-08T09:00:43.0000000Z;56.282;56.344;1000;1000
2026-06-08T09:00:44.0000000Z;56.284;56.344;1000;1000
2026-06-08T09:01:19.0000000Z;56.284;56.344;1000;1000
2026-06-08T09:01:23.0000000Z;56.282;56.344;1000;1000
2026-06-08T09:01:24.0000000Z;56.284;56.344;1000;1000
2026-06-08T09:01:28.0000000Z;56.282;56.344;1000;1000
2026-06-08T09:01:29.0000000Z;56.284;56.344;1000;1000
2026-06-08T09:02:30.0000000Z;56.284;56.344;1000;1000
2026-06-08T09:03:04.0000000Z;56.282;56.344;1000;1000
2026-06-08T09:03:05.0000000Z;56.284;56.344;1000;1000
2026-06-08T09:03:30.0000000Z;56.282;56.344;1000;1000
2026-06-08T09:03:31.0000000Z;56.284;56.344;1000;1000
2026-06-08T09:03:55.0000000Z;56.282;56.344;1000;1000
2026-06-08T09:03:56.0000000Z;56.284;56.344;1000;1000
2026-06-08T09:04:26.0000000Z;56.284;56.344;1000;1000
2026-06-08T09:04:36.0000000Z;56.284;56.344;1000;1000
2026-06-08T09:05:06.0000000Z;56.282;56.344;1000;1000
2026-06-08T09:05:07.0000000Z;56.284;56.344;1000;1000
2026-06-08T09:05:21.0000000Z;56.282;56.344;1000;1000
2026-06-08T09:05:22.0000000Z;56.284;56.344;1000;1000
2026-06-08T09:05:52.0000000Z;56.278;56.344;1000;1000
2026-06-08T09:05:54.0000000Z;56.276;56.344;1000;1000
2026-06-08T09:06:00.0000000Z;56.28;56.344;1000;1000
2026-06-08T09:06:01.0000000Z;56.284;56.344;1000;1000
2026-06-08T09:06:21.0000000Z;56.282;56.344;1000;1000
2026-06-08T09:06:22.0000000Z;56.284;56.344;1000;1000
2026-06-08T09:06:31.0000000Z;56.282;56.344;1000;1000
2026-06-08T09:06:32.0000000Z;56.284;56.344;1000;1000
2026-06-08T09:06:36.0000000Z;56.282;56.344;1000;1000
2026-06-08T09:06:37.0000000Z;56.284;56.344;1000;1000
2026-06-08T09:07:12.0000000Z;56.282;56.344;1000;1000
2026-06-08T09:07:13.0000000Z;56.284;56.344;1000;1000
2026-06-08T09:07:17.0000000Z;56.282;56.344;1000;1000
2026-06-08T09:07:18.0000000Z;56.284;56.344;1000;1000
2026-06-08T09:07:38.0000000Z;56.282;56.344;1000;1000
2026-06-08T09:07:39.0000000Z;56.284;56.344;1000;1000
2026-06-08T09:07:43.0000000Z;56.282;56.344;1000;1000
2026-06-08T09:07:44.0000000Z;56.284;56.344;1000;1000
2026-06-08T09:08:55.0000000Z;56.284;56.344;1000;1000
2026-06-08T09:09:45.0000000Z;56.282;56.344;1000;1000
2026-06-08T09:09:46.0000000Z;56.284;56.344;1000;1000
2026-06-08T09:10:05.0000000Z;56.282;56.344;1000;1000
2026-06-08T09:10:06.0000000Z;56.278;56.344;1000;1000
2026-06-08T09:10:07.0000000Z;56.278;56.344;1000;1000
2026-06-08T09:10:08.0000000Z;56.284;56.344;1000;1000
2026-06-08T09:10:12.0000000Z;56.282;56.344;1000;1000
2026-06-08T09:10:13.0000000Z;56.284;56.344;1000;1000
2026-06-08T09:10:17.0000000Z;56.282;56.344;1000;1000
2026-06-08T09:10:18.0000000Z;56.284;56.344;1000;1000
2026-06-08T09:10:33.0000000Z;56.284;56.344;1000;1000
2026-06-08T09:10:53.0000000Z;56.284;56.344;1000;1000
2026-06-08T09:11:02.0000000Z;56.282;56.344;1000;1000
2026-06-08T09:11:03.0000000Z;56.284;56.344;1000;1000
2026-06-08T09:11:33.0000000Z;56.282;56.344;1000;1000
2026-06-08T09:11:34.0000000Z;56.284;56.344;1000;1000
2026-06-08T09:12:34.0000000Z;56.284;56.344;1000;1000
2026-06-08T09:12:59.0000000Z;56.282;56.344;1000;1000
2026-06-08T09:13:00.0000000Z;56.284;56.344;1000;1000
2026-06-08T09:13:35.0000000Z;56.284;56.344;1000;1000
2026-06-08T09:13:45.0000000Z;56.284;56.344;1000;1000
2026-06-08T09:14:25.0000000Z;56.284;56.344;1000;1000
2026-06-08T09:14:45.0000000Z;56.282;56.344;1000;1000
2026-06-08T09:14:46.0000000Z;56.284;56.344;1000;1000
2026-06-08T09:15:06.0000000Z;56.282;56.344;1000;1000
2026-06-08T09:15:07.0000000Z;56.284;56.344;1000;1000
2026-06-08T09:15:47.0000000Z;56.282;56.344;1000;1000
2026-06-08T09:15:48.0000000Z;56.284;56.344;1000;1000
2026-06-08T09:16:07.0000000Z;56.282;56.344;1000;1000
2026-06-08T09:16:08.0000000Z;56.284;56.344;1000;1000
2026-06-08T09:16:28.0000000Z;56.284;56.344;1000;1000
2026-06-08T09:18:34.0000000Z;56.284;56.344;1000;1000
2026-06-08T09:19:34.0000000Z;56.282;56.344;1000;1000
2026-06-08T09:19:35.0000000Z;56.284;56.344;1000;1000
2026-06-08T09:19:44.0000000Z;56.282;56.344;1000;1000
2026-06-08T09:19:45.0000000Z;56.284;56.344;1000;1000
2026-06-08T09:20:20.0000000Z;56.284;56.344;1000;1000
2026-06-08T09:20:35.0000000Z;56.282;56.344;1000;1000
2026-06-08T09:20:36.0000000Z;56.284;56.344;1000;1000
2026-06-08T09:20:46.0000000Z;56.282;56.344;1000;1000
2026-06-08T09:20:51.0000000Z;56.28;56.344;1000;1000
2026-06-08T09:20:52.0000000Z;56.282;56.344;1000;1000
2026-06-08T09:20:53.0000000Z;56.284;56.344;1000;1000
2026-06-08T09:21:17.0000000Z;56.284;56.344;1000;1000
2026-06-08T09:21:42.0000000Z;56.284;56.344;1000;1000
2026-06-08T09:22:17.0000000Z;56.282;56.344;1000;1000
2026-06-08T09:22:18.0000000Z;56.278;56.344;1000;1000
2026-06-08T09:22:20.0000000Z;56.278;56.344;1000;1000
2026-06-08T09:22:21.0000000Z;56.284;56.344;1000;1000
2026-06-08T09:22:56.0000000Z;56.282;56.344;1000;1000
2026-06-08T09:22:57.0000000Z;56.284;56.344;1000;1000
2026-06-08T09:23:26.0000000Z;56.282;56.344;1000;1000
2026-06-08T09:23:27.0000000Z;56.284;56.344;1000;1000
2026-06-08T09:23:37.0000000Z;56.284;56.344;1000;1000
2026-06-08T09:23:52.0000000Z;56.284;56.344;1000;1000
2026-06-08T09:24:22.0000000Z;56.282;56.344;1000;1000
2026-06-08T09:24:23.0000000Z;56.284;56.344;1000;1000
2026-06-08T09:24:32.0000000Z;56.282;56.344;1000;1000
2026-06-08T09:24:33.0000000Z;56.278;56.344;1000;1000
2026-06-08T09:24:35.0000000Z;56.276;56.344;1000;1000
2026-06-08T09:24:42.0000000Z;56.284;56.344;1000;1000
2026-06-08T09:26:08.0000000Z;56.284;56.344;1000;1000
2026-06-08T09:27:03.0000000Z;56.282;56.344;1000;1000
2026-06-08T09:27:04.0000000Z;56.284;56.344;1000;1000
2026-06-08T09:27:08.0000000Z;56.282;56.344;1000;1000
2026-06-08T09:27:09.0000000Z;56.284;56.344;1000;1000
2026-06-08T09:27:39.0000000Z;56.284;56.344;1000;1000
2026-06-08T09:28:05.0000000Z;56.28;56.344;1000;1000
2026-06-08T09:28:06.0000000Z;56.284;56.344;1000;1000
2026-06-08T09:29:32.0000000Z;56.284;56.344;1000;1000
2026-06-08T09:30:31.0000000Z;56.282;56.344;1000;1000
2026-06-08T09:30:32.0000000Z;56.284;56.344;1000;1000
2026-06-08T09:30:42.0000000Z;56.284;56.344;1000;1000
2026-06-08T09:30:57.0000000Z;56.282;56.344;1000;1000
2026-06-08T09:30:58.0000000Z;56.284;56.344;1000;1000
2026-06-08T09:31:07.0000000Z;56.284;56.344;1000;1000
2026-06-08T09:31:17.0000000Z;56.282;56.344;1000;1000
2026-06-08T09:31:18.0000000Z;56.284;56.344;1000;1000
2026-06-08T09:32:02.0000000Z;56.282;56.344;1000;1000
2026-06-08T09:32:03.0000000Z;56.284;56.344;1000;1000
2026-06-08T09:33:04.0000000Z;56.282;56.344;1000;1000
2026-06-08T09:33:05.0000000Z;56.284;56.344;1000;1000
2026-06-08T09:33:10.0000000Z;56.284;56.344;1000;1000
2026-06-08T09:33:35.0000000Z;56.282;56.344;1000;1000
2026-06-08T09:33:36.0000000Z;56.284;56.344;1000;1000
2026-06-08T09:33:45.0000000Z;56.284;56.344;1000;1000
2026-06-08T09:34:26.0000000Z;56.284;56.344;1000;1000
2026-06-08T09:34:46.0000000Z;56.284;56.344;1000;1000
2026-06-08T09:34:56.0000000Z;56.284;56.344;1000;1000
2026-06-08T09:35:57.0000000Z;56.284;56.344;1000;1000
2026-06-08T09:36:02.0000000Z;56.284;56.344;1000;1000
2026-06-08T09:36:22.0000000Z;56.284;56.344;1000;1000
2026-06-08T09:36:43.0000000Z;56.286;56.346;1000;1000
2026-06-08T09:36:44.0000000Z;56.286;56.346;1000;1100
2026-06-08T09:36:49.0000000Z;56.282;56.348;1000;1100
2026-06-08T09:36:50.0000000Z;56.278;56.348;1100;1100
2026-06-08T09:36:51.0000000Z;56.278;56.35;1100;1100
2026-06-08T09:36:52.0000000Z;56.274;56.352;1100;1100
2026-06-08T09:37:04.0000000Z;56.276;56.348;1000;1000
2026-06-08T09:37:06.0000000Z;56.28;56.346;1000;1000
2026-06-08T09:37:07.0000000Z;56.284;56.344;1000;1000
2026-06-08T09:37:11.0000000Z;56.282;56.35;1000;1100
2026-06-08T09:37:12.0000000Z;56.276;56.352;1000;1000
2026-06-08T09:37:26.0000000Z;56.276;56.354;1000;1100
2026-06-08T09:37:27.0000000Z;56.276;56.356;1000;1100
2026-06-08T09:38:01.0000000Z;56.28;56.352;1000;1000
2026-06-08T09:38:02.0000000Z;56.284;56.348;1000;1000
2026-06-08T09:38:06.0000000Z;56.28;56.348;1100;1000
2026-06-08T09:38:07.0000000Z;56.278;56.346;1000;1000
2026-06-08T09:38:08.0000000Z;56.284;56.346;1000;1000
2026-06-08T09:38:12.0000000Z;56.28;56.346;1100;1000
2026-06-08T09:38:13.0000000Z;56.278;56.346;1000;1000
2026-06-08T09:38:14.0000000Z;56.276;56.346;1000;1000
2026-06-08T09:38:16.0000000Z;56.276;56.346;1100;1000
2026-06-08T09:39:16.0000000Z;56.278;56.346;1000;1000
2026-06-08T09:39:17.0000000Z;56.28;56.346;1000;1000
2026-06-08T09:39:18.0000000Z;56.284;56.346;1000;1000
2026-06-08T09:39:23.0000000Z;56.278;56.346;1000;1000
2026-06-08T09:39:24.0000000Z;56.276;56.346;1000;1000
2026-06-08T09:39:39.0000000Z;56.284;56.346;1000;1000
2026-06-08T09:39:44.0000000Z;56.278;56.346;1000;1000
2026-06-08T09:39:45.0000000Z;56.284;56.346;1000;1000
2026-06-08T09:39:50.0000000Z;56.282;56.346;1000;1000
2026-06-08T09:39:51.0000000Z;56.284;56.346;1000;1000
2026-06-08T09:39:56.0000000Z;56.278;56.346;1000;1000
2026-06-08T09:39:58.0000000Z;56.276;56.346;1000;1000
2026-06-08T09:39:59.0000000Z;56.28;56.346;1000;1000
2026-06-08T09:40:00.0000000Z;56.284;56.346;1000;1000
2026-06-08T09:40:10.0000000Z;56.278;56.346;1000;1000
2026-06-08T09:40:12.0000000Z;56.276;56.346;1000;1000
2026-06-08T09:40:16.0000000Z;56.278;56.346;1000;1000
2026-06-08T09:40:17.0000000Z;56.284;56.346;1000;1000
2026-06-08T09:40:21.0000000Z;56.282;56.346;1000;1000
2026-06-08T09:40:22.0000000Z;56.284;56.346;1000;1000
2026-06-08T09:40:32.0000000Z;56.278;56.346;1000;1000
2026-06-08T09:40:34.0000000Z;56.276;56.346;1000;1000
2026-06-08T09:40:45.0000000Z;56.28;56.346;1000;1000
2026-06-08T09:40:46.0000000Z;56.284;56.346;1000;1000
2026-06-08T09:40:56.0000000Z;56.282;56.346;1000;1000
2026-06-08T09:40:57.0000000Z;56.28;56.346;1000;1000
2026-06-08T09:41:04.0000000Z;56.284;56.346;1000;1000
2026-06-08T09:41:44.0000000Z;56.282;56.346;1000;1000
2026-06-08T09:41:45.0000000Z;56.284;56.346;1000;1000
2026-06-08T09:42:00.0000000Z;56.276;56.346;1000;1000
2026-06-08T09:42:02.0000000Z;56.284;56.346;1000;1000
2026-06-08T09:42:12.0000000Z;56.278;56.346;1000;1000
2026-06-08T09:42:13.0000000Z;56.276;56.346;1000;1000
2026-06-08T09:42:14.0000000Z;56.28;56.346;1000;1000
2026-06-08T09:42:15.0000000Z;56.284;56.346;1000;1000
2026-06-08T09:42:19.0000000Z;56.278;56.346;1000;1000
2026-06-08T09:42:20.0000000Z;56.284;56.346;1000;1000
2026-06-08T09:42:36.0000000Z;56.278;56.346;1000;1000
2026-06-08T09:42:37.0000000Z;56.276;56.346;1000;1000
2026-06-08T09:42:38.0000000Z;56.28;56.346;1000;1000
2026-06-08T09:42:39.0000000Z;56.284;56.346;1000;1000
2026-06-08T09:42:49.0000000Z;56.284;56.346;1000;1000
2026-06-08T09:43:01.0000000Z;56.284;56.346;1000;1000
2026-06-08T09:43:06.0000000Z;56.278;56.346;1000;1000
2026-06-08T09:43:09.0000000Z;56.276;56.346;1000;1000
2026-06-08T09:43:11.0000000Z;56.278;56.346;1000;1000
2026-06-08T09:43:12.0000000Z;56.284;56.346;1000;1000
2026-06-08T09:43:27.0000000Z;56.284;56.346;1000;1000
2026-06-08T09:43:42.0000000Z;56.284;56.346;1000;1000
2026-06-08T09:43:47.0000000Z;56.282;56.346;1000;1000
2026-06-08T09:43:48.0000000Z;56.282;56.346;1000;1000
2026-06-08T09:43:49.0000000Z;56.284;56.346;1000;1000
2026-06-08T09:43:59.0000000Z;56.282;56.346;1000;1000
2026-06-08T09:44:00.0000000Z;56.284;56.346;1000;1000
2026-06-08T09:44:03.0000000Z;56.282;56.346;1000;1000
2026-06-08T09:44:04.0000000Z;56.284;56.346;1000;1000
2026-06-08T09:44:19.0000000Z;56.284;56.346;1000;1000
2026-06-08T09:44:23.0000000Z;56.282;56.346;1000;1000
2026-06-08T09:44:24.0000000Z;56.284;56.346;1000;1000
2026-06-08T09:44:29.0000000Z;56.284;56.346;1000;1000
2026-06-08T09:44:44.0000000Z;56.278;56.346;1000;1000
2026-06-08T09:44:45.0000000Z;56.276;56.346;1000;1000
2026-06-08T09:44:49.0000000Z;56.28;56.346;1000;1000
2026-06-08T09:44:50.0000000Z;56.284;56.346;1000;1000
2026-06-08T09:45:19.0000000Z;56.282;56.346;1000;1000
2026-06-08T09:45:20.0000000Z;56.284;56.346;1000;1000
2026-06-08T09:45:30.0000000Z;56.284;56.346;1000;1000
2026-06-08T09:45:44.0000000Z;56.282;56.346;1000;1000
2026-06-08T09:45:45.0000000Z;56.284;56.346;1000;1000
2026-06-08T09:46:09.0000000Z;56.282;56.346;1000;1000
2026-06-08T09:46:11.0000000Z;56.284;56.346;1000;1000
2026-06-08T09:46:25.0000000Z;56.282;56.346;1000;1000
2026-06-08T09:46:26.0000000Z;56.284;56.346;1000;1000
2026-06-08T09:46:35.0000000Z;56.282;56.346;1000;1000
2026-06-08T09:46:36.0000000Z;56.284;56.346;1000;1000
2026-06-08T09:47:41.0000000Z;56.284;56.346;1000;1000
2026-06-08T09:48:06.0000000Z;56.282;56.346;1000;1000
2026-06-08T09:48:07.0000000Z;56.284;56.346;1000;1000
2026-06-08T09:48:26.0000000Z;56.282;56.346;1000;1000
2026-06-08T09:48:27.0000000Z;56.284;56.346;1000;1000
2026-06-08T09:48:47.0000000Z;56.284;56.346;1000;1000
2026-06-08T09:49:12.0000000Z;56.284;56.346;1000;1000
2026-06-08T09:49:17.0000000Z;56.284;56.346;1000;1000
2026-06-08T09:49:37.0000000Z;56.284;56.346;1000;1000
2026-06-08T09:49:43.0000000Z;56.284;56.346;1000;1000
2026-06-08T09:49:47.0000000Z;56.282;56.346;1000;1000
2026-06-08T09:49:48.0000000Z;56.284;56.346;1000;1000
2026-06-08T09:50:39.0000000Z;56.278;56.346;1000;1000
2026-06-08T09:50:40.0000000Z;56.284;56.346;1000;1000
2026-06-08T09:51:24.0000000Z;56.282;56.346;1000;1000
2026-06-08T09:51:25.0000000Z;56.284;56.346;1000;1000
2026-06-08T09:51:34.0000000Z;56.282;56.346;1000;1000
2026-06-08T09:51:35.0000000Z;56.284;56.346;1000;1000
2026-06-08T09:52:05.0000000Z;56.282;56.346;1000;1000
2026-06-08T09:52:06.0000000Z;56.284;56.346;1000;1000
2026-06-08T09:52:10.0000000Z;56.282;56.346;1000;1000
2026-06-08T09:52:11.0000000Z;56.284;56.346;1000;1000
2026-06-08T09:52:35.0000000Z;56.282;56.346;1000;1000
2026-06-08T09:52:36.0000000Z;56.284;56.346;1000;1000
2026-06-08T09:53:05.0000000Z;56.282;56.346;1000;1000
2026-06-08T09:53:06.0000000Z;56.284;56.346;1000;1000
2026-06-08T09:53:46.0000000Z;56.282;56.346;1000;1000
2026-06-08T09:53:47.0000000Z;56.284;56.346;1000;1000
2026-06-08T09:54:17.0000000Z;56.284;56.346;1000;1000
2026-06-08T09:55:02.0000000Z;56.284;56.346;1000;1000
2026-06-08T09:55:58.0000000Z;56.284;56.346;1000;1000
2026-06-08T09:56:53.0000000Z;56.282;56.346;1000;1000
2026-06-08T09:56:54.0000000Z;56.284;56.346;1000;1000
2026-06-08T09:57:08.0000000Z;56.282;56.346;1000;1000
2026-06-08T09:57:09.0000000Z;56.284;56.346;1000;1000
2026-06-08T09:57:18.0000000Z;56.282;56.346;1000;1000
2026-06-08T09:57:19.0000000Z;56.284;56.346;1000;1000
2026-06-08T09:57:23.0000000Z;56.282;56.346;1000;1000
2026-06-08T09:57:24.0000000Z;56.284;56.346;1000;1000
2026-06-08T09:57:59.0000000Z;56.284;56.346;1000;1000
2026-06-08T09:58:04.0000000Z;56.284;56.346;1000;1000
2026-06-08T09:58:29.0000000Z;56.284;56.346;1000;1000
2026-06-08T09:59:55.0000000Z;56.284;56.346;1000;1000
2026-06-08T10:00:15.0000000Z;56.282;56.346;1000;1000
2026-06-08T10:00:16.0000000Z;56.284;56.346;1000;1000
2026-06-08T10:02:04.0000000Z;56.278;56.346;1000;1000
2026-06-08T10:02:05.0000000Z;56.282;56.346;1000;1000
2026-06-08T10:02:07.0000000Z;56.284;56.346;1000;1000
2026-06-08T10:02:11.0000000Z;56.282;56.344;1000;1000
2026-06-08T10:02:12.0000000Z;56.278;56.342;1000;1000
2026-06-08T10:02:13.0000000Z;56.28;56.342;1000;1000
2026-06-08T10:02:15.0000000Z;56.282;56.342;1000;1000
2026-06-08T10:02:16.0000000Z;56.284;56.344;1000;1000
2026-06-08T10:02:31.0000000Z;56.282;56.344;1000;1000
2026-06-08T10:02:32.0000000Z;56.284;56.344;1000;1000
2026-06-08T10:02:41.0000000Z;56.28;56.344;1000;1000
2026-06-08T10:02:42.0000000Z;56.284;56.344;1000;1000
2026-06-08T10:02:46.0000000Z;56.282;56.344;1000;1000
2026-06-08T10:02:47.0000000Z;56.284;56.344;1000;1000
2026-06-08T10:03:11.0000000Z;56.282;56.344;1000;1000
2026-06-08T10:03:12.0000000Z;56.284;56.344;1000;1000
2026-06-08T10:03:47.0000000Z;56.282;56.344;1000;1000
2026-06-08T10:03:48.0000000Z;56.278;56.344;1000;1000
2026-06-08T10:03:49.0000000Z;56.276;56.344;1000;1000
2026-06-08T10:03:50.0000000Z;56.28;56.344;1000;1000
2026-06-08T10:03:51.0000000Z;56.284;56.344;1000;1000
2026-06-08T10:04:06.0000000Z;56.278;56.344;1000;1000
2026-06-08T10:04:07.0000000Z;56.282;56.344;1000;1000
2026-06-08T10:04:08.0000000Z;56.284;56.344;1000;1000
2026-06-08T10:04:27.0000000Z;56.282;56.344;1000;1000
2026-06-08T10:04:28.0000000Z;56.284;56.344;1000;1000
2026-06-08T10:04:57.0000000Z;56.282;56.344;1000;1000
2026-06-08T10:04:58.0000000Z;56.284;56.344;1000;1000
2026-06-08T10:05:43.0000000Z;56.284;56.344;1000;1000
2026-06-08T10:05:48.0000000Z;56.284;56.344;1000;1000
2026-06-08T10:05:58.0000000Z;56.282;56.344;1000;1000
2026-06-08T10:05:59.0000000Z;56.284;56.344;1000;1000
2026-06-08T10:06:33.0000000Z;56.282;56.344;1000;1000
2026-06-08T10:06:34.0000000Z;56.284;56.344;1000;1000
2026-06-08T10:06:44.0000000Z;56.282;56.344;1000;1000
2026-06-08T10:06:45.0000000Z;56.284;56.344;1000;1000
2026-06-08T10:07:03.0000000Z;56.286;56.344;1000;1000
2026-06-08T10:07:04.0000000Z;56.288;56.344;1000;1000
2026-06-08T10:07:09.0000000Z;56.286;56.344;1000;1000
2026-06-08T10:07:10.0000000Z;56.284;56.344;1000;1000
2026-06-08T10:08:06.0000000Z;56.288;56.344;1000;1000
2026-06-08T10:08:16.0000000Z;56.284;56.344;1000;1000
2026-06-08T10:08:17.0000000Z;56.288;56.344;1000;1000
2026-06-08T10:08:32.0000000Z;56.284;56.344;1000;1000
2026-06-08T10:08:57.0000000Z;56.286;56.344;1000;1000
2026-06-08T10:08:58.0000000Z;56.288;56.344;1000;1000
2026-06-08T10:09:02.0000000Z;56.286;56.344;1000;1000
2026-06-08T10:09:03.0000000Z;56.286;56.344;1000;1000
2026-06-08T10:09:04.0000000Z;56.284;56.344;1000;1000
2026-06-08T10:09:07.0000000Z;56.282;56.344;1000;1000
2026-06-08T10:09:08.0000000Z;56.284;56.344;1000;1000
2026-06-08T10:10:34.0000000Z;56.284;56.344;1000;1000
2026-06-08T10:10:44.0000000Z;56.284;56.344;1000;1000
2026-06-08T10:10:54.0000000Z;56.278;56.344;1000;1000
2026-06-08T10:10:55.0000000Z;56.276;56.344;1000;1000
2026-06-08T10:10:56.0000000Z;56.28;56.344;1000;1000
2026-06-08T10:10:57.0000000Z;56.284;56.344;1000;1000
2026-06-08T10:11:41.0000000Z;56.282;56.344;1000;1000
2026-06-08T10:11:42.0000000Z;56.284;56.344;1000;1000
2026-06-08T10:12:15.0000000Z;56.286;56.344;1000;1000
2026-06-08T10:12:16.0000000Z;56.288;56.344;1000;1000
2026-06-08T10:12:21.0000000Z;56.288;56.344;1000;1000
2026-06-08T10:12:26.0000000Z;56.284;56.344;1000;1000
2026-06-08T10:12:27.0000000Z;56.288;56.344;1000;1000
2026-06-08T10:12:42.0000000Z;56.286;56.344;1000;1000
2026-06-08T10:12:43.0000000Z;56.284;56.344;1000;1000
2026-06-08T10:12:47.0000000Z;56.284;56.344;1000;1000
2026-06-08T10:12:51.0000000Z;56.286;56.344;1000;1000
2026-06-08T10:12:52.0000000Z;56.288;56.344;1000;1000
2026-06-08T10:12:57.0000000Z;56.288;56.344;1000;1000
2026-06-08T10:13:07.0000000Z;56.286;56.344;1000;1000
2026-06-08T10:13:09.0000000Z;56.284;56.344;1000;1000
2026-06-08T10:13:31.0000000Z;56.288;56.344;1000;1000
2026-06-08T10:13:42.0000000Z;56.288;56.344;1000;1000
2026-06-08T10:13:57.0000000Z;56.284;56.344;1000;1000
2026-06-08T10:13:58.0000000Z;56.286;56.344;1000;1000
2026-06-08T10:13:59.0000000Z;56.284;56.344;1000;1000
2026-06-08T10:14:38.0000000Z;56.284;56.344;1000;1000
2026-06-08T10:14:43.0000000Z;56.284;56.344;1000;1000
2026-06-08T10:14:53.0000000Z;56.284;56.344;1000;1000
2026-06-08T10:15:08.0000000Z;56.284;56.344;1000;1000
2026-06-08T10:15:18.0000000Z;56.282;56.344;1000;1000
2026-06-08T10:15:19.0000000Z;56.284;56.344;1000;1000
2026-06-08T10:15:33.0000000Z;56.282;56.344;1000;1000
2026-06-08T10:15:34.0000000Z;56.284;56.344;1000;1000
2026-06-08T10:15:48.0000000Z;56.282;56.344;1000;1000
2026-06-08T10:15:49.0000000Z;56.284;56.344;1000;1000
2026-06-08T10:16:24.0000000Z;56.284;56.344;1000;1000
2026-06-08T10:16:34.0000000Z;56.284;56.344;1000;1000
2026-06-08T10:23:38.0000000Z;56.286;56.344;1000;1000
2026-06-08T10:23:39.0000000Z;56.288;56.344;1000;1000
2026-06-08T10:23:58.0000000Z;56.284;56.344;1000;1000
2026-06-08T10:23:59.0000000Z;56.288;56.344;1000;1000
2026-06-08T10:24:45.0000000Z;56.286;56.344;1000;1000
2026-06-08T10:24:48.0000000Z;56.284;56.344;1000;1000
2026-06-08T10:25:45.0000000Z;56.282;56.344;1000;1000
2026-06-08T10:25:46.0000000Z;56.284;56.344;1000;1000
2026-06-08T10:25:51.0000000Z;56.286;56.344;1000;1000
2026-06-08T10:25:52.0000000Z;56.288;56.344;1000;1000
2026-06-08T10:26:07.0000000Z;56.282;56.344;1000;1000
2026-06-08T10:26:08.0000000Z;56.284;56.344;1000;1000
2026-06-08T10:26:22.0000000Z;56.284;56.344;1000;1000
2026-06-08T10:26:27.0000000Z;56.282;56.344;1000;1000
2026-06-08T10:26:28.0000000Z;56.284;56.344;1000;1000
2026-06-08T10:26:52.0000000Z;56.282;56.344;1000;1000
2026-06-08T10:26:53.0000000Z;56.284;56.344;1000;1000
2026-06-08T10:27:33.0000000Z;56.284;56.344;1000;1000
2026-06-08T10:28:39.0000000Z;56.284;56.344;1000;1000
2026-06-08T10:28:59.0000000Z;56.284;56.344;1000;1000
2026-06-08T10:29:04.0000000Z;56.284;56.344;1000;1000
2026-06-08T10:29:07.0000000Z;56.286;56.344;1000;1000
2026-06-08T10:29:08.0000000Z;56.288;56.344;1000;1000
2026-06-08T10:29:17.0000000Z;56.28;56.344;1000;1000
2026-06-08T10:29:18.0000000Z;56.276;56.344;1000;1000
2026-06-08T10:29:21.0000000Z;56.282;56.344;1000;1000
2026-06-08T10:29:22.0000000Z;56.288;56.344;1000;1000
2026-06-08T10:29:27.0000000Z;56.286;56.344;1000;1000
2026-06-08T10:29:28.0000000Z;56.284;56.344;1000;1000
2026-06-08T10:29:41.0000000Z;56.286;56.344;1000;1000
2026-06-08T10:29:42.0000000Z;56.288;56.344;1000;1000
2026-06-08T10:29:47.0000000Z;56.28;56.344;1000;1000
2026-06-08T10:29:48.0000000Z;56.276;56.344;1000;1000
2026-06-08T10:30:43.0000000Z;56.284;56.344;1000;1000
2026-06-08T10:30:44.0000000Z;56.288;56.344;1000;1000
2026-06-08T10:31:03.0000000Z;56.284;56.344;1000;1000
2026-06-08T10:31:04.0000000Z;56.288;56.344;1000;1000
2026-06-08T10:31:09.0000000Z;56.288;56.344;1000;1000
2026-06-08T10:31:13.0000000Z;56.286;56.344;1000;1000
2026-06-08T10:31:14.0000000Z;56.288;56.344;1000;1000
2026-06-08T10:31:29.0000000Z;56.286;56.344;1000;1000
2026-06-08T10:31:31.0000000Z;56.284;56.344;1000;1000
2026-06-08T10:32:09.0000000Z;56.282;56.344;1000;1000
2026-06-08T10:32:10.0000000Z;56.284;56.344;1000;1000
2026-06-08T10:32:14.0000000Z;56.282;56.344;1000;1000
2026-06-08T10:32:15.0000000Z;56.284;56.344;1000;1000
2026-06-08T10:32:34.0000000Z;56.282;56.344;1000;1000
2026-06-08T10:32:35.0000000Z;56.284;56.344;1000;1000
2026-06-08T10:33:00.0000000Z;56.284;56.344;1000;1000
2026-06-08T10:33:30.0000000Z;56.282;56.344;1000;1000
2026-06-08T10:33:31.0000000Z;56.288;56.344;1000;1000
2026-06-08T10:34:14.0000000Z;56.288;56.346;1000;1000
2026-06-08T10:34:15.0000000Z;56.284;56.346;1000;1000
2026-06-08T10:34:16.0000000Z;56.284;56.346;1000;1100
2026-06-08T10:34:17.0000000Z;56.284;56.348;1000;1100
2026-06-08T10:34:18.0000000Z;56.28;56.35;1000;1100
2026-06-08T10:34:19.0000000Z;56.276;56.352;1000;1100
2026-06-08T10:34:21.0000000Z;56.278;56.352;1000;1100
2026-06-08T10:34:22.0000000Z;56.28;56.352;1000;1100
2026-06-08T10:34:31.0000000Z;56.28;56.354;1000;1100
2026-06-08T10:34:34.0000000Z;56.28;56.356;1000;1100
2026-06-08T10:35:18.0000000Z;56.282;56.356;1000;1100
2026-06-08T10:35:23.0000000Z;56.28;56.356;1000;1100
2026-06-08T10:35:24.0000000Z;56.276;56.356;1100;1100
2026-06-08T10:35:26.0000000Z;56.274;56.356;1100;1100
2026-06-08T10:36:31.0000000Z;56.282;56.352;1000;1000
2026-06-08T10:36:32.0000000Z;56.284;56.352;1000;1000
2026-06-08T10:36:35.0000000Z;56.284;56.35;1000;1000
2026-06-08T10:36:39.0000000Z;56.284;56.354;1000;1100
2026-06-08T10:36:40.0000000Z;56.284;56.356;1000;1100
2026-06-08T10:36:41.0000000Z;56.282;56.356;1000;1100
2026-06-08T10:36:42.0000000Z;56.276;56.356;1000;1100
2026-06-08T10:36:47.0000000Z;56.276;56.354;1000;1000
2026-06-08T10:36:48.0000000Z;56.276;56.354;1000;1100
2026-06-08T10:37:03.0000000Z;56.284;56.346;1000;1000
2026-06-08T10:37:14.0000000Z;56.278;56.346;1000;1000
2026-06-08T10:37:16.0000000Z;56.276;56.346;1000;1000
2026-06-08T10:37:46.0000000Z;56.278;56.346;1000;1000
2026-06-08T10:37:47.0000000Z;56.28;56.346;1000;1000
2026-06-08T10:37:51.0000000Z;56.282;56.346;1000;1000
2026-06-08T10:37:52.0000000Z;56.284;56.346;1000;1000
2026-06-08T10:38:22.0000000Z;56.276;56.346;1000;1000
2026-06-08T10:38:59.0000000Z;56.28;56.346;1000;1000
2026-06-08T10:39:00.0000000Z;56.284;56.346;1000;1000
2026-06-08T10:39:05.0000000Z;56.282;56.346;1000;1000
2026-06-08T10:39:06.0000000Z;56.276;56.346;1000;1000
2026-06-08T10:39:14.0000000Z;56.278;56.346;1000;1000
2026-06-08T10:39:15.0000000Z;56.284;56.346;1000;1000
2026-06-08T10:39:20.0000000Z;56.282;56.346;1000;1000
2026-06-08T10:39:21.0000000Z;56.284;56.346;1000;1000
2026-06-08T10:39:31.0000000Z;56.278;56.346;1000;1000
2026-06-08T10:39:32.0000000Z;56.28;56.346;1000;1000
2026-06-08T10:39:33.0000000Z;56.284;56.346;1000;1000
2026-06-08T10:39:48.0000000Z;56.278;56.346;1000;1000
2026-06-08T10:39:50.0000000Z;56.276;56.346;1000;1000
2026-06-08T10:39:53.0000000Z;56.28;56.346;1000;1000
2026-06-08T10:39:54.0000000Z;56.284;56.346;1000;1000
2026-06-08T10:40:05.0000000Z;56.28;56.346;1000;1000
2026-06-08T10:40:06.0000000Z;56.284;56.346;1000;1000
2026-06-08T10:40:11.0000000Z;56.278;56.346;1000;1000
2026-06-08T10:40:24.0000000Z;56.28;56.346;1000;1000
2026-06-08T10:40:25.0000000Z;56.284;56.346;1000;1000
2026-06-08T10:40:35.0000000Z;56.278;56.346;1000;1000
2026-06-08T10:40:37.0000000Z;56.276;56.346;1000;1000
2026-06-08T10:40:40.0000000Z;56.284;56.346;1000;1000
2026-06-08T10:40:45.0000000Z;56.284;56.346;1000;1000
2026-06-08T10:41:00.0000000Z;56.282;56.346;1000;1000
2026-06-08T10:41:01.0000000Z;56.276;56.346;1000;1000
2026-06-08T10:41:04.0000000Z;56.282;56.346;1000;1000
2026-06-08T10:41:05.0000000Z;56.284;56.346;1000;1000
2026-06-08T10:41:10.0000000Z;56.278;56.346;1000;1000
2026-06-08T10:41:21.0000000Z;56.276;56.346;1000;1000
2026-06-08T10:41:22.0000000Z;56.28;56.346;1000;1000
2026-06-08T10:41:23.0000000Z;56.284;56.346;1000;1000
2026-06-08T10:41:33.0000000Z;56.276;56.346;1000;1000
2026-06-08T10:43:49.0000000Z;56.28;56.346;1000;1000
2026-06-08T10:43:50.0000000Z;56.284;56.346;1000;1000
2026-06-08T10:43:54.0000000Z;56.282;56.346;1000;1000
2026-06-08T10:43:55.0000000Z;56.284;56.346;1000;1000
2026-06-08T10:44:30.0000000Z;56.282;56.346;1000;1000
2026-06-08T10:44:31.0000000Z;56.284;56.346;1000;1000
2026-06-08T10:44:45.0000000Z;56.284;56.342;1000;1000
2026-06-08T10:44:55.0000000Z;56.284;56.336;1000;1000
2026-06-08T10:44:56.0000000Z;56.284;56.324;1000;1100
2026-06-08T10:45:06.0000000Z;56.284;56.322;1000;1100
2026-06-08T10:45:25.0000000Z;56.286;56.322;1000;1100
2026-06-08T10:45:26.0000000Z;56.288;56.322;1000;1100
2026-06-08T10:45:27.0000000Z;56.288;56.322;1000;1100
2026-06-08T10:45:31.0000000Z;56.286;56.322;1000;1100
2026-06-08T10:45:32.0000000Z;56.284;56.322;1000;1100
2026-06-08T10:46:06.0000000Z;56.284;56.322;1000;1100
2026-06-08T10:46:11.0000000Z;56.284;56.322;1000;1100
2026-06-08T10:46:26.0000000Z;56.282;56.322;1000;1100
2026-06-08T10:46:27.0000000Z;56.284;56.322;1000;1100
2026-06-08T10:46:32.0000000Z;56.284;56.322;1000;1100
2026-06-08T10:47:16.0000000Z;56.282;56.322;1000;1100
2026-06-08T10:47:17.0000000Z;56.278;56.322;1000;1100
2026-06-08T10:47:18.0000000Z;56.28;56.322;1000;1100
2026-06-08T10:47:19.0000000Z;56.284;56.322;1000;1100
2026-06-08T10:47:22.0000000Z;56.284;56.336;1000;1000
2026-06-08T10:47:23.0000000Z;56.284;56.322;1000;1100
2026-06-08T10:47:32.0000000Z;56.284;56.33;1000;1100
2026-06-08T10:47:33.0000000Z;56.284;56.322;1000;1100
2026-06-08T10:48:29.0000000Z;56.284;56.322;1000;1100
2026-06-08T10:48:44.0000000Z;56.282;56.328;1000;1100
2026-06-08T10:48:45.0000000Z;56.284;56.322;1000;1100
2026-06-08T10:49:30.0000000Z;56.284;56.322;1000;1100
2026-06-08T10:49:45.0000000Z;56.282;56.336;1000;1100
2026-06-08T10:49:46.0000000Z;56.284;56.328;1000;1100
2026-06-08T10:49:47.0000000Z;56.284;56.322;1000;1100
2026-06-08T10:50:21.0000000Z;56.284;56.328;1000;1100
2026-06-08T10:50:22.0000000Z;56.284;56.322;1000;1100
2026-06-08T10:50:25.0000000Z;56.282;56.322;1000;1100
2026-06-08T10:50:26.0000000Z;56.284;56.322;1000;1100
2026-06-08T10:50:30.0000000Z;56.282;56.322;1000;1100
2026-06-08T10:50:31.0000000Z;56.284;56.322;1000;1100
2026-06-08T10:50:45.0000000Z;56.282;56.33;1000;1000
2026-06-08T10:50:46.0000000Z;56.284;56.322;1000;1100
2026-06-08T10:51:02.0000000Z;56.282;56.322;1000;1100
2026-06-08T10:51:05.0000000Z;56.284;56.322;1000;1100
2026-06-08T10:52:50.0000000Z;56.284;56.322;1000;1100
2026-06-08T10:53:14.0000000Z;56.282;56.322;1000;1100
2026-06-08T10:53:15.0000000Z;56.284;56.322;1000;1100
2026-06-08T10:53:20.0000000Z;56.284;56.322;1000;1100
2026-06-08T10:53:55.0000000Z;56.282;56.322;1000;1100
2026-06-08T10:53:56.0000000Z;56.284;56.322;1000;1100
2026-06-08T10:54:10.0000000Z;56.284;56.336;1000;1000
2026-06-08T10:54:11.0000000Z;56.284;56.322;1000;1100
2026-06-08T10:54:21.0000000Z;56.284;56.322;1000;1100
2026-06-08T10:54:36.0000000Z;56.284;56.322;1000;1100
2026-06-08T10:54:50.0000000Z;56.284;56.33;1000;1100
2026-06-08T10:54:51.0000000Z;56.284;56.322;1000;1100
2026-06-08T10:55:01.0000000Z;56.284;56.322;1000;1100
2026-06-08T10:55:31.0000000Z;56.284;56.328;1000;1000
2026-06-08T10:55:32.0000000Z;56.284;56.324;1000;1100
2026-06-08T10:55:46.0000000Z;56.282;56.324;1000;1100
2026-06-08T10:55:47.0000000Z;56.284;56.324;1000;1100
2026-06-08T10:56:11.0000000Z;56.286;56.324;1000;1100
2026-06-08T10:56:12.0000000Z;56.288;56.324;1000;1100
2026-06-08T10:56:16.0000000Z;56.286;56.324;1000;1100
2026-06-08T10:56:17.0000000Z;56.288;56.324;1000;1100
2026-06-08T10:56:22.0000000Z;56.284;56.324;1000;1100
2026-06-08T10:56:27.0000000Z;56.284;56.324;1000;1100
2026-06-08T10:56:36.0000000Z;56.284;56.33;1000;1100
2026-06-08T10:56:37.0000000Z;56.284;56.324;1000;1100
2026-06-08T10:57:02.0000000Z;56.284;56.324;1000;1100
2026-06-08T10:57:27.0000000Z;56.282;56.324;1000;1100
2026-06-08T10:57:28.0000000Z;56.284;56.324;1000;1100
2026-06-08T10:57:47.0000000Z;56.284;56.336;1000;1000
2026-06-08T10:57:48.0000000Z;56.284;56.324;1000;1100
2026-06-08T10:58:41.0000000Z;56.286;56.324;1000;1100
2026-06-08T10:58:42.0000000Z;56.288;56.324;1000;1100
2026-06-08T10:58:46.0000000Z;56.286;56.324;1000;1100
2026-06-08T10:58:47.0000000Z;56.288;56.324;1000;1100
2026-06-08T10:59:02.0000000Z;56.286;56.322;1000;1100
2026-06-08T10:59:05.0000000Z;56.288;56.322;1000;1100
2026-06-08T10:59:25.0000000Z;56.288;56.322;1000;1100
2026-06-08T10:59:36.0000000Z;56.28;56.322;1000;1100
2026-06-08T10:59:37.0000000Z;56.274;56.322;1000;1100
2026-06-08T10:59:38.0000000Z;56.272;56.322;1000;1100
2026-06-08T10:59:39.0000000Z;56.27;56.322;1000;1100
2026-06-08T11:00:19.0000000Z;56.27;56.336;1000;1000
2026-06-08T11:00:20.0000000Z;56.27;56.322;1000;1100
2026-06-08T11:00:44.0000000Z;56.274;56.324;1000;1100
2026-06-08T11:00:45.0000000Z;56.274;56.326;1000;1100
2026-06-08T11:00:54.0000000Z;56.276;56.336;1000;1000
2026-06-08T11:00:55.0000000Z;56.28;56.324;1000;1100
2026-06-08T11:00:56.0000000Z;56.282;56.324;1000;1100
2026-06-08T11:01:00.0000000Z;56.284;56.324;1000;1100
2026-06-08T11:01:01.0000000Z;56.286;56.324;1000;1100
2026-06-08T11:01:05.0000000Z;56.284;56.324;1000;1100
2026-06-08T11:01:06.0000000Z;56.286;56.324;1000;1100
2026-06-08T11:01:07.0000000Z;56.278;56.324;1000;1100
2026-06-08T11:01:09.0000000Z;56.274;56.324;1000;1100
2026-06-08T11:01:18.0000000Z;56.286;56.326;1000;1100
2026-06-08T11:01:28.0000000Z;56.286;56.324;1000;1100
2026-06-08T11:01:44.0000000Z;56.282;56.324;1000;1100
2026-06-08T11:01:45.0000000Z;56.286;56.324;1000;1100
2026-06-08T11:02:05.0000000Z;56.282;56.324;1000;1100
2026-06-08T11:02:06.0000000Z;56.286;56.324;1000;1100
2026-06-08T11:02:10.0000000Z;56.282;56.33;1000;1100
2026-06-08T11:02:11.0000000Z;56.286;56.324;1000;1100
2026-06-08T11:02:20.0000000Z;56.286;56.336;1000;1100
2026-06-08T11:02:21.0000000Z;56.286;56.324;1000;1100
2026-06-08T11:03:12.0000000Z;56.286;56.324;1000;1100
2026-06-08T11:03:27.0000000Z;56.286;56.324;1000;1100
2026-06-08T11:04:02.0000000Z;56.286;56.336;1000;1000
2026-06-08T11:04:03.0000000Z;56.286;56.324;1000;1100
2026-06-08T11:04:59.0000000Z;56.286;56.324;1000;1100
2026-06-08T11:05:03.0000000Z;56.286;56.33;1000;1100
2026-06-08T11:05:04.0000000Z;56.286;56.324;1000;1100
2026-06-08T11:06:36.0000000Z;56.286;56.324;1000;1100
2026-06-08T11:07:11.0000000Z;56.284;56.324;1000;1100
2026-06-08T11:07:12.0000000Z;56.286;56.324;1000;1100
2026-06-08T11:08:23.0000000Z;56.286;56.324;1000;1100
2026-06-08T11:08:38.0000000Z;56.286;56.324;1000;1100
2026-06-08T11:08:58.0000000Z;56.282;56.33;1000;1000
2026-06-08T11:08:59.0000000Z;56.286;56.324;1000;1100
2026-06-08T11:09:19.0000000Z;56.286;56.324;1000;1100
2026-06-08T11:09:24.0000000Z;56.286;56.324;1000;1100
2026-06-08T11:09:34.0000000Z;56.282;56.324;1000;1100
2026-06-08T11:09:35.0000000Z;56.286;56.324;1000;1100
2026-06-08T11:10:43.0000000Z;56.286;56.324;1000;1100
2026-06-08T11:10:46.0000000Z;56.076;56.534;1000;950
2026-06-08T11:10:47.0000000Z;56.076;56.544;750;750
2026-06-08T11:10:53.0000000Z;56.068;56.546;750;750
2026-06-08T11:11:05.0000000Z;56.064;56.546;750;750
2026-06-08T11:11:25.0000000Z;55.992;56.61;750;750
2026-06-08T11:11:31.0000000Z;56.018;56.598;750;750
2026-06-08T11:12:57.0000000Z;56.106;56.508;1000;950
2026-06-08T11:12:58.0000000Z;56.284;56.33;1000;1100
2026-06-08T11:13:08.0000000Z;56.278;56.33;1000;1100
2026-06-08T11:13:17.0000000Z;56.276;56.33;1000;1100
2026-06-08T11:13:18.0000000Z;56.284;56.33;1000;1100
2026-06-08T11:13:31.0000000Z;56.284;56.336;1000;1100
2026-06-08T11:13:32.0000000Z;56.284;56.328;1000;1100
2026-06-08T11:13:41.0000000Z;56.284;56.332;1000;1100
2026-06-08T11:13:42.0000000Z;56.284;56.328;1000;1100
2026-06-08T11:13:52.0000000Z;56.284;56.338;1000;1000
2026-06-08T11:13:53.0000000Z;56.284;56.328;1000;1100
2026-06-08T11:14:04.0000000Z;56.284;56.332;1000;1100
2026-06-08T11:14:05.0000000Z;56.284;56.338;1000;1000
2026-06-08T11:14:08.0000000Z;56.284;56.342;1000;1000
2026-06-08T11:14:15.0000000Z;56.284;56.336;1000;1000
2026-06-08T11:14:16.0000000Z;56.284;56.328;1000;1100
2026-06-08T11:14:26.0000000Z;56.282;56.328;1000;1100
2026-06-08T11:14:27.0000000Z;56.284;56.328;1000;1100
2026-06-08T11:14:36.0000000Z;56.284;56.332;1000;1100
2026-06-08T11:14:37.0000000Z;56.284;56.328;1000;1100
2026-06-08T11:14:38.0000000Z;56.282;56.328;1000;1100
2026-06-08T11:14:39.0000000Z;56.278;56.328;1000;1100
2026-06-08T11:14:40.0000000Z;56.276;56.328;1000;1100
2026-06-08T11:14:46.0000000Z;56.276;56.332;1000;1100
2026-06-08T11:14:47.0000000Z;56.276;56.328;1000;1100
2026-06-08T11:14:50.0000000Z;56.278;56.328;1000;1100
2026-06-08T11:14:51.0000000Z;56.284;56.328;1000;1100
2026-06-08T11:14:57.0000000Z;56.284;56.332;1000;1100
2026-06-08T11:14:58.0000000Z;56.284;56.33;1000;1100
2026-06-08T11:15:00.0000000Z;56.284;56.328;1000;1000
2026-06-08T11:15:02.0000000Z;56.284;56.328;1000;1100
2026-06-08T11:15:11.0000000Z;56.284;56.336;1000;1100
2026-06-08T11:15:12.0000000Z;56.284;56.336;1000;1000
2026-06-08T11:15:13.0000000Z;56.284;56.328;1000;1100
2026-06-08T11:15:17.0000000Z;56.278;56.328;1000;1100
2026-06-08T11:15:18.0000000Z;56.276;56.328;1000;1100
2026-06-08T11:15:19.0000000Z;56.28;56.328;1000;1100
2026-06-08T11:15:20.0000000Z;56.284;56.328;1000;1100
2026-06-08T11:15:21.0000000Z;56.284;56.334;1000;1100
2026-06-08T11:15:22.0000000Z;56.284;56.33;1000;1100
2026-06-08T11:15:25.0000000Z;56.278;56.33;1000;1100
2026-06-08T11:15:26.0000000Z;56.276;56.33;1000;1100
2026-06-08T11:15:31.0000000Z;56.284;56.33;1000;1100
2026-06-08T11:15:32.0000000Z;56.284;56.334;1000;1100
2026-06-08T11:15:33.0000000Z;56.284;56.334;1000;1000
2026-06-08T11:15:34.0000000Z;56.284;56.33;1000;1100
2026-06-08T11:15:43.0000000Z;56.284;56.334;1000;1100
2026-06-08T11:15:44.0000000Z;56.284;56.33;1000;1100
2026-06-08T11:15:49.0000000Z;56.278;56.33;1000;1100
2026-06-08T11:15:51.0000000Z;56.276;56.33;1000;1100
2026-06-08T11:15:53.0000000Z;56.276;56.34;1000;1000
2026-06-08T11:15:54.0000000Z;56.276;56.336;1000;1100
2026-06-08T11:15:56.0000000Z;56.276;56.334;1000;1000
2026-06-08T11:15:57.0000000Z;56.278;56.33;1000;1100
2026-06-08T11:15:58.0000000Z;56.28;56.33;1000;1100
2026-06-08T11:16:02.0000000Z;56.284;56.33;1000;1100
2026-06-08T11:16:06.0000000Z;56.284;56.334;1000;1100
2026-06-08T11:16:07.0000000Z;56.282;56.33;1000;1100
2026-06-08T11:16:08.0000000Z;56.276;56.33;1000;1100
2026-06-08T11:16:19.0000000Z;56.28;56.33;1000;1100
2026-06-08T11:16:20.0000000Z;56.284;56.33;1000;1100
2026-06-08T11:16:26.0000000Z;56.276;56.33;1000;1100
2026-06-08T11:16:29.0000000Z;56.276;56.334;1000;1100
2026-06-08T11:16:30.0000000Z;56.276;56.34;1000;1000
2026-06-08T11:16:31.0000000Z;56.276;56.33;1000;1100
2026-06-08T11:16:41.0000000Z;56.276;56.34;1000;1000
2026-06-08T11:16:42.0000000Z;56.276;56.33;1000;1100
2026-06-08T11:16:48.0000000Z;56.278;56.33;1000;1100
2026-06-08T11:16:49.0000000Z;56.284;56.326;1000;1100
2026-06-08T11:17:02.0000000Z;56.284;56.336;1000;1000
2026-06-08T11:17:03.0000000Z;56.284;56.326;1000;1100
2026-06-08T11:17:12.0000000Z;56.284;56.332;1000;1100
2026-06-08T11:17:13.0000000Z;56.284;56.326;1000;1100
2026-06-08T11:17:24.0000000Z;56.284;56.332;1000;1100
2026-06-08T11:17:25.0000000Z;56.284;56.336;1000;1100
2026-06-08T11:17:26.0000000Z;56.284;56.326;1000;1100
2026-06-08T11:17:36.0000000Z;56.284;56.338;1000;1000
2026-06-08T11:17:37.0000000Z;56.284;56.326;1000;1100
2026-06-08T11:17:39.0000000Z;56.28;56.326;1000;1100
2026-06-08T11:17:41.0000000Z;56.282;56.326;1000;1100
2026-06-08T11:17:42.0000000Z;56.284;56.326;1000;1100
2026-06-08T11:17:47.0000000Z;56.28;56.326;1000;1100
2026-06-08T11:17:48.0000000Z;56.284;56.326;1000;1100
2026-06-08T11:17:56.0000000Z;56.284;56.332;1000;1100
2026-06-08T11:17:57.0000000Z;56.284;56.326;1000;1100
2026-06-08T11:18:14.0000000Z;56.284;56.332;1000;1100
2026-06-08T11:18:15.0000000Z;56.284;56.332;1000;1100
2026-06-08T11:18:16.0000000Z;56.284;56.326;1000;1100
2026-06-08T11:18:25.0000000Z;56.284;56.338;1000;1100
2026-06-08T11:18:26.0000000Z;56.284;56.326;1000;1100
2026-06-08T11:18:36.0000000Z;56.284;56.338;1000;1000
2026-06-08T11:18:37.0000000Z;56.284;56.326;1000;1100
2026-06-08T11:18:47.0000000Z;56.284;56.338;1000;1000
2026-06-08T11:18:48.0000000Z;56.284;56.326;1000;1100
2026-06-08T11:19:07.0000000Z;56.284;56.338;1000;1000
2026-06-08T11:19:13.0000000Z;56.278;56.344;1000;1000
2026-06-08T11:19:15.0000000Z;56.28;56.344;1000;1000
2026-06-08T11:19:16.0000000Z;56.282;56.344;1000;1000
2026-06-08T11:19:17.0000000Z;56.28;56.344;1000;1000
2026-06-08T11:19:18.0000000Z;56.28;56.338;1000;1000
2026-06-08T11:19:19.0000000Z;56.28;56.326;1000;1100
2026-06-08T11:19:25.0000000Z;56.284;56.326;1000;1100
2026-06-08T11:19:28.0000000Z;56.284;56.332;1000;1100
2026-06-08T11:19:29.0000000Z;56.284;56.338;1000;1000
2026-06-08T11:19:31.0000000Z;56.278;56.344;1000;1000
2026-06-08T11:19:32.0000000Z;56.276;56.344;1000;1000
2026-06-08T11:19:36.0000000Z;56.278;56.344;1000;1000
2026-06-08T11:19:37.0000000Z;56.28;56.344;1000;1000
2026-06-08T11:19:41.0000000Z;56.282;56.344;1000;1000
2026-06-08T11:19:42.0000000Z;56.284;56.344;1000;1000
2026-06-08T11:19:47.0000000Z;56.278;56.344;1000;1000
2026-06-08T11:19:48.0000000Z;56.276;56.344;1000;1000
2026-06-08T11:19:49.0000000Z;56.278;56.338;1000;1100
2026-06-08T11:19:51.0000000Z;56.284;56.326;1000;1100
2026-06-08T11:19:54.0000000Z;56.286;56.326;1000;1100
2026-06-08T11:19:55.0000000Z;56.288;56.326;1000;1100
2026-06-08T11:20:00.0000000Z;56.284;56.326;1000;1100
2026-06-08T11:20:01.0000000Z;56.28;56.332;1000;1100
2026-06-08T11:20:02.0000000Z;56.282;56.332;1000;1100
2026-06-08T11:20:03.0000000Z;56.284;56.326;1000;1100
2026-06-08T11:20:11.0000000Z;56.288;56.326;1000;1100
2026-06-08T11:20:14.0000000Z;56.288;56.332;1000;1100
2026-06-08T11:20:15.0000000Z;56.284;56.326;1000;1100
2026-06-08T11:20:16.0000000Z;56.276;56.326;1000;1100
2026-06-08T11:20:20.0000000Z;56.282;56.326;1000;1100
2026-06-08T11:20:21.0000000Z;56.288;56.326;1000;1100
2026-06-08T11:20:24.0000000Z;56.286;56.326;1000;1100
2026-06-08T11:20:25.0000000Z;56.286;56.326;1000;1100
2026-06-08T11:20:26.0000000Z;56.284;56.326;1000;1100
2026-06-08T11:20:28.0000000Z;56.286;56.326;1000;1100
2026-06-08T11:20:29.0000000Z;56.288;56.326;1000;1100
2026-06-08T11:20:33.0000000Z;56.286;56.326;1000;1100
2026-06-08T11:20:34.0000000Z;56.284;56.326;1000;1100
2026-06-08T11:20:35.0000000Z;56.288;56.326;1000;1100
2026-06-08T11:20:36.0000000Z;56.288;56.326;1000;1100
2026-06-08T11:20:47.0000000Z;56.28;56.326;1000;1100
2026-06-08T11:20:48.0000000Z;56.276;56.326;1000;1100
2026-06-08T11:21:01.0000000Z;56.288;56.326;1000;1100
2026-06-08T11:21:05.0000000Z;56.284;56.326;1000;1100
2026-06-08T11:21:06.0000000Z;56.288;56.326;1000;1100
2026-06-08T11:21:10.0000000Z;56.288;56.338;1000;1000
2026-06-08T11:21:11.0000000Z;56.288;56.326;1000;1100
2026-06-08T11:21:20.0000000Z;56.288;56.338;1000;1000
2026-06-08T11:21:21.0000000Z;56.288;56.326;1000;1100
2026-06-08T11:21:51.0000000Z;56.288;56.332;1000;1000
2026-06-08T11:21:52.0000000Z;56.288;56.326;1000;1100
2026-06-08T11:21:57.0000000Z;56.28;56.326;1000;1100
2026-06-08T11:22:01.0000000Z;56.288;56.326;1000;1100
2026-06-08T11:22:05.0000000Z;56.286;56.326;1000;1100
2026-06-08T11:22:06.0000000Z;56.288;56.326;1000;1100
2026-06-08T11:22:16.0000000Z;56.288;56.334;1000;1100
2026-06-08T11:22:17.0000000Z;56.288;56.326;1000;1100
2026-06-08T11:22:21.0000000Z;56.286;56.326;1000;1100
2026-06-08T11:22:23.0000000Z;56.288;56.326;1000;1100
2026-06-08T11:22:27.0000000Z;56.284;56.332;1000;1100
2026-06-08T11:22:28.0000000Z;56.28;56.336;1000;1000
2026-06-08T11:22:29.0000000Z;56.288;56.326;1000;1100
2026-06-08T11:22:34.0000000Z;56.286;56.326;1000;1100
2026-06-08T11:22:35.0000000Z;56.288;56.326;1000;1100
2026-06-08T11:22:54.0000000Z;56.284;56.326;1000;1100
2026-06-08T11:23:04.0000000Z;56.288;56.326;1000;1100
2026-06-08T11:23:09.0000000Z;56.286;56.326;1000;1100
2026-06-08T11:23:10.0000000Z;56.278;56.326;1000;1100
2026-06-08T11:23:11.0000000Z;56.276;56.326;1000;1100
2026-06-08T11:23:16.0000000Z;56.284;56.326;1000;1100
2026-06-08T11:23:17.0000000Z;56.288;56.326;1000;1100
2026-06-08T11:23:26.0000000Z;56.288;56.338;1000;1000
2026-06-08T11:23:27.0000000Z;56.284;56.326;1000;1100
2026-06-08T11:23:36.0000000Z;56.282;56.326;1000;1100
2026-06-08T11:23:37.0000000Z;56.284;56.326;1000;1100
2026-06-08T11:23:43.0000000Z;56.286;56.326;1000;1100
2026-06-08T11:23:44.0000000Z;56.288;56.326;1000;1100
2026-06-08T11:24:04.0000000Z;56.282;56.326;1000;1100
2026-06-08T11:24:05.0000000Z;56.288;56.326;1000;1100
2026-06-08T11:24:40.0000000Z;56.288;56.336;1000;1100
2026-06-08T11:24:41.0000000Z;56.288;56.326;1000;1100
2026-06-08T11:25:21.0000000Z;56.288;56.338;1000;1000
2026-06-08T11:25:22.0000000Z;56.288;56.326;1000;1100
2026-06-08T11:25:32.0000000Z;56.28;56.326;1000;1100
2026-06-08T11:25:33.0000000Z;56.288;56.326;1000;1100
2026-06-08T11:25:38.0000000Z;56.288;56.326;1000;1100
2026-06-08T11:25:54.0000000Z;56.284;56.326;1000;1100
2026-06-08T11:25:55.0000000Z;56.288;56.326;1000;1100
2026-06-08T11:26:04.0000000Z;56.28;56.326;1000;1100
2026-06-08T11:26:05.0000000Z;56.276;56.326;1000;1100
2026-06-08T11:26:15.0000000Z;56.28;56.326;1000;1100
2026-06-08T11:26:16.0000000Z;56.284;56.326;1000;1100
2026-06-08T11:26:26.0000000Z;56.278;56.324;1000;1100
2026-06-08T11:26:27.0000000Z;56.276;56.324;1000;1100
2026-06-08T11:26:28.0000000Z;56.284;56.324;1000;1100
2026-06-08T11:26:48.0000000Z;56.278;56.324;1000;1100
2026-06-08T11:26:49.0000000Z;56.28;56.324;1000;1100
2026-06-08T11:26:50.0000000Z;56.284;56.324;1000;1100
2026-06-08T11:26:55.0000000Z;56.282;56.324;1000;1100
2026-06-08T11:26:56.0000000Z;56.284;56.324;1000;1100
2026-06-08T11:26:58.0000000Z;56.284;56.33;1000;1100
2026-06-08T11:26:59.0000000Z;56.284;56.324;1000;1100
2026-06-08T11:27:20.0000000Z;56.282;56.328;1000;1000
2026-06-08T11:27:21.0000000Z;56.284;56.324;1000;1100
2026-06-08T11:27:41.0000000Z;56.284;56.324;1000;1100
2026-06-08T11:27:46.0000000Z;56.284;56.324;1000;1100
2026-06-08T11:28:36.0000000Z;56.282;56.324;1000;1100
2026-06-08T11:28:37.0000000Z;56.284;56.324;1000;1100
2026-06-08T11:29:37.0000000Z;56.28;56.324;1000;1100
2026-06-08T11:29:38.0000000Z;56.284;56.324;1000;1100
2026-06-08T11:29:53.0000000Z;56.284;56.324;1000;1100
2026-06-08T11:29:58.0000000Z;56.28;56.324;1000;1100
2026-06-08T11:29:59.0000000Z;56.284;56.324;1000;1100
2026-06-08T11:30:04.0000000Z;56.282;56.324;1000;1100
2026-06-08T11:30:05.0000000Z;56.284;56.324;1000;1100
2026-06-08T11:30:35.0000000Z;56.284;56.324;1000;1100
2026-06-08T11:30:39.0000000Z;56.282;56.324;1000;1100
2026-06-08T11:30:40.0000000Z;56.284;56.324;1000;1100
2026-06-08T11:31:06.0000000Z;56.282;56.332;1000;1100
2026-06-08T11:31:07.0000000Z;56.284;56.324;1000;1100
2026-06-08T11:31:12.0000000Z;56.276;56.324;1000;1100
2026-06-08T11:31:17.0000000Z;56.284;56.324;1000;1100
2026-06-08T11:31:37.0000000Z;56.278;56.324;1000;1100
2026-06-08T11:31:38.0000000Z;56.276;56.324;1000;1100
2026-06-08T11:31:44.0000000Z;56.28;56.324;1000;1100
2026-06-08T11:31:45.0000000Z;56.284;56.324;1000;1100
2026-06-08T11:32:00.0000000Z;56.282;56.324;1000;1100
2026-06-08T11:32:01.0000000Z;56.284;56.324;1000;1100
2026-06-08T11:32:15.0000000Z;56.276;56.324;1000;1100
2026-06-08T11:32:18.0000000Z;56.284;56.324;1000;1100
2026-06-08T11:32:19.0000000Z;56.284;56.33;1000;1000
2026-06-08T11:32:20.0000000Z;56.284;56.324;1000;1100
2026-06-08T11:32:48.0000000Z;56.284;56.324;1000;1100
2026-06-08T11:32:53.0000000Z;56.284;56.324;1000;1100
2026-06-08T11:33:13.0000000Z;56.284;56.334;1000;1000
2026-06-08T11:33:14.0000000Z;56.284;56.324;1000;1100
2026-06-08T11:33:29.0000000Z;56.284;56.324;1000;1100
2026-06-08T11:33:33.0000000Z;56.284;56.33;1000;1100
2026-06-08T11:33:34.0000000Z;56.284;56.324;1000;1100
2026-06-08T11:33:50.0000000Z;56.284;56.324;1000;1100
2026-06-08T11:34:05.0000000Z;56.284;56.322;1000;1100
2026-06-08T11:34:55.0000000Z;56.284;56.324;1000;1100
2026-06-08T11:35:04.0000000Z;56.284;56.33;1000;1100
2026-06-08T11:35:05.0000000Z;56.284;56.324;1000;1100
2026-06-08T11:35:25.0000000Z;56.284;56.33;1000;1000
2026-06-08T11:35:26.0000000Z;56.284;56.324;1000;1100
2026-06-08T11:35:45.0000000Z;56.284;56.33;1000;1000
2026-06-08T11:35:46.0000000Z;56.284;56.324;1000;1100
2026-06-08T11:36:15.0000000Z;56.284;56.33;1000;1100
2026-06-08T11:36:16.0000000Z;56.284;56.324;1000;1100
2026-06-08T11:36:21.0000000Z;56.284;56.324;1000;1100
2026-06-08T11:36:25.0000000Z;56.284;56.33;1000;1100
2026-06-08T11:36:26.0000000Z;56.284;56.324;1000;1100
2026-06-08T11:36:54.0000000Z;56.284;56.336;1000;1100
2026-06-08T11:36:55.0000000Z;56.284;56.324;1000;1100
2026-06-08T11:37:56.0000000Z;56.284;56.324;1000;1100
2026-06-08T11:38:21.0000000Z;56.282;56.324;1000;1100
2026-06-08T11:38:22.0000000Z;56.284;56.324;1000;1100
2026-06-08T11:38:31.0000000Z;56.282;56.324;1000;1100
2026-06-08T11:38:32.0000000Z;56.284;56.324;1000;1100
2026-06-08T11:38:36.0000000Z;56.284;56.33;1000;1000
2026-06-08T11:38:37.0000000Z;56.284;56.324;1000;1100
2026-06-08T11:38:46.0000000Z;56.284;56.33;1000;1000
2026-06-08T11:38:47.0000000Z;56.284;56.324;1000;1100
2026-06-08T11:38:56.0000000Z;56.282;56.324;1000;1100
2026-06-08T11:38:57.0000000Z;56.284;56.324;1000;1100
2026-06-08T11:39:07.0000000Z;56.284;56.324;1000;1100
2026-06-08T11:39:17.0000000Z;56.278;56.324;1000;1100
2026-06-08T11:39:18.0000000Z;56.276;56.324;1000;1100
2026-06-08T11:39:23.0000000Z;56.28;56.324;1000;1100
2026-06-08T11:39:24.0000000Z;56.284;56.324;1000;1100
2026-06-08T11:39:27.0000000Z;56.284;56.33;1000;1100
2026-06-08T11:39:28.0000000Z;56.284;56.324;1000;1100
2026-06-08T11:39:49.0000000Z;56.284;56.324;1000;1100
2026-06-08T11:39:58.0000000Z;56.282;56.328;1000;1100
2026-06-08T11:39:59.0000000Z;56.284;56.324;1000;1100
2026-06-08T11:40:09.0000000Z;56.284;56.324;1000;1100
2026-06-08T11:40:14.0000000Z;56.284;56.324;1000;1100
2026-06-08T11:40:29.0000000Z;56.284;56.336;1000;1100
2026-06-08T11:40:30.0000000Z;56.278;56.324;1000;1100
2026-06-08T11:40:31.0000000Z;56.284;56.324;1000;1100
2026-06-08T11:40:51.0000000Z;56.284;56.324;1000;1100
2026-06-08T11:41:56.0000000Z;56.282;56.324;1000;1100
2026-06-08T11:41:57.0000000Z;56.284;56.324;1000;1100
2026-06-08T11:42:01.0000000Z;56.282;56.33;1000;1100
2026-06-08T11:42:02.0000000Z;56.284;56.324;1000;1100
2026-06-08T11:42:22.0000000Z;56.284;56.324;1000;1100
2026-06-08T11:42:52.0000000Z;56.284;56.324;1000;1100
2026-06-08T11:43:02.0000000Z;56.282;56.33;1000;1100
2026-06-08T11:43:03.0000000Z;56.284;56.336;1000;1100
2026-06-08T11:43:04.0000000Z;56.284;56.322;1000;1100
2026-06-08T11:43:12.0000000Z;56.282;56.322;1000;1100
2026-06-08T11:43:13.0000000Z;56.284;56.322;1000;1100
2026-06-08T11:43:15.0000000Z;56.284;56.336;1000;1000
2026-06-08T11:43:16.0000000Z;56.284;56.324;1000;1100
2026-06-08T11:43:26.0000000Z;56.284;56.336;1000;1000
2026-06-08T11:43:27.0000000Z;56.284;56.324;1000;1100
2026-06-08T11:43:36.0000000Z;56.284;56.336;1000;1100
2026-06-08T11:43:37.0000000Z;56.282;56.324;1000;1100
2026-06-08T11:43:38.0000000Z;56.284;56.324;1000;1100
2026-06-08T11:43:48.0000000Z;56.284;56.324;1000;1100
2026-06-08T11:43:58.0000000Z;56.284;56.324;1000;1100
2026-06-08T11:44:53.0000000Z;56.282;56.324;1000;1100
2026-06-08T11:44:54.0000000Z;56.284;56.324;1000;1100
2026-06-08T11:45:13.0000000Z;56.282;56.324;1000;1100
2026-06-08T11:45:14.0000000Z;56.284;56.324;1000;1100
2026-06-08T11:45:18.0000000Z;56.284;56.33;1000;1100
2026-06-08T11:45:19.0000000Z;56.284;56.324;1000;1100
2026-06-08T11:45:44.0000000Z;56.284;56.324;1000;1100
2026-06-08T11:46:09.0000000Z;56.284;56.324;1000;1100
2026-06-08T11:46:19.0000000Z;56.284;56.334;1000;1000
2026-06-08T11:46:20.0000000Z;56.284;56.324;1000;1100
2026-06-08T11:47:10.0000000Z;56.282;56.33;1000;1100
2026-06-08T11:47:11.0000000Z;56.284;56.324;1000;1100
2026-06-08T11:47:23.0000000Z;56.284;56.336;1000;1000
2026-06-08T11:47:24.0000000Z;56.284;56.324;1000;1100
2026-06-08T11:47:50.0000000Z;56.282;56.324;1000;1100
2026-06-08T11:47:51.0000000Z;56.284;56.324;1000;1100
2026-06-08T11:48:15.0000000Z;56.28;56.33;1000;1100
2026-06-08T11:48:16.0000000Z;56.284;56.324;1000;1100
2026-06-08T11:48:31.0000000Z;56.284;56.324;1000;1100
2026-06-08T11:48:55.0000000Z;56.284;56.33;1000;1100
2026-06-08T11:48:56.0000000Z;56.284;56.324;1000;1100
2026-06-08T11:49:01.0000000Z;56.284;56.324;1000;1100
2026-06-08T11:49:05.0000000Z;56.282;56.33;1000;1100
2026-06-08T11:49:06.0000000Z;56.284;56.324;1000;1100
2026-06-08T11:49:31.0000000Z;56.282;56.324;1000;1100
2026-06-08T11:49:32.0000000Z;56.284;56.324;1000;1100
2026-06-08T11:49:36.0000000Z;56.282;56.33;1000;1100
2026-06-08T11:49:37.0000000Z;56.284;56.324;1000;1100
2026-06-08T11:49:56.0000000Z;56.284;56.33;1000;1100
2026-06-08T11:49:57.0000000Z;56.284;56.324;1000;1100
2026-06-08T11:50:16.0000000Z;56.284;56.33;1000;1100
2026-06-08T11:50:17.0000000Z;56.284;56.324;1000;1100
2026-06-08T11:50:21.0000000Z;56.282;56.324;1000;1100
2026-06-08T11:50:22.0000000Z;56.284;56.324;1000;1100
2026-06-08T11:50:42.0000000Z;56.284;56.324;1000;1100
2026-06-08T11:50:47.0000000Z;56.284;56.324;1000;1100
2026-06-08T11:51:07.0000000Z;56.282;56.324;1000;1100
2026-06-08T11:51:08.0000000Z;56.284;56.324;1000;1100
2026-06-08T11:51:22.0000000Z;56.282;56.324;1000;1100
2026-06-08T11:51:23.0000000Z;56.284;56.324;1000;1100
2026-06-08T11:51:38.0000000Z;56.284;56.324;1000;1100
2026-06-08T11:51:58.0000000Z;56.284;56.324;1000;1100
2026-06-08T11:52:03.0000000Z;56.284;56.324;1000;1100
2026-06-08T11:52:07.0000000Z;56.284;56.33;1000;1100
2026-06-08T11:52:08.0000000Z;56.284;56.324;1000;1100
2026-06-08T11:52:13.0000000Z;56.284;56.324;1000;1100
2026-06-08T11:52:18.0000000Z;56.284;56.324;1000;1100
2026-06-08T11:53:08.0000000Z;56.282;56.33;1000;1000
2026-06-08T11:53:09.0000000Z;56.284;56.324;1000;1100
2026-06-08T11:54:24.0000000Z;56.282;56.324;1000;1100
2026-06-08T11:54:25.0000000Z;56.284;56.324;1000;1100
2026-06-08T11:54:34.0000000Z;56.282;56.324;1000;1100
2026-06-08T11:54:35.0000000Z;56.284;56.324;1000;1100
2026-06-08T11:54:54.0000000Z;56.282;56.324;1000;1100
2026-06-08T11:54:55.0000000Z;56.284;56.324;1000;1100
2026-06-08T11:55:40.0000000Z;56.282;56.324;1000;1100
2026-06-08T11:55:41.0000000Z;56.284;56.324;1000;1100
2026-06-08T11:56:05.0000000Z;56.282;56.324;1000;1100
2026-06-08T11:56:06.0000000Z;56.284;56.324;1000;1100
2026-06-08T11:56:36.0000000Z;56.284;56.324;1000;1100
2026-06-08T11:56:50.0000000Z;56.284;56.328;1000;1100
2026-06-08T11:56:51.0000000Z;56.284;56.322;1000;1100
2026-06-08T11:57:01.0000000Z;56.284;56.322;1000;1100
2026-06-08T11:57:06.0000000Z;56.284;56.322;1000;1100
2026-06-08T11:57:11.0000000Z;56.284;56.328;1000;1000
2026-06-08T11:57:12.0000000Z;56.284;56.322;1000;1100
2026-06-08T11:57:51.0000000Z;56.282;56.322;1000;1100
2026-06-08T11:57:52.0000000Z;56.284;56.322;1000;1100
2026-06-08T11:58:06.0000000Z;56.282;56.322;1000;1100
2026-06-08T11:58:07.0000000Z;56.284;56.322;1000;1100
2026-06-08T11:58:22.0000000Z;56.284;56.324;1000;1100
2026-06-08T11:59:43.0000000Z;56.284;56.324;1000;1100
2026-06-08T11:59:48.0000000Z;56.284;56.324;1000;1100
2026-06-08T11:59:53.0000000Z;56.284;56.324;1000;1100
2026-06-08T12:00:03.0000000Z;56.276;56.324;1000;1100
2026-06-08T12:00:05.0000000Z;56.28;56.324;1000;1100
2026-06-08T12:00:06.0000000Z;56.284;56.324;1000;1100
2026-06-08T12:00:10.0000000Z;56.282;56.324;1000;1100
2026-06-08T12:00:11.0000000Z;56.284;56.324;1000;1100
2026-06-08T12:00:13.0000000Z;56.284;56.33;1000;1100
2026-06-08T12:00:14.0000000Z;56.284;56.324;1000;1100
2026-06-08T12:00:25.0000000Z;56.282;56.334;1000;1100
2026-06-08T12:00:26.0000000Z;56.284;56.324;1000;1100
