2026-06-08T07:54:26.0000000Z;23.71;23.75;500;500
2026-06-08T08:00:12.0000000Z;23.7;23.75;500;500
2026-06-08T08:00:12.0000000Z;23.7;23.75;500;500
2026-06-08T08:00:12.0000000Z;23.7;23.75;500;500
2026-06-08T08:00:12.0000000Z;23.7;23.75;500;500
2026-06-08T08:00:12.0000000Z;23.7;23.75;500;500
2026-06-08T08:00:12.0000000Z;23.7;23.75;500;500
2026-06-08T08:00:12.0000000Z;23.7;23.75;500;500
2026-06-08T08:00:12.0000000Z;23.7;23.75;500;500
2026-06-08T08:00:12.0000000Z;23.7;23.75;500;500
2026-06-08T08:40:50.0000000Z;23.7;23.74;500;500
2026-06-08T08:40:50.0000000Z;23.7;23.74;500;500
2026-06-08T08:40:50.0000000Z;23.7;23.74;500;500
2026-06-08T08:40:50.0000000Z;23.7;23.74;500;500
2026-06-08T08:54:52.0000000Z;23.7;23.75;500;500
2026-06-08T08:54:52.0000000Z;23.7;23.75;500;500
2026-06-08T08:54:52.0000000Z;23.7;23.75;500;500
2026-06-08T08:54:52.0000000Z;23.7;23.75;500;500
2026-06-08T08:54:52.0000000Z;23.7;23.75;500;500
2026-06-08T08:54:52.0000000Z;23.7;23.75;500;500
2026-06-08T08:54:52.0000000Z;23.7;23.75;500;500
2026-06-08T08:54:52.0000000Z;23.7;23.75;500;500
2026-06-08T08:54:52.0000000Z;23.7;23.75;500;500
2026-06-08T08:54:52.0000000Z;23.7;23.75;500;500
2026-06-08T09:37:25.0000000Z;23.71;23.76;500;500
2026-06-08T09:37:42.0000000Z;23.71;23.75;500;500
2026-06-08T09:37:45.0000000Z;23.7;23.75;500;500
2026-06-08T09:37:54.0000000Z;23.71;23.75;500;500
2026-06-08T09:38:03.0000000Z;23.7;23.75;500;500
2026-06-08T09:38:10.0000000Z;23.71;23.75;500;500
2026-06-08T09:38:12.0000000Z;23.7;23.75;500;500
2026-06-08T09:38:14.0000000Z;23.71;23.75;500;500
2026-06-08T09:38:16.0000000Z;23.7;23.75;500;500
2026-06-08T09:38:16.0000000Z;23.7;23.75;500;500
2026-06-08T09:42:51.0000000Z;23.71;23.75;500;500
2026-06-08T09:42:51.0000000Z;23.71;23.75;500;500
2026-06-08T09:42:51.0000000Z;23.71;23.75;500;500
2026-06-08T09:42:51.0000000Z;23.71;23.75;500;500
2026-06-08T09:42:51.0000000Z;23.71;23.75;500;500
2026-06-08T10:02:00.0000000Z;23.7;23.75;500;500
2026-06-08T10:03:01.0000000Z;23.71;23.75;500;500
2026-06-08T10:03:09.0000000Z;23.7;23.75;500;500
2026-06-08T10:03:45.0000000Z;23.71;23.75;500;500
2026-06-08T10:03:48.0000000Z;23.7;23.75;500;500
2026-06-08T10:05:13.0000000Z;23.71;23.75;500;500
2026-06-08T10:05:13.0000000Z;23.71;23.75;500;500
2026-06-08T10:05:13.0000000Z;23.71;23.75;500;500
2026-06-08T10:05:13.0000000Z;23.71;23.75;500;500
2026-06-08T10:16:41.0000000Z;23.7;23.75;500;500
2026-06-08T10:16:41.0000000Z;23.7;23.75;500;500
2026-06-08T10:25:54.0000000Z;23.71;23.75;500;500
2026-06-08T10:25:58.0000000Z;23.7;23.75;500;500
2026-06-08T10:25:58.0000000Z;23.7;23.75;500;500
2026-06-08T10:27:47.0000000Z;23.71;23.75;500;500
2026-06-08T10:29:59.0000000Z;23.7;23.75;500;500
2026-06-08T10:30:00.0000000Z;23.71;23.75;500;500
2026-06-08T10:30:23.0000000Z;23.7;23.75;500;500
2026-06-08T10:30:35.0000000Z;23.71;23.75;500;500
2026-06-08T10:30:35.0000000Z;23.71;23.75;500;500
2026-06-08T10:31:22.0000000Z;23.7;23.75;500;500
2026-06-08T10:31:23.0000000Z;23.71;23.75;500;500
2026-06-08T10:31:24.0000000Z;23.7;23.75;500;500
2026-06-08T10:32:04.0000000Z;23.71;23.75;500;500
2026-06-08T10:32:16.0000000Z;23.7;23.75;500;500
2026-06-08T10:33:24.0000000Z;23.71;23.75;500;500
2026-06-08T10:34:12.0000000Z;23.71;23.76;500;500
2026-06-08T10:34:15.0000000Z;23.72;23.76;500;500
2026-06-08T10:34:20.0000000Z;23.72;23.77;500;500
2026-06-08T10:34:30.0000000Z;23.73;23.78;500;500
2026-06-08T10:34:45.0000000Z;23.73;23.77;500;500
2026-06-08T10:34:46.0000000Z;23.72;23.77;500;500
2026-06-08T10:34:47.0000000Z;23.73;23.77;500;500
2026-06-08T10:34:48.0000000Z;23.72;23.77;500;500
2026-06-08T10:34:51.0000000Z;23.73;23.77;500;500
2026-06-08T10:34:53.0000000Z;23.72;23.77;500;500
2026-06-08T10:34:53.0000000Z;23.72;23.77;500;500
2026-06-08T10:34:53.0000000Z;23.72;23.77;500;500
2026-06-08T10:41:14.0000000Z;23.72;23.76;500;500
2026-06-08T10:41:22.0000000Z;23.72;23.77;500;500
2026-06-08T10:41:28.0000000Z;23.72;23.76;500;500
2026-06-08T10:41:53.0000000Z;23.72;23.77;500;500
2026-06-08T10:41:55.0000000Z;23.72;23.76;500;500
2026-06-08T10:43:23.0000000Z;23.72;23.77;500;500
2026-06-08T10:44:11.0000000Z;23.72;23.76;500;500
2026-06-08T10:44:11.0000000Z;23.72;23.76;500;500
2026-06-08T10:48:34.0000000Z;23.72;23.77;500;500
2026-06-08T10:48:43.0000000Z;23.72;23.76;500;500
2026-06-08T10:51:01.0000000Z;23.71;23.76;500;500
2026-06-08T10:52:25.0000000Z;23.72;23.76;500;500
2026-06-08T10:53:59.0000000Z;23.71;23.76;500;500
2026-06-08T10:53:59.0000000Z;23.71;23.76;500;500
2026-06-08T11:00:49.0000000Z;23.71;23.75;500;500
2026-06-08T11:00:49.0000000Z;23.71;23.75;500;500
2026-06-08T11:03:27.0000000Z;23.71;23.76;500;500
2026-06-08T11:04:09.0000000Z;23.71;23.75;500;500
2026-06-08T11:05:10.0000000Z;23.71;23.76;500;500
2026-06-08T11:05:26.0000000Z;23.71;23.75;500;500
2026-06-08T11:05:31.0000000Z;23.71;23.76;500;500
2026-06-08T11:06:04.0000000Z;23.71;23.75;500;500
2026-06-08T11:06:05.0000000Z;23.71;23.76;500;500
2026-06-08T11:06:08.0000000Z;23.71;23.75;500;500
2026-06-08T11:09:30.0000000Z;23.7;23.76;1500;1500
2026-06-08T11:09:53.0000000Z;23.705;23.76;1500;1500
2026-06-08T11:10:57.0000000Z;23.705;23.765;1500;1500
2026-06-08T11:11:00.0000000Z;23.715;23.77;1500;1500
2026-06-08T11:11:01.0000000Z;23.715;23.775;1500;1500
2026-06-08T11:11:06.0000000Z;23.715;23.775;2250;2250
2026-06-08T11:11:09.0000000Z;23.715;23.77;2250;2250
2026-06-08T11:11:13.0000000Z;23.715;23.77;2250;2250
2026-06-08T11:11:44.0000000Z;23.715;23.77;2250;2250
2026-06-08T11:12:18.0000000Z;23.715;23.77;2250;2250
2026-06-08T11:12:19.0000000Z;23.715;23.775;2250;2250
2026-06-08T11:12:23.0000000Z;23.72;23.775;2250;2250
2026-06-08T11:12:27.0000000Z;23.715;23.775;2250;2250
2026-06-08T11:12:30.0000000Z;23.72;23.77;500;500
2026-06-08T11:14:50.0000000Z;23.73;23.77;500;500
2026-06-08T11:14:54.0000000Z;23.73;23.78;500;500
2026-06-08T11:15:04.0000000Z;23.74;23.79;500;500
2026-06-08T11:15:13.0000000Z;23.73;23.78;500;500
2026-06-08T11:15:13.0000000Z;23.73;23.78;500;500
2026-06-08T11:15:13.0000000Z;23.73;23.78;500;500
2026-06-08T11:15:13.0000000Z;23.73;23.78;500;500
2026-06-08T11:15:13.0000000Z;23.73;23.78;500;500
2026-06-08T11:15:13.0000000Z;23.73;23.78;500;500
2026-06-08T11:15:13.0000000Z;23.73;23.78;500;500
2026-06-08T11:15:13.0000000Z;23.73;23.78;500;500
2026-06-08T11:15:13.0000000Z;23.73;23.78;500;500
2026-06-08T11:15:13.0000000Z;23.73;23.78;500;500
