2026-06-08T07:55:18.0000000Z;10.086;10.096;2200;2200
2026-06-08T07:58:57.0000000Z;10.086;10.096;5155;2200
2026-06-08T07:59:08.0000000Z;10.086;10.096;2200;2200
2026-06-08T07:59:08.0000000Z;10.086;10.096;2200;2200
2026-06-08T08:02:31.0000000Z;10.086;10.096;2200;4822
2026-06-08T08:02:32.0000000Z;10.086;10.095;2200;2200
2026-06-08T08:02:37.0000000Z;10.084;10.095;2200;2200
2026-06-08T08:02:38.0000000Z;10.084;10.095;5156;2200
2026-06-08T08:02:39.0000000Z;10.0855;10.095;2200;2200
2026-06-08T08:02:45.0000000Z;10.084;10.095;2200;2200
2026-06-08T08:02:50.0000000Z;10.085;10.095;5156;2200
2026-06-08T08:02:51.0000000Z;10.0855;10.095;2200;2200
2026-06-08T08:03:24.0000000Z;10.084;10.095;2200;2200
2026-06-08T08:03:25.0000000Z;10.086;10.0955;2200;2200
2026-06-08T08:03:55.0000000Z;10.086;10.095;2200;2200
2026-06-08T08:04:13.0000000Z;10.085;10.095;2200;2200
2026-06-08T08:04:15.0000000Z;10.084;10.095;2200;2200
2026-06-08T08:04:16.0000000Z;10.086;10.095;2200;2200
2026-06-08T08:04:48.0000000Z;10.085;10.095;4355;2200
2026-06-08T08:05:08.0000000Z;10.085;10.095;2200;2200
2026-06-08T08:05:09.0000000Z;10.085;10.095;4355;2200
2026-06-08T08:05:18.0000000Z;10.0855;10.095;2200;2200
2026-06-08T08:05:18.0000000Z;10.0855;10.095;2200;2200
2026-06-08T08:06:21.0000000Z;10.083;10.095;2200;2200
2026-06-08T08:06:23.0000000Z;10.085;10.095;4947;2200
2026-06-08T08:06:38.0000000Z;10.085;10.095;4947;2200
2026-06-08T08:06:45.0000000Z;10.086;10.0955;4352;2200
2026-06-08T08:06:55.0000000Z;10.086;10.0955;4352;2200
2026-06-08T08:07:05.0000000Z;10.086;10.0955;2200;2200
2026-06-08T08:07:14.0000000Z;10.086;10.0955;4242;2200
2026-06-08T08:07:15.0000000Z;10.0865;10.095;2200;2200
2026-06-08T08:08:46.0000000Z;10.0855;10.095;2200;2200
2026-06-08T08:09:14.0000000Z;10.0845;10.095;2200;2200
2026-06-08T08:09:27.0000000Z;10.0855;10.095;2200;2200
2026-06-08T08:10:01.0000000Z;10.086;10.096;2200;2200
2026-06-08T08:10:22.0000000Z;10.078;10.096;2200;2200
2026-06-08T08:10:26.0000000Z;10.082;10.096;4500;2200
2026-06-08T08:10:27.0000000Z;10.0825;10.096;2200;2200
2026-06-08T08:10:28.0000000Z;10.084;10.096;2200;2200
2026-06-08T08:10:35.0000000Z;10.079;10.096;2200;2200
2026-06-08T08:10:36.0000000Z;10.08;10.0955;2200;2200
2026-06-08T08:10:37.0000000Z;10.081;10.0955;2200;4500
2026-06-08T08:10:38.0000000Z;10.082;10.095;2200;2200
2026-06-08T08:10:39.0000000Z;10.083;10.095;2200;2200
2026-06-08T08:10:40.0000000Z;10.083;10.095;5157;2200
2026-06-08T08:10:42.0000000Z;10.084;10.095;2200;2200
2026-06-08T08:10:43.0000000Z;10.084;10.095;5156;2200
2026-06-08T08:11:08.0000000Z;10.084;10.095;2200;2200
2026-06-08T08:11:10.0000000Z;10.084;10.095;5156;2200
2026-06-08T08:11:13.0000000Z;10.0845;10.095;2200;2200
2026-06-08T08:11:17.0000000Z;10.0845;10.096;2200;2200
2026-06-08T08:11:21.0000000Z;10.0845;10.096;5156;2200
2026-06-08T08:11:26.0000000Z;10.0845;10.096;2200;2200
2026-06-08T08:11:32.0000000Z;10.0845;10.096;5156;2200
2026-06-08T08:11:44.0000000Z;10.0845;10.096;5156;4500
2026-06-08T08:11:50.0000000Z;10.0845;10.095;2200;2200
2026-06-08T08:12:21.0000000Z;10.0845;10.0955;2200;2200
2026-06-08T08:12:53.0000000Z;10.084;10.095;2200;2200
2026-06-08T08:13:03.0000000Z;10.084;10.095;5156;2200
2026-06-08T08:13:08.0000000Z;10.084;10.095;2200;2200
2026-06-08T08:13:10.0000000Z;10.084;10.095;5156;2200
2026-06-08T08:13:20.0000000Z;10.084;10.095;2200;2200
2026-06-08T08:13:26.0000000Z;10.084;10.095;5156;2200
2026-06-08T08:13:28.0000000Z;10.0845;10.095;2200;2200
2026-06-08T08:14:01.0000000Z;10.084;10.095;2200;2200
2026-06-08T08:14:03.0000000Z;10.084;10.095;5156;2200
2026-06-08T08:14:08.0000000Z;10.084;10.095;2200;2200
2026-06-08T08:14:15.0000000Z;10.084;10.095;5156;2200
2026-06-08T08:14:20.0000000Z;10.084;10.095;2200;2200
2026-06-08T08:14:26.0000000Z;10.084;10.095;5156;2200
2026-06-08T08:14:31.0000000Z;10.084;10.095;2200;2200
2026-06-08T08:14:39.0000000Z;10.084;10.095;5156;2200
2026-06-08T08:14:44.0000000Z;10.084;10.095;2200;2200
2026-06-08T08:15:05.0000000Z;10.084;10.095;5156;2200
2026-06-08T08:15:08.0000000Z;10.0845;10.095;2200;2200
2026-06-08T08:15:11.0000000Z;10.08;10.095;2200;2200
2026-06-08T08:15:13.0000000Z;10.082;10.0955;2200;2200
2026-06-08T08:15:14.0000000Z;10.0825;10.096;2200;2200
2026-06-08T08:15:15.0000000Z;10.0825;10.096;6750;2200
2026-06-08T08:15:16.0000000Z;10.084;10.096;2200;2200
2026-06-08T08:15:16.0000000Z;10.084;10.096;2200;2200
2026-06-08T08:16:16.0000000Z;10.085;10.096;2200;2200
2026-06-08T08:17:27.0000000Z;10.0855;10.0995;2200;2200
2026-06-08T08:17:28.0000000Z;10.0845;10.0975;2200;2200
2026-06-08T08:17:29.0000000Z;10.084;10.0965;2200;2200
2026-06-08T08:17:30.0000000Z;10.084;10.098;2200;2200
2026-06-08T08:17:39.0000000Z;10.084;10.098;5156;2200
2026-06-08T08:17:47.0000000Z;10.084;10.098;5156;4500
2026-06-08T08:18:00.0000000Z;10.0845;10.0975;2200;2200
2026-06-08T08:18:10.0000000Z;10.0845;10.0965;2200;2200
2026-06-08T08:18:40.0000000Z;10.0845;10.096;2200;2200
2026-06-08T08:20:19.0000000Z;10.0845;10.096;5156;2200
2026-06-08T08:20:48.0000000Z;10.085;10.096;2200;2200
2026-06-08T08:20:48.0000000Z;10.085;10.096;2200;2200
2026-06-08T08:21:58.0000000Z;10.085;10.096;2200;4500
2026-06-08T08:22:04.0000000Z;10.085;10.095;2200;2200
2026-06-08T08:22:57.0000000Z;10.084;10.095;2200;2200
2026-06-08T08:23:00.0000000Z;10.084;10.095;2200;4500
2026-06-08T08:23:02.0000000Z;10.084;10.094;2200;2200
2026-06-08T08:23:02.0000000Z;10.084;10.094;2200;2200
2026-06-08T08:27:00.0000000Z;10.085;10.094;2200;2200
2026-06-08T08:27:17.0000000Z;10.084;10.094;2200;2200
2026-06-08T08:29:21.0000000Z;10.084;10.094;5156;2200
2026-06-08T08:29:25.0000000Z;10.084;10.094;2200;2200
2026-06-08T08:30:12.0000000Z;10.084;10.094;5156;2200
2026-06-08T08:30:16.0000000Z;10.084;10.094;2200;2200
2026-06-08T08:30:21.0000000Z;10.085;10.094;2200;2200
2026-06-08T08:30:56.0000000Z;10.0845;10.094;2200;2200
2026-06-08T08:31:02.0000000Z;10.0845;10.094;5156;2200
2026-06-08T08:31:06.0000000Z;10.0845;10.094;2200;2200
2026-06-08T08:31:12.0000000Z;10.0835;10.094;2200;2200
2026-06-08T08:31:46.0000000Z;10.084;10.094;2200;2200
2026-06-08T08:32:13.0000000Z;10.0805;10.094;2200;2200
2026-06-08T08:32:14.0000000Z;10.0815;10.094;2200;2200
2026-06-08T08:32:15.0000000Z;10.0825;10.094;2200;2200
2026-06-08T08:32:16.0000000Z;10.084;10.094;2200;2200
2026-06-08T08:32:17.0000000Z;10.082;10.094;2200;2200
2026-06-08T08:32:18.0000000Z;10.084;10.094;2200;2200
2026-06-08T08:32:27.0000000Z;10.084;10.094;5156;2200
2026-06-08T08:32:51.0000000Z;10.0845;10.094;2200;2200
2026-06-08T08:32:51.0000000Z;10.0845;10.094;2200;2200
2026-06-08T08:40:08.0000000Z;10.084;10.094;2200;2200
2026-06-08T08:40:16.0000000Z;10.084;10.094;5156;2200
2026-06-08T08:40:20.0000000Z;10.084;10.094;2200;2200
2026-06-08T08:41:05.0000000Z;10.083;10.0935;2200;4500
2026-06-08T08:41:09.0000000Z;10.084;10.093;2200;2200
2026-06-08T08:41:13.0000000Z;10.083;10.093;2200;2200
2026-06-08T08:41:15.0000000Z;10.084;10.093;2200;2200
2026-06-08T08:42:39.0000000Z;10.082;10.093;2200;2200
2026-06-08T08:42:44.0000000Z;10.084;10.093;2200;2200
2026-06-08T08:42:54.0000000Z;10.0825;10.093;5157;2200
2026-06-08T08:42:59.0000000Z;10.084;10.093;2200;2200
2026-06-08T08:43:00.0000000Z;10.083;10.093;2200;2200
2026-06-08T08:43:02.0000000Z;10.084;10.093;2200;2200
2026-06-08T08:43:49.0000000Z;10.084;10.094;2200;2200
2026-06-08T08:44:29.0000000Z;10.081;10.094;2200;2200
2026-06-08T08:44:30.0000000Z;10.084;10.094;2200;2200
2026-06-08T08:44:51.0000000Z;10.083;10.094;2200;2200
2026-06-08T08:44:56.0000000Z;10.084;10.0935;2200;2200
2026-06-08T08:44:56.0000000Z;10.084;10.0935;2200;2200
2026-06-08T08:47:06.0000000Z;10.083;10.0935;2200;2200
2026-06-08T08:47:08.0000000Z;10.084;10.0935;2200;2200
2026-06-08T08:47:43.0000000Z;10.083;10.0935;2200;2200
2026-06-08T08:47:45.0000000Z;10.084;10.0935;2200;2200
2026-06-08T08:48:47.0000000Z;10.083;10.0935;2200;2200
2026-06-08T08:48:51.0000000Z;10.084;10.0935;2200;2200
2026-06-08T08:50:09.0000000Z;10.084;10.094;2200;2200
2026-06-08T08:50:09.0000000Z;10.084;10.094;2200;2200
2026-06-08T08:51:33.0000000Z;10.084;10.0935;2200;2200
2026-06-08T08:52:04.0000000Z;10.083;10.0935;2200;2200
2026-06-08T08:52:08.0000000Z;10.084;10.0935;2200;2200
2026-06-08T08:53:14.0000000Z;10.084;10.094;2200;2200
2026-06-08T08:54:11.0000000Z;10.084;10.0935;2200;2200
2026-06-08T08:54:29.0000000Z;10.083;10.0935;2200;2200
2026-06-08T08:54:32.0000000Z;10.084;10.0935;2200;2200
2026-06-08T08:55:11.0000000Z;10.083;10.0935;2200;2200
2026-06-08T08:55:22.0000000Z;10.084;10.094;2200;2200
2026-06-08T08:55:23.0000000Z;10.083;10.094;2200;2200
2026-06-08T08:55:40.0000000Z;10.084;10.094;2200;2200
2026-06-08T08:55:55.0000000Z;10.083;10.094;2200;2200
2026-06-08T08:56:05.0000000Z;10.083;10.094;5157;2200
2026-06-08T08:56:09.0000000Z;10.084;10.094;2200;2200
2026-06-08T08:56:40.0000000Z;10.0835;10.0935;2200;2200
2026-06-08T08:57:27.0000000Z;10.084;10.094;2200;2200
2026-06-08T08:57:27.0000000Z;10.084;10.094;2200;2200
2026-06-08T09:05:45.0000000Z;10.084;10.094;5156;2200
2026-06-08T09:05:46.0000000Z;10.084;10.094;2200;2200
2026-06-08T09:05:52.0000000Z;10.084;10.094;5156;2200
2026-06-08T09:05:57.0000000Z;10.084;10.094;2200;2200
2026-06-08T09:05:57.0000000Z;10.084;10.094;2200;2200
2026-06-08T09:08:44.0000000Z;10.084;10.094;5156;2200
2026-06-08T09:08:49.0000000Z;10.084;10.094;2200;2200
2026-06-08T09:08:49.0000000Z;10.084;10.094;2200;2200
2026-06-08T09:14:01.0000000Z;10.085;10.094;2200;2200
2026-06-08T09:14:01.0000000Z;10.085;10.094;2200;2200
2026-06-08T09:16:18.0000000Z;10.084;10.094;2200;2200
2026-06-08T09:16:27.0000000Z;10.085;10.094;2200;2200
2026-06-08T09:17:21.0000000Z;10.084;10.094;2200;2200
2026-06-08T09:17:29.0000000Z;10.0825;10.094;2200;2200
2026-06-08T09:17:30.0000000Z;10.084;10.094;2200;2200
2026-06-08T09:17:35.0000000Z;10.084;10.094;2200;2200
2026-06-08T09:20:19.0000000Z;10.084;10.094;4500;2200
2026-06-08T09:20:31.0000000Z;10.085;10.094;2200;2200
2026-06-08T09:20:31.0000000Z;10.085;10.094;2200;2200
2026-06-08T09:21:42.0000000Z;10.085;10.0945;2200;2200
2026-06-08T09:22:29.0000000Z;10.085;10.094;2200;2200
2026-06-08T09:22:29.0000000Z;10.085;10.094;2200;2200
2026-06-08T09:22:29.0000000Z;10.085;10.094;2200;2200
2026-06-08T09:32:50.0000000Z;10.0855;10.094;4343;2200
2026-06-08T09:33:00.0000000Z;10.0865;10.094;2200;2200
2026-06-08T09:33:04.0000000Z;10.0865;10.096;2200;2200
2026-06-08T09:33:06.0000000Z;10.0865;10.097;2200;2200
2026-06-08T09:33:13.0000000Z;10.086;10.096;2200;2200
2026-06-08T09:34:08.0000000Z;10.086;10.096;4341;2200
2026-06-08T09:34:13.0000000Z;10.086;10.096;2200;2200
2026-06-08T09:34:46.0000000Z;10.086;10.096;4341;2200
2026-06-08T09:34:50.0000000Z;10.0865;10.096;2200;2200
2026-06-08T09:35:20.0000000Z;10.086;10.096;2200;2200
2026-06-08T09:35:24.0000000Z;10.082;10.096;2200;2200
2026-06-08T09:35:25.0000000Z;10.086;10.096;2200;2200
2026-06-08T09:35:25.0000000Z;10.086;10.096;2200;2200
2026-06-08T09:36:42.0000000Z;10.0865;10.0965;2200;2200
2026-06-08T09:36:43.0000000Z;10.0865;10.0965;4584;2200
2026-06-08T09:36:47.0000000Z;10.0865;10.0965;4556;2200
2026-06-08T09:36:50.0000000Z;10.087;10.098;2200;2200
2026-06-08T09:36:54.0000000Z;10.086;10.098;2200;2200
2026-06-08T09:36:56.0000000Z;10.088;10.098;2200;2200
2026-06-08T09:36:59.0000000Z;10.086;10.098;2200;2200
2026-06-08T09:37:07.0000000Z;10.088;10.098;2200;2200
2026-06-08T09:37:14.0000000Z;10.086;10.098;2200;2200
2026-06-08T09:37:15.0000000Z;10.088;10.098;2200;2200
2026-06-08T09:37:25.0000000Z;10.088;10.0995;2200;4500
2026-06-08T09:37:26.0000000Z;10.088;10.107;2200;2200
2026-06-08T09:37:28.0000000Z;10.086;10.107;2200;2200
2026-06-08T09:37:49.0000000Z;10.086;10.1085;2200;2200
2026-06-08T09:37:58.0000000Z;10.084;10.1085;2200;2200
2026-06-08T09:38:04.0000000Z;10.084;10.106;2200;2200
2026-06-08T09:38:20.0000000Z;10.084;10.1035;2200;2200
2026-06-08T09:38:22.0000000Z;10.084;10.1025;2200;2200
2026-06-08T09:38:23.0000000Z;10.084;10.099;2200;1224
2026-06-08T09:38:24.0000000Z;10.084;10.0985;2200;2200
2026-06-08T09:38:27.0000000Z;10.0745;10.098;2200;2200
2026-06-08T09:38:29.0000000Z;10.084;10.098;2200;2200
2026-06-08T09:38:38.0000000Z;10.084;10.103;2200;2200
2026-06-08T09:38:39.0000000Z;10.084;10.104;2200;2200
2026-06-08T09:38:40.0000000Z;10.084;10.098;2200;2200
2026-06-08T09:38:44.0000000Z;10.0865;10.099;5155;2200
2026-06-08T09:38:49.0000000Z;10.088;10.104;2200;2200
2026-06-08T09:38:52.0000000Z;10.088;10.102;2200;2200
2026-06-08T09:38:53.0000000Z;10.088;10.104;2200;2200
2026-06-08T09:39:05.0000000Z;10.086;10.104;2200;2200
2026-06-08T09:39:10.0000000Z;10.0875;10.104;2200;2200
2026-06-08T09:39:13.0000000Z;10.0885;10.104;2200;2200
2026-06-08T09:39:17.0000000Z;10.09;10.104;2200;2200
2026-06-08T09:39:25.0000000Z;10.088;10.104;2200;2200
2026-06-08T09:39:27.0000000Z;10.086;10.104;2200;2200
2026-06-08T09:39:37.0000000Z;10.086;10.104;4671;2200
2026-06-08T09:39:38.0000000Z;10.0885;10.104;2200;2200
2026-06-08T09:39:41.0000000Z;10.09;10.1035;2200;2200
2026-06-08T09:39:45.0000000Z;10.088;10.104;2200;2200
2026-06-08T09:39:45.0000000Z;10.088;10.104;2200;2200
2026-06-08T09:41:22.0000000Z;10.086;10.104;2200;2200
2026-06-08T09:42:01.0000000Z;10.086;10.1005;2200;2200
2026-06-08T09:42:02.0000000Z;10.086;10.103;2200;2200
2026-06-08T09:42:03.0000000Z;10.086;10.101;2200;2200
2026-06-08T09:42:11.0000000Z;10.086;10.102;2200;2200
2026-06-08T09:43:48.0000000Z;10.086;10.102;2200;2200
2026-06-08T09:44:44.0000000Z;10.086;10.1;2200;2200
2026-06-08T09:44:44.0000000Z;10.086;10.1;2200;2200
2026-06-08T09:46:25.0000000Z;10.086;10.0995;2200;2200
2026-06-08T09:46:34.0000000Z;10.0885;10.0995;2200;2200
2026-06-08T09:48:55.0000000Z;10.0885;10.099;2200;2200
2026-06-08T09:49:25.0000000Z;10.088;10.099;2200;2200
2026-06-08T09:49:31.0000000Z;10.088;10.099;3202;2200
2026-06-08T09:49:36.0000000Z;10.088;10.099;2200;2200
2026-06-08T09:49:41.0000000Z;10.0865;10.099;2200;2200
2026-06-08T09:49:43.0000000Z;10.088;10.099;2200;2200
2026-06-08T09:49:53.0000000Z;10.086;10.099;2200;2200
2026-06-08T09:49:53.0000000Z;10.086;10.099;2200;2200
2026-06-08T09:51:26.0000000Z;10.0845;10.099;2200;2200
2026-06-08T09:51:27.0000000Z;10.0855;10.099;2200;2200
2026-06-08T09:51:31.0000000Z;10.0855;10.099;6750;2200
2026-06-08T09:51:36.0000000Z;10.0855;10.099;2200;2200
2026-06-08T09:51:43.0000000Z;10.0855;10.099;6750;2200
2026-06-08T09:51:48.0000000Z;10.0855;10.099;2200;2200
2026-06-08T09:51:55.0000000Z;10.0855;10.099;6750;2200
2026-06-08T09:51:58.0000000Z;10.086;10.099;2200;2200
2026-06-08T09:53:24.0000000Z;10.0845;10.099;2200;2200
2026-06-08T09:53:26.0000000Z;10.0855;10.099;2200;2200
2026-06-08T09:53:31.0000000Z;10.0855;10.099;6750;2200
2026-06-08T09:53:36.0000000Z;10.0855;10.099;2200;2200
2026-06-08T09:53:43.0000000Z;10.0855;10.099;6750;2200
2026-06-08T09:53:48.0000000Z;10.0855;10.099;2200;2200
2026-06-08T09:53:55.0000000Z;10.0855;10.099;6750;2200
2026-06-08T09:53:57.0000000Z;10.086;10.099;2200;2200
2026-06-08T09:54:36.0000000Z;10.0855;10.099;6750;2200
2026-06-08T09:54:37.0000000Z;10.0845;10.099;2200;2200
2026-06-08T09:54:39.0000000Z;10.0855;10.099;2200;2200
2026-06-08T09:54:43.0000000Z;10.0855;10.099;6750;2200
2026-06-08T09:54:48.0000000Z;10.0855;10.099;2200;2200
2026-06-08T09:54:55.0000000Z;10.0855;10.099;6750;2200
2026-06-08T09:55:00.0000000Z;10.0855;10.099;2200;2200
2026-06-08T09:55:07.0000000Z;10.0855;10.099;6750;2200
2026-06-08T09:55:10.0000000Z;10.086;10.099;2200;2200
2026-06-08T09:55:48.0000000Z;10.0845;10.099;2200;2200
2026-06-08T09:55:49.0000000Z;10.0855;10.099;2200;2200
2026-06-08T09:55:55.0000000Z;10.0855;10.099;6750;2200
2026-06-08T09:56:00.0000000Z;10.0855;10.099;2200;2200
2026-06-08T09:56:07.0000000Z;10.0855;10.099;6750;2200
2026-06-08T09:56:12.0000000Z;10.0855;10.099;2200;2200
2026-06-08T09:56:19.0000000Z;10.0855;10.099;6750;2200
2026-06-08T09:56:20.0000000Z;10.086;10.099;2200;2200
2026-06-08T09:57:37.0000000Z;10.084;10.099;2200;2200
2026-06-08T09:57:43.0000000Z;10.086;10.099;2200;2200
2026-06-08T10:00:17.0000000Z;10.0885;10.099;2200;2200
2026-06-08T10:00:27.0000000Z;10.0855;10.099;2200;2200
2026-06-08T10:00:28.0000000Z;10.088;10.099;3407;2200
2026-06-08T10:00:29.0000000Z;10.088;10.099;3954;2200
2026-06-08T10:00:33.0000000Z;10.088;10.099;3909;2200
2026-06-08T10:00:43.0000000Z;10.088;10.099;2200;2200
2026-06-08T10:00:44.0000000Z;10.088;10.099;3909;2200
2026-06-08T10:00:49.0000000Z;10.088;10.099;3720;2200
2026-06-08T10:00:54.0000000Z;10.088;10.099;3223;2200
2026-06-08T10:00:56.0000000Z;10.088;10.099;3746;2200
2026-06-08T10:00:58.0000000Z;10.0885;10.099;2200;2200
2026-06-08T10:00:58.0000000Z;10.0885;10.099;2200;2200
2026-06-08T10:01:47.0000000Z;10.0885;10.099;3448;2200
2026-06-08T10:02:00.0000000Z;10.0885;10.099;2200;2200
2026-06-08T10:02:03.0000000Z;10.088;10.098;2200;2200
2026-06-08T10:02:05.0000000Z;10.088;10.098;2200;4500
2026-06-08T10:02:08.0000000Z;10.0865;10.0975;2200;2200
2026-06-08T10:02:14.0000000Z;10.0865;10.0975;5155;2200
2026-06-08T10:02:17.0000000Z;10.0865;10.0975;2200;2200
2026-06-08T10:02:21.0000000Z;10.0865;10.0975;6688;2200
2026-06-08T10:02:26.0000000Z;10.0865;10.0975;2200;2200
2026-06-08T10:02:43.0000000Z;10.086;10.0975;2200;2200
2026-06-08T10:03:12.0000000Z;10.0845;10.098;2200;2200
2026-06-08T10:03:19.0000000Z;10.086;10.098;2200;2200
2026-06-08T10:03:19.0000000Z;10.086;10.098;2200;2200
2026-06-08T10:06:48.0000000Z;10.085;10.098;2200;2200
2026-06-08T10:06:51.0000000Z;10.086;10.098;2200;2200
2026-06-08T10:09:50.0000000Z;10.0845;10.098;2200;2200
2026-06-08T10:09:51.0000000Z;10.0855;10.098;2200;2200
2026-06-08T10:09:55.0000000Z;10.0855;10.098;6750;2200
2026-06-08T10:10:00.0000000Z;10.0855;10.098;2200;2200
2026-06-08T10:10:07.0000000Z;10.0855;10.098;6750;2200
2026-06-08T10:10:12.0000000Z;10.0855;10.098;2200;2200
2026-06-08T10:10:20.0000000Z;10.0855;10.098;6750;2200
2026-06-08T10:10:22.0000000Z;10.086;10.098;2200;2200
2026-06-08T10:10:22.0000000Z;10.086;10.098;2200;2200
2026-06-08T10:11:37.0000000Z;10.0845;10.098;2200;2200
2026-06-08T10:11:38.0000000Z;10.0855;10.098;2200;2200
2026-06-08T10:11:43.0000000Z;10.0855;10.098;6750;2200
2026-06-08T10:11:49.0000000Z;10.0855;10.098;2200;2200
2026-06-08T10:11:55.0000000Z;10.0855;10.098;6750;2200
2026-06-08T10:12:00.0000000Z;10.0855;10.098;2200;2200
2026-06-08T10:12:07.0000000Z;10.0855;10.098;6750;2200
2026-06-08T10:12:09.0000000Z;10.086;10.098;2200;2200
2026-06-08T10:12:37.0000000Z;10.085;10.098;2200;2200
2026-06-08T10:12:38.0000000Z;10.086;10.098;2200;2200
2026-06-08T10:13:30.0000000Z;10.086;10.098;48;48
2026-06-08T10:13:32.0000000Z;10.086;10.099;3;3
2026-06-08T10:13:33.0000000Z;10.086;10.098;2200;2200
2026-06-08T10:13:34.0000000Z;10.086;10.1;2200;2200
2026-06-08T10:13:36.0000000Z;10.086;10.098;2200;2200
2026-06-08T10:13:38.0000000Z;10.086;10.1;2200;2200
2026-06-08T10:13:38.0000000Z;10.086;10.1;2200;2200
2026-06-08T10:16:24.0000000Z;10.085;10.1;2200;2200
2026-06-08T10:16:25.0000000Z;10.086;10.1;2200;2200
2026-06-08T10:17:28.0000000Z;10.086;10.0995;2200;2200
2026-06-08T10:19:01.0000000Z;10.085;10.0995;2200;2200
2026-06-08T10:19:07.0000000Z;10.086;10.1;2200;2200
2026-06-08T10:19:07.0000000Z;10.086;10.1;2200;2200
2026-06-08T10:23:48.0000000Z;10.0895;10.1;2200;2200
2026-06-08T10:23:48.0000000Z;10.0895;10.1;2200;2200
2026-06-08T10:26:59.0000000Z;10.0895;10.1;3689;2200
2026-06-08T10:27:29.0000000Z;10.09;10.1;2200;2200
2026-06-08T10:27:29.0000000Z;10.09;10.1;2200;2200
2026-06-08T10:34:13.0000000Z;10.091;10.1;4500;2200
2026-06-08T10:34:14.0000000Z;10.091;10.1045;4500;2200
2026-06-08T10:34:17.0000000Z;10.093;10.1055;4500;2200
2026-06-08T10:34:25.0000000Z;10.094;10.1055;2200;2200
2026-06-08T10:34:28.0000000Z;10.094;10.107;2200;2200
2026-06-08T10:34:30.0000000Z;10.0945;10.1055;2200;2200
2026-06-08T10:34:33.0000000Z;10.094;10.1095;2200;2200
2026-06-08T10:34:35.0000000Z;10.094;10.108;3041;2200
2026-06-08T10:34:37.0000000Z;10.094;10.109;3041;2200
2026-06-08T10:34:41.0000000Z;10.0945;10.1205;2200;2200
2026-06-08T10:34:42.0000000Z;10.0945;10.1205;4691;2200
2026-06-08T10:34:43.0000000Z;10.096;10.1205;2200;2200
2026-06-08T10:35:14.0000000Z;10.096;10.12;2200;2200
2026-06-08T10:35:53.0000000Z;10.096;10.12;2200;3027
2026-06-08T10:35:54.0000000Z;10.094;10.1185;2200;1787
2026-06-08T10:35:55.0000000Z;10.094;10.118;2200;2200
2026-06-08T10:36:04.0000000Z;10.092;10.1165;2200;2019
2026-06-08T10:36:05.0000000Z;10.092;10.114;2200;2680
2026-06-08T10:36:06.0000000Z;10.092;10.1135;2200;2200
2026-06-08T10:36:21.0000000Z;10.092;10.113;5152;4422
2026-06-08T10:36:22.0000000Z;10.092;10.1125;5152;2200
2026-06-08T10:36:26.0000000Z;10.092;10.1125;2200;2200
2026-06-08T10:36:43.0000000Z;10.092;10.111;2200;2200
2026-06-08T10:36:44.0000000Z;10.092;10.109;2200;2200
2026-06-08T10:36:53.0000000Z;10.092;10.108;2200;2200
2026-06-08T10:36:54.0000000Z;10.092;10.108;4269;2200
2026-06-08T10:36:59.0000000Z;10.092;10.108;2200;2200
2026-06-08T10:37:06.0000000Z;10.093;10.108;2200;2200
2026-06-08T10:37:10.0000000Z;10.094;10.108;2200;2200
2026-06-08T10:37:41.0000000Z;10.094;10.1075;2200;2200
2026-06-08T10:38:06.0000000Z;10.092;10.1075;2200;2200
2026-06-08T10:38:07.0000000Z;10.092;10.1075;4121;2200
2026-06-08T10:38:12.0000000Z;10.092;10.1075;2200;2200
2026-06-08T10:38:23.0000000Z;10.092;10.1075;4121;2200
2026-06-08T10:38:25.0000000Z;10.0925;10.1035;2200;2200
2026-06-08T10:38:57.0000000Z;10.092;10.1035;2200;2200
2026-06-08T10:39:10.0000000Z;10.092;10.1085;2200;2200
2026-06-08T10:39:11.0000000Z;10.0935;10.1105;4626;2200
2026-06-08T10:39:12.0000000Z;10.092;10.1085;2200;2200
2026-06-08T10:39:42.0000000Z;10.092;10.108;2200;2200
2026-06-08T10:40:34.0000000Z;10.092;10.108;4348;2200
2026-06-08T10:40:42.0000000Z;10.0925;10.108;2200;2200
2026-06-08T10:40:42.0000000Z;10.0925;10.108;2200;2200
2026-06-08T10:41:14.0000000Z;10.0925;10.1045;2200;2200
2026-06-08T10:41:48.0000000Z;10.0925;10.104;2200;2200
2026-06-08T10:42:08.0000000Z;10.0925;10.104;3330;2200
2026-06-08T10:42:13.0000000Z;10.0925;10.104;4804;2200
2026-06-08T10:42:38.0000000Z;10.093;10.104;2200;2200
2026-06-08T10:43:34.0000000Z;10.0925;10.104;2200;2200
2026-06-08T10:43:49.0000000Z;10.0925;10.104;4949;2200
2026-06-08T10:44:12.0000000Z;10.0925;10.104;5152;2200
2026-06-08T10:44:19.0000000Z;10.093;10.104;2200;2200
2026-06-08T10:45:06.0000000Z;10.093;10.104;4500;2200
2026-06-08T10:45:12.0000000Z;10.094;10.104;2200;2200
2026-06-08T10:45:12.0000000Z;10.094;10.104;2200;2200
2026-06-08T10:46:44.0000000Z;10.0925;10.104;2200;2200
2026-06-08T10:48:04.0000000Z;10.0935;10.104;2200;2200
2026-06-08T10:48:38.0000000Z;10.094;10.104;2200;2200
2026-06-08T10:49:22.0000000Z;10.092;10.104;2200;2200
2026-06-08T10:49:39.0000000Z;10.0905;10.104;2200;2200
2026-06-08T10:49:41.0000000Z;10.0915;10.104;2200;2200
2026-06-08T10:49:42.0000000Z;10.09;10.104;2200;2200
2026-06-08T10:49:45.0000000Z;10.091;10.104;4507;2200
2026-06-08T10:49:47.0000000Z;10.092;10.104;2200;2200
2026-06-08T10:49:47.0000000Z;10.092;10.104;2200;2200
2026-06-08T10:51:09.0000000Z;10.092;10.104;3564;2200
2026-06-08T10:51:25.0000000Z;10.0925;10.104;2200;2200
2026-06-08T10:52:22.0000000Z;10.093;10.104;2969;2200
2026-06-08T10:52:23.0000000Z;10.0935;10.104;2200;2200
2026-06-08T10:52:59.0000000Z;10.094;10.104;2200;2200
2026-06-08T10:52:59.0000000Z;10.094;10.104;2200;2200
2026-06-08T10:52:59.0000000Z;10.094;10.104;2200;2200
2026-06-08T11:04:14.0000000Z;10.092;10.104;2200;2200
2026-06-08T11:04:14.0000000Z;10.092;10.104;2200;2200
2026-06-08T11:09:30.0000000Z;10.0905;10.106;4500;4426
2026-06-08T11:10:47.0000000Z;10.0905;10.106;4500;4426
2026-06-08T11:10:47.0000000Z;10.0905;10.106;4500;4426
2026-06-08T11:12:58.0000000Z;10.0855;10.1155;2200;2200
2026-06-08T11:12:59.0000000Z;10.0865;10.115;2200;2200
2026-06-08T11:13:04.0000000Z;10.0865;10.115;2200;2200
2026-06-08T11:13:06.0000000Z;10.0845;10.1155;2200;2200
2026-06-08T11:13:09.0000000Z;10.0845;10.1175;2200;2200
2026-06-08T11:13:12.0000000Z;10.0845;10.1155;1990;1972
2026-06-08T11:13:44.0000000Z;10.0845;10.1155;1989;1972
2026-06-08T11:13:54.0000000Z;10.0845;10.1155;1989;1973
2026-06-08T11:14:09.0000000Z;10.0845;10.1155;1988;1973
2026-06-08T11:14:47.0000000Z;10.0845;10.1155;2200;2200
2026-06-08T11:14:59.0000000Z;10.0845;10.1175;2200;2200
2026-06-08T11:15:01.0000000Z;10.0855;10.118;6873;2200
2026-06-08T11:15:04.0000000Z;10.0855;10.118;2200;2200
2026-06-08T11:15:06.0000000Z;10.086;10.116;1987;1972
2026-06-08T11:15:08.0000000Z;10.084;10.1165;5156;2200
2026-06-08T11:15:12.0000000Z;10.084;10.1165;2200;2200
2026-06-08T11:15:14.0000000Z;10.084;10.116;1987;1973
2026-06-08T11:15:17.0000000Z;10.084;10.116;1987;1972
2026-06-08T11:15:19.0000000Z;10.084;10.116;1987;1973
2026-06-08T11:15:22.0000000Z;10.084;10.116;1988;1974
2026-06-08T11:15:25.0000000Z;10.084;10.116;1988;1972
2026-06-08T11:15:31.0000000Z;10.084;10.116;1987;1972
2026-06-08T11:15:33.0000000Z;10.084;10.116;1988;1972
2026-06-08T11:15:34.0000000Z;10.084;10.116;1987;1972
2026-06-08T11:15:41.0000000Z;10.084;10.116;1988;1972
2026-06-08T11:15:50.0000000Z;10.084;10.116;1988;1973
2026-06-08T11:15:51.0000000Z;10.084;10.116;1988;1975
2026-06-08T11:15:54.0000000Z;10.084;10.116;1988;1974
2026-06-08T11:15:58.0000000Z;10.084;10.116;1988;1973
2026-06-08T11:15:59.0000000Z;10.084;10.116;1986;1974
2026-06-08T11:16:00.0000000Z;10.0845;10.116;1988;1974
2026-06-08T11:16:04.0000000Z;10.084;10.116;1987;1974
2026-06-08T11:16:07.0000000Z;10.084;10.116;1988;1974
2026-06-08T11:16:10.0000000Z;10.084;10.116;1987;1974
2026-06-08T11:16:11.0000000Z;10.084;10.116;2200;2200
2026-06-08T11:16:12.0000000Z;10.084;10.116;1988;1974
2026-06-08T11:16:15.0000000Z;10.084;10.116;1987;1974
2026-06-08T11:16:16.0000000Z;10.084;10.116;2200;2200
2026-06-08T11:16:17.0000000Z;10.084;10.116;1988;1974
2026-06-08T11:16:19.0000000Z;10.084;10.116;1987;1974
2026-06-08T11:16:20.0000000Z;10.084;10.116;1988;1974
2026-06-08T11:16:38.0000000Z;10.084;10.1175;2200;2200
2026-06-08T11:17:01.0000000Z;10.0855;10.1165;6873;2200
2026-06-08T11:17:04.0000000Z;10.086;10.118;2200;2200
2026-06-08T11:18:25.0000000Z;10.086;10.1165;2200;2200
2026-06-08T11:18:26.0000000Z;10.086;10.1175;2200;2200
2026-06-08T11:18:28.0000000Z;10.086;10.116;2200;2200
2026-06-08T11:18:46.0000000Z;10.089;10.12;2200;2200
2026-06-08T11:18:47.0000000Z;10.093;10.122;2200;2200
2026-06-08T11:18:48.0000000Z;10.093;10.122;4500;2200
2026-06-08T11:18:49.0000000Z;10.0945;10.116;2200;2200
2026-06-08T11:18:50.0000000Z;10.0945;10.116;2200;4500
2026-06-08T11:19:05.0000000Z;10.0945;10.1155;2200;2200
2026-06-08T11:19:36.0000000Z;10.094;10.1155;2200;2200
2026-06-08T11:19:54.0000000Z;10.0885;10.1155;2200;2200
2026-06-08T11:19:58.0000000Z;10.094;10.1155;2200;2200
2026-06-08T11:20:33.0000000Z;10.092;10.1155;2200;2200
2026-06-08T11:20:33.0000000Z;10.092;10.1155;2200;2200
2026-06-08T11:23:28.0000000Z;10.092;10.1145;2200;2200
2026-06-08T11:23:30.0000000Z;10.092;10.114;2200;4500
2026-06-08T11:23:31.0000000Z;10.092;10.1135;2200;2200
2026-06-08T11:23:31.0000000Z;10.092;10.1135;2200;2200
2026-06-08T11:23:31.0000000Z;10.092;10.1135;2200;2200
2026-06-08T11:31:09.0000000Z;10.092;10.1135;2200;6750
2026-06-08T11:31:39.0000000Z;10.092;10.113;2200;2200
2026-06-08T11:32:19.0000000Z;10.093;10.113;2200;2200
2026-06-08T11:32:21.0000000Z;10.094;10.113;2200;2200
2026-06-08T11:33:25.0000000Z;10.094;10.114;2200;2200
2026-06-08T11:33:26.0000000Z;10.094;10.1095;2200;2200
2026-06-08T11:33:34.0000000Z;10.0925;10.1095;2200;2200
2026-06-08T11:33:37.0000000Z;10.094;10.1095;2200;2200
2026-06-08T11:33:49.0000000Z;10.093;10.1095;2200;2200
2026-06-08T11:33:53.0000000Z;10.094;10.1095;2200;2200
2026-06-08T11:33:55.0000000Z;10.093;10.1095;2200;2200
2026-06-08T11:35:15.0000000Z;10.094;10.1095;2200;2200
2026-06-08T11:35:23.0000000Z;10.093;10.1095;2200;2200
2026-06-08T11:35:25.0000000Z;10.092;10.1095;2200;2200
2026-06-08T11:35:28.0000000Z;10.094;10.1095;2200;2200
2026-06-08T11:35:30.0000000Z;10.093;10.1095;2200;2200
2026-06-08T11:35:34.0000000Z;10.092;10.1095;2200;2200
2026-06-08T11:35:36.0000000Z;10.0925;10.1095;2200;2200
2026-06-08T11:35:41.0000000Z;10.094;10.1095;2200;2200
2026-06-08T11:35:50.0000000Z;10.092;10.1095;2200;2200
2026-06-08T11:35:55.0000000Z;10.0935;10.1095;2200;2200
2026-06-08T11:36:00.0000000Z;10.0925;10.1095;2200;2200
2026-06-08T11:36:10.0000000Z;10.094;10.1095;2200;2200
2026-06-08T11:36:30.0000000Z;10.093;10.1095;2200;2200
2026-06-08T11:36:35.0000000Z;10.094;10.1095;2200;2200
2026-06-08T11:37:07.0000000Z;10.092;10.1095;2200;2200
2026-06-08T11:37:10.0000000Z;10.094;10.1095;2200;2200
2026-06-08T11:37:12.0000000Z;10.093;10.1095;2200;2200
2026-06-08T11:37:18.0000000Z;10.094;10.1095;2200;2200
2026-06-08T11:37:22.0000000Z;10.093;10.1095;2200;2200
2026-06-08T11:37:27.0000000Z;10.094;10.1095;2200;2200
2026-06-08T11:37:29.0000000Z;10.093;10.1095;2200;2200
2026-06-08T11:37:32.0000000Z;10.092;10.1095;2200;2200
2026-06-08T11:37:37.0000000Z;10.094;10.1095;2200;2200
2026-06-08T11:37:40.0000000Z;10.093;10.1095;2200;2200
2026-06-08T11:37:45.0000000Z;10.094;10.1095;2200;2200
2026-06-08T11:37:49.0000000Z;10.093;10.1095;2200;2200
2026-06-08T11:37:57.0000000Z;10.094;10.1095;2200;2200
2026-06-08T11:38:00.0000000Z;10.093;10.1095;2200;2200
2026-06-08T11:38:12.0000000Z;10.094;10.1095;2200;2200
2026-06-08T11:38:18.0000000Z;10.091;10.1095;2200;2200
2026-06-08T11:38:23.0000000Z;10.094;10.109;2200;2200
2026-06-08T11:38:28.0000000Z;10.093;10.1095;2200;2200
2026-06-08T11:38:29.0000000Z;10.092;10.1095;2200;2200
2026-06-08T11:38:34.0000000Z;10.094;10.1095;2200;2200
2026-06-08T11:38:35.0000000Z;10.092;10.1095;2200;2200
2026-06-08T11:38:40.0000000Z;10.094;10.1095;2200;2200
2026-06-08T11:38:47.0000000Z;10.093;10.1095;2200;2200
2026-06-08T11:38:49.0000000Z;10.092;10.1095;2200;2200
2026-06-08T11:38:52.0000000Z;10.094;10.1095;2200;2200
2026-06-08T11:38:56.0000000Z;10.093;10.1095;2200;2200
2026-06-08T11:38:57.0000000Z;10.092;10.1095;2200;2200
2026-06-08T11:38:59.0000000Z;10.091;10.1095;2200;2200
2026-06-08T11:39:02.0000000Z;10.094;10.109;2200;2200
2026-06-08T11:39:08.0000000Z;10.093;10.1095;2200;2200
2026-06-08T11:39:13.0000000Z;10.094;10.109;2200;2200
2026-06-08T11:39:23.0000000Z;10.091;10.1095;2200;2200
2026-06-08T11:39:28.0000000Z;10.094;10.109;2200;2200
2026-06-08T11:39:59.0000000Z;10.094;10.1095;2200;2200
2026-06-08T11:40:27.0000000Z;10.0955;10.1095;2200;2200
2026-06-08T11:40:28.0000000Z;10.098;10.1095;4500;2200
2026-06-08T11:40:33.0000000Z;10.0985;10.1095;2200;2200
2026-06-08T11:40:46.0000000Z;10.0985;10.1095;5149;2200
2026-06-08T11:41:01.0000000Z;10.099;10.1095;2200;2200
2026-06-08T11:41:13.0000000Z;10.099;10.1105;2200;2200
2026-06-08T11:41:25.0000000Z;10.099;10.1095;2200;2200
2026-06-08T11:41:30.0000000Z;10.099;10.1105;2200;2200
2026-06-08T11:41:35.0000000Z;10.099;10.1125;2200;2200
2026-06-08T11:41:40.0000000Z;10.099;10.111;2200;2200
2026-06-08T11:41:42.0000000Z;10.099;10.1095;2200;2200
2026-06-08T11:44:17.0000000Z;10.098;10.1095;2200;2200
2026-06-08T11:44:17.0000000Z;10.098;10.1095;2200;2200
2026-06-08T11:48:47.0000000Z;10.098;10.108;2200;2200
2026-06-08T11:48:47.0000000Z;10.098;10.108;2200;2200
2026-06-08T11:55:22.0000000Z;10.098;10.108;5149;2200
2026-06-08T11:55:23.0000000Z;10.0985;10.115;2200;2200
2026-06-08T11:55:24.0000000Z;10.0985;10.113;2200;2200
2026-06-08T11:55:28.0000000Z;10.0985;10.1095;2200;2200
2026-06-08T11:55:28.0000000Z;10.0985;10.1095;2200;2200
2026-06-08T12:00:30.0000000Z;10.0985;10.109;2200;2200
