2026-06-08T07:54:57.0000000Z;10.1035;10.1085;1100;1100
2026-06-08T07:57:54.0000000Z;10.1035;10.109;1100;1100
2026-06-08T07:58:07.0000000Z;10.1035;10.109;1100;6750
2026-06-08T07:58:37.0000000Z;10.1035;10.1085;1100;1100
2026-06-08T08:00:12.0000000Z;10.1035;10.1085;1100;4500
2026-06-08T08:00:41.0000000Z;10.1035;10.108;1100;1100
2026-06-08T08:00:41.0000000Z;10.1035;10.108;1100;1100
2026-06-08T08:03:08.0000000Z;10.1035;10.108;1100;6750
2026-06-08T08:03:09.0000000Z;10.1035;10.108;1100;1100
2026-06-08T08:03:41.0000000Z;10.1035;10.108;1100;6750
2026-06-08T08:03:42.0000000Z;10.1035;10.108;1100;1100
2026-06-08T08:03:42.0000000Z;10.1035;10.108;1100;1100
2026-06-08T08:09:03.0000000Z;10.1035;10.108;1100;6750
2026-06-08T08:09:04.0000000Z;10.1035;10.108;1100;1100
2026-06-08T08:10:26.0000000Z;10.1035;10.108;1100;6750
2026-06-08T08:10:50.0000000Z;10.1035;10.108;1100;1100
2026-06-08T08:10:57.0000000Z;10.1035;10.108;1100;6750
2026-06-08T08:11:13.0000000Z;10.1035;10.108;1100;1100
2026-06-08T08:11:15.0000000Z;10.1035;10.108;1100;6750
2026-06-08T08:11:27.0000000Z;10.1035;10.1075;1100;1100
2026-06-08T08:12:11.0000000Z;10.1035;10.108;1100;1100
2026-06-08T08:12:58.0000000Z;10.1035;10.108;1100;6750
2026-06-08T08:13:00.0000000Z;10.1035;10.108;1100;1100
2026-06-08T08:13:09.0000000Z;10.1035;10.108;1100;6750
2026-06-08T08:13:10.0000000Z;10.1035;10.108;1100;1100
2026-06-08T08:13:53.0000000Z;10.1035;10.108;1100;6750
2026-06-08T08:14:19.0000000Z;10.1035;10.1075;1100;1100
2026-06-08T08:15:42.0000000Z;10.1025;10.1075;1100;1100
2026-06-08T08:15:42.0000000Z;10.1025;10.1075;1100;1100
2026-06-08T08:16:58.0000000Z;10.1025;10.1075;1100;4500
2026-06-08T08:17:25.0000000Z;10.1025;10.107;1100;1100
2026-06-08T08:17:25.0000000Z;10.1025;10.107;1100;1100
2026-06-08T08:22:54.0000000Z;10.1025;10.107;1100;6750
2026-06-08T08:23:00.0000000Z;10.1015;10.1065;1100;1100
2026-06-08T08:23:00.0000000Z;10.1015;10.1065;1100;1100
2026-06-08T08:23:00.0000000Z;10.1015;10.1065;1100;1100
2026-06-08T08:34:02.0000000Z;10.1015;10.107;1100;1100
2026-06-08T08:34:04.0000000Z;10.1015;10.107;1100;6750
2026-06-08T08:34:08.0000000Z;10.1015;10.107;1100;1100
2026-06-08T08:34:16.0000000Z;10.1015;10.107;1100;6750
2026-06-08T08:34:34.0000000Z;10.1015;10.1065;1100;1100
2026-06-08T08:34:34.0000000Z;10.1015;10.1065;1100;1100
2026-06-08T08:39:06.0000000Z;10.1015;10.1065;1100;4500
2026-06-08T08:39:36.0000000Z;10.1015;10.106;1100;1100
2026-06-08T08:40:52.0000000Z;10.1015;10.106;1100;6750
2026-06-08T08:40:52.0000000Z;10.1015;10.106;1100;6750
2026-06-08T08:41:21.0000000Z;10.1015;10.1055;1100;1100
2026-06-08T08:43:42.0000000Z;10.1015;10.106;1100;1100
2026-06-08T08:43:42.0000000Z;10.1015;10.106;1100;1100
2026-06-08T08:47:41.0000000Z;10.1015;10.106;1100;6750
2026-06-08T08:47:44.0000000Z;10.1015;10.106;1100;1100
2026-06-08T08:47:46.0000000Z;10.1015;10.106;1100;6750
2026-06-08T08:47:50.0000000Z;10.1015;10.106;1100;1100
2026-06-08T08:47:50.0000000Z;10.1015;10.106;1100;1100
2026-06-08T08:52:58.0000000Z;10.101;10.106;4500;1100
2026-06-08T08:52:59.0000000Z;10.098;10.106;1100;1100
2026-06-08T08:54:53.0000000Z;10.099;10.106;1100;1100
2026-06-08T08:54:53.0000000Z;10.099;10.106;1100;1100
2026-06-08T08:54:53.0000000Z;10.099;10.106;1100;1100
2026-06-08T08:54:53.0000000Z;10.099;10.106;1100;1100
2026-06-08T09:06:43.0000000Z;10.099;10.106;1525;1100
2026-06-08T09:07:33.0000000Z;10.099;10.106;1100;1100
2026-06-08T09:07:33.0000000Z;10.099;10.106;1100;1100
2026-06-08T09:13:31.0000000Z;10.1;10.106;4500;1100
2026-06-08T09:13:32.0000000Z;10.1005;10.106;1100;1100
2026-06-08T09:13:58.0000000Z;10.1015;10.106;1100;1100
2026-06-08T09:13:58.0000000Z;10.1015;10.106;1100;1100
2026-06-08T09:21:05.0000000Z;10.1015;10.1065;1100;4500
2026-06-08T09:21:06.0000000Z;10.1015;10.107;1100;1100
2026-06-08T09:21:22.0000000Z;10.1015;10.107;4500;1100
2026-06-08T09:21:35.0000000Z;10.102;10.1075;1100;1100
2026-06-08T09:22:14.0000000Z;10.102;10.1075;1100;4500
2026-06-08T09:22:24.0000000Z;10.102;10.1065;1100;1100
2026-06-08T09:23:05.0000000Z;10.102;10.107;1100;1100
2026-06-08T09:24:13.0000000Z;10.102;10.107;1100;6750
2026-06-08T09:24:19.0000000Z;10.102;10.107;1100;1100
2026-06-08T09:24:20.0000000Z;10.102;10.107;1100;6750
2026-06-08T09:24:43.0000000Z;10.102;10.1065;1100;1100
2026-06-08T09:26:17.0000000Z;10.102;10.107;1100;1100
2026-06-08T09:26:22.0000000Z;10.102;10.107;1100;6750
2026-06-08T09:26:52.0000000Z;10.102;10.1065;1100;1100
2026-06-08T09:27:23.0000000Z;10.102;10.1075;1100;1100
2026-06-08T09:28:33.0000000Z;10.102;10.1075;1100;4500
2026-06-08T09:29:02.0000000Z;10.102;10.107;1100;1100
2026-06-08T09:29:10.0000000Z;10.102;10.107;1100;6750
2026-06-08T09:29:40.0000000Z;10.102;10.1065;1100;1100
2026-06-08T09:30:18.0000000Z;10.102;10.107;1100;1100
2026-06-08T09:30:18.0000000Z;10.102;10.107;1100;1100
2026-06-08T09:34:55.0000000Z;10.102;10.107;1100;6750
2026-06-08T09:35:05.0000000Z;10.102;10.107;1100;1100
2026-06-08T09:35:13.0000000Z;10.102;10.107;1100;6750
2026-06-08T09:35:16.0000000Z;10.102;10.107;1100;1100
2026-06-08T09:35:21.0000000Z;10.102;10.107;1100;6750
2026-06-08T09:35:25.0000000Z;10.102;10.1065;1100;1100
2026-06-08T09:35:25.0000000Z;10.102;10.1065;1100;1100
2026-06-08T09:36:46.0000000Z;10.1025;10.1075;1100;4500
2026-06-08T09:36:48.0000000Z;10.1025;10.1075;4500;1100
2026-06-08T09:36:51.0000000Z;10.103;10.1085;1100;1100
2026-06-08T09:37:19.0000000Z;10.103;10.109;1100;1100
2026-06-08T09:37:21.0000000Z;10.099;10.109;1100;1100
2026-06-08T09:37:25.0000000Z;10.099;10.1095;991;4500
2026-06-08T09:37:26.0000000Z;10.099;10.1185;991;988
2026-06-08T09:37:27.0000000Z;10.1;10.1265;1100;1100
2026-06-08T09:37:28.0000000Z;10.099;10.1255;1100;1100
2026-06-08T09:37:29.0000000Z;10.099;10.121;1100;1717
2026-06-08T09:37:30.0000000Z;10.099;10.1175;1100;1100
2026-06-08T09:37:31.0000000Z;10.099;10.1145;1100;4292
2026-06-08T09:37:41.0000000Z;10.099;10.1125;1100;1100
2026-06-08T09:37:42.0000000Z;10.099;10.1125;1100;4292
2026-06-08T09:38:11.0000000Z;10.099;10.112;1100;1100
2026-06-08T09:38:12.0000000Z;10.1;10.1105;1100;1100
2026-06-08T09:38:23.0000000Z;10.1;10.1105;4500;4500
2026-06-08T09:38:52.0000000Z;10.1015;10.1085;1100;1100
2026-06-08T09:39:02.0000000Z;10.1015;10.1085;6750;1100
2026-06-08T09:39:05.0000000Z;10.1015;10.1085;1100;1100
2026-06-08T09:39:07.0000000Z;10.1015;10.1085;6750;1100
2026-06-08T09:39:31.0000000Z;10.102;10.1085;1100;1100
2026-06-08T09:40:05.0000000Z;10.102;10.1085;4500;1100
2026-06-08T09:40:35.0000000Z;10.1025;10.1085;1100;1100
2026-06-08T09:40:35.0000000Z;10.1025;10.1085;1100;1100
2026-06-08T09:41:15.0000000Z;10.101;10.1105;1100;1100
2026-06-08T09:41:49.0000000Z;10.101;10.1095;1100;1100
2026-06-08T09:42:18.0000000Z;10.102;10.1095;1100;1100
2026-06-08T09:42:55.0000000Z;10.102;10.111;1100;1100
2026-06-08T09:43:38.0000000Z;10.103;10.111;1100;1100
2026-06-08T09:43:46.0000000Z;10.103;10.111;4500;1100
2026-06-08T09:43:50.0000000Z;10.1035;10.1095;1100;1100
2026-06-08T09:44:06.0000000Z;10.1035;10.1095;1100;6750
2026-06-08T09:44:25.0000000Z;10.1035;10.109;1100;1100
2026-06-08T09:45:54.0000000Z;10.1035;10.1095;1100;1100
2026-06-08T09:45:54.0000000Z;10.1035;10.1095;1100;1100
2026-06-08T09:46:27.0000000Z;10.1035;10.1095;1100;6750
2026-06-08T09:46:56.0000000Z;10.1035;10.1095;1100;1100
2026-06-08T09:47:01.0000000Z;10.1035;10.1095;1100;6750
2026-06-08T09:47:02.0000000Z;10.1035;10.1095;1100;1100
2026-06-08T09:47:03.0000000Z;10.1035;10.1095;1100;6750
2026-06-08T09:47:31.0000000Z;10.1035;10.109;1100;1100
2026-06-08T09:48:57.0000000Z;10.1035;10.1095;1100;1100
2026-06-08T09:48:57.0000000Z;10.1035;10.1095;1100;1100
2026-06-08T09:52:34.0000000Z;10.1035;10.1095;1100;6750
2026-06-08T09:53:01.0000000Z;10.1035;10.1095;1100;1100
2026-06-08T09:53:03.0000000Z;10.1035;10.1095;1100;6750
2026-06-08T09:53:04.0000000Z;10.1035;10.109;1100;1100
2026-06-08T09:53:35.0000000Z;10.1035;10.1095;1100;1100
2026-06-08T09:54:44.0000000Z;10.1035;10.1095;1100;6750
2026-06-08T09:54:45.0000000Z;10.1035;10.1095;1100;1100
2026-06-08T09:54:47.0000000Z;10.1035;10.1095;1100;6750
2026-06-08T09:54:53.0000000Z;10.1035;10.1095;1100;1100
2026-06-08T09:54:59.0000000Z;10.1035;10.1095;1100;6750
2026-06-08T09:55:01.0000000Z;10.1035;10.1095;1100;1100
2026-06-08T09:55:01.0000000Z;10.1035;10.1095;1100;1100
2026-06-08T09:56:49.0000000Z;10.1035;10.1095;1100;6750
2026-06-08T09:57:19.0000000Z;10.1035;10.109;1100;1100
2026-06-08T09:57:59.0000000Z;10.1035;10.109;1100;4500
2026-06-08T09:58:29.0000000Z;10.1035;10.1085;1100;1100
2026-06-08T09:58:29.0000000Z;10.1035;10.1085;1100;1100
2026-06-08T10:02:08.0000000Z;10.1035;10.1075;1100;1100
2026-06-08T10:02:14.0000000Z;10.1015;10.1075;1100;1100
2026-06-08T10:02:26.0000000Z;10.102;10.1075;4500;1100
2026-06-08T10:02:27.0000000Z;10.1025;10.1075;1100;1100
2026-06-08T10:03:00.0000000Z;10.1025;10.1085;1100;1100
2026-06-08T10:05:32.0000000Z;10.1035;10.109;1100;1100
2026-06-08T10:05:32.0000000Z;10.1035;10.109;1100;1100
2026-06-08T10:05:32.0000000Z;10.1035;10.109;1100;1100
2026-06-08T10:05:32.0000000Z;10.1035;10.109;1100;1100
2026-06-08T10:16:38.0000000Z;10.1035;10.109;1100;6750
2026-06-08T10:16:58.0000000Z;10.1035;10.108;1100;1100
2026-06-08T10:16:58.0000000Z;10.1035;10.108;1100;1100
2026-06-08T10:16:58.0000000Z;10.1035;10.108;1100;1100
2026-06-08T10:16:58.0000000Z;10.1035;10.108;1100;1100
2026-06-08T10:34:12.0000000Z;10.1035;10.11;1100;1100
2026-06-08T10:34:15.0000000Z;10.1045;10.11;1100;1100
2026-06-08T10:34:17.0000000Z;10.106;10.11;4500;1100
2026-06-08T10:34:19.0000000Z;10.1065;10.1115;1100;1100
2026-06-08T10:34:29.0000000Z;10.0985;10.14;993;987
2026-06-08T10:34:31.0000000Z;10.0735;10.139;993;987
2026-06-08T10:34:32.0000000Z;10.0755;10.137;1717;1717
2026-06-08T10:34:34.0000000Z;10.0775;10.135;993;987
2026-06-08T10:34:36.0000000Z;10.081;10.132;1717;1717
2026-06-08T10:34:39.0000000Z;10.085;10.128;1717;1717
2026-06-08T10:34:41.0000000Z;10.089;10.124;1717;1717
2026-06-08T10:34:42.0000000Z;10.092;10.1185;1100;1100
2026-06-08T10:34:44.0000000Z;10.0945;10.118;1100;1100
2026-06-08T10:34:45.0000000Z;10.0985;10.118;1100;1100
2026-06-08T10:34:46.0000000Z;10.0985;10.118;4292;1100
2026-06-08T10:34:54.0000000Z;10.099;10.118;2575;1100
2026-06-08T10:34:56.0000000Z;10.0995;10.119;1100;1100
2026-06-08T10:35:00.0000000Z;10.0995;10.119;1100;1100
2026-06-08T10:35:02.0000000Z;10.0975;10.119;1100;1100
2026-06-08T10:35:04.0000000Z;10.0975;10.1175;1100;4292
2026-06-08T10:35:28.0000000Z;10.0975;10.117;1100;1100
2026-06-08T10:35:29.0000000Z;10.0975;10.123;1100;1100
2026-06-08T10:35:30.0000000Z;10.0975;10.119;1100;2575
2026-06-08T10:35:32.0000000Z;10.0975;10.117;1100;2575
2026-06-08T10:35:33.0000000Z;10.0975;10.1165;1100;1100
2026-06-08T10:35:39.0000000Z;10.0975;10.124;1100;1100
2026-06-08T10:35:42.0000000Z;10.0975;10.1175;1100;4292
2026-06-08T10:35:42.0000000Z;10.0975;10.1175;1100;4292
2026-06-08T10:36:13.0000000Z;10.0975;10.117;1100;1100
2026-06-08T10:36:37.0000000Z;10.0975;10.119;1100;1100
2026-06-08T10:36:43.0000000Z;10.0975;10.1165;1100;1100
2026-06-08T10:36:44.0000000Z;10.0975;10.1155;1100;6750
2026-06-08T10:37:10.0000000Z;10.0995;10.115;1100;1100
2026-06-08T10:38:21.0000000Z;10.1005;10.115;1100;1100
2026-06-08T10:38:24.0000000Z;10.1005;10.112;1100;1100
2026-06-08T10:38:25.0000000Z;10.1005;10.1105;1100;1100
2026-06-08T10:38:28.0000000Z;10.103;10.1105;1100;1100
2026-06-08T10:38:33.0000000Z;10.104;10.1105;1100;1100
2026-06-08T10:39:04.0000000Z;10.1005;10.1105;1100;1100
2026-06-08T10:39:10.0000000Z;10.1005;10.115;1100;2575
2026-06-08T10:39:41.0000000Z;10.1005;10.1145;1100;1100
2026-06-08T10:41:14.0000000Z;10.1005;10.1115;1100;4500
2026-06-08T10:41:18.0000000Z;10.1005;10.1115;4500;4500
2026-06-08T10:41:19.0000000Z;10.1025;10.111;4500;1100
2026-06-08T10:41:20.0000000Z;10.1035;10.111;1100;1100
2026-06-08T10:41:21.0000000Z;10.1035;10.111;4500;1100
2026-06-08T10:41:51.0000000Z;10.104;10.111;1100;1100
2026-06-08T10:41:51.0000000Z;10.104;10.111;1100;1100
2026-06-08T10:46:29.0000000Z;10.104;10.11;1100;1100
2026-06-08T10:46:29.0000000Z;10.104;10.11;1100;1100
2026-06-08T10:46:29.0000000Z;10.104;10.11;1100;1100
2026-06-08T11:00:46.0000000Z;10.104;10.109;1100;1100
2026-06-08T11:00:46.0000000Z;10.104;10.109;1100;1100
2026-06-08T11:00:46.0000000Z;10.104;10.109;1100;1100
2026-06-08T11:09:30.0000000Z;10.1035;10.1095;4500;4500
2026-06-08T11:10:50.0000000Z;10.1035;10.1095;4500;4500
2026-06-08T11:10:50.0000000Z;10.1035;10.1095;4500;4500
2026-06-08T11:12:49.0000000Z;10.103;10.1135;1100;1100
2026-06-08T11:14:34.0000000Z;10.103;10.115;1100;1100
2026-06-08T11:14:35.0000000Z;10.103;10.121;1100;5150
2026-06-08T11:14:36.0000000Z;10.103;10.1155;1100;1100
2026-06-08T11:14:45.0000000Z;10.104;10.1145;1100;1100
2026-06-08T11:15:07.0000000Z;10.104;10.1145;2575;1100
2026-06-08T11:15:10.0000000Z;10.1045;10.119;1100;1100
2026-06-08T11:15:15.0000000Z;10.1045;10.1185;1100;4292
2026-06-08T11:15:16.0000000Z;10.0955;10.118;1100;1100
2026-06-08T11:15:18.0000000Z;10.1025;10.118;4292;1100
2026-06-08T11:15:28.0000000Z;10.096;10.118;34231;1100
2026-06-08T11:15:31.0000000Z;10.1;10.118;1100;1100
2026-06-08T11:15:32.0000000Z;10.101;10.118;1100;1100
2026-06-08T11:15:33.0000000Z;10.101;10.118;2575;1100
2026-06-08T11:15:36.0000000Z;10.101;10.118;1100;1100
2026-06-08T11:15:38.0000000Z;10.096;10.118;34231;1100
2026-06-08T11:15:43.0000000Z;10.103;10.118;1100;1100
2026-06-08T11:15:44.0000000Z;10.103;10.118;2575;1100
2026-06-08T11:15:48.0000000Z;10.103;10.118;1100;1100
2026-06-08T11:15:49.0000000Z;10.1025;10.118;1100;1100
2026-06-08T11:15:51.0000000Z;10.1025;10.118;2575;1100
2026-06-08T11:15:55.0000000Z;10.1025;10.118;4292;1100
2026-06-08T11:15:56.0000000Z;10.1025;10.118;1100;1100
2026-06-08T11:15:57.0000000Z;10.102;10.118;1717;1100
2026-06-08T11:15:58.0000000Z;10.1025;10.118;4292;1100
2026-06-08T11:15:59.0000000Z;10.103;10.118;1100;1100
2026-06-08T11:16:04.0000000Z;10.098;10.118;177528;1100
2026-06-08T11:16:07.0000000Z;10.101;10.118;1100;1100
2026-06-08T11:16:08.0000000Z;10.101;10.118;2575;1100
2026-06-08T11:16:14.0000000Z;10.1015;10.116;1100;1100
2026-06-08T11:16:21.0000000Z;10.1015;10.1345;991;987
2026-06-08T11:16:22.0000000Z;10.1025;10.129;1100;1100
2026-06-08T11:16:23.0000000Z;10.1015;10.128;1100;1100
2026-06-08T11:16:24.0000000Z;10.1015;10.124;1100;2575
2026-06-08T11:16:25.0000000Z;10.1015;10.118;1100;2575
2026-06-08T11:16:39.0000000Z;10.1015;10.1155;1100;1100
2026-06-08T11:16:44.0000000Z;10.1015;10.1165;1100;1100
2026-06-08T11:16:45.0000000Z;10.1015;10.118;1100;1100
2026-06-08T11:16:46.0000000Z;10.1015;10.118;1100;2575
2026-06-08T11:17:06.0000000Z;10.1015;10.116;1100;1100
2026-06-08T11:17:07.0000000Z;10.1015;10.116;1100;2575
2026-06-08T11:17:11.0000000Z;10.1015;10.116;1100;1100
2026-06-08T11:17:12.0000000Z;10.1015;10.116;1100;2575
2026-06-08T11:17:17.0000000Z;10.1015;10.1185;1100;1100
2026-06-08T11:17:18.0000000Z;10.1015;10.1165;1100;1100
2026-06-08T11:17:19.0000000Z;10.1015;10.1165;1100;2575
2026-06-08T11:17:24.0000000Z;10.0975;10.1215;34231;34231
2026-06-08T11:17:25.0000000Z;10.1;10.1185;1717;2575
2026-06-08T11:17:26.0000000Z;10.1025;10.118;4292;1100
2026-06-08T11:17:28.0000000Z;10.1025;10.118;2575;1100
2026-06-08T11:17:30.0000000Z;10.1025;10.118;4292;1100
2026-06-08T11:17:33.0000000Z;10.1025;10.118;4292;2575
2026-06-08T11:17:37.0000000Z;10.101;10.1175;1100;1100
2026-06-08T11:17:43.0000000Z;10.1025;10.118;1100;1100
2026-06-08T11:17:44.0000000Z;10.1025;10.118;4292;1100
2026-06-08T11:17:47.0000000Z;10.1025;10.118;2575;1100
2026-06-08T11:17:49.0000000Z;10.101;10.118;1100;1100
2026-06-08T11:17:53.0000000Z;10.1025;10.118;1100;1100
2026-06-08T11:17:54.0000000Z;10.1025;10.118;4292;1100
2026-06-08T11:17:59.0000000Z;10.1025;10.118;1100;1100
2026-06-08T11:18:00.0000000Z;10.1015;10.1175;1100;1100
2026-06-08T11:18:01.0000000Z;10.1025;10.1175;1100;1100
2026-06-08T11:18:02.0000000Z;10.1035;10.1175;1100;1100
2026-06-08T11:18:07.0000000Z;10.1015;10.1175;1100;1100
2026-06-08T11:18:10.0000000Z;10.1015;10.1185;1100;1100
2026-06-08T11:18:11.0000000Z;10.1015;10.1185;1100;4292
2026-06-08T11:18:17.0000000Z;10.1015;10.1185;1100;1100
2026-06-08T11:18:20.0000000Z;10.103;10.119;2575;1100
2026-06-08T11:18:21.0000000Z;10.103;10.1185;2575;4292
2026-06-08T11:18:22.0000000Z;10.1035;10.118;1100;1100
2026-06-08T11:18:27.0000000Z;10.1035;10.119;1100;1100
2026-06-08T11:18:32.0000000Z;10.1035;10.118;1100;1100
2026-06-08T11:18:39.0000000Z;10.1025;10.1185;1100;4292
2026-06-08T11:18:40.0000000Z;10.1025;10.118;1100;1100
2026-06-08T11:18:43.0000000Z;10.1015;10.118;1100;1100
2026-06-08T11:18:44.0000000Z;10.103;10.118;2575;1100
2026-06-08T11:18:45.0000000Z;10.1035;10.1185;1100;1100
2026-06-08T11:18:46.0000000Z;10.1055;10.118;1100;1100
2026-06-08T11:18:47.0000000Z;10.107;10.118;1100;1100
2026-06-08T11:18:49.0000000Z;10.107;10.117;1100;1100
2026-06-08T11:18:50.0000000Z;10.107;10.1145;1100;1100
2026-06-08T11:19:06.0000000Z;10.1035;10.1185;1100;1100
2026-06-08T11:19:09.0000000Z;10.1035;10.1175;1100;1100
2026-06-08T11:19:20.0000000Z;10.1035;10.116;1100;2575
2026-06-08T11:19:27.0000000Z;10.1035;10.118;1100;1100
2026-06-08T11:20:48.0000000Z;10.1055;10.117;990;990
2026-06-08T11:20:49.0000000Z;10.106;10.1165;1100;1100
2026-06-08T11:20:49.0000000Z;10.106;10.1165;1100;1100
2026-06-08T11:23:21.0000000Z;10.105;10.1165;1100;1100
2026-06-08T11:23:51.0000000Z;10.105;10.1155;1100;1100
2026-06-08T11:23:51.0000000Z;10.105;10.1155;1100;1100
2026-06-08T11:23:51.0000000Z;10.105;10.1155;1100;1100
2026-06-08T11:32:16.0000000Z;10.105;10.116;990;990
2026-06-08T11:32:17.0000000Z;10.1055;10.132;1100;1100
2026-06-08T11:32:18.0000000Z;10.105;10.131;1100;1100
2026-06-08T11:32:19.0000000Z;10.105;10.13;1100;1100
2026-06-08T11:32:20.0000000Z;10.105;10.1305;1100;25755
2026-06-08T11:32:22.0000000Z;10.1055;10.117;1100;1100
2026-06-08T11:32:52.0000000Z;10.106;10.1165;1100;1100
2026-06-08T11:32:52.0000000Z;10.106;10.1165;1100;1100
2026-06-08T11:40:26.0000000Z;10.107;10.1155;4500;4500
2026-06-08T11:40:27.0000000Z;10.1085;10.114;1100;1100
2026-06-08T11:40:27.0000000Z;10.1085;10.114;1100;1100
2026-06-08T11:41:31.0000000Z;10.1095;10.114;1100;1100
2026-06-08T11:41:31.0000000Z;10.1095;10.114;1100;1100
2026-06-08T11:46:55.0000000Z;10.1095;10.114;1100;6750
2026-06-08T11:46:59.0000000Z;10.1095;10.114;1100;1100
2026-06-08T11:47:05.0000000Z;10.1095;10.114;1100;6750
2026-06-08T11:47:19.0000000Z;10.1095;10.114;1100;1100
2026-06-08T11:47:21.0000000Z;10.1095;10.114;1100;6750
2026-06-08T11:47:25.0000000Z;10.1095;10.1135;1100;1100
2026-06-08T11:47:28.0000000Z;10.108;10.1135;1100;1100
2026-06-08T11:47:29.0000000Z;10.108;10.1135;4500;1100
2026-06-08T11:47:59.0000000Z;10.1085;10.1135;1100;1100
2026-06-08T11:48:39.0000000Z;10.1085;10.1135;1100;4500
2026-06-08T11:49:09.0000000Z;10.1085;10.113;1100;1100
2026-06-08T11:49:09.0000000Z;10.1085;10.113;1100;1100
2026-06-08T11:49:09.0000000Z;10.1085;10.113;1100;1100
2026-06-08T11:49:09.0000000Z;10.1085;10.113;1100;1100
2026-06-08T12:06:07.0000000Z;10.1085;10.113;1100;6750
2026-06-08T12:06:09.0000000Z;10.1085;10.113;1100;1100
2026-06-08T12:06:54.0000000Z;10.1085;10.113;1100;6750
2026-06-08T12:06:57.0000000Z;10.1085;10.113;1100;1100
2026-06-08T12:07:06.0000000Z;10.1085;10.113;1100;6750
2026-06-08T12:07:09.0000000Z;10.1085;10.113;1100;1100
2026-06-08T12:07:13.0000000Z;10.1085;10.113;1100;6750
2026-06-08T12:07:19.0000000Z;10.1085;10.113;1100;1100
2026-06-08T12:07:19.0000000Z;10.1085;10.113;1100;1100
2026-06-08T12:11:17.0000000Z;10.1085;10.113;1100;6750
2026-06-08T12:11:18.0000000Z;10.108;10.1125;4500;1100
2026-06-08T12:11:19.0000000Z;10.1065;10.1125;1100;1100
2026-06-08T12:11:28.0000000Z;10.1075;10.1125;1100;1100
2026-06-08T12:12:23.0000000Z;10.1075;10.113;1100;1100
2026-06-08T12:12:56.0000000Z;10.1075;10.113;1100;6750
2026-06-08T12:12:58.0000000Z;10.1075;10.113;1100;1100
2026-06-08T12:13:56.0000000Z;10.1075;10.113;1100;6750
2026-06-08T12:14:24.0000000Z;10.1075;10.1125;1100;1100
2026-06-08T12:15:49.0000000Z;10.1075;10.1125;1100;4500
2026-06-08T12:15:49.0000000Z;10.1075;10.1125;1100;4500
2026-06-08T12:16:19.0000000Z;10.1075;10.112;1100;1100
2026-06-08T12:21:06.0000000Z;10.1075;10.113;1100;1100
2026-06-08T12:22:58.0000000Z;10.1085;10.113;1100;1100
2026-06-08T12:22:58.0000000Z;10.1085;10.113;1100;1100
2026-06-08T12:29:00.0000000Z;10.108;10.1135;4500;4500
2026-06-08T12:29:00.0000000Z;10.108;10.1135;4500;4500
2026-06-08T12:35:00.0000000Z;10.1085;10.113;1100;1100
2026-06-08T12:35:00.0000000Z;10.1085;10.113;1100;1100
2026-06-08T12:40:00.0000000Z;10.1085;10.1125;1100;4500
2026-06-08T12:40:01.0000000Z;10.1065;10.112;1100;1100
2026-06-08T12:40:03.0000000Z;10.1075;10.112;1100;1100
2026-06-08T12:40:03.0000000Z;10.1075;10.112;1100;1100
2026-06-08T12:42:34.0000000Z;10.1075;10.1125;1100;4500
2026-06-08T12:42:35.0000000Z;10.1085;10.1125;1100;4500
2026-06-08T12:42:36.0000000Z;10.1085;10.1135;1100;1100
2026-06-08T12:42:37.0000000Z;10.1085;10.115;1100;1100
2026-06-08T12:42:41.0000000Z;10.1085;10.114;1100;6750
2026-06-08T12:42:44.0000000Z;10.1085;10.114;1100;1100
2026-06-08T12:42:44.0000000Z;10.1085;10.114;1100;1100
2026-06-08T12:47:04.0000000Z;10.1085;10.113;1100;1100
2026-06-08T12:50:58.0000000Z;10.108;10.113;4500;1100
2026-06-08T12:51:00.0000000Z;10.105;10.113;1100;1100
2026-06-08T12:51:27.0000000Z;10.1055;10.113;4500;1100
2026-06-08T12:51:28.0000000Z;10.106;10.113;1100;1100
2026-06-08T12:53:09.0000000Z;10.106;10.112;1100;1100
2026-06-08T12:53:09.0000000Z;10.106;10.112;1100;1100
2026-06-08T13:00:22.0000000Z;10.106;10.1145;1100;1100
2026-06-08T13:00:23.0000000Z;10.106;10.1135;1100;1100
2026-06-08T13:01:07.0000000Z;10.106;10.1125;1100;1100
2026-06-08T13:01:07.0000000Z;10.106;10.1125;1100;1100
2026-06-08T13:10:22.0000000Z;10.106;10.1125;1100;6750
2026-06-08T13:10:32.0000000Z;10.106;10.112;1100;1100
2026-06-08T13:10:32.0000000Z;10.106;10.112;1100;1100
2026-06-08T13:11:37.0000000Z;10.106;10.1125;1100;1100
2026-06-08T13:11:37.0000000Z;10.106;10.1125;1100;1100
2026-06-08T13:20:37.0000000Z;10.106;10.114;1100;1100
2026-06-08T13:20:40.0000000Z;10.106;10.114;1100;4500
2026-06-08T13:20:40.0000000Z;10.106;10.114;1100;4500
2026-06-08T13:21:09.0000000Z;10.106;10.1135;1100;1100
2026-06-08T13:21:27.0000000Z;10.107;10.1135;1100;1100
2026-06-08T13:22:05.0000000Z;10.107;10.1145;1100;1100
2026-06-08T13:23:38.0000000Z;10.107;10.1145;1100;6750
2026-06-08T13:23:41.0000000Z;10.107;10.1145;1100;1100
2026-06-08T13:23:41.0000000Z;10.107;10.1145;1100;1100
2026-06-08T13:27:27.0000000Z;10.1055;10.1145;1100;1100
2026-06-08T13:27:28.0000000Z;10.1055;10.117;1100;1100
2026-06-08T13:28:01.0000000Z;10.105;10.1175;990;990
2026-06-08T13:28:10.0000000Z;10.106;10.1175;990;990
2026-06-08T13:28:10.0000000Z;10.106;10.1175;990;990
2026-06-08T13:32:02.0000000Z;10.1065;10.117;1100;1100
2026-06-08T13:32:02.0000000Z;10.1065;10.117;1100;1100
2026-06-08T13:32:02.0000000Z;10.1065;10.117;1100;1100
2026-06-08T13:43:06.0000000Z;10.1055;10.117;1100;1100
2026-06-08T13:43:20.0000000Z;10.1055;10.1165;1100;990
2026-06-08T13:43:21.0000000Z;10.1055;10.116;1100;1100
2026-06-08T13:43:30.0000000Z;10.1055;10.116;1100;4060
2026-06-08T13:43:36.0000000Z;10.1055;10.116;1100;1100
2026-06-08T13:44:16.0000000Z;10.1055;10.116;1100;4060
2026-06-08T13:44:47.0000000Z;10.1055;10.1155;1100;1100
2026-06-08T13:44:47.0000000Z;10.1055;10.1155;1100;1100
2026-06-08T13:44:47.0000000Z;10.1055;10.1155;1100;1100
2026-06-08T13:44:47.0000000Z;10.1055;10.1155;1100;1100
2026-06-08T13:56:21.0000000Z;10.1055;10.116;1100;4114
2026-06-08T13:58:20.0000000Z;10.1055;10.116;1100;4060
2026-06-08T13:58:50.0000000Z;10.1055;10.1155;1100;1100
2026-06-08T13:58:50.0000000Z;10.1055;10.1155;1100;1100
2026-06-08T14:03:07.0000000Z;10.1045;10.115;1100;1100
2026-06-08T14:03:07.0000000Z;10.1045;10.115;1100;1100
2026-06-08T14:03:07.0000000Z;10.1045;10.115;1100;1100
2026-06-08T14:11:21.0000000Z;10.1045;10.1145;1100;990
2026-06-08T14:11:22.0000000Z;10.1035;10.114;1100;1100
2026-06-08T14:11:22.0000000Z;10.1035;10.114;1100;1100
2026-06-08T14:19:52.0000000Z;10.1035;10.114;1100;4060
2026-06-08T14:20:22.0000000Z;10.1035;10.1135;1100;1100
2026-06-08T14:20:22.0000000Z;10.1035;10.1135;1100;1100
2026-06-08T14:24:09.0000000Z;10.1025;10.1135;1100;1100
2026-06-08T14:25:22.0000000Z;10.1025;10.113;1100;1100
2026-06-08T14:25:22.0000000Z;10.1025;10.113;1100;1100
2026-06-08T14:25:22.0000000Z;10.1025;10.113;1100;1100
2026-06-08T14:25:22.0000000Z;10.1025;10.113;1100;1100
2026-06-08T14:36:31.0000000Z;10.1015;10.113;1100;1100
2026-06-08T14:37:26.0000000Z;10.1015;10.113;1100;4060
2026-06-08T14:37:30.0000000Z;10.1015;10.112;1100;1100
2026-06-08T14:37:43.0000000Z;10.1015;10.112;1100;4060
2026-06-08T14:37:46.0000000Z;10.1015;10.112;1100;1100
2026-06-08T14:38:03.0000000Z;10.1015;10.112;1100;4060
2026-06-08T14:38:11.0000000Z;10.1015;10.1115;1100;1100
2026-06-08T14:38:43.0000000Z;10.1015;10.112;1100;1100
2026-06-08T14:39:11.0000000Z;10.1015;10.112;1100;4060
2026-06-08T14:39:41.0000000Z;10.1015;10.1115;1100;1100
2026-06-08T14:39:41.0000000Z;10.1015;10.1115;1100;1100
2026-06-08T14:45:22.0000000Z;10.1015;10.113;1100;1100
2026-06-08T14:45:35.0000000Z;10.1015;10.1125;1100;4292
2026-06-08T14:45:36.0000000Z;10.1015;10.112;1100;1100
2026-06-08T14:45:37.0000000Z;10.102;10.112;990;1100
2026-06-08T14:45:38.0000000Z;10.1025;10.112;1100;1100
2026-06-08T14:45:41.0000000Z;10.1025;10.113;1100;1100
2026-06-08T14:45:41.0000000Z;10.1025;10.113;1100;1100
2026-06-08T14:48:37.0000000Z;10.1015;10.113;1100;1100
2026-06-08T14:49:14.0000000Z;10.1015;10.112;1100;2575
2026-06-08T14:49:19.0000000Z;10.1015;10.112;1100;1100
2026-06-08T14:49:20.0000000Z;10.1015;10.112;1100;4060
2026-06-08T14:49:44.0000000Z;10.1015;10.1115;1100;1100
2026-06-08T14:49:44.0000000Z;10.1015;10.1115;1100;1100
2026-06-08T14:51:30.0000000Z;10.1015;10.112;1100;1100
2026-06-08T14:52:16.0000000Z;10.1015;10.113;1100;1100
2026-06-08T14:53:04.0000000Z;10.1025;10.113;1100;1100
