2026-06-08T07:55:10.0000000Z;9.1038;9.1416;2747;2735
2026-06-08T07:56:07.0000000Z;9.1056;9.1416;2746;2735
2026-06-08T07:56:38.0000000Z;9.1058;9.1418;2746;2735
2026-06-08T07:58:18.0000000Z;9.1078;9.1436;2745;2735
2026-06-08T07:58:19.0000000Z;9.108;9.1456;2745;2734
2026-06-08T07:58:19.0000000Z;9.108;9.1456;2745;2734
2026-06-08T08:04:05.0000000Z;9.108;9.1438;2745;2735
2026-06-08T08:04:06.0000000Z;9.106;9.1436;2746;2735
2026-06-08T08:04:40.0000000Z;9.106;9.1438;2746;2735
2026-06-08T08:04:40.0000000Z;9.106;9.1438;2746;2735
2026-06-08T08:06:58.0000000Z;9.106;9.1436;2746;2735
2026-06-08T08:09:44.0000000Z;9.1038;9.1414;2747;2735
2026-06-08T08:10:01.0000000Z;9.1044;9.1408;2746;2735
2026-06-08T08:10:19.0000000Z;9.1062;9.1408;2746;2735
2026-06-08T08:10:22.0000000Z;9.1064;9.1428;2746;2735
2026-06-08T08:10:58.0000000Z;9.1064;9.143;2746;2735
2026-06-08T08:10:58.0000000Z;9.1064;9.143;2746;2735
2026-06-08T08:12:43.0000000Z;9.0834;9.1428;2753;2735
2026-06-08T08:12:44.0000000Z;9.1042;9.141;2746;2735
2026-06-08T08:13:14.0000000Z;9.1044;9.1408;2746;2735
2026-06-08T08:14:18.0000000Z;9.1062;9.1408;2746;2735
2026-06-08T08:14:49.0000000Z;9.1064;9.141;2746;2735
2026-06-08T08:14:49.0000000Z;9.1064;9.141;2746;2735
2026-06-08T08:20:20.0000000Z;9.1082;9.1428;2745;2735
2026-06-08T08:20:51.0000000Z;9.1084;9.143;2745;2735
2026-06-08T08:20:51.0000000Z;9.1084;9.143;2745;2735
2026-06-08T08:22:37.0000000Z;9.1064;9.1428;2746;2735
2026-06-08T08:25:14.0000000Z;9.1088;9.1452;2745;2734
2026-06-08T08:25:14.0000000Z;9.1088;9.1452;2745;2734
2026-06-08T08:26:23.0000000Z;9.1068;9.1432;2746;2735
2026-06-08T08:30:20.0000000Z;9.1046;9.141;2746;2735
2026-06-08T08:30:20.0000000Z;9.1046;9.141;2746;2735
2026-06-08T08:35:00.0000000Z;9.1064;9.141;2746;2735
2026-06-08T08:35:01.0000000Z;9.1066;9.143;2746;2735
2026-06-08T08:35:54.0000000Z;9.1046;9.141;2746;2735
2026-06-08T08:35:54.0000000Z;9.1046;9.141;2746;2735
2026-06-08T08:39:50.0000000Z;9.1066;9.143;2746;2735
2026-06-08T08:39:50.0000000Z;9.1066;9.143;2746;2735
2026-06-08T08:44:59.0000000Z;9.1066;9.1412;2746;2735
2026-06-08T08:45:00.0000000Z;9.1046;9.141;2746;2735
2026-06-08T08:45:00.0000000Z;9.1046;9.141;2746;2735
2026-06-08T08:46:36.0000000Z;9.1064;9.141;2746;2735
2026-06-08T08:47:07.0000000Z;9.1066;9.1412;2746;2735
2026-06-08T08:47:29.0000000Z;9.1066;9.143;2746;2735
2026-06-08T08:48:01.0000000Z;9.1066;9.1432;2746;2735
2026-06-08T08:50:36.0000000Z;9.1066;9.143;2746;2735
2026-06-08T08:50:36.0000000Z;9.1066;9.143;2746;2735
2026-06-08T08:52:56.0000000Z;9.1084;9.143;2745;2735
2026-06-08T08:53:26.0000000Z;9.1086;9.1432;2745;2735
2026-06-08T08:55:56.0000000Z;9.1086;9.145;2745;2734
2026-06-08T08:55:56.0000000Z;9.1086;9.145;2745;2734
2026-06-08T08:56:23.0000000Z;9.1104;9.145;2745;2734
2026-06-08T08:56:24.0000000Z;9.1106;9.147;2745;2734
2026-06-08T08:56:59.0000000Z;9.0876;9.147;2752;2734
2026-06-08T08:57:00.0000000Z;9.1084;9.147;2745;2734
2026-06-08T08:57:26.0000000Z;9.1104;9.147;2745;2734
2026-06-08T08:57:57.0000000Z;9.1106;9.147;2745;2734
2026-06-08T08:58:23.0000000Z;9.1086;9.145;2745;2734
2026-06-08T08:59:44.0000000Z;9.1104;9.145;2745;2734
2026-06-08T08:59:46.0000000Z;9.1106;9.147;2745;2734
2026-06-08T09:00:08.0000000Z;9.0686;9.189;2757;2721
2026-06-08T09:00:14.0000000Z;9.1104;9.1472;2745;2734
2026-06-08T09:00:45.0000000Z;9.1106;9.147;2745;2734
2026-06-08T09:00:45.0000000Z;9.1106;9.147;2745;2734
2026-06-08T09:01:32.0000000Z;9.1106;9.1452;2745;2734
2026-06-08T09:01:33.0000000Z;9.1086;9.145;2745;2734
2026-06-08T09:01:53.0000000Z;9.1104;9.145;2745;2734
2026-06-08T09:01:55.0000000Z;9.1106;9.147;2745;2734
2026-06-08T09:02:26.0000000Z;9.1126;9.149;2744;2733
2026-06-08T09:03:00.0000000Z;9.1106;9.147;2745;2734
2026-06-08T09:05:13.0000000Z;9.1124;9.147;2744;2734
2026-06-08T09:05:14.0000000Z;9.1126;9.149;2744;2733
2026-06-08T09:05:14.0000000Z;9.1126;9.149;2744;2733
2026-06-08T09:06:30.0000000Z;9.1126;9.1472;2744;2734
2026-06-08T09:06:34.0000000Z;9.1104;9.147;2745;2734
2026-06-08T09:09:21.0000000Z;9.1122;9.1472;2744;2734
2026-06-08T09:09:51.0000000Z;9.1124;9.1472;2744;2734
2026-06-08T09:09:51.0000000Z;9.1124;9.1472;2744;2734
2026-06-08T09:11:10.0000000Z;9.1124;9.147;2744;2734
2026-06-08T09:11:11.0000000Z;9.1124;9.149;2744;2733
2026-06-08T09:11:11.0000000Z;9.1124;9.149;2744;2733
2026-06-08T09:18:27.0000000Z;9.1142;9.149;2743;2733
2026-06-08T09:18:30.0000000Z;9.1144;9.151;2743;2732
2026-06-08T09:18:30.0000000Z;9.1144;9.151;2743;2732
2026-06-08T09:22:20.0000000Z;9.1162;9.151;2743;2732
2026-06-08T09:22:25.0000000Z;9.1164;9.153;2743;2732
2026-06-08T09:22:25.0000000Z;9.1164;9.153;2743;2732
2026-06-08T09:28:05.0000000Z;9.1182;9.153;2742;2732
2026-06-08T09:28:15.0000000Z;9.1184;9.155;2742;2731
2026-06-08T09:30:53.0000000Z;9.1184;9.1532;2742;2732
2026-06-08T09:31:11.0000000Z;9.1164;9.153;2743;2732
2026-06-08T09:31:56.0000000Z;9.1182;9.153;2742;2732
2026-06-08T09:31:57.0000000Z;9.1184;9.155;2742;2731
2026-06-08T09:32:51.0000000Z;9.1172;9.155;2743;2731
2026-06-08T09:32:52.0000000Z;9.096;9.155;2749;2731
2026-06-08T09:32:54.0000000Z;9.116;9.1532;2743;2732
2026-06-08T09:33:24.0000000Z;9.1162;9.153;2743;2732
2026-06-08T09:33:35.0000000Z;9.118;9.153;2742;2732
2026-06-08T09:34:05.0000000Z;9.1182;9.155;2742;2731
2026-06-08T09:34:29.0000000Z;9.1208;9.1572;2741;2731
2026-06-08T09:35:05.0000000Z;9.1188;9.1552;2742;2731
2026-06-08T09:35:05.0000000Z;9.1188;9.1552;2742;2731
2026-06-08T09:36:42.0000000Z;9.1174;9.1552;2743;2731
2026-06-08T09:36:43.0000000Z;9.032;9.1552;2768;2731
2026-06-08T09:36:45.0000000Z;9.1142;9.151;2743;2732
2026-06-08T09:36:47.0000000Z;9.1142;9.1568;2743;2731
2026-06-08T09:36:48.0000000Z;9.1144;9.1736;2743;2726
2026-06-08T09:36:52.0000000Z;9.1162;9.159;2743;2730
2026-06-08T09:36:55.0000000Z;9.1164;9.153;2743;2732
2026-06-08T09:36:57.0000000Z;9.1182;9.155;2742;2731
2026-06-08T09:37:13.0000000Z;9.032;9.1552;2768;2731
2026-06-08T09:37:14.0000000Z;9.1138;9.1506;2744;2733
2026-06-08T09:37:23.0000000Z;9.1124;9.1506;2744;2733
2026-06-08T09:37:24.0000000Z;9.114;9.1484;2744;2733
2026-06-08T09:37:25.0000000Z;9.1118;9.1482;2744;2733
2026-06-08T09:37:36.0000000Z;9.1094;9.1464;2745;2734
2026-06-08T09:37:37.0000000Z;9.1094;9.221;2745;2712
2026-06-08T09:37:38.0000000Z;9.1098;9.2956;2745;2690
2026-06-08T09:37:39.0000000Z;9.117;9.1542;2743;2731
2026-06-08T09:37:54.0000000Z;9.1172;9.168;2743;2727
2026-06-08T09:37:55.0000000Z;9.1174;9.2024;2743;2717
2026-06-08T09:37:57.0000000Z;9.1242;9.168;2740;2727
2026-06-08T09:37:59.0000000Z;9.1242;9.1608;2740;2730
2026-06-08T09:38:04.0000000Z;9.1016;9.1608;2747;2730
2026-06-08T09:38:05.0000000Z;9.121;9.158;2741;2730
2026-06-08T09:38:18.0000000Z;9.1212;9.156;2741;2731
2026-06-08T09:38:27.0000000Z;9.1192;9.1558;2742;2731
2026-06-08T09:38:34.0000000Z;9.1172;9.1558;2743;2731
2026-06-08T09:38:35.0000000Z;9.1172;9.1538;2743;2732
2026-06-08T09:38:50.0000000Z;9.1172;9.1564;2743;2731
2026-06-08T09:38:51.0000000Z;9.1172;9.1792;2743;2724
2026-06-08T09:38:52.0000000Z;9.1192;9.156;2742;2731
2026-06-08T09:39:12.0000000Z;9.1174;9.1538;2743;2732
2026-06-08T09:40:29.0000000Z;9.0432;9.1538;2765;2732
2026-06-08T09:40:30.0000000Z;8.969;9.1538;2788;2732
2026-06-08T09:40:34.0000000Z;9.1152;9.152;2743;2732
2026-06-08T09:40:46.0000000Z;9.1174;9.1542;2743;2731
2026-06-08T09:41:10.0000000Z;9.1196;9.1562;2742;2731
2026-06-08T09:41:40.0000000Z;9.1196;9.156;2742;2731
2026-06-08T09:42:32.0000000Z;9.1176;9.154;2742;2732
2026-06-08T09:42:58.0000000Z;9.1152;9.154;2743;2732
2026-06-08T09:42:59.0000000Z;9.1156;9.152;2743;2732
2026-06-08T09:43:35.0000000Z;9.1176;9.154;2742;2732
2026-06-08T09:44:08.0000000Z;9.1194;9.154;2742;2732
2026-06-08T09:44:09.0000000Z;9.1196;9.156;2742;2731
2026-06-08T09:44:09.0000000Z;9.1196;9.156;2742;2731
2026-06-08T09:47:52.0000000Z;9.1176;9.154;2742;2732
2026-06-08T09:47:52.0000000Z;9.1176;9.154;2742;2732
2026-06-08T09:54:04.0000000Z;9.1156;9.152;2743;2732
2026-06-08T09:54:36.0000000Z;9.1176;9.154;2742;2732
2026-06-08T09:55:17.0000000Z;9.1156;9.1522;2743;2732
2026-06-08T09:55:47.0000000Z;9.1156;9.152;2743;2732
2026-06-08T09:55:47.0000000Z;9.1156;9.152;2743;2732
2026-06-08T10:00:16.0000000Z;9.1174;9.152;2743;2732
2026-06-08T10:00:18.0000000Z;9.1176;9.154;2742;2732
2026-06-08T10:00:56.0000000Z;9.1176;9.1522;2742;2732
2026-06-08T10:00:56.0000000Z;9.1176;9.1522;2742;2732
2026-06-08T10:01:26.0000000Z;9.1174;9.152;2743;2732
2026-06-08T10:02:00.0000000Z;9.1156;9.152;2743;2732
2026-06-08T10:02:06.0000000Z;9.1176;9.1522;2742;2732
2026-06-08T10:02:13.0000000Z;9.1142;9.1522;2743;2732
2026-06-08T10:02:15.0000000Z;9.0932;9.152;2750;2732
2026-06-08T10:02:21.0000000Z;9.1154;9.152;2743;2732
2026-06-08T10:02:22.0000000Z;9.0932;9.152;2750;2732
2026-06-08T10:02:23.0000000Z;9.1134;9.1502;2744;2733
2026-06-08T10:02:53.0000000Z;9.1136;9.15;2744;2733
2026-06-08T10:02:53.0000000Z;9.1136;9.15;2744;2733
2026-06-08T10:06:27.0000000Z;9.1116;9.148;2744;2733
2026-06-08T10:07:04.0000000Z;9.1096;9.146;2745;2734
2026-06-08T10:07:41.0000000Z;9.112;9.148;2744;2733
2026-06-08T10:08:12.0000000Z;9.1122;9.148;2744;2733
2026-06-08T10:08:12.0000000Z;9.1122;9.148;2744;2733
2026-06-08T10:14:14.0000000Z;9.1102;9.148;2745;2733
2026-06-08T10:14:14.0000000Z;9.1102;9.148;2745;2733
2026-06-08T10:17:09.0000000Z;9.112;9.148;2744;2733
2026-06-08T10:17:39.0000000Z;9.1122;9.148;2744;2733
2026-06-08T10:19:08.0000000Z;9.1102;9.148;2745;2733
2026-06-08T10:19:08.0000000Z;9.1102;9.148;2745;2733
2026-06-08T10:23:23.0000000Z;9.1102;9.1482;2745;2733
2026-06-08T10:24:01.0000000Z;9.112;9.1482;2744;2733
2026-06-08T10:24:32.0000000Z;9.1122;9.148;2744;2733
2026-06-08T10:25:42.0000000Z;9.1102;9.148;2745;2733
2026-06-08T10:25:46.0000000Z;9.1102;9.1462;2745;2734
2026-06-08T10:25:46.0000000Z;9.1102;9.1462;2745;2734
2026-06-08T10:26:16.0000000Z;9.1102;9.146;2745;2734
2026-06-08T10:30:24.0000000Z;9.1082;9.146;2745;2734
2026-06-08T10:30:31.0000000Z;9.1102;9.146;2745;2734
2026-06-08T10:31:01.0000000Z;9.1104;9.146;2745;2734
2026-06-08T10:32:20.0000000Z;9.1092;9.146;2745;2734
2026-06-08T10:32:21.0000000Z;9.1082;9.146;2745;2734
2026-06-08T10:32:40.0000000Z;9.1084;9.1442;2745;2734
2026-06-08T10:33:10.0000000Z;9.1084;9.144;2745;2735
2026-06-08T10:34:18.0000000Z;9.1062;9.144;2746;2735
2026-06-08T10:34:21.0000000Z;9.0848;9.144;2752;2735
2026-06-08T10:34:26.0000000Z;9.0846;9.1442;2752;2734
2026-06-08T10:34:30.0000000Z;9.0658;9.1858;3380;3380
2026-06-08T10:34:30.0000000Z;9.0658;9.1858;3380;3380
2026-06-08T10:37:18.0000000Z;9.022;9.2024;2772;2717
2026-06-08T10:37:25.0000000Z;9.0882;9.1706;2751;2727
2026-06-08T10:37:55.0000000Z;9.0886;9.1702;2751;2727
2026-06-08T10:37:55.0000000Z;9.0886;9.1702;2751;2727
2026-06-08T10:37:55.0000000Z;9.0886;9.1702;2751;2727
2026-06-08T10:46:34.0000000Z;9.0842;9.1658;2753;2728
2026-06-08T10:46:34.0000000Z;9.0842;9.1658;2753;2728
2026-06-08T10:52:27.0000000Z;9.0842;9.162;2753;2729
2026-06-08T10:52:44.0000000Z;9.08;9.1616;2754;2729
2026-06-08T10:52:44.0000000Z;9.08;9.1616;2754;2729
2026-06-08T10:52:44.0000000Z;9.08;9.1616;2754;2729
2026-06-08T10:52:44.0000000Z;9.08;9.1616;2754;2729
2026-06-08T11:07:52.0000000Z;9.1018;9.1384;2747;2736
2026-06-08T11:08:22.0000000Z;9.102;9.1382;2747;2736
2026-06-08T11:09:30.0000000Z;9.1018;9.1384;2747;2736
2026-06-08T11:10:47.0000000Z;9.06;9.1802;3380;3380
2026-06-08T11:10:47.0000000Z;9.06;9.1802;3380;3380
2026-06-08T11:13:04.0000000Z;9.1094;9.1462;2745;2734
2026-06-08T11:13:35.0000000Z;9.1096;9.146;2745;2734
2026-06-08T11:14:42.0000000Z;9.1096;9.1442;2745;2734
2026-06-08T11:14:55.0000000Z;9.0992;9.144;2748;2735
2026-06-08T11:14:57.0000000Z;9.0708;9.144;2757;2735
2026-06-08T11:15:00.0000000Z;8.9916;9.144;2781;2735
2026-06-08T11:15:02.0000000Z;8.9916;9.208;2781;2716
2026-06-08T11:15:03.0000000Z;8.947;9.208;2795;2716
2026-06-08T11:15:06.0000000Z;9.0356;9.2184;2767;2712
2026-06-08T11:15:06.0000000Z;9.0356;9.2184;2767;2712
2026-06-08T11:20:33.0000000Z;9.0376;9.2184;2767;2712
2026-06-08T11:20:47.0000000Z;9.1042;9.1468;2746;2734
2026-06-08T11:20:48.0000000Z;9.1044;9.142;2746;2735
2026-06-08T11:21:11.0000000Z;9.1044;9.1634;2746;2729
2026-06-08T11:21:12.0000000Z;9.1064;9.1432;2746;2735
2026-06-08T11:21:14.0000000Z;9.104;9.1432;2747;2735
2026-06-08T11:21:15.0000000Z;9.1042;9.1406;2746;2736
2026-06-08T11:21:46.0000000Z;9.1042;9.1386;2746;2736
2026-06-08T11:21:47.0000000Z;9.102;9.1384;2747;2736
2026-06-08T11:22:22.0000000Z;9.0254;9.1384;2770;2736
2026-06-08T11:22:23.0000000Z;9.0998;9.1366;2748;2737
2026-06-08T11:22:48.0000000Z;9.1;9.1592;2748;2730
2026-06-08T11:22:49.0000000Z;9.1024;9.1392;2747;2736
2026-06-08T11:23:10.0000000Z;9.1044;9.139;2746;2736
2026-06-08T11:23:13.0000000Z;9.1046;9.141;2746;2735
2026-06-08T11:23:45.0000000Z;9.1026;9.139;2747;2736
2026-06-08T11:24:45.0000000Z;9.1056;9.142;2746;2735
2026-06-08T11:24:45.0000000Z;9.1056;9.142;2746;2735
2026-06-08T11:26:50.0000000Z;9.1056;9.1402;2746;2736
2026-06-08T11:27:22.0000000Z;9.1054;9.14;2746;2736
2026-06-08T11:27:28.0000000Z;9.1056;9.142;2746;2735
2026-06-08T11:29:30.0000000Z;9.1056;9.1402;2746;2736
2026-06-08T11:29:31.0000000Z;9.1036;9.14;2747;2736
2026-06-08T11:30:40.0000000Z;9.1036;9.138;2747;2736
2026-06-08T11:30:41.0000000Z;9.1014;9.1378;2747;2736
2026-06-08T11:30:46.0000000Z;9.1032;9.1378;2747;2736
2026-06-08T11:30:47.0000000Z;9.1034;9.1398;2747;2736
2026-06-08T11:30:47.0000000Z;9.1034;9.1398;2747;2736
2026-06-08T11:33:09.0000000Z;9.101;9.1374;2747;2737
2026-06-08T11:33:42.0000000Z;9.101;9.1402;2747;2736
2026-06-08T11:33:43.0000000Z;9.1044;9.1412;2746;2735
2026-06-08T11:33:54.0000000Z;8.9822;9.1408;2784;2735
2026-06-08T11:33:57.0000000Z;9.099;9.1358;2748;2737
2026-06-08T11:34:15.0000000Z;9.1012;9.1356;2747;2737
2026-06-08T11:34:16.0000000Z;9.1014;9.1378;2747;2736
2026-06-08T11:34:50.0000000Z;9.099;9.1354;2748;2737
2026-06-08T11:35:24.0000000Z;9.099;9.1366;2748;2737
2026-06-08T11:35:25.0000000Z;9.099;9.1584;2748;2730
2026-06-08T11:35:26.0000000Z;9.1008;9.1376;2748;2736
2026-06-08T11:35:56.0000000Z;9.101;9.1376;2747;2736
2026-06-08T11:35:59.0000000Z;9.1028;9.1396;2747;2736
2026-06-08T11:35:59.0000000Z;9.1028;9.1396;2747;2736
2026-06-08T11:36:30.0000000Z;9.103;9.1394;2747;2736
2026-06-08T11:39:43.0000000Z;9.1048;9.1394;2746;2736
2026-06-08T11:39:44.0000000Z;9.105;9.1414;2746;2735
2026-06-08T11:39:44.0000000Z;9.105;9.1414;2746;2735
2026-06-08T11:41:31.0000000Z;9.0808;9.1414;2754;2735
2026-06-08T11:41:32.0000000Z;9.1028;9.1396;2747;2736
2026-06-08T11:42:03.0000000Z;9.103;9.1394;2747;2736
2026-06-08T11:43:30.0000000Z;9.1048;9.1394;2746;2736
2026-06-08T11:43:31.0000000Z;9.105;9.1414;2746;2735
2026-06-08T11:44:19.0000000Z;9.105;9.1394;2746;2736
2026-06-08T11:44:20.0000000Z;9.103;9.1392;2747;2736
2026-06-08T11:44:20.0000000Z;9.103;9.1392;2747;2736
2026-06-08T11:50:41.0000000Z;9.1018;9.1392;2747;2736
2026-06-08T11:50:42.0000000Z;9.081;9.1392;2754;2736
2026-06-08T11:50:43.0000000Z;9.1008;9.1374;2748;2737
2026-06-08T11:50:43.0000000Z;9.1008;9.1374;2748;2737
2026-06-08T11:51:13.0000000Z;9.101;9.1372;2747;2737
2026-06-08T11:51:22.0000000Z;9.101;9.1392;2747;2736
2026-06-08T11:51:24.0000000Z;9.1028;9.1392;2747;2736
2026-06-08T11:51:54.0000000Z;9.103;9.1392;2747;2736
2026-06-08T11:52:09.0000000Z;9.1008;9.1372;2748;2737
2026-06-08T11:53:00.0000000Z;9.1026;9.1372;2747;2737
2026-06-08T11:53:30.0000000Z;9.1028;9.1372;2747;2737
2026-06-08T11:54:21.0000000Z;9.1008;9.1372;2748;2737
2026-06-08T11:55:03.0000000Z;9.103;9.1394;2747;2736
2026-06-08T11:55:49.0000000Z;9.1008;9.137;2748;2737
2026-06-08T11:55:49.0000000Z;9.1008;9.137;2748;2737
2026-06-08T11:58:33.0000000Z;9.1026;9.139;2747;2736
2026-06-08T11:59:04.0000000Z;9.1028;9.139;2747;2736
2026-06-08T12:00:22.0000000Z;9.1008;9.139;2748;2736
2026-06-08T12:00:24.0000000Z;9.1008;9.1372;2748;2737
2026-06-08T12:00:34.0000000Z;9.0988;9.137;2748;2737
2026-06-08T12:00:38.0000000Z;9.0988;9.1352;2748;2737
2026-06-08T12:00:38.0000000Z;9.0988;9.1352;2748;2737
2026-06-08T12:01:08.0000000Z;9.0988;9.135;2748;2737
2026-06-08T12:01:14.0000000Z;9.1008;9.1372;2748;2737
2026-06-08T12:03:28.0000000Z;9.1008;9.1462;2748;2734
2026-06-08T12:03:29.0000000Z;9.1008;9.1758;2748;2725
2026-06-08T12:03:30.0000000Z;9.1032;9.1408;2747;2735
2026-06-08T12:03:31.0000000Z;9.1032;9.1396;2747;2736
2026-06-08T12:03:50.0000000Z;9.105;9.1396;2746;2736
2026-06-08T12:04:20.0000000Z;9.1052;9.1398;2746;2736
2026-06-08T12:04:45.0000000Z;9.1032;9.1396;2747;2736
2026-06-08T12:05:01.0000000Z;9.1018;9.1396;2747;2736
2026-06-08T12:05:02.0000000Z;9.101;9.1378;2747;2736
2026-06-08T12:05:34.0000000Z;9.1012;9.1376;2747;2736
2026-06-08T12:05:34.0000000Z;9.1012;9.1376;2747;2736
2026-06-08T12:08:09.0000000Z;9.1012;9.1398;2747;2736
2026-06-08T12:08:11.0000000Z;9.103;9.1398;2747;2736
2026-06-08T12:08:30.0000000Z;9.1012;9.1376;2747;2736
2026-06-08T12:09:03.0000000Z;9.0382;9.1376;2767;2736
2026-06-08T12:09:04.0000000Z;9.0984;9.1352;2748;2737
2026-06-08T12:09:34.0000000Z;9.0986;9.135;2748;2737
2026-06-08T12:09:40.0000000Z;9.1004;9.135;2748;2737
2026-06-08T12:09:41.0000000Z;9.1006;9.137;2748;2737
2026-06-08T12:11:13.0000000Z;9.1026;9.139;2747;2736
2026-06-08T12:11:33.0000000Z;9.1006;9.137;2748;2737
2026-06-08T12:13:46.0000000Z;9.0986;9.137;2748;2737
2026-06-08T12:13:47.0000000Z;9.0986;9.1352;2748;2737
2026-06-08T12:14:17.0000000Z;9.0986;9.135;2748;2737
2026-06-08T12:14:17.0000000Z;9.0986;9.135;2748;2737
2026-06-08T12:19:14.0000000Z;9.0986;9.1332;2748;2738
2026-06-08T12:19:15.0000000Z;9.0964;9.133;2749;2738
2026-06-08T12:20:00.0000000Z;9.0982;9.133;2748;2738
2026-06-08T12:20:01.0000000Z;9.0984;9.135;2748;2737
2026-06-08T12:20:37.0000000Z;9.0984;9.1332;2748;2738
2026-06-08T12:20:38.0000000Z;9.0964;9.133;2749;2738
2026-06-08T12:20:38.0000000Z;9.0964;9.133;2749;2738
2026-06-08T12:21:25.0000000Z;9.0986;9.133;2748;2738
2026-06-08T12:21:26.0000000Z;9.0988;9.1352;2748;2737
2026-06-08T12:22:26.0000000Z;9.0988;9.1332;2748;2738
2026-06-08T12:22:27.0000000Z;9.0966;9.133;2749;2738
2026-06-08T12:23:17.0000000Z;9.0984;9.133;2748;2738
2026-06-08T12:23:19.0000000Z;9.0986;9.135;2748;2737
2026-06-08T12:24:34.0000000Z;9.0964;9.1326;2749;2738
2026-06-08T12:24:53.0000000Z;9.0988;9.135;2748;2737
2026-06-08T12:24:53.0000000Z;9.0988;9.135;2748;2737
2026-06-08T12:26:42.0000000Z;9.0968;9.135;2749;2737
2026-06-08T12:26:58.0000000Z;9.0968;9.1332;2749;2738
2026-06-08T12:27:17.0000000Z;9.0968;9.135;2749;2737
2026-06-08T12:27:19.0000000Z;9.0986;9.135;2748;2737
2026-06-08T12:27:50.0000000Z;9.0988;9.135;2748;2737
2026-06-08T12:29:00.0000000Z;9.097;9.1368;2749;2737
2026-06-08T12:29:30.0000000Z;9.0986;9.1352;2748;2737
2026-06-08T12:29:39.0000000Z;9.0986;9.1372;2748;2737
2026-06-08T12:30:19.0000000Z;9.1006;9.1372;2748;2737
2026-06-08T12:30:19.0000000Z;9.1006;9.1372;2748;2737
2026-06-08T12:32:00.0000000Z;9.099;9.1388;2748;2736
2026-06-08T12:35:00.0000000Z;9.1008;9.137;2748;2737
2026-06-08T12:35:00.0000000Z;9.1008;9.137;2748;2737
2026-06-08T12:40:31.0000000Z;9.1008;9.1372;2748;2737
2026-06-08T12:41:12.0000000Z;9.1008;9.1578;2748;2730
2026-06-08T12:41:13.0000000Z;9.1026;9.145;2747;2734
2026-06-08T12:41:19.0000000Z;9.1028;9.1392;2747;2736
2026-06-08T12:41:52.0000000Z;9.1028;9.139;2747;2736
2026-06-08T12:42:32.0000000Z;9.1008;9.137;2748;2737
2026-06-08T12:42:34.0000000Z;9.0248;9.137;2771;2737
2026-06-08T12:42:36.0000000Z;9.1008;9.137;2748;2737
2026-06-08T12:42:38.0000000Z;9.1008;9.135;2748;2737
2026-06-08T12:42:39.0000000Z;9.0986;9.1362;2748;2737
2026-06-08T12:42:40.0000000Z;9.0984;9.135;2748;2737
2026-06-08T12:42:41.0000000Z;9.0986;9.142;2748;2735
2026-06-08T12:42:42.0000000Z;9.0986;9.1348;2748;2737
2026-06-08T12:42:43.0000000Z;9.0986;9.1368;2748;2737
2026-06-08T12:42:59.0000000Z;9.102;9.1368;2747;2737
2026-06-08T12:43:10.0000000Z;9.0982;9.1368;2748;2737
2026-06-08T12:43:11.0000000Z;9.0998;9.1368;2748;2737
2026-06-08T12:43:18.0000000Z;9.076;9.1368;2755;2737
2026-06-08T12:43:22.0000000Z;9.0974;9.1342;2749;2737
2026-06-08T12:43:51.0000000Z;9.0978;9.2956;2748;2690
2026-06-08T12:43:54.0000000Z;9.104;9.1466;2747;2734
2026-06-08T12:43:55.0000000Z;9.1042;9.142;2746;2735
2026-06-08T12:43:56.0000000Z;9.1042;9.1406;2746;2736
2026-06-08T12:43:56.0000000Z;9.1042;9.1406;2746;2736
2026-06-08T12:47:58.0000000Z;9.1022;9.1386;2747;2736
2026-06-08T12:47:58.0000000Z;9.1022;9.1386;2747;2736
2026-06-08T12:51:34.0000000Z;9.1042;9.1406;2746;2736
2026-06-08T12:53:33.0000000Z;9.1042;9.1388;2746;2736
2026-06-08T12:53:39.0000000Z;9.1016;9.1386;2747;2736
2026-06-08T12:54:17.0000000Z;9.1016;9.1368;2747;2737
2026-06-08T12:54:34.0000000Z;9.0772;9.1366;2755;2737
2026-06-08T12:54:35.0000000Z;9.0994;9.1366;2748;2737
2026-06-08T12:55:05.0000000Z;9.0996;9.1366;2748;2737
2026-06-08T12:55:11.0000000Z;9.0996;9.159;2748;2730
2026-06-08T12:55:13.0000000Z;9.102;9.1388;2747;2736
2026-06-08T12:55:43.0000000Z;9.1022;9.1386;2747;2736
2026-06-08T12:55:43.0000000Z;9.1022;9.1386;2747;2736
2026-06-08T12:58:19.0000000Z;9.1022;9.1368;2747;2737
2026-06-08T12:58:22.0000000Z;9.1002;9.1366;2748;2737
2026-06-08T12:59:26.0000000Z;9.0982;9.1346;2748;2737
2026-06-08T12:59:26.0000000Z;9.0982;9.1346;2748;2737
2026-06-08T13:01:38.0000000Z;9.1002;9.1368;2748;2737
2026-06-08T13:03:10.0000000Z;9.0988;9.1366;2748;2737
2026-06-08T13:03:11.0000000Z;9.0978;9.1348;2748;2737
2026-06-08T13:03:42.0000000Z;9.098;9.1346;2748;2737
2026-06-08T13:04:29.0000000Z;9.0998;9.1346;2748;2737
2026-06-08T13:04:35.0000000Z;9.1;9.1366;2748;2737
2026-06-08T13:04:35.0000000Z;9.1;9.1366;2748;2737
2026-06-08T13:08:20.0000000Z;9.1;9.1348;2748;2737
2026-06-08T13:08:26.0000000Z;9.0978;9.1346;2748;2737
2026-06-08T13:10:54.0000000Z;9.0996;9.1346;2748;2737
2026-06-08T13:10:55.0000000Z;9.0998;9.1366;2748;2737
2026-06-08T13:10:55.0000000Z;9.0998;9.1366;2748;2737
2026-06-08T13:11:45.0000000Z;9.0998;9.1348;2748;2737
2026-06-08T13:11:52.0000000Z;9.0972;9.1346;2749;2737
2026-06-08T13:15:00.0000000Z;9.0972;9.1328;2749;2738
2026-06-08T13:15:31.0000000Z;9.0972;9.1326;2749;2738
2026-06-08T13:16:04.0000000Z;9.0952;9.1326;2749;2738
2026-06-08T13:17:29.0000000Z;9.0952;9.1308;2749;2738
2026-06-08T13:17:59.0000000Z;9.0952;9.1306;2749;2739
2026-06-08T13:18:17.0000000Z;9.0952;9.1326;2749;2738
2026-06-08T13:19:29.0000000Z;9.0952;9.1308;2749;2738
2026-06-08T13:19:59.0000000Z;9.0932;9.1306;2750;2739
2026-06-08T13:20:51.0000000Z;9.095;9.1306;2749;2739
2026-06-08T13:20:51.0000000Z;9.095;9.1306;2749;2739
2026-06-08T13:21:22.0000000Z;9.0952;9.1306;2749;2739
2026-06-08T13:22:07.0000000Z;9.0936;9.1306;2750;2739
2026-06-08T13:22:09.0000000Z;9.093;9.1306;2750;2739
2026-06-08T13:22:39.0000000Z;9.0932;9.1306;2750;2739
2026-06-08T13:22:48.0000000Z;9.0932;9.1286;2750;2739
2026-06-08T13:22:50.0000000Z;9.0904;9.1284;2751;2739
2026-06-08T13:22:52.0000000Z;9.0688;9.1284;2757;2739
2026-06-08T13:22:54.0000000Z;9.091;9.1264;2750;2740
2026-06-08T13:23:13.0000000Z;9.0892;9.1262;2751;2740
2026-06-08T13:23:14.0000000Z;9.069;9.1262;2757;2740
2026-06-08T13:23:15.0000000Z;9.089;9.1262;2751;2740
2026-06-08T13:23:29.0000000Z;9.0892;9.128;2751;2739
2026-06-08T13:23:30.0000000Z;9.093;9.1298;2750;2739
2026-06-08T13:24:01.0000000Z;9.0932;9.1296;2750;2739
2026-06-08T13:25:57.0000000Z;9.091;9.1296;2750;2739
2026-06-08T13:25:58.0000000Z;9.091;9.1278;2750;2739
2026-06-08T13:25:58.0000000Z;9.091;9.1278;2750;2739
2026-06-08T13:26:29.0000000Z;9.0912;9.1276;2750;2739
2026-06-08T13:26:57.0000000Z;9.0932;9.1296;2750;2739
2026-06-08T13:28:00.0000000Z;9.093;9.1298;2750;2739
2026-06-08T13:30:04.0000000Z;9.0904;9.1272;2751;2740
2026-06-08T13:31:09.0000000Z;9.0924;9.1292;2750;2739
2026-06-08T13:32:56.0000000Z;9.0924;9.1272;2750;2740
2026-06-08T13:33:03.0000000Z;9.0846;9.1272;2752;2740
2026-06-08T13:33:04.0000000Z;9.069;9.127;2757;2740
2026-06-08T13:33:05.0000000Z;9.0878;9.1246;2751;2740
2026-06-08T13:33:14.0000000Z;9.0898;9.1246;2751;2740
2026-06-08T13:33:15.0000000Z;9.0898;9.1266;2751;2740
2026-06-08T13:33:43.0000000Z;9.09;9.1246;2751;2740
2026-06-08T13:33:47.0000000Z;9.088;9.1244;2751;2740
2026-06-08T13:35:42.0000000Z;9.088;9.1226;2751;2741
2026-06-08T13:35:44.0000000Z;9.086;9.1224;2752;2741
2026-06-08T13:35:44.0000000Z;9.086;9.1224;2752;2741
2026-06-08T13:36:21.0000000Z;9.0878;9.1224;2751;2741
2026-06-08T13:36:24.0000000Z;9.088;9.1244;2751;2740
2026-06-08T13:38:25.0000000Z;9.088;9.1226;2751;2741
2026-06-08T13:38:57.0000000Z;9.0878;9.1224;2751;2741
2026-06-08T13:39:12.0000000Z;9.088;9.1252;2751;2740
2026-06-08T13:39:12.0000000Z;9.088;9.1252;2751;2740
2026-06-08T13:43:45.0000000Z;9.0898;9.1252;2751;2740
2026-06-08T13:43:50.0000000Z;9.09;9.1274;2751;2740
2026-06-08T13:44:08.0000000Z;9.0918;9.1274;2750;2740
2026-06-08T13:44:39.0000000Z;9.092;9.1274;2750;2740
2026-06-08T13:45:06.0000000Z;9.09;9.1274;2751;2740
2026-06-08T13:45:43.0000000Z;9.09;9.1256;2751;2740
2026-06-08T13:45:47.0000000Z;9.09;9.1276;2751;2739
2026-06-08T13:45:47.0000000Z;9.09;9.1276;2751;2739
2026-06-08T13:46:17.0000000Z;9.09;9.1254;2751;2740
2026-06-08T13:46:31.0000000Z;9.09;9.1272;2751;2740
2026-06-08T13:48:33.0000000Z;9.09;9.1254;2751;2740
2026-06-08T13:49:04.0000000Z;9.09;9.1252;2751;2740
2026-06-08T13:49:43.0000000Z;9.088;9.1252;2751;2740
2026-06-08T13:49:43.0000000Z;9.088;9.1252;2751;2740
2026-06-08T13:52:59.0000000Z;9.0898;9.1252;2751;2740
2026-06-08T13:53:31.0000000Z;9.09;9.1252;2751;2740
2026-06-08T13:53:41.0000000Z;9.09;9.1272;2751;2740
2026-06-08T13:54:16.0000000Z;9.0918;9.1272;2750;2740
2026-06-08T13:54:33.0000000Z;9.092;9.1294;2750;2739
2026-06-08T13:55:16.0000000Z;9.092;9.1274;2750;2740
2026-06-08T13:55:48.0000000Z;9.092;9.1272;2750;2740
2026-06-08T13:55:48.0000000Z;9.092;9.1272;2750;2740
2026-06-08T13:56:39.0000000Z;9.092;9.1292;2750;2739
2026-06-08T13:57:23.0000000Z;9.092;9.1274;2750;2740
2026-06-08T13:57:55.0000000Z;9.092;9.1272;2750;2740
2026-06-08T13:58:09.0000000Z;9.092;9.1292;2750;2739
2026-06-08T13:59:14.0000000Z;9.09;9.1264;2751;2740
2026-06-08T13:59:14.0000000Z;9.09;9.1264;2751;2740
2026-06-08T14:02:43.0000000Z;9.0922;9.1284;2750;2739
2026-06-08T14:03:29.0000000Z;9.0902;9.1284;2751;2739
2026-06-08T14:03:31.0000000Z;9.0902;9.1266;2751;2740
2026-06-08T14:04:01.0000000Z;9.0902;9.1264;2751;2740
2026-06-08T14:04:09.0000000Z;9.0902;9.1284;2751;2739
2026-06-08T14:04:10.0000000Z;9.092;9.1284;2750;2739
2026-06-08T14:04:41.0000000Z;9.0922;9.1284;2750;2739
2026-06-08T14:04:41.0000000Z;9.0922;9.1284;2750;2739
2026-06-08T14:07:33.0000000Z;9.0922;9.1304;2750;2739
2026-06-08T14:07:38.0000000Z;9.094;9.1304;2750;2739
2026-06-08T14:08:09.0000000Z;9.0942;9.1304;2750;2739
2026-06-08T14:09:29.0000000Z;9.0914;9.1304;2750;2739
2026-06-08T14:09:30.0000000Z;9.0922;9.1284;2750;2739
2026-06-08T14:10:14.0000000Z;9.0942;9.1306;2750;2739
2026-06-08T14:11:01.0000000Z;9.0942;9.1288;2750;2739
2026-06-08T14:11:31.0000000Z;9.0942;9.1286;2750;2739
2026-06-08T14:11:37.0000000Z;9.0922;9.1286;2750;2739
2026-06-08T14:14:34.0000000Z;9.0852;9.1286;2752;2739
2026-06-08T14:14:36.0000000Z;9.0502;9.168;2763;2727
2026-06-08T14:14:39.0000000Z;9.092;9.1288;2750;2739
2026-06-08T14:14:47.0000000Z;9.094;9.1286;2750;2739
2026-06-08T14:15:18.0000000Z;9.0942;9.1286;2750;2739
2026-06-08T14:15:18.0000000Z;9.0942;9.1286;2750;2739
2026-06-08T14:16:25.0000000Z;9.0942;9.1288;2750;2739
2026-06-08T14:16:32.0000000Z;9.0922;9.1288;2750;2739
2026-06-08T14:18:35.0000000Z;9.094;9.1308;2750;2738
2026-06-08T14:19:07.0000000Z;9.0942;9.1308;2750;2738
2026-06-08T14:19:44.0000000Z;9.0942;9.1306;2750;2739
2026-06-08T14:20:20.0000000Z;9.0942;9.1308;2750;2738
2026-06-08T14:20:47.0000000Z;9.096;9.1308;2749;2738
2026-06-08T14:20:54.0000000Z;9.0962;9.1328;2749;2738
2026-06-08T14:20:54.0000000Z;9.0962;9.1328;2749;2738
2026-06-08T14:21:36.0000000Z;9.0962;9.1326;2749;2738
2026-06-08T14:21:36.0000000Z;9.0962;9.1326;2749;2738
2026-06-08T14:29:46.0000000Z;9.0962;9.1328;2749;2738
2026-06-08T14:29:46.0000000Z;9.0962;9.1328;2749;2738
2026-06-08T14:32:20.0000000Z;9.0946;9.1326;2749;2738
2026-06-08T14:32:21.0000000Z;9.094;9.1308;2750;2738
2026-06-08T14:32:53.0000000Z;9.0942;9.1306;2750;2739
2026-06-08T14:32:58.0000000Z;9.096;9.1306;2749;2739
2026-06-08T14:33:29.0000000Z;9.0962;9.1308;2749;2738
2026-06-08T14:33:29.0000000Z;9.0962;9.1308;2749;2738
2026-06-08T14:37:34.0000000Z;9.0962;9.1326;2749;2738
2026-06-08T14:38:49.0000000Z;9.0962;9.1308;2749;2738
2026-06-08T14:38:50.0000000Z;9.0942;9.1306;2750;2739
2026-06-08T14:39:08.0000000Z;9.096;9.1306;2749;2739
2026-06-08T14:39:14.0000000Z;9.0962;9.1326;2749;2738
2026-06-08T14:39:59.0000000Z;9.0732;9.1326;2756;2738
2026-06-08T14:40:00.0000000Z;9.0932;9.1298;2750;2739
2026-06-08T14:40:22.0000000Z;9.0934;9.1324;2750;2738
2026-06-08T14:40:23.0000000Z;9.0934;9.155;2750;2731
2026-06-08T14:40:25.0000000Z;9.096;9.1328;2749;2738
2026-06-08T14:40:56.0000000Z;9.0962;9.1326;2749;2738
2026-06-08T14:40:56.0000000Z;9.0962;9.1326;2749;2738
2026-06-08T14:42:49.0000000Z;9.0962;9.1308;2749;2738
2026-06-08T14:43:10.0000000Z;9.094;9.1306;2750;2739
2026-06-08T14:43:10.0000000Z;9.094;9.1306;2750;2739
2026-06-08T14:47:40.0000000Z;9.0964;9.133;2749;2738
2026-06-08T14:49:53.0000000Z;9.0964;9.1328;2749;2738
2026-06-08T14:50:28.0000000Z;9.0982;9.1328;2748;2738
2026-06-08T14:50:44.0000000Z;9.0948;9.1328;2749;2738
2026-06-08T14:50:45.0000000Z;9.0732;9.1328;2756;2738
2026-06-08T14:50:46.0000000Z;9.0962;9.1328;2749;2738
2026-06-08T14:51:05.0000000Z;9.0964;9.131;2749;2738
2026-06-08T14:51:35.0000000Z;9.0962;9.1308;2749;2738
2026-06-08T14:53:45.0000000Z;9.0944;9.129;2749;2739
2026-06-08T14:54:15.0000000Z;9.0942;9.1288;2750;2739
2026-06-08T14:54:53.0000000Z;9.0944;9.129;2749;2739
