2026-06-08T07:56:04.0000000Z;10.084;10.1;1000;1000
2026-06-08T07:56:19.0000000Z;10.084;10.098;1000;1000
2026-06-08T07:56:20.0000000Z;10.082;10.098;1000;1000
2026-06-08T07:58:18.0000000Z;10.084;10.098;1000;1000
2026-06-08T07:58:19.0000000Z;10.084;10.1;1000;1000
2026-06-08T07:58:40.0000000Z;10.084;10.098;1000;1000
2026-06-08T08:00:39.0000000Z;10.082;10.098;1000;1000
2026-06-08T08:00:39.0000000Z;10.082;10.098;1000;1000
2026-06-08T08:02:30.0000000Z;10.046;10.098;996;996
2026-06-08T08:02:36.0000000Z;10.082;10.096;1000;1000
2026-06-08T08:03:17.0000000Z;10.08;10.096;1000;1000
2026-06-08T08:04:38.0000000Z;10.082;10.096;1000;1000
2026-06-08T08:04:39.0000000Z;10.082;10.138;992;992
2026-06-08T08:04:44.0000000Z;10.082;10.098;1000;1000
2026-06-08T08:05:35.0000000Z;10.082;10.096;1000;1000
2026-06-08T08:05:35.0000000Z;10.082;10.096;1000;1000
2026-06-08T08:06:07.0000000Z;10.08;10.096;1000;1000
2026-06-08T08:06:35.0000000Z;10.082;10.096;1000;1000
2026-06-08T08:07:36.0000000Z;10.082;10.098;1000;1000
2026-06-08T08:10:01.0000000Z;10.083;10.097;1000;1000
2026-06-08T08:10:41.0000000Z;10.081;10.095;1000;1000
2026-06-08T08:10:41.0000000Z;10.081;10.095;1000;1000
2026-06-08T08:12:37.0000000Z;10.0815;10.1365;993;993
2026-06-08T08:12:39.0000000Z;10.081;10.097;1000;1000
2026-06-08T08:13:18.0000000Z;10.081;10.095;1000;1000
2026-06-08T08:13:18.0000000Z;10.081;10.095;1000;1000
2026-06-08T08:17:21.0000000Z;10.0805;10.0935;1000;1000
2026-06-08T08:17:26.0000000Z;10.079;10.093;1000;1000
2026-06-08T08:17:30.0000000Z;10.081;10.095;1000;1000
2026-06-08T08:19:00.0000000Z;10.0815;10.1305;992;992
2026-06-08T08:19:06.0000000Z;10.081;10.095;1000;1000
2026-06-08T08:19:06.0000000Z;10.081;10.095;1000;1000
2026-06-08T08:21:13.0000000Z;10.081;10.097;1000;1000
2026-06-08T08:21:35.0000000Z;10.081;10.095;1000;1000
2026-06-08T08:23:16.0000000Z;10.0415;10.0945;996;996
2026-06-08T08:23:22.0000000Z;10.079;10.093;1000;1000
2026-06-08T08:25:45.0000000Z;10.079;10.095;1000;1000
2026-06-08T08:25:58.0000000Z;10.079;10.093;1000;1000
2026-06-08T08:26:08.0000000Z;10.079;10.095;1000;1000
2026-06-08T08:26:44.0000000Z;10.079;10.093;1000;1000
2026-06-08T08:27:12.0000000Z;10.079;10.095;1000;1000
2026-06-08T08:27:27.0000000Z;10.081;10.095;1000;1000
2026-06-08T08:27:31.0000000Z;10.079;10.095;1000;1000
2026-06-08T08:27:52.0000000Z;10.079;10.093;1000;1000
2026-06-08T08:30:23.0000000Z;10.079;10.095;1000;1000
2026-06-08T08:30:23.0000000Z;10.079;10.095;1000;1000
2026-06-08T08:32:29.0000000Z;10.081;10.095;1000;1000
2026-06-08T08:32:29.0000000Z;10.081;10.095;1000;1000
2026-06-08T08:37:28.0000000Z;10.079;10.095;1000;1000
2026-06-08T08:37:35.0000000Z;10.079;10.093;1000;1000
2026-06-08T08:41:11.0000000Z;10.077;10.091;1000;1000
2026-06-08T08:42:50.0000000Z;10.0785;10.0915;1000;1000
2026-06-08T08:43:58.0000000Z;10.079;10.093;1000;1000
2026-06-08T08:43:58.0000000Z;10.079;10.093;1000;1000
2026-06-08T08:43:58.0000000Z;10.079;10.093;1000;1000
2026-06-08T08:43:58.0000000Z;10.079;10.093;1000;1000
2026-06-08T08:56:46.0000000Z;10.0415;10.0925;996;996
2026-06-08T08:56:47.0000000Z;10.079;10.093;1000;1000
2026-06-08T08:57:04.0000000Z;10.0795;10.1325;993;993
2026-06-08T08:57:05.0000000Z;10.0795;10.1305;993;993
2026-06-08T08:57:18.0000000Z;10.079;10.093;1000;1000
2026-06-08T08:57:19.0000000Z;10.0795;10.1105;993;993
2026-06-08T08:57:20.0000000Z;10.0795;10.1305;993;993
2026-06-08T08:57:25.0000000Z;10.081;10.095;1000;1000
2026-06-08T09:00:45.0000000Z;10.079;10.095;1000;1000
2026-06-08T09:00:45.0000000Z;10.079;10.095;1000;1000
2026-06-08T09:01:22.0000000Z;10.079;10.093;1000;1000
2026-06-08T09:01:22.0000000Z;10.079;10.093;1000;1000
2026-06-08T09:10:20.0000000Z;10.0415;10.0925;996;996
2026-06-08T09:10:21.0000000Z;10.079;10.093;1000;1000
2026-06-08T09:10:21.0000000Z;10.079;10.093;1000;1000
2026-06-08T09:10:21.0000000Z;10.079;10.093;1000;1000
2026-06-08T09:21:09.0000000Z;10.079;10.095;1000;1000
2026-06-08T09:21:30.0000000Z;10.081;10.095;1000;1000
2026-06-08T09:21:30.0000000Z;10.081;10.095;1000;1000
2026-06-08T09:21:30.0000000Z;10.081;10.095;1000;1000
2026-06-08T09:33:08.0000000Z;10.081;10.097;1000;1000
2026-06-08T09:33:13.0000000Z;10.083;10.097;1000;1000
2026-06-08T09:33:50.0000000Z;10.081;10.095;1000;1000
2026-06-08T09:33:50.0000000Z;10.081;10.095;1000;1000
2026-06-08T09:37:20.0000000Z;10.0815;10.1805;993;993
2026-06-08T09:38:31.0000000Z;10.083;10.097;1000;1000
2026-06-08T09:39:15.0000000Z;10.0475;10.0965;996;996
2026-06-08T09:39:22.0000000Z;10.0815;10.1365;993;993
2026-06-08T09:39:28.0000000Z;10.083;10.097;1000;1000
2026-06-08T09:39:29.0000000Z;10.0835;10.1365;992;992
2026-06-08T09:39:33.0000000Z;10.083;10.097;1000;1000
2026-06-08T09:39:48.0000000Z;10.0835;10.1365;992;992
2026-06-08T09:39:50.0000000Z;10.085;10.099;1000;1000
2026-06-08T09:40:21.0000000Z;10.0845;10.0975;1000;1000
2026-06-08T09:40:26.0000000Z;10.0675;10.0965;996;996
2026-06-08T09:40:27.0000000Z;10.0475;10.0965;996;996
2026-06-08T09:40:33.0000000Z;10.083;10.097;1000;1000
2026-06-08T09:40:33.0000000Z;10.083;10.097;1000;1000
2026-06-08T09:43:08.0000000Z;10.085;10.099;1000;1000
2026-06-08T09:45:43.0000000Z;10.0855;10.1365;992;992
2026-06-08T09:45:44.0000000Z;10.085;10.101;1000;1000
2026-06-08T09:45:44.0000000Z;10.085;10.101;1000;1000
2026-06-08T09:47:16.0000000Z;10.085;10.099;1000;1000
2026-06-08T09:50:57.0000000Z;10.0855;10.1365;992;992
2026-06-08T09:51:03.0000000Z;10.087;10.101;1000;1000
2026-06-08T09:51:26.0000000Z;10.085;10.101;1000;1000
2026-06-08T09:51:45.0000000Z;10.085;10.099;1000;1000
2026-06-08T09:54:17.0000000Z;10.085;10.101;1000;1000
2026-06-08T09:54:38.0000000Z;10.085;10.099;1000;1000
2026-06-08T09:54:38.0000000Z;10.085;10.099;1000;1000
2026-06-08T09:54:38.0000000Z;10.085;10.099;1000;1000
2026-06-08T10:02:29.0000000Z;10.0475;10.0985;996;996
2026-06-08T10:02:50.0000000Z;10.083;10.097;1000;1000
2026-06-08T10:03:16.0000000Z;10.0835;10.1365;992;992
2026-06-08T10:03:19.0000000Z;10.083;10.099;1000;1000
2026-06-08T10:03:20.0000000Z;10.085;10.099;1000;1000
2026-06-08T10:03:20.0000000Z;10.085;10.099;1000;1000
2026-06-08T10:07:22.0000000Z;10.085;10.101;1000;1000
2026-06-08T10:07:46.0000000Z;10.087;10.101;1000;1000
2026-06-08T10:07:46.0000000Z;10.087;10.101;1000;1000
2026-06-08T10:07:46.0000000Z;10.087;10.101;1000;1000
2026-06-08T10:16:12.0000000Z;10.085;10.099;1000;1000
2026-06-08T10:17:23.0000000Z;10.0845;10.0975;1000;1000
2026-06-08T10:17:28.0000000Z;10.083;10.097;1000;1000
2026-06-08T10:19:53.0000000Z;10.0845;10.0975;1000;1000
2026-06-08T10:19:53.0000000Z;10.0845;10.0975;1000;1000
2026-06-08T10:23:10.0000000Z;10.083;10.097;1000;1000
2026-06-08T10:24:08.0000000Z;10.0845;10.0975;1000;1000
2026-06-08T10:25:48.0000000Z;10.0855;10.1365;992;992
2026-06-08T10:25:50.0000000Z;10.085;10.099;1000;1000
2026-06-08T10:25:50.0000000Z;10.085;10.099;1000;1000
2026-06-08T10:29:32.0000000Z;10.0865;10.0995;1000;1000
2026-06-08T10:29:52.0000000Z;10.085;10.099;1000;1000
2026-06-08T10:30:03.0000000Z;10.0855;10.1365;992;992
2026-06-08T10:30:08.0000000Z;10.085;10.101;1000;1000
2026-06-08T10:30:09.0000000Z;10.087;10.101;1000;1000
2026-06-08T10:30:18.0000000Z;10.085;10.099;1000;1000
2026-06-08T10:30:18.0000000Z;10.085;10.099;1000;1000
2026-06-08T10:33:57.0000000Z;10.0855;10.1365;992;992
2026-06-08T10:34:00.0000000Z;10.087;10.101;1000;1000
2026-06-08T10:35:05.0000000Z;10.0095;10.2085;1717;1717
2026-06-08T10:35:05.0000000Z;10.0095;10.2085;1717;1717
2026-06-08T10:37:03.0000000Z;9.969;10.2495;948;948
2026-06-08T10:37:04.0000000Z;10.0095;10.2085;1717;1717
2026-06-08T10:37:36.0000000Z;10.053;10.1415;1717;1717
2026-06-08T10:37:37.0000000Z;10.0535;10.1425;995;995
2026-06-08T10:37:37.0000000Z;10.0535;10.1425;995;995
2026-06-08T10:37:37.0000000Z;10.0535;10.1425;995;995
2026-06-08T10:37:37.0000000Z;10.0535;10.1425;995;995
2026-06-08T10:37:37.0000000Z;10.0535;10.1425;995;995
2026-06-08T10:59:38.0000000Z;10.0515;10.1425;995;995
2026-06-08T11:00:59.0000000Z;10.0535;10.1425;995;995
2026-06-08T11:01:08.0000000Z;10.0515;10.1425;995;995
2026-06-08T11:01:09.0000000Z;10.0475;10.1365;996;996
2026-06-08T11:01:09.0000000Z;10.0475;10.1365;996;996
2026-06-08T11:08:12.0000000Z;10.085;10.099;1000;1000
2026-06-08T11:09:30.0000000Z;10.085;10.0985;1981;1981
2026-06-08T11:10:05.0000000Z;10.085;10.0995;1981;1981
2026-06-08T11:10:13.0000000Z;10.086;10.0995;1981;1981
2026-06-08T11:10:48.0000000Z;9.9928;10.1915;3000;3000
2026-06-08T11:10:48.0000000Z;9.9928;10.1915;3000;3000
2026-06-08T11:12:50.0000000Z;10.0895;10.103;1981;1981
2026-06-08T11:12:52.0000000Z;10.089;10.103;1000;1000
2026-06-08T11:14:38.0000000Z;10.089;10.105;1000;1000
2026-06-08T11:14:49.0000000Z;10.0915;10.1405;992;992
2026-06-08T11:15:41.0000000Z;9.9966;10.1945;1717;1717
2026-06-08T11:15:41.0000000Z;9.9966;10.1945;1717;1717
2026-06-08T11:16:07.0000000Z;9.9966;10.1945;18887;18887
2026-06-08T11:16:15.0000000Z;9.9966;10.1945;1717;1717
2026-06-08T11:16:19.0000000Z;9.957;10.235;17170;17170
2026-06-08T11:16:20.0000000Z;9.9966;10.1945;1717;1717
2026-06-08T11:17:11.0000000Z;9.9966;10.1945;18887;18887
2026-06-08T11:17:16.0000000Z;9.9966;10.1945;1717;1717
2026-06-08T11:17:26.0000000Z;9.9174;10.1945;17170;17170
2026-06-08T11:17:28.0000000Z;9.9966;10.1945;1717;1717
2026-06-08T11:17:43.0000000Z;9.957;10.235;17170;17170
2026-06-08T11:17:45.0000000Z;9.957;10.1945;1717;1717
2026-06-08T11:17:48.0000000Z;9.957;10.1945;17170;17170
2026-06-08T11:17:50.0000000Z;9.9966;10.1945;1717;1717
2026-06-08T11:18:05.0000000Z;9.9966;10.1945;18887;18887
2026-06-08T11:18:10.0000000Z;9.9966;10.1945;1717;1717
2026-06-08T11:18:30.0000000Z;9.9966;10.1945;1717;1717
2026-06-08T11:18:35.0000000Z;9.9966;10.235;17170;17170
2026-06-08T11:18:36.0000000Z;9.9966;10.1945;1717;1717
2026-06-08T11:18:51.0000000Z;9.9966;10.1945;18887;18887
2026-06-08T11:18:56.0000000Z;9.9966;10.1945;1717;1717
2026-06-08T11:19:01.0000000Z;9.9966;10.235;17170;17170
2026-06-08T11:19:02.0000000Z;9.9966;10.235;18887;18887
2026-06-08T11:19:06.0000000Z;9.9966;10.235;1717;1717
2026-06-08T11:19:07.0000000Z;9.957;10.235;17170;17170
2026-06-08T11:19:08.0000000Z;9.957;10.1945;1717;1717
2026-06-08T11:19:13.0000000Z;9.957;10.1945;17170;17170
2026-06-08T11:19:20.0000000Z;9.9966;10.1945;1717;1717
2026-06-08T11:19:25.0000000Z;9.957;10.235;17170;17170
2026-06-08T11:19:44.0000000Z;9.9966;10.1945;1717;1717
2026-06-08T11:20:11.0000000Z;9.9966;10.1945;18887;18887
2026-06-08T11:20:14.0000000Z;9.9966;10.1945;1717;1717
2026-06-08T11:20:20.0000000Z;9.9966;10.1945;18887;18887
2026-06-08T11:20:25.0000000Z;9.957;10.235;17170;17170
2026-06-08T11:20:26.0000000Z;9.9966;10.1945;1717;1717
2026-06-08T11:20:36.0000000Z;9.9966;10.1945;18887;18887
2026-06-08T11:20:41.0000000Z;9.9966;10.1945;1717;1717
2026-06-08T11:20:46.0000000Z;9.9966;10.1945;18887;18887
2026-06-08T11:20:53.0000000Z;9.9966;10.1945;1717;1717
2026-06-08T11:20:56.0000000Z;9.9966;10.1945;18887;18887
2026-06-08T11:21:01.0000000Z;9.9966;10.1945;1717;1717
2026-06-08T11:21:06.0000000Z;9.9966;10.1945;18887;18887
2026-06-08T11:21:12.0000000Z;9.9966;10.1945;1717;1717
2026-06-08T11:21:27.0000000Z;9.9966;10.1945;1717;1717
2026-06-08T11:21:37.0000000Z;9.9966;10.1945;18887;18887
2026-06-08T11:21:42.0000000Z;10.0965;10.11;1981;1981
2026-06-08T11:21:49.0000000Z;10.097;10.111;1000;1000
2026-06-08T11:21:56.0000000Z;10.0975;10.1485;991;991
2026-06-08T11:22:06.0000000Z;10.097;10.113;1000;1000
2026-06-08T11:22:28.0000000Z;10.0595;10.1125;995;995
2026-06-08T11:22:30.0000000Z;10.097;10.111;1000;1000
2026-06-08T11:23:25.0000000Z;10.0595;10.1105;995;995
2026-06-08T11:23:31.0000000Z;10.095;10.111;1000;1000
2026-06-08T11:23:32.0000000Z;10.095;10.109;1000;1000
2026-06-08T11:24:20.0000000Z;10.0955;10.1485;991;991
2026-06-08T11:24:24.0000000Z;10.097;10.111;1000;1000
2026-06-08T11:24:24.0000000Z;10.097;10.111;1000;1000
2026-06-08T11:26:27.0000000Z;10.095;10.109;1000;1000
2026-06-08T11:26:48.0000000Z;10.0595;10.1085;995;995
2026-06-08T11:26:53.0000000Z;10.095;10.109;1000;1000
2026-06-08T11:29:56.0000000Z;10.0955;10.1485;991;991
2026-06-08T11:30:03.0000000Z;10.095;10.109;1000;1000
2026-06-08T11:30:48.0000000Z;10.097;10.111;1000;1000
2026-06-08T11:30:48.0000000Z;10.097;10.111;1000;1000
2026-06-08T11:35:30.0000000Z;10.097;10.113;1000;1000
2026-06-08T11:36:15.0000000Z;10.099;10.113;1000;1000
2026-06-08T11:36:53.0000000Z;10.0795;10.1125;995;995
2026-06-08T11:36:54.0000000Z;10.0595;10.1125;995;995
2026-06-08T11:36:57.0000000Z;10.097;10.113;1000;1000
2026-06-08T11:37:29.0000000Z;10.097;10.111;1000;1000
2026-06-08T11:38:51.0000000Z;10.097;10.113;1000;1000
2026-06-08T11:40:41.0000000Z;10.099;10.113;1000;1000
2026-06-08T11:40:41.0000000Z;10.099;10.113;1000;1000
2026-06-08T11:43:03.0000000Z;10.099;10.115;1000;1000
2026-06-08T11:43:21.0000000Z;10.101;10.115;1000;1000
2026-06-08T11:43:41.0000000Z;10.099;10.115;1000;1000
2026-06-08T11:44:29.0000000Z;10.099;10.113;1000;1000
2026-06-08T11:44:29.0000000Z;10.099;10.113;1000;1000
2026-06-08T11:47:09.0000000Z;10.097;10.113;1000;1000
2026-06-08T11:48:46.0000000Z;10.097;10.111;1000;1000
2026-06-08T11:48:46.0000000Z;10.097;10.111;1000;1000
2026-06-08T11:48:46.0000000Z;10.097;10.111;1000;1000
2026-06-08T11:48:46.0000000Z;10.097;10.111;1000;1000
2026-06-08T12:06:03.0000000Z;10.0595;10.1105;995;995
2026-06-08T12:06:18.0000000Z;10.095;10.109;1000;1000
2026-06-08T12:10:32.0000000Z;10.0965;10.1095;1000;1000
2026-06-08T12:10:33.0000000Z;10.097;10.111;1000;1000
2026-06-08T12:11:01.0000000Z;10.095;10.111;1000;1000
2026-06-08T12:11:31.0000000Z;10.095;10.109;1000;1000
2026-06-08T12:11:35.0000000Z;10.0595;10.1085;995;995
2026-06-08T12:11:38.0000000Z;10.095;10.109;1000;1000
2026-06-08T12:11:43.0000000Z;10.093;10.109;1000;1000
2026-06-08T12:12:25.0000000Z;10.095;10.109;1000;1000
2026-06-08T12:14:33.0000000Z;10.093;10.109;1000;1000
2026-06-08T12:15:37.0000000Z;10.093;10.107;1000;1000
2026-06-08T12:15:37.0000000Z;10.093;10.107;1000;1000
2026-06-08T12:20:47.0000000Z;10.093;10.109;1000;1000
2026-06-08T12:20:47.0000000Z;10.093;10.109;1000;1000
2026-06-08T12:21:18.0000000Z;10.095;10.109;1000;1000
2026-06-08T12:21:24.0000000Z;10.0955;10.1485;991;991
2026-06-08T12:21:34.0000000Z;10.095;10.109;1000;1000
2026-06-08T12:22:43.0000000Z;10.0955;10.1265;991;991
2026-06-08T12:22:44.0000000Z;10.0955;10.1485;991;991
2026-06-08T12:22:48.0000000Z;10.0955;10.1265;991;991
2026-06-08T12:23:14.0000000Z;10.095;10.111;1000;1000
2026-06-08T12:23:46.0000000Z;10.095;10.109;1000;1000
2026-06-08T12:24:53.0000000Z;10.095;10.111;1000;1000
2026-06-08T12:24:55.0000000Z;10.097;10.111;1000;1000
2026-06-08T12:24:55.0000000Z;10.097;10.111;1000;1000
2026-06-08T12:28:00.0000000Z;10.095;10.111;1000;1000
2026-06-08T12:29:30.0000000Z;10.096;10.1105;1981;1981
2026-06-08T12:29:35.0000000Z;10.097;10.1105;1981;1981
2026-06-08T12:30:12.0000000Z;10.0975;10.1475;1981;1981
2026-06-08T12:30:17.0000000Z;10.097;10.1115;1981;1981
2026-06-08T12:30:23.0000000Z;10.098;10.1115;1981;1981
2026-06-08T12:30:49.0000000Z;10.059;10.111;1981;1981
2026-06-08T12:30:55.0000000Z;10.097;10.1105;1981;1981
2026-06-08T12:30:55.0000000Z;10.097;10.1105;1981;1981
2026-06-08T12:31:55.0000000Z;10.059;10.11;1981;1981
2026-06-08T12:31:58.0000000Z;10.096;10.1095;1981;1981
2026-06-08T12:32:01.0000000Z;10.095;10.109;1000;1000
2026-06-08T12:32:38.0000000Z;10.0955;10.1265;991;991
2026-06-08T12:32:39.0000000Z;10.0955;10.1485;991;991
2026-06-08T12:32:40.0000000Z;10.097;10.111;1000;1000
2026-06-08T12:33:20.0000000Z;10.095;10.109;1000;1000
2026-06-08T12:33:37.0000000Z;10.0975;10.1485;991;991
2026-06-08T12:33:39.0000000Z;10.097;10.111;1000;1000
2026-06-08T12:33:59.0000000Z;10.095;10.109;1000;1000
2026-06-08T12:34:23.0000000Z;10.097;10.111;1000;1000
2026-06-08T12:34:37.0000000Z;10.095;10.109;1000;1000
2026-06-08T12:34:37.0000000Z;10.095;10.109;1000;1000
2026-06-08T12:40:16.0000000Z;10.0595;10.1085;995;995
2026-06-08T12:40:20.0000000Z;10.095;10.109;1000;1000
2026-06-08T12:40:26.0000000Z;10.0955;10.1485;991;991
2026-06-08T12:40:36.0000000Z;10.095;10.111;1000;1000
2026-06-08T12:40:37.0000000Z;10.095;10.109;1000;1000
2026-06-08T12:40:37.0000000Z;10.095;10.109;1000;1000
2026-06-08T12:43:01.0000000Z;10.0955;10.1485;991;991
2026-06-08T12:43:37.0000000Z;10.097;10.111;1000;1000
2026-06-08T12:45:26.0000000Z;10.0795;10.1105;995;995
2026-06-08T12:45:27.0000000Z;10.0595;10.1105;995;995
2026-06-08T12:45:31.0000000Z;10.095;10.111;1000;1000
2026-06-08T12:45:31.0000000Z;10.095;10.111;1000;1000
2026-06-08T12:48:48.0000000Z;10.095;10.109;1000;1000
2026-06-08T12:49:56.0000000Z;10.0595;10.1085;995;995
2026-06-08T12:50:00.0000000Z;10.095;10.109;1000;1000
2026-06-08T12:50:00.0000000Z;10.095;10.109;1000;1000
2026-06-08T12:51:29.0000000Z;10.093;10.109;1000;1000
2026-06-08T12:55:11.0000000Z;10.0935;10.1485;991;991
2026-06-08T12:55:17.0000000Z;10.095;10.109;1000;1000
2026-06-08T12:55:17.0000000Z;10.095;10.109;1000;1000
2026-06-08T12:55:17.0000000Z;10.095;10.109;1000;1000
2026-06-08T13:05:59.0000000Z;10.093;10.107;1000;1000
2026-06-08T13:05:59.0000000Z;10.093;10.107;1000;1000
2026-06-08T13:05:59.0000000Z;10.093;10.107;1000;1000
2026-06-08T13:05:59.0000000Z;10.093;10.107;1000;1000
2026-06-08T13:20:40.0000000Z;10.0935;10.1485;991;991
2026-06-08T13:20:40.0000000Z;10.0935;10.1485;991;991
2026-06-08T13:21:07.0000000Z;10.095;10.109;1000;1000
2026-06-08T13:21:47.0000000Z;10.0955;10.1265;991;991
2026-06-08T13:21:49.0000000Z;10.0955;10.1485;991;991
2026-06-08T13:21:53.0000000Z;10.097;10.111;1000;1000
2026-06-08T13:24:22.0000000Z;10.0975;10.1265;991;991
2026-06-08T13:24:23.0000000Z;10.0975;10.1485;991;991
2026-06-08T13:24:25.0000000Z;10.097;10.111;1000;1000
2026-06-08T13:24:25.0000000Z;10.097;10.111;1000;1000
2026-06-08T13:28:04.0000000Z;10.097;10.113;991;991
2026-06-08T13:28:17.0000000Z;10.0975;10.1485;991;991
2026-06-08T13:28:21.0000000Z;10.099;10.113;991;991
2026-06-08T13:29:08.0000000Z;10.097;10.113;991;991
2026-06-08T13:30:46.0000000Z;10.099;10.113;991;991
2026-06-08T13:30:46.0000000Z;10.099;10.113;991;991
2026-06-08T13:31:51.0000000Z;10.099;10.115;991;991
2026-06-08T13:32:48.0000000Z;10.0915;10.1245;300;300
2026-06-08T13:33:47.0000000Z;10.0895;10.1225;300;300
2026-06-08T13:35:42.0000000Z;10.099;10.113;1000;1000
2026-06-08T13:35:42.0000000Z;10.099;10.113;1000;1000
2026-06-08T13:35:42.0000000Z;10.099;10.113;1000;1000
2026-06-08T13:41:54.0000000Z;10.0985;10.1115;1000;1000
2026-06-08T13:43:27.0000000Z;10.097;10.111;1000;1000
2026-06-08T13:45:11.0000000Z;10.0965;10.1095;1000;1000
2026-06-08T13:45:11.0000000Z;10.0965;10.1095;1000;1000
2026-06-08T13:46:05.0000000Z;10.095;10.109;1000;1000
2026-06-08T13:49:55.0000000Z;10.095;10.111;1000;1000
2026-06-08T13:49:55.0000000Z;10.095;10.111;1000;1000
2026-06-08T13:51:16.0000000Z;10.095;10.109;1000;1000
2026-06-08T13:52:59.0000000Z;10.095;10.111;1000;1000
2026-06-08T13:53:39.0000000Z;10.097;10.111;1000;1000
2026-06-08T13:53:39.0000000Z;10.097;10.111;1000;1000
2026-06-08T13:56:27.0000000Z;10.095;10.111;1000;1000
2026-06-08T13:56:37.0000000Z;10.097;10.111;1000;1000
2026-06-08T13:56:37.0000000Z;10.097;10.111;1000;1000
2026-06-08T14:01:17.0000000Z;10.095;10.109;1000;1000
2026-06-08T14:03:17.0000000Z;10.093;10.109;1000;1000
2026-06-08T14:03:17.0000000Z;10.093;10.109;1000;1000
2026-06-08T14:08:43.0000000Z;10.093;10.107;1000;1000
2026-06-08T14:08:43.0000000Z;10.093;10.107;1000;1000
2026-06-08T14:13:40.0000000Z;10.091;10.107;1000;1000
2026-06-08T14:16:09.0000000Z;10.091;10.105;1000;1000
2026-06-08T14:16:09.0000000Z;10.091;10.105;1000;1000
2026-06-08T14:24:22.0000000Z;10.089;10.103;1000;1000
2026-06-08T14:24:29.0000000Z;10.0895;10.1425;992;992
2026-06-08T14:24:41.0000000Z;10.091;10.105;1000;1000
2026-06-08T14:24:58.0000000Z;10.089;10.103;1000;1000
2026-06-08T14:24:58.0000000Z;10.089;10.103;1000;1000
2026-06-08T14:26:46.0000000Z;10.091;10.105;1000;1000
2026-06-08T14:27:01.0000000Z;10.089;10.105;1000;1000
2026-06-08T14:27:14.0000000Z;10.089;10.103;1000;1000
2026-06-08T14:29:47.0000000Z;10.089;10.105;1000;1000
2026-06-08T14:29:52.0000000Z;10.091;10.105;1000;1000
2026-06-08T14:31:02.0000000Z;10.089;10.103;1000;1000
2026-06-08T14:33:58.0000000Z;10.0535;10.1025;995;995
2026-06-08T14:34:05.0000000Z;10.087;10.103;1000;1000
2026-06-08T14:34:22.0000000Z;10.089;10.103;1000;1000
2026-06-08T14:34:22.0000000Z;10.089;10.103;1000;1000
2026-06-08T14:37:37.0000000Z;10.087;10.103;1000;1000
2026-06-08T14:38:29.0000000Z;10.089;10.103;1000;1000
2026-06-08T14:40:16.0000000Z;10.087;10.101;1000;1000
2026-06-08T14:40:16.0000000Z;10.087;10.101;1000;1000
2026-06-08T14:45:30.0000000Z;10.087;10.103;1000;1000
2026-06-08T14:45:35.0000000Z;10.089;10.103;1000;1000
2026-06-08T14:45:46.0000000Z;10.0895;10.1385;992;992
2026-06-08T14:45:56.0000000Z;10.089;10.103;1000;1000
2026-06-08T14:45:56.0000000Z;10.089;10.103;1000;1000
2026-06-08T14:49:53.0000000Z;10.087;10.103;1000;1000
2026-06-08T14:50:08.0000000Z;10.087;10.101;1000;1000
2026-06-08T14:50:08.0000000Z;10.087;10.101;1000;1000
2026-06-08T14:51:41.0000000Z;10.087;10.103;1000;1000
2026-06-08T14:52:06.0000000Z;10.089;10.103;1000;1000
2026-06-08T14:55:39.0000000Z;10.089;10.105;1000;1000
