2026-06-08T07:55:19.0000000Z;24.49;24.67;500;2450
2026-06-08T07:57:27.0000000Z;24.49;24.666;500;500
2026-06-08T07:57:37.0000000Z;24.49;24.67;500;2450
2026-06-08T07:58:14.0000000Z;24.49;24.67;1068;2450
2026-06-08T07:58:44.0000000Z;24.492;24.67;500;2450
2026-06-08T07:59:35.0000000Z;24.496;24.67;500;2450
2026-06-08T07:59:42.0000000Z;24.492;24.67;1770;2450
2026-06-08T08:00:00.0000000Z;24.492;24.72;1770;500
2026-06-08T08:00:01.0000000Z;24.504;24.67;500;500
2026-06-08T08:00:02.0000000Z;24.506;24.684;500;500
2026-06-08T08:00:03.0000000Z;24.518;24.684;2465;500
2026-06-08T08:00:33.0000000Z;24.52;24.684;500;500
2026-06-08T08:00:33.0000000Z;24.52;24.684;500;500
2026-06-08T08:04:15.0000000Z;24.52;24.698;500;1053
2026-06-08T08:04:25.0000000Z;24.52;24.698;500;500
2026-06-08T08:04:43.0000000Z;24.52;24.698;500;1053
2026-06-08T08:04:45.0000000Z;24.52;24.696;500;500
2026-06-08T08:04:46.0000000Z;24.52;24.696;500;702
2026-06-08T08:04:47.0000000Z;24.52;24.684;500;2450
2026-06-08T08:05:18.0000000Z;24.52;24.682;500;500
2026-06-08T08:05:18.0000000Z;24.52;24.682;500;500
2026-06-08T08:06:57.0000000Z;24.566;24.682;500;500
2026-06-08T08:07:20.0000000Z;24.508;24.682;500;500
2026-06-08T08:08:16.0000000Z;24.514;24.682;1090;500
2026-06-08T08:08:19.0000000Z;24.52;24.682;2465;500
2026-06-08T08:08:49.0000000Z;24.522;24.682;500;500
2026-06-08T08:09:41.0000000Z;24.528;24.694;500;500
2026-06-08T08:09:51.0000000Z;24.524;24.694;500;500
2026-06-08T08:10:23.0000000Z;24.522;24.694;500;500
2026-06-08T08:10:29.0000000Z;24.524;24.69;500;500
2026-06-08T08:10:36.0000000Z;24.522;24.682;500;2450
2026-06-08T08:10:36.0000000Z;24.522;24.682;500;2450
2026-06-08T08:11:06.0000000Z;24.522;24.68;500;500
2026-06-08T08:11:20.0000000Z;24.522;24.69;500;500
2026-06-08T08:12:06.0000000Z;24.522;24.69;1068;500
2026-06-08T08:12:16.0000000Z;24.522;24.69;500;500
2026-06-08T08:14:18.0000000Z;24.522;24.68;500;500
2026-06-08T08:14:19.0000000Z;24.522;24.68;500;2450
2026-06-08T08:14:28.0000000Z;24.514;24.678;500;500
2026-06-08T08:14:32.0000000Z;24.51;24.678;500;500
2026-06-08T08:15:44.0000000Z;24.51;24.678;500;1053
2026-06-08T08:15:46.0000000Z;24.51;24.666;500;2450
2026-06-08T08:15:48.0000000Z;24.506;24.664;2121;500
2026-06-08T08:15:51.0000000Z;24.506;24.664;500;500
2026-06-08T08:15:53.0000000Z;24.506;24.664;500;1053
2026-06-08T08:15:54.0000000Z;24.498;24.662;500;500
2026-06-08T08:16:03.0000000Z;24.49;24.662;500;500
2026-06-08T08:16:04.0000000Z;24.49;24.65;500;500
2026-06-08T08:16:05.0000000Z;24.49;24.65;500;2450
2026-06-08T08:16:06.0000000Z;24.486;24.648;500;500
2026-06-08T08:16:07.0000000Z;24.49;24.648;500;500
2026-06-08T08:16:08.0000000Z;24.49;24.648;2121;500
2026-06-08T08:16:15.0000000Z;24.49;24.648;500;500
2026-06-08T08:16:38.0000000Z;24.492;24.648;500;500
2026-06-08T08:19:01.0000000Z;24.486;24.648;500;500
2026-06-08T08:19:03.0000000Z;24.486;24.658;500;500
2026-06-08T08:19:11.0000000Z;24.486;24.662;500;2450
2026-06-08T08:20:01.0000000Z;24.494;24.662;500;2450
2026-06-08T08:20:13.0000000Z;24.5;24.662;500;2450
2026-06-08T08:20:13.0000000Z;24.5;24.662;500;2450
2026-06-08T08:23:12.0000000Z;24.496;24.662;500;2450
2026-06-08T08:24:16.0000000Z;24.492;24.662;1090;2450
2026-06-08T08:24:21.0000000Z;24.492;24.662;1068;2450
2026-06-08T08:24:23.0000000Z;24.496;24.662;500;2450
2026-06-08T08:24:30.0000000Z;24.5;24.662;500;2450
2026-06-08T08:25:34.0000000Z;24.496;24.662;500;2450
2026-06-08T08:26:15.0000000Z;24.486;24.658;500;500
2026-06-08T08:27:33.0000000Z;24.486;24.658;500;500
2026-06-08T08:27:37.0000000Z;24.486;24.648;500;2450
2026-06-08T08:27:51.0000000Z;24.476;24.642;500;500
2026-06-08T08:29:03.0000000Z;24.476;24.646;500;500
2026-06-08T08:29:13.0000000Z;24.48;24.646;500;500
2026-06-08T08:29:48.0000000Z;24.478;24.646;1068;500
2026-06-08T08:29:53.0000000Z;24.49;24.646;2465;500
2026-06-08T08:30:01.0000000Z;24.49;24.646;500;500
2026-06-08T08:30:03.0000000Z;24.49;24.654;500;500
2026-06-08T08:30:48.0000000Z;24.494;24.656;2121;500
2026-06-08T08:30:49.0000000Z;24.496;24.662;500;500
2026-06-08T08:30:52.0000000Z;24.502;24.662;500;500
2026-06-08T08:30:53.0000000Z;24.502;24.662;2465;500
2026-06-08T08:31:03.0000000Z;24.504;24.666;500;500
2026-06-08T08:32:32.0000000Z;24.504;24.67;500;500
2026-06-08T08:32:34.0000000Z;24.504;24.674;500;500
2026-06-08T08:33:34.0000000Z;24.504;24.678;500;500
2026-06-08T08:34:40.0000000Z;24.504;24.678;1068;500
2026-06-08T08:34:46.0000000Z;24.504;24.678;500;500
2026-06-08T08:35:52.0000000Z;24.504;24.674;500;500
2026-06-08T08:36:05.0000000Z;24.504;24.666;500;2450
2026-06-08T08:36:35.0000000Z;24.504;24.664;500;500
2026-06-08T08:40:49.0000000Z;24.504;24.666;1448;2450
2026-06-08T08:40:50.0000000Z;24.48;24.692;1455;1394
2026-06-08T08:40:52.0000000Z;24.48;24.954;1455;1394
2026-06-08T08:40:54.0000000Z;24.436;25.104;1455;1394
2026-06-08T08:40:56.0000000Z;24.492;25.24;769;757
2026-06-08T08:40:56.0000000Z;24.492;25.24;769;757
2026-06-08T08:41:27.0000000Z;24.492;25.24;769;757
2026-06-08T08:41:29.0000000Z;24.48;25.24;1432;757
2026-06-08T08:41:30.0000000Z;24.492;24.662;2465;2450
2026-06-08T08:42:00.0000000Z;24.494;24.662;500;2450
2026-06-08T08:43:07.0000000Z;24.506;24.662;500;2450
2026-06-08T08:43:08.0000000Z;24.506;24.662;2465;2450
2026-06-08T08:43:17.0000000Z;24.506;24.662;2465;500
2026-06-08T08:43:38.0000000Z;24.508;24.662;500;500
2026-06-08T08:45:28.0000000Z;24.512;24.67;2121;500
2026-06-08T08:45:40.0000000Z;24.514;24.682;500;500
2026-06-08T08:45:51.0000000Z;24.522;24.682;2465;500
2026-06-08T08:45:51.0000000Z;24.522;24.682;2465;500
2026-06-08T08:46:21.0000000Z;24.524;24.684;500;500
2026-06-08T08:47:31.0000000Z;24.518;24.684;500;500
2026-06-08T08:47:42.0000000Z;24.51;24.684;500;500
2026-06-08T08:49:02.0000000Z;24.522;24.684;2465;500
2026-06-08T08:49:32.0000000Z;24.524;24.684;500;500
2026-06-08T08:50:39.0000000Z;24.536;24.684;2465;500
2026-06-08T08:50:40.0000000Z;24.538;24.696;500;500
2026-06-08T08:50:40.0000000Z;24.538;24.696;500;500
2026-06-08T08:54:54.0000000Z;24.542;24.708;500;500
2026-06-08T08:55:05.0000000Z;24.542;24.708;2121;500
2026-06-08T08:55:09.0000000Z;24.542;24.708;500;500
2026-06-08T08:55:09.0000000Z;24.542;24.708;500;500
2026-06-08T08:56:25.0000000Z;24.538;24.704;500;500
2026-06-08T08:56:54.0000000Z;24.538;24.704;500;702
2026-06-08T08:56:55.0000000Z;24.538;24.7;500;500
2026-06-08T08:57:07.0000000Z;24.538;24.706;500;500
2026-06-08T08:57:23.0000000Z;24.538;24.696;500;2450
2026-06-08T08:57:53.0000000Z;24.538;24.694;500;500
2026-06-08T08:59:10.0000000Z;24.538;24.706;500;500
2026-06-08T08:59:54.0000000Z;24.538;24.706;1068;500
2026-06-08T09:00:25.0000000Z;24.54;24.706;500;500
2026-06-08T09:00:49.0000000Z;24.55;24.706;500;500
2026-06-08T09:00:50.0000000Z;24.55;24.706;2465;500
2026-06-08T09:00:54.0000000Z;24.552;24.714;500;500
2026-06-08T09:00:58.0000000Z;24.552;24.71;500;500
2026-06-08T09:01:10.0000000Z;24.552;24.718;500;500
2026-06-08T09:01:39.0000000Z;24.552;24.718;1068;500
2026-06-08T09:01:43.0000000Z;24.552;24.718;1068;1053
2026-06-08T09:01:53.0000000Z;24.552;24.718;1068;500
2026-06-08T09:01:57.0000000Z;24.552;24.718;500;500
2026-06-08T09:02:10.0000000Z;24.554;24.718;500;500
2026-06-08T09:04:34.0000000Z;24.552;24.718;500;500
2026-06-08T09:04:36.0000000Z;24.552;24.722;500;500
2026-06-08T09:04:37.0000000Z;24.568;24.728;1068;500
2026-06-08T09:04:38.0000000Z;24.57;24.728;500;500
2026-06-08T09:04:47.0000000Z;24.57;24.732;500;2450
2026-06-08T09:05:26.0000000Z;24.568;24.728;500;500
2026-06-08T09:05:47.0000000Z;24.568;24.718;500;2450
2026-06-08T09:05:48.0000000Z;24.554;24.716;500;500
2026-06-08T09:05:48.0000000Z;24.554;24.716;500;500
2026-06-08T09:07:31.0000000Z;24.546;24.716;500;500
2026-06-08T09:09:28.0000000Z;24.542;24.716;500;500
2026-06-08T09:09:32.0000000Z;24.542;24.712;500;500
2026-06-08T09:10:58.0000000Z;24.542;24.716;500;500
2026-06-08T09:11:00.0000000Z;24.556;24.716;500;500
2026-06-08T09:14:54.0000000Z;24.56;24.728;500;500
2026-06-08T09:15:11.0000000Z;24.556;24.728;500;500
2026-06-08T09:15:11.0000000Z;24.556;24.728;500;500
2026-06-08T09:16:15.0000000Z;24.568;24.728;2465;500
2026-06-08T09:16:45.0000000Z;24.57;24.728;500;500
2026-06-08T09:18:34.0000000Z;24.562;24.728;500;500
2026-06-08T09:18:44.0000000Z;24.558;24.728;500;500
2026-06-08T09:20:59.0000000Z;24.558;24.728;1068;500
2026-06-08T09:20:59.0000000Z;24.558;24.728;1068;500
2026-06-08T09:21:25.0000000Z;24.558;24.728;500;500
2026-06-08T09:24:25.0000000Z;24.558;24.728;500;1053
2026-06-08T09:24:32.0000000Z;24.558;24.72;500;1053
2026-06-08T09:24:33.0000000Z;24.558;24.718;500;500
2026-06-08T09:24:43.0000000Z;24.558;24.722;500;500
2026-06-08T09:24:45.0000000Z;24.558;24.728;500;500
2026-06-08T09:24:49.0000000Z;24.562;24.728;500;500
2026-06-08T09:24:57.0000000Z;24.558;24.728;500;500
2026-06-08T09:24:57.0000000Z;24.558;24.728;500;500
2026-06-08T09:28:01.0000000Z;24.558;24.724;500;500
2026-06-08T09:28:11.0000000Z;24.558;24.716;500;2450
2026-06-08T09:28:15.0000000Z;24.558;24.716;500;2400
2026-06-08T09:28:16.0000000Z;24.55;24.714;500;500
2026-06-08T09:28:26.0000000Z;24.546;24.714;500;500
2026-06-08T09:29:48.0000000Z;24.546;24.71;500;500
2026-06-08T09:30:01.0000000Z;24.546;24.71;29;29
2026-06-08T09:30:03.0000000Z;24.546;24.71;500;1053
2026-06-08T09:30:06.0000000Z;24.546;24.702;500;2450
2026-06-08T09:30:36.0000000Z;24.546;24.7;500;500
2026-06-08T09:30:36.0000000Z;24.546;24.7;500;500
2026-06-08T09:34:15.0000000Z;24.534;24.704;500;500
2026-06-08T09:34:25.0000000Z;24.534;24.698;500;1755
2026-06-08T09:34:29.0000000Z;24.534;24.698;500;1053
2026-06-08T09:34:35.0000000Z;24.534;24.698;500;500
2026-06-08T09:34:37.0000000Z;24.534;24.708;500;500
2026-06-08T09:34:46.0000000Z;24.534;24.7;500;2450
2026-06-08T09:35:16.0000000Z;24.534;24.698;500;500
2026-06-08T09:35:16.0000000Z;24.534;24.698;500;500
2026-06-08T09:36:07.0000000Z;24.538;24.698;500;500
2026-06-08T09:36:11.0000000Z;24.538;24.698;500;3675
2026-06-08T09:36:21.0000000Z;24.538;24.698;500;500
2026-06-08T09:36:24.0000000Z;24.538;24.71;500;500
2026-06-08T09:36:27.0000000Z;24.538;24.71;2121;500
2026-06-08T09:36:33.0000000Z;24.546;24.71;2465;500
2026-06-08T09:36:42.0000000Z;24.568;24.71;500;500
2026-06-08T09:36:43.0000000Z;24.568;24.71;2465;500
2026-06-08T09:36:47.0000000Z;24.57;24.734;500;1053
2026-06-08T09:36:48.0000000Z;24.57;24.754;1431;1404
2026-06-08T09:36:49.0000000Z;24.548;24.712;500;500
2026-06-08T09:36:52.0000000Z;24.52;24.786;500;500
2026-06-08T09:37:14.0000000Z;24.56;24.786;500;500
2026-06-08T09:37:15.0000000Z;24.562;24.732;500;500
2026-06-08T09:37:17.0000000Z;24.562;24.732;500;2450
2026-06-08T09:37:26.0000000Z;24.566;24.732;500;2450
2026-06-08T09:37:50.0000000Z;24.566;24.732;1068;2450
2026-06-08T09:37:55.0000000Z;24.566;24.732;500;2450
2026-06-08T09:37:56.0000000Z;24.568;24.732;500;2450
2026-06-08T09:38:14.0000000Z;24.566;24.728;500;500
2026-06-08T09:38:18.0000000Z;24.562;24.728;500;500
2026-06-08T09:38:20.0000000Z;24.562;24.716;500;500
2026-06-08T09:38:28.0000000Z;24.552;24.716;500;500
2026-06-08T09:39:12.0000000Z;24.55;24.716;500;500
2026-06-08T09:39:15.0000000Z;24.55;24.716;1770;500
2026-06-08T09:39:22.0000000Z;24.554;24.716;1068;500
2026-06-08T09:39:24.0000000Z;24.562;24.716;1090;500
2026-06-08T09:39:29.0000000Z;24.562;24.716;500;500
2026-06-08T09:39:54.0000000Z;24.56;24.716;500;500
2026-06-08T09:40:17.0000000Z;24.55;24.716;500;500
2026-06-08T09:40:17.0000000Z;24.55;24.716;500;500
2026-06-08T09:42:32.0000000Z;24.536;24.716;500;500
2026-06-08T09:42:34.0000000Z;24.434;24.716;500;500
2026-06-08T09:42:35.0000000Z;24.456;24.716;1090;500
2026-06-08T09:42:36.0000000Z;24.478;24.716;717;500
2026-06-08T09:42:37.0000000Z;24.492;24.716;500;500
2026-06-08T09:42:38.0000000Z;24.508;24.716;1090;500
2026-06-08T09:42:39.0000000Z;24.524;24.716;500;500
2026-06-08T09:42:40.0000000Z;24.542;24.716;500;500
2026-06-08T09:42:41.0000000Z;24.542;24.716;2121;500
2026-06-08T09:42:47.0000000Z;24.556;24.718;500;2450
2026-06-08T09:42:48.0000000Z;24.558;24.716;500;500
2026-06-08T09:43:02.0000000Z;24.558;24.724;500;500
2026-06-08T09:43:03.0000000Z;24.558;24.724;1068;500
2026-06-08T09:43:33.0000000Z;24.56;24.724;500;500
2026-06-08T09:43:44.0000000Z;24.57;24.724;2465;500
2026-06-08T09:43:46.0000000Z;24.572;24.736;500;500
2026-06-08T09:43:53.0000000Z;24.572;24.736;500;1053
2026-06-08T09:44:03.0000000Z;24.572;24.736;500;500
2026-06-08T09:45:36.0000000Z;24.632;24.748;500;500
2026-06-08T09:45:46.0000000Z;24.64;24.748;500;500
2026-06-08T09:45:47.0000000Z;24.64;24.748;500;1053
2026-06-08T09:45:57.0000000Z;24.64;24.748;500;500
2026-06-08T09:45:58.0000000Z;24.646;24.748;500;500
2026-06-08T09:45:58.0000000Z;24.646;24.748;500;500
2026-06-08T09:46:48.0000000Z;24.646;24.76;500;500
2026-06-08T09:46:49.0000000Z;24.646;24.76;500;1053
2026-06-08T09:46:59.0000000Z;24.646;24.76;500;500
2026-06-08T09:49:38.0000000Z;24.588;24.76;500;500
2026-06-08T09:50:08.0000000Z;24.588;24.758;500;1755
2026-06-08T09:50:28.0000000Z;24.588;24.754;500;500
2026-06-08T09:50:29.0000000Z;24.588;24.754;500;1053
2026-06-08T09:50:31.0000000Z;24.588;24.748;500;500
2026-06-08T09:50:32.0000000Z;24.588;24.748;500;2450
2026-06-08T09:50:32.0000000Z;24.588;24.748;500;2450
2026-06-08T09:53:08.0000000Z;24.576;24.744;500;500
2026-06-08T09:53:10.0000000Z;24.576;24.744;500;1053
2026-06-08T09:53:12.0000000Z;24.576;24.74;500;500
2026-06-08T09:53:13.0000000Z;24.576;24.74;500;1053
2026-06-08T09:53:22.0000000Z;24.576;24.74;500;500
2026-06-08T09:53:39.0000000Z;24.576;24.734;500;2450
2026-06-08T09:54:09.0000000Z;24.576;24.732;500;500
2026-06-08T09:54:09.0000000Z;24.576;24.732;500;500
2026-06-08T09:56:54.0000000Z;24.562;24.728;2465;500
2026-06-08T09:56:55.0000000Z;24.562;24.718;2465;500
2026-06-08T09:56:56.0000000Z;24.562;24.718;500;500
2026-06-08T09:56:56.0000000Z;24.562;24.718;500;500
2026-06-08T10:01:49.0000000Z;24.552;24.714;500;500
2026-06-08T10:02:03.0000000Z;24.552;24.718;500;500
2026-06-08T10:02:08.0000000Z;24.552;24.706;500;500
2026-06-08T10:02:10.0000000Z;24.552;24.706;500;2450
2026-06-08T10:02:13.0000000Z;24.548;24.704;500;500
2026-06-08T10:02:57.0000000Z;24.542;24.704;500;500
2026-06-08T10:03:29.0000000Z;24.54;24.704;500;500
2026-06-08T10:05:08.0000000Z;24.55;24.716;500;500
2026-06-08T10:05:09.0000000Z;24.554;24.716;500;500
2026-06-08T10:06:24.0000000Z;24.554;24.716;1068;500
2026-06-08T10:06:37.0000000Z;24.554;24.716;500;500
2026-06-08T10:06:45.0000000Z;24.556;24.716;500;500
2026-06-08T10:07:25.0000000Z;24.554;24.716;500;500
2026-06-08T10:07:28.0000000Z;24.566;24.716;2465;500
2026-06-08T10:07:47.0000000Z;24.576;24.728;500;500
2026-06-08T10:08:19.0000000Z;24.572;24.728;500;500
2026-06-08T10:08:55.0000000Z;24.572;24.728;500;3675
2026-06-08T10:08:58.0000000Z;24.568;24.726;500;500
2026-06-08T10:09:11.0000000Z;24.568;24.74;500;500
2026-06-08T10:09:11.0000000Z;24.568;24.74;500;500
2026-06-08T10:09:11.0000000Z;24.568;24.74;500;500
2026-06-08T10:16:42.0000000Z;24.568;24.734;500;1053
2026-06-08T10:16:46.0000000Z;24.568;24.734;500;1755
2026-06-08T10:16:52.0000000Z;24.568;24.734;500;1053
2026-06-08T10:16:53.0000000Z;24.568;24.74;500;1053
2026-06-08T10:16:57.0000000Z;24.568;24.728;500;2450
2026-06-08T10:17:27.0000000Z;24.568;24.726;500;500
2026-06-08T10:17:27.0000000Z;24.568;24.726;500;500
2026-06-08T10:22:56.0000000Z;24.556;24.718;500;500
2026-06-08T10:23:16.0000000Z;24.556;24.718;500;1053
2026-06-08T10:23:18.0000000Z;24.556;24.714;500;2450
2026-06-08T10:23:48.0000000Z;24.556;24.712;500;500
2026-06-08T10:24:32.0000000Z;24.542;24.708;2465;500
2026-06-08T10:24:42.0000000Z;24.542;24.712;2465;500
2026-06-08T10:25:38.0000000Z;24.542;24.712;2465;1755
2026-06-08T10:25:45.0000000Z;24.542;24.708;2465;1053
2026-06-08T10:25:47.0000000Z;24.542;24.704;2465;1053
2026-06-08T10:25:48.0000000Z;24.542;24.698;2465;500
2026-06-08T10:25:59.0000000Z;24.542;24.712;2465;500
2026-06-08T10:25:59.0000000Z;24.542;24.712;2465;500
2026-06-08T10:29:02.0000000Z;24.556;24.712;2465;500
2026-06-08T10:29:08.0000000Z;24.558;24.72;500;500
2026-06-08T10:29:19.0000000Z;24.558;24.724;500;500
2026-06-08T10:29:24.0000000Z;24.558;24.72;500;500
2026-06-08T10:29:36.0000000Z;24.558;24.724;500;500
2026-06-08T10:31:08.0000000Z;24.558;24.724;500;3675
2026-06-08T10:31:18.0000000Z;24.558;24.724;500;500
2026-06-08T10:31:23.0000000Z;24.558;24.736;500;500
2026-06-08T10:33:49.0000000Z;24.564;24.736;1090;500
2026-06-08T10:33:54.0000000Z;24.564;24.736;1068;500
2026-06-08T10:33:59.0000000Z;24.564;24.736;1068;500
2026-06-08T10:34:02.0000000Z;24.568;24.736;500;500
2026-06-08T10:34:13.0000000Z;24.574;24.736;500;500
2026-06-08T10:34:14.0000000Z;24.574;24.736;2465;500
2026-06-08T10:34:17.0000000Z;24.594;24.736;2465;500
2026-06-08T10:34:19.0000000Z;24.596;24.75;500;500
2026-06-08T10:34:33.0000000Z;24.596;24.75;500;2450
2026-06-08T10:34:35.0000000Z;24.584;24.748;500;500
2026-06-08T10:34:38.0000000Z;24.538;24.796;500;500
2026-06-08T10:34:57.0000000Z;24.538;24.796;1068;500
2026-06-08T10:34:58.0000000Z;24.538;24.796;1068;500
2026-06-08T10:34:59.0000000Z;24.55;24.796;790;500
2026-06-08T10:35:20.0000000Z;24.552;24.806;500;500
2026-06-08T10:35:21.0000000Z;24.552;24.798;500;775
2026-06-08T10:35:24.0000000Z;24.538;24.796;500;500
2026-06-08T10:35:42.0000000Z;24.538;24.796;1068;500
2026-06-08T10:35:56.0000000Z;24.54;24.796;500;500
2026-06-08T10:35:56.0000000Z;24.54;24.796;500;500
2026-06-08T10:40:28.0000000Z;24.538;24.792;500;500
2026-06-08T10:40:48.0000000Z;24.538;24.784;500;775
2026-06-08T10:40:48.0000000Z;24.538;24.784;500;775
2026-06-08T10:41:18.0000000Z;24.538;24.782;500;500
2026-06-08T10:41:58.0000000Z;24.574;24.74;500;500
2026-06-08T10:41:58.0000000Z;24.574;24.74;500;500
2026-06-08T10:46:55.0000000Z;24.574;24.74;500;1053
2026-06-08T10:47:07.0000000Z;24.574;24.74;500;500
2026-06-08T10:47:08.0000000Z;24.574;24.74;500;1053
2026-06-08T10:47:28.0000000Z;24.574;24.74;500;500
2026-06-08T10:50:11.0000000Z;24.574;24.736;500;500
2026-06-08T10:50:23.0000000Z;24.574;24.74;500;500
2026-06-08T10:50:40.0000000Z;24.566;24.74;500;500
2026-06-08T10:50:50.0000000Z;24.562;24.74;1068;500
2026-06-08T10:50:55.0000000Z;24.562;24.728;500;2450
2026-06-08T10:50:55.0000000Z;24.562;24.728;500;2450
2026-06-08T10:51:26.0000000Z;24.562;24.726;500;500
2026-06-08T10:53:04.0000000Z;24.562;24.734;500;500
2026-06-08T10:53:14.0000000Z;24.562;24.74;500;2450
2026-06-08T10:53:21.0000000Z;24.566;24.74;500;2450
2026-06-08T10:53:22.0000000Z;24.57;24.74;2121;2450
2026-06-08T10:53:28.0000000Z;24.57;24.74;500;2450
2026-06-08T10:53:29.0000000Z;24.57;24.74;2121;2450
2026-06-08T10:53:34.0000000Z;24.57;24.74;500;2450
2026-06-08T10:53:53.0000000Z;24.574;24.74;500;2450
2026-06-08T10:53:54.0000000Z;24.574;24.74;2465;2450
2026-06-08T10:54:23.0000000Z;24.576;24.74;500;2450
2026-06-08T10:55:17.0000000Z;24.57;24.74;500;2450
2026-06-08T10:55:28.0000000Z;24.57;24.736;500;500
2026-06-08T10:55:29.0000000Z;24.57;24.736;500;1053
2026-06-08T10:55:37.0000000Z;24.57;24.736;1594;1053
2026-06-08T10:55:42.0000000Z;24.57;24.736;500;1053
2026-06-08T10:55:44.0000000Z;24.57;24.736;500;500
2026-06-08T10:55:45.0000000Z;24.562;24.736;2465;500
2026-06-08T10:55:47.0000000Z;24.562;24.74;2465;2450
2026-06-08T10:55:47.0000000Z;24.562;24.74;2465;2450
2026-06-08T10:58:59.0000000Z;24.562;24.732;2465;1053
2026-06-08T10:59:01.0000000Z;24.562;24.726;2465;2450
2026-06-08T10:59:31.0000000Z;24.562;24.724;2465;500
2026-06-08T11:00:12.0000000Z;24.562;24.724;500;500
2026-06-08T11:00:14.0000000Z;24.554;24.724;500;500
2026-06-08T11:00:14.0000000Z;24.554;24.724;500;500
2026-06-08T11:05:21.0000000Z;24.564;24.724;2465;500
2026-06-08T11:05:51.0000000Z;24.566;24.724;500;500
2026-06-08T11:05:51.0000000Z;24.566;24.724;500;500
2026-06-08T11:08:04.0000000Z;24.566;24.724;2465;500
2026-06-08T11:08:34.0000000Z;24.568;24.724;500;500
2026-06-08T11:09:30.0000000Z;24.568;24.726;15;2450
2026-06-08T11:10:33.0000000Z;24.568;24.736;15;1053
2026-06-08T11:10:47.0000000Z;24.568;24.736;15;1053
2026-06-08T11:10:47.0000000Z;24.568;24.736;15;1053
2026-06-08T11:12:53.0000000Z;24.594;24.764;2465;2450
2026-06-08T11:13:23.0000000Z;24.596;24.762;500;500
2026-06-08T11:14:37.0000000Z;24.596;24.762;500;1053
2026-06-08T11:14:46.0000000Z;24.596;24.762;500;500
2026-06-08T11:15:00.0000000Z;24.614;24.796;2465;500
2026-06-08T11:15:03.0000000Z;24.616;24.764;500;500
2026-06-08T11:15:04.0000000Z;24.616;24.782;500;500
2026-06-08T11:15:12.0000000Z;24.576;24.83;500;500
2026-06-08T11:15:23.0000000Z;24.576;24.834;500;500
2026-06-08T11:15:55.0000000Z;24.576;24.83;500;500
2026-06-08T11:16:03.0000000Z;24.576;24.822;500;500
2026-06-08T11:16:04.0000000Z;24.576;24.822;500;775
2026-06-08T11:16:35.0000000Z;24.576;24.82;500;500
2026-06-08T11:17:23.0000000Z;24.576;24.83;500;500
2026-06-08T11:19:07.0000000Z;24.576;24.834;500;500
2026-06-08T11:19:10.0000000Z;24.576;24.834;1068;500
2026-06-08T11:19:11.0000000Z;24.588;24.834;500;500
2026-06-08T11:19:12.0000000Z;24.588;24.834;790;500
2026-06-08T11:19:58.0000000Z;24.596;24.834;500;500
2026-06-08T11:19:59.0000000Z;24.598;24.854;500;500
2026-06-08T11:20:10.0000000Z;24.602;24.854;790;500
2026-06-08T11:20:40.0000000Z;24.604;24.854;500;500
2026-06-08T11:20:40.0000000Z;24.604;24.854;500;500
2026-06-08T11:21:18.0000000Z;24.604;24.864;500;500
2026-06-08T11:24:10.0000000Z;24.604;24.864;1068;500
2026-06-08T11:24:26.0000000Z;24.608;24.864;500;500
2026-06-08T11:24:34.0000000Z;24.604;24.864;500;500
2026-06-08T11:24:56.0000000Z;24.604;24.856;500;775
2026-06-08T11:25:26.0000000Z;24.602;24.854;500;500
2026-06-08T11:26:06.0000000Z;24.59;24.84;500;500
2026-06-08T11:28:31.0000000Z;24.576;24.84;500;500
2026-06-08T11:28:33.0000000Z;24.556;24.84;500;500
2026-06-08T11:28:39.0000000Z;24.556;24.84;500;1053
2026-06-08T11:29:09.0000000Z;24.556;24.838;500;500
2026-06-08T11:29:34.0000000Z;24.556;24.834;500;500
2026-06-08T11:31:07.0000000Z;24.556;24.834;1068;500
2026-06-08T11:31:35.0000000Z;24.558;24.834;500;500
2026-06-08T11:31:36.0000000Z;24.57;24.834;500;500
2026-06-08T11:31:37.0000000Z;24.57;24.834;790;500
2026-06-08T11:32:07.0000000Z;24.572;24.834;500;500
2026-06-08T11:33:58.0000000Z;24.572;24.834;717;500
2026-06-08T11:33:59.0000000Z;24.62;24.79;2465;2450
2026-06-08T11:34:29.0000000Z;24.622;24.788;500;500
2026-06-08T11:35:15.0000000Z;24.622;24.788;500;3215
2026-06-08T11:35:17.0000000Z;24.622;24.788;500;500
2026-06-08T11:35:18.0000000Z;24.636;24.788;2465;500
2026-06-08T11:35:19.0000000Z;24.638;24.796;500;500
2026-06-08T11:35:32.0000000Z;24.638;24.8;500;500
2026-06-08T11:35:32.0000000Z;24.638;24.8;500;500
2026-06-08T11:39:12.0000000Z;24.638;24.81;500;1053
2026-06-08T11:39:43.0000000Z;24.638;24.8;500;500
2026-06-08T11:39:44.0000000Z;24.638;24.8;500;2450
2026-06-08T11:40:14.0000000Z;24.638;24.798;500;500
2026-06-08T11:40:14.0000000Z;24.638;24.798;500;500
2026-06-08T11:43:33.0000000Z;24.628;24.798;500;500
2026-06-08T11:43:35.0000000Z;24.628;24.794;500;500
2026-06-08T11:43:55.0000000Z;24.626;24.786;500;500
2026-06-08T11:43:56.0000000Z;24.626;24.786;500;2450
2026-06-08T11:44:06.0000000Z;24.618;24.784;500;500
2026-06-08T11:44:37.0000000Z;24.614;24.784;500;1053
2026-06-08T11:45:07.0000000Z;24.614;24.782;500;500
2026-06-08T11:45:50.0000000Z;24.618;24.782;500;500
2026-06-08T11:46:03.0000000Z;24.614;24.782;500;500
2026-06-08T11:47:16.0000000Z;24.614;24.784;500;500
2026-06-08T11:49:12.0000000Z;24.614;24.78;500;500
2026-06-08T11:50:11.0000000Z;24.614;24.784;500;500
2026-06-08T11:51:00.0000000Z;24.618;24.784;500;500
2026-06-08T11:51:21.0000000Z;24.626;24.784;2465;500
2026-06-08T11:51:51.0000000Z;24.628;24.784;500;500
2026-06-08T11:54:09.0000000Z;24.628;24.794;500;500
2026-06-08T11:54:24.0000000Z;24.628;24.798;500;500
2026-06-08T11:54:24.0000000Z;24.628;24.798;500;500
2026-06-08T11:56:54.0000000Z;24.632;24.798;500;500
2026-06-08T11:57:39.0000000Z;24.628;24.798;500;500
2026-06-08T11:57:52.0000000Z;24.628;24.798;1068;500
2026-06-08T11:58:07.0000000Z;24.64;24.798;2465;500
2026-06-08T11:58:11.0000000Z;24.67;24.798;500;500
2026-06-08T11:58:12.0000000Z;24.694;24.798;500;500
2026-06-08T11:58:24.0000000Z;24.7;24.798;500;500
2026-06-08T11:58:27.0000000Z;24.7;24.806;500;500
2026-06-08T11:58:37.0000000Z;24.7;24.81;500;500
2026-06-08T12:00:04.0000000Z;24.698;24.806;500;500
2026-06-08T12:00:13.0000000Z;24.686;24.798;500;500
2026-06-08T12:00:14.0000000Z;24.686;24.798;500;2450
2026-06-08T12:00:40.0000000Z;24.694;24.796;500;500
