2026-06-08T07:55:08.0000000Z;11.298;11.982;900;900
2026-06-08T07:57:31.0000000Z;11.298;11.983;900;900
2026-06-08T07:57:32.0000000Z;11.298;11.982;900;900
2026-06-08T07:57:48.0000000Z;11.298;12.295;900;900
2026-06-08T07:59:55.0000000Z;11.233;12.415;900;900
2026-06-08T07:59:57.0000000Z;11.119;12.415;900;900
2026-06-08T08:00:01.0000000Z;11.166;12.415;900;900
2026-06-08T08:00:04.0000000Z;14.34;14.34;1;1
2026-06-08T08:00:04.0000000Z;14.34;14.34;1;1
2026-06-08T08:02:04.0000000Z;11.233;12.29;900;900
2026-06-08T08:02:05.0000000Z;11.233;12.291;900;900
2026-06-08T08:02:09.0000000Z;11.233;12.292;900;900
2026-06-08T08:02:11.0000000Z;11.233;12.291;900;900
2026-06-08T08:02:20.0000000Z;11.233;12.284;900;900
2026-06-08T08:02:25.0000000Z;11.233;12.291;900;900
2026-06-08T08:02:27.0000000Z;11.233;12.29;900;900
2026-06-08T08:02:37.0000000Z;11.233;12.29;900;900
2026-06-08T08:02:40.0000000Z;11.22;11.915;900;900
2026-06-08T08:02:50.0000000Z;11.22;12.077;900;900
2026-06-08T08:02:54.0000000Z;11.22;11.921;900;900
2026-06-08T08:03:00.0000000Z;11.22;12.011;900;900
2026-06-08T08:03:01.0000000Z;11.22;12.077;900;900
2026-06-08T08:03:36.0000000Z;11.22;11.922;900;900
2026-06-08T08:03:39.0000000Z;11.221;11.922;900;900
2026-06-08T08:03:41.0000000Z;11.221;12.077;900;900
2026-06-08T08:04:06.0000000Z;11.221;11.935;900;900
2026-06-08T08:05:02.0000000Z;11.221;11.933;900;900
2026-06-08T08:05:11.0000000Z;11.221;11.935;900;900
2026-06-08T08:05:32.0000000Z;11.221;11.933;900;900
2026-06-08T08:05:32.0000000Z;11.221;11.933;900;900
2026-06-08T08:08:08.0000000Z;11.221;11.919;900;900
2026-06-08T08:10:05.0000000Z;11.224;11.916;900;900
2026-06-08T08:10:27.0000000Z;11.224;11.914;900;900
2026-06-08T08:10:27.0000000Z;11.224;11.914;900;900
2026-06-08T08:11:19.0000000Z;11.222;11.914;900;900
2026-06-08T08:12:37.0000000Z;11.103;11.916;1000;1000
2026-06-08T08:12:48.0000000Z;11.16;11.914;900;900
2026-06-08T08:12:48.0000000Z;11.16;11.914;900;900
2026-06-08T08:18:53.0000000Z;11.103;11.914;1000;1000
2026-06-08T08:19:05.0000000Z;11.161;11.914;900;900
2026-06-08T08:19:11.0000000Z;11.162;11.914;900;900
2026-06-08T08:19:11.0000000Z;11.162;11.914;900;900
2026-06-08T08:21:54.0000000Z;11.107;11.914;1000;1000
2026-06-08T08:22:04.0000000Z;11.165;11.914;900;900
2026-06-08T08:22:25.0000000Z;11.233;11.914;900;900
2026-06-08T08:22:30.0000000Z;11.1;11.914;1000;1000
2026-06-08T08:22:36.0000000Z;11.164;11.914;900;900
2026-06-08T08:23:53.0000000Z;11.224;11.914;900;900
2026-06-08T08:24:02.0000000Z;11.232;11.914;900;900
2026-06-08T08:24:56.0000000Z;11.231;11.914;900;900
2026-06-08T08:24:57.0000000Z;11.232;11.914;900;900
2026-06-08T08:24:59.0000000Z;11.239;11.914;900;900
2026-06-08T08:25:30.0000000Z;11.228;11.914;900;900
2026-06-08T08:25:31.0000000Z;11.233;11.914;900;900
2026-06-08T08:25:31.0000000Z;11.233;11.914;900;900
2026-06-08T08:27:20.0000000Z;11.233;11.931;900;900
2026-06-08T08:27:25.0000000Z;11.233;11.994;900;900
2026-06-08T08:27:30.0000000Z;11.233;11.992;900;900
2026-06-08T08:28:35.0000000Z;11.349;11.992;900;900
2026-06-08T08:28:35.0000000Z;11.349;11.992;900;900
2026-06-08T08:32:22.0000000Z;11.349;11.994;900;900
2026-06-08T08:32:32.0000000Z;11.351;11.992;900;900
2026-06-08T08:32:32.0000000Z;11.351;11.992;900;900
2026-06-08T08:32:32.0000000Z;11.351;11.992;900;900
2026-06-08T08:43:11.0000000Z;11.349;11.994;900;900
2026-06-08T08:43:21.0000000Z;11.351;11.992;900;900
2026-06-08T08:43:21.0000000Z;11.351;11.992;900;900
2026-06-08T08:46:22.0000000Z;11.349;11.994;900;900
2026-06-08T08:46:33.0000000Z;11.351;11.992;900;900
2026-06-08T08:49:15.0000000Z;11.349;11.994;900;900
2026-06-08T08:49:25.0000000Z;11.349;11.992;900;900
2026-06-08T08:50:40.0000000Z;11.348;11.993;900;900
2026-06-08T08:50:41.0000000Z;11.349;11.992;900;900
2026-06-08T08:50:41.0000000Z;11.349;11.992;900;900
2026-06-08T08:51:37.0000000Z;11.349;11.994;900;900
2026-06-08T08:51:48.0000000Z;11.349;11.992;900;900
2026-06-08T08:51:59.0000000Z;11.348;11.992;900;900
2026-06-08T08:52:15.0000000Z;11.348;11.992;1316;1316
2026-06-08T08:52:21.0000000Z;11.348;11.992;900;900
2026-06-08T08:52:30.0000000Z;11.349;11.992;900;900
2026-06-08T08:52:49.0000000Z;11.349;11.992;1316;1316
2026-06-08T08:52:50.0000000Z;11.349;11.992;900;900
2026-06-08T08:52:55.0000000Z;11.348;11.992;900;900
2026-06-08T08:52:56.0000000Z;11.349;11.992;900;900
2026-06-08T08:54:07.0000000Z;11.35;11.991;900;900
2026-06-08T08:54:32.0000000Z;11.349;11.991;900;900
2026-06-08T08:55:21.0000000Z;11.349;11.994;900;900
2026-06-08T08:55:31.0000000Z;11.351;11.992;900;900
2026-06-08T08:55:31.0000000Z;11.351;11.992;900;900
2026-06-08T08:57:30.0000000Z;11.349;11.994;900;900
2026-06-08T08:57:40.0000000Z;11.351;11.992;900;900
2026-06-08T09:00:04.0000000Z;11.349;11.994;900;900
2026-06-08T09:00:15.0000000Z;11.351;11.992;900;900
2026-06-08T09:00:15.0000000Z;11.351;11.992;900;900
2026-06-08T09:05:21.0000000Z;11.348;11.995;900;900
2026-06-08T09:05:22.0000000Z;11.349;11.994;900;900
2026-06-08T09:05:32.0000000Z;11.351;11.992;900;900
2026-06-08T09:06:21.0000000Z;11.349;11.995;900;900
2026-06-08T09:06:22.0000000Z;11.349;11.994;900;900
2026-06-08T09:06:31.0000000Z;11.351;11.992;900;900
2026-06-08T09:07:09.0000000Z;11.351;11.94;900;900
2026-06-08T09:07:43.0000000Z;11.348;11.94;900;900
2026-06-08T09:07:44.0000000Z;11.349;11.94;900;900
2026-06-08T09:07:49.0000000Z;11.351;11.94;900;900
2026-06-08T09:07:49.0000000Z;11.351;11.94;900;900
2026-06-08T09:11:10.0000000Z;11.349;11.94;900;900
2026-06-08T09:11:20.0000000Z;11.35;11.939;900;900
2026-06-08T09:11:21.0000000Z;11.351;11.938;900;900
2026-06-08T09:14:16.0000000Z;11.348;11.941;900;900
2026-06-08T09:14:17.0000000Z;11.349;11.94;900;900
2026-06-08T09:14:26.0000000Z;11.35;11.939;900;900
2026-06-08T09:14:27.0000000Z;11.351;11.938;900;900
2026-06-08T09:15:43.0000000Z;11.351;11.907;900;900
2026-06-08T09:15:43.0000000Z;11.351;11.907;900;900
2026-06-08T09:16:29.0000000Z;11.348;11.907;1400;1400
2026-06-08T09:16:29.0000000Z;11.348;11.907;1400;1400
2026-06-08T09:16:29.0000000Z;11.348;11.907;1400;1400
2026-06-08T09:16:29.0000000Z;11.348;11.907;1400;1400
2026-06-08T09:16:29.0000000Z;11.348;11.907;1400;1400
2026-06-08T09:36:43.0000000Z;11.348;11.922;500;500
2026-06-08T09:36:50.0000000Z;11.348;12.007;10400;10400
2026-06-08T09:36:56.0000000Z;11.348;12.006;1400;1400
2026-06-08T09:37:25.0000000Z;11.348;12.004;1400;1400
2026-06-08T09:40:06.0000000Z;11.348;12.005;500;500
2026-06-08T09:40:07.0000000Z;11.348;12.006;1400;1400
2026-06-08T09:40:16.0000000Z;11.348;12.005;500;500
2026-06-08T09:40:17.0000000Z;11.348;12.004;1400;1400
2026-06-08T09:40:17.0000000Z;11.348;12.004;1400;1400
2026-06-08T09:42:42.0000000Z;11.348;12.007;10400;10400
2026-06-08T09:42:43.0000000Z;11.348;12.006;1400;1400
2026-06-08T09:42:52.0000000Z;11.348;12.004;1400;1400
2026-06-08T09:45:43.0000000Z;11.348;12.007;10400;10400
2026-06-08T09:45:43.0000000Z;11.348;12.007;10400;10400
2026-06-08T09:47:11.0000000Z;11.348;12.006;500;500
2026-06-08T09:47:12.0000000Z;11.348;12.005;1400;1400
2026-06-08T09:48:15.0000000Z;11.348;12.006;1400;1400
2026-06-08T09:48:25.0000000Z;11.348;12.004;1400;1400
2026-06-08T09:48:37.0000000Z;11.348;12.007;10400;10400
2026-06-08T09:48:38.0000000Z;11.348;12.006;1400;1400
2026-06-08T09:48:55.0000000Z;11.348;12.004;1400;1400
2026-06-08T09:50:15.0000000Z;11.348;12.005;500;500
2026-06-08T09:50:16.0000000Z;11.348;12.006;1400;1400
2026-06-08T09:50:26.0000000Z;11.348;12.005;500;500
2026-06-08T09:50:27.0000000Z;11.348;12.004;1400;1400
2026-06-08T09:50:27.0000000Z;11.348;12.004;1400;1400
2026-06-08T09:52:47.0000000Z;11.348;12.007;10400;10400
2026-06-08T09:52:51.0000000Z;11.348;12.006;1400;1400
2026-06-08T09:52:57.0000000Z;11.348;12.004;1400;1400
2026-06-08T09:56:06.0000000Z;11.348;12.007;10400;10400
2026-06-08T09:56:07.0000000Z;11.348;12.006;1400;1400
2026-06-08T09:56:16.0000000Z;11.348;12.004;1400;1400
2026-06-08T09:56:56.0000000Z;11.35;12.004;900;900
2026-06-08T09:59:10.0000000Z;11.348;12.007;10400;10400
2026-06-08T09:59:12.0000000Z;11.348;12.006;1400;1400
2026-06-08T09:59:20.0000000Z;11.35;12.004;900;900
2026-06-08T10:00:40.0000000Z;11.37;12.004;900;900
2026-06-08T10:00:40.0000000Z;11.37;12.004;900;900
2026-06-08T10:01:21.0000000Z;11.37;12.005;900;900
2026-06-08T10:01:22.0000000Z;11.37;12.006;900;900
2026-06-08T10:01:31.0000000Z;11.37;12.004;900;900
2026-06-08T10:01:37.0000000Z;11.365;12.004;900;900
2026-06-08T10:04:00.0000000Z;11.365;12.005;900;900
2026-06-08T10:04:01.0000000Z;11.362;12.006;1400;1400
2026-06-08T10:04:10.0000000Z;11.362;12.005;500;500
2026-06-08T10:04:11.0000000Z;11.362;12.004;1400;1400
2026-06-08T10:04:11.0000000Z;11.362;12.004;1400;1400
2026-06-08T10:06:41.0000000Z;11.362;12.007;10400;10400
2026-06-08T10:06:42.0000000Z;11.362;12.006;1400;1400
2026-06-08T10:06:52.0000000Z;11.364;12.004;900;900
2026-06-08T10:06:52.0000000Z;11.364;12.004;900;900
2026-06-08T10:12:34.0000000Z;11.362;12.007;10400;10400
2026-06-08T10:12:35.0000000Z;11.362;12.006;1400;1400
2026-06-08T10:12:44.0000000Z;11.362;12.004;1400;1400
2026-06-08T10:16:04.0000000Z;11.362;12.006;1400;1400
2026-06-08T10:16:15.0000000Z;11.364;12.004;900;900
2026-06-08T10:19:10.0000000Z;11.364;12.005;900;900
2026-06-08T10:19:11.0000000Z;11.362;12.006;1400;1400
2026-06-08T10:19:21.0000000Z;11.362;12.004;1400;1400
2026-06-08T10:19:21.0000000Z;11.362;12.004;1400;1400
2026-06-08T10:21:30.0000000Z;11.362;12.007;10400;10400
2026-06-08T10:21:31.0000000Z;11.362;12.006;1400;1400
2026-06-08T10:21:40.0000000Z;11.362;12.004;1400;1400
2026-06-08T10:22:34.0000000Z;11.362;12.007;10400;10400
2026-06-08T10:22:38.0000000Z;11.362;12.006;1400;1400
2026-06-08T10:22:45.0000000Z;11.362;12.004;1400;1400
2026-06-08T10:22:45.0000000Z;11.362;12.004;1400;1400
2026-06-08T10:26:22.0000000Z;11.362;12.007;10400;10400
2026-06-08T10:26:23.0000000Z;11.362;12.006;1400;1400
2026-06-08T10:26:32.0000000Z;11.362;12.004;1400;1400
2026-06-08T10:29:11.0000000Z;11.362;12.007;10400;10400
2026-06-08T10:29:14.0000000Z;11.362;12.006;1400;1400
2026-06-08T10:29:23.0000000Z;11.362;12.004;1400;1400
2026-06-08T10:29:23.0000000Z;11.362;12.004;1400;1400
2026-06-08T10:31:37.0000000Z;11.362;12.007;10400;10400
2026-06-08T10:31:39.0000000Z;11.362;12.006;1400;1400
2026-06-08T10:31:49.0000000Z;11.362;12.004;1400;1400
2026-06-08T10:34:19.0000000Z;11.402;12.051;900;900
2026-06-08T10:34:24.0000000Z;11.362;12.051;1400;1400
2026-06-08T10:34:29.0000000Z;11.362;12.066;1400;1400
2026-06-08T10:35:16.0000000Z;11.37;12.191;900;900
2026-06-08T10:35:18.0000000Z;11.37;12.354;900;900
2026-06-08T10:35:26.0000000Z;11.37;12.175;900;900
2026-06-08T10:35:26.0000000Z;11.37;12.175;900;900
2026-06-08T10:38:47.0000000Z;11.505;12.175;900;900
2026-06-08T10:39:39.0000000Z;11.506;12.175;900;900
2026-06-08T10:40:39.0000000Z;11.506;12.175;900;900
2026-06-08T10:40:39.0000000Z;11.506;12.175;900;900
2026-06-08T10:45:14.0000000Z;11.503;12.389;2800;2800
2026-06-08T10:45:19.0000000Z;11.503;12.412;4200;4200
2026-06-08T10:45:24.0000000Z;11.503;12.176;1400;1400
2026-06-08T10:46:05.0000000Z;11.503;12.176;1400;1400
2026-06-08T10:46:18.0000000Z;11.503;12.375;2800;2800
2026-06-08T10:46:28.0000000Z;11.503;12.066;1400;1400
2026-06-08T10:46:28.0000000Z;11.503;12.066;1400;1400
2026-06-08T10:52:27.0000000Z;11.503;12.374;2800;2800
2026-06-08T10:52:44.0000000Z;11.503;12.373;2800;2800
2026-06-08T10:53:08.0000000Z;11.503;12.374;2800;2800
2026-06-08T10:53:10.0000000Z;11.503;12.373;2800;2800
2026-06-08T10:53:15.0000000Z;11.503;12.374;2800;2800
2026-06-08T10:53:28.0000000Z;11.503;12.373;2800;2800
2026-06-08T10:54:00.0000000Z;11.503;12.374;2800;2800
2026-06-08T10:54:32.0000000Z;11.503;12.373;2800;2800
2026-06-08T10:54:48.0000000Z;11.503;12.374;2800;2800
2026-06-08T10:54:50.0000000Z;11.503;12.373;2800;2800
2026-06-08T10:55:31.0000000Z;11.503;12.374;2800;2800
2026-06-08T10:55:33.0000000Z;11.503;12.373;2800;2800
2026-06-08T10:55:37.0000000Z;11.503;12.374;2800;2800
2026-06-08T10:55:38.0000000Z;11.503;12.373;2800;2800
2026-06-08T10:55:42.0000000Z;11.503;12.374;2800;2800
2026-06-08T10:55:47.0000000Z;11.503;12.375;2800;2800
2026-06-08T10:55:57.0000000Z;11.503;12.374;2800;2800
2026-06-08T10:56:03.0000000Z;11.503;12.375;2800;2800
2026-06-08T10:56:06.0000000Z;11.503;12.353;2800;2800
2026-06-08T10:56:12.0000000Z;11.503;12.352;2800;2800
2026-06-08T10:56:16.0000000Z;11.503;12.353;2800;2800
2026-06-08T10:56:33.0000000Z;11.503;12.354;2800;2800
2026-06-08T10:56:59.0000000Z;11.503;12.353;2800;2800
2026-06-08T10:57:19.0000000Z;11.503;12.353;2800;2800
2026-06-08T10:57:24.0000000Z;11.503;12.354;2800;2800
2026-06-08T10:57:41.0000000Z;11.503;12.353;2800;2800
2026-06-08T10:57:47.0000000Z;11.503;12.354;2800;2800
2026-06-08T10:57:51.0000000Z;11.503;12.353;2800;2800
2026-06-08T10:57:52.0000000Z;11.503;12.352;2800;2800
2026-06-08T10:57:57.0000000Z;11.503;12.353;2800;2800
2026-06-08T10:58:23.0000000Z;11.503;12.354;2800;2800
2026-06-08T10:58:24.0000000Z;11.503;12.353;2800;2800
2026-06-08T10:58:28.0000000Z;11.503;12.354;2800;2800
2026-06-08T10:58:34.0000000Z;11.503;12.353;2800;2800
2026-06-08T10:59:03.0000000Z;11.503;12.352;2800;2800
2026-06-08T10:59:12.0000000Z;11.503;12.353;2800;2800
2026-06-08T10:59:13.0000000Z;11.503;12.352;2800;2800
2026-06-08T10:59:17.0000000Z;11.503;12.352;2800;2800
2026-06-08T10:59:23.0000000Z;11.503;12.353;2800;2800
2026-06-08T10:59:25.0000000Z;11.503;12.352;2800;2800
2026-06-08T10:59:30.0000000Z;11.503;12.353;2800;2800
2026-06-08T10:59:32.0000000Z;11.503;12.352;2800;2800
2026-06-08T10:59:45.0000000Z;11.503;12.353;2800;2800
2026-06-08T10:59:46.0000000Z;11.503;12.352;2800;2800
2026-06-08T10:59:52.0000000Z;11.503;12.353;2800;2800
2026-06-08T11:00:01.0000000Z;11.503;12.357;2800;2800
2026-06-08T11:00:24.0000000Z;11.503;12.356;2800;2800
2026-06-08T11:00:46.0000000Z;11.503;12.357;2800;2800
2026-06-08T11:00:53.0000000Z;11.503;12.356;2800;2800
2026-06-08T11:01:13.0000000Z;11.503;12.357;2800;2800
2026-06-08T11:01:16.0000000Z;11.503;12.356;2800;2800
2026-06-08T11:01:29.0000000Z;11.503;12.357;2800;2800
2026-06-08T11:01:30.0000000Z;11.503;12.356;2800;2800
2026-06-08T11:01:35.0000000Z;11.503;12.412;1400;1400
2026-06-08T11:01:35.0000000Z;11.503;12.412;1400;1400
2026-06-08T11:10:46.0000000Z;11.503;12.412;500;500
2026-06-08T11:10:46.0000000Z;11.503;12.412;500;500
2026-06-08T11:13:01.0000000Z;11.756;12.268;1400;1400
2026-06-08T11:13:02.0000000Z;11.756;12.41;1400;1400
2026-06-08T11:13:02.0000000Z;11.756;12.41;1400;1400
2026-06-08T11:17:32.0000000Z;11.756;12.21;1400;1400
2026-06-08T11:18:00.0000000Z;11.756;12.41;1400;1400
2026-06-08T11:18:10.0000000Z;11.756;12.211;1400;1400
2026-06-08T11:20:06.0000000Z;11.756;12.41;1400;1400
2026-06-08T11:20:16.0000000Z;11.756;12.195;1400;1400
2026-06-08T11:20:16.0000000Z;11.756;12.195;1400;1400
2026-06-08T11:22:46.0000000Z;11.756;12.41;1400;1400
2026-06-08T11:22:57.0000000Z;11.756;12.313;1400;1400
2026-06-08T11:22:57.0000000Z;11.756;12.313;1400;1400
2026-06-08T11:22:57.0000000Z;11.756;12.313;1400;1400
2026-06-08T11:32:42.0000000Z;11.757;12.313;900;900
2026-06-08T11:33:02.0000000Z;11.756;12.313;1400;1400
2026-06-08T11:35:08.0000000Z;11.756;12.412;1400;1400
2026-06-08T11:35:18.0000000Z;11.756;12.347;1400;1400
2026-06-08T11:35:18.0000000Z;11.756;12.347;1400;1400
2026-06-08T11:40:11.0000000Z;11.756;12.412;1400;1400
2026-06-08T11:40:22.0000000Z;11.756;12.289;1400;1400
2026-06-08T11:40:22.0000000Z;11.756;12.289;1400;1400
2026-06-08T11:42:39.0000000Z;11.756;12.412;1400;1400
2026-06-08T11:42:49.0000000Z;11.756;12.348;1400;1400
2026-06-08T11:46:05.0000000Z;11.756;12.412;1400;1400
2026-06-08T11:46:16.0000000Z;11.756;12.249;1400;1400
2026-06-08T11:49:05.0000000Z;11.756;12.412;1400;1400
2026-06-08T11:49:16.0000000Z;11.756;12.251;1400;1400
2026-06-08T11:50:01.0000000Z;11.756;12.412;1400;1400
2026-06-08T11:50:01.0000000Z;11.756;12.412;1400;1400
2026-06-08T11:54:02.0000000Z;11.756;12.412;1400;1400
2026-06-08T11:54:48.0000000Z;11.756;12.601;2800;2800
2026-06-08T11:54:52.0000000Z;11.756;12.412;1400;1400
2026-06-08T11:54:52.0000000Z;11.756;12.412;1400;1400
2026-06-08T11:58:29.0000000Z;11.756;12.244;1400;1400
2026-06-08T12:00:46.0000000Z;11.756;12.347;10400;10400
2026-06-08T12:00:52.0000000Z;11.756;12.346;1400;1400
