2026-06-08T08:52:58.0000000Z;4.6113;4.6351;108500;9385
2026-06-08T08:52:59.0000000Z;4.6073;4.6351;10000;10000
2026-06-08T08:53:00.0000000Z;4.6073;4.635;10000;9385
2026-06-08T08:53:01.0000000Z;4.6112;4.635;5422;9385
2026-06-08T08:53:02.0000000Z;4.6112;4.635;5422;9385
2026-06-08T08:53:03.0000000Z;4.6112;4.635;5422;9385
2026-06-08T08:53:04.0000000Z;4.6112;4.635;5422;9385
2026-06-08T08:53:05.0000000Z;4.6112;4.635;5422;9385
2026-06-08T08:53:06.0000000Z;4.6112;4.635;5422;9385
2026-06-08T08:53:07.0000000Z;4.6112;4.635;5422;9385
2026-06-08T08:53:09.0000000Z;4.6074;4.635;9385;9385
2026-06-08T08:53:10.0000000Z;4.6074;4.635;9385;9385
2026-06-08T08:53:30.0000000Z;4.6074;4.635;9385;9385
2026-06-08T08:53:39.0000000Z;4.6074;4.635;9385;9385
2026-06-08T08:53:41.0000000Z;4.6074;4.635;9385;9385
2026-06-08T08:53:46.0000000Z;4.6074;4.635;9385;9385
2026-06-08T08:53:51.0000000Z;4.6074;4.635;9385;9385
2026-06-08T08:53:57.0000000Z;4.6074;4.635;9385;9385
2026-06-08T08:53:58.0000000Z;4.6074;4.635;9385;9385
2026-06-08T08:53:59.0000000Z;4.6074;4.635;9385;9385
2026-06-08T08:53:59.0000000Z;4.6074;4.635;9385;9385
2026-06-08T08:54:00.0000000Z;4.6074;4.635;9385;9385
2026-06-08T08:54:01.0000000Z;4.6074;4.635;9385;9385
2026-06-08T08:54:02.0000000Z;4.6074;4.635;9385;9385
2026-06-08T08:54:20.0000000Z;4.6074;4.635;9385;9385
2026-06-08T08:54:21.0000000Z;4.6074;4.635;9385;9385
2026-06-08T08:54:22.0000000Z;4.6074;4.635;9385;9385
2026-06-08T08:54:23.0000000Z;4.6074;4.635;9385;9385
2026-06-08T08:54:24.0000000Z;4.6074;4.635;9385;9385
2026-06-08T08:54:25.0000000Z;4.6074;4.635;9385;9385
2026-06-08T08:54:26.0000000Z;4.6074;4.635;9385;9385
2026-06-08T08:54:27.0000000Z;4.6074;4.635;9385;9385
2026-06-08T08:54:28.0000000Z;4.6074;4.635;9385;9385
2026-06-08T08:55:14.0000000Z;4.6074;4.635;9385;9385
2026-06-08T08:55:18.0000000Z;4.6074;4.635;9385;9385
2026-06-08T08:55:19.0000000Z;4.6074;4.635;9385;9385
2026-06-08T08:55:20.0000000Z;4.6074;4.635;9385;9385
2026-06-08T08:55:21.0000000Z;4.6074;4.635;9385;9385
2026-06-08T08:55:22.0000000Z;4.6074;4.635;9385;9385
2026-06-08T08:55:23.0000000Z;4.6074;4.635;9385;9385
2026-06-08T08:55:24.0000000Z;4.6074;4.635;9385;9385
2026-06-08T08:55:25.0000000Z;4.6074;4.635;9385;9385
2026-06-08T08:55:26.0000000Z;4.6074;4.635;9385;9385
2026-06-08T08:55:27.0000000Z;4.6074;4.635;9385;9385
2026-06-08T08:55:28.0000000Z;4.6074;4.635;9385;9385
2026-06-08T08:55:29.0000000Z;4.6074;4.635;9385;9385
2026-06-08T08:55:30.0000000Z;4.6074;4.635;9385;9385
2026-06-08T08:55:31.0000000Z;4.6074;4.635;9385;9385
2026-06-08T08:55:33.0000000Z;4.6074;4.635;9385;9385
2026-06-08T08:55:36.0000000Z;4.6074;4.635;9385;9385
2026-06-08T08:55:38.0000000Z;4.6074;4.635;9385;9385
2026-06-08T08:55:41.0000000Z;4.6074;4.635;9385;9385
2026-06-08T08:55:43.0000000Z;4.6074;4.635;9385;9385
2026-06-08T08:55:59.0000000Z;4.6074;4.635;9385;9385
2026-06-08T08:56:21.0000000Z;4.6074;4.635;9385;9385
2026-06-08T08:57:59.0000000Z;4.6073;4.635;108500;9385
2026-06-08T08:57:59.0000000Z;4.6074;4.635;10000;10000
2026-06-08T08:58:00.0000000Z;4.6075;4.635;9385;10000
2026-06-08T08:58:02.0000000Z;4.6075;4.635;9385;117885
2026-06-08T08:58:07.0000000Z;4.6075;4.635;9385;117885
2026-06-08T09:01:10.0000000Z;4.6075;4.635;9385;117885
2026-06-08T09:06:27.0000000Z;4.6075;4.635;9385;117885
2026-06-08T09:07:23.0000000Z;4.6075;4.635;9385;117885
2026-06-08T09:07:59.0000000Z;4.6075;4.635;9385;117885
2026-06-08T09:09:02.0000000Z;4.6075;4.635;9385;117885
2026-06-08T09:09:06.0000000Z;4.6075;4.635;9385;117885
2026-06-08T09:10:12.0000000Z;4.6075;4.635;9385;117885
2026-06-08T09:17:36.0000000Z;4.6075;4.635;9385;117885
2026-06-08T09:20:45.0000000Z;4.6075;4.635;9385;117885
2026-06-08T09:24:20.0000000Z;4.6075;4.635;9385;117885
2026-06-08T09:34:09.0000000Z;4.6075;4.635;9385;117885
2026-06-08T09:36:40.0000000Z;4.6075;4.635;9385;117885
2026-06-08T09:36:43.0000000Z;4.6075;4.635;9385;117885
2026-06-08T09:36:47.0000000Z;4.6075;4.635;9385;117885
2026-06-08T09:37:04.0000000Z;4.6075;4.635;9385;117885
2026-06-08T09:37:33.0000000Z;4.6075;4.635;9385;117885
2026-06-08T09:39:04.0000000Z;4.6075;4.635;9385;117885
2026-06-08T09:39:09.0000000Z;4.6075;4.635;9385;117885
2026-06-08T09:39:12.0000000Z;4.6075;4.635;9385;117885
2026-06-08T09:39:51.0000000Z;4.6075;4.635;9385;117885
2026-06-08T09:39:52.0000000Z;4.6075;4.635;9385;117885
2026-06-08T09:39:54.0000000Z;4.6075;4.635;9385;117885
2026-06-08T09:39:59.0000000Z;4.6075;4.635;9385;117885
2026-06-08T09:40:04.0000000Z;4.6075;4.635;9385;117885
2026-06-08T09:50:30.0000000Z;4.6075;4.635;9385;117885
2026-06-08T10:01:32.0000000Z;4.6075;4.635;9385;117885
2026-06-08T10:01:59.0000000Z;4.6075;4.635;9385;117885
2026-06-08T10:02:05.0000000Z;4.6075;4.635;9385;117885
2026-06-08T10:03:52.0000000Z;4.6075;4.635;9385;117885
2026-06-08T10:04:28.0000000Z;4.6075;4.635;9385;117885
2026-06-08T10:04:31.0000000Z;4.6075;4.635;9385;117885
2026-06-08T10:04:33.0000000Z;4.6075;4.635;9385;117885
2026-06-08T10:04:36.0000000Z;4.6075;4.635;9385;117885
2026-06-08T10:04:38.0000000Z;4.6075;4.635;9385;117885
2026-06-08T10:04:41.0000000Z;4.6075;4.635;9385;117885
2026-06-08T10:22:49.0000000Z;4.6075;4.635;9385;117885
2026-06-08T10:23:57.0000000Z;4.6075;4.635;9385;117885
2026-06-08T10:25:37.0000000Z;4.6075;4.635;9385;117885
2026-06-08T10:33:44.0000000Z;4.6075;4.635;9385;117885
2026-06-08T10:34:11.0000000Z;4.6075;4.635;9385;117885
2026-06-08T10:34:13.0000000Z;4.6075;4.635;9385;117885
2026-06-08T10:34:35.0000000Z;4.6075;4.6385;9385;150
2026-06-08T10:34:37.0000000Z;4.6075;4.6351;9385;5394
2026-06-08T10:34:42.0000000Z;4.6075;4.6351;9385;5394
2026-06-08T10:34:44.0000000Z;4.6075;4.6351;9385;5394
2026-06-08T10:34:49.0000000Z;4.6075;4.6351;9385;5394
2026-06-08T10:34:51.0000000Z;4.6075;4.6385;9385;108500
2026-06-08T10:34:52.0000000Z;4.6075;4.6385;9385;108500
2026-06-08T10:34:56.0000000Z;4.6075;4.6385;9385;108500
2026-06-08T10:35:20.0000000Z;4.6075;4.64;9385;10150
2026-06-08T10:35:25.0000000Z;4.6075;4.64;9385;10150
2026-06-08T10:35:26.0000000Z;4.6075;4.6386;9385;150
2026-06-08T10:35:28.0000000Z;4.6075;4.64;9385;150
2026-06-08T10:35:32.0000000Z;4.6075;4.64;9385;150
2026-06-08T10:35:33.0000000Z;4.6075;4.64;9385;150
2026-06-08T10:35:34.0000000Z;4.6075;4.6399;9385;9385
2026-06-08T10:35:35.0000000Z;4.6075;4.6399;9385;9385
2026-06-08T10:35:38.0000000Z;4.6075;4.6399;9385;9385
2026-06-08T10:35:39.0000000Z;4.6075;4.6399;9385;9385
2026-06-08T10:36:01.0000000Z;4.6075;4.64;9385;10150
2026-06-08T10:36:12.0000000Z;4.6075;4.64;9385;10150
2026-06-08T10:36:24.0000000Z;4.6075;4.64;9385;10150
2026-06-08T10:36:31.0000000Z;4.6075;4.64;9385;10150
2026-06-08T10:36:47.0000000Z;4.6075;4.64;9385;10150
2026-06-08T10:37:14.0000000Z;4.6075;4.64;9385;10150
2026-06-08T10:40:18.0000000Z;4.6075;4.64;9385;10150
2026-06-08T10:41:08.0000000Z;4.6075;4.64;9385;10150
2026-06-08T10:41:22.0000000Z;4.6075;4.64;9385;10150
2026-06-08T10:41:25.0000000Z;4.6075;4.64;9385;10150
2026-06-08T10:41:30.0000000Z;4.6075;4.64;9385;10150
2026-06-08T10:41:32.0000000Z;4.6075;4.64;9385;10150
2026-06-08T10:41:37.0000000Z;4.6075;4.64;9385;10150
2026-06-08T10:41:40.0000000Z;4.6075;4.64;9385;10150
2026-06-08T10:42:16.0000000Z;4.6075;4.64;9385;10150
2026-06-08T10:42:19.0000000Z;4.6075;4.64;9385;10150
2026-06-08T10:42:24.0000000Z;4.6075;4.64;9385;10150
2026-06-08T10:42:27.0000000Z;4.6075;4.64;9385;10150
2026-06-08T10:42:29.0000000Z;4.6075;4.64;9385;10150
2026-06-08T10:43:09.0000000Z;4.6075;4.64;9385;13887
2026-06-08T10:43:12.0000000Z;4.6075;4.64;9385;13887
2026-06-08T10:43:17.0000000Z;4.6075;4.64;9385;108500
2026-06-08T10:43:18.0000000Z;4.6075;4.6379;9385;3737
2026-06-08T10:43:19.0000000Z;4.6075;4.6378;9385;9385
2026-06-08T10:43:22.0000000Z;4.6075;4.6379;9385;3737
2026-06-08T10:43:23.0000000Z;4.6075;4.6379;9385;108500
2026-06-08T10:43:24.0000000Z;4.6075;4.64;9385;150
2026-06-08T10:43:25.0000000Z;4.6075;4.638;9385;5391
2026-06-08T10:43:28.0000000Z;4.6075;4.638;9385;5391
2026-06-08T10:43:29.0000000Z;4.6075;4.6399;9385;10000
2026-06-08T10:43:30.0000000Z;4.6075;4.6399;9385;117885
2026-06-08T10:44:13.0000000Z;4.6075;4.6399;9385;117885
2026-06-08T10:44:15.0000000Z;4.6075;4.6399;9385;117885
2026-06-08T10:50:39.0000000Z;4.6075;4.6399;9385;117885
2026-06-08T10:51:00.0000000Z;4.6075;4.6399;9385;117885
2026-06-08T10:51:29.0000000Z;4.6075;4.6399;9385;117885
2026-06-08T10:51:35.0000000Z;4.6075;4.6399;9385;117885
2026-06-08T10:52:19.0000000Z;4.6075;4.6399;9385;117885
2026-06-08T10:52:52.0000000Z;4.6075;4.6399;9385;117885
2026-06-08T10:53:38.0000000Z;4.6075;4.6399;9385;117885
2026-06-08T10:53:59.0000000Z;4.6075;4.6399;9385;117885
2026-06-08T10:54:32.0000000Z;4.6075;4.6399;9385;117885
2026-06-08T10:56:50.0000000Z;4.6075;4.6399;9385;117885
2026-06-08T10:59:35.0000000Z;4.6075;4.6399;9385;117885
2026-06-08T10:59:37.0000000Z;4.6075;4.6399;9385;117885
2026-06-08T10:59:41.0000000Z;4.6075;4.6399;9385;117885
2026-06-08T10:59:46.0000000Z;4.6075;4.6399;9385;117885
2026-06-08T10:59:47.0000000Z;4.6075;4.6399;9385;117885
2026-06-08T10:59:53.0000000Z;4.6075;4.6399;9385;117885
2026-06-08T11:00:45.0000000Z;4.6075;4.6399;9385;117885
2026-06-08T11:00:56.0000000Z;4.6086;4.6369;10000;10000
2026-06-08T11:00:57.0000000Z;4.6087;4.6368;9385;9385
2026-06-08T11:01:01.0000000Z;4.6087;4.6368;9385;9385
2026-06-08T11:01:06.0000000Z;4.6087;4.6368;9385;9385
2026-06-08T11:01:07.0000000Z;4.6087;4.6368;9385;9385
2026-06-08T11:01:08.0000000Z;4.6087;4.6368;9385;9385
2026-06-08T11:01:11.0000000Z;4.6087;4.6368;9385;9385
2026-06-08T11:01:46.0000000Z;4.6087;4.6368;9385;9385
2026-06-08T11:05:30.0000000Z;4.6087;4.6368;9385;9385
2026-06-08T11:09:26.0000000Z;4.6087;4.6368;9385;9385
2026-06-08T11:10:16.0000000Z;4.6087;4.6368;9385;9385
2026-06-08T11:10:45.0000000Z;4.6085;4.637;150;150
2026-06-08T11:10:46.0000000Z;4.6085;4.637;150;150
2026-06-08T11:10:47.0000000Z;4.6085;4.637;150;150
2026-06-08T11:10:48.0000000Z;4.6085;4.637;150;150
2026-06-08T11:10:50.0000000Z;4.6085;4.637;150;150
2026-06-08T11:10:54.0000000Z;4.6085;4.637;150;150
2026-06-08T11:11:04.0000000Z;4.6085;4.637;150;150
2026-06-08T11:11:09.0000000Z;4.6085;4.637;150;150
2026-06-08T11:11:11.0000000Z;4.6085;4.637;150;150
2026-06-08T11:11:12.0000000Z;4.6085;4.637;150;150
2026-06-08T11:11:23.0000000Z;4.6085;4.637;150;150
2026-06-08T11:11:35.0000000Z;4.6085;4.637;150;150
2026-06-08T11:11:36.0000000Z;4.6085;4.637;150;150
2026-06-08T11:11:47.0000000Z;4.6085;4.637;150;150
2026-06-08T11:11:51.0000000Z;4.6085;4.637;150;150
2026-06-08T11:11:59.0000000Z;4.6085;4.637;150;150
2026-06-08T11:12:11.0000000Z;4.6085;4.637;150;150
2026-06-08T11:12:19.0000000Z;4.6085;4.637;150;150
2026-06-08T11:12:23.0000000Z;4.6085;4.637;150;150
2026-06-08T11:12:24.0000000Z;4.6085;4.637;150;150
2026-06-08T11:12:28.0000000Z;4.6085;4.637;150;150
2026-06-08T11:12:35.0000000Z;4.6085;4.637;150;150
2026-06-08T11:12:47.0000000Z;4.6085;4.637;150;150
2026-06-08T11:12:59.0000000Z;4.6085;4.637;150;150
2026-06-08T11:13:09.0000000Z;4.6085;4.637;150;150
2026-06-08T11:13:12.0000000Z;4.6086;4.6369;9385;9385
2026-06-08T11:13:13.0000000Z;4.6086;4.6369;10000;10000
2026-06-08T11:13:19.0000000Z;4.6086;4.6369;10000;10000
2026-06-08T11:13:28.0000000Z;4.6086;4.6369;10000;10000
2026-06-08T11:13:30.0000000Z;4.6086;4.6369;10000;10000
2026-06-08T11:15:37.0000000Z;4.6086;4.6369;10000;10000
2026-06-08T11:17:05.0000000Z;4.6086;4.6369;117885;117885
2026-06-08T11:29:46.0000000Z;4.6086;4.6369;117885;117885
2026-06-08T11:30:08.0000000Z;4.6086;4.6369;117885;117885
2026-06-08T11:35:41.0000000Z;4.6086;4.6369;117885;117885
2026-06-08T11:36:48.0000000Z;4.6086;4.6369;117885;117885
2026-06-08T11:38:49.0000000Z;4.6086;4.6369;117885;117885
2026-06-08T11:39:02.0000000Z;4.6086;4.6369;117885;117885
2026-06-08T11:40:42.0000000Z;4.6086;4.6369;117885;117885
2026-06-08T11:42:11.0000000Z;4.6086;4.6369;117885;117885
2026-06-08T11:47:02.0000000Z;4.6086;4.6369;117885;117885
2026-06-08T11:58:45.0000000Z;4.6086;4.6369;117885;117885
2026-06-08T12:00:47.0000000Z;4.6086;4.6369;108500;117885
2026-06-08T12:00:48.0000000Z;4.6107;4.6369;9385;117885
2026-06-08T12:00:49.0000000Z;4.6107;4.6369;9385;117885
2026-06-08T12:00:52.0000000Z;4.6107;4.6369;9385;117885
2026-06-08T12:00:58.0000000Z;4.6107;4.6369;9385;117885
2026-06-08T12:01:40.0000000Z;4.6107;4.6369;9385;117885
2026-06-08T12:02:35.0000000Z;4.6107;4.6369;9385;117885
2026-06-08T12:05:57.0000000Z;4.6107;4.6369;9385;117885
2026-06-08T12:10:21.0000000Z;4.6107;4.6369;9385;117885
2026-06-08T12:10:23.0000000Z;4.6107;4.6369;9385;117885
2026-06-08T12:10:26.0000000Z;4.6107;4.6369;9385;117885
2026-06-08T12:10:28.0000000Z;4.6107;4.6369;9385;117885
2026-06-08T12:11:47.0000000Z;4.6107;4.6369;9385;117885
2026-06-08T12:11:59.0000000Z;4.6107;4.6369;9385;117885
2026-06-08T12:14:32.0000000Z;4.6107;4.6369;9385;117885
2026-06-08T12:15:10.0000000Z;4.6107;4.6369;9385;117885
2026-06-08T12:16:50.0000000Z;4.6107;4.6369;9385;117885
2026-06-08T12:19:02.0000000Z;4.6107;4.6369;9385;117885
2026-06-08T12:19:52.0000000Z;4.6107;4.6369;9385;117885
2026-06-08T12:29:15.0000000Z;4.6107;4.6369;9385;117885
2026-06-08T12:30:45.0000000Z;4.6107;4.6359;9385;10000
2026-06-08T12:30:46.0000000Z;4.6107;4.6358;9385;9385
2026-06-08T12:30:48.0000000Z;4.6107;4.6358;9385;9385
2026-06-08T12:30:50.0000000Z;4.6107;4.6358;9385;9385
2026-06-08T12:30:51.0000000Z;4.6107;4.6358;9385;9385
2026-06-08T12:32:05.0000000Z;4.6107;4.6358;9385;9385
2026-06-08T12:32:07.0000000Z;4.6107;4.6358;9385;9385
2026-06-08T12:32:35.0000000Z;4.6107;4.6358;9385;9385
2026-06-08T12:34:38.0000000Z;4.6107;4.6358;9385;9385
2026-06-08T12:39:59.0000000Z;4.6107;4.6358;9385;9385
2026-06-08T12:40:50.0000000Z;4.6107;4.6358;9385;9385
2026-06-08T12:42:30.0000000Z;4.6107;4.6358;9385;9385
2026-06-08T12:42:33.0000000Z;4.6107;4.6358;9385;9385
2026-06-08T12:43:29.0000000Z;4.6107;4.6358;9385;9385
2026-06-08T12:44:10.0000000Z;4.6107;4.6358;9385;9385
2026-06-08T12:44:19.0000000Z;4.6107;4.6358;9385;9385
2026-06-08T12:51:52.0000000Z;4.6107;4.6358;9385;9385
2026-06-08T12:51:53.0000000Z;4.6107;4.6358;9385;9385
2026-06-08T12:58:27.0000000Z;4.6136;4.6358;10000;9385
2026-06-08T12:58:28.0000000Z;4.6137;4.6358;9385;9385
2026-06-08T12:58:32.0000000Z;4.6137;4.6358;9385;9385
2026-06-08T12:58:34.0000000Z;4.6137;4.6358;9385;9385
2026-06-08T13:00:20.0000000Z;4.6137;4.6358;9385;9385
2026-06-08T13:02:30.0000000Z;4.6137;4.6358;9385;9385
2026-06-08T13:03:20.0000000Z;4.6137;4.6358;9385;9385
2026-06-08T13:20:24.0000000Z;4.6137;4.6359;9385;9529
2026-06-08T13:20:25.0000000Z;4.6137;4.6358;10000;10000
2026-06-08T13:20:26.0000000Z;4.6137;4.6357;117885;9385
2026-06-08T13:20:34.0000000Z;4.6137;4.6357;117885;9385
2026-06-08T13:20:56.0000000Z;4.6137;4.6357;117885;9385
2026-06-08T13:21:09.0000000Z;4.6137;4.6357;117885;9385
2026-06-08T13:21:53.0000000Z;4.6137;4.6357;117885;9385
2026-06-08T13:22:17.0000000Z;4.6137;4.6357;117885;9385
2026-06-08T13:22:52.0000000Z;4.6137;4.6357;117885;9385
2026-06-08T13:24:57.0000000Z;4.6137;4.6357;117885;9385
2026-06-08T13:25:25.0000000Z;4.6137;4.6357;108500;10000
2026-06-08T13:25:26.0000000Z;4.6139;4.6357;9385;117885
2026-06-08T13:25:33.0000000Z;4.6139;4.6357;9385;108500
2026-06-08T13:25:34.0000000Z;4.6139;4.64;9385;13887
2026-06-08T13:25:35.0000000Z;4.6139;4.64;9385;13887
2026-06-08T13:25:36.0000000Z;4.6139;4.64;9385;10150
2026-06-08T13:26:15.0000000Z;4.6139;4.64;9385;10150
2026-06-08T13:26:23.0000000Z;4.6139;4.64;9385;10150
2026-06-08T13:26:28.0000000Z;4.6139;4.64;9385;10150
2026-06-08T13:27:13.0000000Z;4.6139;4.64;9385;10150
2026-06-08T13:27:27.0000000Z;4.6138;4.64;108500;108500
2026-06-08T13:27:28.0000000Z;4.6137;4.64;5419;150
2026-06-08T13:27:29.0000000Z;4.6137;4.64;5419;150
2026-06-08T13:27:30.0000000Z;4.6137;4.64;5419;150
2026-06-08T13:27:34.0000000Z;4.6137;4.64;5419;150
2026-06-08T13:27:36.0000000Z;4.6135;4.64;108500;150
2026-06-08T13:27:37.0000000Z;4.6135;4.64;108500;150
2026-06-08T13:27:38.0000000Z;4.6135;4.64;108500;150
2026-06-08T13:27:47.0000000Z;4.6135;4.64;108500;150
2026-06-08T13:27:48.0000000Z;4.6135;4.64;108500;150
2026-06-08T13:27:49.0000000Z;4.6135;4.64;108500;150
2026-06-08T13:27:51.0000000Z;4.6135;4.64;108500;150
2026-06-08T13:27:52.0000000Z;4.6135;4.64;108500;150
2026-06-08T13:28:19.0000000Z;4.6135;4.64;108500;150
2026-06-08T13:28:20.0000000Z;4.6135;4.64;108500;150
2026-06-08T13:28:27.0000000Z;4.6135;4.64;108500;150
2026-06-08T13:28:32.0000000Z;4.6135;4.64;108500;150
2026-06-08T13:28:37.0000000Z;4.6135;4.64;108500;150
2026-06-08T13:28:44.0000000Z;4.6135;4.64;108500;150
2026-06-08T13:29:09.0000000Z;4.6135;4.64;108500;150
2026-06-08T13:29:19.0000000Z;4.6135;4.64;108500;150
2026-06-08T13:29:20.0000000Z;4.6135;4.64;108500;150
2026-06-08T13:29:31.0000000Z;4.6135;4.64;108500;150
2026-06-08T13:29:32.0000000Z;4.609;4.6445;150;150
2026-06-08T13:29:33.0000000Z;4.609;4.6445;150;150
2026-06-08T13:29:34.0000000Z;4.609;4.6445;150;150
2026-06-08T13:29:35.0000000Z;4.6134;4.6401;150;150
2026-06-08T13:29:36.0000000Z;4.6134;4.6401;150;150
2026-06-08T13:29:37.0000000Z;4.6134;4.6401;150;150
2026-06-08T13:29:41.0000000Z;4.609;4.6445;108500;108500
2026-06-08T13:30:21.0000000Z;4.609;4.6445;108500;108500
2026-06-08T13:30:46.0000000Z;4.6115;4.6425;150;150
2026-06-08T13:30:48.0000000Z;4.6115;4.6425;108500;108500
2026-06-08T13:30:50.0000000Z;4.6115;4.6425;108500;108500
2026-06-08T13:30:53.0000000Z;4.6115;4.6425;108500;108500
2026-06-08T13:30:58.0000000Z;4.6115;4.6425;108500;108500
2026-06-08T13:30:59.0000000Z;4.6115;4.6425;108500;108500
2026-06-08T13:31:00.0000000Z;4.6115;4.6425;108500;108500
2026-06-08T13:31:01.0000000Z;4.6135;4.64;108500;108500
2026-06-08T13:31:11.0000000Z;4.6135;4.64;108500;108500
2026-06-08T13:31:12.0000000Z;4.6135;4.64;108500;108500
2026-06-08T13:31:13.0000000Z;4.6135;4.64;108500;108500
2026-06-08T13:31:15.0000000Z;4.6135;4.64;108500;108500
2026-06-08T13:31:17.0000000Z;4.6135;4.64;108500;108500
2026-06-08T13:31:18.0000000Z;4.6135;4.64;108500;108500
2026-06-08T13:31:20.0000000Z;4.6135;4.64;108500;108500
2026-06-08T13:31:22.0000000Z;4.6135;4.64;108500;108500
2026-06-08T13:31:25.0000000Z;4.6135;4.64;108500;108500
2026-06-08T13:31:33.0000000Z;4.6135;4.64;108500;108500
2026-06-08T13:31:53.0000000Z;4.6135;4.64;108500;108500
2026-06-08T13:31:57.0000000Z;4.6135;4.64;108500;108500
2026-06-08T13:31:58.0000000Z;4.6135;4.64;108500;108500
2026-06-08T13:31:59.0000000Z;4.6135;4.64;108500;108500
2026-06-08T13:31:59.0000000Z;4.6135;4.64;108500;108500
2026-06-08T13:32:00.0000000Z;4.6135;4.64;108500;108500
2026-06-08T13:32:01.0000000Z;4.6135;4.64;108500;108500
2026-06-08T13:32:02.0000000Z;4.6135;4.64;108500;108500
2026-06-08T13:32:03.0000000Z;4.6135;4.64;108500;108500
2026-06-08T13:32:04.0000000Z;4.6135;4.64;108500;108500
2026-06-08T13:32:06.0000000Z;4.6135;4.64;108500;108500
2026-06-08T13:32:07.0000000Z;4.6135;4.64;108500;108500
2026-06-08T13:32:11.0000000Z;4.6135;4.64;108500;108500
2026-06-08T13:32:32.0000000Z;4.609;4.6445;27000;27000
2026-06-08T13:32:34.0000000Z;4.6134;4.6401;150;150
2026-06-08T13:32:37.0000000Z;4.6134;4.6401;150;150
2026-06-08T13:32:38.0000000Z;4.6134;4.6401;150;150
2026-06-08T13:32:46.0000000Z;4.609;4.6445;108500;108500
2026-06-08T13:33:01.0000000Z;4.609;4.6445;108500;108500
2026-06-08T13:33:22.0000000Z;4.6135;4.64;150;150
2026-06-08T13:33:23.0000000Z;4.6135;4.64;108500;108500
2026-06-08T13:33:34.0000000Z;4.6135;4.64;108500;108500
2026-06-08T13:37:47.0000000Z;4.6135;4.64;108500;108500
2026-06-08T13:57:39.0000000Z;4.6135;4.64;108500;108500
2026-06-08T13:57:49.0000000Z;4.6135;4.64;108500;108500
2026-06-08T13:58:38.0000000Z;4.6135;4.64;108500;108500
2026-06-08T13:59:46.0000000Z;4.609;4.6432;150;5605
2026-06-08T13:59:47.0000000Z;4.6134;4.6401;150;150
2026-06-08T13:59:48.0000000Z;4.6134;4.6401;150;150
2026-06-08T13:59:53.0000000Z;4.6134;4.643;150;9342
2026-06-08T13:59:55.0000000Z;4.6134;4.6424;150;5605
2026-06-08T13:59:56.0000000Z;4.6134;4.6424;150;5605
2026-06-08T13:59:57.0000000Z;4.609;4.6424;108500;108500
2026-06-08T14:00:00.0000000Z;4.609;4.6424;108500;108500
2026-06-08T14:00:18.0000000Z;4.609;4.6424;108500;108500
2026-06-08T14:00:19.0000000Z;4.609;4.6414;108500;5605
2026-06-08T14:00:20.0000000Z;4.609;4.6414;108500;108500
2026-06-08T14:00:22.0000000Z;4.609;4.6415;108500;3737
2026-06-08T14:00:23.0000000Z;4.609;4.6415;108500;108500
2026-06-08T14:00:28.0000000Z;4.609;4.6445;108500;150
2026-06-08T14:00:30.0000000Z;4.609;4.6445;108500;150
2026-06-08T14:00:32.0000000Z;4.609;4.6445;108500;108500
2026-06-08T14:00:33.0000000Z;4.609;4.6445;108500;108500
2026-06-08T14:00:36.0000000Z;4.609;4.6445;108500;108500
2026-06-08T14:00:46.0000000Z;4.6115;4.6425;150;150
2026-06-08T14:00:47.0000000Z;4.6115;4.6425;108500;108500
2026-06-08T14:00:57.0000000Z;4.6115;4.6425;108500;108500
2026-06-08T14:01:03.0000000Z;4.6115;4.6425;108500;108500
2026-06-08T14:01:16.0000000Z;4.6135;4.64;150;150
2026-06-08T14:01:18.0000000Z;4.6135;4.64;108500;108500
2026-06-08T14:01:22.0000000Z;4.6135;4.64;108500;108500
2026-06-08T14:01:28.0000000Z;4.6135;4.64;108500;108500
2026-06-08T14:02:06.0000000Z;4.6135;4.64;108500;108500
2026-06-08T14:04:26.0000000Z;4.6135;4.638;108500;150
2026-06-08T14:04:27.0000000Z;4.6135;4.638;108500;108500
2026-06-08T14:04:37.0000000Z;4.6135;4.638;108500;108500
2026-06-08T14:05:16.0000000Z;4.6135;4.638;108500;108500
2026-06-08T14:10:38.0000000Z;4.6135;4.638;108500;108500
2026-06-08T14:11:29.0000000Z;4.6135;4.638;108500;108500
2026-06-08T14:13:32.0000000Z;4.6135;4.638;108500;108500
2026-06-08T14:14:21.0000000Z;4.6135;4.638;108500;108500
2026-06-08T14:15:12.0000000Z;4.6135;4.638;108500;108500
2026-06-08T14:15:42.0000000Z;4.6135;4.638;108500;108500
2026-06-08T14:15:51.0000000Z;4.6135;4.638;108500;108500
2026-06-08T14:20:16.0000000Z;4.6135;4.638;108500;108500
2026-06-08T14:21:56.0000000Z;4.6135;4.638;108500;108500
2026-06-08T14:24:32.0000000Z;4.6135;4.638;108500;108500
2026-06-08T14:26:12.0000000Z;4.6135;4.638;108500;108500
2026-06-08T14:26:17.0000000Z;4.6135;4.638;108500;108500
2026-06-08T14:29:13.0000000Z;4.6135;4.638;108500;108500
2026-06-08T14:30:03.0000000Z;4.6135;4.638;108500;108500
2026-06-08T14:30:08.0000000Z;4.6135;4.638;108500;108500
2026-06-08T14:32:20.0000000Z;4.6135;4.638;108500;108500
2026-06-08T14:46:45.0000000Z;4.6135;4.638;108500;108500
2026-06-08T14:48:02.0000000Z;4.6135;4.638;108500;108500
2026-06-08T14:49:42.0000000Z;4.6135;4.638;108500;108500
2026-06-08T14:59:20.0000000Z;4.6135;4.638;108500;108500
2026-06-08T14:59:38.0000000Z;4.6135;4.638;108500;108500
