2026-06-08T08:00:00.0000000Z;27.18;27.209;332;188
2026-06-08T08:00:14.0000000Z;27.178;27.206;332;188
2026-06-08T08:00:15.0000000Z;27.178;27.205;332;1597
2026-06-08T08:00:18.0000000Z;27.179;27.205;920;1597
2026-06-08T08:00:26.0000000Z;27.178;27.205;9500;1597
2026-06-08T08:02:17.0000000Z;27.175;27.203;332;9500
2026-06-08T08:02:18.0000000Z;27.177;27.202;920;1597
2026-06-08T08:02:27.0000000Z;27.175;27.202;9500;1597
2026-06-08T08:02:59.0000000Z;27.175;27.203;332;188
2026-06-08T08:02:59.0000000Z;27.175;27.203;332;188
2026-06-08T08:03:02.0000000Z;27.175;27.203;332;188
2026-06-08T08:03:05.0000000Z;27.175;27.203;332;188
2026-06-08T08:03:07.0000000Z;27.175;27.203;332;188
2026-06-08T08:03:10.0000000Z;27.175;27.203;332;188
2026-06-08T08:03:13.0000000Z;27.175;27.203;332;188
2026-06-08T08:03:15.0000000Z;27.175;27.203;332;188
2026-06-08T08:03:17.0000000Z;27.175;27.203;332;188
2026-06-08T08:03:18.0000000Z;27.175;27.203;332;188
2026-06-08T08:03:20.0000000Z;27.175;27.203;332;188
2026-06-08T08:03:23.0000000Z;27.175;27.203;332;188
2026-06-08T08:03:50.0000000Z;27.175;27.203;332;188
2026-06-08T08:04:00.0000000Z;27.175;27.203;332;188
2026-06-08T08:04:50.0000000Z;27.175;27.203;332;188
2026-06-08T08:07:06.0000000Z;27.175;27.203;332;188
2026-06-08T08:09:11.0000000Z;27.172;27.2;332;188
2026-06-08T08:09:12.0000000Z;27.174;27.199;920;1597
2026-06-08T08:09:21.0000000Z;27.172;27.199;9500;1597
2026-06-08T08:09:58.0000000Z;27.172;27.2;332;188
2026-06-08T08:09:59.0000000Z;27.175;27.204;332;188
2026-06-08T08:10:00.0000000Z;27.175;27.2;9500;9500
2026-06-08T08:10:03.0000000Z;27.175;27.201;9500;920
2026-06-08T08:10:11.0000000Z;27.175;27.203;9500;1597
2026-06-08T08:10:29.0000000Z;27.172;27.201;332;188
2026-06-08T08:10:30.0000000Z;27.172;27.2;332;1597
2026-06-08T08:10:31.0000000Z;27.174;27.2;920;1597
2026-06-08T08:10:43.0000000Z;27.172;27.2;9500;1597
2026-06-08T08:12:52.0000000Z;27.172;27.201;332;188
2026-06-08T08:12:55.0000000Z;27.172;27.201;332;188
2026-06-08T08:12:57.0000000Z;27.172;27.201;332;188
2026-06-08T08:13:00.0000000Z;27.172;27.201;332;188
2026-06-08T08:13:02.0000000Z;27.172;27.201;332;188
2026-06-08T08:13:05.0000000Z;27.172;27.201;332;188
2026-06-08T08:13:07.0000000Z;27.172;27.201;332;188
2026-06-08T08:13:10.0000000Z;27.172;27.201;332;188
2026-06-08T08:13:12.0000000Z;27.172;27.201;332;188
2026-06-08T08:13:15.0000000Z;27.172;27.201;332;188
2026-06-08T08:13:17.0000000Z;27.172;27.201;332;188
2026-06-08T08:13:35.0000000Z;27.172;27.201;332;188
2026-06-08T08:13:45.0000000Z;27.172;27.201;332;188
2026-06-08T08:13:48.0000000Z;27.172;27.201;332;188
2026-06-08T08:14:38.0000000Z;27.172;27.201;332;188
2026-06-08T08:15:47.0000000Z;27.17;27.198;332;9500
2026-06-08T08:15:48.0000000Z;27.171;27.197;921;1597
2026-06-08T08:15:57.0000000Z;27.17;27.197;9500;1597
2026-06-08T08:18:44.0000000Z;27.172;27.201;332;188
2026-06-08T08:18:45.0000000Z;27.172;27.198;9500;9500
2026-06-08T08:18:47.0000000Z;27.172;27.199;9500;920
2026-06-08T08:18:52.0000000Z;27.172;27.2;9500;1597
2026-06-08T08:20:44.0000000Z;27.175;27.204;332;188
2026-06-08T08:20:45.0000000Z;27.175;27.202;332;920
2026-06-08T08:20:53.0000000Z;27.175;27.203;9500;1597
2026-06-08T08:21:16.0000000Z;27.175;27.203;9500;1597
2026-06-08T08:21:49.0000000Z;27.173;27.201;332;188
2026-06-08T08:21:50.0000000Z;27.173;27.2;332;1597
2026-06-08T08:21:56.0000000Z;27.175;27.2;9500;1597
2026-06-08T08:22:07.0000000Z;27.173;27.2;9500;1597
2026-06-08T08:22:33.0000000Z;27.17;27.199;332;188
2026-06-08T08:22:34.0000000Z;27.17;27.198;332;1597
2026-06-08T08:22:36.0000000Z;27.172;27.198;921;1597
2026-06-08T08:22:41.0000000Z;27.17;27.198;9500;1597
2026-06-08T08:23:05.0000000Z;27.167;27.196;332;188
2026-06-08T08:23:06.0000000Z;27.167;27.195;332;1597
2026-06-08T08:23:07.0000000Z;27.167;27.195;332;1597
2026-06-08T08:23:08.0000000Z;27.169;27.195;921;1597
2026-06-08T08:23:21.0000000Z;27.167;27.195;9500;1597
2026-06-08T08:30:21.0000000Z;27.17;27.198;332;188
2026-06-08T08:30:22.0000000Z;27.17;27.197;332;2517
2026-06-08T08:30:28.0000000Z;27.17;27.197;9500;1597
2026-06-08T08:31:05.0000000Z;27.17;27.198;332;188
2026-06-08T08:33:38.0000000Z;27.172;27.201;332;188
2026-06-08T08:33:39.0000000Z;27.172;27.198;332;9500
2026-06-08T08:33:45.0000000Z;27.172;27.198;9500;9500
2026-06-08T08:34:00.0000000Z;27.172;27.2;9500;1597
2026-06-08T08:37:13.0000000Z;27.169;27.198;332;188
2026-06-08T08:37:14.0000000Z;27.169;27.197;332;1597
2026-06-08T08:37:16.0000000Z;27.171;27.197;921;1597
2026-06-08T08:37:21.0000000Z;27.169;27.197;9500;1597
2026-06-08T08:38:44.0000000Z;27.167;27.195;332;188
2026-06-08T08:38:45.0000000Z;27.167;27.194;332;1597
2026-06-08T08:38:46.0000000Z;27.168;27.194;921;1597
2026-06-08T08:38:50.0000000Z;27.167;27.194;9500;1597
2026-06-08T08:39:06.0000000Z;27.167;27.195;332;188
2026-06-08T08:39:53.0000000Z;27.167;27.195;332;188
2026-06-08T08:39:57.0000000Z;27.167;27.195;332;188
2026-06-08T08:39:59.0000000Z;27.167;27.195;332;188
2026-06-08T08:40:00.0000000Z;27.167;27.195;332;188
2026-06-08T08:40:02.0000000Z;27.167;27.195;332;188
2026-06-08T08:40:05.0000000Z;27.167;27.195;332;188
2026-06-08T08:40:06.0000000Z;27.167;27.195;332;188
2026-06-08T08:40:07.0000000Z;27.167;27.195;332;188
2026-06-08T08:40:08.0000000Z;27.167;27.195;332;188
2026-06-08T08:40:11.0000000Z;27.167;27.195;332;188
2026-06-08T08:40:13.0000000Z;27.167;27.195;332;188
2026-06-08T08:40:16.0000000Z;27.167;27.195;332;188
2026-06-08T08:40:18.0000000Z;27.167;27.195;332;188
2026-06-08T08:40:21.0000000Z;27.167;27.195;332;188
2026-06-08T08:40:23.0000000Z;27.167;27.195;332;188
2026-06-08T08:40:26.0000000Z;27.167;27.195;332;188
2026-06-08T08:40:28.0000000Z;27.167;27.195;332;188
2026-06-08T08:40:31.0000000Z;27.167;27.195;332;188
2026-06-08T08:40:43.0000000Z;27.167;27.195;332;188
2026-06-08T08:40:50.0000000Z;27.038;27.362;638;3238
2026-06-08T08:40:51.0000000Z;27.038;27.195;638;9500
2026-06-08T08:40:52.0000000Z;27.048;27.353;638;638
2026-06-08T08:40:53.0000000Z;27.165;27.193;332;188
2026-06-08T08:40:54.0000000Z;27.165;27.192;332;1597
2026-06-08T08:40:55.0000000Z;27.165;27.193;332;188
2026-06-08T08:40:58.0000000Z;27.162;27.19;332;188
2026-06-08T08:40:59.0000000Z;27.162;27.189;332;1597
2026-06-08T08:41:01.0000000Z;27.166;27.189;921;1597
2026-06-08T08:41:04.0000000Z;27.162;27.19;332;188
2026-06-08T08:42:38.0000000Z;27.162;27.19;332;188
2026-06-08T08:42:40.0000000Z;27.162;27.19;332;188
2026-06-08T08:42:43.0000000Z;27.162;27.19;332;188
2026-06-08T08:42:45.0000000Z;27.162;27.19;332;188
2026-06-08T08:42:48.0000000Z;27.162;27.19;332;188
2026-06-08T08:42:50.0000000Z;27.162;27.19;332;188
2026-06-08T08:42:53.0000000Z;27.162;27.19;332;188
2026-06-08T08:43:53.0000000Z;27.164;27.19;9500;9500
2026-06-08T08:43:54.0000000Z;27.164;27.19;9500;9500
2026-06-08T08:43:55.0000000Z;27.164;27.191;9500;920
2026-06-08T08:44:03.0000000Z;27.164;27.192;9500;1597
2026-06-08T08:47:29.0000000Z;27.164;27.193;332;188
2026-06-08T08:49:03.0000000Z;27.164;27.193;332;188
2026-06-08T08:51:00.0000000Z;27.164;27.193;332;188
2026-06-08T08:51:07.0000000Z;27.164;27.193;332;188
2026-06-08T08:52:58.0000000Z;27.178;27.193;1;188
2026-06-08T08:52:59.0000000Z;27.178;27.193;9500;188
2026-06-08T08:53:10.0000000Z;27.178;27.192;9500;1597
2026-06-08T08:53:59.0000000Z;27.178;27.196;1;188
2026-06-08T08:54:00.0000000Z;27.178;27.194;1;188
2026-06-08T08:54:01.0000000Z;27.178;27.196;1;188
2026-06-08T08:54:04.0000000Z;27.178;27.196;1;188
2026-06-08T08:54:06.0000000Z;27.178;27.196;1;188
2026-06-08T08:54:09.0000000Z;27.178;27.196;1;188
2026-06-08T08:54:11.0000000Z;27.178;27.196;1;188
2026-06-08T08:54:14.0000000Z;27.178;27.196;1;188
2026-06-08T08:54:16.0000000Z;27.178;27.196;1;188
2026-06-08T08:54:19.0000000Z;27.178;27.196;1;188
2026-06-08T08:54:21.0000000Z;27.178;27.196;1;188
2026-06-08T08:54:24.0000000Z;27.178;27.196;1;188
2026-06-08T08:54:26.0000000Z;27.178;27.196;1;188
2026-06-08T08:54:29.0000000Z;27.178;27.196;1;188
2026-06-08T08:54:31.0000000Z;27.178;27.196;1;188
2026-06-08T08:54:33.0000000Z;27.178;27.196;1;188
2026-06-08T08:55:14.0000000Z;27.178;27.196;1;188
2026-06-08T08:55:16.0000000Z;27.178;27.196;1;188
2026-06-08T08:55:48.0000000Z;27.178;27.196;1;188
2026-06-08T08:57:00.0000000Z;27.178;27.199;1;188
2026-06-08T08:57:01.0000000Z;27.178;27.196;1;9500
2026-06-08T08:57:03.0000000Z;27.178;27.197;1;188
2026-06-08T08:57:11.0000000Z;27.178;27.198;1;1597
2026-06-08T09:00:19.0000000Z;27.178;27.199;1;188
2026-06-08T09:02:02.0000000Z;27.178;27.196;1;188
2026-06-08T09:02:03.0000000Z;27.178;27.195;1;1597
2026-06-08T09:02:11.0000000Z;27.178;27.195;1;1597
2026-06-08T09:03:05.0000000Z;27.178;27.196;1;188
2026-06-08T09:07:09.0000000Z;27.178;27.193;1;188
2026-06-08T09:07:10.0000000Z;27.178;27.192;1;1597
2026-06-08T09:07:18.0000000Z;27.178;27.192;1;1597
2026-06-08T09:08:57.0000000Z;27.178;27.193;1;188
2026-06-08T09:08:58.0000000Z;27.178;27.193;1;188
2026-06-08T09:09:00.0000000Z;27.178;27.193;1;188
2026-06-08T09:09:02.0000000Z;27.178;27.193;1;188
2026-06-08T09:09:05.0000000Z;27.178;27.193;1;188
2026-06-08T09:09:06.0000000Z;27.178;27.193;1;188
2026-06-08T09:09:07.0000000Z;27.178;27.193;1;188
2026-06-08T09:09:08.0000000Z;27.178;27.193;1;188
2026-06-08T09:09:10.0000000Z;27.178;27.193;1;188
2026-06-08T09:09:11.0000000Z;27.178;27.193;1;188
2026-06-08T09:09:12.0000000Z;27.178;27.193;1;188
2026-06-08T09:09:13.0000000Z;27.178;27.193;1;188
2026-06-08T09:09:15.0000000Z;27.178;27.193;1;188
2026-06-08T09:09:16.0000000Z;27.178;27.193;1;188
2026-06-08T09:09:17.0000000Z;27.178;27.193;1;188
2026-06-08T09:09:18.0000000Z;27.178;27.193;1;188
2026-06-08T09:09:20.0000000Z;27.178;27.193;1;188
2026-06-08T09:09:22.0000000Z;27.178;27.193;1;188
2026-06-08T09:09:25.0000000Z;27.178;27.193;1;188
2026-06-08T09:09:27.0000000Z;27.178;27.193;1;188
2026-06-08T09:09:30.0000000Z;27.178;27.193;1;188
2026-06-08T09:09:32.0000000Z;27.178;27.193;1;188
2026-06-08T09:09:35.0000000Z;27.178;27.193;1;188
2026-06-08T09:09:37.0000000Z;27.178;27.193;1;188
2026-06-08T09:10:17.0000000Z;27.178;27.193;1;188
2026-06-08T09:11:15.0000000Z;27.178;27.193;1;188
2026-06-08T09:12:29.0000000Z;27.178;27.191;1;188
2026-06-08T09:12:30.0000000Z;27.178;27.19;1;1597
2026-06-08T09:12:34.0000000Z;27.178;27.19;1;1597
2026-06-08T09:13:31.0000000Z;27.163;27.191;332;188
2026-06-08T09:13:33.0000000Z;27.177;27.191;1;188
2026-06-08T09:13:37.0000000Z;27.163;27.19;9500;1597
2026-06-08T09:14:32.0000000Z;27.166;27.194;332;188
2026-06-08T09:14:33.0000000Z;27.166;27.192;9500;920
2026-06-08T09:14:36.0000000Z;27.166;27.193;9500;1597
2026-06-08T09:19:30.0000000Z;27.166;27.194;332;188
2026-06-08T09:20:45.0000000Z;27.166;27.194;332;188
2026-06-08T09:21:00.0000000Z;27.168;27.197;332;188
2026-06-08T09:21:01.0000000Z;27.168;27.194;332;9500
2026-06-08T09:21:02.0000000Z;27.168;27.195;332;920
2026-06-08T09:21:10.0000000Z;27.168;27.196;9500;1597
2026-06-08T09:21:51.0000000Z;27.171;27.2;332;188
2026-06-08T09:21:52.0000000Z;27.171;27.197;332;9500
2026-06-08T09:21:53.0000000Z;27.171;27.198;332;920
2026-06-08T09:21:56.0000000Z;27.171;27.199;9500;1597
2026-06-08T09:24:22.0000000Z;27.168;27.197;332;9500
2026-06-08T09:24:23.0000000Z;27.17;27.196;921;1597
2026-06-08T09:24:24.0000000Z;27.168;27.197;332;188
2026-06-08T09:24:28.0000000Z;27.168;27.196;9500;1597
2026-06-08T09:26:43.0000000Z;27.166;27.194;332;188
2026-06-08T09:26:44.0000000Z;27.167;27.193;921;1597
2026-06-08T09:26:45.0000000Z;27.166;27.193;9500;1597
2026-06-08T09:27:17.0000000Z;27.168;27.197;332;188
2026-06-08T09:27:18.0000000Z;27.168;27.195;332;920
2026-06-08T09:27:22.0000000Z;27.168;27.196;9500;1597
2026-06-08T09:28:55.0000000Z;27.17;27.199;9500;188
2026-06-08T09:28:56.0000000Z;27.17;27.198;9500;2517
2026-06-08T09:28:59.0000000Z;27.17;27.198;9500;1597
2026-06-08T09:35:37.0000000Z;27.168;27.196;332;188
2026-06-08T09:35:38.0000000Z;27.169;27.195;921;1597
2026-06-08T09:35:43.0000000Z;27.168;27.195;9500;1597
2026-06-08T09:36:40.0000000Z;27.168;27.196;332;188
2026-06-08T09:36:43.0000000Z;27.012;27.196;5173;188
2026-06-08T09:36:44.0000000Z;27.012;27.338;5173;5173
2026-06-08T09:36:45.0000000Z;27.168;27.196;9500;9500
2026-06-08T09:36:46.0000000Z;27.168;27.196;9500;9500
2026-06-08T09:36:49.0000000Z;27.175;27.196;332;9500
2026-06-08T09:36:50.0000000Z;27.175;27.197;332;920
2026-06-08T09:36:54.0000000Z;27.175;27.197;9500;920
2026-06-08T09:37:05.0000000Z;27.175;27.2;9500;9500
2026-06-08T09:37:15.0000000Z;27.135;27.2;333;9500
2026-06-08T09:37:16.0000000Z;27.135;27.2;333;9500
2026-06-08T09:37:17.0000000Z;27.135;27.203;333;9500
2026-06-08T09:37:21.0000000Z;27.174;27.204;920;919
2026-06-08T09:37:22.0000000Z;26.968;27.204;638;919
2026-06-08T09:37:23.0000000Z;26.97;27.402;638;638
2026-06-08T09:37:24.0000000Z;27.174;27.204;920;919
2026-06-08T09:37:25.0000000Z;27.174;27.204;920;919
2026-06-08T09:37:27.0000000Z;27.174;27.204;920;919
2026-06-08T09:37:28.0000000Z;26.973;27.401;957;957
2026-06-08T09:37:29.0000000Z;27.174;27.204;920;919
2026-06-08T09:37:30.0000000Z;27.174;27.204;920;919
2026-06-08T09:37:35.0000000Z;26.976;27.398;10138;10138
2026-06-08T09:37:36.0000000Z;26.976;27.394;9500;638
2026-06-08T09:37:37.0000000Z;26.981;27.393;1597;1597
2026-06-08T09:37:39.0000000Z;26.98;27.394;638;10138
2026-06-08T09:37:40.0000000Z;26.981;27.384;1293;1597
2026-06-08T09:37:41.0000000Z;26.981;27.385;1293;1293
2026-06-08T09:37:45.0000000Z;26.981;27.381;336;1931
2026-06-08T09:37:46.0000000Z;26.981;27.38;336;1597
2026-06-08T09:37:52.0000000Z;26.981;27.38;11097;1597
2026-06-08T09:37:53.0000000Z;26.975;27.397;638;638
2026-06-08T09:37:54.0000000Z;26.981;27.381;9500;9500
2026-06-08T09:37:55.0000000Z;26.98;27.382;927;914
2026-06-08T09:37:57.0000000Z;26.977;27.395;638;638
2026-06-08T09:37:58.0000000Z;26.98;27.382;927;914
2026-06-08T09:37:59.0000000Z;26.98;27.382;2524;914
2026-06-08T09:38:00.0000000Z;26.981;27.385;336;1293
2026-06-08T09:38:01.0000000Z;26.982;27.385;1597;1293
2026-06-08T09:38:03.0000000Z;26.981;27.385;336;1293
2026-06-08T09:38:04.0000000Z;26.981;27.382;336;914
2026-06-08T09:38:05.0000000Z;26.981;27.381;336;9500
2026-06-08T09:38:06.0000000Z;26.981;27.379;336;9500
2026-06-08T09:38:07.0000000Z;26.981;27.378;336;1597
2026-06-08T09:38:09.0000000Z;26.98;27.38;1461;2737
2026-06-08T09:38:10.0000000Z;26.981;27.38;9500;1461
2026-06-08T09:38:11.0000000Z;26.981;27.379;9500;9500
2026-06-08T09:38:12.0000000Z;26.981;27.385;9500;336
2026-06-08T09:38:13.0000000Z;26.981;27.385;336;1293
2026-06-08T09:38:14.0000000Z;26.982;27.38;1597;914
2026-06-08T09:38:16.0000000Z;26.982;27.38;1597;914
2026-06-08T09:38:17.0000000Z;26.982;27.38;1597;914
2026-06-08T09:38:19.0000000Z;26.981;27.385;336;1293
2026-06-08T09:38:21.0000000Z;26.981;27.384;336;1597
2026-06-08T09:38:26.0000000Z;26.983;27.381;336;1931
2026-06-08T09:38:27.0000000Z;26.984;27.38;1597;1597
2026-06-08T09:38:32.0000000Z;26.983;27.381;336;1931
2026-06-08T09:38:38.0000000Z;26.984;27.38;1597;1597
2026-06-08T09:38:50.0000000Z;26.981;27.381;1914;1595
2026-06-08T09:38:52.0000000Z;26.983;27.381;9500;1595
2026-06-08T09:38:54.0000000Z;26.982;27.381;2524;1595
2026-06-08T09:38:55.0000000Z;26.982;27.381;927;1595
2026-06-08T09:38:56.0000000Z;26.982;27.381;927;1595
2026-06-08T09:38:59.0000000Z;26.982;27.381;927;1595
2026-06-08T09:39:02.0000000Z;26.981;27.381;1597;1595
2026-06-08T09:39:10.0000000Z;26.98;27.38;12744;1597
2026-06-08T09:39:14.0000000Z;26.981;27.38;2235;2235
2026-06-08T09:39:16.0000000Z;26.985;27.378;9500;10138
2026-06-08T09:39:17.0000000Z;26.986;27.377;1597;1597
2026-06-08T09:39:19.0000000Z;26.987;27.376;336;974
2026-06-08T09:39:20.0000000Z;26.987;27.374;336;336
2026-06-08T09:39:21.0000000Z;26.987;27.369;336;1597
2026-06-08T09:39:22.0000000Z;26.987;27.37;336;1293
2026-06-08T09:39:26.0000000Z;26.987;27.369;336;1597
2026-06-08T09:39:31.0000000Z;26.988;27.369;1597;1597
2026-06-08T09:39:34.0000000Z;26.987;27.37;336;1293
2026-06-08T09:39:44.0000000Z;26.987;27.371;336;336
2026-06-08T09:39:45.0000000Z;26.987;27.37;336;11097
2026-06-08T09:39:47.0000000Z;26.987;27.37;336;1597
2026-06-08T09:39:53.0000000Z;26.987;27.37;336;1597
2026-06-08T09:40:15.0000000Z;26.988;27.371;1597;336
2026-06-08T09:40:37.0000000Z;26.99;27.379;336;336
2026-06-08T09:40:38.0000000Z;26.991;27.371;1597;9500
2026-06-08T09:40:39.0000000Z;26.99;27.379;1293;336
2026-06-08T09:40:42.0000000Z;26.991;27.379;336;336
2026-06-08T09:40:44.0000000Z;26.987;27.379;1293;336
2026-06-08T09:40:45.0000000Z;26.988;27.379;1597;336
2026-06-08T09:40:47.0000000Z;26.987;27.379;1293;336
2026-06-08T09:40:49.0000000Z;26.987;27.379;1293;336
2026-06-08T09:40:50.0000000Z;26.988;27.379;1597;336
2026-06-08T09:40:52.0000000Z;26.987;27.379;1293;336
2026-06-08T09:40:54.0000000Z;26.987;27.379;1293;336
2026-06-08T09:40:55.0000000Z;26.988;27.379;1597;336
2026-06-08T09:40:59.0000000Z;26.987;27.379;14037;336
2026-06-08T09:41:00.0000000Z;26.988;27.379;1597;336
2026-06-08T09:41:01.0000000Z;26.987;27.379;14037;336
2026-06-08T09:41:04.0000000Z;26.988;27.379;336;336
2026-06-08T09:41:05.0000000Z;26.988;27.379;11097;336
2026-06-08T09:41:06.0000000Z;26.988;27.379;336;336
2026-06-08T09:41:09.0000000Z;26.988;27.379;336;336
2026-06-08T09:41:11.0000000Z;26.988;27.379;336;336
2026-06-08T09:41:14.0000000Z;26.988;27.379;336;336
2026-06-08T09:41:49.0000000Z;26.988;27.379;336;336
2026-06-08T09:41:51.0000000Z;26.988;27.379;336;336
2026-06-08T09:41:54.0000000Z;26.988;27.379;336;336
2026-06-08T09:41:56.0000000Z;26.988;27.379;336;336
2026-06-08T09:42:04.0000000Z;26.988;27.379;336;336
2026-06-08T09:42:07.0000000Z;26.988;27.379;336;336
2026-06-08T09:42:09.0000000Z;26.988;27.379;336;336
2026-06-08T09:42:12.0000000Z;26.988;27.379;336;336
2026-06-08T09:42:14.0000000Z;26.988;27.379;336;336
2026-06-08T09:42:17.0000000Z;26.988;27.379;336;336
2026-06-08T09:42:52.0000000Z;26.99;27.379;336;336
2026-06-08T09:42:53.0000000Z;26.99;27.379;1293;336
2026-06-08T09:42:55.0000000Z;26.99;27.379;1293;336
2026-06-08T09:42:57.0000000Z;26.991;27.379;336;336
2026-06-08T09:42:58.0000000Z;26.991;27.379;336;336
2026-06-08T09:42:59.0000000Z;26.991;27.379;336;336
2026-06-08T09:43:00.0000000Z;26.991;27.379;336;336
2026-06-08T09:43:02.0000000Z;26.991;27.379;11097;336
2026-06-08T09:43:03.0000000Z;26.991;27.379;336;336
2026-06-08T09:43:38.0000000Z;26.995;27.379;1293;336
2026-06-08T09:43:39.0000000Z;26.995;27.379;1293;336
2026-06-08T09:43:41.0000000Z;26.996;27.379;336;336
2026-06-08T09:43:42.0000000Z;26.996;27.379;11097;336
2026-06-08T09:43:43.0000000Z;26.994;27.379;336;336
2026-06-08T09:43:44.0000000Z;26.996;27.379;9500;336
2026-06-08T09:43:45.0000000Z;26.996;27.379;9500;336
2026-06-08T09:43:46.0000000Z;26.995;27.379;1597;336
2026-06-08T09:43:52.0000000Z;26.996;27.379;9500;336
2026-06-08T09:43:53.0000000Z;26.997;27.379;1597;336
2026-06-08T09:43:54.0000000Z;26.998;27.379;336;336
2026-06-08T09:43:55.0000000Z;26.999;27.379;1597;336
2026-06-08T09:43:57.0000000Z;26.998;27.379;336;336
2026-06-08T09:43:59.0000000Z;26.998;27.379;336;336
2026-06-08T09:43:59.0000000Z;26.998;27.379;336;336
2026-06-08T09:44:02.0000000Z;26.998;27.379;336;336
2026-06-08T09:44:04.0000000Z;26.998;27.379;336;336
2026-06-08T09:44:07.0000000Z;26.998;27.379;336;336
2026-06-08T09:44:09.0000000Z;26.998;27.379;336;336
2026-06-08T09:44:10.0000000Z;27.173;27.215;333;187
2026-06-08T09:44:11.0000000Z;27.173;27.214;9500;1597
2026-06-08T09:44:12.0000000Z;27.173;27.215;333;187
2026-06-08T09:44:13.0000000Z;27.173;27.215;333;187
2026-06-08T09:44:18.0000000Z;27.173;27.215;333;187
2026-06-08T09:44:19.0000000Z;27.173;27.214;9500;1597
2026-06-08T09:45:00.0000000Z;27.173;27.215;333;187
2026-06-08T09:45:43.0000000Z;27.173;27.215;333;187
2026-06-08T09:45:44.0000000Z;27.181;27.209;333;187
2026-06-08T09:45:45.0000000Z;27.181;27.208;333;1597
2026-06-08T09:45:47.0000000Z;27.181;27.209;333;187
2026-06-08T09:45:48.0000000Z;27.181;27.209;333;187
2026-06-08T09:45:50.0000000Z;27.181;27.209;333;187
2026-06-08T09:45:53.0000000Z;27.181;27.209;333;187
2026-06-08T09:45:55.0000000Z;27.181;27.209;333;187
2026-06-08T09:48:48.0000000Z;27.181;27.209;333;187
2026-06-08T09:48:50.0000000Z;27.181;27.209;333;187
2026-06-08T09:48:53.0000000Z;27.181;27.209;333;187
2026-06-08T09:49:16.0000000Z;27.181;27.209;333;187
2026-06-08T09:50:46.0000000Z;27.183;27.212;333;187
2026-06-08T09:50:47.0000000Z;27.183;27.21;333;919
2026-06-08T09:50:55.0000000Z;27.183;27.211;9500;1597
2026-06-08T09:51:48.0000000Z;27.183;27.212;333;187
2026-06-08T09:51:51.0000000Z;27.183;27.212;333;187
2026-06-08T09:51:53.0000000Z;27.183;27.212;333;187
2026-06-08T09:51:56.0000000Z;27.183;27.212;333;187
2026-06-08T09:52:43.0000000Z;27.183;27.212;333;187
2026-06-08T09:53:09.0000000Z;27.183;27.212;333;187
2026-06-08T09:53:11.0000000Z;27.183;27.212;333;187
2026-06-08T09:53:16.0000000Z;27.183;27.212;333;187
2026-06-08T09:53:17.0000000Z;27.183;27.212;333;187
2026-06-08T09:53:19.0000000Z;27.183;27.212;333;187
2026-06-08T09:53:22.0000000Z;27.183;27.212;333;187
2026-06-08T09:53:24.0000000Z;27.183;27.212;333;187
2026-06-08T09:53:27.0000000Z;27.183;27.212;333;187
2026-06-08T09:53:28.0000000Z;27.183;27.212;333;187
2026-06-08T09:53:29.0000000Z;27.183;27.212;333;187
2026-06-08T09:53:32.0000000Z;27.183;27.212;333;187
2026-06-08T09:53:34.0000000Z;27.183;27.212;333;187
2026-06-08T09:53:37.0000000Z;27.183;27.212;333;187
2026-06-08T09:53:39.0000000Z;27.183;27.212;333;187
2026-06-08T09:53:42.0000000Z;27.183;27.212;333;187
2026-06-08T09:53:44.0000000Z;27.183;27.212;333;187
2026-06-08T09:58:02.0000000Z;27.181;27.209;333;187
2026-06-08T09:58:03.0000000Z;27.182;27.208;920;1597
2026-06-08T09:58:08.0000000Z;27.181;27.208;9500;1597
2026-06-08T10:01:59.0000000Z;27.181;27.209;333;187
2026-06-08T10:02:06.0000000Z;27.035;27.359;638;638
2026-06-08T10:02:07.0000000Z;27.178;27.205;333;1597
2026-06-08T10:02:09.0000000Z;27.178;27.206;333;187
2026-06-08T10:02:10.0000000Z;27.18;27.206;920;187
2026-06-08T10:02:11.0000000Z;27.039;27.358;638;638
2026-06-08T10:02:12.0000000Z;27.174;27.203;333;187
2026-06-08T10:02:14.0000000Z;27.18;27.202;920;1597
2026-06-08T10:02:17.0000000Z;27.174;27.203;333;187
2026-06-08T10:02:25.0000000Z;27.174;27.202;9500;1597
2026-06-08T10:02:58.0000000Z;27.174;27.203;333;187
2026-06-08T10:03:05.0000000Z;27.177;27.206;333;187
2026-06-08T10:03:06.0000000Z;27.177;27.204;9500;919
2026-06-08T10:03:07.0000000Z;27.177;27.206;333;187
2026-06-08T10:03:17.0000000Z;27.177;27.205;9500;1597
2026-06-08T10:03:56.0000000Z;27.177;27.206;333;187
2026-06-08T10:03:57.0000000Z;27.177;27.206;333;187
2026-06-08T10:03:59.0000000Z;27.177;27.206;333;187
2026-06-08T10:04:01.0000000Z;27.177;27.206;333;187
2026-06-08T10:04:04.0000000Z;27.177;27.206;333;187
2026-06-08T10:04:06.0000000Z;27.177;27.206;333;187
2026-06-08T10:04:09.0000000Z;27.177;27.206;333;187
2026-06-08T10:04:11.0000000Z;27.177;27.206;333;187
2026-06-08T10:04:13.0000000Z;27.177;27.206;333;187
2026-06-08T10:04:28.0000000Z;27.177;27.206;333;187
2026-06-08T10:04:30.0000000Z;27.177;27.206;333;187
2026-06-08T10:04:33.0000000Z;27.177;27.206;333;187
2026-06-08T10:04:35.0000000Z;27.177;27.206;333;187
2026-06-08T10:04:38.0000000Z;27.177;27.206;333;187
2026-06-08T10:05:25.0000000Z;27.177;27.206;333;187
2026-06-08T10:05:34.0000000Z;27.18;27.209;9500;187
2026-06-08T10:05:35.0000000Z;27.18;27.206;9500;9500
2026-06-08T10:05:37.0000000Z;27.18;27.207;9500;919
2026-06-08T10:05:45.0000000Z;27.18;27.208;9500;1597
2026-06-08T10:06:18.0000000Z;27.18;27.209;333;187
2026-06-08T10:06:57.0000000Z;27.183;27.212;333;187
2026-06-08T10:06:58.0000000Z;27.183;27.209;333;9500
2026-06-08T10:06:59.0000000Z;27.183;27.21;333;919
2026-06-08T10:07:08.0000000Z;27.183;27.211;9500;1597
2026-06-08T10:16:29.0000000Z;27.18;27.209;333;187
2026-06-08T10:16:30.0000000Z;27.18;27.208;333;1597
2026-06-08T10:16:31.0000000Z;27.182;27.208;920;1597
2026-06-08T10:16:35.0000000Z;27.18;27.208;9500;1597
2026-06-08T10:16:52.0000000Z;27.178;27.206;333;187
2026-06-08T10:16:53.0000000Z;27.178;27.205;333;1597
2026-06-08T10:16:54.0000000Z;27.179;27.205;920;1597
2026-06-08T10:17:02.0000000Z;27.178;27.205;9500;1597
2026-06-08T10:17:09.0000000Z;27.176;27.204;333;187
2026-06-08T10:17:10.0000000Z;27.176;27.203;333;1597
2026-06-08T10:17:12.0000000Z;27.177;27.203;920;1597
2026-06-08T10:17:20.0000000Z;27.176;27.203;9500;1597
2026-06-08T10:22:49.0000000Z;27.176;27.204;333;187
2026-06-08T10:23:04.0000000Z;27.173;27.202;333;187
2026-06-08T10:23:05.0000000Z;27.175;27.201;920;1597
2026-06-08T10:23:13.0000000Z;27.173;27.201;9500;1597
2026-06-08T10:24:01.0000000Z;27.173;27.202;333;187
2026-06-08T10:24:24.0000000Z;27.176;27.204;333;187
2026-06-08T10:24:25.0000000Z;27.176;27.203;333;2517
2026-06-08T10:24:29.0000000Z;27.176;27.203;9500;1597
2026-06-08T10:26:42.0000000Z;27.178;27.207;333;187
2026-06-08T10:26:43.0000000Z;27.178;27.204;333;9500
2026-06-08T10:26:44.0000000Z;27.178;27.205;333;919
2026-06-08T10:26:47.0000000Z;27.178;27.206;9500;1597
2026-06-08T10:29:10.0000000Z;27.181;27.21;333;187
2026-06-08T10:29:11.0000000Z;27.181;27.207;9500;9500
2026-06-08T10:29:13.0000000Z;27.181;27.208;9500;919
2026-06-08T10:29:19.0000000Z;27.181;27.209;9500;1597
2026-06-08T10:31:19.0000000Z;27.18;27.207;920;9500
2026-06-08T10:31:20.0000000Z;27.18;27.206;920;1597
2026-06-08T10:31:24.0000000Z;27.178;27.206;9500;1597
2026-06-08T10:33:44.0000000Z;27.178;27.207;333;187
2026-06-08T10:33:48.0000000Z;27.181;27.21;9500;187
2026-06-08T10:33:49.0000000Z;27.181;27.207;9500;9500
2026-06-08T10:33:50.0000000Z;27.181;27.208;9500;919
2026-06-08T10:34:01.0000000Z;27.181;27.209;9500;1597
2026-06-08T10:34:11.0000000Z;27.181;27.21;333;187
2026-06-08T10:34:12.0000000Z;27.181;27.21;333;187
2026-06-08T10:34:13.0000000Z;27.181;27.21;333;9500
2026-06-08T10:34:14.0000000Z;27.181;27.209;333;1597
2026-06-08T10:34:15.0000000Z;27.181;27.21;333;187
2026-06-08T10:34:16.0000000Z;27.181;27.21;333;9500
2026-06-08T10:34:17.0000000Z;27.181;27.21;9500;9500
2026-06-08T10:34:18.0000000Z;27.189;27.217;333;187
2026-06-08T10:34:19.0000000Z;27.038;27.357;638;957
2026-06-08T10:34:20.0000000Z;27.192;27.211;333;919
2026-06-08T10:34:22.0000000Z;27.194;27.223;333;187
2026-06-08T10:34:23.0000000Z;27.194;27.211;9500;919
2026-06-08T10:34:24.0000000Z;27.194;27.223;333;187
2026-06-08T10:34:25.0000000Z;27.194;27.223;333;187
2026-06-08T10:34:27.0000000Z;27.197;27.226;333;187
2026-06-08T10:34:29.0000000Z;27.035;27.211;638;919
2026-06-08T10:34:30.0000000Z;27.199;27.228;333;187
2026-06-08T10:34:32.0000000Z;27.199;27.211;333;919
2026-06-08T10:34:33.0000000Z;27.199;27.226;9500;9500
2026-06-08T10:34:34.0000000Z;27.199;27.228;9500;9500
2026-06-08T10:35:04.0000000Z;27.197;27.226;333;9500
2026-06-08T10:35:06.0000000Z;27.198;27.226;920;9500
2026-06-08T10:35:09.0000000Z;27.197;27.226;333;187
2026-06-08T10:35:12.0000000Z;27.198;27.226;920;187
2026-06-08T10:35:16.0000000Z;27.194;27.223;333;187
2026-06-08T10:35:17.0000000Z;27.194;27.223;333;9500
2026-06-08T10:35:18.0000000Z;27.198;27.223;920;9500
2026-06-08T10:35:19.0000000Z;27.194;27.223;9500;9500
2026-06-08T10:35:49.0000000Z;27.18;27.236;332;188
2026-06-08T10:35:52.0000000Z;27.193;27.224;920;919
2026-06-08T10:36:02.0000000Z;27.18;27.236;9500;9500
2026-06-08T10:36:35.0000000Z;27.18;27.235;9500;1597
2026-06-08T10:36:38.0000000Z;27.18;27.236;332;188
2026-06-08T10:37:09.0000000Z;27.18;27.236;332;188
2026-06-08T10:38:43.0000000Z;27.18;27.236;332;188
2026-06-08T10:40:45.0000000Z;27.179;27.23;332;188
2026-06-08T10:40:46.0000000Z;27.179;27.229;332;1597
2026-06-08T10:40:47.0000000Z;27.179;27.229;10420;1597
2026-06-08T10:40:51.0000000Z;27.179;27.229;9500;1597
2026-06-08T10:41:04.0000000Z;27.179;27.23;332;188
2026-06-08T10:41:06.0000000Z;27.185;27.224;332;188
2026-06-08T10:41:07.0000000Z;27.185;27.223;332;1597
2026-06-08T10:41:12.0000000Z;27.185;27.223;9500;1597
2026-06-08T10:41:23.0000000Z;27.185;27.224;332;188
2026-06-08T10:41:25.0000000Z;27.19;27.219;332;188
2026-06-08T10:41:26.0000000Z;27.19;27.218;9500;1597
2026-06-08T10:41:34.0000000Z;27.19;27.218;9500;1597
2026-06-08T10:41:35.0000000Z;27.19;27.219;332;188
2026-06-08T10:42:14.0000000Z;27.19;27.219;332;188
2026-06-08T10:43:04.0000000Z;27.19;27.219;332;188
2026-06-08T10:44:32.0000000Z;27.19;27.219;332;188
2026-06-08T10:44:35.0000000Z;27.19;27.219;332;188
2026-06-08T10:44:37.0000000Z;27.19;27.219;332;188
2026-06-08T10:44:40.0000000Z;27.19;27.219;332;188
2026-06-08T10:44:42.0000000Z;27.19;27.219;332;188
2026-06-08T10:44:45.0000000Z;27.19;27.219;332;188
2026-06-08T10:44:47.0000000Z;27.19;27.219;332;188
2026-06-08T10:44:50.0000000Z;27.19;27.219;332;188
2026-06-08T10:44:52.0000000Z;27.187;27.216;332;188
2026-06-08T10:44:53.0000000Z;27.187;27.215;332;1597
2026-06-08T10:44:54.0000000Z;27.189;27.215;920;1597
2026-06-08T10:44:55.0000000Z;27.187;27.216;332;188
2026-06-08T10:44:57.0000000Z;27.187;27.216;332;188
2026-06-08T10:44:58.0000000Z;27.187;27.215;9500;1597
2026-06-08T10:45:00.0000000Z;27.187;27.216;332;188
2026-06-08T10:45:02.0000000Z;27.187;27.216;332;188
2026-06-08T10:45:05.0000000Z;27.187;27.216;332;188
2026-06-08T10:45:07.0000000Z;27.187;27.216;332;188
2026-06-08T10:45:08.0000000Z;27.187;27.216;332;188
2026-06-08T10:45:10.0000000Z;27.187;27.216;332;188
2026-06-08T10:45:12.0000000Z;27.187;27.216;332;188
2026-06-08T10:45:15.0000000Z;27.187;27.216;332;188
2026-06-08T10:45:17.0000000Z;27.187;27.216;332;188
2026-06-08T10:45:20.0000000Z;27.187;27.216;332;188
2026-06-08T10:45:22.0000000Z;27.187;27.216;332;188
2026-06-08T10:45:25.0000000Z;27.187;27.216;332;188
2026-06-08T10:45:27.0000000Z;27.187;27.216;332;188
2026-06-08T10:45:30.0000000Z;27.187;27.216;332;188
2026-06-08T10:45:32.0000000Z;27.187;27.216;332;188
2026-06-08T10:45:35.0000000Z;27.187;27.216;332;188
2026-06-08T10:45:37.0000000Z;27.187;27.216;332;188
2026-06-08T10:45:58.0000000Z;27.187;27.216;332;188
2026-06-08T10:47:21.0000000Z;27.187;27.216;332;188
2026-06-08T10:47:22.0000000Z;27.185;27.214;332;9500
2026-06-08T10:47:23.0000000Z;27.185;27.213;332;1597
2026-06-08T10:47:24.0000000Z;27.185;27.214;332;188
2026-06-08T10:47:25.0000000Z;27.186;27.214;920;188
2026-06-08T10:47:26.0000000Z;27.185;27.214;332;188
2026-06-08T10:47:29.0000000Z;27.185;27.214;332;188
2026-06-08T10:47:31.0000000Z;27.185;27.214;332;188
2026-06-08T10:47:32.0000000Z;27.185;27.213;9500;1597
2026-06-08T10:47:34.0000000Z;27.185;27.214;332;188
2026-06-08T10:49:01.0000000Z;27.185;27.214;332;188
2026-06-08T10:49:03.0000000Z;27.185;27.214;332;188
2026-06-08T10:49:06.0000000Z;27.185;27.214;332;188
2026-06-08T10:49:08.0000000Z;27.185;27.214;332;188
2026-06-08T10:49:11.0000000Z;27.185;27.214;332;188
2026-06-08T10:49:13.0000000Z;27.185;27.214;332;188
2026-06-08T10:49:16.0000000Z;27.185;27.214;332;188
2026-06-08T10:49:18.0000000Z;27.185;27.214;332;188
2026-06-08T10:49:21.0000000Z;27.185;27.214;332;188
2026-06-08T10:49:23.0000000Z;27.185;27.214;332;188
2026-06-08T10:49:26.0000000Z;27.185;27.214;332;188
2026-06-08T10:49:28.0000000Z;27.185;27.214;332;188
2026-06-08T10:49:31.0000000Z;27.185;27.214;332;188
2026-06-08T10:49:33.0000000Z;27.185;27.214;332;188
2026-06-08T10:49:36.0000000Z;27.185;27.214;332;188
2026-06-08T10:49:38.0000000Z;27.185;27.214;332;188
2026-06-08T10:49:41.0000000Z;27.185;27.214;332;188
2026-06-08T10:49:43.0000000Z;27.185;27.214;332;188
2026-06-08T10:49:45.0000000Z;27.188;27.214;9500;9500
2026-06-08T10:49:46.0000000Z;27.188;27.217;332;188
2026-06-08T10:49:47.0000000Z;27.188;27.215;332;919
2026-06-08T10:49:48.0000000Z;27.188;27.217;332;188
2026-06-08T10:49:50.0000000Z;27.188;27.216;9500;1597
2026-06-08T10:49:51.0000000Z;27.188;27.217;332;188
2026-06-08T10:50:34.0000000Z;27.188;27.217;332;188
2026-06-08T10:51:06.0000000Z;27.185;27.214;332;9500
2026-06-08T10:51:07.0000000Z;27.187;27.213;920;1597
2026-06-08T10:51:18.0000000Z;27.185;27.213;9500;1597
2026-06-08T10:51:44.0000000Z;27.185;27.214;332;188
2026-06-08T10:52:34.0000000Z;27.185;27.214;332;188
2026-06-08T10:59:03.0000000Z;27.185;27.214;332;188
2026-06-08T10:59:37.0000000Z;27.185;27.214;332;188
2026-06-08T10:59:41.0000000Z;27.185;27.214;332;188
2026-06-08T10:59:53.0000000Z;27.185;27.214;332;188
2026-06-08T10:59:54.0000000Z;27.185;27.214;332;188
2026-06-08T11:00:43.0000000Z;27.184;27.211;920;188
2026-06-08T11:00:44.0000000Z;27.184;27.21;920;1597
2026-06-08T11:00:45.0000000Z;27.182;27.211;332;188
2026-06-08T11:00:50.0000000Z;27.182;27.21;9500;1597
2026-06-08T11:01:11.0000000Z;27.179;27.208;332;9500
2026-06-08T11:01:12.0000000Z;27.179;27.207;332;1597
2026-06-08T11:01:13.0000000Z;27.181;27.207;920;1597
2026-06-08T11:01:19.0000000Z;27.179;27.207;9500;1597
2026-06-08T11:01:35.0000000Z;27.179;27.208;332;188
2026-06-08T11:01:36.0000000Z;27.179;27.208;332;188
2026-06-08T11:01:38.0000000Z;27.179;27.208;332;188
2026-06-08T11:01:40.0000000Z;27.179;27.208;332;188
2026-06-08T11:01:43.0000000Z;27.179;27.208;332;188
2026-06-08T11:01:45.0000000Z;27.179;27.208;332;188
2026-06-08T11:01:48.0000000Z;27.179;27.208;332;188
2026-06-08T11:01:50.0000000Z;27.179;27.208;332;188
2026-06-08T11:01:53.0000000Z;27.179;27.208;332;188
2026-06-08T11:01:55.0000000Z;27.179;27.208;332;188
2026-06-08T11:01:58.0000000Z;27.179;27.208;332;188
2026-06-08T11:02:00.0000000Z;27.179;27.208;332;188
2026-06-08T11:02:03.0000000Z;27.179;27.208;332;188
2026-06-08T11:02:06.0000000Z;27.179;27.208;332;188
2026-06-08T11:02:08.0000000Z;27.179;27.208;332;188
2026-06-08T11:02:53.0000000Z;27.179;27.208;332;188
2026-06-08T11:03:30.0000000Z;27.179;27.208;332;188
2026-06-08T11:03:32.0000000Z;27.179;27.208;332;188
2026-06-08T11:03:35.0000000Z;27.179;27.208;332;188
2026-06-08T11:03:40.0000000Z;27.179;27.208;332;188
2026-06-08T11:03:48.0000000Z;27.179;27.208;332;188
2026-06-08T11:05:15.0000000Z;27.179;27.208;332;188
2026-06-08T11:05:17.0000000Z;27.179;27.208;332;188
2026-06-08T11:05:20.0000000Z;27.179;27.208;332;188
2026-06-08T11:05:22.0000000Z;27.179;27.208;332;188
2026-06-08T11:05:25.0000000Z;27.179;27.208;332;188
2026-06-08T11:05:27.0000000Z;27.179;27.208;332;188
2026-06-08T11:05:30.0000000Z;27.179;27.208;332;188
2026-06-08T11:06:17.0000000Z;27.179;27.208;332;188
2026-06-08T11:06:31.0000000Z;27.176;27.205;332;9500
2026-06-08T11:06:32.0000000Z;27.176;27.204;332;1597
2026-06-08T11:06:33.0000000Z;27.178;27.204;920;1597
2026-06-08T11:06:38.0000000Z;27.176;27.204;9500;1597
2026-06-08T11:10:37.0000000Z;27.179;27.208;332;188
2026-06-08T11:10:38.0000000Z;27.179;27.205;9500;9500
2026-06-08T11:10:40.0000000Z;27.179;27.206;9500;919
2026-06-08T11:10:47.0000000Z;27.182;27.211;332;188
2026-06-08T11:10:48.0000000Z;27.182;27.211;332;188
2026-06-08T11:10:50.0000000Z;27.182;27.211;332;188
2026-06-08T11:10:54.0000000Z;27.182;27.211;332;188
2026-06-08T11:10:56.0000000Z;27.182;27.211;332;188
2026-06-08T11:10:57.0000000Z;27.075;27.325;638;638
2026-06-08T11:10:59.0000000Z;27.186;27.215;332;188
2026-06-08T11:11:00.0000000Z;27.186;27.215;332;188
2026-06-08T11:11:01.0000000Z;27.186;27.215;332;188
2026-06-08T11:11:02.0000000Z;27.186;27.215;332;188
2026-06-08T11:11:03.0000000Z;27.076;27.356;638;638
2026-06-08T11:11:04.0000000Z;27.189;27.218;332;188
2026-06-08T11:11:05.0000000Z;27.189;27.218;332;188
2026-06-08T11:11:10.0000000Z;27.192;27.221;332;188
2026-06-08T11:11:37.0000000Z;27.192;27.221;332;188
2026-06-08T11:11:38.0000000Z;27.192;27.221;332;188
2026-06-08T11:11:40.0000000Z;26.985;27.477;2600;5173
2026-06-08T11:11:41.0000000Z;27.177;27.233;332;188
2026-06-08T11:11:42.0000000Z;27.177;27.233;332;188
2026-06-08T11:11:47.0000000Z;26.985;27.585;2600;5173
2026-06-08T11:11:51.0000000Z;27.164;27.247;332;188
2026-06-08T11:11:59.0000000Z;27.164;27.247;332;188
2026-06-08T11:13:03.0000000Z;27.164;27.247;332;188
2026-06-08T11:13:10.0000000Z;27.163;27.246;921;1597
2026-06-08T11:13:48.0000000Z;27.164;27.247;332;188
2026-06-08T11:13:53.0000000Z;27.164;27.247;332;188
2026-06-08T11:13:54.0000000Z;27.164;27.247;332;188
2026-06-08T11:13:56.0000000Z;27.164;27.247;332;188
2026-06-08T11:13:58.0000000Z;27.164;27.247;332;188
2026-06-08T11:14:01.0000000Z;27.164;27.247;332;188
2026-06-08T11:14:03.0000000Z;27.164;27.247;332;188
2026-06-08T11:14:06.0000000Z;27.164;27.247;332;188
2026-06-08T11:14:24.0000000Z;27.164;27.247;332;188
2026-06-08T11:14:27.0000000Z;27.164;27.247;332;188
2026-06-08T11:14:40.0000000Z;27.171;27.253;332;188
2026-06-08T11:14:41.0000000Z;27.171;27.248;332;918
2026-06-08T11:14:50.0000000Z;27.17;27.252;921;1597
2026-06-08T11:14:54.0000000Z;27.171;27.253;332;188
2026-06-08T11:14:59.0000000Z;27.17;27.254;921;918
2026-06-08T11:14:59.0000000Z;27.004;27.422;638;638
2026-06-08T11:15:00.0000000Z;27.004;27.254;638;918
2026-06-08T11:15:01.0000000Z;27.178;27.261;332;188
2026-06-08T11:15:02.0000000Z;27.178;27.254;332;918
2026-06-08T11:15:04.0000000Z;27.178;27.261;332;188
2026-06-08T11:15:05.0000000Z;27.178;27.254;332;918
2026-06-08T11:15:06.0000000Z;27.185;27.268;332;188
2026-06-08T11:15:07.0000000Z;27.185;27.254;332;918
2026-06-08T11:15:13.0000000Z;27.184;27.267;920;1597
2026-06-08T11:15:35.0000000Z;27.185;27.268;332;188
2026-06-08T11:16:12.0000000Z;27.185;27.268;332;188
2026-06-08T11:21:23.0000000Z;27.185;27.268;332;188
2026-06-08T11:21:42.0000000Z;27.192;27.275;332;188
2026-06-08T11:21:43.0000000Z;27.192;27.269;332;917
2026-06-08T11:21:57.0000000Z;27.191;27.274;920;1597
2026-06-08T11:22:26.0000000Z;27.192;27.275;332;188
2026-06-08T11:22:27.0000000Z;27.203;27.259;332;188
2026-06-08T11:22:28.0000000Z;27.203;27.258;332;1597
2026-06-08T11:22:39.0000000Z;27.202;27.258;920;1597
2026-06-08T11:22:54.0000000Z;27.203;27.259;332;188
2026-06-08T11:24:40.0000000Z;27.203;27.259;332;188
2026-06-08T11:24:41.0000000Z;27.208;27.25;332;188
2026-06-08T11:24:42.0000000Z;27.208;27.249;332;1597
2026-06-08T11:24:46.0000000Z;27.208;27.25;332;188
2026-06-08T11:24:51.0000000Z;27.207;27.249;919;1597
2026-06-08T11:25:00.0000000Z;27.208;27.25;332;188
2026-06-08T11:26:01.0000000Z;27.207;27.251;919;918
2026-06-08T11:26:02.0000000Z;27.207;27.251;919;918
2026-06-08T11:26:03.0000000Z;27.211;27.246;332;188
2026-06-08T11:26:04.0000000Z;27.211;27.246;332;188
2026-06-08T11:26:08.0000000Z;27.211;27.246;332;188
2026-06-08T11:26:11.0000000Z;27.21;27.245;919;1597
2026-06-08T11:26:20.0000000Z;27.211;27.246;332;188
2026-06-08T11:26:29.0000000Z;27.212;27.241;332;188
2026-06-08T11:26:30.0000000Z;27.212;27.24;332;1597
2026-06-08T11:26:38.0000000Z;27.211;27.24;919;1597
2026-06-08T11:26:47.0000000Z;27.212;27.241;332;188
2026-06-08T11:27:10.0000000Z;27.212;27.241;332;188
2026-06-08T11:28:00.0000000Z;27.212;27.241;332;188
2026-06-08T11:28:37.0000000Z;27.212;27.241;332;188
2026-06-08T11:28:39.0000000Z;27.212;27.241;332;188
2026-06-08T11:28:41.0000000Z;27.209;27.238;332;188
2026-06-08T11:28:42.0000000Z;27.209;27.237;332;1597
2026-06-08T11:28:46.0000000Z;27.209;27.238;332;188
2026-06-08T11:28:48.0000000Z;27.209;27.238;332;188
2026-06-08T11:28:50.0000000Z;27.208;27.237;919;1597
2026-06-08T11:29:34.0000000Z;27.209;27.238;332;188
2026-06-08T11:29:38.0000000Z;27.212;27.241;332;188
2026-06-08T11:29:39.0000000Z;27.212;27.239;332;918
2026-06-08T11:29:40.0000000Z;27.212;27.241;332;188
2026-06-08T11:29:49.0000000Z;27.211;27.24;919;1597
2026-06-08T11:30:55.0000000Z;27.212;27.241;332;188
2026-06-08T11:30:56.0000000Z;27.212;27.241;332;188
2026-06-08T11:31:49.0000000Z;27.215;27.244;332;188
2026-06-08T11:31:50.0000000Z;27.215;27.242;332;918
2026-06-08T11:31:54.0000000Z;27.215;27.244;332;188
2026-06-08T11:31:57.0000000Z;27.214;27.243;919;1597
2026-06-08T11:32:20.0000000Z;27.218;27.247;332;188
2026-06-08T11:32:21.0000000Z;27.218;27.245;332;918
2026-06-08T11:32:25.0000000Z;27.218;27.247;332;188
2026-06-08T11:32:32.0000000Z;27.217;27.246;919;1597
2026-06-08T11:34:00.0000000Z;27.218;27.247;332;188
2026-06-08T11:34:02.0000000Z;27.218;27.247;332;188
2026-06-08T11:34:05.0000000Z;27.218;27.247;332;188
2026-06-08T11:34:07.0000000Z;27.218;27.247;332;188
2026-06-08T11:34:10.0000000Z;27.218;27.247;332;188
2026-06-08T11:34:12.0000000Z;27.218;27.247;332;188
2026-06-08T11:34:15.0000000Z;27.218;27.247;332;188
2026-06-08T11:34:19.0000000Z;27.218;27.247;332;188
2026-06-08T11:34:21.0000000Z;27.218;27.247;332;188
2026-06-08T11:35:41.0000000Z;27.218;27.247;332;188
2026-06-08T11:36:04.0000000Z;27.218;27.247;332;188
2026-06-08T11:36:06.0000000Z;27.22;27.249;332;188
2026-06-08T11:36:07.0000000Z;27.22;27.248;332;2515
2026-06-08T11:36:09.0000000Z;27.22;27.249;332;188
2026-06-08T11:36:16.0000000Z;27.219;27.248;919;1597
2026-06-08T11:36:48.0000000Z;27.217;27.246;332;188
2026-06-08T11:36:49.0000000Z;27.217;27.245;332;1597
2026-06-08T11:36:54.0000000Z;27.217;27.246;332;188
2026-06-08T11:36:57.0000000Z;27.216;27.245;919;1597
2026-06-08T11:38:39.0000000Z;27.22;27.247;332;918
2026-06-08T11:38:40.0000000Z;27.22;27.247;332;918
2026-06-08T11:38:46.0000000Z;27.219;27.248;919;1597
2026-06-08T11:38:49.0000000Z;27.22;27.249;332;188
2026-06-08T11:39:08.0000000Z;27.22;27.249;332;188
2026-06-08T11:41:33.0000000Z;27.222;27.251;332;188
2026-06-08T11:41:34.0000000Z;27.222;27.25;332;2515
2026-06-08T11:41:42.0000000Z;27.221;27.25;919;1597
2026-06-08T11:42:13.0000000Z;27.222;27.251;332;188
2026-06-08T11:42:15.0000000Z;27.222;27.251;332;188
2026-06-08T11:42:16.0000000Z;27.222;27.251;332;188
2026-06-08T11:42:42.0000000Z;27.222;27.251;332;188
2026-06-08T11:42:51.0000000Z;27.225;27.254;332;188
2026-06-08T11:42:52.0000000Z;27.225;27.251;332;9500
2026-06-08T11:42:53.0000000Z;27.225;27.252;332;918
2026-06-08T11:42:59.0000000Z;27.225;27.253;9500;1597
2026-06-08T11:44:38.0000000Z;27.222;27.251;332;188
2026-06-08T11:44:39.0000000Z;27.222;27.25;332;1597
2026-06-08T11:44:41.0000000Z;27.222;27.251;332;188
2026-06-08T11:44:43.0000000Z;27.222;27.251;332;188
2026-06-08T11:44:46.0000000Z;27.222;27.25;9500;1597
2026-06-08T11:46:18.0000000Z;27.222;27.251;332;188
2026-06-08T11:46:20.0000000Z;27.222;27.251;332;188
2026-06-08T11:46:23.0000000Z;27.222;27.251;332;188
2026-06-08T11:46:25.0000000Z;27.222;27.251;332;188
2026-06-08T11:46:28.0000000Z;27.222;27.251;332;188
2026-06-08T11:46:55.0000000Z;27.219;27.248;332;188
2026-06-08T11:46:56.0000000Z;27.219;27.247;332;1597
2026-06-08T11:46:57.0000000Z;27.221;27.247;919;1597
2026-06-08T11:47:05.0000000Z;27.219;27.247;9500;1597
2026-06-08T11:47:06.0000000Z;27.219;27.248;332;188
2026-06-08T11:47:09.0000000Z;27.219;27.248;332;188
2026-06-08T11:47:11.0000000Z;27.219;27.248;332;188
2026-06-08T11:47:26.0000000Z;27.219;27.248;332;188
2026-06-08T11:48:42.0000000Z;27.216;27.245;332;188
2026-06-08T11:48:43.0000000Z;27.216;27.244;332;1597
2026-06-08T11:48:44.0000000Z;27.218;27.244;919;1597
2026-06-08T11:48:47.0000000Z;27.216;27.244;9500;1597
2026-06-08T11:55:16.0000000Z;27.219;27.245;332;9500
2026-06-08T11:55:17.0000000Z;27.219;27.245;9500;9500
2026-06-08T11:55:18.0000000Z;27.219;27.246;9500;2515
2026-06-08T11:55:22.0000000Z;27.219;27.246;9500;1597
2026-06-08T11:56:16.0000000Z;27.219;27.247;332;188
2026-06-08T12:03:52.0000000Z;27.219;27.247;332;188
2026-06-08T12:03:55.0000000Z;27.216;27.245;332;188
2026-06-08T12:03:56.0000000Z;27.216;27.244;332;1597
2026-06-08T12:03:58.0000000Z;27.218;27.244;919;1597
2026-06-08T12:04:09.0000000Z;27.216;27.244;9500;1597
2026-06-08T12:05:41.0000000Z;27.213;27.242;332;188
2026-06-08T12:05:42.0000000Z;27.215;27.241;919;1597
2026-06-08T12:05:49.0000000Z;27.213;27.241;9500;1597
2026-06-08T12:06:05.0000000Z;27.211;27.239;332;188
2026-06-08T12:06:06.0000000Z;27.211;27.238;332;1597
2026-06-08T12:06:08.0000000Z;27.212;27.238;919;1597
2026-06-08T12:06:18.0000000Z;27.211;27.238;9500;1597
2026-06-08T12:06:46.0000000Z;27.211;27.239;332;188
2026-06-08T12:07:31.0000000Z;27.211;27.239;332;188
2026-06-08T12:07:36.0000000Z;27.211;27.239;332;188
2026-06-08T12:10:24.0000000Z;27.211;27.239;332;188
2026-06-08T12:10:40.0000000Z;27.211;27.239;332;188
2026-06-08T12:10:42.0000000Z;27.211;27.239;332;188
2026-06-08T12:10:45.0000000Z;27.211;27.239;332;188
2026-06-08T12:10:47.0000000Z;27.211;27.239;332;188
2026-06-08T12:10:50.0000000Z;27.211;27.239;332;188
2026-06-08T12:10:52.0000000Z;27.211;27.239;332;188
2026-06-08T12:10:55.0000000Z;27.211;27.239;332;188
2026-06-08T12:10:57.0000000Z;27.211;27.239;332;188
2026-06-08T12:11:00.0000000Z;27.211;27.239;332;188
2026-06-08T12:11:02.0000000Z;27.211;27.239;332;188
2026-06-08T12:11:05.0000000Z;27.211;27.239;332;188
2026-06-08T12:11:07.0000000Z;27.211;27.239;332;188
2026-06-08T12:11:10.0000000Z;27.211;27.239;332;188
2026-06-08T12:11:12.0000000Z;27.211;27.239;332;188
2026-06-08T12:11:15.0000000Z;27.211;27.239;332;188
2026-06-08T12:11:16.0000000Z;27.208;27.237;332;9500
2026-06-08T12:11:17.0000000Z;27.208;27.237;332;188
2026-06-08T12:11:20.0000000Z;27.208;27.237;332;188
2026-06-08T12:11:22.0000000Z;27.208;27.237;332;188
2026-06-08T12:11:25.0000000Z;27.208;27.237;332;188
2026-06-08T12:11:26.0000000Z;27.208;27.236;9500;1597
2026-06-08T12:11:27.0000000Z;27.205;27.234;332;188
2026-06-08T12:11:28.0000000Z;27.205;27.233;332;1597
2026-06-08T12:11:30.0000000Z;27.205;27.234;332;188
2026-06-08T12:11:32.0000000Z;27.205;27.234;332;188
2026-06-08T12:11:35.0000000Z;27.205;27.234;332;188
2026-06-08T12:11:37.0000000Z;27.205;27.234;332;188
2026-06-08T12:11:39.0000000Z;27.205;27.233;9500;1597
2026-06-08T12:11:40.0000000Z;27.205;27.234;332;188
2026-06-08T12:11:42.0000000Z;27.205;27.234;332;188
2026-06-08T12:11:45.0000000Z;27.205;27.234;332;188
2026-06-08T12:11:46.0000000Z;27.205;27.234;332;188
2026-06-08T12:11:47.0000000Z;27.205;27.234;332;188
2026-06-08T12:11:49.0000000Z;27.205;27.234;332;188
2026-06-08T12:11:52.0000000Z;27.205;27.234;332;188
2026-06-08T12:12:56.0000000Z;27.205;27.233;9500;1597
2026-06-08T12:14:35.0000000Z;27.202;27.231;332;188
2026-06-08T12:14:36.0000000Z;27.202;27.23;332;1597
2026-06-08T12:14:37.0000000Z;27.204;27.23;919;1597
2026-06-08T12:14:44.0000000Z;27.202;27.23;9500;1597
2026-06-08T12:15:53.0000000Z;27.199;27.228;332;188
2026-06-08T12:15:54.0000000Z;27.199;27.227;332;1597
2026-06-08T12:15:56.0000000Z;27.201;27.227;920;1597
2026-06-08T12:16:04.0000000Z;27.199;27.227;9500;1597
2026-06-08T12:20:05.0000000Z;27.202;27.231;332;188
2026-06-08T12:20:06.0000000Z;27.202;27.231;332;188
2026-06-08T12:20:07.0000000Z;27.202;27.229;332;919
2026-06-08T12:20:14.0000000Z;27.202;27.23;9500;1597
2026-06-08T12:20:18.0000000Z;27.202;27.231;332;188
2026-06-08T12:20:32.0000000Z;27.205;27.234;332;188
2026-06-08T12:20:33.0000000Z;27.205;27.232;332;919
2026-06-08T12:20:39.0000000Z;27.205;27.233;9500;1597
2026-06-08T12:21:01.0000000Z;27.208;27.237;9500;188
2026-06-08T12:21:02.0000000Z;27.208;27.234;9500;9500
2026-06-08T12:21:03.0000000Z;27.208;27.235;9500;918
2026-06-08T12:21:10.0000000Z;27.208;27.236;9500;1597
2026-06-08T12:22:34.0000000Z;27.21;27.239;9500;188
2026-06-08T12:22:35.0000000Z;27.21;27.237;9500;9500
2026-06-08T12:22:36.0000000Z;27.21;27.239;332;188
2026-06-08T12:22:38.0000000Z;27.21;27.239;332;188
2026-06-08T12:22:41.0000000Z;27.21;27.239;332;188
2026-06-08T12:22:42.0000000Z;27.21;27.238;9500;1597
2026-06-08T12:22:43.0000000Z;27.21;27.239;332;188
2026-06-08T12:22:56.0000000Z;27.213;27.242;9500;188
2026-06-08T12:22:57.0000000Z;27.213;27.239;9500;9500
2026-06-08T12:22:58.0000000Z;27.213;27.24;9500;918
2026-06-08T12:23:05.0000000Z;27.213;27.241;9500;1597
2026-06-08T12:24:16.0000000Z;27.213;27.242;332;188
2026-06-08T12:24:55.0000000Z;27.213;27.242;332;188
2026-06-08T12:25:00.0000000Z;27.216;27.245;332;188
2026-06-08T12:25:01.0000000Z;27.216;27.242;332;9500
2026-06-08T12:25:02.0000000Z;27.216;27.243;332;918
2026-06-08T12:25:07.0000000Z;27.216;27.245;332;188
2026-06-08T12:25:10.0000000Z;27.216;27.245;332;188
2026-06-08T12:25:15.0000000Z;27.216;27.245;332;188
2026-06-08T12:26:49.0000000Z;27.213;27.242;332;188
2026-06-08T12:26:50.0000000Z;27.213;27.241;332;1597
2026-06-08T12:26:51.0000000Z;27.213;27.242;332;188
2026-06-08T12:26:54.0000000Z;27.213;27.242;332;188
2026-06-08T12:26:55.0000000Z;27.213;27.241;9500;1597
2026-06-08T12:26:56.0000000Z;27.213;27.242;332;188
2026-06-08T12:26:59.0000000Z;27.213;27.242;332;188
2026-06-08T12:27:01.0000000Z;27.213;27.242;332;188
2026-06-08T12:27:04.0000000Z;27.213;27.242;332;188
2026-06-08T12:27:06.0000000Z;27.213;27.242;332;188
2026-06-08T12:27:09.0000000Z;27.213;27.242;332;188
2026-06-08T12:30:03.0000000Z;27.213;27.242;332;188
2026-06-08T12:30:04.0000000Z;27.216;27.245;9500;188
2026-06-08T12:30:05.0000000Z;27.216;27.243;9500;918
2026-06-08T12:30:12.0000000Z;27.216;27.244;9500;1597
2026-06-08T12:30:17.0000000Z;27.216;27.245;332;188
2026-06-08T12:30:58.0000000Z;27.213;27.242;332;188
2026-06-08T12:30:59.0000000Z;27.215;27.241;919;1597
2026-06-08T12:31:04.0000000Z;27.213;27.241;9500;1597
2026-06-08T12:31:43.0000000Z;27.213;27.242;332;188
2026-06-08T12:31:45.0000000Z;27.213;27.242;332;188
2026-06-08T12:31:48.0000000Z;27.213;27.242;332;188
2026-06-08T12:31:50.0000000Z;27.213;27.242;332;188
2026-06-08T12:31:53.0000000Z;27.213;27.242;332;188
2026-06-08T12:31:55.0000000Z;27.213;27.242;332;188
2026-06-08T12:31:58.0000000Z;27.213;27.242;332;188
2026-06-08T12:32:00.0000000Z;27.213;27.242;332;188
2026-06-08T12:32:03.0000000Z;27.213;27.242;332;188
2026-06-08T12:32:05.0000000Z;27.213;27.242;332;188
2026-06-08T12:32:08.0000000Z;27.213;27.242;332;188
2026-06-08T12:32:10.0000000Z;27.213;27.242;332;188
2026-06-08T12:33:36.0000000Z;27.213;27.242;332;188
2026-06-08T12:33:40.0000000Z;27.213;27.242;332;188
2026-06-08T12:34:27.0000000Z;27.21;27.239;332;188
2026-06-08T12:34:28.0000000Z;27.212;27.238;919;1597
2026-06-08T12:34:36.0000000Z;27.21;27.238;9500;1597
2026-06-08T12:37:38.0000000Z;27.207;27.236;332;188
2026-06-08T12:37:39.0000000Z;27.209;27.235;919;1597
2026-06-08T12:37:46.0000000Z;27.207;27.235;9500;1597
2026-06-08T12:38:42.0000000Z;27.207;27.236;332;188
2026-06-08T12:38:44.0000000Z;27.207;27.236;332;188
2026-06-08T12:38:47.0000000Z;27.207;27.236;332;188
2026-06-08T12:38:49.0000000Z;27.207;27.236;332;188
2026-06-08T12:38:52.0000000Z;27.207;27.236;332;188
2026-06-08T12:38:54.0000000Z;27.207;27.236;332;188
2026-06-08T12:38:57.0000000Z;27.207;27.236;332;188
2026-06-08T12:38:59.0000000Z;27.207;27.236;332;188
2026-06-08T12:38:59.0000000Z;27.207;27.236;332;188
2026-06-08T12:39:02.0000000Z;27.207;27.236;332;188
2026-06-08T12:39:04.0000000Z;27.207;27.236;332;188
2026-06-08T12:39:07.0000000Z;27.207;27.236;332;188
2026-06-08T12:39:10.0000000Z;27.207;27.236;332;188
2026-06-08T12:39:12.0000000Z;27.207;27.236;332;188
2026-06-08T12:39:15.0000000Z;27.207;27.236;332;188
2026-06-08T12:39:59.0000000Z;27.207;27.236;332;188
2026-06-08T12:40:00.0000000Z;27.207;27.236;332;188
2026-06-08T12:40:02.0000000Z;27.204;27.233;332;188
2026-06-08T12:40:03.0000000Z;27.204;27.232;332;1597
2026-06-08T12:40:05.0000000Z;27.206;27.232;919;1597
2026-06-08T12:40:07.0000000Z;27.204;27.233;332;188
2026-06-08T12:40:19.0000000Z;27.204;27.232;9500;1597
2026-06-08T12:40:51.0000000Z;27.204;27.233;332;188
2026-06-08T12:40:54.0000000Z;27.204;27.233;332;188
2026-06-08T12:40:56.0000000Z;27.204;27.233;332;188
2026-06-08T12:40:57.0000000Z;27.204;27.233;332;188
2026-06-08T12:41:48.0000000Z;27.204;27.233;332;188
2026-06-08T12:41:50.0000000Z;27.204;27.233;332;188
2026-06-08T12:41:53.0000000Z;27.204;27.233;332;188
2026-06-08T12:41:55.0000000Z;27.204;27.233;332;188
2026-06-08T12:41:58.0000000Z;27.204;27.233;332;188
2026-06-08T12:42:00.0000000Z;27.204;27.233;332;188
2026-06-08T12:42:03.0000000Z;27.204;27.233;332;188
2026-06-08T12:42:31.0000000Z;27.204;27.233;332;188
2026-06-08T12:42:33.0000000Z;27.204;27.233;332;188
2026-06-08T12:42:34.0000000Z;27.204;27.233;332;188
2026-06-08T12:42:37.0000000Z;27.208;27.237;332;188
2026-06-08T12:42:38.0000000Z;27.203;27.234;920;918
2026-06-08T12:42:39.0000000Z;27.208;27.237;332;188
2026-06-08T12:42:42.0000000Z;27.208;27.234;9500;918
2026-06-08T12:42:50.0000000Z;27.208;27.236;9500;1597
2026-06-08T12:43:09.0000000Z;27.195;27.251;332;188
2026-06-08T12:43:10.0000000Z;27.195;27.237;332;9500
2026-06-08T12:43:12.0000000Z;27.207;27.238;919;918
2026-06-08T12:43:21.0000000Z;27.195;27.25;9500;1597
2026-06-08T12:43:37.0000000Z;27.195;27.251;332;188
2026-06-08T12:45:28.0000000Z;27.195;27.251;332;188
2026-06-08T12:46:39.0000000Z;27.194;27.247;332;188
2026-06-08T12:46:40.0000000Z;27.194;27.246;332;1597
2026-06-08T12:46:41.0000000Z;27.194;27.246;10420;1597
2026-06-08T12:46:45.0000000Z;27.194;27.246;9500;1597
2026-06-08T12:47:05.0000000Z;27.195;27.243;9500;9500
2026-06-08T12:47:06.0000000Z;27.195;27.242;9500;1597
2026-06-08T12:47:13.0000000Z;27.195;27.242;9500;1597
2026-06-08T12:47:28.0000000Z;27.195;27.243;332;188
2026-06-08T12:47:45.0000000Z;27.199;27.239;332;188
2026-06-08T12:47:46.0000000Z;27.199;27.238;9500;1597
2026-06-08T12:47:52.0000000Z;27.199;27.238;9500;1597
2026-06-08T12:48:20.0000000Z;27.202;27.236;332;188
2026-06-08T12:48:21.0000000Z;27.202;27.235;332;1597
2026-06-08T12:48:26.0000000Z;27.202;27.235;9500;1597
2026-06-08T12:48:37.0000000Z;27.202;27.234;332;9500
2026-06-08T12:48:38.0000000Z;27.202;27.233;332;1597
2026-06-08T12:48:44.0000000Z;27.202;27.233;332;1597
2026-06-08T12:48:45.0000000Z;27.202;27.234;332;188
2026-06-08T12:49:08.0000000Z;27.202;27.234;332;188
2026-06-08T12:50:18.0000000Z;27.203;27.231;9500;9500
2026-06-08T12:50:19.0000000Z;27.203;27.23;9500;1597
2026-06-08T12:50:26.0000000Z;27.203;27.23;9500;1597
2026-06-08T12:52:59.0000000Z;27.2;27.228;332;188
2026-06-08T12:53:00.0000000Z;27.2;27.227;332;1597
2026-06-08T12:53:01.0000000Z;27.202;27.227;920;1597
2026-06-08T12:53:04.0000000Z;27.2;27.227;9500;1597
2026-06-08T12:54:37.0000000Z;27.203;27.231;332;188
2026-06-08T12:54:38.0000000Z;27.203;27.228;332;9500
2026-06-08T12:54:39.0000000Z;27.203;27.229;332;919
2026-06-08T12:54:45.0000000Z;27.203;27.23;9500;1597
2026-06-08T12:56:42.0000000Z;27.203;27.231;332;188
2026-06-08T12:59:48.0000000Z;27.2;27.229;332;188
2026-06-08T12:59:49.0000000Z;27.2;27.228;332;1597
2026-06-08T12:59:50.0000000Z;27.202;27.228;920;1597
2026-06-08T12:59:55.0000000Z;27.2;27.228;9500;1597
2026-06-08T13:00:20.0000000Z;27.2;27.229;332;188
2026-06-08T13:00:23.0000000Z;27.203;27.232;332;188
2026-06-08T13:00:24.0000000Z;27.203;27.229;332;9500
2026-06-08T13:00:25.0000000Z;27.203;27.229;9500;9500
2026-06-08T13:00:26.0000000Z;27.203;27.23;9500;919
2026-06-08T13:00:39.0000000Z;27.203;27.231;9500;1597
2026-06-08T13:02:34.0000000Z;27.203;27.232;332;188
2026-06-08T13:03:14.0000000Z;27.203;27.232;332;188
2026-06-08T13:03:16.0000000Z;27.203;27.232;332;188
2026-06-08T13:03:19.0000000Z;27.203;27.232;332;188
2026-06-08T13:03:21.0000000Z;27.203;27.232;332;188
2026-06-08T13:03:24.0000000Z;27.203;27.232;332;188
2026-06-08T13:03:26.0000000Z;27.203;27.232;332;188
2026-06-08T13:03:29.0000000Z;27.203;27.232;332;188
2026-06-08T13:03:31.0000000Z;27.203;27.232;332;188
2026-06-08T13:03:34.0000000Z;27.203;27.232;332;188
2026-06-08T13:03:36.0000000Z;27.203;27.232;332;188
2026-06-08T13:03:39.0000000Z;27.203;27.232;332;188
2026-06-08T13:03:54.0000000Z;27.203;27.232;332;188
2026-06-08T13:05:14.0000000Z;27.203;27.232;332;188
2026-06-08T13:05:19.0000000Z;27.203;27.232;332;188
2026-06-08T13:05:20.0000000Z;27.203;27.232;332;188
2026-06-08T13:05:22.0000000Z;27.203;27.232;332;188
2026-06-08T13:05:24.0000000Z;27.203;27.232;332;188
2026-06-08T13:05:27.0000000Z;27.201;27.23;332;188
2026-06-08T13:05:28.0000000Z;27.201;27.229;332;1597
2026-06-08T13:05:29.0000000Z;27.202;27.229;920;1597
2026-06-08T13:05:35.0000000Z;27.201;27.229;9500;1597
2026-06-08T13:06:30.0000000Z;27.198;27.227;332;188
2026-06-08T13:06:31.0000000Z;27.198;27.226;332;1597
2026-06-08T13:06:32.0000000Z;27.2;27.226;920;1597
2026-06-08T13:06:36.0000000Z;27.198;27.226;9500;1597
2026-06-08T13:06:47.0000000Z;27.198;27.227;332;188
2026-06-08T13:06:50.0000000Z;27.198;27.227;332;188
2026-06-08T13:06:52.0000000Z;27.198;27.227;332;188
2026-06-08T13:06:55.0000000Z;27.198;27.227;332;188
2026-06-08T13:06:57.0000000Z;27.198;27.227;332;188
2026-06-08T13:07:15.0000000Z;27.198;27.227;332;188
2026-06-08T13:07:18.0000000Z;27.198;27.227;332;188
2026-06-08T13:09:30.0000000Z;27.198;27.227;332;188
2026-06-08T13:10:32.0000000Z;27.197;27.224;920;9500
2026-06-08T13:10:33.0000000Z;27.197;27.223;920;1597
2026-06-08T13:10:42.0000000Z;27.195;27.223;9500;1597
2026-06-08T13:10:45.0000000Z;27.209;27.224;9500;188
2026-06-08T13:10:52.0000000Z;27.209;27.223;9500;1597
2026-06-08T13:12:16.0000000Z;27.209;27.227;1;188
2026-06-08T13:12:17.0000000Z;27.209;27.225;1;188
2026-06-08T13:12:21.0000000Z;27.209;27.226;1;1597
2026-06-08T13:20:11.0000000Z;27.209;27.23;1;188
2026-06-08T13:20:12.0000000Z;27.209;27.227;1;9500
2026-06-08T13:20:13.0000000Z;27.209;27.228;1;188
2026-06-08T13:20:17.0000000Z;27.209;27.229;1;1597
2026-06-08T13:20:34.0000000Z;27.209;27.233;1;188
2026-06-08T13:20:35.0000000Z;27.209;27.231;1;188
2026-06-08T13:20:44.0000000Z;27.209;27.232;1;1597
2026-06-08T13:20:51.0000000Z;27.209;27.236;1;188
2026-06-08T13:20:52.0000000Z;27.209;27.233;1;9500
2026-06-08T13:20:53.0000000Z;27.209;27.234;1;188
2026-06-08T13:21:01.0000000Z;27.209;27.235;1;1597
2026-06-08T13:21:21.0000000Z;27.209;27.236;1;188
2026-06-08T13:21:32.0000000Z;27.21;27.239;332;188
2026-06-08T13:21:33.0000000Z;27.21;27.237;332;188
2026-06-08T13:21:40.0000000Z;27.21;27.238;9500;1597
2026-06-08T13:21:51.0000000Z;27.21;27.239;332;188
2026-06-08T13:21:52.0000000Z;27.213;27.242;332;188
2026-06-08T13:21:53.0000000Z;27.213;27.24;332;918
2026-06-08T13:21:54.0000000Z;27.213;27.242;332;188
2026-06-08T13:21:55.0000000Z;27.217;27.246;9500;186
2026-06-08T13:21:56.0000000Z;27.217;27.246;334;186
2026-06-08T13:21:57.0000000Z;27.217;27.24;334;918
2026-06-08T13:21:59.0000000Z;27.217;27.246;334;186
2026-06-08T13:22:00.0000000Z;27.217;27.246;334;186
2026-06-08T13:22:01.0000000Z;27.217;27.246;334;186
2026-06-08T13:22:20.0000000Z;27.217;27.246;334;186
2026-06-08T13:22:21.0000000Z;27.217;27.246;334;186
2026-06-08T13:22:27.0000000Z;27.217;27.246;334;186
2026-06-08T13:22:30.0000000Z;27.217;27.246;334;186
2026-06-08T13:22:35.0000000Z;27.217;27.246;334;186
2026-06-08T13:23:36.0000000Z;27.217;27.246;334;186
2026-06-08T13:24:04.0000000Z;27.217;27.246;334;186
2026-06-08T13:24:09.0000000Z;27.217;27.246;334;186
2026-06-08T13:27:05.0000000Z;27.22;27.249;334;186
2026-06-08T13:27:06.0000000Z;27.22;27.249;334;186
2026-06-08T13:27:07.0000000Z;27.22;27.249;334;186
2026-06-08T13:27:10.0000000Z;27.22;27.249;334;186
2026-06-08T13:27:12.0000000Z;27.22;27.249;334;186
2026-06-08T13:27:13.0000000Z;27.22;27.248;9500;1597
2026-06-08T13:27:15.0000000Z;27.22;27.249;334;186
2026-06-08T13:27:17.0000000Z;27.22;27.249;334;186
2026-06-08T13:27:20.0000000Z;27.22;27.249;334;186
2026-06-08T13:27:22.0000000Z;27.22;27.249;334;186
2026-06-08T13:27:25.0000000Z;27.22;27.249;334;186
2026-06-08T13:27:27.0000000Z;27.22;27.249;334;9500
2026-06-08T13:28:18.0000000Z;27.223;27.252;334;186
2026-06-08T13:28:19.0000000Z;27.223;27.25;334;918
2026-06-08T13:28:28.0000000Z;27.223;27.252;9500;9500
2026-06-08T13:29:03.0000000Z;27.22;27.249;334;186
2026-06-08T13:29:05.0000000Z;27.222;27.249;919;186
2026-06-08T13:29:09.0000000Z;27.22;27.249;9500;9500
2026-06-08T13:29:46.0000000Z;27.016;27.427;5200;638
2026-06-08T13:29:49.0000000Z;27.219;27.25;919;918
2026-06-08T13:29:52.0000000Z;27.205;27.261;334;186
2026-06-08T13:29:54.0000000Z;27.205;27.261;9500;9500
2026-06-08T13:30:32.0000000Z;27.205;27.261;334;186
2026-06-08T13:30:33.0000000Z;27.223;27.252;334;186
2026-06-08T13:30:34.0000000Z;27.223;27.252;334;186
2026-06-08T13:30:38.0000000Z;27.223;27.252;334;186
2026-06-08T13:30:46.0000000Z;27.223;27.252;9500;9500
2026-06-08T13:30:51.0000000Z;27.223;27.252;334;186
2026-06-08T13:31:38.0000000Z;27.226;27.255;334;186
2026-06-08T13:31:39.0000000Z;27.226;27.255;9500;186
2026-06-08T13:31:40.0000000Z;27.226;27.253;9500;918
2026-06-08T13:31:51.0000000Z;27.226;27.255;9500;9500
2026-06-08T13:32:10.0000000Z;27.229;27.258;334;186
2026-06-08T13:32:11.0000000Z;27.229;27.258;9500;186
2026-06-08T13:32:12.0000000Z;27.229;27.256;9500;918
2026-06-08T13:32:25.0000000Z;27.229;27.258;9500;9500
2026-06-08T13:33:38.0000000Z;27.229;27.258;334;186
2026-06-08T13:33:41.0000000Z;27.229;27.258;334;186
2026-06-08T13:33:43.0000000Z;27.229;27.258;334;186
2026-06-08T13:33:46.0000000Z;27.229;27.258;334;186
2026-06-08T13:33:48.0000000Z;27.229;27.258;334;186
2026-06-08T13:33:51.0000000Z;27.229;27.258;334;186
2026-06-08T13:33:53.0000000Z;27.229;27.258;334;186
2026-06-08T13:35:17.0000000Z;27.229;27.258;334;186
2026-06-08T13:35:19.0000000Z;27.229;27.258;334;186
2026-06-08T13:35:20.0000000Z;27.226;27.255;334;186
2026-06-08T13:35:22.0000000Z;27.226;27.255;334;186
2026-06-08T13:35:23.0000000Z;27.226;27.255;334;9500
2026-06-08T13:35:25.0000000Z;27.228;27.255;919;9500
2026-06-08T13:35:36.0000000Z;27.226;27.255;9500;9500
2026-06-08T13:37:42.0000000Z;27.226;27.255;334;186
2026-06-08T13:37:45.0000000Z;27.226;27.255;334;186
2026-06-08T13:38:14.0000000Z;27.229;27.258;334;186
2026-06-08T13:38:16.0000000Z;27.229;27.258;9500;186
2026-06-08T13:38:17.0000000Z;27.229;27.256;9500;918
2026-06-08T13:38:29.0000000Z;27.229;27.258;9500;9500
2026-06-08T13:39:16.0000000Z;27.229;27.258;334;186
2026-06-08T13:39:18.0000000Z;27.229;27.258;334;186
2026-06-08T13:39:37.0000000Z;27.229;27.258;334;186
2026-06-08T13:39:39.0000000Z;27.226;27.255;334;9500
2026-06-08T13:39:40.0000000Z;27.226;27.255;334;186
2026-06-08T13:39:42.0000000Z;27.226;27.255;334;186
2026-06-08T13:39:45.0000000Z;27.226;27.255;334;186
2026-06-08T13:39:49.0000000Z;27.226;27.255;9500;9500
2026-06-08T13:40:04.0000000Z;27.226;27.255;334;186
2026-06-08T13:40:09.0000000Z;27.226;27.255;334;186
2026-06-08T13:41:16.0000000Z;27.226;27.255;334;186
2026-06-08T13:41:19.0000000Z;27.223;27.252;334;186
2026-06-08T13:41:20.0000000Z;27.223;27.252;334;9500
2026-06-08T13:41:21.0000000Z;27.223;27.252;334;186
2026-06-08T13:41:22.0000000Z;27.225;27.252;919;186
2026-06-08T13:41:32.0000000Z;27.223;27.252;9500;9500
2026-06-08T13:41:44.0000000Z;27.223;27.252;334;186
2026-06-08T13:41:45.0000000Z;27.223;27.252;334;186
2026-06-08T13:41:47.0000000Z;27.223;27.252;334;186
2026-06-08T13:41:49.0000000Z;27.223;27.252;334;186
2026-06-08T13:43:00.0000000Z;27.22;27.249;334;186
2026-06-08T13:43:01.0000000Z;27.22;27.249;334;9500
2026-06-08T13:43:04.0000000Z;27.22;27.249;334;186
2026-06-08T13:43:05.0000000Z;27.222;27.249;919;186
2026-06-08T13:43:06.0000000Z;27.22;27.249;334;186
2026-06-08T13:43:09.0000000Z;27.22;27.249;334;186
2026-06-08T13:43:14.0000000Z;27.22;27.249;9500;9500
2026-06-08T13:43:17.0000000Z;27.218;27.247;334;186
2026-06-08T13:43:18.0000000Z;27.218;27.247;334;9500
2026-06-08T13:43:19.0000000Z;27.219;27.247;919;9500
2026-06-08T13:43:30.0000000Z;27.218;27.247;9500;9500
2026-06-08T13:44:16.0000000Z;27.215;27.244;334;186
2026-06-08T13:44:19.0000000Z;27.217;27.244;919;186
2026-06-08T13:44:21.0000000Z;27.215;27.244;334;186
2026-06-08T13:44:28.0000000Z;27.215;27.244;9500;9500
2026-06-08T13:45:54.0000000Z;27.213;27.241;334;9500
2026-06-08T13:45:55.0000000Z;27.214;27.241;919;9500
2026-06-08T13:45:56.0000000Z;27.213;27.241;334;186
2026-06-08T13:46:04.0000000Z;27.213;27.241;9500;9500
2026-06-08T13:49:16.0000000Z;27.213;27.241;334;186
2026-06-08T13:49:18.0000000Z;27.213;27.241;334;186
2026-06-08T13:51:51.0000000Z;27.21;27.238;334;186
2026-06-08T13:51:52.0000000Z;27.21;27.238;334;9500
2026-06-08T13:51:54.0000000Z;27.212;27.238;919;9500
2026-06-08T13:52:04.0000000Z;27.21;27.238;9500;9500
2026-06-08T13:53:52.0000000Z;27.213;27.241;334;186
2026-06-08T13:53:53.0000000Z;27.213;27.241;9500;186
2026-06-08T13:53:55.0000000Z;27.213;27.239;9500;918
2026-06-08T13:54:05.0000000Z;27.213;27.241;9500;9500
2026-06-08T13:55:59.0000000Z;27.21;27.238;334;186
2026-06-08T13:55:59.0000000Z;27.21;27.238;334;186
2026-06-08T13:56:00.0000000Z;27.21;27.238;334;9500
2026-06-08T13:56:01.0000000Z;27.212;27.238;919;9500
2026-06-08T13:56:04.0000000Z;27.21;27.238;334;186
2026-06-08T13:56:13.0000000Z;27.21;27.238;9500;9500
2026-06-08T13:57:10.0000000Z;27.212;27.241;334;186
2026-06-08T13:57:12.0000000Z;27.212;27.239;334;918
2026-06-08T13:57:15.0000000Z;27.212;27.241;334;186
2026-06-08T13:57:18.0000000Z;27.212;27.241;9500;9500
2026-06-08T13:58:05.0000000Z;27.212;27.241;334;186
2026-06-08T13:58:06.0000000Z;27.212;27.241;334;186
2026-06-08T13:58:08.0000000Z;27.212;27.241;334;186
2026-06-08T13:58:10.0000000Z;27.212;27.241;334;186
2026-06-08T13:58:13.0000000Z;27.212;27.241;334;186
2026-06-08T13:58:15.0000000Z;27.212;27.241;334;186
2026-06-08T13:58:18.0000000Z;27.212;27.241;334;186
2026-06-08T13:58:20.0000000Z;27.212;27.241;334;186
2026-06-08T13:58:23.0000000Z;27.212;27.241;334;186
2026-06-08T13:58:25.0000000Z;27.212;27.241;334;186
2026-06-08T13:58:28.0000000Z;27.212;27.241;334;186
2026-06-08T13:58:51.0000000Z;27.212;27.241;334;186
2026-06-08T13:58:52.0000000Z;27.212;27.241;334;186
2026-06-08T14:00:22.0000000Z;27.209;27.238;334;186
2026-06-08T14:00:23.0000000Z;27.209;27.238;334;9500
2026-06-08T14:00:24.0000000Z;27.211;27.238;919;9500
2026-06-08T14:00:35.0000000Z;27.209;27.238;9500;9500
2026-06-08T14:00:52.0000000Z;27.209;27.238;334;186
2026-06-08T14:02:33.0000000Z;27.206;27.235;334;186
2026-06-08T14:02:34.0000000Z;27.206;27.235;334;9500
2026-06-08T14:02:35.0000000Z;27.206;27.235;334;186
2026-06-08T14:02:46.0000000Z;27.206;27.235;9500;9500
2026-06-08T14:04:33.0000000Z;27.203;27.232;334;186
2026-06-08T14:04:34.0000000Z;27.203;27.232;334;9500
2026-06-08T14:04:39.0000000Z;27.205;27.232;919;9500
2026-06-08T14:04:42.0000000Z;27.203;27.232;9500;9500
2026-06-08T14:07:39.0000000Z;27.203;27.232;334;186
2026-06-08T14:07:41.0000000Z;27.203;27.232;334;186
2026-06-08T14:07:44.0000000Z;27.203;27.232;334;186
2026-06-08T14:08:23.0000000Z;27.2;27.229;334;186
2026-06-08T14:08:24.0000000Z;27.202;27.229;920;9500
2026-06-08T14:08:36.0000000Z;27.2;27.229;9500;9500
2026-06-08T14:09:38.0000000Z;27.2;27.229;334;186
2026-06-08T14:09:39.0000000Z;27.2;27.229;334;186
2026-06-08T14:09:40.0000000Z;27.2;27.229;334;186
2026-06-08T14:09:42.0000000Z;27.2;27.229;334;186
2026-06-08T14:10:24.0000000Z;27.198;27.226;334;186
2026-06-08T14:10:25.0000000Z;27.198;27.226;334;9500
2026-06-08T14:10:27.0000000Z;27.199;27.226;920;9500
2026-06-08T14:10:36.0000000Z;27.198;27.226;9500;9500
2026-06-08T14:11:19.0000000Z;27.195;27.223;334;186
2026-06-08T14:11:20.0000000Z;27.195;27.223;334;9500
2026-06-08T14:11:21.0000000Z;27.197;27.223;920;9500
2026-06-08T14:11:32.0000000Z;27.195;27.223;9500;9500
2026-06-08T14:12:39.0000000Z;27.195;27.223;334;186
2026-06-08T14:13:18.0000000Z;27.192;27.22;334;186
2026-06-08T14:13:22.0000000Z;27.194;27.22;920;186
2026-06-08T14:13:30.0000000Z;27.192;27.22;9500;9500
2026-06-08T14:15:19.0000000Z;27.192;27.22;334;186
2026-06-08T14:15:38.0000000Z;27.192;27.22;334;186
2026-06-08T14:15:51.0000000Z;27.192;27.22;334;186
2026-06-08T14:16:09.0000000Z;27.192;27.22;334;186
2026-06-08T14:16:13.0000000Z;27.192;27.22;334;186
2026-06-08T14:17:04.0000000Z;27.189;27.217;334;186
2026-06-08T14:17:05.0000000Z;27.189;27.217;334;9500
2026-06-08T14:17:06.0000000Z;27.191;27.217;920;9500
2026-06-08T14:17:14.0000000Z;27.189;27.217;9500;9500
2026-06-08T14:20:20.0000000Z;27.189;27.217;334;186
2026-06-08T14:24:05.0000000Z;27.186;27.215;334;186
2026-06-08T14:24:06.0000000Z;27.188;27.215;920;186
2026-06-08T14:24:08.0000000Z;27.186;27.215;334;186
2026-06-08T14:24:10.0000000Z;27.186;27.215;334;186
2026-06-08T14:24:15.0000000Z;27.186;27.215;9500;9500
2026-06-08T14:25:45.0000000Z;27.186;27.215;334;186
2026-06-08T14:28:16.0000000Z;27.183;27.212;334;186
2026-06-08T14:28:19.0000000Z;27.185;27.212;920;186
2026-06-08T14:28:27.0000000Z;27.183;27.212;9500;9500
2026-06-08T14:29:13.0000000Z;27.183;27.212;334;186
2026-06-08T14:29:47.0000000Z;27.186;27.215;334;186
2026-06-08T14:29:48.0000000Z;27.186;27.215;9500;186
2026-06-08T14:29:49.0000000Z;27.186;27.213;9500;919
2026-06-08T14:29:56.0000000Z;27.186;27.215;9500;9500
2026-06-08T14:30:14.0000000Z;27.186;27.215;334;186
2026-06-08T14:32:58.0000000Z;27.183;27.212;334;186
2026-06-08T14:33:00.0000000Z;27.185;27.212;920;186
2026-06-08T14:33:05.0000000Z;27.183;27.212;9500;9500
2026-06-08T14:33:40.0000000Z;27.183;27.212;334;186
2026-06-08T14:33:41.0000000Z;27.18;27.209;334;9500
2026-06-08T14:33:44.0000000Z;27.182;27.209;920;9500
2026-06-08T14:33:49.0000000Z;27.18;27.209;334;186
2026-06-08T14:33:50.0000000Z;27.18;27.209;9500;9500
2026-06-08T14:35:20.0000000Z;27.18;27.209;334;186
2026-06-08T14:39:46.0000000Z;27.18;27.209;334;186
2026-06-08T14:39:52.0000000Z;27.178;27.207;334;186
2026-06-08T14:39:53.0000000Z;27.178;27.207;334;9500
2026-06-08T14:39:55.0000000Z;27.179;27.207;920;9500
2026-06-08T14:40:08.0000000Z;27.178;27.207;9500;9500
2026-06-08T14:41:28.0000000Z;27.151;27.234;334;186
2026-06-08T14:41:30.0000000Z;27.177;27.208;920;919
2026-06-08T14:41:33.0000000Z;27.151;27.234;334;186
2026-06-08T14:41:38.0000000Z;27.151;27.234;9500;9500
2026-06-08T14:42:40.0000000Z;27.151;27.234;334;186
2026-06-08T14:44:16.0000000Z;27.151;27.234;334;186
2026-06-08T14:44:20.0000000Z;27.151;27.234;334;186
2026-06-08T14:45:26.0000000Z;27.157;27.24;334;186
2026-06-08T14:45:27.0000000Z;27.157;27.24;9500;186
2026-06-08T14:45:28.0000000Z;27.157;27.235;9500;918
2026-06-08T14:45:39.0000000Z;27.157;27.24;9500;9500
2026-06-08T14:46:45.0000000Z;27.157;27.24;334;186
2026-06-08T14:48:08.0000000Z;27.157;27.24;334;186
2026-06-08T14:49:52.0000000Z;27.18;27.209;334;186
2026-06-08T14:49:53.0000000Z;27.18;27.209;334;186
2026-06-08T14:49:56.0000000Z;27.18;27.209;334;186
2026-06-08T14:49:58.0000000Z;27.18;27.209;334;186
2026-06-08T14:49:59.0000000Z;27.18;27.209;9500;9500
2026-06-08T14:50:01.0000000Z;27.18;27.209;334;186
2026-06-08T14:50:03.0000000Z;27.18;27.209;334;186
2026-06-08T14:50:06.0000000Z;27.18;27.209;334;186
2026-06-08T14:50:08.0000000Z;27.18;27.209;334;186
2026-06-08T14:50:11.0000000Z;27.18;27.209;334;186
2026-06-08T14:50:13.0000000Z;27.18;27.209;334;186
2026-06-08T14:50:48.0000000Z;27.18;27.209;334;186
2026-06-08T14:52:13.0000000Z;27.183;27.212;334;186
2026-06-08T14:52:14.0000000Z;27.183;27.21;334;919
2026-06-08T14:52:20.0000000Z;27.183;27.212;9500;9500
2026-06-08T14:52:28.0000000Z;27.183;27.212;334;186
2026-06-08T14:53:43.0000000Z;27.183;27.212;334;186
2026-06-08T14:53:53.0000000Z;27.183;27.212;334;186
2026-06-08T14:53:54.0000000Z;27.183;27.212;334;186
2026-06-08T14:53:56.0000000Z;27.183;27.212;334;186
2026-06-08T14:53:58.0000000Z;27.183;27.212;334;186
2026-06-08T14:54:01.0000000Z;27.183;27.212;334;186
2026-06-08T14:54:03.0000000Z;27.183;27.212;334;186
2026-06-08T14:54:06.0000000Z;27.183;27.212;334;186
2026-06-08T14:54:08.0000000Z;27.183;27.212;334;186
2026-06-08T14:54:11.0000000Z;27.183;27.212;334;186
2026-06-08T14:54:13.0000000Z;27.183;27.212;334;186
2026-06-08T14:54:16.0000000Z;27.183;27.212;334;186
2026-06-08T14:54:18.0000000Z;27.183;27.212;334;186
2026-06-08T14:54:21.0000000Z;27.183;27.212;334;186
2026-06-08T14:54:23.0000000Z;27.183;27.212;334;186
2026-06-08T14:54:27.0000000Z;27.183;27.212;334;186
2026-06-08T14:54:29.0000000Z;27.183;27.212;334;186
2026-06-08T14:54:46.0000000Z;27.183;27.212;334;186
2026-06-08T14:54:48.0000000Z;27.183;27.212;334;186
2026-06-08T14:54:49.0000000Z;27.186;27.215;334;186
2026-06-08T14:54:51.0000000Z;27.186;27.213;334;919
2026-06-08T14:54:56.0000000Z;27.186;27.215;9500;9500
2026-06-08T14:55:23.0000000Z;27.186;27.215;334;186
2026-06-08T14:55:24.0000000Z;27.186;27.215;334;186
2026-06-08T14:55:26.0000000Z;27.186;27.215;334;186
2026-06-08T14:55:28.0000000Z;27.186;27.215;334;186
2026-06-08T14:55:31.0000000Z;27.186;27.215;334;186
2026-06-08T14:55:33.0000000Z;27.186;27.215;334;186
2026-06-08T14:55:36.0000000Z;27.186;27.215;334;186
2026-06-08T14:55:38.0000000Z;27.186;27.215;334;186
2026-06-08T14:55:41.0000000Z;27.186;27.215;334;186
2026-06-08T14:55:43.0000000Z;27.186;27.215;334;186
2026-06-08T14:55:46.0000000Z;27.186;27.215;334;186
2026-06-08T14:55:48.0000000Z;27.186;27.215;334;186
2026-06-08T14:55:51.0000000Z;27.186;27.215;334;186
2026-06-08T14:55:53.0000000Z;27.186;27.215;334;186
2026-06-08T14:55:56.0000000Z;27.186;27.215;334;186
2026-06-08T14:55:58.0000000Z;27.186;27.215;334;186
2026-06-08T14:56:01.0000000Z;27.186;27.215;334;186
2026-06-08T14:56:03.0000000Z;27.186;27.215;334;186
2026-06-08T14:56:06.0000000Z;27.186;27.215;334;186
2026-06-08T14:56:08.0000000Z;27.186;27.215;334;186
2026-06-08T14:56:11.0000000Z;27.186;27.215;334;186
2026-06-08T14:56:13.0000000Z;27.186;27.215;334;186
2026-06-08T14:56:16.0000000Z;27.186;27.215;334;186
2026-06-08T14:56:18.0000000Z;27.186;27.215;334;186
2026-06-08T14:56:21.0000000Z;27.186;27.215;334;186
2026-06-08T14:56:23.0000000Z;27.186;27.215;334;186
2026-06-08T14:58:43.0000000Z;27.189;27.218;334;186
2026-06-08T14:58:44.0000000Z;27.189;27.216;334;919
2026-06-08T14:58:49.0000000Z;27.189;27.218;9500;9500
2026-06-08T14:59:21.0000000Z;27.189;27.218;334;186
2026-06-08T14:59:22.0000000Z;27.189;27.218;9500;9500
