2026-06-08T08:00:02.0000000Z;8.764;8.791;1002;1002
2026-06-08T08:00:12.0000000Z;8.763;8.792;5706;5687
2026-06-08T08:03:15.0000000Z;8.777;8.792;600;5687
2026-06-08T08:03:26.0000000Z;8.776;8.792;5698;5687
2026-06-08T08:03:37.0000000Z;8.764;8.792;1002;5687
2026-06-08T08:03:47.0000000Z;8.763;8.792;5706;5687
2026-06-08T08:03:50.0000000Z;8.763;8.792;5706;5687
2026-06-08T08:06:59.0000000Z;8.763;8.792;5706;5687
2026-06-08T08:06:59.0000000Z;8.763;8.792;5706;5687
2026-06-08T08:07:52.0000000Z;8.76;8.787;1002;1002
2026-06-08T08:08:02.0000000Z;8.759;8.788;5709;5690
2026-06-08T08:09:58.0000000Z;8.759;8.788;5709;5690
2026-06-08T08:19:48.0000000Z;8.764;8.791;1002;1002
2026-06-08T08:19:55.0000000Z;8.763;8.792;5706;5687
2026-06-08T08:20:39.0000000Z;8.76;8.787;1002;1002
2026-06-08T08:20:48.0000000Z;8.759;8.788;5709;5690
2026-06-08T08:30:58.0000000Z;8.759;8.788;5709;5690
2026-06-08T08:33:00.0000000Z;8.755;8.782;1002;1002
2026-06-08T08:33:08.0000000Z;8.754;8.783;5712;5693
2026-06-08T08:41:21.0000000Z;8.755;8.783;2965;5693
2026-06-08T08:43:48.0000000Z;8.755;8.783;1002;5693
2026-06-08T08:47:29.0000000Z;8.755;8.783;1002;5693
2026-06-08T08:49:08.0000000Z;8.755;8.783;1002;5693
2026-06-08T08:50:50.0000000Z;8.759;8.786;1002;1002
2026-06-08T08:50:56.0000000Z;8.758;8.787;5710;5691
2026-06-08T08:51:00.0000000Z;8.758;8.787;5710;5691
2026-06-08T08:55:40.0000000Z;8.758;8.787;5710;5691
2026-06-08T09:00:25.0000000Z;8.758;8.787;5710;5691
2026-06-08T09:01:57.0000000Z;8.763;8.79;1002;1002
2026-06-08T09:02:05.0000000Z;8.762;8.791;5707;5688
2026-06-08T09:05:36.0000000Z;8.762;8.791;5707;5688
2026-06-08T09:09:03.0000000Z;8.762;8.791;5707;5688
2026-06-08T09:10:10.0000000Z;8.762;8.791;5707;5688
2026-06-08T09:20:45.0000000Z;8.762;8.791;5707;5688
2026-06-08T09:24:17.0000000Z;8.762;8.791;5707;5688
2026-06-08T09:28:03.0000000Z;8.763;8.791;2965;5688
2026-06-08T09:28:05.0000000Z;8.768;8.795;1002;1002
2026-06-08T09:28:08.0000000Z;8.768;8.795;1002;1002
2026-06-08T09:28:11.0000000Z;8.767;8.796;5704;5685
2026-06-08T09:36:40.0000000Z;8.767;8.796;5704;5685
2026-06-08T09:36:41.0000000Z;8.769;8.848;1963;6007
2026-06-08T09:36:42.0000000Z;8.725;8.848;6007;6007
2026-06-08T09:36:45.0000000Z;8.775;8.802;1002;1002
2026-06-08T09:36:48.0000000Z;8.771;8.798;1002;1002
2026-06-08T09:37:00.0000000Z;8.762;8.807;1002;1002
2026-06-08T09:37:01.0000000Z;8.77;8.799;5702;5683
2026-06-08T09:37:02.0000000Z;8.709;8.973;1963;1963
2026-06-08T09:44:07.0000000Z;8.761;8.805;1002;1002
2026-06-08T09:44:15.0000000Z;8.76;8.806;5708;5678
2026-06-08T09:59:02.0000000Z;8.76;8.806;5708;5678
2026-06-08T09:59:03.0000000Z;8.762;8.798;1002;1002
2026-06-08T09:59:07.0000000Z;8.761;8.799;5708;5683
2026-06-08T10:00:33.0000000Z;8.761;8.799;5708;5683
2026-06-08T10:01:59.0000000Z;8.761;8.799;5708;5683
2026-06-08T10:03:49.0000000Z;8.761;8.799;5708;5683
2026-06-08T10:05:31.0000000Z;8.762;8.798;1963;1963
2026-06-08T10:05:33.0000000Z;8.763;8.798;1963;1963
2026-06-08T10:05:38.0000000Z;8.766;8.799;1002;5683
2026-06-08T10:05:42.0000000Z;8.765;8.795;5705;5686
2026-06-08T10:06:17.0000000Z;8.765;8.795;5705;5686
2026-06-08T10:06:18.0000000Z;8.765;8.795;5705;5686
2026-06-08T10:09:35.0000000Z;8.765;8.794;5705;2965
2026-06-08T10:09:59.0000000Z;8.765;8.794;5705;1963
2026-06-08T10:10:02.0000000Z;8.762;8.79;1002;1002
2026-06-08T10:10:04.0000000Z;8.762;8.795;1002;5686
2026-06-08T10:10:11.0000000Z;8.761;8.791;5708;5688
2026-06-08T10:20:10.0000000Z;8.761;8.79;5708;2965
2026-06-08T10:20:36.0000000Z;8.761;8.79;5708;1963
2026-06-08T10:22:00.0000000Z;8.761;8.789;5708;1963
2026-06-08T10:22:05.0000000Z;8.758;8.785;1002;1002
2026-06-08T10:22:07.0000000Z;8.757;8.786;5710;5691
2026-06-08T10:22:49.0000000Z;8.757;8.786;5710;5691
2026-06-08T10:23:54.0000000Z;8.757;8.786;5710;5691
2026-06-08T10:33:22.0000000Z;8.757;8.786;5710;5691
2026-06-08T10:33:44.0000000Z;8.757;8.786;5710;5691
2026-06-08T10:36:00.0000000Z;8.753;8.78;1002;1002
2026-06-08T10:36:12.0000000Z;8.752;8.781;5713;5695
2026-06-08T10:36:29.0000000Z;8.752;8.781;5713;5695
2026-06-08T10:38:52.0000000Z;8.753;8.781;1963;5695
2026-06-08T10:39:00.0000000Z;8.753;8.781;7676;5695
2026-06-08T10:39:09.0000000Z;8.753;8.781;7676;5695
2026-06-08T10:39:14.0000000Z;8.754;8.781;1963;5695
2026-06-08T10:39:30.0000000Z;8.758;8.785;1002;1002
2026-06-08T10:39:37.0000000Z;8.757;8.786;5710;5691
2026-06-08T10:48:00.0000000Z;8.753;8.78;1002;1002
2026-06-08T10:48:03.0000000Z;8.752;8.781;5713;5695
2026-06-08T10:48:04.0000000Z;8.753;8.781;2965;5695
2026-06-08T10:48:09.0000000Z;8.753;8.781;1002;5695
2026-06-08T10:48:10.0000000Z;8.753;8.781;2965;5695
2026-06-08T10:48:18.0000000Z;8.753;8.781;1002;5695
2026-06-08T10:49:50.0000000Z;8.753;8.781;1002;5695
2026-06-08T10:55:32.0000000Z;8.753;8.781;1002;5695
2026-06-08T11:11:00.0000000Z;8.758;8.785;1002;2965
2026-06-08T11:11:01.0000000Z;8.758;8.785;1002;1002
2026-06-08T11:11:04.0000000Z;8.758;8.785;1002;1002
2026-06-08T11:11:05.0000000Z;8.758;8.785;1002;1002
2026-06-08T11:11:37.0000000Z;8.758;8.785;1002;1002
2026-06-08T11:13:07.0000000Z;8.758;8.785;1002;1002
2026-06-08T11:13:08.0000000Z;8.758;8.785;1002;1002
2026-06-08T11:13:17.0000000Z;8.757;8.786;5710;5691
2026-06-08T11:15:15.0000000Z;8.762;8.789;1002;1002
2026-06-08T11:15:31.0000000Z;8.761;8.79;5708;5689
2026-06-08T11:16:01.0000000Z;8.761;8.789;5708;2965
2026-06-08T11:16:02.0000000Z;8.757;8.784;1002;1002
2026-06-08T11:16:03.0000000Z;8.757;8.784;1002;1002
2026-06-08T11:16:06.0000000Z;8.757;8.784;1002;1002
2026-06-08T11:16:16.0000000Z;8.756;8.785;5711;5692
2026-06-08T11:20:01.0000000Z;8.756;8.784;5711;2965
2026-06-08T11:20:03.0000000Z;8.756;8.784;5711;1963
2026-06-08T11:20:07.0000000Z;8.756;8.783;5711;1963
2026-06-08T11:20:14.0000000Z;8.752;8.785;1002;5692
2026-06-08T11:20:20.0000000Z;8.751;8.78;5714;5695
2026-06-08T11:22:47.0000000Z;8.751;8.78;5714;5695
2026-06-08T11:28:23.0000000Z;8.751;8.78;5714;5695
2026-06-08T11:35:41.0000000Z;8.751;8.78;5714;5695
2026-06-08T11:36:47.0000000Z;8.751;8.78;5714;5695
2026-06-08T11:38:49.0000000Z;8.751;8.78;5714;5695
2026-06-08T11:39:02.0000000Z;8.751;8.78;5714;5695
2026-06-08T11:39:15.0000000Z;8.751;8.78;5714;5695
2026-06-08T11:39:16.0000000Z;8.751;8.78;5714;5695
2026-06-08T11:39:44.0000000Z;8.756;8.783;1002;1002
2026-06-08T11:39:53.0000000Z;8.755;8.784;5712;5693
2026-06-08T11:45:35.0000000Z;8.752;8.779;1002;1002
2026-06-08T11:45:43.0000000Z;8.751;8.78;5714;5695
2026-06-08T11:54:08.0000000Z;8.748;8.775;1002;1002
2026-06-08T11:54:15.0000000Z;8.747;8.776;5717;5698
2026-06-08T12:09:57.0000000Z;8.752;8.779;1002;1002
2026-06-08T12:10:05.0000000Z;8.751;8.78;5714;5695
2026-06-08T12:12:09.0000000Z;8.751;8.78;5714;5695
2026-06-08T12:39:59.0000000Z;8.751;8.78;5714;5695
2026-06-08T12:40:18.0000000Z;8.749;8.784;2965;1963
2026-06-08T12:40:19.0000000Z;8.749;8.784;1002;1963
2026-06-08T12:40:21.0000000Z;8.749;8.785;1002;1002
2026-06-08T12:40:30.0000000Z;8.748;8.786;5716;5691
2026-06-08T12:40:49.0000000Z;8.748;8.786;5716;5691
2026-06-08T12:41:00.0000000Z;8.752;8.779;1002;1002
2026-06-08T12:41:06.0000000Z;8.751;8.78;5714;5695
2026-06-08T12:42:33.0000000Z;8.751;8.78;5714;5695
2026-06-08T12:43:26.0000000Z;8.751;8.78;5714;5695
2026-06-08T12:50:41.0000000Z;8.751;8.78;5714;5695
2026-06-08T12:59:21.0000000Z;8.748;8.775;1002;1002
2026-06-08T12:59:28.0000000Z;8.747;8.776;5717;5698
2026-06-08T13:00:20.0000000Z;8.747;8.776;5717;5698
2026-06-08T13:00:58.0000000Z;8.761;8.776;600;5698
2026-06-08T13:01:00.0000000Z;8.761;8.771;600;1002
2026-06-08T13:01:09.0000000Z;8.76;8.772;5708;5700
2026-06-08T13:01:41.0000000Z;8.744;8.772;1002;5700
2026-06-08T13:01:49.0000000Z;8.743;8.772;5719;5700
2026-06-08T13:02:27.0000000Z;8.743;8.772;5719;5700
2026-06-08T13:04:15.0000000Z;8.74;8.767;1002;1002
2026-06-08T13:04:23.0000000Z;8.739;8.768;5722;5703
2026-06-08T13:12:00.0000000Z;8.735;8.762;1002;1002
2026-06-08T13:12:07.0000000Z;8.734;8.763;5725;5706
2026-06-08T13:12:41.0000000Z;8.734;8.763;5725;5706
2026-06-08T13:21:53.0000000Z;8.734;8.763;5725;5706
2026-06-08T13:22:13.0000000Z;8.734;8.763;5725;5706
2026-06-08T13:22:56.0000000Z;8.73;8.757;1002;1002
2026-06-08T13:23:09.0000000Z;8.729;8.758;5729;5710
2026-06-08T13:23:41.0000000Z;8.729;8.758;5729;5710
2026-06-08T13:24:27.0000000Z;8.73;8.758;2965;5710
2026-06-08T13:24:32.0000000Z;8.73;8.758;1002;5710
2026-06-08T13:24:39.0000000Z;8.73;8.758;2965;5710
2026-06-08T13:25:23.0000000Z;8.731;8.758;1963;5710
2026-06-08T13:25:33.0000000Z;8.73;8.758;5728;5710
2026-06-08T13:26:00.0000000Z;8.73;8.758;1002;5710
2026-06-08T13:26:07.0000000Z;8.729;8.758;5729;5710
2026-06-08T13:28:01.0000000Z;8.73;8.758;2965;5710
2026-06-08T13:28:03.0000000Z;8.73;8.758;1963;5710
2026-06-08T13:28:08.0000000Z;8.729;8.758;5729;5710
2026-06-08T13:28:09.0000000Z;8.64;8.903;1963;1963
2026-06-08T13:44:02.0000000Z;8.786;8.813;1002;1002
2026-06-08T13:44:13.0000000Z;8.785;8.814;5692;5673
2026-06-08T13:45:04.0000000Z;8.791;8.818;1002;1002
2026-06-08T13:45:16.0000000Z;8.79;8.819;5689;5670
2026-06-08T13:45:24.0000000Z;8.795;8.822;1002;1002
2026-06-08T13:45:37.0000000Z;8.794;8.823;5686;5668
2026-06-08T13:51:07.0000000Z;8.791;8.818;1002;1002
2026-06-08T13:51:19.0000000Z;8.79;8.819;5689;5670
2026-06-08T13:52:18.0000000Z;8.796;8.823;1002;1002
2026-06-08T13:52:28.0000000Z;8.795;8.824;5686;5667
2026-06-08T13:54:53.0000000Z;8.8;8.828;1002;1002
2026-06-08T13:55:05.0000000Z;8.799;8.829;5683;5664
2026-06-08T13:55:25.0000000Z;8.792;8.836;1002;1002
2026-06-08T13:55:28.0000000Z;8.8;8.827;1002;1002
2026-06-08T13:55:33.0000000Z;8.8;8.827;1002;1002
2026-06-08T13:55:37.0000000Z;8.8;8.828;1002;5664
2026-06-08T14:01:36.0000000Z;8.8;8.828;1002;5664
2026-06-08T14:01:45.0000000Z;8.805;8.832;1002;1002
2026-06-08T14:01:56.0000000Z;8.804;8.833;5680;5661
2026-06-08T14:09:07.0000000Z;8.804;8.836;5680;1002
2026-06-08T14:09:08.0000000Z;8.809;8.836;1002;2965
2026-06-08T14:09:18.0000000Z;8.808;8.837;5677;5659
2026-06-08T14:09:44.0000000Z;8.808;8.836;5677;1002
2026-06-08T14:12:10.0000000Z;8.805;8.832;1002;1002
2026-06-08T14:12:22.0000000Z;8.804;8.833;5680;5661
2026-06-08T14:13:41.0000000Z;8.801;8.828;1002;1002
2026-06-08T14:13:49.0000000Z;8.8;8.829;5682;5664
2026-06-08T14:15:51.0000000Z;8.8;8.829;5682;5664
2026-06-08T14:20:14.0000000Z;8.8;8.829;5682;5664
2026-06-08T14:22:00.0000000Z;8.805;8.832;1002;1002
2026-06-08T14:22:08.0000000Z;8.804;8.833;5680;5661
2026-06-08T14:23:20.0000000Z;8.804;8.832;5680;2965
2026-06-08T14:23:57.0000000Z;8.818;8.832;600;2965
2026-06-08T14:24:00.0000000Z;8.818;8.832;600;1002
2026-06-08T14:24:07.0000000Z;8.817;8.832;5671;1002
2026-06-08T14:28:18.0000000Z;8.817;8.828;5671;1002
2026-06-08T14:28:32.0000000Z;8.817;8.829;5671;5664
2026-06-08T14:29:13.0000000Z;8.817;8.829;5671;5664
2026-06-08T14:30:07.0000000Z;8.817;8.829;5671;5664
2026-06-08T14:31:56.0000000Z;8.817;8.828;5671;2965
2026-06-08T14:32:10.0000000Z;8.817;8.828;5671;1002
2026-06-08T14:32:18.0000000Z;8.817;8.828;5671;2965
2026-06-08T14:33:02.0000000Z;8.817;8.828;5671;1002
2026-06-08T14:34:35.0000000Z;8.817;8.828;5671;2965
2026-06-08T14:35:05.0000000Z;8.817;8.824;5671;1002
2026-06-08T14:35:13.0000000Z;8.817;8.825;5671;5666
2026-06-08T14:42:48.0000000Z;8.817;8.819;5671;1002
2026-06-08T14:42:56.0000000Z;8.817;8.82;5671;5669
2026-06-08T14:46:46.0000000Z;8.817;8.82;5671;5669
2026-06-08T14:48:01.0000000Z;8.817;8.82;5671;5669
