2026-06-08T08:21:15.0000000Z;97.568;97.602;257;257
2026-06-08T08:21:16.0000000Z;97.57;97.6;5500;5500
2026-06-08T08:29:17.0000000Z;97.57;97.6;5500;5500
2026-06-08T08:30:57.0000000Z;97.57;97.6;5500;5500
2026-06-08T08:30:59.0000000Z;97.57;97.6;5500;5500
2026-06-08T08:30:59.0000000Z;97.57;97.6;5500;5500
2026-06-08T08:31:02.0000000Z;97.57;97.6;5500;5500
2026-06-08T08:31:04.0000000Z;97.57;97.6;5500;5500
2026-06-08T08:31:07.0000000Z;97.57;97.6;5500;5500
2026-06-08T08:31:09.0000000Z;97.57;97.6;5500;5500
2026-06-08T08:31:12.0000000Z;97.57;97.6;5500;5500
2026-06-08T08:31:14.0000000Z;97.57;97.6;5500;5500
2026-06-08T08:31:17.0000000Z;97.57;97.6;5500;5500
2026-06-08T08:31:19.0000000Z;97.57;97.6;5500;5500
2026-06-08T08:31:22.0000000Z;97.57;97.6;5500;5500
2026-06-08T08:31:24.0000000Z;97.57;97.6;5500;5500
2026-06-08T08:31:27.0000000Z;97.57;97.6;5500;5500
2026-06-08T08:31:29.0000000Z;97.57;97.6;5500;5500
2026-06-08T08:31:32.0000000Z;97.57;97.6;5500;5500
2026-06-08T08:31:34.0000000Z;97.57;97.6;5500;5500
2026-06-08T08:31:37.0000000Z;97.57;97.6;5500;5500
2026-06-08T08:31:39.0000000Z;97.57;97.6;5500;5500
2026-06-08T08:31:42.0000000Z;97.57;97.6;5500;5500
2026-06-08T08:31:44.0000000Z;97.57;97.6;5500;5500
2026-06-08T08:32:02.0000000Z;97.57;97.598;5500;30
2026-06-08T08:32:03.0000000Z;97.57;97.598;5500;5500
2026-06-08T08:32:05.0000000Z;97.57;97.598;5500;5500
2026-06-08T08:32:07.0000000Z;97.57;97.598;5500;5500
2026-06-08T08:32:09.0000000Z;97.57;97.598;5500;5500
2026-06-08T08:32:10.0000000Z;97.57;97.598;5500;35
2026-06-08T08:32:12.0000000Z;97.57;97.598;5500;35
2026-06-08T08:32:13.0000000Z;97.57;97.598;5500;35
2026-06-08T08:32:15.0000000Z;97.57;97.598;5500;35
2026-06-08T08:32:17.0000000Z;97.57;97.598;5500;41
2026-06-08T08:32:20.0000000Z;97.57;97.598;5500;41
2026-06-08T08:35:04.0000000Z;97.57;97.598;5500;32
2026-06-08T08:35:11.0000000Z;97.57;97.598;5500;32
2026-06-08T08:47:07.0000000Z;97.57;97.598;5500;32
2026-06-08T08:47:57.0000000Z;97.57;97.598;5500;32
2026-06-08T08:47:58.0000000Z;97.57;97.598;5500;32
2026-06-08T08:51:07.0000000Z;97.57;97.598;5500;32
2026-06-08T08:52:47.0000000Z;97.57;97.598;5500;32
2026-06-08T08:52:58.0000000Z;97.57;97.598;5500;32
2026-06-08T08:54:33.0000000Z;97.57;97.598;5500;32
2026-06-08T08:54:38.0000000Z;97.57;97.598;5500;32
2026-06-08T08:58:23.0000000Z;97.568;97.6;290;32
2026-06-08T08:59:09.0000000Z;97.57;97.598;5500;5500
2026-06-08T09:03:51.0000000Z;97.57;97.598;5500;5500
2026-06-08T09:36:41.0000000Z;97.57;97.6;5500;500
2026-06-08T09:36:45.0000000Z;97.572;97.6;23;500
2026-06-08T09:36:46.0000000Z;97.572;97.6;23;5532
2026-06-08T09:36:47.0000000Z;97.572;97.6;5500;5532
2026-06-08T09:36:49.0000000Z;97.57;97.6;5500;5532
2026-06-08T09:37:00.0000000Z;97.57;97.6;5500;5500
2026-06-08T09:37:01.0000000Z;97.572;97.6;23;5500
2026-06-08T09:37:03.0000000Z;97.572;97.6;5500;5500
2026-06-08T09:37:15.0000000Z;97.572;97.6;5500;5500
2026-06-08T09:37:17.0000000Z;97.572;97.6;5500;5500
2026-06-08T09:37:18.0000000Z;97.572;97.6;5500;5500
2026-06-08T09:37:20.0000000Z;97.572;97.6;5500;5500
2026-06-08T09:37:21.0000000Z;97.572;97.6;5500;5500
2026-06-08T09:37:50.0000000Z;97.572;97.6;5500;5500
2026-06-08T09:38:15.0000000Z;97.572;97.6;10;5500
2026-06-08T09:38:27.0000000Z;97.572;97.6;10;5500
2026-06-08T09:38:36.0000000Z;97.572;97.6;10;5500
2026-06-08T09:38:39.0000000Z;97.572;97.6;10;5500
2026-06-08T09:38:41.0000000Z;97.572;97.6;10;5500
2026-06-08T09:38:44.0000000Z;97.572;97.6;10;5500
2026-06-08T09:38:46.0000000Z;97.572;97.6;10;5500
2026-06-08T09:38:49.0000000Z;97.572;97.6;10;5500
2026-06-08T09:38:51.0000000Z;97.572;97.6;10;5500
2026-06-08T09:38:54.0000000Z;97.57;97.6;290;5500
2026-06-08T09:38:56.0000000Z;97.57;97.6;290;5500
2026-06-08T09:38:57.0000000Z;97.57;97.6;5510;5500
2026-06-08T09:39:01.0000000Z;97.57;97.6;5510;5500
2026-06-08T09:39:06.0000000Z;97.57;97.6;5500;5500
2026-06-08T09:39:16.0000000Z;97.57;97.6;5500;5500
2026-06-08T09:41:50.0000000Z;97.57;97.6;5500;5500
2026-06-08T09:41:51.0000000Z;97.57;97.6;5500;5500
2026-06-08T09:42:16.0000000Z;97.57;97.6;5500;5500
2026-06-08T09:42:33.0000000Z;97.57;97.6;5500;5500
2026-06-08T09:42:39.0000000Z;97.57;97.6;5500;5500
2026-06-08T09:43:06.0000000Z;97.57;97.6;5500;5500
2026-06-08T09:44:46.0000000Z;97.57;97.6;5500;5500
2026-06-08T09:45:36.0000000Z;97.57;97.6;5500;5500
2026-06-08T09:53:36.0000000Z;97.572;97.6;4017;5500
2026-06-08T09:53:37.0000000Z;97.572;97.6;5500;5500
2026-06-08T09:53:43.0000000Z;97.572;97.6;5500;5500
2026-06-08T09:57:02.0000000Z;97.572;97.6;5500;5500
2026-06-08T09:59:54.0000000Z;97.572;97.6;5500;5500
2026-06-08T10:01:06.0000000Z;97.572;97.6;5500;5500
2026-06-08T10:10:33.0000000Z;97.57;97.602;257;257
2026-06-08T10:12:03.0000000Z;97.572;97.6;5500;5500
2026-06-08T10:14:24.0000000Z;97.57;97.602;257;257
2026-06-08T10:16:18.0000000Z;97.572;97.6;5500;5500
2026-06-08T10:29:31.0000000Z;97.57;97.602;257;257
2026-06-08T10:29:35.0000000Z;97.572;97.6;5500;5500
2026-06-08T10:34:13.0000000Z;97.572;97.6;5500;5500
2026-06-08T10:34:14.0000000Z;97.57;97.6;290;5500
2026-06-08T10:34:17.0000000Z;97.57;97.6;5757;5500
2026-06-08T10:34:18.0000000Z;97.57;97.6;5757;5500
2026-06-08T10:34:19.0000000Z;97.57;97.6;5757;5500
2026-06-08T10:34:30.0000000Z;97.57;97.6;5500;5500
2026-06-08T10:35:00.0000000Z;97.57;97.6;5500;5500
2026-06-08T10:35:45.0000000Z;97.57;97.6;5500;5500
2026-06-08T10:35:46.0000000Z;97.572;97.6;26;5500
2026-06-08T10:35:47.0000000Z;97.572;97.6;5500;5500
2026-06-08T10:35:48.0000000Z;97.572;97.6;5500;5500
2026-06-08T10:35:59.0000000Z;97.57;97.6;290;5500
2026-06-08T10:36:01.0000000Z;97.57;97.6;5500;5500
2026-06-08T10:36:29.0000000Z;97.572;97.6;21;5500
2026-06-08T10:36:30.0000000Z;97.57;97.6;290;5500
2026-06-08T10:36:33.0000000Z;97.57;97.6;5500;5500
2026-06-08T10:36:51.0000000Z;97.572;97.6;4021;5500
2026-06-08T10:37:03.0000000Z;97.572;97.6;4021;5500
2026-06-08T10:37:39.0000000Z;97.572;97.6;4021;5500
2026-06-08T10:38:09.0000000Z;97.572;97.6;4021;5500
2026-06-08T10:39:14.0000000Z;97.57;97.602;257;257
2026-06-08T10:41:04.0000000Z;97.57;97.602;257;257
2026-06-08T10:41:06.0000000Z;97.57;97.602;257;257
2026-06-08T10:41:23.0000000Z;97.57;97.602;257;257
2026-06-08T10:41:27.0000000Z;97.57;97.602;257;257
2026-06-08T10:42:46.0000000Z;97.57;97.602;257;257
2026-06-08T10:45:29.0000000Z;97.572;97.6;5500;5500
2026-06-08T10:59:37.0000000Z;97.572;97.6;5500;5500
2026-06-08T10:59:40.0000000Z;97.572;97.6;5500;5500
2026-06-08T10:59:53.0000000Z;97.572;97.6;5500;5500
2026-06-08T11:00:40.0000000Z;97.572;97.6;5500;5500
2026-06-08T11:01:00.0000000Z;97.572;97.6;5500;5500
2026-06-08T11:01:06.0000000Z;97.572;97.6;5500;5500
2026-06-08T11:01:08.0000000Z;97.572;97.6;5500;5500
2026-06-08T11:01:22.0000000Z;97.572;97.6;5500;5500
2026-06-08T11:01:33.0000000Z;97.572;97.6;5500;5500
2026-06-08T11:05:36.0000000Z;97.572;97.6;5500;5500
2026-06-08T11:08:26.0000000Z;97.572;97.6;5500;5500
2026-06-08T11:12:55.0000000Z;97.568;97.602;257;257
2026-06-08T11:12:56.0000000Z;97.568;97.602;257;257
2026-06-08T11:12:57.0000000Z;97.568;97.602;257;257
2026-06-08T11:12:58.0000000Z;97.568;97.602;257;257
2026-06-08T11:12:59.0000000Z;97.568;97.602;257;257
2026-06-08T11:12:59.0000000Z;97.568;97.602;257;257
2026-06-08T11:13:01.0000000Z;97.568;97.602;257;257
2026-06-08T11:13:03.0000000Z;97.568;97.602;257;257
2026-06-08T11:13:04.0000000Z;97.568;97.602;257;257
2026-06-08T11:13:07.0000000Z;97.568;97.602;257;257
2026-06-08T11:13:08.0000000Z;97.568;97.602;257;257
2026-06-08T11:13:17.0000000Z;97.568;97.602;257;257
2026-06-08T11:14:47.0000000Z;97.568;97.602;257;257
2026-06-08T11:14:49.0000000Z;97.568;97.602;257;257
2026-06-08T11:14:50.0000000Z;97.568;97.602;257;257
2026-06-08T11:14:52.0000000Z;97.572;97.602;16;257
2026-06-08T11:14:53.0000000Z;97.57;97.602;290;257
2026-06-08T11:15:00.0000000Z;97.57;97.602;290;257
2026-06-08T11:15:47.0000000Z;97.57;97.602;290;257
2026-06-08T11:15:52.0000000Z;97.57;97.602;290;257
2026-06-08T11:15:57.0000000Z;97.57;97.602;290;257
2026-06-08T11:16:01.0000000Z;97.57;97.602;290;257
2026-06-08T11:16:06.0000000Z;97.57;97.602;290;257
2026-06-08T11:16:22.0000000Z;97.57;97.602;290;257
2026-06-08T11:16:27.0000000Z;97.57;97.602;290;257
2026-06-08T11:16:48.0000000Z;97.572;97.602;16;257
2026-06-08T11:16:49.0000000Z;97.57;97.602;290;257
2026-06-08T11:17:11.0000000Z;97.572;97.602;4016;257
2026-06-08T11:17:17.0000000Z;97.572;97.602;4016;257
2026-06-08T11:17:23.0000000Z;97.57;97.602;257;257
2026-06-08T11:17:41.0000000Z;97.57;97.602;257;257
2026-06-08T11:18:52.0000000Z;97.57;97.602;257;257
2026-06-08T11:19:01.0000000Z;97.57;97.602;257;257
2026-06-08T11:22:03.0000000Z;97.57;97.602;257;257
2026-06-08T11:22:16.0000000Z;97.57;97.602;257;257
2026-06-08T11:23:53.0000000Z;97.57;97.602;257;257
2026-06-08T11:23:58.0000000Z;97.57;97.602;257;257
2026-06-08T11:24:40.0000000Z;97.57;97.602;257;257
2026-06-08T11:24:41.0000000Z;97.57;97.602;257;257
2026-06-08T11:24:43.0000000Z;97.57;97.602;257;257
2026-06-08T11:24:45.0000000Z;97.57;97.602;257;257
2026-06-08T11:25:11.0000000Z;97.58;97.602;4290;257
2026-06-08T11:25:16.0000000Z;97.58;97.602;4290;257
2026-06-08T11:25:20.0000000Z;97.578;97.602;257;257
2026-06-08T11:26:01.0000000Z;97.582;97.602;4016;257
2026-06-08T11:26:02.0000000Z;97.582;97.602;4016;257
2026-06-08T11:26:04.0000000Z;97.582;97.602;4016;257
2026-06-08T11:26:11.0000000Z;97.58;97.602;257;257
2026-06-08T11:26:29.0000000Z;97.58;97.602;257;257
2026-06-08T11:29:18.0000000Z;97.58;97.602;290;257
2026-06-08T11:29:27.0000000Z;97.578;97.602;257;257
2026-06-08T11:36:48.0000000Z;97.578;97.602;257;257
2026-06-08T11:36:57.0000000Z;97.58;97.602;394;257
2026-06-08T11:37:02.0000000Z;97.58;97.602;394;257
2026-06-08T11:37:47.0000000Z;97.58;97.602;394;257
2026-06-08T11:42:50.0000000Z;97.58;97.6;5500;5500
2026-06-08T11:49:06.0000000Z;97.584;97.6;105;5500
2026-06-08T11:49:12.0000000Z;97.584;97.6;105;5500
2026-06-08T11:49:13.0000000Z;97.594;97.6;5500;5500
2026-06-08T11:49:19.0000000Z;97.594;97.6;5500;5500
2026-06-08T11:50:33.0000000Z;97.594;97.6;5500;5500
2026-06-08T11:58:25.0000000Z;97.594;97.6;5500;5500
2026-06-08T12:02:06.0000000Z;97.594;97.6;5500;5500
2026-06-08T12:10:21.0000000Z;97.594;97.6;5500;5500
2026-06-08T12:10:59.0000000Z;97.594;97.6;5500;5500
2026-06-08T12:10:59.0000000Z;97.594;97.6;5500;5500
2026-06-08T12:11:02.0000000Z;97.594;97.6;5500;484
2026-06-08T12:11:17.0000000Z;97.594;97.6;5500;484
2026-06-08T12:12:56.0000000Z;97.594;97.6;5500;5500
2026-06-08T12:13:54.0000000Z;97.594;97.6;5500;5500
2026-06-08T12:15:49.0000000Z;97.594;97.6;5500;5500
2026-06-08T12:20:18.0000000Z;97.592;97.602;257;257
2026-06-08T12:34:38.0000000Z;97.594;97.6;5500;5500
2026-06-08T12:39:00.0000000Z;97.594;97.6;5500;5500
2026-06-08T12:39:01.0000000Z;97.594;97.6;5500;5500
2026-06-08T12:39:03.0000000Z;97.594;97.6;5500;5500
2026-06-08T12:39:05.0000000Z;97.594;97.6;5500;5500
2026-06-08T12:39:08.0000000Z;97.594;97.6;5500;5500
2026-06-08T12:39:10.0000000Z;97.594;97.6;5500;5500
2026-06-08T12:39:13.0000000Z;97.594;97.6;5500;5500
2026-06-08T12:39:15.0000000Z;97.594;97.6;5500;5500
2026-06-08T12:39:18.0000000Z;97.594;97.6;5500;5500
2026-06-08T12:39:20.0000000Z;97.594;97.6;5500;5500
2026-06-08T12:39:23.0000000Z;97.594;97.6;5500;5500
2026-06-08T12:39:25.0000000Z;97.594;97.6;5500;5500
2026-06-08T12:39:28.0000000Z;97.594;97.6;5500;5500
2026-06-08T12:39:30.0000000Z;97.594;97.6;5500;5500
2026-06-08T12:39:33.0000000Z;97.594;97.6;5500;5500
2026-06-08T12:39:35.0000000Z;97.594;97.6;5500;5500
2026-06-08T12:39:38.0000000Z;97.594;97.6;5500;5500
2026-06-08T12:39:40.0000000Z;97.594;97.6;5500;5500
2026-06-08T12:39:43.0000000Z;97.594;97.6;5500;5500
2026-06-08T12:39:45.0000000Z;97.594;97.6;5500;5500
2026-06-08T12:39:48.0000000Z;97.594;97.6;5500;5500
2026-06-08T12:39:50.0000000Z;97.594;97.6;5500;5500
2026-06-08T12:39:53.0000000Z;97.594;97.6;5500;5500
2026-06-08T12:39:55.0000000Z;97.594;97.6;5500;5500
2026-06-08T12:39:58.0000000Z;97.594;97.6;5500;5500
2026-06-08T12:40:00.0000000Z;97.594;97.6;5500;5500
2026-06-08T12:40:01.0000000Z;97.594;97.6;5500;5500
2026-06-08T12:40:03.0000000Z;97.594;97.6;5500;5500
2026-06-08T12:40:05.0000000Z;97.594;97.6;5500;5500
2026-06-08T12:40:08.0000000Z;97.594;97.6;5500;5500
2026-06-08T12:40:10.0000000Z;97.594;97.6;5500;5500
2026-06-08T12:40:13.0000000Z;97.594;97.6;5500;5500
2026-06-08T12:40:15.0000000Z;97.594;97.6;5500;5500
2026-06-08T12:40:18.0000000Z;97.594;97.6;5500;5500
2026-06-08T12:40:20.0000000Z;97.594;97.6;5500;5500
2026-06-08T12:40:23.0000000Z;97.594;97.6;5500;5500
2026-06-08T12:42:34.0000000Z;97.594;97.6;5500;5500
2026-06-08T12:42:36.0000000Z;97.594;97.6;5500;5500
2026-06-08T12:42:37.0000000Z;97.594;97.6;5500;5500
2026-06-08T12:43:02.0000000Z;97.594;97.6;5500;5500
2026-06-08T12:43:04.0000000Z;97.594;97.6;5500;5500
2026-06-08T12:43:07.0000000Z;97.594;97.6;5500;5500
2026-06-08T12:43:09.0000000Z;97.58;97.6;290;5500
2026-06-08T12:43:12.0000000Z;97.592;97.6;257;5500
2026-06-08T12:43:21.0000000Z;97.58;97.6;5500;5500
2026-06-08T12:43:45.0000000Z;97.58;97.6;5500;5500
2026-06-08T12:46:57.0000000Z;97.58;97.6;395;5500
2026-06-08T12:47:36.0000000Z;97.586;97.6;105;5500
2026-06-08T12:47:44.0000000Z;97.586;97.6;105;5500
2026-06-08T12:47:51.0000000Z;97.586;97.6;105;5500
2026-06-08T12:47:56.0000000Z;97.586;97.6;105;5500
2026-06-08T12:48:20.0000000Z;97.592;97.6;105;5500
2026-06-08T12:48:26.0000000Z;97.592;97.6;105;5500
2026-06-08T12:48:41.0000000Z;97.592;97.6;105;5500
2026-06-08T12:49:09.0000000Z;97.592;97.6;105;5500
2026-06-08T12:55:49.0000000Z;97.592;97.6;105;5500
2026-06-08T13:24:22.0000000Z;97.592;97.6;105;5500
2026-06-08T13:28:00.0000000Z;97.592;97.6;105;5500
2026-06-08T13:29:15.0000000Z;97.592;97.6;105;5500
2026-06-08T13:29:24.0000000Z;97.592;97.6;105;5500
2026-06-08T13:29:26.0000000Z;97.592;97.6;105;5500
2026-06-08T13:29:47.0000000Z;97.586;97.6;4000;5500
2026-06-08T13:29:49.0000000Z;97.586;97.6;4000;5500
2026-06-08T13:29:50.0000000Z;97.59;97.6;257;5500
2026-06-08T13:29:55.0000000Z;97.586;97.6;5500;5500
2026-06-08T13:30:29.0000000Z;97.594;97.6;105;5500
2026-06-08T13:30:30.0000000Z;97.594;97.6;5500;5500
2026-06-08T13:30:41.0000000Z;97.594;97.6;5500;5500
2026-06-08T13:31:39.0000000Z;97.596;97.6;318;5500
2026-06-08T13:31:49.0000000Z;97.594;97.6;105;5500
2026-06-08T13:31:53.0000000Z;97.594;97.6;5500;5500
2026-06-08T13:31:55.0000000Z;97.596;97.6;318;5500
2026-06-08T13:31:56.0000000Z;97.596;97.6;5500;5500
2026-06-08T13:32:07.0000000Z;97.596;97.6;5500;5500
2026-06-08T13:32:29.0000000Z;97.596;97.6;5500;5500
2026-06-08T13:32:37.0000000Z;97.594;97.6;105;5500
2026-06-08T13:32:41.0000000Z;97.594;97.6;5757;5500
2026-06-08T13:32:51.0000000Z;97.594;97.6;5500;5500
2026-06-08T13:33:19.0000000Z;97.594;97.6;5500;5500
2026-06-08T13:35:55.0000000Z;97.596;97.6;318;5500
2026-06-08T13:35:56.0000000Z;97.596;97.6;5500;5500
2026-06-08T13:36:08.0000000Z;97.596;97.6;318;5500
2026-06-08T13:36:17.0000000Z;97.596;97.6;318;5500
2026-06-08T13:37:22.0000000Z;97.596;97.6;318;5500
2026-06-08T13:49:59.0000000Z;97.596;97.6;318;5500
2026-06-08T13:50:19.0000000Z;97.596;97.6;318;5500
2026-06-08T13:50:49.0000000Z;97.596;97.6;318;5500
2026-06-08T13:52:49.0000000Z;97.594;97.6;105;5500
2026-06-08T13:52:51.0000000Z;97.594;97.6;5757;5500
2026-06-08T13:53:00.0000000Z;97.594;97.6;5500;5500
2026-06-08T13:55:19.0000000Z;97.596;97.6;318;5500
2026-06-08T13:55:20.0000000Z;97.596;97.6;5500;5500
2026-06-08T13:55:30.0000000Z;97.596;97.6;318;5500
2026-06-08T13:55:47.0000000Z;97.598;97.6;19;5500
2026-06-08T13:55:48.0000000Z;97.598;97.6;5500;5500
2026-06-08T13:55:56.0000000Z;97.598;97.6;5500;5500
2026-06-08T13:56:09.0000000Z;97.598;97.6;5500;5500
2026-06-08T13:56:14.0000000Z;97.598;97.6;5500;5500
2026-06-08T13:56:59.0000000Z;97.598;97.6;5500;5500
2026-06-08T13:56:59.0000000Z;97.598;97.6;5500;5500
2026-06-08T13:58:20.0000000Z;97.596;97.6;318;5500
2026-06-08T13:58:23.0000000Z;97.596;97.6;5519;5500
2026-06-08T13:58:30.0000000Z;97.596;97.6;5500;5500
2026-06-08T14:03:07.0000000Z;97.594;97.6;105;5500
2026-06-08T14:03:10.0000000Z;97.594;97.6;5757;5500
2026-06-08T14:03:20.0000000Z;97.594;97.6;5500;5500
2026-06-08T14:08:13.0000000Z;97.596;97.6;318;5500
2026-06-08T14:08:14.0000000Z;97.596;97.6;5500;5500
2026-06-08T14:08:17.0000000Z;97.596;97.6;5500;5500
2026-06-08T14:08:25.0000000Z;97.596;97.6;5500;5500
2026-06-08T14:13:43.0000000Z;97.594;97.6;105;5500
2026-06-08T14:13:45.0000000Z;97.594;97.6;5757;5500
2026-06-08T14:13:52.0000000Z;97.594;97.6;5500;5500
2026-06-08T14:14:43.0000000Z;97.596;97.6;5500;5500
2026-06-08T14:14:53.0000000Z;97.596;97.6;5500;5500
2026-06-08T14:15:17.0000000Z;97.596;97.6;5500;5500
2026-06-08T14:16:28.0000000Z;97.598;97.6;5500;5500
2026-06-08T14:16:39.0000000Z;97.598;97.6;5500;5500
2026-06-08T14:17:30.0000000Z;97.596;97.6;318;5500
2026-06-08T14:17:32.0000000Z;97.596;97.6;5519;5500
2026-06-08T14:17:39.0000000Z;97.596;97.6;5500;5500
2026-06-08T14:30:13.0000000Z;97.594;97.6;105;5500
2026-06-08T14:30:15.0000000Z;97.594;97.6;5757;5500
2026-06-08T14:30:22.0000000Z;97.594;97.6;5500;5500
2026-06-08T14:30:39.0000000Z;97.594;97.6;5500;5500
2026-06-08T14:41:27.0000000Z;97.588;97.6;16;5500
2026-06-08T14:41:30.0000000Z;97.592;97.6;257;5500
2026-06-08T14:41:36.0000000Z;97.588;97.6;5500;5500
2026-06-08T14:42:16.0000000Z;97.588;97.6;10;5500
2026-06-08T14:42:17.0000000Z;97.588;97.6;10;5500
2026-06-08T14:42:27.0000000Z;97.588;97.6;10;5500
2026-06-08T14:43:06.0000000Z;97.588;97.6;10;5500
2026-06-08T14:48:14.0000000Z;97.588;97.6;10;5500
2026-06-08T14:49:53.0000000Z;97.588;97.6;10;5500
2026-06-08T14:49:54.0000000Z;97.594;97.6;105;5500
2026-06-08T14:50:01.0000000Z;97.596;97.6;318;5500
2026-06-08T14:50:02.0000000Z;97.596;97.6;5500;5500
2026-06-08T14:50:14.0000000Z;97.596;97.6;5500;5500
2026-06-08T14:50:18.0000000Z;97.596;97.6;5500;5500
2026-06-08T14:50:49.0000000Z;97.596;97.6;5500;5500
2026-06-08T14:54:34.0000000Z;97.596;97.6;5500;5500
2026-06-08T14:59:08.0000000Z;97.596;97.6;5500;5500
2026-06-08T14:59:09.0000000Z;97.596;97.6;5500;5500
2026-06-08T14:59:14.0000000Z;97.596;97.6;5500;5500
2026-06-08T14:59:22.0000000Z;97.596;97.6;5500;5500
2026-06-08T14:59:44.0000000Z;97.596;97.6;5500;5500
