2026-06-08T08:03:37.0000000Z;25.905;26.005;5686;5686
2026-06-08T08:03:50.0000000Z;25.9;26.01;202;202
2026-06-08T08:04:06.0000000Z;25.9;26.015;202;1922
2026-06-08T08:05:48.0000000Z;25.895;26.015;1931;1922
2026-06-08T08:05:57.0000000Z;25.905;26.015;5695;1922
2026-06-08T08:06:02.0000000Z;25.9;26.01;202;202
2026-06-08T08:06:20.0000000Z;25.925;26.03;202;863
2026-06-08T08:06:25.0000000Z;25.925;26.03;202;863
2026-06-08T08:06:28.0000000Z;25.92;26.035;1930;1921
2026-06-08T08:06:30.0000000Z;25.93;26.035;5695;1921
2026-06-08T08:06:33.0000000Z;25.925;26.03;202;202
2026-06-08T08:06:35.0000000Z;25.925;26.03;202;202
2026-06-08T08:07:00.0000000Z;25.925;26.03;202;202
2026-06-08T08:07:16.0000000Z;25.93;26.03;614;202
2026-06-08T08:07:25.0000000Z;25.925;26.03;1929;202
2026-06-08T08:07:26.0000000Z;25.935;26.03;5695;202
2026-06-08T08:09:10.0000000Z;25.925;26.03;1929;202
2026-06-08T08:09:43.0000000Z;25.935;26.03;5695;202
2026-06-08T08:09:58.0000000Z;25.93;26.03;614;202
2026-06-08T08:09:59.0000000Z;25.93;26.03;614;202
2026-06-08T08:10:20.0000000Z;25.925;26.03;1929;202
2026-06-08T08:10:59.0000000Z;25.925;26.035;1929;1921
2026-06-08T08:11:12.0000000Z;25.925;26.025;1929;5686
2026-06-08T08:11:52.0000000Z;25.925;26.035;1929;1921
2026-06-08T08:12:10.0000000Z;25.93;26.03;614;202
2026-06-08T08:12:28.0000000Z;25.93;26.025;614;5686
2026-06-08T08:13:02.0000000Z;25.93;26.035;614;1921
2026-06-08T08:13:12.0000000Z;25.93;26.025;614;5689
2026-06-08T08:13:33.0000000Z;25.93;26.03;614;202
2026-06-08T08:15:28.0000000Z;25.93;26.035;614;1921
2026-06-08T08:15:34.0000000Z;25.93;26.03;614;202
2026-06-08T08:16:39.0000000Z;25.93;26.03;5689;202
2026-06-08T08:16:40.0000000Z;25.925;26.03;1929;202
2026-06-08T08:16:51.0000000Z;25.93;26.03;614;202
2026-06-08T08:17:03.0000000Z;25.93;26.025;614;5689
2026-06-08T08:17:27.0000000Z;25.93;26.03;614;202
2026-06-08T08:18:12.0000000Z;25.93;26.035;614;1921
2026-06-08T08:18:54.0000000Z;25.95;26.055;202;661
2026-06-08T08:19:04.0000000Z;25.95;26.035;202;1921
2026-06-08T08:19:06.0000000Z;25.945;26.05;1928;5689
2026-06-08T08:19:42.0000000Z;25.95;26.06;202;863
2026-06-08T08:19:47.0000000Z;25.95;26.06;816;202
2026-06-08T08:19:49.0000000Z;25.95;26.065;816;1919
2026-06-08T08:19:51.0000000Z;25.95;26.055;816;5689
2026-06-08T08:22:58.0000000Z;25.95;26.06;816;202
2026-06-08T08:23:08.0000000Z;25.95;26.06;816;202
2026-06-08T08:23:13.0000000Z;25.95;26.06;202;863
2026-06-08T08:24:22.0000000Z;25.95;26.06;816;202
2026-06-08T08:31:01.0000000Z;25.95;26.06;816;202
2026-06-08T08:32:11.0000000Z;25.975;26.08;202;661
2026-06-08T08:32:21.0000000Z;25.975;26.065;202;1919
2026-06-08T08:32:22.0000000Z;25.97;26.075;1926;5689
2026-06-08T08:32:33.0000000Z;25.975;26.085;202;1917
2026-06-08T08:32:42.0000000Z;25.975;26.08;202;5689
2026-06-08T08:32:49.0000000Z;25.975;26.09;202;1917
2026-06-08T08:32:59.0000000Z;25.975;26.085;202;202
2026-06-08T08:33:55.0000000Z;25.98;26.085;614;202
2026-06-08T08:33:57.0000000Z;25.98;26.085;614;202
2026-06-08T08:34:04.0000000Z;25.975;26.085;1925;202
2026-06-08T08:34:32.0000000Z;25.98;26.085;614;202
2026-06-08T08:35:00.0000000Z;25.985;26.085;5684;202
2026-06-08T08:35:23.0000000Z;25.975;26.085;1925;202
2026-06-08T08:39:07.0000000Z;25.98;26.085;614;202
2026-06-08T08:40:43.0000000Z;25.98;26.08;614;5684
2026-06-08T08:40:58.0000000Z;25.95;26.055;614;202
2026-06-08T08:41:00.0000000Z;25.95;26.055;614;202
2026-06-08T08:41:08.0000000Z;25.95;26.05;614;5684
2026-06-08T08:41:12.0000000Z;25.945;26.05;1928;5684
2026-06-08T08:43:50.0000000Z;25.945;26.06;1928;1919
2026-06-08T08:44:00.0000000Z;25.945;26.05;1928;5688
2026-06-08T08:44:09.0000000Z;25.95;26.055;614;202
2026-06-08T08:46:56.0000000Z;25.945;26.055;202;202
2026-06-08T08:47:04.0000000Z;25.94;26.055;1928;202
2026-06-08T08:47:09.0000000Z;25.92;26.025;1275;202
2026-06-08T08:47:19.0000000Z;25.92;26.02;1275;5688
2026-06-08T08:47:20.0000000Z;25.92;26.02;661;5688
2026-06-08T08:47:29.0000000Z;25.92;26.025;1275;202
2026-06-08T08:47:48.0000000Z;25.915;26.025;1930;202
2026-06-08T08:48:00.0000000Z;25.92;26.025;614;202
2026-06-08T08:48:10.0000000Z;25.92;26.025;614;202
2026-06-08T08:49:09.0000000Z;25.92;26.025;614;202
2026-06-08T08:49:41.0000000Z;25.92;26.025;614;202
2026-06-08T08:49:44.0000000Z;25.925;26.025;5688;202
2026-06-08T08:49:50.0000000Z;25.925;26.03;5688;1921
2026-06-08T08:49:57.0000000Z;25.915;26.03;1930;1921
2026-06-08T08:50:07.0000000Z;25.925;26.03;5692;1921
2026-06-08T08:50:23.0000000Z;25.92;26.025;614;202
2026-06-08T08:50:25.0000000Z;25.92;26.025;614;202
2026-06-08T08:50:27.0000000Z;25.92;26.025;614;202
2026-06-08T08:50:30.0000000Z;25.94;26.05;816;202
2026-06-08T08:50:39.0000000Z;25.935;26.045;1928;5692
2026-06-08T08:51:00.0000000Z;25.94;26.05;816;202
2026-06-08T08:51:03.0000000Z;25.94;26.05;202;863
2026-06-08T08:52:06.0000000Z;25.94;26.055;202;1920
2026-06-08T08:52:16.0000000Z;25.94;26.045;202;5691
2026-06-08T08:52:38.0000000Z;25.94;26.05;816;202
2026-06-08T08:55:25.0000000Z;25.94;26.05;816;202
2026-06-08T08:55:31.0000000Z;25.94;26.05;202;863
2026-06-08T08:55:37.0000000Z;25.94;26.045;202;5691
2026-06-08T08:55:39.0000000Z;25.915;26.02;614;202
2026-06-08T08:55:42.0000000Z;25.915;26.055;614;1920
2026-06-08T08:55:43.0000000Z;25.915;26.02;614;202
2026-06-08T08:55:47.0000000Z;25.91;26.025;1930;1922
2026-06-08T08:55:49.0000000Z;25.91;26.025;1930;1922
2026-06-08T08:55:59.0000000Z;25.91;26.015;1930;5695
2026-06-08T08:56:08.0000000Z;25.915;26.02;614;202
2026-06-08T08:56:10.0000000Z;25.915;26.02;614;202
2026-06-08T08:59:19.0000000Z;25.92;26.02;5695;202
2026-06-08T08:59:20.0000000Z;25.92;26.025;5695;1922
2026-06-08T08:59:22.0000000Z;25.94;26.04;614;202
2026-06-08T08:59:30.0000000Z;25.935;26.035;1928;5695
2026-06-08T09:00:32.0000000Z;25.935;26.045;1928;1920
2026-06-08T09:01:40.0000000Z;25.94;26.04;614;202
2026-06-08T09:01:41.0000000Z;25.945;26.04;5692;202
2026-06-08T09:01:50.0000000Z;25.94;26.04;614;202
2026-06-08T09:04:31.0000000Z;25.94;26.04;614;202
2026-06-08T09:05:50.0000000Z;25.935;26.04;1928;202
2026-06-08T09:06:33.0000000Z;25.935;26.035;1928;5688
2026-06-08T09:08:06.0000000Z;25.935;26.045;1928;1920
2026-06-08T09:08:15.0000000Z;25.935;26.035;1928;5691
2026-06-08T09:09:02.0000000Z;25.94;26.04;614;202
2026-06-08T09:09:03.0000000Z;25.94;26.04;614;202
2026-06-08T09:09:57.0000000Z;25.94;26.04;614;202
2026-06-08T09:10:02.0000000Z;25.91;26.015;614;202
2026-06-08T09:10:09.0000000Z;25.91;26.015;614;202
2026-06-08T09:10:10.0000000Z;25.905;26.02;1931;1922
2026-06-08T09:10:12.0000000Z;25.91;26.015;614;202
2026-06-08T09:10:42.0000000Z;25.915;26.015;5691;202
2026-06-08T09:10:49.0000000Z;25.915;26.02;5691;1922
2026-06-08T09:11:14.0000000Z;25.91;26.015;614;202
2026-06-08T09:11:21.0000000Z;25.91;26.015;614;202
2026-06-08T09:11:31.0000000Z;25.915;26.015;5691;202
2026-06-08T09:11:39.0000000Z;25.905;26.015;1931;202
2026-06-08T09:11:49.0000000Z;25.915;26.015;5696;202
2026-06-08T09:12:12.0000000Z;25.91;26.015;1275;202
2026-06-08T09:12:14.0000000Z;25.91;26.015;1275;202
2026-06-08T09:12:32.0000000Z;25.91;26.015;1275;202
2026-06-08T09:12:34.0000000Z;25.91;26.015;1275;202
2026-06-08T09:13:33.0000000Z;25.935;26.04;614;202
2026-06-08T09:13:41.0000000Z;25.93;26.035;1929;5696
2026-06-08T09:14:44.0000000Z;25.93;26.045;1929;1920
2026-06-08T09:14:53.0000000Z;25.93;26.035;1929;5695
2026-06-08T09:16:43.0000000Z;25.94;26.035;5695;5695
2026-06-08T09:16:47.0000000Z;25.94;26.045;5695;1920
2026-06-08T09:16:58.0000000Z;25.93;26.045;1929;1920
2026-06-08T09:17:08.0000000Z;25.94;26.045;5693;1920
2026-06-08T09:18:03.0000000Z;25.935;26.04;614;202
2026-06-08T09:18:13.0000000Z;25.94;26.04;5693;202
2026-06-08T09:19:03.0000000Z;25.935;26.04;614;202
2026-06-08T09:19:13.0000000Z;25.94;26.04;5693;202
2026-06-08T09:19:30.0000000Z;25.93;26.04;1929;202
2026-06-08T09:19:40.0000000Z;25.94;26.04;5689;202
2026-06-08T09:20:09.0000000Z;25.955;26.065;202;863
2026-06-08T09:20:16.0000000Z;25.95;26.06;1927;5689
2026-06-08T09:20:38.0000000Z;25.955;26.06;202;5689
2026-06-08T09:20:45.0000000Z;25.955;26.065;202;202
2026-06-08T09:20:54.0000000Z;25.96;26.065;5689;202
2026-06-08T09:21:39.0000000Z;25.96;26.07;5689;1918
2026-06-08T09:24:20.0000000Z;25.955;26.065;202;202
2026-06-08T09:24:39.0000000Z;25.955;26.06;202;5689
2026-06-08T09:25:40.0000000Z;25.95;26.06;1927;5689
2026-06-08T09:25:44.0000000Z;25.95;26.07;1927;1918
2026-06-08T09:25:50.0000000Z;25.96;26.07;5683;1918
2026-06-08T09:31:09.0000000Z;25.96;26.06;5683;5683
2026-06-08T09:31:18.0000000Z;25.95;26.07;1927;1918
2026-06-08T09:31:28.0000000Z;25.96;26.07;5686;1918
2026-06-08T09:32:50.0000000Z;25.96;26.06;5686;5686
2026-06-08T09:34:00.0000000Z;25.95;26.07;1927;1918
2026-06-08T09:34:09.0000000Z;25.95;26.06;1927;5689
2026-06-08T09:34:53.0000000Z;25.955;26.065;202;202
2026-06-08T09:36:39.0000000Z;25.955;26.065;202;202
2026-06-08T09:36:40.0000000Z;25.955;26.065;202;202
2026-06-08T09:36:41.0000000Z;25.955;26.065;202;202
2026-06-08T09:36:42.0000000Z;25.985;26.09;202;202
2026-06-08T09:36:49.0000000Z;25.985;26.09;202;202
2026-06-08T09:36:52.0000000Z;25.955;26.065;202;202
2026-06-08T09:37:11.0000000Z;25.9;26.145;180;180
2026-06-08T09:37:12.0000000Z;25.96;26.07;202;202
2026-06-08T09:37:18.0000000Z;25.96;26.07;202;202
2026-06-08T09:37:21.0000000Z;25.965;26.07;5689;202
2026-06-08T09:37:28.0000000Z;25.96;26.07;202;202
2026-06-08T09:37:29.0000000Z;25.965;26.07;614;202
2026-06-08T09:37:30.0000000Z;25.955;26.075;1927;1918
2026-06-08T09:37:32.0000000Z;25.965;26.07;614;202
2026-06-08T09:37:33.0000000Z;25.965;26.07;614;202
2026-06-08T09:37:39.0000000Z;25.965;26.065;614;5692
2026-06-08T09:37:45.0000000Z;25.96;26.065;1927;5692
2026-06-08T09:40:35.0000000Z;25.96;26.075;1927;1918
2026-06-08T09:40:44.0000000Z;25.96;26.065;1927;5685
2026-06-08T09:43:12.0000000Z;25.96;26.075;1927;1918
2026-06-08T09:43:19.0000000Z;25.985;26.095;202;863
2026-06-08T09:43:21.0000000Z;25.985;26.075;202;1918
2026-06-08T09:43:28.0000000Z;25.98;26.09;1925;5686
2026-06-08T09:46:03.0000000Z;25.99;26.09;5686;5686
2026-06-08T09:46:17.0000000Z;25.98;26.1;1925;1916
2026-06-08T09:46:26.0000000Z;25.99;26.1;5681;1916
2026-06-08T09:47:02.0000000Z;25.98;26.1;1925;1916
2026-06-08T09:47:12.0000000Z;25.99;26.1;5679;1916
2026-06-08T09:50:43.0000000Z;25.98;26.1;1925;1916
2026-06-08T09:50:53.0000000Z;25.99;26.1;5677;1916
2026-06-08T09:51:10.0000000Z;25.99;26.09;5677;5677
2026-06-08T09:52:08.0000000Z;25.99;26.1;5677;1916
2026-06-08T09:53:15.0000000Z;25.98;26.1;1925;1916
2026-06-08T09:53:25.0000000Z;25.99;26.1;5678;1916
2026-06-08T09:56:35.0000000Z;25.98;26.1;1925;1916
2026-06-08T09:56:44.0000000Z;25.98;26.09;1925;5677
2026-06-08T09:59:38.0000000Z;25.98;26.1;1925;1916
2026-06-08T09:59:48.0000000Z;25.99;26.1;5676;1916
2026-06-08T10:00:28.0000000Z;25.99;26.095;614;202
2026-06-08T10:00:34.0000000Z;25.985;26.095;1925;202
2026-06-08T10:00:38.0000000Z;25.995;26.095;5676;202
2026-06-08T10:01:05.0000000Z;25.995;26.09;5676;5676
2026-06-08T10:01:07.0000000Z;25.985;26.09;1925;5676
2026-06-08T10:01:51.0000000Z;25.985;26.1;1925;1916
2026-06-08T10:01:59.0000000Z;25.985;26.095;202;202
2026-06-08T10:02:01.0000000Z;25.985;26.09;202;5675
2026-06-08T10:02:05.0000000Z;25.96;26.065;614;202
2026-06-08T10:02:06.0000000Z;25.96;26.065;816;202
2026-06-08T10:02:09.0000000Z;25.96;26.065;816;202
2026-06-08T10:02:13.0000000Z;25.955;26.07;1927;1918
2026-06-08T10:02:14.0000000Z;25.965;26.065;614;202
2026-06-08T10:02:15.0000000Z;25.965;26.06;614;5675
2026-06-08T10:02:19.0000000Z;25.965;26.065;614;202
2026-06-08T10:02:31.0000000Z;25.96;26.065;1927;202
2026-06-08T10:02:58.0000000Z;25.96;26.07;1927;1918
2026-06-08T10:03:01.0000000Z;25.97;26.07;5675;1918
2026-06-08T10:03:52.0000000Z;25.965;26.065;614;202
2026-06-08T10:04:29.0000000Z;25.96;26.07;1927;1918
2026-06-08T10:04:45.0000000Z;25.96;26.06;1927;5684
2026-06-08T10:05:32.0000000Z;25.96;26.07;1927;1918
2026-06-08T10:06:53.0000000Z;25.985;26.09;202;661
2026-06-08T10:07:02.0000000Z;25.985;26.07;202;1918
2026-06-08T10:07:06.0000000Z;25.98;26.085;1925;5684
2026-06-08T10:07:10.0000000Z;25.98;26.095;1925;1917
2026-06-08T10:07:11.0000000Z;25.98;26.09;1925;661
2026-06-08T10:07:20.0000000Z;25.98;26.085;1925;5681
2026-06-08T10:07:59.0000000Z;25.985;26.095;202;202
2026-06-08T10:08:06.0000000Z;25.985;26.1;202;1916
2026-06-08T10:08:09.0000000Z;25.985;26.09;202;5681
2026-06-08T10:09:02.0000000Z;25.985;26.095;202;202
2026-06-08T10:13:04.0000000Z;25.985;26.1;202;1916
2026-06-08T10:13:13.0000000Z;25.985;26.09;202;5677
2026-06-08T10:16:33.0000000Z;25.985;26.1;202;1916
2026-06-08T10:16:43.0000000Z;25.985;26.09;202;5678
2026-06-08T10:17:47.0000000Z;25.985;26.09;202;5678
2026-06-08T10:18:15.0000000Z;25.985;26.095;202;863
2026-06-08T10:18:17.0000000Z;25.985;26.095;202;863
2026-06-08T10:18:55.0000000Z;25.96;26.065;614;202
2026-06-08T10:18:57.0000000Z;25.96;26.065;614;202
2026-06-08T10:19:00.0000000Z;25.955;26.07;1927;1918
2026-06-08T10:19:05.0000000Z;25.955;26.06;1927;5678
2026-06-08T10:19:20.0000000Z;25.96;26.065;614;202
2026-06-08T10:19:38.0000000Z;25.96;26.07;614;1918
2026-06-08T10:19:48.0000000Z;25.96;26.06;614;5681
2026-06-08T10:22:00.0000000Z;25.96;26.07;614;1918
2026-06-08T10:22:10.0000000Z;25.96;26.06;614;5682
2026-06-08T10:22:49.0000000Z;25.89;26.135;180;180
2026-06-08T10:22:50.0000000Z;25.895;26.105;614;4100
2026-06-08T10:22:51.0000000Z;25.945;26.045;614;202
2026-06-08T10:22:58.0000000Z;25.945;26.04;614;5682
2026-06-08T10:23:02.0000000Z;25.94;26.04;1928;5682
2026-06-08T10:23:04.0000000Z;25.94;26.05;1928;1920
2026-06-08T10:23:14.0000000Z;25.94;26.04;1928;5683
2026-06-08T10:23:55.0000000Z;25.945;26.045;614;202
2026-06-08T10:25:01.0000000Z;25.945;26.045;614;202
2026-06-08T10:26:51.0000000Z;25.945;26.05;614;1920
2026-06-08T10:27:01.0000000Z;25.945;26.04;614;5687
2026-06-08T10:29:39.0000000Z;25.945;26.05;614;1920
2026-06-08T10:29:56.0000000Z;25.945;26.045;614;202
2026-06-08T10:32:08.0000000Z;25.94;26.045;1928;202
2026-06-08T10:32:18.0000000Z;25.95;26.045;5683;202
2026-06-08T10:32:41.0000000Z;25.94;26.045;1928;202
2026-06-08T10:33:34.0000000Z;25.95;26.045;5683;202
2026-06-08T10:33:44.0000000Z;25.945;26.045;614;202
2026-06-08T10:34:10.0000000Z;25.94;26.05;1928;1920
2026-06-08T10:34:11.0000000Z;25.905;26.13;4100;4100
2026-06-08T10:34:12.0000000Z;25.97;26.075;614;202
2026-06-08T10:34:13.0000000Z;25.995;26.1;202;202
2026-06-08T10:34:14.0000000Z;25.995;26.1;202;202
2026-06-08T10:34:15.0000000Z;25.995;26.105;202;202
2026-06-08T10:34:20.0000000Z;25.995;26.105;202;202
2026-06-08T10:34:26.0000000Z;25.99;26.1;1924;5683
2026-06-08T10:34:31.0000000Z;25.995;26.105;202;202
2026-06-08T10:34:32.0000000Z;25.915;26.155;180;661
2026-06-08T10:34:36.0000000Z;25.915;26.16;180;841
2026-06-08T10:34:42.0000000Z;25.915;26.11;180;1915
2026-06-08T10:34:47.0000000Z;25.99;26.16;1924;841
2026-06-08T10:34:49.0000000Z;25.915;26.155;1930;5683
2026-06-08T10:34:51.0000000Z;25.92;26.16;614;180
2026-06-08T10:34:57.0000000Z;25.925;26.16;5683;180
2026-06-08T10:34:59.0000000Z;25.915;26.16;1930;180
2026-06-08T10:34:59.0000000Z;25.92;26.16;614;180
2026-06-08T10:35:06.0000000Z;25.795;26.315;614;661
2026-06-08T10:35:09.0000000Z;25.915;26.315;1930;661
2026-06-08T10:35:11.0000000Z;25.915;26.165;1930;1911
2026-06-08T10:35:15.0000000Z;25.915;26.165;1930;1911
2026-06-08T10:35:16.0000000Z;25.805;26.28;614;661
2026-06-08T10:35:24.0000000Z;25.8;26.28;1938;661
2026-06-08T10:35:25.0000000Z;25.81;26.275;5683;5683
2026-06-08T10:35:45.0000000Z;25.805;26.28;614;661
2026-06-08T10:35:54.0000000Z;25.81;26.275;5685;5685
2026-06-08T10:35:56.0000000Z;25.805;26.28;614;661
2026-06-08T10:36:08.0000000Z;25.9;26.17;614;4100
2026-06-08T10:36:13.0000000Z;25.9;26.17;614;4100
2026-06-08T10:36:18.0000000Z;25.91;26.165;614;180
2026-06-08T10:36:20.0000000Z;25.905;26.17;1931;1911
2026-06-08T10:36:28.0000000Z;25.915;26.16;5685;5685
2026-06-08T10:36:31.0000000Z;25.91;26.165;614;180
2026-06-08T10:37:39.0000000Z;25.91;26.165;614;180
2026-06-08T10:37:48.0000000Z;25.915;26.165;5685;180
2026-06-08T10:37:57.0000000Z;25.91;26.165;614;180
2026-06-08T10:38:04.0000000Z;25.905;26.17;1931;1911
2026-06-08T10:38:14.0000000Z;25.915;26.16;5675;5675
2026-06-08T10:40:20.0000000Z;25.905;26.17;1931;1911
2026-06-08T10:40:30.0000000Z;25.915;26.16;5670;5670
2026-06-08T10:41:13.0000000Z;25.905;26.17;1931;1911
2026-06-08T10:41:22.0000000Z;25.915;26.16;5672;5672
2026-06-08T10:45:42.0000000Z;25.9;26.17;614;4100
2026-06-08T10:45:52.0000000Z;25.91;26.165;614;180
2026-06-08T10:46:00.0000000Z;25.905;26.17;1931;1911
2026-06-08T10:46:02.0000000Z;25.915;26.16;5672;5672
2026-06-08T10:46:19.0000000Z;25.91;26.165;614;180
2026-06-08T10:47:09.0000000Z;25.905;26.17;1931;1911
2026-06-08T10:47:19.0000000Z;25.915;26.16;5671;5671
2026-06-08T10:47:21.0000000Z;25.91;26.165;614;180
2026-06-08T10:47:31.0000000Z;25.915;26.165;5671;180
2026-06-08T10:50:34.0000000Z;25.905;26.17;1931;1911
2026-06-08T10:50:44.0000000Z;25.915;26.16;5674;5674
2026-06-08T10:52:50.0000000Z;25.91;26.165;614;180
2026-06-08T10:52:52.0000000Z;25.91;26.165;614;180
2026-06-08T10:56:48.0000000Z;25.905;26.17;1931;1911
2026-06-08T10:56:58.0000000Z;25.915;26.16;5671;5671
2026-06-08T10:59:00.0000000Z;25.91;26.165;614;180
2026-06-08T10:59:10.0000000Z;25.915;26.165;5671;180
2026-06-08T11:00:03.0000000Z;25.905;26.17;1931;1911
2026-06-08T11:00:13.0000000Z;25.915;26.16;5675;5675
2026-06-08T11:02:00.0000000Z;25.91;26.165;614;180
2026-06-08T11:02:10.0000000Z;25.915;26.165;5675;180
2026-06-08T11:02:44.0000000Z;25.91;26.165;614;180
2026-06-08T11:03:28.0000000Z;25.91;26.165;614;180
2026-06-08T11:03:38.0000000Z;25.915;26.165;5675;180
2026-06-08T11:03:49.0000000Z;25.95;26.16;614;661
2026-06-08T11:03:50.0000000Z;25.975;26.08;614;202
2026-06-08T11:03:52.0000000Z;25.975;26.08;614;202
2026-06-08T11:03:54.0000000Z;25.975;26.08;614;202
2026-06-08T11:03:55.0000000Z;25.97;26.085;1926;1917
2026-06-08T11:03:58.0000000Z;25.97;26.075;1926;5675
2026-06-08T11:04:41.0000000Z;25.97;26.085;1926;1917
2026-06-08T11:04:50.0000000Z;25.97;26.075;1926;5680
2026-06-08T11:05:47.0000000Z;25.975;26.08;614;202
2026-06-08T11:07:04.0000000Z;25.975;26.085;614;1917
2026-06-08T11:07:14.0000000Z;25.975;26.075;614;5676
2026-06-08T11:07:58.0000000Z;25.995;26.105;202;863
2026-06-08T11:08:00.0000000Z;25.995;26.105;202;863
2026-06-08T11:08:04.0000000Z;25.99;26.11;1924;1915
2026-06-08T11:08:08.0000000Z;25.99;26.1;1924;5676
2026-06-08T11:08:09.0000000Z;25.995;26.105;202;202
2026-06-08T11:08:11.0000000Z;25.995;26.105;202;202
2026-06-08T11:08:14.0000000Z;25.995;26.105;202;202
2026-06-08T11:09:13.0000000Z;25.995;26.105;202;202
2026-06-08T11:09:16.0000000Z;25.995;26.105;202;202
2026-06-08T11:09:37.0000000Z;26;26.105;614;202
2026-06-08T11:09:41.0000000Z;25.995;26.105;1924;202
2026-06-08T11:09:54.0000000Z;26;26.105;614;202
2026-06-08T11:10:35.0000000Z;26.02;26.13;202;202
2026-06-08T11:10:36.0000000Z;26.02;26.11;202;1915
2026-06-08T11:10:44.0000000Z;26.015;26.125;1922;5676
2026-06-08T11:10:45.0000000Z;26.02;26.13;202;202
2026-06-08T11:10:48.0000000Z;26.02;26.13;202;202
2026-06-08T11:10:50.0000000Z;26.02;26.13;202;202
2026-06-08T11:10:54.0000000Z;25.98;26.17;202;4100
2026-06-08T11:10:56.0000000Z;26.025;26.16;661;661
2026-06-08T11:10:59.0000000Z;26;26.175;4100;661
2026-06-08T11:10:59.0000000Z;26;26.195;4100;202
2026-06-08T11:11:16.0000000Z;26.05;26.19;661;661
2026-06-08T11:11:19.0000000Z;26.05;26.185;661;661
2026-06-08T11:11:37.0000000Z;26.05;26.195;661;202
2026-06-08T11:11:43.0000000Z;26.055;26.195;661;863
2026-06-08T11:12:21.0000000Z;26.055;26.195;661;661
2026-06-08T11:12:57.0000000Z;26.055;26.195;661;661
2026-06-08T11:13:00.0000000Z;26.055;26.215;614;661
2026-06-08T11:13:01.0000000Z;26.075;26.185;816;202
2026-06-08T11:13:02.0000000Z;26.075;26.185;816;202
2026-06-08T11:13:04.0000000Z;26.075;26.185;202;202
2026-06-08T11:13:05.0000000Z;26.07;26.185;1918;202
2026-06-08T11:13:09.0000000Z;26.07;26.18;1918;5669
2026-06-08T11:13:40.0000000Z;26.075;26.185;202;202
2026-06-08T11:14:14.0000000Z;26.075;26.185;202;202
2026-06-08T11:14:23.0000000Z;26.075;26.18;202;5669
2026-06-08T11:14:24.0000000Z;26.075;26.185;202;202
2026-06-08T11:14:56.0000000Z;26.1;26.21;202;202
2026-06-08T11:14:59.0000000Z;26.105;26.21;614;202
2026-06-08T11:15:02.0000000Z;26.125;26.235;816;202
2026-06-08T11:15:03.0000000Z;26.125;26.235;202;202
2026-06-08T11:15:06.0000000Z;26.125;26.235;202;202
2026-06-08T11:15:07.0000000Z;26.125;26.235;202;202
2026-06-08T11:15:10.0000000Z;26.12;26.23;1915;5669
2026-06-08T11:15:11.0000000Z;26.125;26.235;202;202
2026-06-08T11:15:12.0000000Z;26.125;26.235;202;202
2026-06-08T11:15:15.0000000Z;26.125;26.235;202;202
2026-06-08T11:15:16.0000000Z;26;26.24;614;180
2026-06-08T11:15:18.0000000Z;26.02;26.24;614;180
2026-06-08T11:15:19.0000000Z;26.02;26.24;614;180
2026-06-08T11:15:23.0000000Z;26.02;26.24;614;180
2026-06-08T11:15:25.0000000Z;26.12;26.235;1915;5669
2026-06-08T11:15:32.0000000Z;26.025;26.235;5669;5669
2026-06-08T11:15:35.0000000Z;26.02;26.245;614;1906
2026-06-08T11:15:36.0000000Z;26.02;26.32;614;4100
2026-06-08T11:15:39.0000000Z;26.02;26.32;614;4100
2026-06-08T11:15:41.0000000Z;26.02;26.315;614;661
2026-06-08T11:15:44.0000000Z;26.02;26.245;614;1906
2026-06-08T11:15:45.0000000Z;26.02;26.305;614;661
2026-06-08T11:15:49.0000000Z;26.025;26.305;5652;661
2026-06-08T11:15:53.0000000Z;26.025;26.31;5652;1901
2026-06-08T11:15:54.0000000Z;26.025;26.3;5652;5652
2026-06-08T11:15:58.0000000Z;26.025;26.3;5652;5652
2026-06-08T11:16:21.0000000Z;26.02;26.305;614;661
2026-06-08T11:16:31.0000000Z;26.025;26.305;5652;661
2026-06-08T11:17:09.0000000Z;26.02;26.305;614;661
2026-06-08T11:17:19.0000000Z;26.025;26.305;5652;661
2026-06-08T11:17:33.0000000Z;26.02;26.305;614;661
2026-06-08T11:17:39.0000000Z;26.02;26.305;614;661
2026-06-08T11:17:43.0000000Z;26.025;26.305;5652;661
2026-06-08T11:17:59.0000000Z;26.015;26.305;1922;661
2026-06-08T11:18:08.0000000Z;26.025;26.3;5644;5644
2026-06-08T11:18:15.0000000Z;26.02;26.305;614;661
2026-06-08T11:18:21.0000000Z;26.02;26.305;614;661
2026-06-08T11:18:25.0000000Z;26.025;26.305;5644;661
2026-06-08T11:19:08.0000000Z;26.02;26.305;614;661
2026-06-08T11:20:34.0000000Z;26.015;26.305;1922;661
2026-06-08T11:20:44.0000000Z;26.025;26.3;5648;5648
2026-06-08T11:23:13.0000000Z;26.015;26.305;1922;661
2026-06-08T11:23:23.0000000Z;26.025;26.3;5640;5640
2026-06-08T11:23:46.0000000Z;26.01;26.305;614;661
2026-06-08T11:23:47.0000000Z;26.03;26.305;614;661
2026-06-08T11:23:51.0000000Z;26.03;26.305;614;661
2026-06-08T11:23:55.0000000Z;26.03;26.305;614;661
2026-06-08T11:23:56.0000000Z;26.035;26.305;5640;661
2026-06-08T11:25:38.0000000Z;26.03;26.305;614;661
2026-06-08T11:25:40.0000000Z;26.03;26.305;614;661
2026-06-08T11:26:32.0000000Z;26.025;26.305;1922;661
2026-06-08T11:26:42.0000000Z;26.035;26.3;5639;5639
2026-06-08T11:29:19.0000000Z;26.03;26.305;614;661
2026-06-08T11:29:27.0000000Z;26.025;26.305;1922;661
2026-06-08T11:29:33.0000000Z;26.03;26.31;614;180
2026-06-08T11:29:36.0000000Z;26.035;26.305;5637;5637
2026-06-08T11:29:45.0000000Z;26.035;26.305;5637;5637
2026-06-08T11:30:42.0000000Z;26.03;26.31;614;180
2026-06-08T11:32:02.0000000Z;26.025;26.315;1922;1901
2026-06-08T11:32:11.0000000Z;26.035;26.305;5631;5631
2026-06-08T11:35:33.0000000Z;26.025;26.315;1922;1901
2026-06-08T11:35:40.0000000Z;26.025;26.31;4100;180
2026-06-08T11:35:41.0000000Z;26.03;26.31;614;180
2026-06-08T11:35:43.0000000Z;26.035;26.305;5628;5628
2026-06-08T11:36:49.0000000Z;26.03;26.31;614;180
2026-06-08T11:37:11.0000000Z;26.03;26.31;614;180
2026-06-08T11:37:20.0000000Z;26.035;26.31;5628;180
2026-06-08T11:38:48.0000000Z;26.075;26.31;661;180
2026-06-08T11:38:49.0000000Z;26.1;26.31;614;180
2026-06-08T11:38:50.0000000Z;26.1;26.31;614;180
2026-06-08T11:38:52.0000000Z;26.1;26.31;4714;180
2026-06-08T11:38:53.0000000Z;26.095;26.31;1917;180
2026-06-08T11:38:54.0000000Z;26.1;26.31;4714;180
2026-06-08T11:38:57.0000000Z;26.105;26.31;5628;180
2026-06-08T11:38:58.0000000Z;26.1;26.31;4714;180
2026-06-08T11:39:03.0000000Z;26.1;26.31;4714;180
2026-06-08T11:39:21.0000000Z;26.105;26.31;614;180
2026-06-08T11:39:30.0000000Z;26.1;26.31;1916;180
2026-06-08T11:39:31.0000000Z;26.11;26.31;5628;180
2026-06-08T11:42:03.0000000Z;26.105;26.31;614;180
2026-06-08T11:42:05.0000000Z;26.105;26.31;614;180
2026-06-08T11:43:08.0000000Z;26.1;26.315;1916;1901
2026-06-08T11:43:15.0000000Z;26.105;26.31;614;180
2026-06-08T11:43:18.0000000Z;26.11;26.305;3310;3310
2026-06-08T11:46:37.0000000Z;26.1;26.315;1916;1901
2026-06-08T11:46:46.0000000Z;26.11;26.305;3312;3312
2026-06-08T11:46:53.0000000Z;26.105;26.31;614;180
2026-06-08T11:47:03.0000000Z;26.105;26.31;614;180
2026-06-08T11:48:16.0000000Z;26.1;26.31;1916;180
2026-06-08T11:48:46.0000000Z;26.105;26.31;1275;180
2026-06-08T11:49:35.0000000Z;26.11;26.315;3316;1901
2026-06-08T11:49:44.0000000Z;26.11;26.305;3316;3316
2026-06-08T11:50:00.0000000Z;26.105;26.38;1275;4100
2026-06-08T11:50:02.0000000Z;26.105;26.38;614;4100
2026-06-08T11:50:12.0000000Z;26.105;26.385;614;1896
2026-06-08T11:52:06.0000000Z;26.105;26.38;614;4100
2026-06-08T11:58:39.0000000Z;26.105;26.38;614;4100
2026-06-08T11:58:41.0000000Z;26.105;26.38;614;4100
2026-06-08T12:04:31.0000000Z;26.105;26.38;644;4100
2026-06-08T12:05:03.0000000Z;26.105;26.38;644;4761
2026-06-08T12:05:10.0000000Z;26.105;26.38;644;4100
2026-06-08T12:05:14.0000000Z;26.105;26.38;644;4761
2026-06-08T12:05:21.0000000Z;26.105;26.375;644;661
2026-06-08T12:05:22.0000000Z;26.165;26.27;644;202
2026-06-08T12:05:24.0000000Z;26.165;26.27;644;202
2026-06-08T12:05:27.0000000Z;26.165;26.27;644;202
2026-06-08T12:05:31.0000000Z;26.16;26.275;1912;1903
2026-06-08T12:05:47.0000000Z;26.16;26.27;846;202
2026-06-08T12:05:56.0000000Z;26.16;26.27;846;202
2026-06-08T12:05:57.0000000Z;26.155;26.27;1912;202
2026-06-08T12:08:32.0000000Z;26.16;26.27;846;202
2026-06-08T12:09:47.0000000Z;26.185;26.29;202;661
2026-06-08T12:09:55.0000000Z;26.18;26.295;1910;2563
2026-06-08T12:11:20.0000000Z;26.16;26.265;644;202
2026-06-08T12:11:33.0000000Z;26.155;26.27;1912;1904
2026-06-08T12:15:32.0000000Z;26.16;26.265;644;200
2026-06-08T12:15:34.0000000Z;26.16;26.27;846;202
2026-06-08T12:15:38.0000000Z;26.16;26.275;846;1903
2026-06-08T12:24:56.0000000Z;26.16;26.27;846;202
2026-06-08T12:27:44.0000000Z;26.185;26.295;202;863
2026-06-08T12:27:50.0000000Z;26.185;26.275;202;1903
2026-06-08T12:27:52.0000000Z;26.18;26.295;1910;661
2026-06-08T12:27:56.0000000Z;26.185;26.3;202;1902
2026-06-08T12:30:15.0000000Z;26.185;26.295;202;202
2026-06-08T12:31:05.0000000Z;26.19;26.295;644;202
2026-06-08T12:31:12.0000000Z;26.185;26.295;1910;202
2026-06-08T12:31:30.0000000Z;26.19;26.295;644;202
2026-06-08T12:31:32.0000000Z;26.19;26.295;644;202
2026-06-08T12:32:03.0000000Z;26.185;26.19;202;1356
2026-06-08T12:32:12.0000000Z;26.18;26.195;1910;1909
2026-06-08T12:32:18.0000000Z;26.155;26.19;661;1154
2026-06-08T12:32:20.0000000Z;26.155;26.19;661;955
2026-06-08T12:32:23.0000000Z;25.895;26.19;45;955
2026-06-08T12:32:25.0000000Z;25.89;26.195;45;955
2026-06-08T12:32:37.0000000Z;25.895;26.615;45;97
2026-06-08T12:32:39.0000000Z;25.895;26.615;45;97
2026-06-08T12:32:42.0000000Z;25.895;26.615;45;97
2026-06-08T12:32:43.0000000Z;25.89;26.195;45;955
2026-06-08T12:32:46.0000000Z;25.89;26.62;45;97
2026-06-08T12:33:21.0000000Z;25.895;26.615;45;97
2026-06-08T12:33:26.0000000Z;25.895;26.62;45;97
2026-06-08T12:33:31.0000000Z;25.895;26.62;45;97
2026-06-08T12:34:22.0000000Z;25.895;26.615;45;97
2026-06-08T12:34:45.0000000Z;25.895;26.615;45;97
2026-06-08T12:34:52.0000000Z;25.895;26.615;45;97
2026-06-08T12:34:53.0000000Z;25.895;26.615;45;97
2026-06-08T12:35:40.0000000Z;25.895;26.62;45;97
2026-06-08T12:36:04.0000000Z;25.895;26.62;45;97
2026-06-08T12:36:05.0000000Z;25.895;26.62;45;97
2026-06-08T12:37:00.0000000Z;25.895;26.62;45;97
2026-06-08T12:37:02.0000000Z;26.22;26.33;202;202
2026-06-08T12:37:08.0000000Z;26.215;26.335;1908;1899
2026-06-08T12:39:59.0000000Z;26.22;26.33;202;202
2026-06-08T12:39:59.0000000Z;26.22;26.33;202;202
2026-06-08T12:40:01.0000000Z;26.22;26.33;202;202
2026-06-08T12:40:52.0000000Z;26.22;26.33;202;202
2026-06-08T12:41:24.0000000Z;26.22;26.33;202;202
2026-06-08T12:42:33.0000000Z;26.22;26.33;202;202
2026-06-08T12:42:39.0000000Z;26.165;26.38;661;661
2026-06-08T12:42:40.0000000Z;26.165;26.38;661;4761
2026-06-08T12:42:41.0000000Z;26.215;26.325;202;202
2026-06-08T12:42:55.0000000Z;26.21;26.33;1908;1899
2026-06-08T12:43:30.0000000Z;26.215;26.325;202;202
2026-06-08T12:45:07.0000000Z;26.215;26.325;202;202
2026-06-08T12:47:35.0000000Z;26.22;26.325;76;202
2026-06-08T12:47:43.0000000Z;26.215;26.33;76;202
2026-06-08T12:47:55.0000000Z;26.22;26.325;76;202
2026-06-08T12:47:57.0000000Z;26.22;26.325;76;202
2026-06-08T12:51:39.0000000Z;26.22;26.325;86;202
2026-06-08T12:51:46.0000000Z;26.215;26.325;86;202
2026-06-08T12:57:49.0000000Z;26.22;26.325;86;202
2026-06-08T13:00:20.0000000Z;26.22;26.325;86;202
2026-06-08T13:00:23.0000000Z;26.17;26.385;111;4100
2026-06-08T13:00:24.0000000Z;26.225;26.33;111;202
2026-06-08T13:00:29.0000000Z;26.225;26.33;111;202
2026-06-08T13:00:34.0000000Z;26.225;26.33;111;202
2026-06-08T13:00:37.0000000Z;26.22;26.335;1907;1899
2026-06-08T13:02:30.0000000Z;26.225;26.33;111;202
2026-06-08T13:02:32.0000000Z;26.225;26.33;111;202
2026-06-08T13:03:25.0000000Z;26.245;26.355;202;202
2026-06-08T13:03:26.0000000Z;26.245;26.355;202;863
2026-06-08T13:03:28.0000000Z;26.245;26.355;202;202
2026-06-08T13:03:33.0000000Z;26.24;26.36;1906;1897
2026-06-08T13:04:24.0000000Z;26.245;26.355;202;202
2026-06-08T13:04:27.0000000Z;26.245;26.355;202;202
2026-06-08T13:20:50.0000000Z;26.245;26.355;202;202
2026-06-08T13:20:52.0000000Z;26.245;26.355;202;202
2026-06-08T13:21:53.0000000Z;26.245;26.355;202;202
2026-06-08T13:22:15.0000000Z;26.245;26.355;202;202
2026-06-08T13:28:05.0000000Z;26.245;26.355;202;202
2026-06-08T13:29:04.0000000Z;26.005;26.55;111;97
2026-06-08T13:29:06.0000000Z;26.005;26.555;111;4100
2026-06-08T13:29:13.0000000Z;26;26.56;1924;1883
2026-06-08T13:31:09.0000000Z;26.005;26.555;111;4100
2026-06-08T13:31:15.0000000Z;26.005;26.555;111;4100
2026-06-08T13:31:55.0000000Z;26.005;26.555;111;4100
2026-06-08T13:31:56.0000000Z;26.005;26.55;111;661
2026-06-08T13:31:57.0000000Z;25.9;26.415;661;4100
2026-06-08T13:31:58.0000000Z;25.97;26.415;772;4100
2026-06-08T13:32:00.0000000Z;25.97;26.415;772;4100
2026-06-08T13:32:01.0000000Z;25.97;26.415;772;4100
2026-06-08T13:32:07.0000000Z;25.965;26.42;1926;1893
2026-06-08T13:32:33.0000000Z;25.965;26.415;1926;4100
2026-06-08T13:32:34.0000000Z;25.935;26.415;661;4100
2026-06-08T13:32:35.0000000Z;25.965;26.415;772;4100
2026-06-08T13:32:39.0000000Z;25.965;26.415;772;4100
2026-06-08T13:32:45.0000000Z;25.965;26.415;661;4100
2026-06-08T13:32:46.0000000Z;25.965;26.415;772;4100
2026-06-08T13:32:47.0000000Z;25.96;26.415;1927;4100
2026-06-08T13:32:53.0000000Z;25.965;26.415;772;4100
2026-06-08T13:32:56.0000000Z;25.875;26.415;772;4100
2026-06-08T13:33:01.0000000Z;25.875;26.415;772;4100
2026-06-08T13:33:09.0000000Z;25.87;26.415;1933;4100
2026-06-08T13:33:33.0000000Z;25.875;26.415;772;4100
2026-06-08T13:33:39.0000000Z;25.875;26.415;772;4100
2026-06-08T13:34:05.0000000Z;25.87;26.18;1933;4100
2026-06-08T13:34:06.0000000Z;26.015;26.125;202;202
2026-06-08T13:34:07.0000000Z;26.015;26.125;202;202
2026-06-08T13:34:08.0000000Z;26.015;26.125;202;202
2026-06-08T13:34:20.0000000Z;26.01;26.13;1923;1914
2026-06-08T13:35:00.0000000Z;25.985;26.095;202;202
2026-06-08T13:35:01.0000000Z;25.99;26.095;111;202
2026-06-08T13:35:13.0000000Z;25.985;26.1;1925;1916
2026-06-08T13:35:44.0000000Z;26.015;26.12;111;202
2026-06-08T13:35:59.0000000Z;26.01;26.125;1923;1914
2026-06-08T13:36:01.0000000Z;26.035;26.145;313;863
2026-06-08T13:36:04.0000000Z;26.035;26.145;313;202
2026-06-08T13:36:14.0000000Z;26.03;26.15;1921;1913
2026-06-08T13:36:42.0000000Z;26.03;26.15;1921;1913
2026-06-08T13:36:43.0000000Z;26.035;26.145;313;863
2026-06-08T13:37:01.0000000Z;26.035;26.145;313;202
2026-06-08T13:37:12.0000000Z;26.035;26.145;313;202
2026-06-08T13:37:42.0000000Z;26.035;26.145;313;661
2026-06-08T13:38:16.0000000Z;26.035;26.15;313;1913
2026-06-08T13:38:31.0000000Z;26.06;26.17;202;863
2026-06-08T13:38:43.0000000Z;26.055;26.17;1920;661
2026-06-08T13:38:44.0000000Z;26.035;26.14;111;202
2026-06-08T13:38:56.0000000Z;26.03;26.145;1921;1913
2026-06-08T13:39:48.0000000Z;26.035;26.14;111;863
2026-06-08T13:39:49.0000000Z;26.005;26.11;111;202
2026-06-08T13:39:53.0000000Z;26.005;26.11;111;202
2026-06-08T13:40:01.0000000Z;26;26.115;1924;1915
2026-06-08T13:40:36.0000000Z;26.03;26.135;111;202
2026-06-08T13:40:51.0000000Z;26.025;26.14;1922;1913
2026-06-08T13:41:25.0000000Z;26.05;26.16;202;202
2026-06-08T13:41:39.0000000Z;26.045;26.165;1920;1911
2026-06-08T13:42:38.0000000Z;26.055;26.16;111;202
2026-06-08T13:42:39.0000000Z;26.075;26.16;202;202
2026-06-08T13:42:40.0000000Z;26.08;26.185;111;863
2026-06-08T13:42:49.0000000Z;26.075;26.19;1918;1910
2026-06-08T13:43:07.0000000Z;26.075;26.185;1918;661
2026-06-08T13:43:09.0000000Z;26.08;26.185;111;202
2026-06-08T13:44:09.0000000Z;26.08;26.185;111;202
2026-06-08T13:44:17.0000000Z;26.05;26.155;111;202
2026-06-08T13:44:31.0000000Z;26.045;26.16;1920;1912
2026-06-08T13:44:33.0000000Z;26.075;26.18;111;863
2026-06-08T13:44:37.0000000Z;26.075;26.16;111;1912
2026-06-08T13:44:44.0000000Z;26.07;26.185;1918;1910
2026-06-08T13:44:51.0000000Z;26.075;26.18;111;661
2026-06-08T13:44:52.0000000Z;26.045;26.15;111;202
2026-06-08T13:44:56.0000000Z;26.045;26.185;111;1910
2026-06-08T13:44:59.0000000Z;26.065;26.15;202;202
2026-06-08T13:44:59.0000000Z;26.07;26.175;111;202
2026-06-08T13:45:03.0000000Z;26.065;26.18;1919;1910
2026-06-08T13:45:26.0000000Z;26.095;26.2;111;202
2026-06-08T13:45:38.0000000Z;26.09;26.205;1917;1909
2026-06-08T13:46:11.0000000Z;26.115;26.225;202;202
2026-06-08T13:46:23.0000000Z;26.11;26.23;1915;1907
2026-06-08T13:46:35.0000000Z;26.115;26.23;1915;1907
2026-06-08T13:47:07.0000000Z;26.12;26.225;111;202
2026-06-08T13:47:38.0000000Z;26.12;26.225;111;202
2026-06-08T13:48:03.0000000Z;26.12;26.225;111;202
2026-06-08T13:48:14.0000000Z;26.12;26.225;311;202
2026-06-08T13:48:39.0000000Z;26.09;26.195;311;202
2026-06-08T13:48:51.0000000Z;26.09;26.195;311;202
2026-06-08T13:49:29.0000000Z;26.09;26.195;311;202
2026-06-08T13:49:58.0000000Z;26.09;26.195;311;202
2026-06-08T13:50:37.0000000Z;26.09;26.195;311;202
2026-06-08T13:50:49.0000000Z;26.085;26.195;513;863
2026-06-08T13:50:50.0000000Z;26.06;26.165;311;202
2026-06-08T13:50:53.0000000Z;26.06;26.2;311;1909
2026-06-08T13:51:01.0000000Z;26.055;26.17;1920;1911
2026-06-08T13:51:33.0000000Z;26.085;26.19;311;202
2026-06-08T13:51:45.0000000Z;26.08;26.195;1918;1909
2026-06-08T13:52:51.0000000Z;26.105;26.215;202;202
2026-06-08T13:53:02.0000000Z;26.11;26.215;311;202
2026-06-08T13:53:03.0000000Z;26.1;26.22;1916;1907
2026-06-08T13:53:17.0000000Z;26.105;26.22;1916;1907
2026-06-08T13:53:28.0000000Z;26.11;26.215;311;202
2026-06-08T13:53:31.0000000Z;26.11;26.215;311;202
2026-06-08T13:53:32.0000000Z;26.13;26.22;202;1907
2026-06-08T13:53:33.0000000Z;26.135;26.24;311;863
2026-06-08T13:53:37.0000000Z;26.135;26.22;311;1907
2026-06-08T13:53:44.0000000Z;26.13;26.245;1914;1906
2026-06-08T13:54:49.0000000Z;26.105;26.21;311;202
2026-06-08T13:54:51.0000000Z;26.105;26.21;311;202
2026-06-08T13:55:02.0000000Z;26.1;26.215;1916;1908
2026-06-08T13:56:00.0000000Z;26.075;26.18;311;202
2026-06-08T13:56:06.0000000Z;26.075;26.18;311;202
2026-06-08T13:56:14.0000000Z;26.07;26.185;1918;1910
2026-06-08T13:56:15.0000000Z;26.075;26.18;311;202
2026-06-08T13:57:17.0000000Z;26.075;26.18;311;863
2026-06-08T13:57:18.0000000Z;26.045;26.15;311;202
2026-06-08T13:57:22.0000000Z;26.045;26.15;311;202
2026-06-08T13:57:30.0000000Z;26.04;26.155;1921;1912
2026-06-08T13:57:34.0000000Z;26.045;26.15;311;202
2026-06-08T13:57:35.0000000Z;26.045;26.15;311;661
2026-06-08T13:57:36.0000000Z;26.045;26.12;311;202
2026-06-08T13:57:37.0000000Z;26.015;26.12;311;202
2026-06-08T13:57:39.0000000Z;26.015;26.12;311;202
2026-06-08T13:57:49.0000000Z;26.01;26.125;1923;1914
2026-06-08T13:57:55.0000000Z;26.015;26.12;311;202
2026-06-08T13:58:22.0000000Z;26.015;26.12;311;863
2026-06-08T13:58:24.0000000Z;25.985;26.09;311;202
2026-06-08T13:58:27.0000000Z;25.985;26.09;311;202
2026-06-08T13:58:37.0000000Z;25.98;26.095;1925;1917
2026-06-08T13:59:05.0000000Z;26.01;26.115;311;202
2026-06-08T13:59:19.0000000Z;26.005;26.12;1923;1915
2026-06-08T13:59:31.0000000Z;26.01;26.115;311;202
2026-06-08T13:59:50.0000000Z;26.01;26.115;311;863
2026-06-08T13:59:53.0000000Z;25.98;26.085;311;202
2026-06-08T14:00:06.0000000Z;25.975;26.09;1925;1917
2026-06-08T14:00:11.0000000Z;26.005;26.11;311;863
2026-06-08T14:00:17.0000000Z;26.005;26.09;311;1917
2026-06-08T14:00:24.0000000Z;26;26.11;1924;661
2026-06-08T14:00:29.0000000Z;26.005;26.115;311;1915
2026-06-08T14:01:53.0000000Z;26.025;26.135;202;202
2026-06-08T14:01:54.0000000Z;26.03;26.135;311;202
2026-06-08T14:01:55.0000000Z;26.03;26.135;311;202
2026-06-08T14:01:56.0000000Z;26.03;26.135;311;202
2026-06-08T14:01:57.0000000Z;26.03;26.135;311;202
2026-06-08T14:02:09.0000000Z;26.025;26.14;1922;1913
2026-06-08T14:03:09.0000000Z;26;26.105;311;202
2026-06-08T14:03:19.0000000Z;26.025;26.13;311;202
2026-06-08T14:03:23.0000000Z;26.02;26.135;1922;1914
2026-06-08T14:04:12.0000000Z;25.995;26.1;311;202
2026-06-08T14:04:25.0000000Z;25.99;26.105;1924;1916
2026-06-08T14:05:53.0000000Z;25.965;26.07;972;202
2026-06-08T14:06:03.0000000Z;25.99;26.095;311;202
2026-06-08T14:06:15.0000000Z;25.985;26.1;1925;1916
2026-06-08T14:06:36.0000000Z;26.015;26.12;311;863
2026-06-08T14:06:38.0000000Z;26.015;26.12;311;202
2026-06-08T14:06:47.0000000Z;26.01;26.125;1923;1914
2026-06-08T14:06:53.0000000Z;26.035;26.145;202;863
2026-06-08T14:07:03.0000000Z;26.03;26.15;1921;1913
2026-06-08T14:07:41.0000000Z;26.035;26.145;202;863
2026-06-08T14:08:19.0000000Z;26.01;26.115;311;202
2026-06-08T14:08:26.0000000Z;26.01;26.115;311;863
2026-06-08T14:08:30.0000000Z;26.005;26.12;1923;1915
2026-06-08T14:08:54.0000000Z;26.01;26.115;311;202
2026-06-08T14:09:03.0000000Z;26.01;26.115;311;202
2026-06-08T14:09:06.0000000Z;26.03;26.135;202;661
2026-06-08T14:09:16.0000000Z;26.025;26.14;1922;2574
2026-06-08T14:09:28.0000000Z;26.03;26.14;513;202
2026-06-08T14:09:36.0000000Z;26.03;26.145;513;1913
2026-06-08T14:10:11.0000000Z;26.03;26.14;513;202
2026-06-08T14:10:14.0000000Z;26.03;26.14;513;202
2026-06-08T14:10:37.0000000Z;26.03;26.14;202;863
2026-06-08T14:11:00.0000000Z;26.03;26.14;202;661
2026-06-08T14:11:52.0000000Z;26.03;26.14;513;202
2026-06-08T14:12:38.0000000Z;26.03;26.14;202;863
2026-06-08T14:13:46.0000000Z;26.03;26.14;513;202
2026-06-08T14:13:51.0000000Z;26.03;26.14;513;202
2026-06-08T14:13:53.0000000Z;26.03;26.14;513;202
2026-06-08T14:14:12.0000000Z;26.03;26.14;513;202
2026-06-08T14:14:17.0000000Z;26.055;26.165;202;4302
2026-06-08T14:14:18.0000000Z;26.06;26.165;311;202
2026-06-08T14:14:24.0000000Z;26.06;26.165;311;863
2026-06-08T14:14:30.0000000Z;26.055;26.17;1920;1911
2026-06-08T14:14:36.0000000Z;26.03;26.135;311;202
2026-06-08T14:14:49.0000000Z;26.025;26.14;1922;1913
2026-06-08T14:15:10.0000000Z;26.03;26.135;311;202
2026-06-08T14:15:11.0000000Z;26.03;26.135;311;202
2026-06-08T14:15:13.0000000Z;26.03;26.135;311;202
2026-06-08T14:15:49.0000000Z;26.03;26.135;311;863
2026-06-08T14:15:50.0000000Z;26;26.105;311;202
2026-06-08T14:15:51.0000000Z;26;26.105;311;202
2026-06-08T14:15:52.0000000Z;26;26.105;311;202
2026-06-08T14:15:55.0000000Z;26;26.105;311;202
2026-06-08T14:16:01.0000000Z;25.995;26.11;1924;1915
2026-06-08T14:18:02.0000000Z;26;26.105;311;202
2026-06-08T14:18:07.0000000Z;26;26.105;972;202
2026-06-08T14:18:08.0000000Z;26.025;26.13;311;202
2026-06-08T14:18:12.0000000Z;26.025;26.13;311;202
2026-06-08T14:18:21.0000000Z;26.02;26.135;1922;1914
2026-06-08T14:18:33.0000000Z;25.995;26.1;324;202
2026-06-08T14:18:45.0000000Z;25.99;26.105;1924;1916
2026-06-08T14:20:16.0000000Z;25.995;26.1;324;202
2026-06-08T14:20:28.0000000Z;26.02;26.125;324;202
2026-06-08T14:20:37.0000000Z;26.015;26.13;1922;1914
2026-06-08T14:20:52.0000000Z;25.99;26.095;324;202
2026-06-08T14:21:03.0000000Z;25.99;26.095;324;202
2026-06-08T14:21:05.0000000Z;25.985;26.1;1925;1916
2026-06-08T14:21:15.0000000Z;25.99;26.095;324;202
2026-06-08T14:21:57.0000000Z;25.99;26.095;324;202
2026-06-08T14:23:28.0000000Z;26.015;26.12;324;863
2026-06-08T14:23:39.0000000Z;26.01;26.12;1923;661
2026-06-08T14:23:50.0000000Z;26.015;26.125;324;1914
2026-06-08T14:24:06.0000000Z;26.035;26.145;202;863
2026-06-08T14:24:14.0000000Z;26.035;26.125;202;1914
2026-06-08T14:24:15.0000000Z;26.035;26.145;202;202
2026-06-08T14:24:17.0000000Z;26.03;26.15;1921;1913
2026-06-08T14:25:35.0000000Z;26.04;26.145;324;202
2026-06-08T14:25:37.0000000Z;26.065;26.17;324;202
2026-06-08T14:25:44.0000000Z;26.065;26.17;324;202
2026-06-08T14:25:47.0000000Z;26.06;26.175;1919;1911
2026-06-08T14:26:19.0000000Z;26.09;26.195;324;202
2026-06-08T14:26:24.0000000Z;26.085;26.195;202;202
2026-06-08T14:26:33.0000000Z;26.08;26.2;1918;1909
2026-06-08T14:28:18.0000000Z;26.085;26.195;202;863
2026-06-08T14:28:19.0000000Z;26.06;26.165;324;202
2026-06-08T14:28:31.0000000Z;26.055;26.17;1920;1911
2026-06-08T14:29:13.0000000Z;26.06;26.165;324;202
2026-06-08T14:29:49.0000000Z;26.08;26.19;202;202
2026-06-08T14:29:59.0000000Z;26.075;26.195;1918;1909
2026-06-08T14:30:08.0000000Z;26.08;26.19;202;202
2026-06-08T14:30:34.0000000Z;26.085;26.19;324;202
2026-06-08T14:30:39.0000000Z;26.085;26.19;324;202
2026-06-08T14:30:44.0000000Z;26.11;26.215;324;202
2026-06-08T14:30:53.0000000Z;26.105;26.22;1916;1907
2026-06-08T14:31:25.0000000Z;26.11;26.215;324;202
2026-06-08T14:34:40.0000000Z;26.13;26.235;202;661
2026-06-08T14:34:41.0000000Z;26.13;26.22;202;1907
2026-06-08T14:34:48.0000000Z;26.125;26.245;1914;1906
2026-06-08T14:35:41.0000000Z;26.135;26.24;324;202
2026-06-08T14:35:44.0000000Z;26.16;26.265;324;863
2026-06-08T14:35:53.0000000Z;26.155;26.27;1912;1904
2026-06-08T14:36:03.0000000Z;26.16;26.265;324;202
2026-06-08T14:36:10.0000000Z;26.16;26.265;324;202
2026-06-08T14:36:22.0000000Z;26.16;26.265;324;202
2026-06-08T14:36:23.0000000Z;26.16;26.265;324;202
2026-06-08T14:36:24.0000000Z;26.16;26.265;324;202
2026-06-08T14:36:25.0000000Z;26.18;26.29;526;202
2026-06-08T14:36:36.0000000Z;26.175;26.295;1911;1902
2026-06-08T14:37:40.0000000Z;26.155;26.26;985;202
2026-06-08T14:37:46.0000000Z;26.155;26.26;324;202
2026-06-08T14:37:53.0000000Z;26.15;26.265;1913;1904
2026-06-08T14:38:48.0000000Z;26.155;26.26;985;202
2026-06-08T14:38:49.0000000Z;26.18;26.285;324;202
2026-06-08T14:38:53.0000000Z;26.18;26.285;324;202
2026-06-08T14:38:57.0000000Z;26.175;26.29;1911;1902
2026-06-08T14:39:27.0000000Z;26.18;26.285;324;202
2026-06-08T14:39:50.0000000Z;26.18;26.285;324;202
2026-06-08T14:39:51.0000000Z;26.18;26.29;202;202
2026-06-08T14:39:52.0000000Z;26.185;26.29;324;202
2026-06-08T14:39:58.0000000Z;26.185;26.29;324;202
2026-06-08T14:40:10.0000000Z;26.18;26.295;1910;1902
2026-06-08T14:42:03.0000000Z;26.185;26.29;324;202
2026-06-08T14:42:05.0000000Z;26.185;26.285;324;661
2026-06-08T14:42:08.0000000Z;26.155;26.26;324;202
2026-06-08T14:42:10.0000000Z;26.155;26.26;324;202
2026-06-08T14:42:16.0000000Z;26.15;26.265;1913;1904
2026-06-08T14:42:43.0000000Z;26.155;26.26;324;202
2026-06-08T14:42:45.0000000Z;26.155;26.255;324;661
2026-06-08T14:42:46.0000000Z;26.125;26.23;324;202
2026-06-08T14:42:50.0000000Z;26.125;26.265;324;1904
2026-06-08T14:42:53.0000000Z;26.12;26.235;1915;1906
2026-06-08T14:44:27.0000000Z;26.125;26.23;324;202
2026-06-08T14:44:43.0000000Z;26.15;26.255;324;863
2026-06-08T14:44:48.0000000Z;26.15;26.235;324;1906
2026-06-08T14:44:54.0000000Z;26.145;26.255;1913;661
2026-06-08T14:45:03.0000000Z;26.15;26.26;324;1905
2026-06-08T14:46:08.0000000Z;26.17;26.28;202;863
2026-06-08T14:46:18.0000000Z;26.165;26.285;1911;1903
2026-06-08T14:46:20.0000000Z;26.17;26.28;202;202
2026-06-08T14:46:21.0000000Z;26.175;26.28;324;202
2026-06-08T14:46:32.0000000Z;26.17;26.28;1911;202
2026-06-08T14:46:45.0000000Z;26.175;26.28;324;202
2026-06-08T14:46:46.0000000Z;26.175;26.28;324;202
2026-06-08T14:46:51.0000000Z;26.175;26.28;324;202
2026-06-08T14:46:52.0000000Z;26.2;26.305;319;202
2026-06-08T14:47:05.0000000Z;26.195;26.31;1909;1901
2026-06-08T14:47:06.0000000Z;26.2;26.305;319;207
2026-06-08T14:47:09.0000000Z;26.2;26.305;319;207
2026-06-08T14:47:11.0000000Z;26.2;26.305;319;217
2026-06-08T14:47:13.0000000Z;26.2;26.305;319;217
2026-06-08T14:47:16.0000000Z;26.2;26.305;319;222
2026-06-08T14:47:19.0000000Z;26.2;26.305;319;222
2026-06-08T14:47:21.0000000Z;26.2;26.305;319;222
2026-06-08T14:47:51.0000000Z;26.2;26.305;319;222
2026-06-08T14:47:57.0000000Z;26.2;26.305;319;222
2026-06-08T14:48:04.0000000Z;26.2;26.305;319;222
2026-06-08T14:48:06.0000000Z;26.2;26.305;319;260
2026-06-08T14:48:11.0000000Z;26.2;26.305;319;263
2026-06-08T14:48:58.0000000Z;26.2;26.305;319;263
2026-06-08T14:49:15.0000000Z;26.2;26.305;319;263
2026-06-08T14:50:00.0000000Z;26.2;26.305;319;263
2026-06-08T14:50:03.0000000Z;26.2;26.305;319;263
2026-06-08T14:50:06.0000000Z;26.2;26.305;319;296
2026-06-08T14:50:11.0000000Z;26.2;26.305;319;298
2026-06-08T14:50:28.0000000Z;26.17;26.275;319;298
2026-06-08T14:50:39.0000000Z;26.165;26.28;1911;1903
2026-06-08T14:51:33.0000000Z;26.195;26.3;319;202
2026-06-08T14:51:42.0000000Z;26.19;26.305;1910;1901
2026-06-08T14:52:03.0000000Z;26.195;26.3;319;298
2026-06-08T14:52:25.0000000Z;26.215;26.325;521;202
2026-06-08T14:52:34.0000000Z;26.21;26.33;1908;1899
2026-06-08T14:52:55.0000000Z;26.215;26.325;521;298
2026-06-08T14:55:46.0000000Z;26.19;26.295;319;298
2026-06-08T14:55:54.0000000Z;26.185;26.3;1910;1902
2026-06-08T14:56:10.0000000Z;26.19;26.295;319;298
2026-06-08T14:56:12.0000000Z;26.19;26.295;319;298
2026-06-08T14:56:23.0000000Z;26.19;26.295;319;298
2026-06-08T14:57:23.0000000Z;26.19;26.295;319;298
2026-06-08T14:58:14.0000000Z;26.24;26.295;384;298
2026-06-08T14:58:16.0000000Z;26.24;26.295;384;298
2026-06-08T14:58:21.0000000Z;26.235;26.295;1906;298
2026-06-08T14:58:26.0000000Z;26.24;26.295;384;298
2026-06-08T14:58:27.0000000Z;26.24;26.32;384;202
2026-06-08T14:58:35.0000000Z;26.24;26.325;384;1900
2026-06-08T14:58:57.0000000Z;26.24;26.32;384;298
2026-06-08T14:59:23.0000000Z;26.24;26.32;384;298
