2026-06-08T11:42:50.0000000Z;94.23;95.23;3000;3000
2026-06-08T12:06:05.0000000Z;94.23;131;3000;724
2026-06-08T12:06:07.0000000Z;94.23;131;3000;724
2026-06-08T12:13:03.0000000Z;94.23;95.23;3000;3000
2026-06-08T12:13:54.0000000Z;94.23;131;3000;724
2026-06-08T12:15:29.0000000Z;94.23;131;3000;724
2026-06-08T12:24:40.0000000Z;94.23;131;3000;724
2026-06-08T12:37:28.0000000Z;94.23;131;3000;724
2026-06-08T12:39:59.0000000Z;94.23;131;3000;4
2026-06-08T12:39:59.0000000Z;94.23;131;3000;724
2026-06-08T12:42:33.0000000Z;94.23;131;3000;724
2026-06-08T12:46:53.0000000Z;94.23;131;3000;724
2026-06-08T13:00:19.0000000Z;94.23;131;3000;724
2026-06-08T13:03:35.0000000Z;94.23;131;3000;724
2026-06-08T13:04:02.0000000Z;94.23;131;3000;724
2026-06-08T13:09:19.0000000Z;94.23;131;3000;724
2026-06-08T13:11:46.0000000Z;94.23;131;3000;724
2026-06-08T13:25:30.0000000Z;94.23;131;3000;724
2026-06-08T13:26:52.0000000Z;94.23;131;3000;4
2026-06-08T14:09:52.0000000Z;94.23;131;3000;724
2026-06-08T14:11:25.0000000Z;94.23;131;3000;724
2026-06-08T14:13:30.0000000Z;94.23;131;3000;724
2026-06-08T14:14:53.0000000Z;94.23;131;3000;4
