2026-06-08T08:00:00.0000000Z;9.6568;9.6638;5693;943
2026-06-08T08:00:01.0000000Z;9.6568;9.6638;5693;943
2026-06-08T08:00:04.0000000Z;9.657;9.6638;4484;53000
2026-06-08T08:00:10.0000000Z;9.6568;9.6638;5693;943
2026-06-08T08:00:15.0000000Z;9.6568;9.6638;5693;943
2026-06-08T08:00:29.0000000Z;9.6568;9.6638;943;943
2026-06-08T08:00:30.0000000Z;9.6568;9.6636;943;4484
2026-06-08T08:00:31.0000000Z;9.6568;9.6638;943;53000
2026-06-08T08:00:57.0000000Z;9.6568;9.6636;943;4484
2026-06-08T08:01:03.0000000Z;9.6568;9.6638;943;53000
2026-06-08T08:01:09.0000000Z;9.6568;9.6636;943;4484
2026-06-08T08:01:11.0000000Z;9.6568;9.6638;943;53000
2026-06-08T08:01:30.0000000Z;9.6568;9.6636;53000;4484
2026-06-08T08:01:31.0000000Z;9.657;9.6636;4484;4484
2026-06-08T08:01:50.0000000Z;9.6568;9.6638;943;943
2026-06-08T08:02:09.0000000Z;9.6568;9.6638;53000;943
2026-06-08T08:02:59.0000000Z;9.6568;9.6638;943;5693
2026-06-08T08:02:59.0000000Z;9.6568;9.6638;943;5693
2026-06-08T08:03:10.0000000Z;9.655;9.662;943;943
2026-06-08T08:03:11.0000000Z;9.6568;9.662;53000;53000
2026-06-08T08:03:13.0000000Z;9.6566;9.662;2589;943
2026-06-08T08:03:20.0000000Z;9.655;9.662;5693;943
2026-06-08T08:03:22.0000000Z;9.655;9.6984;4750;1793
2026-06-08T08:03:23.0000000Z;9.655;9.662;4750;53000
2026-06-08T08:03:24.0000000Z;9.656;9.662;53000;53000
2026-06-08T08:03:25.0000000Z;9.656;9.6622;53000;2588
2026-06-08T08:03:29.0000000Z;9.656;9.6628;943;943
2026-06-08T08:03:32.0000000Z;9.656;9.6626;53000;4484
2026-06-08T08:03:49.0000000Z;9.6562;9.6626;4484;4484
2026-06-08T08:03:50.0000000Z;9.656;9.6628;943;943
2026-06-08T08:03:56.0000000Z;9.656;9.6628;53000;943
2026-06-08T08:04:08.0000000Z;9.6544;9.6612;4750;943
2026-06-08T08:04:09.0000000Z;9.6544;9.6612;4750;53000
2026-06-08T08:04:11.0000000Z;9.6558;9.6612;2590;53000
2026-06-08T08:04:13.0000000Z;9.6544;9.6952;4750;1793
2026-06-08T08:04:14.0000000Z;9.6544;9.6612;4750;53000
2026-06-08T08:04:15.0000000Z;9.6554;9.6624;943;943
2026-06-08T08:04:16.0000000Z;9.6558;9.6612;2590;53000
2026-06-08T08:04:17.0000000Z;9.6554;9.6624;5693;943
2026-06-08T08:04:19.0000000Z;9.6554;9.6624;5693;943
2026-06-08T08:05:09.0000000Z;9.6554;9.6624;5693;943
2026-06-08T08:07:34.0000000Z;9.6554;9.6624;5693;943
2026-06-08T08:08:21.0000000Z;9.6556;9.6626;4484;2588
2026-06-08T08:09:58.0000000Z;9.6554;9.6624;5693;943
2026-06-08T08:10:00.0000000Z;9.6586;9.6656;943;943
2026-06-08T08:10:02.0000000Z;9.6586;9.6656;943;5693
2026-06-08T08:10:05.0000000Z;9.6562;9.663;943;943
2026-06-08T08:10:13.0000000Z;9.6564;9.6632;4484;2588
2026-06-08T08:10:21.0000000Z;9.656;9.6628;2590;4484
2026-06-08T08:10:27.0000000Z;9.6562;9.663;943;5693
2026-06-08T08:10:33.0000000Z;9.6562;9.663;943;5693
2026-06-08T08:10:35.0000000Z;9.6544;9.6614;943;943
2026-06-08T08:10:37.0000000Z;9.656;9.6614;2590;943
2026-06-08T08:10:47.0000000Z;9.6544;9.6614;943;943
2026-06-08T08:10:48.0000000Z;9.6544;9.6614;5693;943
2026-06-08T08:10:52.0000000Z;9.6578;9.6646;53000;4750
2026-06-08T08:10:54.0000000Z;9.6598;9.6646;943;4750
2026-06-08T08:10:55.0000000Z;9.6598;9.6616;943;2588
2026-06-08T08:10:56.0000000Z;9.6568;9.6638;943;943
2026-06-08T08:10:57.0000000Z;9.6598;9.6616;53000;2588
2026-06-08T08:10:58.0000000Z;9.6568;9.6638;943;5693
2026-06-08T08:10:59.0000000Z;9.6568;9.6638;53000;5693
2026-06-08T08:11:02.0000000Z;9.6548;9.6618;943;943
2026-06-08T08:11:03.0000000Z;9.6568;9.6618;53000;53000
2026-06-08T08:11:05.0000000Z;9.655;9.6618;4484;53000
2026-06-08T08:11:06.0000000Z;9.6566;9.6636;943;5693
2026-06-08T08:11:09.0000000Z;9.6566;9.662;943;2588
2026-06-08T08:11:10.0000000Z;9.6546;9.6614;943;943
2026-06-08T08:11:13.0000000Z;9.6548;9.6614;4484;943
2026-06-08T08:11:14.0000000Z;9.6566;9.6636;943;943
2026-06-08T08:11:17.0000000Z;9.6566;9.6616;943;2588
2026-06-08T08:11:21.0000000Z;9.6566;9.6634;53000;4484
2026-06-08T08:11:25.0000000Z;9.6566;9.6636;943;5693
2026-06-08T08:11:28.0000000Z;9.6546;9.6616;943;943
2026-06-08T08:11:31.0000000Z;9.6564;9.6616;2589;943
2026-06-08T08:11:32.0000000Z;9.6566;9.6636;943;5693
2026-06-08T08:11:33.0000000Z;9.6566;9.6616;53000;53000
2026-06-08T08:11:35.0000000Z;9.6566;9.6634;943;4484
2026-06-08T08:11:37.0000000Z;9.6546;9.6616;943;943
2026-06-08T08:11:39.0000000Z;9.6564;9.6616;2589;943
2026-06-08T08:11:40.0000000Z;9.6546;9.6616;5693;943
2026-06-08T08:11:41.0000000Z;9.6566;9.6636;943;943
2026-06-08T08:11:42.0000000Z;9.6566;9.6636;53000;943
2026-06-08T08:11:43.0000000Z;9.6584;9.6652;943;4750
2026-06-08T08:11:44.0000000Z;9.6584;9.6636;53000;53000
2026-06-08T08:11:45.0000000Z;9.6556;9.6626;943;53000
2026-06-08T08:11:47.0000000Z;9.6582;9.6626;2589;53000
2026-06-08T08:11:48.0000000Z;9.6556;9.6626;943;943
2026-06-08T08:11:49.0000000Z;9.6556;9.6626;5693;943
2026-06-08T08:11:50.0000000Z;9.6556;9.6626;5693;943
2026-06-08T08:11:53.0000000Z;9.6558;9.6626;4484;53000
2026-06-08T08:11:55.0000000Z;9.6556;9.6626;5693;943
2026-06-08T08:11:58.0000000Z;9.6556;9.6626;5693;943
2026-06-08T08:12:00.0000000Z;9.6556;9.6608;4750;943
2026-06-08T08:12:03.0000000Z;9.6556;9.6608;4750;943
2026-06-08T08:12:05.0000000Z;9.6556;9.6608;4750;943
2026-06-08T08:12:08.0000000Z;9.6556;9.6608;4750;943
2026-06-08T08:12:09.0000000Z;9.6556;9.6608;4750;53000
2026-06-08T08:12:10.0000000Z;9.6556;9.6608;4750;943
2026-06-08T08:12:13.0000000Z;9.6556;9.6608;4750;943
2026-06-08T08:12:15.0000000Z;9.6556;9.6608;4750;943
2026-06-08T08:12:18.0000000Z;9.6556;9.6608;4750;943
2026-06-08T08:12:20.0000000Z;9.6556;9.6608;4750;943
2026-06-08T08:12:23.0000000Z;9.6556;9.6608;4750;943
2026-06-08T08:12:25.0000000Z;9.6556;9.6608;4750;943
2026-06-08T08:12:28.0000000Z;9.6556;9.6608;4750;943
2026-06-08T08:12:30.0000000Z;9.6556;9.6608;4750;943
2026-06-08T08:12:33.0000000Z;9.6556;9.6608;4750;943
2026-06-08T08:12:35.0000000Z;9.6556;9.6608;4750;943
2026-06-08T08:12:38.0000000Z;9.6556;9.6608;4750;943
2026-06-08T08:12:40.0000000Z;9.6556;9.6608;4750;943
2026-06-08T08:12:43.0000000Z;9.6556;9.6608;4750;943
2026-06-08T08:12:45.0000000Z;9.6556;9.6608;4750;943
2026-06-08T08:12:48.0000000Z;9.6556;9.6608;4750;943
2026-06-08T08:12:50.0000000Z;9.6556;9.6608;4750;943
2026-06-08T08:12:53.0000000Z;9.6556;9.6608;4750;943
2026-06-08T08:12:55.0000000Z;9.6556;9.6608;4750;943
2026-06-08T08:12:58.0000000Z;9.6556;9.6608;4750;943
2026-06-08T08:13:00.0000000Z;9.6556;9.6608;4750;943
2026-06-08T08:13:03.0000000Z;9.6556;9.6608;4750;943
2026-06-08T08:13:05.0000000Z;9.6556;9.6608;4750;943
2026-06-08T08:13:35.0000000Z;9.6556;9.6608;4750;943
2026-06-08T08:13:42.0000000Z;9.6556;9.6608;4750;943
2026-06-08T08:13:44.0000000Z;9.6556;9.6608;4750;943
2026-06-08T08:13:47.0000000Z;9.6556;9.6608;4750;943
2026-06-08T08:15:24.0000000Z;9.6556;9.6608;4750;943
2026-06-08T08:16:14.0000000Z;9.6556;9.6608;4750;943
2026-06-08T08:18:54.0000000Z;9.6576;9.6646;5693;943
2026-06-08T08:18:55.0000000Z;9.6578;9.6646;4484;943
2026-06-08T08:18:56.0000000Z;9.6604;9.6672;943;4750
2026-06-08T08:18:57.0000000Z;9.6604;9.661;53000;2588
2026-06-08T08:18:58.0000000Z;9.6634;9.6672;943;4750
2026-06-08T08:18:59.0000000Z;9.6634;9.6634;53000;2588
2026-06-08T08:19:01.0000000Z;9.6612;9.6612;53000;2588
2026-06-08T08:19:06.0000000Z;9.6612;9.6672;53000;57484
2026-06-08T08:19:54.0000000Z;9.659;9.666;943;943
2026-06-08T08:19:55.0000000Z;9.661;9.6658;2588;4484
2026-06-08T08:19:57.0000000Z;9.661;9.6658;2588;4484
2026-06-08T08:20:00.0000000Z;9.661;9.6658;2588;4484
2026-06-08T08:20:01.0000000Z;9.659;9.6658;53000;4484
2026-06-08T08:21:20.0000000Z;9.659;9.666;943;5693
2026-06-08T08:21:23.0000000Z;9.6566;9.6634;943;943
2026-06-08T08:21:24.0000000Z;9.659;9.6634;53000;53000
2026-06-08T08:21:25.0000000Z;9.6588;9.6634;2589;943
2026-06-08T08:21:34.0000000Z;9.6568;9.6634;4484;53000
2026-06-08T08:22:54.0000000Z;9.6566;9.6632;53000;4484
2026-06-08T08:22:55.0000000Z;9.6566;9.6634;53000;53000
2026-06-08T08:22:56.0000000Z;9.6142;9.7198;1793;1793
2026-06-08T08:22:57.0000000Z;9.6556;9.6624;943;943
2026-06-08T08:22:58.0000000Z;9.6556;9.6624;943;943
2026-06-08T08:23:00.0000000Z;9.6564;9.6624;2589;943
2026-06-08T08:23:01.0000000Z;9.6564;9.6624;2589;53000
2026-06-08T08:23:02.0000000Z;9.6556;9.6624;943;943
2026-06-08T08:23:07.0000000Z;9.6556;9.6622;53000;4484
2026-06-08T08:23:28.0000000Z;9.6558;9.6622;4484;4484
2026-06-08T08:23:30.0000000Z;9.6556;9.6622;53000;4484
2026-06-08T08:23:35.0000000Z;9.6558;9.6622;4484;4484
2026-06-08T08:23:37.0000000Z;9.6558;9.6624;4484;53000
2026-06-08T08:24:56.0000000Z;9.6558;9.6622;4484;4484
2026-06-08T08:24:58.0000000Z;9.6558;9.6624;4484;53000
2026-06-08T08:25:01.0000000Z;9.6556;9.6622;53000;4484
2026-06-08T08:25:02.0000000Z;9.6558;9.6624;4484;53000
2026-06-08T08:25:43.0000000Z;9.6182;9.7162;4750;4750
2026-06-08T08:25:44.0000000Z;9.6204;9.714;1793;1793
2026-06-08T08:25:45.0000000Z;9.6558;9.6624;4484;943
2026-06-08T08:25:49.0000000Z;9.6556;9.6624;943;943
2026-06-08T08:26:08.0000000Z;9.6556;9.6624;5693;943
2026-06-08T08:28:22.0000000Z;9.6556;9.6624;943;943
2026-06-08T08:28:59.0000000Z;9.6558;9.6626;4484;2588
2026-06-08T08:29:14.0000000Z;9.6556;9.6624;943;943
2026-06-08T08:29:59.0000000Z;9.6556;9.6624;5693;943
2026-06-08T08:31:42.0000000Z;9.6556;9.6624;5693;943
2026-06-08T08:31:45.0000000Z;9.6556;9.712;4750;7439
2026-06-08T08:31:46.0000000Z;9.6556;9.7098;4750;1793
2026-06-08T08:31:47.0000000Z;9.6562;9.6632;943;943
2026-06-08T08:31:48.0000000Z;9.6562;9.6632;5693;943
2026-06-08T08:31:51.0000000Z;9.6562;9.6632;5693;943
2026-06-08T08:31:52.0000000Z;9.6564;9.6634;4484;2588
2026-06-08T08:32:14.0000000Z;9.6562;9.6632;5693;943
2026-06-08T08:32:30.0000000Z;9.658;9.665;943;943
2026-06-08T08:32:39.0000000Z;9.6578;9.6648;2589;4484
2026-06-08T08:33:26.0000000Z;9.6578;9.6648;2589;4484
2026-06-08T08:33:31.0000000Z;9.6582;9.6648;4484;4484
2026-06-08T08:33:34.0000000Z;9.6582;9.6652;4484;2587
2026-06-08T08:33:39.0000000Z;9.6582;9.6648;4484;4484
2026-06-08T08:33:43.0000000Z;9.6582;9.6652;4484;2587
2026-06-08T08:33:52.0000000Z;9.6582;9.6648;4484;4484
2026-06-08T08:33:55.0000000Z;9.6582;9.6652;4484;2587
2026-06-08T08:33:59.0000000Z;9.6582;9.6648;4484;4484
2026-06-08T08:34:07.0000000Z;9.6582;9.6652;4484;2587
2026-06-08T08:34:15.0000000Z;9.6582;9.6648;4484;4484
2026-06-08T08:34:26.0000000Z;9.6578;9.6648;2589;4484
2026-06-08T08:34:28.0000000Z;9.6582;9.6648;4484;4484
2026-06-08T08:34:30.0000000Z;9.6578;9.6648;2589;4484
2026-06-08T08:34:32.0000000Z;9.6582;9.6648;4484;4484
2026-06-08T08:34:33.0000000Z;9.6578;9.6648;2589;4484
2026-06-08T08:34:54.0000000Z;9.6582;9.6648;4484;4484
2026-06-08T08:35:01.0000000Z;9.6578;9.6648;2589;4484
2026-06-08T08:35:20.0000000Z;9.658;9.6648;53000;4484
2026-06-08T08:35:52.0000000Z;9.658;9.665;943;5693
2026-06-08T08:37:17.0000000Z;9.6562;9.6632;943;943
2026-06-08T08:37:18.0000000Z;9.6562;9.663;943;4484
2026-06-08T08:37:20.0000000Z;9.6578;9.663;2589;4484
2026-06-08T08:37:25.0000000Z;9.6564;9.6632;4484;53000
2026-06-08T08:37:50.0000000Z;9.6564;9.663;4484;4484
2026-06-08T08:38:00.0000000Z;9.6564;9.6632;4484;53000
2026-06-08T08:38:36.0000000Z;9.6564;9.663;4484;4484
2026-06-08T08:38:38.0000000Z;9.6562;9.663;53000;4484
2026-06-08T08:38:39.0000000Z;9.6564;9.663;4484;4484
2026-06-08T08:38:56.0000000Z;9.6564;9.6632;4484;53000
2026-06-08T08:38:59.0000000Z;9.6564;9.663;4484;4484
2026-06-08T08:39:06.0000000Z;9.6562;9.6632;53000;53000
2026-06-08T08:39:07.0000000Z;9.6562;9.663;53000;4484
2026-06-08T08:39:11.0000000Z;9.6564;9.663;4484;4484
2026-06-08T08:39:16.0000000Z;9.6562;9.663;53000;4484
2026-06-08T08:39:21.0000000Z;9.6564;9.663;4484;4484
2026-06-08T08:39:29.0000000Z;9.6562;9.663;53000;4484
2026-06-08T08:40:48.0000000Z;9.6562;9.6632;943;5693
2026-06-08T08:40:49.0000000Z;9.6212;9.6632;4750;4750
2026-06-08T08:40:50.0000000Z;9.6246;9.6632;1793;4750
2026-06-08T08:40:51.0000000Z;9.6556;9.6622;943;4750
2026-06-08T08:40:52.0000000Z;9.6556;9.662;943;4484
2026-06-08T08:40:53.0000000Z;9.6556;9.6622;943;4750
2026-06-08T08:40:54.0000000Z;9.6532;9.6602;943;943
2026-06-08T08:40:55.0000000Z;9.6532;9.6602;943;53000
2026-06-08T08:40:56.0000000Z;9.6532;9.6602;943;943
2026-06-08T08:40:57.0000000Z;9.6534;9.6602;4484;53000
2026-06-08T08:41:04.0000000Z;9.6534;9.6602;4750;943
2026-06-08T08:41:17.0000000Z;9.6534;9.6602;57484;943
2026-06-08T08:41:35.0000000Z;9.6552;9.662;943;943
2026-06-08T08:41:36.0000000Z;9.6552;9.6602;53000;53000
2026-06-08T08:41:37.0000000Z;9.6552;9.6604;943;2588
2026-06-08T08:41:43.0000000Z;9.6552;9.6618;53000;4484
2026-06-08T08:42:00.0000000Z;9.6554;9.662;4484;53000
2026-06-08T08:42:14.0000000Z;9.6552;9.6618;53000;4484
2026-06-08T08:42:22.0000000Z;9.6554;9.662;4484;53000
2026-06-08T08:42:44.0000000Z;9.6552;9.662;943;943
2026-06-08T08:43:47.0000000Z;9.6552;9.662;5693;943
2026-06-08T08:47:29.0000000Z;9.6552;9.662;5693;943
2026-06-08T08:47:40.0000000Z;9.6552;9.662;943;943
2026-06-08T08:47:41.0000000Z;9.6554;9.662;4484;53000
2026-06-08T08:47:47.0000000Z;9.6552;9.6618;53000;4484
2026-06-08T08:47:49.0000000Z;9.6554;9.662;4484;53000
2026-06-08T08:48:20.0000000Z;9.6562;9.662;155;943
2026-06-08T08:48:25.0000000Z;9.6562;9.662;53000;53000
2026-06-08T08:48:52.0000000Z;9.6564;9.662;4484;53000
2026-06-08T08:49:39.0000000Z;9.6562;9.662;155;943
2026-06-08T08:50:20.0000000Z;9.6562;9.662;155;943
2026-06-08T08:50:27.0000000Z;9.6562;9.713;155;4750
2026-06-08T08:50:28.0000000Z;9.6562;9.7128;155;1793
2026-06-08T08:50:29.0000000Z;9.6562;9.6622;155;943
2026-06-08T08:50:34.0000000Z;9.6562;9.6624;155;943
2026-06-08T08:50:35.0000000Z;9.6562;9.6624;155;53000
2026-06-08T08:51:00.0000000Z;9.6562;9.6624;155;943
2026-06-08T08:51:09.0000000Z;9.6564;9.6626;4484;943
2026-06-08T08:54:46.0000000Z;9.6564;9.6624;4484;53000
2026-06-08T08:54:53.0000000Z;9.6562;9.6624;4905;943
2026-06-08T08:55:01.0000000Z;9.6564;9.6624;4484;53000
2026-06-08T08:55:17.0000000Z;9.6574;9.6644;943;943
2026-06-08T08:55:18.0000000Z;9.6574;9.6626;943;2588
2026-06-08T08:55:26.0000000Z;9.6574;9.6644;943;5693
2026-06-08T08:55:30.0000000Z;9.6562;9.6602;155;943
2026-06-08T08:55:32.0000000Z;9.6572;9.6602;2589;943
2026-06-08T08:55:34.0000000Z;9.6562;9.663;1098;4484
2026-06-08T08:55:38.0000000Z;9.6562;9.663;53000;4484
2026-06-08T08:56:06.0000000Z;9.6562;9.6632;1098;943
2026-06-08T08:56:07.0000000Z;9.6564;9.6632;4484;943
2026-06-08T08:56:13.0000000Z;9.6564;9.6632;4484;53000
2026-06-08T08:56:24.0000000Z;9.6564;9.663;4484;4484
2026-06-08T08:56:27.0000000Z;9.6562;9.663;53000;4484
2026-06-08T08:56:30.0000000Z;9.6562;9.663;53000;4484
2026-06-08T08:56:37.0000000Z;9.6564;9.663;4484;4484
2026-06-08T08:56:44.0000000Z;9.6564;9.6632;4484;53000
2026-06-08T08:56:52.0000000Z;9.6562;9.6632;5848;943
2026-06-08T08:56:55.0000000Z;9.6592;9.666;943;4750
2026-06-08T08:56:56.0000000Z;9.6592;9.666;53000;4750
2026-06-08T08:56:59.0000000Z;9.6592;9.6634;53000;2588
2026-06-08T08:57:00.0000000Z;9.6566;9.6632;4750;943
2026-06-08T08:57:01.0000000Z;9.6566;9.6616;4750;943
2026-06-08T08:57:02.0000000Z;9.6566;9.6616;4750;53000
2026-06-08T08:57:04.0000000Z;9.6576;9.6646;943;943
2026-06-08T08:57:05.0000000Z;9.6578;9.6634;4484;2588
2026-06-08T08:57:06.0000000Z;9.6576;9.6646;943;943
2026-06-08T08:57:27.0000000Z;9.6576;9.6644;943;4484
2026-06-08T08:57:29.0000000Z;9.6576;9.6646;943;943
2026-06-08T08:57:33.0000000Z;9.6576;9.6646;943;53000
2026-06-08T08:58:07.0000000Z;9.6576;9.6646;943;943
2026-06-08T08:59:11.0000000Z;9.6576;9.6644;943;4484
2026-06-08T08:59:32.0000000Z;9.6576;9.6644;53000;4484
2026-06-08T08:59:34.0000000Z;9.6578;9.6644;4484;4484
2026-06-08T08:59:40.0000000Z;9.6576;9.6644;53000;4484
2026-06-08T08:59:44.0000000Z;9.6578;9.6644;4484;4484
2026-06-08T08:59:46.0000000Z;9.6576;9.6644;53000;4484
2026-06-08T09:00:00.0000000Z;9.6578;9.6644;4484;4484
2026-06-08T09:00:12.0000000Z;9.6578;9.6646;4484;53000
2026-06-08T09:00:19.0000000Z;9.6578;9.6644;4484;4484
2026-06-08T09:00:21.0000000Z;9.6578;9.6646;57484;53000
2026-06-08T09:00:28.0000000Z;9.6578;9.6644;53000;4484
2026-06-08T09:00:29.0000000Z;9.6578;9.6646;53000;53000
2026-06-08T09:00:30.0000000Z;9.6578;9.6644;53000;4484
2026-06-08T09:00:42.0000000Z;9.658;9.6646;4484;53000
2026-06-08T09:01:19.0000000Z;9.6578;9.6644;53000;4484
2026-06-08T09:01:20.0000000Z;9.658;9.6646;4484;53000
2026-06-08T09:02:00.0000000Z;9.6578;9.6644;53000;4484
2026-06-08T09:02:06.0000000Z;9.658;9.6644;4484;4484
2026-06-08T09:02:07.0000000Z;9.6578;9.6644;53000;4484
2026-06-08T09:02:40.0000000Z;9.6578;9.6646;53000;53000
2026-06-08T09:02:41.0000000Z;9.658;9.6646;4484;53000
2026-06-08T09:05:16.0000000Z;9.6578;9.6646;155;943
2026-06-08T09:05:50.0000000Z;9.6578;9.6644;53000;4484
2026-06-08T09:07:07.0000000Z;9.6578;9.6646;155;943
2026-06-08T09:09:03.0000000Z;9.6578;9.6646;155;943
2026-06-08T09:09:20.0000000Z;9.6578;9.6628;155;943
2026-06-08T09:09:21.0000000Z;9.6578;9.6628;155;53000
2026-06-08T09:09:25.0000000Z;9.6578;9.6628;155;53000
2026-06-08T09:09:38.0000000Z;9.6578;9.6606;155;943
2026-06-08T09:09:39.0000000Z;9.6578;9.6606;155;53000
2026-06-08T09:09:44.0000000Z;9.6578;9.6606;155;53000
2026-06-08T09:09:59.0000000Z;9.6578;9.6624;155;943
2026-06-08T09:10:02.0000000Z;9.6578;9.6608;155;943
2026-06-08T09:10:07.0000000Z;9.6578;9.6624;155;53000
2026-06-08T09:10:36.0000000Z;9.6578;9.6624;155;943
2026-06-08T09:13:36.0000000Z;9.658;9.6624;4484;943
2026-06-08T09:13:40.0000000Z;9.6578;9.6624;53000;943
2026-06-08T09:13:41.0000000Z;9.658;9.6624;4484;943
2026-06-08T09:14:30.0000000Z;9.6578;9.6624;155;943
2026-06-08T09:16:25.0000000Z;9.6578;9.6624;4905;943
2026-06-08T09:16:32.0000000Z;9.658;9.6624;4484;53000
2026-06-08T09:17:15.0000000Z;9.6578;9.6624;155;943
2026-06-08T09:17:22.0000000Z;9.658;9.6624;4484;53000
2026-06-08T09:19:38.0000000Z;9.6578;9.6624;53000;53000
2026-06-08T09:20:38.0000000Z;9.658;9.6624;4484;53000
2026-06-08T09:20:45.0000000Z;9.6578;9.6624;155;943
2026-06-08T09:21:02.0000000Z;9.6584;9.6624;53000;53000
2026-06-08T09:21:04.0000000Z;9.6584;9.6626;53000;943
2026-06-08T09:21:05.0000000Z;9.6614;9.668;943;4750
2026-06-08T09:21:06.0000000Z;9.6614;9.6626;943;943
2026-06-08T09:21:07.0000000Z;9.664;9.668;53000;4750
2026-06-08T09:21:09.0000000Z;9.6616;9.668;943;4750
2026-06-08T09:21:10.0000000Z;9.6616;9.668;53000;4750
2026-06-08T09:21:11.0000000Z;9.6616;9.6678;53000;4484
2026-06-08T09:21:33.0000000Z;9.6596;9.6666;943;943
2026-06-08T09:21:34.0000000Z;9.6596;9.6664;943;4484
2026-06-08T09:21:35.0000000Z;9.6614;9.6664;2588;4484
2026-06-08T09:21:38.0000000Z;9.6596;9.6664;53000;4484
2026-06-08T09:21:45.0000000Z;9.6578;9.6644;4905;943
2026-06-08T09:21:47.0000000Z;9.6594;9.6644;2589;943
2026-06-08T09:21:51.0000000Z;9.658;9.6644;4484;53000
2026-06-08T09:22:16.0000000Z;9.6578;9.6644;155;943
2026-06-08T09:22:26.0000000Z;9.658;9.6644;4484;53000
2026-06-08T09:24:19.0000000Z;9.6578;9.6644;53000;53000
2026-06-08T09:24:20.0000000Z;9.6578;9.6642;53000;4484
2026-06-08T09:24:26.0000000Z;9.6578;9.6644;53000;53000
2026-06-08T09:24:27.0000000Z;9.6578;9.6642;53000;4484
2026-06-08T09:24:29.0000000Z;9.6578;9.7086;155;1793
2026-06-08T09:24:30.0000000Z;9.6578;9.6644;155;53000
2026-06-08T09:24:31.0000000Z;9.6578;9.6636;155;943
2026-06-08T09:24:36.0000000Z;9.6578;9.6636;155;53000
2026-06-08T09:24:43.0000000Z;9.6578;9.6636;155;943
2026-06-08T09:27:19.0000000Z;9.658;9.6636;4484;943
2026-06-08T09:27:25.0000000Z;9.6578;9.6636;53000;943
2026-06-08T09:27:50.0000000Z;9.658;9.6636;4484;943
2026-06-08T09:27:52.0000000Z;9.6578;9.6636;53000;943
2026-06-08T09:27:58.0000000Z;9.658;9.6636;4484;943
2026-06-08T09:28:08.0000000Z;9.6586;9.6656;943;943
2026-06-08T09:28:10.0000000Z;9.6616;9.6684;943;4750
2026-06-08T09:28:11.0000000Z;9.6616;9.6638;943;943
2026-06-08T09:28:12.0000000Z;9.6646;9.6684;943;4750
2026-06-08T09:28:13.0000000Z;9.6578;9.6682;155;4750
2026-06-08T09:28:14.0000000Z;9.6578;9.6682;155;4750
2026-06-08T09:28:15.0000000Z;9.6578;9.6682;155;4750
2026-06-08T09:28:16.0000000Z;9.6578;9.6682;155;4750
2026-06-08T09:28:17.0000000Z;9.6578;9.6682;155;4750
2026-06-08T09:28:18.0000000Z;9.6578;9.6682;155;4750
2026-06-08T09:28:19.0000000Z;9.6578;9.6682;155;4750
2026-06-08T09:28:20.0000000Z;9.6578;9.6682;53000;4750
2026-06-08T09:28:21.0000000Z;9.6578;9.6682;155;4750
2026-06-08T09:28:22.0000000Z;9.6578;9.6682;155;4750
2026-06-08T09:28:23.0000000Z;9.6578;9.6682;53000;4750
2026-06-08T09:28:24.0000000Z;9.6578;9.6682;155;4750
2026-06-08T09:28:52.0000000Z;9.661;9.6678;943;4750
2026-06-08T09:28:53.0000000Z;9.661;9.6676;943;4484
2026-06-08T09:28:56.0000000Z;9.661;9.6676;53000;4484
2026-06-08T09:30:04.0000000Z;9.661;9.6678;943;4750
2026-06-08T09:30:58.0000000Z;9.661;9.6678;943;4750
2026-06-08T09:31:44.0000000Z;9.661;9.6678;943;4750
2026-06-08T09:32:51.0000000Z;9.661;9.6678;943;4750
2026-06-08T09:36:40.0000000Z;9.6398;9.6678;4750;4750
2026-06-08T09:36:41.0000000Z;9.6402;9.7082;4750;4750
2026-06-08T09:36:42.0000000Z;9.6402;9.6678;4750;53000
2026-06-08T09:36:43.0000000Z;9.6406;9.7078;4750;4750
2026-06-08T09:36:44.0000000Z;9.6608;9.668;2588;2586
2026-06-08T09:36:45.0000000Z;9.6608;9.668;2588;2586
2026-06-08T09:36:46.0000000Z;9.661;9.6678;155;943
2026-06-08T09:36:47.0000000Z;9.6612;9.6678;4484;943
2026-06-08T09:36:48.0000000Z;9.6608;9.668;2588;2586
2026-06-08T09:36:49.0000000Z;9.6612;9.668;4484;2586
2026-06-08T09:36:50.0000000Z;9.6608;9.6676;2588;4484
2026-06-08T09:36:51.0000000Z;9.661;9.6678;155;943
2026-06-08T09:36:54.0000000Z;9.661;9.6678;155;53000
2026-06-08T09:36:55.0000000Z;9.661;9.6676;53000;4484
2026-06-08T09:36:56.0000000Z;9.661;9.6678;155;943
2026-06-08T09:36:57.0000000Z;9.661;9.6676;53000;4484
2026-06-08T09:37:10.0000000Z;9.6408;9.7032;155;4750
2026-06-08T09:37:11.0000000Z;9.641;9.703;232;6753
2026-06-08T09:37:12.0000000Z;9.6608;9.668;155;943
2026-06-08T09:37:13.0000000Z;9.6608;9.668;155;943
2026-06-08T09:37:14.0000000Z;9.6608;9.668;155;943
2026-06-08T09:37:15.0000000Z;9.6588;9.6724;155;943
2026-06-08T09:37:16.0000000Z;9.6588;9.6724;155;943
2026-06-08T09:37:17.0000000Z;9.6586;9.6722;943;4750
2026-06-08T09:37:18.0000000Z;9.6608;9.6722;155;4750
2026-06-08T09:37:20.0000000Z;9.6608;9.668;155;943
2026-06-08T09:37:22.0000000Z;9.6608;9.668;155;943
2026-06-08T09:37:24.0000000Z;9.6588;9.6724;155;943
2026-06-08T09:37:26.0000000Z;9.6586;9.6722;53155;53000
2026-06-08T09:37:27.0000000Z;9.6588;9.6724;53000;53000
2026-06-08T09:38:02.0000000Z;9.6588;9.6724;155;943
2026-06-08T09:38:16.0000000Z;9.6586;9.6722;943;57484
2026-06-08T09:38:18.0000000Z;9.6586;9.6722;53155;57484
2026-06-08T09:38:23.0000000Z;9.6588;9.6722;4484;57484
2026-06-08T09:38:29.0000000Z;9.6588;9.6722;4484;57484
2026-06-08T09:38:31.0000000Z;9.6586;9.6722;53000;57484
2026-06-08T09:39:10.0000000Z;9.6586;9.6722;53000;57484
2026-06-08T09:39:12.0000000Z;9.6588;9.6722;4484;57484
2026-06-08T09:39:20.0000000Z;9.6586;9.6722;53000;57484
2026-06-08T09:40:05.0000000Z;9.6588;9.6722;155;4750
2026-06-08T09:40:06.0000000Z;9.6588;9.6722;57484;4750
2026-06-08T09:40:08.0000000Z;9.6592;9.6722;155;4750
2026-06-08T09:40:09.0000000Z;9.6594;9.6722;4484;4750
2026-06-08T09:40:10.0000000Z;9.6594;9.6722;4484;4750
2026-06-08T09:40:15.0000000Z;9.6594;9.6722;4484;57484
2026-06-08T09:41:14.0000000Z;9.6586;9.6722;943;4750
2026-06-08T09:41:17.0000000Z;9.659;9.6722;155;4750
2026-06-08T09:41:24.0000000Z;9.6586;9.6722;53000;57484
2026-06-08T09:42:38.0000000Z;9.6588;9.6722;4484;57484
2026-06-08T09:42:58.0000000Z;9.6588;9.6722;155;4750
2026-06-08T09:42:59.0000000Z;9.6588;9.6722;57484;4750
2026-06-08T09:43:12.0000000Z;9.6588;9.6722;57484;57484
2026-06-08T09:43:37.0000000Z;9.6592;9.6722;155;4750
2026-06-08T09:43:38.0000000Z;9.6594;9.6722;4484;4750
2026-06-08T09:43:45.0000000Z;9.6594;9.6722;4484;4750
2026-06-08T09:43:46.0000000Z;9.6598;9.6722;53000;4750
2026-06-08T09:43:47.0000000Z;9.66;9.6722;4484;4750
2026-06-08T09:43:57.0000000Z;9.66;9.6722;4484;57484
2026-06-08T09:44:43.0000000Z;9.6636;9.6704;943;4750
2026-06-08T09:44:44.0000000Z;9.6636;9.6702;53000;4484
2026-06-08T09:44:51.0000000Z;9.6636;9.6702;53000;4484
2026-06-08T09:46:23.0000000Z;9.6636;9.6704;943;4750
2026-06-08T09:48:51.0000000Z;9.6636;9.6706;943;943
2026-06-08T09:48:52.0000000Z;9.6636;9.6704;943;57484
2026-06-08T09:48:53.0000000Z;9.6636;9.6704;943;4484
2026-06-08T09:48:54.0000000Z;9.6636;9.6706;943;5693
2026-06-08T09:48:56.0000000Z;9.6636;9.6706;943;5693
2026-06-08T09:48:57.0000000Z;9.6636;9.6704;943;4484
2026-06-08T09:53:50.0000000Z;9.6636;9.6706;943;5693
2026-06-08T09:59:51.0000000Z;9.6636;9.6706;943;5693
2026-06-08T10:00:15.0000000Z;9.6634;9.6704;2588;4484
2026-06-08T10:01:03.0000000Z;9.6636;9.6706;943;5693
2026-06-08T10:01:59.0000000Z;9.6636;9.6706;943;5693
2026-06-08T10:02:00.0000000Z;9.611;9.6706;155;4750
2026-06-08T10:02:01.0000000Z;9.6114;9.6706;1948;4750
2026-06-08T10:02:02.0000000Z;9.6642;9.6706;943;4750
2026-06-08T10:02:07.0000000Z;9.6642;9.6706;943;4750
2026-06-08T10:02:11.0000000Z;9.664;9.6706;2587;4750
2026-06-08T10:03:39.0000000Z;9.6642;9.6706;943;4750
2026-06-08T10:04:19.0000000Z;9.6642;9.6706;943;4750
2026-06-08T10:07:30.0000000Z;9.6642;9.671;943;943
2026-06-08T10:07:31.0000000Z;9.6642;9.6708;943;7070
2026-06-08T10:07:36.0000000Z;9.6642;9.6708;943;4484
2026-06-08T10:07:45.0000000Z;9.6642;9.6708;53000;4484
2026-06-08T10:09:10.0000000Z;9.6642;9.671;943;943
2026-06-08T10:09:53.0000000Z;9.6642;9.671;943;5693
2026-06-08T10:12:12.0000000Z;9.6642;9.671;943;943
2026-06-08T10:14:25.0000000Z;9.6642;9.6708;943;4750
2026-06-08T10:14:30.0000000Z;9.6642;9.6708;943;57484
2026-06-08T10:17:14.0000000Z;9.664;9.6708;2587;4484
2026-06-08T10:22:49.0000000Z;9.6642;9.6708;943;4750
2026-06-08T10:24:21.0000000Z;9.6642;9.6708;943;4750
2026-06-08T10:29:16.0000000Z;9.664;9.6708;2587;4750
2026-06-08T10:29:17.0000000Z;9.6082;9.6708;1948;4750
2026-06-08T10:29:18.0000000Z;9.6638;9.6708;943;5693
2026-06-08T10:29:19.0000000Z;9.6638;9.6708;943;5693
2026-06-08T10:29:23.0000000Z;9.6638;9.6708;943;5693
2026-06-08T10:29:27.0000000Z;9.6636;9.6708;2588;5693
2026-06-08T10:29:54.0000000Z;9.6638;9.6708;943;5693
2026-06-08T10:30:00.0000000Z;9.6112;9.6708;1948;4750
2026-06-08T10:30:01.0000000Z;9.6636;9.6708;2588;4750
2026-06-08T10:30:02.0000000Z;9.6642;9.6708;943;4750
2026-06-08T10:30:06.0000000Z;9.6642;9.6708;943;4750
2026-06-08T10:30:09.0000000Z;9.664;9.6708;2587;4750
2026-06-08T10:33:44.0000000Z;9.6642;9.6708;943;4750
2026-06-08T10:34:10.0000000Z;9.6642;9.6712;943;943
2026-06-08T10:34:11.0000000Z;9.6642;9.6712;5693;943
2026-06-08T10:34:12.0000000Z;9.665;9.6712;4750;943
2026-06-08T10:34:13.0000000Z;9.6658;9.671;4750;2586
2026-06-08T10:34:14.0000000Z;9.666;9.7122;4750;1793
2026-06-08T10:34:15.0000000Z;9.6662;9.671;4484;2586
2026-06-08T10:34:16.0000000Z;9.666;9.712;4750;2689
2026-06-08T10:34:17.0000000Z;9.666;9.7116;4750;2689
2026-06-08T10:34:18.0000000Z;9.6116;9.671;1948;2586
2026-06-08T10:34:19.0000000Z;9.6122;9.671;155;2586
2026-06-08T10:34:20.0000000Z;9.6126;9.7106;1948;1793
2026-06-08T10:34:21.0000000Z;9.613;9.7102;1948;1793
2026-06-08T10:34:22.0000000Z;9.6134;9.7098;1948;1793
2026-06-08T10:34:23.0000000Z;9.6144;9.7094;155;1793
2026-06-08T10:34:24.0000000Z;9.6148;9.709;1948;1793
2026-06-08T10:34:25.0000000Z;9.6148;9.7106;1948;1793
2026-06-08T10:34:26.0000000Z;9.6148;9.708;1948;4484
2026-06-08T10:34:28.0000000Z;9.6152;9.7078;1948;1793
2026-06-08T10:34:29.0000000Z;9.6154;9.7076;4484;4484
2026-06-08T10:34:31.0000000Z;9.6126;9.7076;1793;2689
2026-06-08T10:34:32.0000000Z;9.6158;9.7074;4484;1793
2026-06-08T10:34:33.0000000Z;9.6158;9.7072;4484;4484
2026-06-08T10:34:34.0000000Z;9.616;9.707;1793;1793
2026-06-08T10:34:35.0000000Z;9.6162;9.707;155;1793
2026-06-08T10:34:36.0000000Z;9.6164;9.7068;4484;4484
2026-06-08T10:34:38.0000000Z;9.6166;9.7066;1948;1793
2026-06-08T10:34:39.0000000Z;9.6168;9.7064;4484;4484
2026-06-08T10:34:40.0000000Z;9.6168;9.7064;4484;4484
2026-06-08T10:34:43.0000000Z;9.617;9.7062;1948;1793
2026-06-08T10:34:44.0000000Z;9.6172;9.706;4484;4484
2026-06-08T10:34:45.0000000Z;9.6174;9.7058;1948;1793
2026-06-08T10:34:46.0000000Z;9.6166;9.7066;1793;1793
2026-06-08T10:34:47.0000000Z;9.6186;9.705;4484;1793
2026-06-08T10:34:48.0000000Z;9.6194;9.7048;1948;4482
2026-06-08T10:34:49.0000000Z;9.6202;9.7048;1793;4482
2026-06-08T10:34:50.0000000Z;9.6204;9.7046;4484;4484
2026-06-08T10:34:54.0000000Z;9.621;9.7048;1948;4482
2026-06-08T10:34:55.0000000Z;9.6212;9.7048;4484;4482
2026-06-08T10:34:56.0000000Z;9.6218;9.7048;1948;9232
2026-06-08T10:34:57.0000000Z;9.621;9.7048;1793;9232
2026-06-08T10:34:58.0000000Z;9.624;9.7048;4484;9232
2026-06-08T10:34:59.0000000Z;9.6242;9.7046;2598;4484
2026-06-08T10:35:00.0000000Z;9.6256;9.7048;155;9232
2026-06-08T10:35:01.0000000Z;9.6258;9.7048;4484;9232
2026-06-08T10:35:06.0000000Z;9.626;9.7048;1948;9232
2026-06-08T10:35:07.0000000Z;9.6268;9.704;1948;1793
2026-06-08T10:35:08.0000000Z;9.627;9.7038;4484;4484
2026-06-08T10:35:09.0000000Z;9.6276;9.7032;1948;1793
2026-06-08T10:35:10.0000000Z;9.6278;9.703;4484;4484
2026-06-08T10:35:11.0000000Z;9.6242;9.705;2598;2576
2026-06-08T10:35:12.0000000Z;9.6304;9.7014;4484;2689
2026-06-08T10:35:13.0000000Z;9.6306;9.7014;1948;2689
2026-06-08T10:35:14.0000000Z;9.6308;9.7014;4484;2689
2026-06-08T10:35:15.0000000Z;9.6314;9.7014;1948;2689
2026-06-08T10:35:16.0000000Z;9.6322;9.7014;1948;2689
2026-06-08T10:35:17.0000000Z;9.6324;9.7016;4484;2577
2026-06-08T10:35:19.0000000Z;9.6336;9.7014;1793;2689
2026-06-08T10:35:20.0000000Z;9.634;9.7014;4484;2689
2026-06-08T10:35:21.0000000Z;9.6346;9.7014;1948;2689
2026-06-08T10:35:22.0000000Z;9.6358;9.7014;1948;2689
2026-06-08T10:35:23.0000000Z;9.636;9.7014;155;2689
2026-06-08T10:35:24.0000000Z;9.6362;9.7014;232;2689
2026-06-08T10:35:25.0000000Z;9.6364;9.7014;1948;2689
2026-06-08T10:35:26.0000000Z;9.6366;9.7014;4484;2689
2026-06-08T10:35:27.0000000Z;9.6368;9.7014;1948;2689
2026-06-08T10:35:28.0000000Z;9.637;9.7014;4484;2689
2026-06-08T10:35:29.0000000Z;9.6372;9.7014;1948;2689
2026-06-08T10:35:30.0000000Z;9.6388;9.7014;1948;2689
2026-06-08T10:35:31.0000000Z;9.6392;9.7014;1948;2689
2026-06-08T10:35:32.0000000Z;9.6386;9.7014;2594;2689
2026-06-08T10:35:33.0000000Z;9.6402;9.7014;4484;2689
2026-06-08T10:35:34.0000000Z;9.6402;9.7014;232;2689
2026-06-08T10:35:35.0000000Z;9.6404;9.7014;155;2689
2026-06-08T10:35:36.0000000Z;9.6406;9.7014;232;2689
2026-06-08T10:35:38.0000000Z;9.6618;9.682;155;943
2026-06-08T10:35:39.0000000Z;9.6616;9.6818;943;1414
2026-06-08T10:35:41.0000000Z;9.6616;9.6818;943;1414
2026-06-08T10:35:46.0000000Z;9.6614;9.682;2588;2583
2026-06-08T10:36:42.0000000Z;9.6618;9.682;155;943
2026-06-08T10:36:43.0000000Z;9.6616;9.6814;943;4750
2026-06-08T10:36:44.0000000Z;9.6616;9.6812;943;4484
2026-06-08T10:36:48.0000000Z;9.6616;9.6814;943;4750
2026-06-08T10:36:50.0000000Z;9.6616;9.6814;943;4750
2026-06-08T10:36:55.0000000Z;9.6616;9.6812;943;4484
2026-06-08T10:36:59.0000000Z;9.6616;9.6814;943;4750
2026-06-08T10:36:59.0000000Z;9.6616;9.6814;943;4750
2026-06-08T10:37:04.0000000Z;9.6616;9.6814;943;4750
2026-06-08T10:37:05.0000000Z;9.6616;9.6814;943;4750
2026-06-08T10:37:12.0000000Z;9.6616;9.6814;943;4750
2026-06-08T10:37:13.0000000Z;9.6616;9.6814;943;4750
2026-06-08T10:37:30.0000000Z;9.6616;9.6816;943;2583
2026-06-08T10:37:31.0000000Z;9.6616;9.6808;943;4484
2026-06-08T10:37:45.0000000Z;9.6616;9.6808;943;4484
2026-06-08T10:38:20.0000000Z;9.6616;9.6806;943;4750
2026-06-08T10:38:21.0000000Z;9.6616;9.6804;943;4484
2026-06-08T10:38:25.0000000Z;9.6616;9.6806;943;4750
2026-06-08T10:38:27.0000000Z;9.6618;9.6806;4484;4750
2026-06-08T10:38:28.0000000Z;9.6642;9.6804;155;4484
2026-06-08T10:38:29.0000000Z;9.6648;9.6806;155;4750
2026-06-08T10:38:30.0000000Z;9.665;9.6806;4484;4750
2026-06-08T10:38:35.0000000Z;9.6652;9.6806;155;4750
2026-06-08T10:38:36.0000000Z;9.6654;9.6806;4484;4750
2026-06-08T10:38:43.0000000Z;9.6656;9.6806;155;4750
2026-06-08T10:38:44.0000000Z;9.6658;9.6806;4484;4750
2026-06-08T10:38:52.0000000Z;9.6658;9.6806;4484;4750
2026-06-08T10:39:03.0000000Z;9.6656;9.6784;155;4750
2026-06-08T10:39:04.0000000Z;9.665;9.6782;943;4484
2026-06-08T10:39:10.0000000Z;9.6652;9.6786;155;943
2026-06-08T10:40:15.0000000Z;9.6652;9.6786;155;943
2026-06-08T10:41:13.0000000Z;9.6652;9.6784;155;4484
2026-06-08T10:41:14.0000000Z;9.665;9.6784;943;4750
2026-06-08T10:41:18.0000000Z;9.6656;9.6784;4750;4750
2026-06-08T10:41:19.0000000Z;9.6658;9.6784;4484;4750
2026-06-08T10:41:22.0000000Z;9.6658;9.6784;4484;4484
2026-06-08T10:41:55.0000000Z;9.6656;9.6784;4750;4750
2026-06-08T10:45:27.0000000Z;9.6682;9.6752;943;5693
2026-06-08T10:45:28.0000000Z;9.6682;9.675;943;4484
2026-06-08T10:45:30.0000000Z;9.6682;9.675;53000;4484
2026-06-08T10:45:33.0000000Z;9.6682;9.675;53000;4484
2026-06-08T10:46:15.0000000Z;9.6682;9.6752;943;5693
2026-06-08T10:48:33.0000000Z;9.6682;9.6752;943;943
2026-06-08T10:48:43.0000000Z;9.6682;9.675;943;4750
2026-06-08T10:48:50.0000000Z;9.6682;9.675;943;57484
2026-06-08T10:51:00.0000000Z;9.6434;9.675;4750;4750
2026-06-08T10:51:01.0000000Z;9.6682;9.6748;53000;53000
2026-06-08T10:51:02.0000000Z;9.6404;9.6748;232;4750
2026-06-08T10:51:03.0000000Z;9.668;9.6748;2586;4750
2026-06-08T10:51:04.0000000Z;9.668;9.6748;2586;4750
2026-06-08T10:51:05.0000000Z;9.668;9.6748;2586;4750
2026-06-08T10:51:06.0000000Z;9.645;9.6748;2844;4750
2026-06-08T10:51:07.0000000Z;9.6476;9.6748;232;4750
2026-06-08T10:51:08.0000000Z;9.668;9.6748;2586;4750
2026-06-08T10:51:09.0000000Z;9.651;9.6748;1948;4750
2026-06-08T10:51:10.0000000Z;9.6516;9.6748;232;4750
2026-06-08T10:51:11.0000000Z;9.6516;9.6748;232;4750
2026-06-08T10:51:12.0000000Z;9.6524;9.6748;2689;4750
2026-06-08T10:51:13.0000000Z;9.655;9.6748;1793;4750
2026-06-08T10:51:14.0000000Z;9.6552;9.6748;4484;4750
2026-06-08T10:51:18.0000000Z;9.6554;9.6748;1793;4750
2026-06-08T10:51:19.0000000Z;9.6554;9.6748;53000;4750
2026-06-08T10:51:20.0000000Z;9.6556;9.6748;4484;4750
2026-06-08T10:51:22.0000000Z;9.6556;9.6748;4484;4750
2026-06-08T10:51:23.0000000Z;9.6528;9.6748;2025;4750
2026-06-08T10:51:24.0000000Z;9.6554;9.6748;54793;4750
2026-06-08T10:51:25.0000000Z;9.6556;9.6748;4484;4750
2026-06-08T10:51:30.0000000Z;9.6528;9.6748;2025;4750
2026-06-08T10:51:31.0000000Z;9.653;9.6748;4484;4750
2026-06-08T10:51:36.0000000Z;9.6534;9.6748;1793;4750
2026-06-08T10:51:37.0000000Z;9.6546;9.6748;1793;4750
2026-06-08T10:51:40.0000000Z;9.6546;9.6748;1793;4750
2026-06-08T10:51:41.0000000Z;9.6548;9.6748;4484;4750
2026-06-08T10:51:42.0000000Z;9.6528;9.6748;2025;4750
2026-06-08T10:51:43.0000000Z;9.6544;9.6748;2590;4750
2026-06-08T10:51:47.0000000Z;9.6528;9.6748;2025;4750
2026-06-08T10:51:48.0000000Z;9.6542;9.6748;1793;4750
2026-06-08T10:51:49.0000000Z;9.6552;9.6748;4484;4750
2026-06-08T10:51:51.0000000Z;9.6634;9.6702;943;4750
2026-06-08T10:51:52.0000000Z;9.6634;9.67;53000;4484
2026-06-08T10:51:54.0000000Z;9.6634;9.6702;943;4750
2026-06-08T10:51:57.0000000Z;9.6634;9.67;53000;4484
2026-06-08T10:53:14.0000000Z;9.6634;9.6702;943;4750
2026-06-08T10:53:34.0000000Z;9.6634;9.6702;943;4750
2026-06-08T10:55:14.0000000Z;9.6634;9.6702;943;4750
2026-06-08T10:56:01.0000000Z;9.6634;9.67;943;4750
2026-06-08T10:56:02.0000000Z;9.6634;9.6698;943;4484
2026-06-08T10:56:08.0000000Z;9.6634;9.6698;943;4484
2026-06-08T10:58:11.0000000Z;9.6634;9.67;943;4750
2026-06-08T10:59:19.0000000Z;9.6634;9.67;943;4750
2026-06-08T10:59:37.0000000Z;9.6634;9.67;943;4750
2026-06-08T10:59:38.0000000Z;9.6634;9.67;943;4750
2026-06-08T10:59:39.0000000Z;9.6634;9.67;943;4750
2026-06-08T10:59:41.0000000Z;9.6634;9.67;943;4750
2026-06-08T10:59:45.0000000Z;9.6634;9.67;943;4750
2026-06-08T10:59:50.0000000Z;9.6634;9.67;943;4750
2026-06-08T11:00:49.0000000Z;9.6634;9.67;943;4750
2026-06-08T11:00:52.0000000Z;9.6634;9.67;943;4750
2026-06-08T11:01:06.0000000Z;9.6634;9.67;943;4750
2026-06-08T11:01:12.0000000Z;9.6634;9.67;943;4750
2026-06-08T11:02:38.0000000Z;9.6634;9.67;943;4750
2026-06-08T11:03:27.0000000Z;9.6634;9.6698;53000;4484
2026-06-08T11:05:33.0000000Z;9.6634;9.67;943;4750
2026-06-08T11:10:35.0000000Z;9.6634;9.6704;943;943
2026-06-08T11:10:36.0000000Z;9.6634;9.67;943;53000
2026-06-08T11:10:38.0000000Z;9.6634;9.6702;943;7070
2026-06-08T11:10:40.0000000Z;9.6636;9.6702;4484;7070
2026-06-08T11:10:42.0000000Z;9.6636;9.6702;4484;2586
2026-06-08T11:10:43.0000000Z;9.6636;9.6702;4484;4484
2026-06-08T11:10:45.0000000Z;9.659;9.6728;943;943
2026-06-08T11:10:46.0000000Z;9.659;9.6728;943;943
2026-06-08T11:10:50.0000000Z;9.6594;9.6728;1793;943
2026-06-08T11:10:57.0000000Z;9.6594;9.6728;1793;943
2026-06-08T11:10:59.0000000Z;9.659;9.6728;943;943
2026-06-08T11:11:00.0000000Z;9.6088;9.7248;10900;17933
2026-06-08T11:11:02.0000000Z;9.6594;9.6732;943;943
2026-06-08T11:11:03.0000000Z;9.6594;9.6732;943;2736
2026-06-08T11:11:18.0000000Z;9.6596;9.6732;1793;943
2026-06-08T11:11:24.0000000Z;9.6594;9.6732;943;943
2026-06-08T11:11:25.0000000Z;9.6088;9.7248;10900;17933
2026-06-08T11:11:27.0000000Z;9.654;9.6814;943;943
2026-06-08T11:11:28.0000000Z;9.6568;9.678;1793;1793
2026-06-08T11:12:45.0000000Z;9.6614;9.6752;943;943
2026-06-08T11:12:46.0000000Z;9.6612;9.6754;2588;2584
2026-06-08T11:12:50.0000000Z;9.6614;9.6752;943;943
2026-06-08T11:12:55.0000000Z;9.6614;9.6752;943;943
2026-06-08T11:13:00.0000000Z;9.6614;9.6752;943;943
2026-06-08T11:13:07.0000000Z;9.6614;9.6752;943;943
2026-06-08T11:13:10.0000000Z;9.6614;9.6752;943;943
2026-06-08T11:15:00.0000000Z;9.6102;9.7236;4750;4750
2026-06-08T11:15:01.0000000Z;9.611;9.7232;4750;4750
2026-06-08T11:15:02.0000000Z;9.6118;9.7232;4750;4750
2026-06-08T11:15:03.0000000Z;9.6102;9.7232;155;4750
2026-06-08T11:15:05.0000000Z;9.6102;9.721;155;1793
2026-06-08T11:15:06.0000000Z;9.6104;9.6754;232;2584
2026-06-08T11:15:07.0000000Z;9.6612;9.6754;2588;2584
2026-06-08T11:15:08.0000000Z;9.611;9.7202;1948;1793
2026-06-08T11:15:09.0000000Z;9.611;9.6754;1948;2584
2026-06-08T11:15:12.0000000Z;9.6116;9.7198;155;1793
2026-06-08T11:15:13.0000000Z;9.6612;9.6754;2588;2584
2026-06-08T11:15:14.0000000Z;9.6124;9.719;1948;1793
2026-06-08T11:15:15.0000000Z;9.6612;9.6754;2588;2584
2026-06-08T11:15:16.0000000Z;9.6126;9.7188;4484;4484
2026-06-08T11:15:17.0000000Z;9.6128;9.7186;1948;1793
2026-06-08T11:15:18.0000000Z;9.6132;9.7182;1948;1793
2026-06-08T11:15:19.0000000Z;9.6136;9.7178;1948;1793
2026-06-08T11:15:20.0000000Z;9.614;9.7174;1948;1793
2026-06-08T11:15:21.0000000Z;9.6144;9.717;1948;1793
2026-06-08T11:15:22.0000000Z;9.6152;9.7166;1948;1793
2026-06-08T11:15:23.0000000Z;9.6154;9.7164;4484;4484
2026-06-08T11:15:24.0000000Z;9.6154;9.7162;155;1793
2026-06-08T11:15:25.0000000Z;9.6158;9.7154;1948;1793
2026-06-08T11:15:26.0000000Z;9.6162;9.715;1948;1793
2026-06-08T11:15:27.0000000Z;9.6652;9.6856;943;943
2026-06-08T11:15:29.0000000Z;9.6652;9.6856;943;943
2026-06-08T11:15:32.0000000Z;9.6652;9.6856;943;943
2026-06-08T11:16:12.0000000Z;9.6652;9.6856;943;943
2026-06-08T11:16:13.0000000Z;9.6652;9.6854;943;1414
2026-06-08T11:16:14.0000000Z;9.6652;9.6856;943;943
2026-06-08T11:16:20.0000000Z;9.6652;9.6854;943;1414
2026-06-08T11:16:22.0000000Z;9.6652;9.6856;943;943
2026-06-08T11:17:06.0000000Z;9.6652;9.6854;943;1414
2026-06-08T11:17:08.0000000Z;9.6652;9.6856;943;943
2026-06-08T11:17:09.0000000Z;9.6652;9.6854;943;1414
2026-06-08T11:17:12.0000000Z;9.6652;9.6856;943;943
2026-06-08T11:17:17.0000000Z;9.6652;9.6854;943;1414
2026-06-08T11:17:19.0000000Z;9.6652;9.6856;943;943
2026-06-08T11:18:11.0000000Z;9.6652;9.6854;943;1414
2026-06-08T11:18:12.0000000Z;9.6652;9.6856;943;943
2026-06-08T11:18:46.0000000Z;9.6652;9.6856;943;943
2026-06-08T11:18:47.0000000Z;9.6654;9.6856;4484;943
2026-06-08T11:18:49.0000000Z;9.6652;9.6854;943;4750
2026-06-08T11:18:58.0000000Z;9.6654;9.6854;4750;4750
2026-06-08T11:19:00.0000000Z;9.6654;9.6854;4484;4484
2026-06-08T11:19:06.0000000Z;9.6654;9.6854;4750;4750
2026-06-08T11:19:12.0000000Z;9.6652;9.6854;943;4750
2026-06-08T11:19:15.0000000Z;9.6652;9.6854;2587;4750
2026-06-08T11:19:16.0000000Z;9.6652;9.6854;2587;4750
2026-06-08T11:19:18.0000000Z;9.6652;9.685;943;4750
2026-06-08T11:19:19.0000000Z;9.6652;9.6848;943;4484
2026-06-08T11:19:23.0000000Z;9.665;9.6848;2587;4484
2026-06-08T11:19:24.0000000Z;9.6654;9.685;4484;4750
2026-06-08T11:19:28.0000000Z;9.665;9.685;2587;4750
2026-06-08T11:19:29.0000000Z;9.6654;9.685;4484;4750
2026-06-08T11:19:33.0000000Z;9.665;9.685;2587;4750
2026-06-08T11:19:34.0000000Z;9.6654;9.685;4484;4750
2026-06-08T11:19:51.0000000Z;9.6652;9.685;5693;4750
2026-06-08T11:20:00.0000000Z;9.6654;9.6854;4750;4750
2026-06-08T11:20:01.0000000Z;9.6654;9.6852;4750;7066
2026-06-08T11:20:14.0000000Z;9.6654;9.6852;4484;4484
2026-06-08T11:20:46.0000000Z;9.6652;9.6854;943;4750
2026-06-08T11:20:49.0000000Z;9.6652;9.6854;5693;4750
2026-06-08T11:20:50.0000000Z;9.6704;9.6842;943;5693
2026-06-08T11:20:51.0000000Z;9.6704;9.684;943;4484
2026-06-08T11:20:59.0000000Z;9.6702;9.684;2586;4484
2026-06-08T11:21:26.0000000Z;9.6704;9.6842;943;943
2026-06-08T11:21:29.0000000Z;9.6704;9.6844;943;2582
2026-06-08T11:21:31.0000000Z;9.6704;9.684;943;4484
2026-06-08T11:21:32.0000000Z;9.6704;9.6844;943;2582
2026-06-08T11:21:33.0000000Z;9.6704;9.684;943;4484
2026-06-08T11:21:34.0000000Z;9.6704;9.6844;943;2582
2026-06-08T11:22:05.0000000Z;9.6704;9.684;943;4484
2026-06-08T11:22:52.0000000Z;9.6704;9.6842;943;5693
2026-06-08T11:30:11.0000000Z;9.6704;9.6842;943;5693
2026-06-08T11:33:11.0000000Z;9.6704;9.6842;943;943
2026-06-08T11:33:25.0000000Z;9.6742;9.6844;943;2582
2026-06-08T11:33:35.0000000Z;9.674;9.6814;2585;2583
2026-06-08T11:34:51.0000000Z;9.6742;9.6812;943;943
2026-06-08T11:35:29.0000000Z;9.6742;9.6812;943;943
2026-06-08T11:35:30.0000000Z;9.6742;9.6812;943;943
2026-06-08T11:35:41.0000000Z;9.6742;9.6812;943;943
2026-06-08T11:37:18.0000000Z;9.6742;9.6812;943;943
2026-06-08T11:38:49.0000000Z;9.6742;9.6812;943;943
2026-06-08T11:39:27.0000000Z;9.6742;9.6812;943;943
2026-06-08T11:40:26.0000000Z;9.6742;9.681;943;4750
2026-06-08T11:40:36.0000000Z;9.6742;9.681;943;4484
2026-06-08T11:42:30.0000000Z;9.6742;9.681;943;4750
2026-06-08T11:42:49.0000000Z;9.6742;9.681;53000;57484
2026-06-08T11:43:01.0000000Z;9.6742;9.6812;943;943
2026-06-08T11:43:02.0000000Z;9.6742;9.6812;943;943
2026-06-08T11:43:04.0000000Z;9.676;9.6826;943;4750
2026-06-08T11:43:05.0000000Z;9.676;9.681;943;53000
2026-06-08T11:43:07.0000000Z;9.676;9.6812;943;2583
2026-06-08T11:43:09.0000000Z;9.676;9.6824;53000;4484
2026-06-08T11:44:41.0000000Z;9.676;9.6826;943;4750
2026-06-08T11:52:09.0000000Z;9.6742;9.681;943;4750
2026-06-08T11:52:10.0000000Z;9.6742;9.681;943;4750
2026-06-08T11:52:11.0000000Z;9.6758;9.6808;2584;4484
2026-06-08T11:52:16.0000000Z;9.6742;9.6808;53000;4484
2026-06-08T12:00:00.0000000Z;9.621;9.681;155;4750
2026-06-08T12:00:01.0000000Z;9.6212;9.681;232;4750
2026-06-08T12:00:02.0000000Z;9.675;9.681;53000;4750
2026-06-08T12:00:06.0000000Z;9.675;9.681;943;4750
2026-06-08T12:00:10.0000000Z;9.675;9.681;53000;4750
2026-06-08T12:01:41.0000000Z;9.675;9.681;943;4750
2026-06-08T12:01:42.0000000Z;9.675;9.681;943;4750
2026-06-08T12:02:55.0000000Z;9.675;9.681;53000;4750
2026-06-08T12:02:56.0000000Z;9.675;9.681;53000;4750
2026-06-08T12:02:57.0000000Z;9.671;9.681;943;4750
2026-06-08T12:02:58.0000000Z;9.6748;9.681;2585;4750
2026-06-08T12:03:01.0000000Z;9.671;9.681;943;4750
2026-06-08T12:03:04.0000000Z;9.6712;9.681;4484;4750
2026-06-08T12:03:51.0000000Z;9.671;9.681;53000;4750
2026-06-08T12:03:55.0000000Z;9.671;9.681;943;4750
2026-06-08T12:04:03.0000000Z;9.671;9.681;53000;4750
2026-06-08T12:04:04.0000000Z;9.6712;9.681;4484;4750
2026-06-08T12:04:12.0000000Z;9.671;9.681;53000;4750
2026-06-08T12:04:27.0000000Z;9.6712;9.681;4484;4750
2026-06-08T12:04:41.0000000Z;9.671;9.681;943;4750
2026-06-08T12:04:51.0000000Z;9.671;9.681;53000;4750
2026-06-08T12:04:52.0000000Z;9.6712;9.681;4484;4750
2026-06-08T12:04:53.0000000Z;9.671;9.681;53000;4750
2026-06-08T12:05:01.0000000Z;9.6712;9.681;4484;4750
2026-06-08T12:05:12.0000000Z;9.671;9.681;53000;4750
2026-06-08T12:05:13.0000000Z;9.6712;9.681;4484;4750
2026-06-08T12:05:28.0000000Z;9.671;9.681;53000;4750
2026-06-08T12:08:17.0000000Z;9.671;9.681;943;4750
2026-06-08T12:08:28.0000000Z;9.6734;9.6802;943;4750
2026-06-08T12:08:29.0000000Z;9.6734;9.68;943;4484
2026-06-08T12:08:37.0000000Z;9.6734;9.68;53000;4484
2026-06-08T12:12:55.0000000Z;9.6734;9.68;53000;4484
2026-06-08T12:15:19.0000000Z;9.6734;9.6802;943;4750
2026-06-08T12:15:35.0000000Z;9.6716;9.6784;943;4750
2026-06-08T12:15:36.0000000Z;9.6716;9.6782;943;4484
2026-06-08T12:15:37.0000000Z;9.6732;9.6782;2585;4484
2026-06-08T12:15:40.0000000Z;9.6716;9.6782;53000;4484
2026-06-08T12:19:35.0000000Z;9.6716;9.6784;943;4750
2026-06-08T12:23:03.0000000Z;9.6716;9.6786;943;943
2026-06-08T12:23:04.0000000Z;9.6716;9.6784;943;57484
2026-06-08T12:23:05.0000000Z;9.6734;9.68;943;4750
2026-06-08T12:23:06.0000000Z;9.6734;9.6786;53000;55584
2026-06-08T12:23:08.0000000Z;9.6734;9.6786;53000;2584
2026-06-08T12:23:12.0000000Z;9.6734;9.6798;53000;4484
2026-06-08T12:26:48.0000000Z;9.6732;9.6798;2585;4484
2026-06-08T12:39:59.0000000Z;9.6734;9.68;943;4750
2026-06-08T12:40:00.0000000Z;9.6224;9.68;4750;4750
2026-06-08T12:40:01.0000000Z;9.6732;9.68;2585;4750
2026-06-08T12:40:02.0000000Z;9.6224;9.68;155;4750
2026-06-08T12:40:03.0000000Z;9.673;9.6796;943;4750
2026-06-08T12:40:04.0000000Z;9.673;9.6794;943;4484
2026-06-08T12:40:05.0000000Z;9.673;9.6796;943;4750
2026-06-08T12:40:07.0000000Z;9.673;9.6796;943;4750
2026-06-08T12:40:09.0000000Z;9.6728;9.6794;2585;4484
2026-06-08T12:41:14.0000000Z;9.673;9.6796;943;4750
2026-06-08T12:41:15.0000000Z;9.673;9.6796;943;4750
2026-06-08T12:41:16.0000000Z;9.673;9.6796;943;4750
2026-06-08T12:42:33.0000000Z;9.673;9.6798;943;943
2026-06-08T12:42:34.0000000Z;9.613;9.718;4750;4750
2026-06-08T12:42:35.0000000Z;9.6728;9.718;2585;4750
2026-06-08T12:42:36.0000000Z;9.6728;9.6798;943;943
2026-06-08T12:42:37.0000000Z;9.6728;9.6798;943;943
2026-06-08T12:42:39.0000000Z;9.6728;9.6798;943;5693
2026-06-08T12:42:40.0000000Z;9.6168;9.6798;155;4750
2026-06-08T12:42:41.0000000Z;9.6168;9.6798;155;4750
2026-06-08T12:42:42.0000000Z;9.6728;9.6798;943;5693
2026-06-08T12:42:45.0000000Z;9.6728;9.6798;943;5693
2026-06-08T12:42:47.0000000Z;9.6728;9.6798;943;5693
2026-06-08T12:42:48.0000000Z;9.6142;9.6798;1948;4750
2026-06-08T12:42:49.0000000Z;9.6728;9.6798;2585;4750
2026-06-08T12:42:50.0000000Z;9.6698;9.6798;943;4750
2026-06-08T12:42:51.0000000Z;9.6728;9.6798;2585;4750
2026-06-08T12:42:53.0000000Z;9.67;9.6796;4484;4484
2026-06-08T12:42:54.0000000Z;9.6698;9.6798;943;4750
2026-06-08T12:43:02.0000000Z;9.6698;9.6798;943;4750
2026-06-08T12:43:59.0000000Z;9.6698;9.6798;943;4750
2026-06-08T12:43:59.0000000Z;9.6698;9.6798;943;4750
2026-06-08T12:44:16.0000000Z;9.6698;9.6798;943;4750
2026-06-08T12:44:37.0000000Z;9.6736;9.6798;943;4750
2026-06-08T12:44:44.0000000Z;9.6166;9.6798;4905;4750
2026-06-08T12:44:45.0000000Z;9.6696;9.6798;2586;4750
2026-06-08T12:44:46.0000000Z;9.6186;9.6798;155;4750
2026-06-08T12:44:47.0000000Z;9.6198;9.6798;1948;4750
2026-06-08T12:44:48.0000000Z;9.621;9.6798;155;4750
2026-06-08T12:44:49.0000000Z;9.6212;9.6798;4484;4750
2026-06-08T12:44:50.0000000Z;9.6736;9.6798;943;4750
2026-06-08T12:44:55.0000000Z;9.6736;9.6798;943;4750
2026-06-08T12:45:22.0000000Z;9.6736;9.6798;943;4750
2026-06-08T12:46:30.0000000Z;9.6736;9.6798;943;4750
2026-06-08T12:47:02.0000000Z;9.6736;9.6798;943;4750
2026-06-08T12:48:10.0000000Z;9.6736;9.6798;943;4750
2026-06-08T12:52:07.0000000Z;9.6736;9.6796;53000;4484
2026-06-08T12:53:15.0000000Z;9.6718;9.6786;943;4750
2026-06-08T12:53:16.0000000Z;9.6734;9.6784;2585;4484
2026-06-08T12:53:22.0000000Z;9.6718;9.6784;53000;4484
2026-06-08T12:53:39.0000000Z;9.6718;9.6786;943;4750
2026-06-08T12:55:49.0000000Z;9.6718;9.6786;943;4750
2026-06-08T12:57:47.0000000Z;9.6718;9.6786;943;4750
2026-06-08T12:59:13.0000000Z;9.6718;9.6786;53000;4750
2026-06-08T12:59:14.0000000Z;9.6258;9.6786;155;4750
2026-06-08T12:59:15.0000000Z;9.6726;9.6786;943;4750
2026-06-08T12:59:16.0000000Z;9.6726;9.6786;53000;4750
2026-06-08T12:59:20.0000000Z;9.6726;9.6786;943;4750
2026-06-08T12:59:22.0000000Z;9.6726;9.6786;53000;4750
2026-06-08T13:00:19.0000000Z;9.6726;9.6794;943;943
2026-06-08T13:00:20.0000000Z;9.6726;9.6786;943;53000
2026-06-08T13:00:21.0000000Z;9.6726;9.6794;943;5693
2026-06-08T13:00:24.0000000Z;9.6726;9.6788;943;2583
2026-06-08T13:00:36.0000000Z;9.6726;9.6792;943;4484
2026-06-08T13:00:55.0000000Z;9.6726;9.6794;943;5693
2026-06-08T13:02:53.0000000Z;9.6726;9.6794;943;5693
2026-06-08T13:04:27.0000000Z;9.6726;9.6794;943;5693
2026-06-08T13:10:00.0000000Z;9.6726;9.6794;943;5693
2026-06-08T13:10:47.0000000Z;9.6708;9.6778;943;943
2026-06-08T13:10:48.0000000Z;9.6724;9.6776;2585;4484
2026-06-08T13:10:55.0000000Z;9.6708;9.6776;53000;4484
2026-06-08T13:11:45.0000000Z;9.671;9.6778;4484;53000
2026-06-08T13:12:26.0000000Z;9.671;9.6776;4484;4484
2026-06-08T13:12:35.0000000Z;9.6708;9.6776;53000;4484
2026-06-08T13:12:41.0000000Z;9.671;9.6776;4484;4484
2026-06-08T13:12:46.0000000Z;9.671;9.6778;4484;53000
2026-06-08T13:13:22.0000000Z;9.671;9.6776;4484;4484
2026-06-08T13:13:31.0000000Z;9.671;9.6778;4484;53000
2026-06-08T13:14:08.0000000Z;9.671;9.6776;4484;4484
2026-06-08T13:14:15.0000000Z;9.671;9.6778;4484;53000
2026-06-08T13:15:39.0000000Z;9.671;9.6776;4484;4484
2026-06-08T13:15:41.0000000Z;9.671;9.6778;4484;53000
2026-06-08T13:15:42.0000000Z;9.671;9.6776;4484;4484
2026-06-08T13:15:53.0000000Z;9.6708;9.6778;943;943
2026-06-08T13:16:09.0000000Z;9.6708;9.6778;943;943
2026-06-08T13:16:25.0000000Z;9.6708;9.6778;53000;943
2026-06-08T13:16:55.0000000Z;9.671;9.6778;4484;943
2026-06-08T13:16:56.0000000Z;9.6708;9.6778;53000;943
2026-06-08T13:17:26.0000000Z;9.671;9.6778;4484;943
2026-06-08T13:17:54.0000000Z;9.671;9.6778;4484;53000
2026-06-08T13:17:56.0000000Z;9.671;9.6776;4484;4484
2026-06-08T13:17:58.0000000Z;9.671;9.6778;4484;53000
2026-06-08T13:18:05.0000000Z;9.671;9.6776;4484;4484
2026-06-08T13:18:07.0000000Z;9.671;9.6778;4484;53000
2026-06-08T13:18:08.0000000Z;9.671;9.6776;4484;4484
2026-06-08T13:18:16.0000000Z;9.671;9.6778;4484;53000
2026-06-08T13:18:50.0000000Z;9.671;9.6776;4484;4484
2026-06-08T13:19:44.0000000Z;9.671;9.6778;4484;53000
2026-06-08T13:20:00.0000000Z;9.6708;9.6778;943;943
2026-06-08T13:20:01.0000000Z;9.6708;9.6778;943;943
2026-06-08T13:20:21.0000000Z;9.6708;9.6778;5693;943
2026-06-08T13:20:22.0000000Z;9.671;9.6778;155;943
2026-06-08T13:20:23.0000000Z;9.671;9.6778;57484;943
2026-06-08T13:20:29.0000000Z;9.6714;9.6778;155;943
2026-06-08T13:20:30.0000000Z;9.6716;9.6778;4484;943
2026-06-08T13:20:32.0000000Z;9.6718;9.6778;155;943
2026-06-08T13:20:33.0000000Z;9.672;9.6778;4484;943
2026-06-08T13:20:37.0000000Z;9.6726;9.6778;155;943
2026-06-08T13:20:38.0000000Z;9.6728;9.6778;4484;943
2026-06-08T13:20:39.0000000Z;9.6728;9.6778;4484;943
2026-06-08T13:20:51.0000000Z;9.6726;9.6778;155;943
2026-06-08T13:20:56.0000000Z;9.673;9.6778;53000;943
2026-06-08T13:20:57.0000000Z;9.6732;9.6778;4484;943
2026-06-08T13:21:01.0000000Z;9.673;9.6794;155;943
2026-06-08T13:21:05.0000000Z;9.673;9.678;155;943
2026-06-08T13:21:06.0000000Z;9.6732;9.6794;4484;53000
2026-06-08T13:21:26.0000000Z;9.6734;9.6794;155;943
2026-06-08T13:21:27.0000000Z;9.6736;9.6794;4484;943
2026-06-08T13:21:36.0000000Z;9.6736;9.6794;4484;943
2026-06-08T13:21:46.0000000Z;9.674;9.6794;4750;943
2026-06-08T13:21:47.0000000Z;9.6742;9.6794;155;943
2026-06-08T13:21:48.0000000Z;9.6742;9.6794;57484;943
2026-06-08T13:21:53.0000000Z;9.6742;9.6794;155;943
2026-06-08T13:22:01.0000000Z;9.6746;9.6794;155;943
2026-06-08T13:22:02.0000000Z;9.6748;9.6794;4484;943
2026-06-08T13:22:04.0000000Z;9.675;9.6794;155;943
2026-06-08T13:22:05.0000000Z;9.6752;9.6794;4484;943
2026-06-08T13:22:11.0000000Z;9.6752;9.6794;4484;943
2026-06-08T13:22:21.0000000Z;9.675;9.6794;155;943
2026-06-08T13:22:22.0000000Z;9.675;9.6794;155;943
2026-06-08T13:22:39.0000000Z;9.675;9.6794;155;943
2026-06-08T13:23:36.0000000Z;9.6734;9.6794;155;943
2026-06-08T13:23:37.0000000Z;9.675;9.6794;53000;943
2026-06-08T13:23:38.0000000Z;9.6748;9.6794;155;943
2026-06-08T13:23:46.0000000Z;9.6736;9.6794;4484;943
2026-06-08T13:23:48.0000000Z;9.6738;9.6794;155;943
2026-06-08T13:23:49.0000000Z;9.674;9.6794;4484;943
2026-06-08T13:23:57.0000000Z;9.674;9.6794;4484;943
2026-06-08T13:23:58.0000000Z;9.6742;9.6794;155;943
2026-06-08T13:23:59.0000000Z;9.6744;9.6794;4484;943
2026-06-08T13:24:06.0000000Z;9.6744;9.6794;4484;943
2026-06-08T13:24:11.0000000Z;9.6742;9.6794;155;943
2026-06-08T13:24:19.0000000Z;9.6742;9.6794;155;943
2026-06-08T13:24:43.0000000Z;9.6742;9.6794;155;943
2026-06-08T13:24:44.0000000Z;9.6744;9.6794;4484;943
2026-06-08T13:24:47.0000000Z;9.6744;9.6812;53000;943
2026-06-08T13:24:48.0000000Z;9.6746;9.6812;4484;943
2026-06-08T13:24:50.0000000Z;9.6746;9.6796;4484;943
2026-06-08T13:24:54.0000000Z;9.6746;9.6812;4484;53000
2026-06-08T13:24:58.0000000Z;9.6744;9.681;53000;4484
2026-06-08T13:25:00.0000000Z;9.6744;9.681;53000;57484
2026-06-08T13:25:05.0000000Z;9.6744;9.681;53000;57484
2026-06-08T13:26:23.0000000Z;9.6744;9.681;943;4750
2026-06-08T13:27:27.0000000Z;9.6744;9.681;943;53000
2026-06-08T13:27:29.0000000Z;9.6744;9.6812;943;55583
2026-06-08T13:27:35.0000000Z;9.6744;9.6812;943;53000
2026-06-08T13:29:12.0000000Z;9.6744;9.6812;943;943
2026-06-08T13:29:23.0000000Z;9.6744;9.6812;943;943
2026-06-08T13:30:52.0000000Z;9.6744;9.6812;943;943
2026-06-08T13:31:36.0000000Z;9.6744;9.6812;943;943
2026-06-08T13:31:54.0000000Z;9.6744;9.6812;943;943
2026-06-08T13:32:13.0000000Z;9.6762;9.683;943;943
2026-06-08T13:32:14.0000000Z;9.6762;9.683;53000;943
2026-06-08T13:32:16.0000000Z;9.6762;9.6814;53000;2583
2026-06-08T13:32:28.0000000Z;9.6762;9.683;53000;53000
2026-06-08T13:33:34.0000000Z;9.6762;9.683;943;943
2026-06-08T13:35:17.0000000Z;9.6762;9.683;943;943
2026-06-08T13:36:57.0000000Z;9.6762;9.683;943;943
2026-06-08T13:37:19.0000000Z;9.6762;9.683;943;943
2026-06-08T13:42:59.0000000Z;9.626;9.7424;1948;1793
2026-06-08T13:43:00.0000000Z;9.676;9.6832;2584;2582
2026-06-08T13:43:01.0000000Z;9.6268;9.7416;1948;1793
2026-06-08T13:43:02.0000000Z;9.6754;9.6824;943;943
2026-06-08T13:43:03.0000000Z;9.676;9.6824;2584;53000
2026-06-08T13:43:06.0000000Z;9.6754;9.6824;943;943
2026-06-08T13:43:10.0000000Z;9.6754;9.6824;53000;53000
2026-06-08T13:44:18.0000000Z;9.6754;9.6824;943;943
2026-06-08T13:44:21.0000000Z;9.6754;9.6824;943;943
2026-06-08T13:44:24.0000000Z;9.6754;9.6824;943;943
2026-06-08T13:44:27.0000000Z;9.6754;9.6824;943;943
2026-06-08T13:44:29.0000000Z;9.6754;9.6824;943;943
2026-06-08T13:45:00.0000000Z;9.6754;9.6824;943;943
2026-06-08T13:45:03.0000000Z;9.6754;9.6824;943;943
2026-06-08T13:45:05.0000000Z;9.6276;9.738;1948;19726
2026-06-08T13:45:06.0000000Z;9.6284;9.7372;1948;1793
2026-06-08T13:45:07.0000000Z;9.674;9.681;943;943
2026-06-08T13:45:08.0000000Z;9.6752;9.681;2584;53000
2026-06-08T13:45:11.0000000Z;9.674;9.681;943;943
2026-06-08T13:45:18.0000000Z;9.674;9.681;53000;53000
2026-06-08T13:46:45.0000000Z;9.674;9.681;943;943
2026-06-08T13:46:51.0000000Z;9.674;9.681;943;943
2026-06-08T13:47:10.0000000Z;9.674;9.681;943;943
2026-06-08T13:54:20.0000000Z;9.6738;9.6812;2585;2583
2026-06-08T13:59:58.0000000Z;9.6284;9.681;4552;943
2026-06-08T13:59:59.0000000Z;9.6294;9.7366;155;1793
2026-06-08T14:00:00.0000000Z;9.6736;9.6804;155;943
2026-06-08T14:00:05.0000000Z;9.6736;9.6804;155;943
2026-06-08T14:00:13.0000000Z;9.6734;9.6806;155;943
2026-06-08T14:01:40.0000000Z;9.6736;9.6804;155;943
2026-06-08T14:03:07.0000000Z;9.6734;9.6804;943;943
2026-06-08T14:03:21.0000000Z;9.6732;9.6806;2585;2583
2026-06-08T14:06:45.0000000Z;9.6734;9.6804;53000;53000
2026-06-08T14:08:00.0000000Z;9.6734;9.6804;943;943
2026-06-08T14:08:10.0000000Z;9.6716;9.6786;943;53000
2026-06-08T14:08:12.0000000Z;9.6732;9.6786;2585;53000
2026-06-08T14:08:13.0000000Z;9.6718;9.6786;155;943
2026-06-08T14:08:14.0000000Z;9.6732;9.6786;2585;943
2026-06-08T14:08:22.0000000Z;9.6718;9.6786;53000;53000
2026-06-08T14:13:43.0000000Z;9.6716;9.6786;943;943
2026-06-08T14:13:45.0000000Z;9.6716;9.6786;53155;943
2026-06-08T14:13:52.0000000Z;9.6716;9.6786;53000;53000
2026-06-08T14:14:43.0000000Z;9.6718;9.6786;53000;943
2026-06-08T14:14:53.0000000Z;9.6718;9.6786;53000;53000
2026-06-08T14:15:39.0000000Z;9.6702;9.6768;155;943
2026-06-08T14:15:40.0000000Z;9.6702;9.6768;155;53000
2026-06-08T14:15:42.0000000Z;9.6716;9.6768;155;53000
2026-06-08T14:15:49.0000000Z;9.6702;9.6768;53000;53000
2026-06-08T14:15:51.0000000Z;9.6702;9.6768;155;943
2026-06-08T14:16:38.0000000Z;9.6702;9.6768;155;943
2026-06-08T14:20:39.0000000Z;9.6702;9.6768;155;943
2026-06-08T14:24:55.0000000Z;9.6684;9.6752;155;943
2026-06-08T14:24:56.0000000Z;9.6684;9.6752;155;53000
2026-06-08T14:24:58.0000000Z;9.67;9.6752;155;53000
2026-06-08T14:25:05.0000000Z;9.6684;9.6752;53000;53000
2026-06-08T14:25:45.0000000Z;9.6684;9.6752;155;943
2026-06-08T14:29:13.0000000Z;9.6684;9.6752;155;943
2026-06-08T14:30:13.0000000Z;9.6682;9.6752;943;943
2026-06-08T14:30:15.0000000Z;9.6682;9.6752;53155;943
2026-06-08T14:30:22.0000000Z;9.6682;9.6752;53000;53000
2026-06-08T14:30:33.0000000Z;9.6682;9.6752;943;943
2026-06-08T14:36:58.0000000Z;9.6666;9.6734;943;943
2026-06-08T14:37:01.0000000Z;9.668;9.6734;2586;943
2026-06-08T14:37:06.0000000Z;9.6666;9.6734;53000;53000
2026-06-08T14:40:23.0000000Z;9.6296;9.7366;155;1793
2026-06-08T14:40:24.0000000Z;9.6296;9.7366;232;1793
2026-06-08T14:40:25.0000000Z;9.666;9.673;943;943
2026-06-08T14:40:26.0000000Z;9.666;9.673;943;943
2026-06-08T14:40:27.0000000Z;9.6664;9.673;2587;943
2026-06-08T14:40:29.0000000Z;9.666;9.673;943;943
2026-06-08T14:40:30.0000000Z;9.666;9.673;943;943
2026-06-08T14:40:39.0000000Z;9.666;9.673;53000;53000
2026-06-08T14:46:46.0000000Z;9.666;9.673;943;943
2026-06-08T14:48:27.0000000Z;9.666;9.673;943;943
2026-06-08T14:50:01.0000000Z;9.6662;9.673;155;943
2026-06-08T14:50:02.0000000Z;9.6662;9.673;53000;943
2026-06-08T14:50:13.0000000Z;9.6662;9.673;53000;53000
2026-06-08T14:54:07.0000000Z;9.666;9.6732;155;943
2026-06-08T14:54:31.0000000Z;9.6662;9.673;155;943
2026-06-08T14:55:26.0000000Z;9.668;9.6746;155;943
2026-06-08T14:55:34.0000000Z;9.6678;9.6748;155;943
2026-06-08T14:59:11.0000000Z;9.668;9.6746;155;943
2026-06-08T14:59:20.0000000Z;9.668;9.6746;155;943
2026-06-08T14:59:41.0000000Z;9.668;9.6746;155;943
