2026-06-08T08:03:22.0000000Z;9.2094;9.2264;5000;5000
2026-06-08T08:03:24.0000000Z;9.2094;9.2264;5000;5965
2026-06-08T08:03:50.0000000Z;9.2094;9.2264;5000;5965
2026-06-08T08:04:13.0000000Z;9.2094;9.2264;5000;5000
2026-06-08T08:04:15.0000000Z;9.2094;9.2264;5000;5965
2026-06-08T08:07:26.0000000Z;9.2094;9.2264;5000;5965
2026-06-08T08:09:58.0000000Z;9.2094;9.2264;5000;5965
2026-06-08T08:22:55.0000000Z;9.2094;9.2264;5000;5000
2026-06-08T08:22:57.0000000Z;9.2094;9.2264;5000;5965
2026-06-08T08:25:43.0000000Z;9.2094;9.2264;5000;5000
2026-06-08T08:25:45.0000000Z;9.2094;9.2264;5000;5965
2026-06-08T08:31:25.0000000Z;9.2094;9.2264;5000;5965
2026-06-08T08:31:45.0000000Z;9.2094;9.2264;5000;5000
2026-06-08T08:31:47.0000000Z;9.2094;9.2264;5000;5965
2026-06-08T08:36:15.0000000Z;9.2096;9.2262;4701;4701
2026-06-08T08:40:49.0000000Z;9.2094;9.2264;5000;5000
2026-06-08T08:40:50.0000000Z;9.2094;9.2264;5000;5000
2026-06-08T08:40:51.0000000Z;9.2094;9.2264;5000;5965
2026-06-08T08:40:53.0000000Z;9.2094;9.2264;5000;5965
2026-06-08T08:47:29.0000000Z;9.2094;9.2264;5000;5965
2026-06-08T08:49:33.0000000Z;9.2094;9.2264;5000;5965
2026-06-08T08:50:27.0000000Z;9.2094;9.2264;5000;5000
2026-06-08T08:50:29.0000000Z;9.2094;9.2264;5000;5965
2026-06-08T08:51:00.0000000Z;9.2094;9.2264;5000;5965
2026-06-08T08:56:07.0000000Z;9.2094;9.2264;5000;5965
2026-06-08T09:09:02.0000000Z;9.2094;9.2264;5000;5965
2026-06-08T09:10:40.0000000Z;9.2094;9.2264;5000;5965
2026-06-08T09:12:06.0000000Z;9.2094;9.2264;5000;5965
2026-06-08T09:12:25.0000000Z;9.2094;9.2264;5000;5965
2026-06-08T09:20:45.0000000Z;9.2094;9.2264;5000;5965
2026-06-08T09:24:29.0000000Z;9.2094;9.2264;5000;5000
2026-06-08T09:24:31.0000000Z;9.2094;9.2264;5000;5965
2026-06-08T09:24:44.0000000Z;9.2094;9.2264;5000;5965
2026-06-08T09:28:31.0000000Z;9.2094;9.2264;5000;5965
2026-06-08T09:28:47.0000000Z;9.2094;9.2264;5000;5965
2026-06-08T09:36:40.0000000Z;9.2094;9.2264;5000;5000
2026-06-08T09:36:41.0000000Z;9.2094;9.263;5000;5000
2026-06-08T09:36:42.0000000Z;9.2094;9.2264;5000;55000
2026-06-08T09:36:43.0000000Z;9.2094;9.2626;5000;5000
2026-06-08T09:36:44.0000000Z;9.2094;9.2622;5000;5000
2026-06-08T09:36:45.0000000Z;9.2094;9.2618;5000;5000
2026-06-08T09:36:46.0000000Z;9.2094;9.2264;5000;965
2026-06-08T09:36:49.0000000Z;9.2136;9.2318;5000;5000
2026-06-08T09:36:50.0000000Z;9.2136;9.2318;5000;5000
2026-06-08T09:36:51.0000000Z;9.2138;9.2266;4701;2710
2026-06-08T09:36:57.0000000Z;9.2138;9.2318;4701;59701
2026-06-08T09:37:10.0000000Z;9.2136;9.2318;5000;5000
2026-06-08T09:37:12.0000000Z;9.2136;9.2318;5000;5000
2026-06-08T09:37:20.0000000Z;9.2032;9.2318;5000;5000
2026-06-08T09:37:21.0000000Z;9.2136;9.2318;55000;5000
2026-06-08T09:37:24.0000000Z;9.2032;9.2394;5000;5000
2026-06-08T09:37:25.0000000Z;9.2134;9.2318;2714;55000
2026-06-08T09:37:27.0000000Z;9.2032;9.239;5000;5000
2026-06-08T09:37:28.0000000Z;9.2032;9.232;5000;2708
2026-06-08T09:37:29.0000000Z;9.2032;9.232;5000;2708
2026-06-08T09:37:30.0000000Z;9.2032;9.232;5000;2708
2026-06-08T09:37:32.0000000Z;9.2032;9.2368;5000;7500
2026-06-08T09:37:35.0000000Z;9.2032;9.2366;5000;5000
2026-06-08T09:37:36.0000000Z;9.2032;9.232;5000;2708
2026-06-08T09:37:37.0000000Z;9.2032;9.2364;5000;7500
2026-06-08T09:37:38.0000000Z;9.2032;9.232;5000;2708
2026-06-08T09:37:39.0000000Z;9.2034;9.2364;4701;59701
2026-06-08T09:37:41.0000000Z;9.2032;9.2364;5000;55000
2026-06-08T09:37:42.0000000Z;9.2032;9.236;5000;7500
2026-06-08T09:37:44.0000000Z;9.2032;9.236;5000;59701
2026-06-08T09:37:53.0000000Z;9.2032;9.236;5000;55000
2026-06-08T09:37:54.0000000Z;9.2032;9.2356;5000;4701
2026-06-08T09:37:57.0000000Z;9.2032;9.2358;5000;5000
2026-06-08T09:37:58.0000000Z;9.2032;9.2356;5000;7500
2026-06-08T09:37:59.0000000Z;9.2032;9.2358;5000;5000
2026-06-08T09:38:04.0000000Z;9.2032;9.2356;5000;59701
2026-06-08T09:38:05.0000000Z;9.2032;9.2356;5000;12500
2026-06-08T09:38:11.0000000Z;9.2032;9.2356;5000;5000
2026-06-08T09:38:16.0000000Z;9.2032;9.2356;5000;59701
2026-06-08T09:38:44.0000000Z;9.2032;9.2352;5000;55000
2026-06-08T09:38:45.0000000Z;9.2032;9.235;5000;4701
2026-06-08T09:38:49.0000000Z;9.2032;9.2352;5000;5000
2026-06-08T09:38:54.0000000Z;9.2032;9.2352;5000;55000
2026-06-08T09:38:55.0000000Z;9.2032;9.2346;5000;4701
2026-06-08T09:38:58.0000000Z;9.2032;9.2348;5000;5000
2026-06-08T09:39:06.0000000Z;9.2032;9.2346;5000;4701
2026-06-08T09:44:43.0000000Z;9.209;9.2274;5000;965
2026-06-08T09:44:44.0000000Z;9.2092;9.2272;4701;4701
2026-06-08T09:44:51.0000000Z;9.2092;9.2272;4701;4701
2026-06-08T09:48:43.0000000Z;9.2092;9.2274;4701;55000
2026-06-08T09:48:53.0000000Z;9.2092;9.2272;4701;4701
2026-06-08T09:50:37.0000000Z;9.2092;9.2274;4701;55000
2026-06-08T09:50:55.0000000Z;9.2092;9.2272;4701;4701
2026-06-08T09:52:01.0000000Z;9.2092;9.2274;4701;55000
2026-06-08T09:52:24.0000000Z;9.2092;9.2272;4701;4701
2026-06-08T09:55:28.0000000Z;9.2092;9.2274;4701;55000
2026-06-08T09:56:49.0000000Z;9.2092;9.2272;4701;4701
2026-06-08T09:57:21.0000000Z;9.2092;9.2274;4701;55000
2026-06-08T09:57:23.0000000Z;9.2092;9.2272;4701;4701
2026-06-08T09:58:13.0000000Z;9.2092;9.2274;4701;55000
2026-06-08T09:59:05.0000000Z;9.2092;9.2272;4701;4701
2026-06-08T09:59:06.0000000Z;9.2092;9.2274;4701;55000
2026-06-08T09:59:12.0000000Z;9.2092;9.2272;4701;4701
2026-06-08T09:59:57.0000000Z;9.2092;9.2274;4701;55000
2026-06-08T10:00:17.0000000Z;9.2092;9.2272;4701;4701
2026-06-08T10:01:32.0000000Z;9.209;9.2274;5000;965
2026-06-08T10:01:46.0000000Z;9.209;9.2274;5000;55000
2026-06-08T10:01:59.0000000Z;9.209;9.2274;5000;965
2026-06-08T10:02:00.0000000Z;9.209;9.2274;5000;5000
2026-06-08T10:02:02.0000000Z;9.209;9.2268;5000;965
2026-06-08T10:02:03.0000000Z;9.209;9.2268;5000;5965
2026-06-08T10:02:05.0000000Z;9.209;9.2266;5000;4701
2026-06-08T10:02:20.0000000Z;9.209;9.2266;5000;4701
2026-06-08T10:02:22.0000000Z;9.209;9.2268;5000;5965
2026-06-08T10:02:56.0000000Z;9.209;9.2268;5000;965
2026-06-08T10:03:45.0000000Z;9.209;9.2268;5000;55000
2026-06-08T10:03:47.0000000Z;9.209;9.2266;5000;4701
2026-06-08T10:04:18.0000000Z;9.209;9.2268;5000;965
2026-06-08T10:04:19.0000000Z;9.209;9.2268;5000;965
2026-06-08T10:04:34.0000000Z;9.209;9.2268;5000;55000
2026-06-08T10:04:35.0000000Z;9.209;9.2268;5000;55000
2026-06-08T10:04:37.0000000Z;9.209;9.2266;5000;4701
2026-06-08T10:05:12.0000000Z;9.209;9.2268;5000;55000
2026-06-08T10:16:58.0000000Z;9.209;9.2266;5000;4701
2026-06-08T10:17:00.0000000Z;9.209;9.2268;5000;55000
2026-06-08T10:17:05.0000000Z;9.209;9.2266;5000;4701
2026-06-08T10:18:00.0000000Z;9.209;9.2268;5000;965
2026-06-08T10:18:03.0000000Z;9.209;9.2268;5000;55000
2026-06-08T10:18:33.0000000Z;9.209;9.2266;5000;4701
2026-06-08T10:19:09.0000000Z;9.209;9.2268;5000;55000
2026-06-08T10:19:24.0000000Z;9.209;9.2266;5000;4701
2026-06-08T10:19:41.0000000Z;9.209;9.2268;5000;55000
2026-06-08T10:19:51.0000000Z;9.209;9.2266;5000;4701
2026-06-08T10:20:57.0000000Z;9.209;9.2268;5000;55000
2026-06-08T10:22:34.0000000Z;9.209;9.2266;5000;4701
2026-06-08T10:22:49.0000000Z;9.209;9.2268;5000;965
2026-06-08T10:23:38.0000000Z;9.209;9.2268;5000;55000
2026-06-08T10:24:25.0000000Z;9.209;9.2268;5000;965
2026-06-08T10:29:16.0000000Z;9.209;9.2268;5000;55000
2026-06-08T10:29:17.0000000Z;9.209;9.2268;5000;55000
2026-06-08T10:29:18.0000000Z;9.209;9.2264;5000;965
2026-06-08T10:29:19.0000000Z;9.209;9.2264;5000;55000
2026-06-08T10:29:23.0000000Z;9.209;9.2264;5000;965
2026-06-08T10:29:27.0000000Z;9.209;9.2264;5000;55000
2026-06-08T10:29:30.0000000Z;9.2092;9.2266;4701;2710
2026-06-08T10:29:31.0000000Z;9.2092;9.2264;4701;55000
2026-06-08T10:30:00.0000000Z;9.209;9.2724;5000;7500
2026-06-08T10:30:01.0000000Z;9.209;9.2264;5000;55000
2026-06-08T10:30:02.0000000Z;9.209;9.2264;5000;965
2026-06-08T10:30:05.0000000Z;9.209;9.2264;5000;965
2026-06-08T10:30:58.0000000Z;9.209;9.2264;5000;965
2026-06-08T10:33:44.0000000Z;9.209;9.2264;5000;965
2026-06-08T10:34:10.0000000Z;9.209;9.2264;5000;965
2026-06-08T10:34:12.0000000Z;9.209;9.273;5000;5000
2026-06-08T10:34:13.0000000Z;9.2092;9.2728;5000;5000
2026-06-08T10:34:14.0000000Z;9.2092;9.2264;5000;55000
2026-06-08T10:34:15.0000000Z;9.2092;9.2724;5000;5000
2026-06-08T10:34:16.0000000Z;9.2092;9.2264;5000;55000
2026-06-08T10:34:19.0000000Z;9.2092;9.2264;59701;55000
2026-06-08T10:34:20.0000000Z;9.2092;9.2264;5000;55000
2026-06-08T10:34:21.0000000Z;9.2092;9.2266;5000;2710
2026-06-08T10:34:22.0000000Z;9.2092;9.2266;5000;2710
2026-06-08T10:34:24.0000000Z;9.2092;9.2266;5000;2710
2026-06-08T10:34:30.0000000Z;9.2092;9.2712;5000;5000
2026-06-08T10:34:31.0000000Z;9.2092;9.2704;5000;5000
2026-06-08T10:34:32.0000000Z;9.2092;9.2266;5000;2710
2026-06-08T10:34:33.0000000Z;9.2092;9.27;5000;5000
2026-06-08T10:34:34.0000000Z;9.2092;9.2692;5000;5000
2026-06-08T10:34:35.0000000Z;9.2092;9.269;59701;4701
2026-06-08T10:34:37.0000000Z;9.2092;9.2688;5000;5000
2026-06-08T10:34:38.0000000Z;9.2092;9.2686;5000;7500
2026-06-08T10:34:39.0000000Z;9.146;9.2686;5000;7500
2026-06-08T10:34:40.0000000Z;9.2092;9.2686;55000;59701
2026-06-08T10:34:42.0000000Z;9.209;9.2686;2715;7500
2026-06-08T10:34:43.0000000Z;9.1468;9.2686;5000;55000
2026-06-08T10:34:44.0000000Z;9.1472;9.2698;5000;18799
2026-06-08T10:34:45.0000000Z;9.209;9.2698;2715;18799
2026-06-08T10:34:46.0000000Z;9.209;9.2694;2715;2698
2026-06-08T10:34:48.0000000Z;9.1472;9.2696;5000;5000
2026-06-08T10:34:49.0000000Z;9.1476;9.2694;5000;2698
2026-06-08T10:34:50.0000000Z;9.1492;9.2694;5000;7500
2026-06-08T10:34:51.0000000Z;9.209;9.2694;2715;7500
2026-06-08T10:34:52.0000000Z;9.1502;9.2694;7500;7500
2026-06-08T10:34:53.0000000Z;9.1504;9.2692;4701;4701
2026-06-08T10:34:55.0000000Z;9.1504;9.2694;4701;55000
2026-06-08T10:34:56.0000000Z;9.1504;9.2694;4701;55000
2026-06-08T10:34:58.0000000Z;9.1502;9.2698;55000;18799
2026-06-08T10:34:59.0000000Z;9.1502;9.2698;55000;18799
2026-06-08T10:35:00.0000000Z;9.147;9.2696;18799;5000
2026-06-08T10:35:02.0000000Z;9.147;9.2696;18799;57697
2026-06-08T10:35:03.0000000Z;9.1472;9.2692;5000;4701
2026-06-08T10:35:05.0000000Z;9.149;9.2692;2733;4701
2026-06-08T10:35:06.0000000Z;9.149;9.2692;2733;4701
2026-06-08T10:35:09.0000000Z;9.1474;9.2694;7500;55000
2026-06-08T10:35:10.0000000Z;9.1474;9.2698;55000;18799
2026-06-08T10:35:11.0000000Z;9.1474;9.2698;55000;18799
2026-06-08T10:35:12.0000000Z;9.147;9.2696;18799;5000
2026-06-08T10:35:14.0000000Z;9.1472;9.2696;7435;59701
2026-06-08T10:35:15.0000000Z;9.1474;9.2694;26299;7500
2026-06-08T10:35:16.0000000Z;9.1476;9.2692;4701;4701
2026-06-08T10:35:20.0000000Z;9.1474;9.2698;18799;18799
2026-06-08T10:35:21.0000000Z;9.1474;9.2694;18799;55000
2026-06-08T10:35:24.0000000Z;9.1474;9.2694;18799;26299
2026-06-08T10:35:25.0000000Z;9.1474;9.2692;18799;4701
2026-06-08T10:35:26.0000000Z;9.1474;9.2692;18799;4701
2026-06-08T10:35:27.0000000Z;9.1478;9.2694;7500;26299
2026-06-08T10:35:28.0000000Z;9.148;9.2694;4701;26299
2026-06-08T10:35:29.0000000Z;9.1478;9.2694;7500;18799
2026-06-08T10:35:32.0000000Z;9.1478;9.2694;55000;18799
2026-06-08T10:35:33.0000000Z;9.1478;9.2694;55000;18799
2026-06-08T10:35:36.0000000Z;9.1474;9.2692;18799;5000
2026-06-08T10:35:37.0000000Z;9.1474;9.2692;18799;59701
2026-06-08T10:35:39.0000000Z;9.1478;9.269;7500;7500
2026-06-08T10:35:40.0000000Z;9.148;9.2688;4701;4701
2026-06-08T10:35:41.0000000Z;9.148;9.2688;4701;4701
2026-06-08T10:35:44.0000000Z;9.1478;9.269;55000;55000
2026-06-08T10:35:45.0000000Z;9.1478;9.269;55000;55000
2026-06-08T10:35:46.0000000Z;9.1476;9.2692;7434;7399
2026-06-08T10:35:48.0000000Z;9.1474;9.269;18799;26299
2026-06-08T10:35:49.0000000Z;9.1474;9.2688;18799;4701
2026-06-08T10:35:50.0000000Z;9.1474;9.2688;18799;4701
2026-06-08T10:35:51.0000000Z;9.1478;9.269;7500;26299
2026-06-08T10:35:52.0000000Z;9.148;9.269;4701;26299
2026-06-08T10:35:53.0000000Z;9.1478;9.269;7500;18799
2026-06-08T10:35:56.0000000Z;9.1478;9.269;55000;18799
2026-06-08T10:35:57.0000000Z;9.1478;9.269;55000;18799
2026-06-08T10:35:58.0000000Z;9.1476;9.269;4701;18799
2026-06-08T10:36:00.0000000Z;9.1474;9.2688;18799;5000
2026-06-08T10:36:01.0000000Z;9.1474;9.2688;18799;59701
2026-06-08T10:36:02.0000000Z;9.1474;9.2688;18799;55000
2026-06-08T10:36:03.0000000Z;9.1476;9.2684;59701;4701
2026-06-08T10:36:04.0000000Z;9.1478;9.2686;55000;7500
2026-06-08T10:36:05.0000000Z;9.148;9.2686;4701;7500
2026-06-08T10:36:07.0000000Z;9.1478;9.2686;7500;55000
2026-06-08T10:36:08.0000000Z;9.1478;9.2686;7500;55000
2026-06-08T10:36:09.0000000Z;9.1478;9.269;55000;18799
2026-06-08T10:36:10.0000000Z;9.1476;9.2688;4701;4701
2026-06-08T10:36:12.0000000Z;9.1474;9.2688;18799;5000
2026-06-08T10:36:13.0000000Z;9.1474;9.2686;18799;7500
2026-06-08T10:36:14.0000000Z;9.1474;9.2684;18799;4701
2026-06-08T10:36:15.0000000Z;9.1478;9.2686;55000;7500
2026-06-08T10:36:16.0000000Z;9.148;9.2686;4701;7500
2026-06-08T10:36:18.0000000Z;9.1478;9.2686;26299;55000
2026-06-08T10:36:19.0000000Z;9.1478;9.2686;26299;55000
2026-06-08T10:36:20.0000000Z;9.1478;9.269;18799;18799
2026-06-08T10:36:23.0000000Z;9.148;9.269;4701;18799
2026-06-08T10:36:24.0000000Z;9.1478;9.2686;18799;26299
2026-06-08T10:36:25.0000000Z;9.1478;9.2686;18799;55000
2026-06-08T10:36:26.0000000Z;9.1478;9.2684;18799;4701
2026-06-08T10:36:27.0000000Z;9.148;9.2686;59701;26299
2026-06-08T10:36:28.0000000Z;9.1482;9.2686;7500;26299
2026-06-08T10:36:29.0000000Z;9.1482;9.2686;7500;18799
2026-06-08T10:36:32.0000000Z;9.185;9.2404;965;965
2026-06-08T10:36:33.0000000Z;9.1854;9.2404;4701;55000
2026-06-08T10:36:34.0000000Z;9.1854;9.2404;4701;55000
2026-06-08T10:36:39.0000000Z;9.1856;9.2404;26299;965
2026-06-08T10:36:40.0000000Z;9.1858;9.2404;4701;965
2026-06-08T10:36:43.0000000Z;9.1856;9.24;26299;4701
2026-06-08T10:36:44.0000000Z;9.1856;9.2402;18799;5000
2026-06-08T10:36:45.0000000Z;9.1856;9.24;18799;4701
2026-06-08T10:36:49.0000000Z;9.1858;9.24;4701;4701
2026-06-08T10:36:51.0000000Z;9.186;9.2402;7500;5000
2026-06-08T10:36:52.0000000Z;9.186;9.2402;55000;5000
2026-06-08T10:36:53.0000000Z;9.1862;9.2402;4701;5000
2026-06-08T10:37:02.0000000Z;9.186;9.2402;7500;5000
2026-06-08T10:37:03.0000000Z;9.1864;9.2402;26299;5000
2026-06-08T10:37:04.0000000Z;9.1866;9.2402;4701;5000
2026-06-08T10:37:08.0000000Z;9.1864;9.2402;18799;5000
2026-06-08T10:37:15.0000000Z;9.1868;9.2402;7500;5000
2026-06-08T10:37:16.0000000Z;9.187;9.2402;4701;5000
2026-06-08T10:37:24.0000000Z;9.187;9.2402;4701;5000
2026-06-08T10:37:25.0000000Z;9.1868;9.2402;55000;5000
2026-06-08T10:37:26.0000000Z;9.1868;9.2402;55000;5000
2026-06-08T10:37:27.0000000Z;9.1868;9.2402;26299;5000
2026-06-08T10:37:28.0000000Z;9.187;9.2402;4701;5000
2026-06-08T10:37:32.0000000Z;9.1868;9.2402;18799;5000
2026-06-08T10:37:39.0000000Z;9.187;9.2402;59701;5000
2026-06-08T10:37:40.0000000Z;9.1872;9.2402;15000;5000
2026-06-08T10:37:41.0000000Z;9.1874;9.2402;4701;5000
2026-06-08T10:37:45.0000000Z;9.1872;9.2402;55000;5000
2026-06-08T10:37:46.0000000Z;9.1872;9.2402;55000;5000
2026-06-08T10:37:48.0000000Z;9.187;9.2402;4701;5000
2026-06-08T10:37:51.0000000Z;9.1872;9.2402;55000;5000
2026-06-08T10:37:52.0000000Z;9.1874;9.2402;4701;5000
2026-06-08T10:37:56.0000000Z;9.1874;9.2402;59701;5000
2026-06-08T10:38:01.0000000Z;9.1872;9.2402;18799;5000
2026-06-08T10:38:02.0000000Z;9.1874;9.2402;4701;5000
2026-06-08T10:38:03.0000000Z;9.1874;9.2402;59701;5000
2026-06-08T10:38:04.0000000Z;9.1876;9.2402;15000;5000
2026-06-08T10:38:05.0000000Z;9.1878;9.2402;4701;5000
2026-06-08T10:38:09.0000000Z;9.1876;9.2402;55000;5000
2026-06-08T10:38:10.0000000Z;9.1874;9.2402;4701;5000
2026-06-08T10:38:12.0000000Z;9.1874;9.2402;4701;5000
2026-06-08T10:38:15.0000000Z;9.1874;9.2402;5000;5000
2026-06-08T10:38:16.0000000Z;9.1876;9.2402;15000;5000
2026-06-08T10:38:17.0000000Z;9.1878;9.2402;4701;5000
2026-06-08T10:38:21.0000000Z;9.1872;9.2402;18799;5000
2026-06-08T10:38:22.0000000Z;9.1874;9.2402;4701;5000
2026-06-08T10:38:27.0000000Z;9.1876;9.2402;33799;5000
2026-06-08T10:38:28.0000000Z;9.1878;9.2402;4701;5000
2026-06-08T10:38:32.0000000Z;9.1878;9.2402;22500;5000
2026-06-08T10:38:34.0000000Z;9.1878;9.2402;59701;5000
2026-06-08T10:38:37.0000000Z;9.1876;9.2402;18799;5000
2026-06-08T10:38:38.0000000Z;9.1878;9.2402;4701;5000
2026-06-08T10:38:39.0000000Z;9.1878;9.2402;59701;5000
2026-06-08T10:38:40.0000000Z;9.188;9.2402;15000;5000
2026-06-08T10:38:41.0000000Z;9.1882;9.2402;4701;5000
2026-06-08T10:38:43.0000000Z;9.188;9.2402;15000;5000
2026-06-08T10:38:45.0000000Z;9.1876;9.2402;18799;5000
2026-06-08T10:38:46.0000000Z;9.1878;9.2402;7422;5000
2026-06-08T10:38:51.0000000Z;9.1878;9.2402;62422;5000
2026-06-08T10:38:52.0000000Z;9.188;9.2402;15000;5000
2026-06-08T10:38:53.0000000Z;9.1882;9.2402;4701;5000
2026-06-08T10:38:57.0000000Z;9.1876;9.2402;18799;5000
2026-06-08T10:38:58.0000000Z;9.1878;9.2402;7422;5000
2026-06-08T10:39:03.0000000Z;9.188;9.2402;33799;5000
2026-06-08T10:39:04.0000000Z;9.1882;9.2402;4701;5000
2026-06-08T10:39:08.0000000Z;9.1882;9.2402;22500;5000
2026-06-08T10:39:10.0000000Z;9.1882;9.2402;22500;55000
2026-06-08T10:39:12.0000000Z;9.1882;9.2404;22500;57706
2026-06-08T10:39:13.0000000Z;9.188;9.2404;18799;965
2026-06-08T10:39:14.0000000Z;9.1882;9.2404;4701;965
2026-06-08T10:39:15.0000000Z;9.1884;9.2404;33799;965
2026-06-08T10:39:16.0000000Z;9.1886;9.2404;4701;55000
2026-06-08T10:39:20.0000000Z;9.1886;9.2404;22500;965
2026-06-08T10:39:21.0000000Z;9.1886;9.2404;59701;965
2026-06-08T10:39:25.0000000Z;9.1886;9.2404;11250;965
2026-06-08T10:39:27.0000000Z;9.189;9.2404;7500;965
2026-06-08T10:39:28.0000000Z;9.1892;9.2404;4701;965
2026-06-08T10:39:32.0000000Z;9.1884;9.2404;18799;965
2026-06-08T10:39:33.0000000Z;9.189;9.2404;55000;965
2026-06-08T10:39:34.0000000Z;9.1888;9.2404;2721;965
2026-06-08T10:39:38.0000000Z;9.1886;9.2404;4701;965
2026-06-08T10:39:39.0000000Z;9.1888;9.2404;7500;965
2026-06-08T10:39:40.0000000Z;9.189;9.2404;4701;965
2026-06-08T10:39:43.0000000Z;9.1888;9.2404;7500;965
2026-06-08T10:39:44.0000000Z;9.1888;9.2404;55000;965
2026-06-08T10:39:45.0000000Z;9.1888;9.2404;55000;965
2026-06-08T10:39:46.0000000Z;9.1854;9.2404;4701;965
2026-06-08T10:39:51.0000000Z;9.1854;9.2404;59701;965
2026-06-08T10:39:52.0000000Z;9.1856;9.2404;7500;965
2026-06-08T10:39:53.0000000Z;9.1858;9.2404;4701;965
2026-06-08T10:39:56.0000000Z;9.1858;9.2404;4701;965
2026-06-08T10:40:03.0000000Z;9.186;9.2404;7500;965
2026-06-08T10:40:04.0000000Z;9.186;9.2404;55000;965
2026-06-08T10:40:05.0000000Z;9.1862;9.2404;4701;965
2026-06-08T10:40:10.0000000Z;9.1862;9.2404;4701;965
2026-06-08T10:40:15.0000000Z;9.1864;9.2404;33799;965
2026-06-08T10:40:16.0000000Z;9.1866;9.2404;4701;965
2026-06-08T10:40:20.0000000Z;9.1866;9.2404;22500;965
2026-06-08T10:40:21.0000000Z;9.1866;9.2404;59701;965
2026-06-08T10:40:24.0000000Z;9.1866;9.2404;59701;965
2026-06-08T10:40:25.0000000Z;9.1866;9.2404;11250;965
2026-06-08T10:40:27.0000000Z;9.187;9.2404;33799;965
2026-06-08T10:40:28.0000000Z;9.1872;9.2404;4701;965
2026-06-08T10:40:32.0000000Z;9.187;9.2404;18799;965
2026-06-08T10:40:33.0000000Z;9.1872;9.2404;22500;965
2026-06-08T10:40:38.0000000Z;9.1872;9.2404;11250;965
2026-06-08T10:40:39.0000000Z;9.1876;9.2404;15000;965
2026-06-08T10:40:40.0000000Z;9.1878;9.2404;4701;965
2026-06-08T10:40:44.0000000Z;9.1876;9.2404;7500;965
2026-06-08T10:40:45.0000000Z;9.1878;9.2404;4701;965
2026-06-08T10:40:49.0000000Z;9.1876;9.2404;55000;965
2026-06-08T10:40:50.0000000Z;9.1876;9.2404;55000;965
2026-06-08T10:40:51.0000000Z;9.1874;9.2404;33799;965
2026-06-08T10:40:52.0000000Z;9.1876;9.2404;4701;965
2026-06-08T10:40:56.0000000Z;9.1876;9.2404;59701;965
2026-06-08T10:41:01.0000000Z;9.1876;9.2404;11250;965
2026-06-08T10:41:03.0000000Z;9.188;9.2404;33799;965
2026-06-08T10:41:04.0000000Z;9.1882;9.2404;4701;965
2026-06-08T10:41:08.0000000Z;9.1882;9.2404;22500;965
2026-06-08T10:41:09.0000000Z;9.1882;9.2404;59701;965
2026-06-08T10:41:13.0000000Z;9.1882;9.24;11250;4701
2026-06-08T10:41:14.0000000Z;9.1882;9.24;11250;4701
2026-06-08T10:41:15.0000000Z;9.1886;9.2402;7500;5000
2026-06-08T10:41:16.0000000Z;9.1888;9.2402;4701;5000
2026-06-08T10:41:20.0000000Z;9.1886;9.2402;55000;5000
2026-06-08T10:41:21.0000000Z;9.1882;9.2402;4701;5000
2026-06-08T10:41:22.0000000Z;9.1882;9.24;4701;4701
2026-06-08T10:41:27.0000000Z;9.1884;9.2402;33799;5000
2026-06-08T10:41:28.0000000Z;9.1886;9.2402;4701;5000
2026-06-08T10:41:32.0000000Z;9.1886;9.2402;59701;5000
2026-06-08T10:41:35.0000000Z;9.1886;9.2402;59701;5000
2026-06-08T10:41:37.0000000Z;9.1884;9.2402;18799;5000
2026-06-08T10:41:39.0000000Z;9.1888;9.2402;7500;5000
2026-06-08T10:41:40.0000000Z;9.189;9.2402;4701;5000
2026-06-08T10:41:43.0000000Z;9.189;9.2402;4701;5000
2026-06-08T10:41:44.0000000Z;9.1888;9.2402;55000;5000
2026-06-08T10:41:45.0000000Z;9.1886;9.2402;7422;5000
2026-06-08T10:41:48.0000000Z;9.1886;9.2402;4701;5000
2026-06-08T10:41:51.0000000Z;9.1888;9.2402;26299;5000
2026-06-08T10:41:52.0000000Z;9.189;9.2402;4701;5000
2026-06-08T10:41:53.0000000Z;9.1888;9.2402;7500;5000
2026-06-08T10:41:56.0000000Z;9.185;9.2402;965;5000
2026-06-08T10:41:57.0000000Z;9.1852;9.2402;1447;5000
2026-06-08T10:41:58.0000000Z;9.1852;9.2402;59701;5000
2026-06-08T10:42:02.0000000Z;9.1852;9.2402;59701;5000
2026-06-08T10:42:03.0000000Z;9.1856;9.2402;7500;5000
2026-06-08T10:42:04.0000000Z;9.1858;9.2402;4701;5000
2026-06-08T10:42:08.0000000Z;9.1858;9.2402;4701;5000
2026-06-08T10:42:13.0000000Z;9.1852;9.2402;1447;5000
2026-06-08T10:42:14.0000000Z;9.1854;9.2402;7423;5000
2026-06-08T10:42:15.0000000Z;9.1856;9.2402;26299;5000
2026-06-08T10:42:16.0000000Z;9.1858;9.2402;4701;5000
2026-06-08T10:42:20.0000000Z;9.1856;9.2402;18799;5000
2026-06-08T10:42:27.0000000Z;9.186;9.2402;26299;5000
2026-06-08T10:42:28.0000000Z;9.1862;9.2402;4701;5000
2026-06-08T10:42:31.0000000Z;9.1862;9.2402;4701;5000
2026-06-08T10:42:32.0000000Z;9.186;9.2402;18799;5000
2026-06-08T10:42:39.0000000Z;9.1864;9.2402;26299;5000
2026-06-08T10:42:40.0000000Z;9.1866;9.2402;4701;5000
2026-06-08T10:42:43.0000000Z;9.1866;9.2402;4701;5000
2026-06-08T10:42:44.0000000Z;9.1864;9.2402;18799;5000
2026-06-08T10:42:51.0000000Z;9.1868;9.2402;33799;5000
2026-06-08T10:42:52.0000000Z;9.187;9.2402;4701;5000
2026-06-08T10:42:55.0000000Z;9.187;9.2402;4701;5000
2026-06-08T10:42:56.0000000Z;9.187;9.2402;22500;5000
2026-06-08T10:42:57.0000000Z;9.187;9.2402;59701;5000
2026-06-08T10:43:00.0000000Z;9.187;9.2402;59701;5000
2026-06-08T10:43:01.0000000Z;9.1868;9.2402;18799;5000
2026-06-08T10:43:03.0000000Z;9.1872;9.2402;15000;5000
2026-06-08T10:43:04.0000000Z;9.1874;9.2402;4701;5000
2026-06-08T10:43:06.0000000Z;9.1874;9.2402;4701;5000
2026-06-08T10:43:08.0000000Z;9.1868;9.2402;18799;5000
2026-06-08T10:43:09.0000000Z;9.187;9.2402;7423;5000
2026-06-08T10:43:13.0000000Z;9.187;9.2402;4701;5000
2026-06-08T10:43:15.0000000Z;9.1872;9.2402;55000;5000
2026-06-08T10:43:16.0000000Z;9.1874;9.2402;4701;5000
2026-06-08T10:43:20.0000000Z;9.1874;9.2402;22500;5000
2026-06-08T10:43:21.0000000Z;9.1874;9.2402;59701;5000
2026-06-08T10:43:25.0000000Z;9.1872;9.2402;18799;5000
2026-06-08T10:43:27.0000000Z;9.1876;9.2402;33799;5000
2026-06-08T10:43:28.0000000Z;9.1878;9.2402;4701;5000
2026-06-08T10:43:32.0000000Z;9.1878;9.2402;59701;5000
2026-06-08T10:43:37.0000000Z;9.1878;9.2402;11250;5000
2026-06-08T10:43:39.0000000Z;9.1882;9.2402;55000;5000
2026-06-08T10:43:40.0000000Z;9.1884;9.2402;4701;5000
2026-06-08T10:43:44.0000000Z;9.1884;9.2402;22500;5000
2026-06-08T10:43:49.0000000Z;9.1882;9.2402;18799;5000
2026-06-08T10:43:51.0000000Z;9.1886;9.2402;33799;5000
2026-06-08T10:43:52.0000000Z;9.1888;9.2402;4701;5000
2026-06-08T10:43:56.0000000Z;9.1888;9.2402;59701;5000
2026-06-08T10:44:01.0000000Z;9.1886;9.2402;18799;5000
2026-06-08T10:44:03.0000000Z;9.189;9.2402;7500;5000
2026-06-08T10:44:04.0000000Z;9.1892;9.2402;4701;5000
2026-06-08T10:44:05.0000000Z;9.1892;9.2402;4701;5000
2026-06-08T10:44:08.0000000Z;9.189;9.2402;55000;5000
2026-06-08T10:44:09.0000000Z;9.189;9.2402;55000;5000
2026-06-08T10:44:10.0000000Z;9.1888;9.2402;7422;5000
2026-06-08T10:44:13.0000000Z;9.1888;9.2402;4701;5000
2026-06-08T10:44:15.0000000Z;9.189;9.2402;55000;5000
2026-06-08T10:44:16.0000000Z;9.1892;9.2402;4701;5000
2026-06-08T10:44:20.0000000Z;9.189;9.2402;55000;5000
2026-06-08T10:44:21.0000000Z;9.189;9.2402;55000;5000
2026-06-08T10:44:22.0000000Z;9.1888;9.2402;4701;5000
2026-06-08T10:44:26.0000000Z;9.1852;9.2402;1447;5000
2026-06-08T10:44:27.0000000Z;9.1856;9.2402;7500;5000
2026-06-08T10:44:28.0000000Z;9.1884;9.2402;2721;5000
2026-06-08T10:44:31.0000000Z;9.1856;9.2402;59701;5000
2026-06-08T10:44:37.0000000Z;9.1852;9.2402;1447;5000
2026-06-08T10:44:38.0000000Z;9.1854;9.2402;7423;5000
2026-06-08T10:44:39.0000000Z;9.1856;9.2402;26299;5000
2026-06-08T10:44:40.0000000Z;9.1858;9.2402;4701;5000
2026-06-08T10:44:44.0000000Z;9.1856;9.2402;18799;5000
2026-06-08T10:44:51.0000000Z;9.186;9.2402;26299;5000
2026-06-08T10:44:52.0000000Z;9.1862;9.2402;4701;5000
2026-06-08T10:44:56.0000000Z;9.186;9.2402;18799;5000
2026-06-08T10:44:57.0000000Z;9.1862;9.2402;4701;5000
2026-06-08T10:45:03.0000000Z;9.1864;9.2402;26299;5000
2026-06-08T10:45:04.0000000Z;9.1866;9.2402;4701;5000
2026-06-08T10:45:08.0000000Z;9.1866;9.2402;4701;5000
2026-06-08T10:45:15.0000000Z;9.1868;9.2402;26299;5000
2026-06-08T10:45:16.0000000Z;9.187;9.2402;4701;5000
2026-06-08T10:45:20.0000000Z;9.1868;9.2402;18799;5000
2026-06-08T10:45:21.0000000Z;9.187;9.2402;4701;5000
2026-06-08T10:45:27.0000000Z;9.204;9.2676;965;5000
2026-06-08T10:45:28.0000000Z;9.204;9.2402;55000;55000
2026-06-08T10:45:29.0000000Z;9.1874;9.265;4701;5000
2026-06-08T10:45:30.0000000Z;9.204;9.2404;55000;2706
2026-06-08T10:45:31.0000000Z;9.204;9.2648;55000;59701
2026-06-08T10:45:32.0000000Z;9.1874;9.2648;22500;7500
2026-06-08T10:45:35.0000000Z;9.1874;9.2686;22500;18799
2026-06-08T10:45:36.0000000Z;9.1874;9.2648;22500;55000
2026-06-08T10:45:37.0000000Z;9.1874;9.2686;11250;18799
2026-06-08T10:45:38.0000000Z;9.1874;9.265;11250;2699
2026-06-08T10:45:39.0000000Z;9.1878;9.2682;15000;7500
2026-06-08T10:45:40.0000000Z;9.188;9.268;4701;4701
2026-06-08T10:45:44.0000000Z;9.1872;9.2686;18799;18799
2026-06-08T10:45:45.0000000Z;9.1878;9.2682;55000;55000
2026-06-08T10:45:46.0000000Z;9.1874;9.2684;4701;4701
2026-06-08T10:45:51.0000000Z;9.1876;9.2682;33799;26299
2026-06-08T10:45:52.0000000Z;9.1878;9.268;4701;4701
2026-06-08T10:45:56.0000000Z;9.1876;9.2682;18799;18799
2026-06-08T10:45:57.0000000Z;9.1878;9.268;4701;4701
2026-06-08T10:46:01.0000000Z;9.2078;9.2264;965;965
2026-06-08T10:46:02.0000000Z;9.208;9.2264;4701;965
2026-06-08T10:46:03.0000000Z;9.208;9.2264;5000;965
2026-06-08T10:46:08.0000000Z;9.208;9.2264;59701;55000
2026-06-08T10:46:19.0000000Z;9.208;9.2264;5000;965
2026-06-08T10:46:38.0000000Z;9.208;9.2264;5000;965
2026-06-08T10:50:28.0000000Z;9.2082;9.2264;5000;965
2026-06-08T10:50:29.0000000Z;9.2084;9.2264;4701;965
2026-06-08T10:50:34.0000000Z;9.2084;9.2264;4701;965
2026-06-08T10:52:50.0000000Z;9.2082;9.2264;5000;965
2026-06-08T10:52:54.0000000Z;9.2082;9.2264;5000;965
2026-06-08T10:52:56.0000000Z;9.2082;9.2264;5000;965
2026-06-08T10:59:37.0000000Z;9.2082;9.2264;5000;965
2026-06-08T10:59:41.0000000Z;9.2082;9.2264;5000;965
2026-06-08T11:00:41.0000000Z;9.2082;9.2264;5000;965
2026-06-08T11:00:48.0000000Z;9.2082;9.2264;5000;965
2026-06-08T11:10:45.0000000Z;9.2078;9.2264;965;965
2026-06-08T11:10:53.0000000Z;9.2078;9.2264;965;965
2026-06-08T11:10:58.0000000Z;9.2078;9.2264;965;965
2026-06-08T11:11:00.0000000Z;9.1616;9.2724;11400;11400
2026-06-08T11:11:02.0000000Z;9.1976;9.2346;965;965
2026-06-08T11:11:25.0000000Z;9.1616;9.2724;11400;11400
2026-06-08T11:11:27.0000000Z;9.1808;9.2548;965;965
2026-06-08T11:12:50.0000000Z;9.1996;9.2366;965;965
2026-06-08T11:12:51.0000000Z;9.1998;9.2368;4701;2707
2026-06-08T11:12:52.0000000Z;9.1996;9.2366;965;965
2026-06-08T11:12:54.0000000Z;9.1996;9.2366;965;965
2026-06-08T11:12:55.0000000Z;9.1996;9.2366;965;965
2026-06-08T11:13:01.0000000Z;9.1998;9.2366;5000;965
2026-06-08T11:13:02.0000000Z;9.1998;9.2366;5000;965
2026-06-08T11:13:07.0000000Z;9.1998;9.2366;4701;965
2026-06-08T11:14:29.0000000Z;9.2002;9.2366;5000;965
2026-06-08T11:14:30.0000000Z;9.2004;9.2366;4701;965
2026-06-08T11:14:31.0000000Z;9.201;9.2366;5000;965
2026-06-08T11:14:32.0000000Z;9.2012;9.2366;4701;965
2026-06-08T11:14:37.0000000Z;9.2014;9.2366;5000;965
2026-06-08T11:14:38.0000000Z;9.2016;9.2366;4701;965
2026-06-08T11:14:40.0000000Z;9.2016;9.2366;4701;965
2026-06-08T11:14:42.0000000Z;9.2014;9.2366;5000;965
2026-06-08T11:14:43.0000000Z;9.2018;9.2366;5000;965
2026-06-08T11:14:44.0000000Z;9.202;9.2366;4701;965
2026-06-08T11:14:48.0000000Z;9.2018;9.2366;5000;965
2026-06-08T11:14:50.0000000Z;9.2022;9.2366;5000;965
2026-06-08T11:14:51.0000000Z;9.2024;9.2366;4701;965
2026-06-08T11:14:54.0000000Z;9.2026;9.2366;5000;965
2026-06-08T11:14:55.0000000Z;9.203;9.2366;5000;965
2026-06-08T11:14:56.0000000Z;9.2032;9.2366;4701;965
2026-06-08T11:14:58.0000000Z;9.2034;9.2366;5000;965
2026-06-08T11:14:59.0000000Z;9.2036;9.2366;4701;965
2026-06-08T11:15:00.0000000Z;9.2036;9.2366;7500;965
2026-06-08T11:15:01.0000000Z;9.2024;9.2366;2717;965
2026-06-08T11:15:02.0000000Z;9.204;9.2366;7500;965
2026-06-08T11:15:08.0000000Z;9.1996;9.2366;965;965
2026-06-08T11:15:09.0000000Z;9.1998;9.2366;4701;965
2026-06-08T11:15:13.0000000Z;9.1998;9.2366;5000;965
2026-06-08T11:15:15.0000000Z;9.2;9.2366;7500;965
2026-06-08T11:15:16.0000000Z;9.2002;9.2366;4701;965
2026-06-08T11:15:20.0000000Z;9.1996;9.2366;965;965
2026-06-08T11:15:21.0000000Z;9.1998;9.2366;4701;965
2026-06-08T11:15:25.0000000Z;9.1998;9.2366;5000;965
2026-06-08T11:15:29.0000000Z;9.2;9.2366;7500;965
2026-06-08T11:15:30.0000000Z;9.2002;9.2366;4701;965
2026-06-08T11:15:32.0000000Z;9.2002;9.2366;4701;965
2026-06-08T11:15:34.0000000Z;9.1996;9.2366;965;965
2026-06-08T11:15:35.0000000Z;9.1998;9.2366;7419;965
2026-06-08T11:15:37.0000000Z;9.1998;9.2366;5000;965
2026-06-08T11:15:39.0000000Z;9.2;9.2366;7500;965
2026-06-08T11:15:40.0000000Z;9.2002;9.2366;4701;965
2026-06-08T11:15:44.0000000Z;9.1996;9.2366;965;965
2026-06-08T11:15:45.0000000Z;9.1998;9.2366;7419;965
2026-06-08T11:15:48.0000000Z;9.1998;9.2366;4701;965
2026-06-08T11:15:49.0000000Z;9.1998;9.2366;5000;965
2026-06-08T11:15:52.0000000Z;9.2;9.2366;7500;965
2026-06-08T11:15:53.0000000Z;9.2002;9.2366;4701;965
2026-06-08T11:15:57.0000000Z;9.1996;9.2366;965;965
2026-06-08T11:15:58.0000000Z;9.1998;9.2366;4701;965
2026-06-08T11:16:01.0000000Z;9.2;9.2366;7500;965
2026-06-08T11:16:02.0000000Z;9.2002;9.2366;4701;965
2026-06-08T11:16:04.0000000Z;9.2002;9.2366;4701;965
2026-06-08T11:16:06.0000000Z;9.1996;9.2366;965;965
2026-06-08T11:16:07.0000000Z;9.1998;9.2366;7419;965
2026-06-08T11:16:13.0000000Z;9.1998;9.2366;5000;965
2026-06-08T11:16:14.0000000Z;9.2;9.2366;7500;965
2026-06-08T11:16:15.0000000Z;9.2002;9.2366;4701;965
2026-06-08T11:16:20.0000000Z;9.1996;9.2366;965;965
2026-06-08T11:16:21.0000000Z;9.1998;9.2366;4701;965
2026-06-08T11:16:25.0000000Z;9.2;9.2366;7500;965
2026-06-08T11:16:26.0000000Z;9.2002;9.2366;4701;965
2026-06-08T11:16:32.0000000Z;9.1996;9.2366;965;965
2026-06-08T11:16:33.0000000Z;9.1998;9.2366;4701;965
2026-06-08T11:16:37.0000000Z;9.1998;9.2366;5000;965
2026-06-08T11:16:39.0000000Z;9.1998;9.2366;4701;965
2026-06-08T11:16:40.0000000Z;9.2;9.2366;7500;965
2026-06-08T11:16:41.0000000Z;9.2002;9.2366;4701;965
2026-06-08T11:16:45.0000000Z;9.1996;9.2366;965;965
2026-06-08T11:16:46.0000000Z;9.1998;9.2366;4701;965
2026-06-08T11:16:49.0000000Z;9.2;9.2366;7500;965
2026-06-08T11:16:50.0000000Z;9.2002;9.2366;4701;965
2026-06-08T11:16:51.0000000Z;9.2002;9.2366;4701;965
2026-06-08T11:16:54.0000000Z;9.1996;9.2366;965;965
2026-06-08T11:16:55.0000000Z;9.1998;9.2366;7419;965
2026-06-08T11:17:01.0000000Z;9.2;9.2366;7500;965
2026-06-08T11:17:02.0000000Z;9.2002;9.2366;4701;965
2026-06-08T11:17:06.0000000Z;9.1998;9.2366;2718;965
2026-06-08T11:17:07.0000000Z;9.1998;9.2366;7419;965
2026-06-08T11:17:13.0000000Z;9.1998;9.2366;5000;965
2026-06-08T11:17:14.0000000Z;9.2;9.2366;7500;965
2026-06-08T11:17:15.0000000Z;9.2002;9.2366;4701;965
2026-06-08T11:17:19.0000000Z;9.1996;9.2366;965;965
2026-06-08T11:17:20.0000000Z;9.1998;9.2366;4701;965
2026-06-08T11:17:25.0000000Z;9.1998;9.2366;5000;965
2026-06-08T11:17:26.0000000Z;9.2;9.2366;7500;965
2026-06-08T11:17:27.0000000Z;9.2002;9.2366;4701;965
2026-06-08T11:17:31.0000000Z;9.1996;9.2366;965;965
2026-06-08T11:17:32.0000000Z;9.1998;9.2366;4701;965
2026-06-08T11:17:37.0000000Z;9.2;9.2366;7500;965
2026-06-08T11:17:38.0000000Z;9.2002;9.2366;4701;965
2026-06-08T11:17:42.0000000Z;9.1996;9.2366;965;965
2026-06-08T11:17:43.0000000Z;9.1998;9.2366;4701;965
2026-06-08T11:17:49.0000000Z;9.1998;9.2366;5000;965
2026-06-08T11:17:51.0000000Z;9.2;9.2366;7500;965
2026-06-08T11:17:52.0000000Z;9.2002;9.2366;4701;965
2026-06-08T11:17:56.0000000Z;9.1996;9.2366;965;965
2026-06-08T11:17:57.0000000Z;9.1998;9.2366;4701;965
2026-06-08T11:18:01.0000000Z;9.1998;9.2366;5000;965
2026-06-08T11:18:02.0000000Z;9.2;9.2366;7500;965
2026-06-08T11:18:03.0000000Z;9.2002;9.2366;4701;965
2026-06-08T11:18:07.0000000Z;9.1996;9.2366;965;965
2026-06-08T11:18:08.0000000Z;9.1998;9.2366;4701;965
2026-06-08T11:18:13.0000000Z;9.1998;9.2366;5000;965
2026-06-08T11:18:14.0000000Z;9.2;9.2366;7500;965
2026-06-08T11:18:15.0000000Z;9.2002;9.2366;4701;965
2026-06-08T11:18:19.0000000Z;9.1996;9.2366;965;965
2026-06-08T11:18:20.0000000Z;9.1998;9.2366;4701;965
2026-06-08T11:18:25.0000000Z;9.2;9.2366;7500;965
2026-06-08T11:18:26.0000000Z;9.2002;9.2366;4701;965
2026-06-08T11:18:30.0000000Z;9.1996;9.2366;965;965
2026-06-08T11:18:31.0000000Z;9.1998;9.2366;4701;965
2026-06-08T11:18:37.0000000Z;9.2;9.2366;7500;965
2026-06-08T11:18:38.0000000Z;9.2002;9.2366;4701;965
2026-06-08T11:18:42.0000000Z;9.1996;9.2366;965;965
2026-06-08T11:18:43.0000000Z;9.1998;9.2366;4701;965
2026-06-08T11:18:49.0000000Z;9.1998;9.2366;5000;965
2026-06-08T11:18:51.0000000Z;9.2;9.2366;7500;965
2026-06-08T11:18:52.0000000Z;9.2002;9.2366;4701;965
2026-06-08T11:18:56.0000000Z;9.1996;9.2366;965;965
2026-06-08T11:18:57.0000000Z;9.1998;9.2366;4701;965
2026-06-08T11:19:01.0000000Z;9.2;9.2366;7500;965
2026-06-08T11:19:02.0000000Z;9.2002;9.2366;4701;965
2026-06-08T11:19:06.0000000Z;9.1996;9.2366;965;965
2026-06-08T11:19:07.0000000Z;9.1998;9.2366;7419;965
2026-06-08T11:19:13.0000000Z;9.2;9.2366;7500;965
2026-06-08T11:19:14.0000000Z;9.2002;9.2366;4701;965
2026-06-08T11:19:19.0000000Z;9.1996;9.2366;965;965
2026-06-08T11:19:20.0000000Z;9.1998;9.2366;7419;965
2026-06-08T11:19:25.0000000Z;9.1998;9.2366;5000;965
2026-06-08T11:19:27.0000000Z;9.2;9.2366;7500;965
2026-06-08T11:19:28.0000000Z;9.2002;9.2366;4701;965
2026-06-08T11:19:32.0000000Z;9.1996;9.2366;965;965
2026-06-08T11:19:33.0000000Z;9.1998;9.2366;4701;965
2026-06-08T11:19:37.0000000Z;9.2;9.2366;7500;965
2026-06-08T11:19:38.0000000Z;9.2002;9.2366;4701;965
2026-06-08T11:19:42.0000000Z;9.1996;9.2366;965;965
2026-06-08T11:19:43.0000000Z;9.1998;9.2366;4701;965
2026-06-08T11:19:49.0000000Z;9.1998;9.2366;5000;965
2026-06-08T11:19:50.0000000Z;9.2;9.2366;7500;965
2026-06-08T11:19:51.0000000Z;9.2002;9.2366;4701;965
2026-06-08T11:19:55.0000000Z;9.1996;9.2366;965;965
2026-06-08T11:19:56.0000000Z;9.1998;9.2366;4701;965
2026-06-08T11:20:01.0000000Z;9.2;9.2366;7500;965
2026-06-08T11:20:02.0000000Z;9.2002;9.2366;4701;965
2026-06-08T11:20:03.0000000Z;9.2002;9.2366;4701;965
2026-06-08T11:20:06.0000000Z;9.1996;9.2366;965;965
2026-06-08T11:20:07.0000000Z;9.1998;9.2366;7419;965
2026-06-08T11:20:13.0000000Z;9.2;9.2366;7500;965
2026-06-08T11:20:14.0000000Z;9.2002;9.2366;4701;965
2026-06-08T11:20:18.0000000Z;9.1996;9.2366;965;965
2026-06-08T11:20:19.0000000Z;9.1998;9.2366;7419;965
2026-06-08T11:20:20.0000000Z;9.1998;9.2366;4701;965
2026-06-08T11:20:25.0000000Z;9.2;9.2366;7500;965
2026-06-08T11:20:26.0000000Z;9.2002;9.2366;4701;965
2026-06-08T11:20:30.0000000Z;9.1996;9.2366;965;965
2026-06-08T11:20:31.0000000Z;9.1998;9.2366;4701;965
2026-06-08T11:20:37.0000000Z;9.1998;9.2366;5000;965
2026-06-08T11:20:38.0000000Z;9.1998;9.2366;4701;965
2026-06-08T11:20:39.0000000Z;9.2;9.2366;7500;965
2026-06-08T11:20:40.0000000Z;9.2002;9.2366;4701;965
2026-06-08T11:20:44.0000000Z;9.1996;9.2366;965;965
2026-06-08T11:20:45.0000000Z;9.1998;9.2366;4701;965
2026-06-08T11:20:49.0000000Z;9.1998;9.2366;5000;965
2026-06-08T11:20:50.0000000Z;9.2;9.2366;7500;965
2026-06-08T11:20:51.0000000Z;9.2002;9.2366;4701;965
2026-06-08T11:20:55.0000000Z;9.1996;9.2366;965;965
2026-06-08T11:20:56.0000000Z;9.1998;9.2366;7419;965
2026-06-08T11:21:01.0000000Z;9.2;9.2366;7500;965
2026-06-08T11:21:02.0000000Z;9.2002;9.2366;4701;965
2026-06-08T11:21:06.0000000Z;9.1996;9.2366;965;965
2026-06-08T11:21:07.0000000Z;9.1998;9.2366;7419;965
2026-06-08T11:21:08.0000000Z;9.1998;9.2366;4701;965
2026-06-08T11:21:13.0000000Z;9.1998;9.2366;5000;965
2026-06-08T11:21:14.0000000Z;9.2;9.2366;7500;965
2026-06-08T11:21:15.0000000Z;9.2002;9.2366;4701;965
2026-06-08T11:21:19.0000000Z;9.1996;9.2366;965;965
2026-06-08T11:21:20.0000000Z;9.1998;9.2366;4701;965
2026-06-08T11:21:25.0000000Z;9.2;9.2366;7500;965
2026-06-08T11:21:26.0000000Z;9.2002;9.2366;4701;965
2026-06-08T11:21:30.0000000Z;9.1996;9.2366;965;965
2026-06-08T11:21:31.0000000Z;9.1998;9.2366;4701;965
2026-06-08T11:21:37.0000000Z;9.2;9.2366;7500;965
2026-06-08T11:21:38.0000000Z;9.2002;9.2366;4701;965
2026-06-08T11:21:42.0000000Z;9.1996;9.2366;965;965
2026-06-08T11:21:43.0000000Z;9.1998;9.2366;4701;965
2026-06-08T11:21:49.0000000Z;9.2;9.2366;7500;965
2026-06-08T11:21:50.0000000Z;9.2002;9.2366;4701;965
2026-06-08T11:21:54.0000000Z;9.1996;9.2366;965;965
2026-06-08T11:21:55.0000000Z;9.1998;9.2366;7419;965
2026-06-08T11:22:01.0000000Z;9.2;9.2366;7500;965
2026-06-08T11:22:02.0000000Z;9.2002;9.2366;4701;965
2026-06-08T11:22:06.0000000Z;9.1996;9.2366;965;965
2026-06-08T11:22:07.0000000Z;9.1998;9.2366;7419;965
2026-06-08T11:22:13.0000000Z;9.2;9.2366;7500;965
2026-06-08T11:22:14.0000000Z;9.2002;9.2366;4701;965
2026-06-08T11:22:18.0000000Z;9.1996;9.2366;965;965
2026-06-08T11:22:19.0000000Z;9.1998;9.2366;7419;965
2026-06-08T11:22:25.0000000Z;9.2;9.2366;7500;965
2026-06-08T11:22:26.0000000Z;9.2002;9.2366;4701;965
2026-06-08T11:22:30.0000000Z;9.1996;9.2366;965;965
2026-06-08T11:22:31.0000000Z;9.1998;9.2366;7419;965
2026-06-08T11:22:37.0000000Z;9.2;9.2366;7500;965
2026-06-08T11:22:38.0000000Z;9.2002;9.2366;4701;965
2026-06-08T11:22:42.0000000Z;9.1996;9.2366;965;965
2026-06-08T11:22:43.0000000Z;9.1998;9.2366;7419;965
2026-06-08T11:22:49.0000000Z;9.2;9.2366;7500;965
2026-06-08T11:22:50.0000000Z;9.2002;9.2366;4701;965
2026-06-08T11:22:54.0000000Z;9.1996;9.2366;965;965
2026-06-08T11:22:55.0000000Z;9.1998;9.2366;7419;965
2026-06-08T11:23:01.0000000Z;9.2;9.2366;7500;965
2026-06-08T11:23:02.0000000Z;9.2002;9.2366;4701;965
2026-06-08T11:23:06.0000000Z;9.1996;9.2366;965;965
2026-06-08T11:23:07.0000000Z;9.1998;9.2366;7419;965
2026-06-08T11:23:13.0000000Z;9.1998;9.2366;5000;965
2026-06-08T11:23:15.0000000Z;9.2;9.2366;7500;965
2026-06-08T11:23:16.0000000Z;9.2002;9.2366;4701;965
2026-06-08T11:23:20.0000000Z;9.1996;9.2366;965;965
2026-06-08T11:23:21.0000000Z;9.1998;9.2366;7419;965
2026-06-08T11:23:25.0000000Z;9.2;9.2366;7500;965
2026-06-08T11:23:26.0000000Z;9.2002;9.2366;4701;965
2026-06-08T11:23:30.0000000Z;9.1996;9.2366;965;965
2026-06-08T11:23:31.0000000Z;9.1998;9.2366;7419;965
2026-06-08T11:23:32.0000000Z;9.1998;9.2366;4701;965
2026-06-08T11:23:37.0000000Z;9.2;9.2366;7500;965
2026-06-08T11:23:38.0000000Z;9.2002;9.2366;4701;965
2026-06-08T11:23:42.0000000Z;9.1996;9.2366;965;965
2026-06-08T11:23:43.0000000Z;9.1998;9.2366;4701;965
2026-06-08T11:23:49.0000000Z;9.2;9.2366;7500;965
2026-06-08T11:23:50.0000000Z;9.2002;9.2366;4701;965
2026-06-08T11:23:54.0000000Z;9.1996;9.2366;965;965
2026-06-08T11:23:55.0000000Z;9.1998;9.2366;4701;965
2026-06-08T11:24:01.0000000Z;9.2;9.2366;7500;965
2026-06-08T11:24:02.0000000Z;9.2002;9.2366;4701;965
2026-06-08T11:24:06.0000000Z;9.1996;9.2366;965;965
2026-06-08T11:24:07.0000000Z;9.1998;9.2366;4701;965
2026-06-08T11:24:13.0000000Z;9.2;9.2366;7500;965
2026-06-08T11:24:14.0000000Z;9.2002;9.2366;4701;965
2026-06-08T11:24:18.0000000Z;9.1996;9.2366;965;965
2026-06-08T11:24:19.0000000Z;9.1998;9.2366;4701;965
2026-06-08T11:24:25.0000000Z;9.2;9.2366;7500;965
2026-06-08T11:24:26.0000000Z;9.2002;9.2366;4701;965
2026-06-08T11:24:30.0000000Z;9.1996;9.2366;965;965
2026-06-08T11:24:31.0000000Z;9.1998;9.2366;4701;965
2026-06-08T11:24:37.0000000Z;9.2;9.2366;7500;965
2026-06-08T11:24:38.0000000Z;9.2002;9.2366;4701;965
2026-06-08T11:24:42.0000000Z;9.1996;9.2366;965;965
2026-06-08T11:24:43.0000000Z;9.1998;9.2366;4701;965
2026-06-08T11:24:49.0000000Z;9.2;9.2366;7500;965
2026-06-08T11:24:50.0000000Z;9.2002;9.2366;4701;965
2026-06-08T11:24:54.0000000Z;9.1996;9.2366;965;965
2026-06-08T11:24:55.0000000Z;9.1998;9.2366;4701;965
2026-06-08T11:25:01.0000000Z;9.2;9.2366;7500;965
2026-06-08T11:25:02.0000000Z;9.2002;9.2366;4701;965
2026-06-08T11:25:06.0000000Z;9.1996;9.2366;965;965
2026-06-08T11:25:07.0000000Z;9.1998;9.2366;4701;965
2026-06-08T11:25:13.0000000Z;9.2;9.2366;7500;965
2026-06-08T11:25:14.0000000Z;9.2002;9.2366;4701;965
2026-06-08T11:25:18.0000000Z;9.1996;9.2366;965;965
2026-06-08T11:25:19.0000000Z;9.1998;9.2366;4701;965
2026-06-08T11:25:25.0000000Z;9.2;9.2366;7500;965
2026-06-08T11:25:26.0000000Z;9.2002;9.2366;4701;965
2026-06-08T11:25:30.0000000Z;9.1996;9.2366;965;965
2026-06-08T11:25:31.0000000Z;9.1998;9.2366;4701;965
2026-06-08T11:25:37.0000000Z;9.2;9.2366;7500;965
2026-06-08T11:25:38.0000000Z;9.2002;9.2366;4701;965
2026-06-08T11:25:42.0000000Z;9.1996;9.2366;965;965
2026-06-08T11:25:43.0000000Z;9.1998;9.2366;4701;965
2026-06-08T11:25:48.0000000Z;9.1996;9.2366;965;965
2026-06-08T11:25:49.0000000Z;9.2;9.2366;7500;965
2026-06-08T11:25:50.0000000Z;9.2002;9.2366;4701;965
2026-06-08T11:25:54.0000000Z;9.1996;9.2366;965;965
2026-06-08T11:25:55.0000000Z;9.1998;9.2366;4701;965
2026-06-08T11:26:01.0000000Z;9.2;9.2366;7500;965
2026-06-08T11:26:03.0000000Z;9.2002;9.2366;4701;965
2026-06-08T11:26:06.0000000Z;9.1994;9.2366;2718;965
2026-06-08T11:26:07.0000000Z;9.1998;9.2366;4701;965
2026-06-08T11:26:13.0000000Z;9.2;9.2366;7500;965
2026-06-08T11:26:14.0000000Z;9.2002;9.2366;4701;965
2026-06-08T11:26:18.0000000Z;9.1994;9.2366;2718;965
2026-06-08T11:26:19.0000000Z;9.1998;9.2366;4701;965
2026-06-08T11:26:25.0000000Z;9.1998;9.2366;5000;965
2026-06-08T11:26:27.0000000Z;9.2;9.2366;7500;965
2026-06-08T11:26:28.0000000Z;9.2002;9.2366;4701;965
2026-06-08T11:26:32.0000000Z;9.1994;9.2366;2718;965
2026-06-08T11:26:33.0000000Z;9.1998;9.2366;4701;965
2026-06-08T11:26:37.0000000Z;9.2;9.2366;7500;965
2026-06-08T11:26:38.0000000Z;9.2002;9.2366;4701;965
2026-06-08T11:26:42.0000000Z;9.1994;9.2366;2718;965
2026-06-08T11:26:43.0000000Z;9.1998;9.2366;4701;965
2026-06-08T11:26:49.0000000Z;9.2;9.2366;7500;965
2026-06-08T11:26:50.0000000Z;9.2002;9.2366;4701;965
2026-06-08T11:26:54.0000000Z;9.1994;9.2366;2718;965
2026-06-08T11:26:55.0000000Z;9.1998;9.2366;4701;965
2026-06-08T11:27:01.0000000Z;9.2;9.2366;7500;965
2026-06-08T11:27:02.0000000Z;9.2002;9.2366;4701;965
2026-06-08T11:27:06.0000000Z;9.1994;9.2366;2718;965
2026-06-08T11:27:07.0000000Z;9.1998;9.2366;4701;965
2026-06-08T11:27:13.0000000Z;9.2;9.2366;7500;965
2026-06-08T11:27:14.0000000Z;9.2002;9.2366;4701;965
2026-06-08T11:27:18.0000000Z;9.1994;9.2366;2718;965
2026-06-08T11:27:19.0000000Z;9.1998;9.2366;4701;965
2026-06-08T11:27:25.0000000Z;9.2;9.2366;7500;965
2026-06-08T11:27:26.0000000Z;9.2002;9.2366;4701;965
2026-06-08T11:27:30.0000000Z;9.1994;9.2366;2718;965
2026-06-08T11:27:31.0000000Z;9.1998;9.2366;4701;965
2026-06-08T11:27:37.0000000Z;9.2;9.2366;7500;965
2026-06-08T11:27:38.0000000Z;9.2002;9.2366;4701;965
2026-06-08T11:27:42.0000000Z;9.1994;9.2366;2718;965
2026-06-08T11:27:43.0000000Z;9.1998;9.2366;4701;965
2026-06-08T11:27:49.0000000Z;9.2;9.2366;7500;965
2026-06-08T11:27:50.0000000Z;9.2002;9.2366;4701;965
2026-06-08T11:27:54.0000000Z;9.1994;9.2366;2718;965
2026-06-08T11:27:55.0000000Z;9.1998;9.2366;4701;965
2026-06-08T11:28:01.0000000Z;9.2;9.2366;7500;965
2026-06-08T11:28:02.0000000Z;9.2002;9.2366;4701;965
2026-06-08T11:28:06.0000000Z;9.1994;9.2366;2718;965
2026-06-08T11:28:07.0000000Z;9.1998;9.2366;4701;965
2026-06-08T11:28:13.0000000Z;9.2;9.2366;7500;965
2026-06-08T11:28:14.0000000Z;9.2002;9.2366;4701;965
2026-06-08T11:28:18.0000000Z;9.1994;9.2366;2718;965
2026-06-08T11:28:19.0000000Z;9.1998;9.2366;4701;965
2026-06-08T11:28:25.0000000Z;9.2;9.2366;7500;965
2026-06-08T11:28:26.0000000Z;9.2002;9.2366;4701;965
2026-06-08T11:28:30.0000000Z;9.1994;9.2366;2718;965
2026-06-08T11:28:31.0000000Z;9.1998;9.2366;4701;965
2026-06-08T11:28:37.0000000Z;9.2;9.2366;7500;965
2026-06-08T11:28:38.0000000Z;9.2002;9.2366;4701;965
2026-06-08T11:28:42.0000000Z;9.1994;9.2366;2718;965
2026-06-08T11:28:43.0000000Z;9.1998;9.2366;4701;965
2026-06-08T11:28:49.0000000Z;9.2;9.2366;7500;965
2026-06-08T11:28:50.0000000Z;9.2002;9.2366;4701;965
2026-06-08T11:28:54.0000000Z;9.1994;9.2366;2718;965
2026-06-08T11:28:55.0000000Z;9.1998;9.2366;4701;965
2026-06-08T11:29:01.0000000Z;9.2;9.2366;7500;965
2026-06-08T11:29:02.0000000Z;9.2002;9.2366;4701;965
2026-06-08T11:29:06.0000000Z;9.1994;9.2366;2718;965
2026-06-08T11:29:07.0000000Z;9.1998;9.2366;4701;965
2026-06-08T11:29:13.0000000Z;9.2;9.2366;7500;965
2026-06-08T11:29:14.0000000Z;9.2002;9.2366;4701;965
2026-06-08T11:29:18.0000000Z;9.1994;9.2366;2718;965
2026-06-08T11:29:19.0000000Z;9.1998;9.2366;4701;965
2026-06-08T11:29:25.0000000Z;9.2;9.2366;7500;965
2026-06-08T11:29:26.0000000Z;9.2002;9.2366;4701;965
2026-06-08T11:29:29.0000000Z;9.2;9.2366;7500;965
2026-06-08T11:29:30.0000000Z;9.1996;9.2366;965;965
2026-06-08T11:29:31.0000000Z;9.1998;9.2366;4701;965
2026-06-08T11:29:37.0000000Z;9.2;9.2366;7500;965
2026-06-08T11:29:38.0000000Z;9.2002;9.2366;4701;965
2026-06-08T11:29:42.0000000Z;9.1996;9.2366;965;965
2026-06-08T11:29:44.0000000Z;9.1998;9.2366;4701;965
2026-06-08T11:29:49.0000000Z;9.2;9.2366;7500;965
2026-06-08T11:29:50.0000000Z;9.2002;9.2366;4701;965
2026-06-08T11:29:54.0000000Z;9.1996;9.2366;965;965
2026-06-08T11:29:55.0000000Z;9.1998;9.2366;4701;965
2026-06-08T11:30:01.0000000Z;9.2;9.2366;7500;965
2026-06-08T11:30:02.0000000Z;9.2002;9.2366;4701;965
2026-06-08T11:30:06.0000000Z;9.1996;9.2366;965;965
2026-06-08T11:30:07.0000000Z;9.1998;9.2366;4701;965
2026-06-08T11:30:13.0000000Z;9.2;9.2366;7500;965
2026-06-08T11:30:14.0000000Z;9.2002;9.2366;4701;965
2026-06-08T11:30:18.0000000Z;9.1996;9.2366;965;965
2026-06-08T11:30:19.0000000Z;9.1998;9.2366;4701;965
2026-06-08T11:30:25.0000000Z;9.2;9.2366;7500;965
2026-06-08T11:30:26.0000000Z;9.2002;9.2366;4701;965
2026-06-08T11:30:30.0000000Z;9.1996;9.2366;965;965
2026-06-08T11:30:31.0000000Z;9.1998;9.2366;4701;965
2026-06-08T11:30:37.0000000Z;9.2;9.2366;7500;965
2026-06-08T11:30:38.0000000Z;9.2002;9.2366;4701;965
2026-06-08T11:30:42.0000000Z;9.1996;9.2366;965;965
2026-06-08T11:30:43.0000000Z;9.1998;9.2366;4701;965
2026-06-08T11:30:49.0000000Z;9.2;9.2366;7500;965
2026-06-08T11:30:50.0000000Z;9.2002;9.2366;4701;965
2026-06-08T11:30:54.0000000Z;9.1996;9.2366;965;965
2026-06-08T11:30:55.0000000Z;9.1998;9.2366;4701;965
2026-06-08T11:31:01.0000000Z;9.2;9.2366;7500;965
2026-06-08T11:31:02.0000000Z;9.2002;9.2366;4701;965
2026-06-08T11:31:06.0000000Z;9.1996;9.2366;965;965
2026-06-08T11:31:07.0000000Z;9.1998;9.2366;4701;965
2026-06-08T11:31:13.0000000Z;9.2;9.2366;7500;965
2026-06-08T11:31:14.0000000Z;9.2002;9.2366;4701;965
2026-06-08T11:31:18.0000000Z;9.1996;9.2366;965;965
2026-06-08T11:31:19.0000000Z;9.1998;9.2366;4701;965
2026-06-08T11:31:25.0000000Z;9.2;9.2366;7500;965
2026-06-08T11:31:26.0000000Z;9.2002;9.2366;4701;965
2026-06-08T11:31:30.0000000Z;9.1996;9.2366;965;965
2026-06-08T11:31:31.0000000Z;9.1998;9.2366;4701;965
2026-06-08T11:31:37.0000000Z;9.2;9.2366;7500;965
2026-06-08T11:31:38.0000000Z;9.2002;9.2366;4701;965
2026-06-08T11:31:42.0000000Z;9.1996;9.2366;965;965
2026-06-08T11:31:43.0000000Z;9.1998;9.2366;4701;965
2026-06-08T11:31:49.0000000Z;9.2;9.2366;7500;965
2026-06-08T11:31:50.0000000Z;9.2002;9.2366;4701;965
2026-06-08T11:31:54.0000000Z;9.1996;9.2366;965;965
2026-06-08T11:31:55.0000000Z;9.1998;9.2366;4701;965
2026-06-08T11:32:01.0000000Z;9.2;9.2366;7500;965
2026-06-08T11:32:02.0000000Z;9.2002;9.2366;4701;965
2026-06-08T11:32:06.0000000Z;9.1996;9.2366;965;965
2026-06-08T11:32:07.0000000Z;9.1998;9.2366;4701;965
2026-06-08T11:32:13.0000000Z;9.2;9.2366;7500;965
2026-06-08T11:32:14.0000000Z;9.2002;9.2366;4701;965
2026-06-08T11:32:18.0000000Z;9.1996;9.2366;965;965
2026-06-08T11:32:19.0000000Z;9.1998;9.2366;4701;965
2026-06-08T11:32:25.0000000Z;9.2;9.2366;7500;965
2026-06-08T11:32:26.0000000Z;9.2002;9.2366;4701;965
2026-06-08T11:32:30.0000000Z;9.1996;9.2366;965;965
2026-06-08T11:32:31.0000000Z;9.1998;9.2366;4701;965
2026-06-08T11:32:37.0000000Z;9.2;9.2366;7500;965
2026-06-08T11:32:38.0000000Z;9.2002;9.2366;4701;965
2026-06-08T11:32:42.0000000Z;9.1996;9.2366;965;965
2026-06-08T11:32:43.0000000Z;9.1998;9.2366;4701;965
2026-06-08T11:32:49.0000000Z;9.2;9.2366;7500;965
2026-06-08T11:32:50.0000000Z;9.2002;9.2366;4701;965
2026-06-08T11:32:54.0000000Z;9.1996;9.2366;965;965
2026-06-08T11:32:55.0000000Z;9.1998;9.2366;4701;965
2026-06-08T11:33:01.0000000Z;9.2;9.2366;7500;965
2026-06-08T11:33:02.0000000Z;9.2002;9.2366;4701;965
2026-06-08T11:33:06.0000000Z;9.1996;9.2366;965;965
2026-06-08T11:33:07.0000000Z;9.1998;9.2366;4701;965
2026-06-08T11:33:13.0000000Z;9.1998;9.2366;5000;965
2026-06-08T11:33:14.0000000Z;9.2;9.2366;7500;965
2026-06-08T11:33:15.0000000Z;9.2002;9.2366;4701;965
2026-06-08T11:33:19.0000000Z;9.1996;9.2366;965;965
2026-06-08T11:33:20.0000000Z;9.1998;9.2366;4701;965
2026-06-08T11:33:25.0000000Z;9.214;9.2718;965;5000
2026-06-08T11:33:26.0000000Z;9.1994;9.2368;2718;2707
2026-06-08T11:33:27.0000000Z;9.2002;9.2686;4701;7500
2026-06-08T11:33:28.0000000Z;9.2002;9.2368;4701;2707
2026-06-08T11:33:30.0000000Z;9.1524;9.2686;18799;7500
2026-06-08T11:33:31.0000000Z;9.1994;9.2686;2718;7500
2026-06-08T11:33:32.0000000Z;9.1524;9.2368;18799;2707
2026-06-08T11:33:33.0000000Z;9.1524;9.2368;18799;2707
2026-06-08T11:33:34.0000000Z;9.1526;9.2718;4701;4701
2026-06-08T11:33:37.0000000Z;9.1522;9.272;2732;18799
2026-06-08T11:33:38.0000000Z;9.153;9.2716;4701;26299
2026-06-08T11:33:39.0000000Z;9.153;9.2714;4701;4701
2026-06-08T11:33:42.0000000Z;9.1528;9.2716;18799;26299
2026-06-08T11:33:43.0000000Z;9.1528;9.2716;18799;18799
2026-06-08T11:33:46.0000000Z;9.153;9.2714;4701;4701
2026-06-08T11:33:49.0000000Z;9.1532;9.2712;26299;7500
2026-06-08T11:33:50.0000000Z;9.1534;9.2712;4701;7500
2026-06-08T11:33:51.0000000Z;9.1534;9.271;4701;4701
2026-06-08T11:33:54.0000000Z;9.1532;9.2716;18799;18799
2026-06-08T11:33:55.0000000Z;9.1532;9.2714;18799;4701
2026-06-08T11:33:56.0000000Z;9.1534;9.2714;4701;4701
2026-06-08T11:34:01.0000000Z;9.153;9.2716;2732;18799
2026-06-08T11:34:02.0000000Z;9.1538;9.2712;4701;7500
2026-06-08T11:34:03.0000000Z;9.1538;9.271;4701;4701
2026-06-08T11:34:06.0000000Z;9.153;9.2712;2732;7500
2026-06-08T11:34:07.0000000Z;9.1534;9.2716;4701;18799
2026-06-08T11:34:08.0000000Z;9.1534;9.2714;4701;4701
2026-06-08T11:34:09.0000000Z;9.2176;9.2362;965;965
2026-06-08T11:34:10.0000000Z;9.2178;9.2362;4701;965
2026-06-08T11:34:11.0000000Z;9.2178;9.2364;4701;2707
2026-06-08T11:34:13.0000000Z;9.2178;9.2362;5000;965
2026-06-08T11:34:14.0000000Z;9.2178;9.2362;5000;965
2026-06-08T11:34:22.0000000Z;9.2178;9.2362;4701;965
2026-06-08T11:35:41.0000000Z;9.2178;9.2362;5000;965
2026-06-08T11:35:49.0000000Z;9.2178;9.2362;5000;965
2026-06-08T11:37:15.0000000Z;9.2178;9.2362;5000;965
2026-06-08T11:38:26.0000000Z;9.218;9.2362;5000;965
2026-06-08T11:38:27.0000000Z;9.2182;9.2362;4701;965
2026-06-08T11:38:32.0000000Z;9.2182;9.2362;4701;965
2026-06-08T11:38:49.0000000Z;9.218;9.2362;5000;965
2026-06-08T11:39:30.0000000Z;9.218;9.2362;5000;965
2026-06-08T11:41:50.0000000Z;9.218;9.2362;5000;965
2026-06-08T11:42:08.0000000Z;9.218;9.2362;5000;965
2026-06-08T11:42:12.0000000Z;9.218;9.2362;5000;965
2026-06-08T11:42:13.0000000Z;9.218;9.2362;5000;965
2026-06-08T11:42:49.0000000Z;9.2182;9.2362;4701;55000
2026-06-08T11:50:18.0000000Z;9.218;9.2362;5000;965
2026-06-08T11:50:49.0000000Z;9.218;9.2362;5000;965
2026-06-08T11:58:36.0000000Z;9.218;9.2362;5000;965
2026-06-08T11:58:37.0000000Z;9.218;9.2362;5000;965
2026-06-08T12:00:00.0000000Z;9.218;9.2816;5000;5000
2026-06-08T12:00:01.0000000Z;9.218;9.2808;5000;5000
2026-06-08T12:00:02.0000000Z;9.2196;9.2364;55000;2707
2026-06-08T12:00:03.0000000Z;9.2198;9.2364;4701;2707
2026-06-08T12:00:06.0000000Z;9.2196;9.238;5000;965
2026-06-08T12:00:10.0000000Z;9.2198;9.238;4701;55000
2026-06-08T12:01:42.0000000Z;9.2196;9.238;5000;965
2026-06-08T12:02:55.0000000Z;9.2196;9.2468;5000;5000
2026-06-08T12:02:56.0000000Z;9.2196;9.238;5000;55000
2026-06-08T12:02:58.0000000Z;9.2196;9.2382;5000;2707
2026-06-08T12:03:00.0000000Z;9.2196;9.2468;5000;5000
2026-06-08T12:03:04.0000000Z;9.2196;9.2466;5000;4701
2026-06-08T12:03:45.0000000Z;9.2196;9.2468;5000;5000
2026-06-08T12:08:28.0000000Z;9.2196;9.237;5000;965
2026-06-08T12:08:29.0000000Z;9.2196;9.237;5000;55000
2026-06-08T12:08:37.0000000Z;9.2196;9.237;5000;55000
2026-06-08T12:10:39.0000000Z;9.2196;9.2368;5000;4701
2026-06-08T12:11:16.0000000Z;9.2196;9.237;5000;5965
2026-06-08T12:11:48.0000000Z;9.2196;9.237;5000;965
2026-06-08T12:11:51.0000000Z;9.2196;9.237;5000;965
2026-06-08T12:11:53.0000000Z;9.2196;9.237;5000;55000
2026-06-08T12:12:14.0000000Z;9.2196;9.2368;5000;4701
2026-06-08T12:12:15.0000000Z;9.2196;9.237;5000;55000
2026-06-08T12:12:25.0000000Z;9.2196;9.2368;5000;4701
2026-06-08T12:12:37.0000000Z;9.2196;9.237;5000;55000
2026-06-08T12:12:54.0000000Z;9.2198;9.2372;4701;2707
2026-06-08T12:12:55.0000000Z;9.2198;9.2368;4701;4701
2026-06-08T12:13:01.0000000Z;9.2198;9.237;4701;55000
2026-06-08T12:13:54.0000000Z;9.2198;9.2368;4701;4701
2026-06-08T12:14:01.0000000Z;9.2198;9.237;4701;55000
2026-06-08T12:14:15.0000000Z;9.2198;9.2368;4701;4701
2026-06-08T12:19:16.0000000Z;9.2198;9.237;4701;55000
2026-06-08T12:19:20.0000000Z;9.2198;9.2368;4701;4701
2026-06-08T12:19:35.0000000Z;9.2196;9.237;5000;965
2026-06-08T12:19:49.0000000Z;9.2196;9.237;5000;55000
2026-06-08T12:19:56.0000000Z;9.2196;9.2368;5000;4701
2026-06-08T12:20:00.0000000Z;9.2196;9.237;5000;55000
2026-06-08T12:30:14.0000000Z;9.2232;9.2418;55000;965
2026-06-08T12:30:15.0000000Z;9.2234;9.2372;4701;2707
2026-06-08T12:30:21.0000000Z;9.2234;9.2418;4701;55000
2026-06-08T12:31:30.0000000Z;9.2232;9.2418;5000;965
2026-06-08T12:34:24.0000000Z;9.2232;9.2416;5000;4701
2026-06-08T12:34:42.0000000Z;9.2232;9.2418;5000;55000
2026-06-08T12:34:52.0000000Z;9.2232;9.2416;5000;4701
2026-06-08T12:37:02.0000000Z;9.2232;9.2418;5000;55000
2026-06-08T12:37:35.0000000Z;9.2232;9.2416;5000;4701
2026-06-08T12:39:45.0000000Z;9.2232;9.2418;5000;55000
2026-06-08T12:39:59.0000000Z;9.2232;9.2418;5000;5965
2026-06-08T12:39:59.0000000Z;9.2232;9.2418;5000;5965
2026-06-08T12:40:00.0000000Z;9.2232;9.2418;5000;5000
2026-06-08T12:40:02.0000000Z;9.2232;9.2804;5000;5000
2026-06-08T12:40:03.0000000Z;9.2232;9.2398;5000;965
2026-06-08T12:40:05.0000000Z;9.2232;9.2398;5000;55000
2026-06-08T12:40:07.0000000Z;9.2232;9.2398;5000;965
2026-06-08T12:40:20.0000000Z;9.2232;9.2398;5000;55000
2026-06-08T12:41:18.0000000Z;9.2232;9.2398;5000;965
2026-06-08T12:42:33.0000000Z;9.2232;9.2398;5000;965
2026-06-08T12:42:34.0000000Z;9.2232;9.282;5000;5000
2026-06-08T12:42:36.0000000Z;9.2232;9.24;5000;965
2026-06-08T12:42:40.0000000Z;9.2232;9.282;5000;5000
2026-06-08T12:42:41.0000000Z;9.2232;9.2816;5000;5000
2026-06-08T12:42:42.0000000Z;9.2232;9.2404;5000;965
2026-06-08T12:42:43.0000000Z;9.2232;9.24;5000;2706
2026-06-08T12:42:47.0000000Z;9.2232;9.2404;5000;965
2026-06-08T12:42:48.0000000Z;9.2232;9.282;5000;5000
2026-06-08T12:42:49.0000000Z;9.2232;9.24;5000;2706
2026-06-08T12:42:50.0000000Z;9.2232;9.24;5000;2706
2026-06-08T12:42:53.0000000Z;9.2232;9.25;5000;4701
2026-06-08T12:42:55.0000000Z;9.2232;9.2502;5000;5000
2026-06-08T12:44:01.0000000Z;9.2232;9.2502;5000;5000
2026-06-08T12:44:37.0000000Z;9.2232;9.241;5000;965
2026-06-08T12:44:38.0000000Z;9.2232;9.241;5000;55000
2026-06-08T12:44:44.0000000Z;9.2232;9.282;5000;5000
2026-06-08T12:44:46.0000000Z;9.2232;9.282;5000;59701
2026-06-08T12:44:47.0000000Z;9.2232;9.2812;5000;5000
2026-06-08T12:44:48.0000000Z;9.2232;9.281;5000;4701
2026-06-08T12:44:49.0000000Z;9.2232;9.2812;5000;55000
2026-06-08T12:44:50.0000000Z;9.2232;9.241;5000;55000
2026-06-08T12:44:55.0000000Z;9.2232;9.241;5000;965
2026-06-08T12:44:56.0000000Z;9.2232;9.241;5000;55000
2026-06-08T12:46:30.0000000Z;9.2232;9.241;5000;965
2026-06-08T12:47:53.0000000Z;9.2232;9.241;5000;965
2026-06-08T12:50:19.0000000Z;9.2232;9.2408;5000;4701
2026-06-08T12:50:21.0000000Z;9.2232;9.241;5000;55000
2026-06-08T12:50:23.0000000Z;9.2232;9.241;5000;55000
2026-06-08T12:50:38.0000000Z;9.2232;9.2408;5000;4701
2026-06-08T12:53:03.0000000Z;9.2232;9.241;5000;5965
2026-06-08T12:53:37.0000000Z;9.2232;9.241;5000;965
2026-06-08T12:53:38.0000000Z;9.2232;9.2408;5000;4701
2026-06-08T12:54:13.0000000Z;9.2232;9.241;5000;55000
2026-06-08T12:54:27.0000000Z;9.2232;9.241;5000;965
2026-06-08T12:59:13.0000000Z;9.2232;9.241;5000;55000
2026-06-08T12:59:14.0000000Z;9.2232;9.241;5000;55000
2026-06-08T12:59:15.0000000Z;9.2232;9.2404;5000;965
2026-06-08T12:59:16.0000000Z;9.2232;9.2404;5000;55000
2026-06-08T12:59:20.0000000Z;9.2232;9.2404;5000;965
2026-06-08T12:59:22.0000000Z;9.2232;9.2404;5000;55000
2026-06-08T13:00:20.0000000Z;9.2232;9.2404;5000;965
2026-06-08T13:00:55.0000000Z;9.2232;9.2404;5000;965
2026-06-08T13:02:57.0000000Z;9.2232;9.2404;5000;965
2026-06-08T13:04:15.0000000Z;9.2232;9.2404;5000;965
2026-06-08T13:15:53.0000000Z;9.2232;9.2404;5000;965
2026-06-08T13:15:54.0000000Z;9.2232;9.2404;5000;55000
2026-06-08T13:16:25.0000000Z;9.2232;9.2402;5000;4701
2026-06-08T13:17:54.0000000Z;9.2232;9.2404;5000;55000
2026-06-08T13:17:56.0000000Z;9.2232;9.2402;5000;4701
2026-06-08T13:17:58.0000000Z;9.2232;9.2404;5000;55000
2026-06-08T13:18:05.0000000Z;9.2232;9.2402;5000;4701
2026-06-08T13:18:06.0000000Z;9.2232;9.2404;5000;55000
2026-06-08T13:18:16.0000000Z;9.2232;9.2404;5000;55000
2026-06-08T13:20:41.0000000Z;9.2232;9.2404;5000;965
2026-06-08T13:21:53.0000000Z;9.2232;9.2404;5000;965
2026-06-08T13:22:47.0000000Z;9.2232;9.2404;5000;965
2026-06-08T13:27:27.0000000Z;9.2216;9.2404;965;965
2026-06-08T13:27:28.0000000Z;9.223;9.2404;2711;965
2026-06-08T13:27:35.0000000Z;9.2216;9.2404;55000;965
2026-06-08T13:29:14.0000000Z;9.2216;9.2404;965;965
2026-06-08T13:31:24.0000000Z;9.2264;9.2452;965;965
2026-06-08T13:31:26.0000000Z;9.2264;9.2452;55000;965
2026-06-08T13:31:27.0000000Z;9.2264;9.2452;965;965
2026-06-08T13:31:28.0000000Z;9.2264;9.2406;965;2706
2026-06-08T13:31:37.0000000Z;9.2264;9.2452;55000;55000
2026-06-08T13:42:59.0000000Z;9.1714;9.2822;11400;35899
2026-06-08T13:43:00.0000000Z;9.2262;9.2454;2710;2705
2026-06-08T13:43:01.0000000Z;9.1716;9.2822;17100;35899
2026-06-08T13:43:02.0000000Z;9.2264;9.245;965;965
2026-06-08T13:43:03.0000000Z;9.2264;9.245;55000;55000
2026-06-08T13:43:04.0000000Z;9.2264;9.245;965;965
2026-06-08T13:43:06.0000000Z;9.2264;9.245;965;965
2026-06-08T13:43:10.0000000Z;9.2264;9.245;965;55000
2026-06-08T13:44:39.0000000Z;9.2264;9.245;965;965
2026-06-08T13:45:05.0000000Z;9.1716;9.2822;35899;18799
2026-06-08T13:45:06.0000000Z;9.2262;9.2452;2710;2705
2026-06-08T13:45:07.0000000Z;9.2262;9.243;2710;55000
2026-06-08T13:45:10.0000000Z;9.2244;9.243;965;965
2026-06-08T13:45:18.0000000Z;9.2244;9.243;55000;55000
2026-06-08T13:59:39.0000000Z;9.2244;9.243;965;965
2026-06-08T13:59:58.0000000Z;9.1716;9.2822;18799;35899
2026-06-08T14:00:00.0000000Z;9.2204;9.239;965;965
2026-06-08T14:00:03.0000000Z;9.2204;9.239;965;965
2026-06-08T14:00:13.0000000Z;9.2204;9.239;55000;55000
2026-06-08T14:01:38.0000000Z;9.2204;9.239;965;965
2026-06-08T14:01:45.0000000Z;9.2204;9.239;965;965
2026-06-08T14:02:28.0000000Z;9.2204;9.239;965;965
2026-06-08T14:09:58.0000000Z;9.2204;9.239;965;965
2026-06-08T14:10:07.0000000Z;9.2204;9.239;965;965
2026-06-08T14:10:15.0000000Z;9.2204;9.239;965;965
2026-06-08T14:10:18.0000000Z;9.2204;9.239;965;965
2026-06-08T14:14:43.0000000Z;9.2156;9.2342;965;965
2026-06-08T14:14:53.0000000Z;9.2204;9.2342;55000;55000
2026-06-08T14:15:20.0000000Z;9.2156;9.2342;55000;55000
2026-06-08T14:15:51.0000000Z;9.2156;9.2342;965;965
2026-06-08T14:20:41.0000000Z;9.2156;9.2342;965;965
2026-06-08T14:23:30.0000000Z;9.2156;9.2342;965;965
2026-06-08T14:29:13.0000000Z;9.2156;9.2342;965;965
2026-06-08T14:30:36.0000000Z;9.2156;9.2342;965;965
2026-06-08T14:40:23.0000000Z;9.1714;9.2822;11400;18799
2026-06-08T14:40:25.0000000Z;9.2116;9.2302;965;965
2026-06-08T14:40:26.0000000Z;9.2116;9.2302;965;55000
2026-06-08T14:40:27.0000000Z;9.2154;9.2302;2713;55000
2026-06-08T14:40:39.0000000Z;9.2116;9.2302;55000;55000
2026-06-08T14:42:05.0000000Z;9.2116;9.2302;965;965
2026-06-08T14:46:45.0000000Z;9.2116;9.2302;965;965
2026-06-08T14:48:33.0000000Z;9.2116;9.2302;965;965
