2026-06-08T08:03:24.0000000Z;11.514;11.536;22000;801
2026-06-08T08:03:25.0000000Z;11.5145;11.536;3768;801
2026-06-08T08:03:29.0000000Z;11.5145;11.536;3768;801
2026-06-08T08:03:31.0000000Z;11.5145;11.5355;3768;3768
2026-06-08T08:03:33.0000000Z;11.5145;11.536;3768;4801
2026-06-08T08:03:50.0000000Z;11.5145;11.536;3768;4801
2026-06-08T08:04:05.0000000Z;11.5145;11.536;3768;4801
2026-06-08T08:04:12.0000000Z;11.5145;11.536;3768;4000
2026-06-08T08:04:15.0000000Z;11.5145;11.535;3768;4801
2026-06-08T08:04:16.0000000Z;11.5145;11.5345;3768;3768
2026-06-08T08:04:18.0000000Z;11.5145;11.5345;3768;3768
2026-06-08T08:04:20.0000000Z;11.5145;11.5345;3768;3768
2026-06-08T08:04:23.0000000Z;11.5145;11.5345;3768;3768
2026-06-08T08:04:26.0000000Z;11.5145;11.5345;3768;3768
2026-06-08T08:04:30.0000000Z;11.5145;11.5345;3768;3768
2026-06-08T08:04:47.0000000Z;11.5145;11.535;3768;801
2026-06-08T08:05:14.0000000Z;11.5145;11.535;3768;801
2026-06-08T08:05:24.0000000Z;11.5145;11.535;3768;801
2026-06-08T08:05:53.0000000Z;11.5145;11.535;3768;4801
2026-06-08T08:06:24.0000000Z;11.5145;11.535;3768;4801
2026-06-08T08:06:30.0000000Z;11.5145;11.535;3768;4801
2026-06-08T08:06:32.0000000Z;11.5145;11.535;3768;4801
2026-06-08T08:06:51.0000000Z;11.5145;11.535;3768;4801
2026-06-08T08:06:53.0000000Z;11.5145;11.535;3768;4801
2026-06-08T08:06:59.0000000Z;11.5145;11.535;3768;4801
2026-06-08T08:06:59.0000000Z;11.5145;11.535;3768;4801
2026-06-08T08:07:02.0000000Z;11.5145;11.535;3768;4801
2026-06-08T08:07:20.0000000Z;11.5145;11.535;3768;4801
2026-06-08T08:07:24.0000000Z;11.5145;11.535;3768;4801
2026-06-08T08:07:27.0000000Z;11.5145;11.535;3768;4801
2026-06-08T08:07:32.0000000Z;11.5145;11.535;3768;801
2026-06-08T08:08:08.0000000Z;11.5145;11.535;3768;801
2026-06-08T08:08:25.0000000Z;11.5145;11.535;3768;4801
2026-06-08T08:08:42.0000000Z;11.5145;11.535;3768;4801
2026-06-08T08:08:51.0000000Z;11.5145;11.535;3768;4801
2026-06-08T08:09:56.0000000Z;11.5145;11.535;3768;4801
2026-06-08T08:09:58.0000000Z;11.5145;11.535;3768;4801
2026-06-08T08:09:59.0000000Z;11.5145;11.535;3768;4801
2026-06-08T08:09:59.0000000Z;11.5145;11.535;3768;4801
2026-06-08T08:10:02.0000000Z;11.5145;11.535;3768;4801
2026-06-08T08:10:04.0000000Z;11.5145;11.535;3768;4801
2026-06-08T08:10:21.0000000Z;11.5145;11.535;3768;4801
2026-06-08T08:10:46.0000000Z;11.5145;11.535;3768;4801
2026-06-08T08:10:47.0000000Z;11.5145;11.535;3768;4801
2026-06-08T08:10:49.0000000Z;11.5145;11.535;3768;4801
2026-06-08T08:10:51.0000000Z;11.5145;11.535;3768;4801
2026-06-08T08:10:54.0000000Z;11.5145;11.535;3768;4801
2026-06-08T08:10:56.0000000Z;11.5145;11.535;3768;4801
2026-06-08T08:10:59.0000000Z;11.5145;11.535;3768;4801
2026-06-08T08:11:01.0000000Z;11.5145;11.535;3768;4801
2026-06-08T08:11:04.0000000Z;11.5145;11.535;3768;4801
2026-06-08T08:11:06.0000000Z;11.5145;11.535;3768;4801
2026-06-08T08:11:09.0000000Z;11.5145;11.535;3768;4801
2026-06-08T08:11:11.0000000Z;11.5145;11.535;3768;4801
2026-06-08T08:11:14.0000000Z;11.5145;11.535;3768;4801
2026-06-08T08:11:16.0000000Z;11.5145;11.535;3768;4801
2026-06-08T08:11:19.0000000Z;11.5145;11.535;3768;4801
2026-06-08T08:11:51.0000000Z;11.5145;11.535;3768;4801
2026-06-08T08:11:53.0000000Z;11.5145;11.535;3768;4801
2026-06-08T08:13:36.0000000Z;11.5145;11.535;3768;4801
2026-06-08T08:15:47.0000000Z;11.5145;11.535;3768;4801
2026-06-08T08:15:50.0000000Z;11.5145;11.535;3768;4801
2026-06-08T08:15:51.0000000Z;11.5145;11.535;3768;4801
2026-06-08T08:15:52.0000000Z;11.5145;11.535;3768;4801
2026-06-08T08:15:55.0000000Z;11.5145;11.535;3768;4801
2026-06-08T08:15:57.0000000Z;11.5145;11.535;3768;4801
2026-06-08T08:16:00.0000000Z;11.5145;11.535;3768;4801
2026-06-08T08:16:15.0000000Z;11.5145;11.535;3768;4801
2026-06-08T08:16:17.0000000Z;11.5145;11.535;3768;4801
2026-06-08T08:16:38.0000000Z;11.5145;11.535;3768;4801
2026-06-08T08:17:27.0000000Z;11.5145;11.535;3768;801
2026-06-08T08:17:31.0000000Z;11.5145;11.535;3768;801
2026-06-08T08:17:34.0000000Z;11.5145;11.535;3768;801
2026-06-08T08:19:45.0000000Z;11.5145;11.535;3768;22000
2026-06-08T08:19:51.0000000Z;11.5145;11.5345;3768;3768
2026-06-08T08:20:01.0000000Z;11.5145;11.5345;3768;3768
2026-06-08T08:20:13.0000000Z;11.5145;11.535;3768;22000
2026-06-08T08:20:54.0000000Z;11.5145;11.535;3768;22000
2026-06-08T08:20:56.0000000Z;11.5145;11.535;3768;22000
2026-06-08T08:21:56.0000000Z;11.5145;11.5345;3768;3768
2026-06-08T08:22:03.0000000Z;11.5145;11.5345;3768;3768
2026-06-08T08:22:04.0000000Z;11.5145;11.535;3768;22000
2026-06-08T08:22:08.0000000Z;11.5145;11.5345;3768;3768
2026-06-08T08:22:44.0000000Z;11.5145;11.5345;3768;3768
2026-06-08T08:22:54.0000000Z;11.5145;11.535;3768;4000
2026-06-08T08:22:55.0000000Z;11.5145;11.5345;3768;3768
2026-06-08T08:22:57.0000000Z;11.515;11.5345;4000;3768
2026-06-08T08:22:58.0000000Z;11.5155;11.5345;3768;3768
2026-06-08T08:23:00.0000000Z;11.5155;11.5345;3768;3768
2026-06-08T08:23:08.0000000Z;11.5155;11.5345;3768;3768
2026-06-08T08:23:16.0000000Z;11.5155;11.5345;3768;3768
2026-06-08T08:24:19.0000000Z;11.5155;11.5345;3768;3768
2026-06-08T08:25:21.0000000Z;11.5155;11.5365;3768;4000
2026-06-08T08:25:22.0000000Z;11.5155;11.5355;3768;2168
2026-06-08T08:25:27.0000000Z;11.5155;11.5355;3768;2168
2026-06-08T08:25:29.0000000Z;11.5155;11.536;3768;3768
2026-06-08T08:25:30.0000000Z;11.5155;11.536;3768;3768
2026-06-08T08:25:31.0000000Z;11.5155;11.536;3768;3768
2026-06-08T08:25:32.0000000Z;11.5155;11.536;3768;3768
2026-06-08T08:25:33.0000000Z;11.5155;11.536;3768;3768
2026-06-08T08:25:35.0000000Z;11.5155;11.536;3768;3768
2026-06-08T08:25:43.0000000Z;11.5155;11.536;3768;3768
2026-06-08T08:25:45.0000000Z;11.515;11.536;4801;3768
2026-06-08T08:26:03.0000000Z;11.515;11.536;4801;3768
2026-06-08T08:26:22.0000000Z;11.515;11.536;4801;3768
2026-06-08T08:26:24.0000000Z;11.515;11.536;4801;3768
2026-06-08T08:26:27.0000000Z;11.515;11.536;4801;3768
2026-06-08T08:26:29.0000000Z;11.515;11.536;4801;3768
2026-06-08T08:26:32.0000000Z;11.515;11.536;4801;3768
2026-06-08T08:29:19.0000000Z;11.515;11.536;4801;3768
2026-06-08T08:31:25.0000000Z;11.515;11.536;4801;3768
2026-06-08T08:31:44.0000000Z;11.515;11.536;4000;3768
2026-06-08T08:31:45.0000000Z;11.515;11.536;4000;3768
2026-06-08T08:31:46.0000000Z;11.515;11.5355;4000;22000
2026-06-08T08:31:47.0000000Z;11.515;11.535;4000;3768
2026-06-08T08:31:48.0000000Z;11.515;11.535;4000;3768
2026-06-08T08:31:53.0000000Z;11.515;11.535;4000;3768
2026-06-08T08:31:55.0000000Z;11.515;11.535;4000;3768
2026-06-08T08:32:19.0000000Z;11.515;11.535;4000;3768
2026-06-08T08:32:52.0000000Z;11.515;11.535;4000;3768
2026-06-08T08:33:27.0000000Z;11.515;11.535;4000;3768
2026-06-08T08:33:29.0000000Z;11.515;11.535;4000;3768
2026-06-08T08:34:03.0000000Z;11.515;11.5355;4000;22000
2026-06-08T08:34:04.0000000Z;11.515;11.5355;4000;25768
2026-06-08T08:34:11.0000000Z;11.515;11.5355;4000;25768
2026-06-08T08:34:21.0000000Z;11.515;11.5355;4000;25768
2026-06-08T08:34:37.0000000Z;11.515;11.5355;4000;25768
2026-06-08T08:34:40.0000000Z;11.515;11.5355;4000;3768
2026-06-08T08:34:53.0000000Z;11.515;11.5355;4000;3768
2026-06-08T08:35:48.0000000Z;11.515;11.536;4000;4801
2026-06-08T08:36:17.0000000Z;11.515;11.536;4000;4801
2026-06-08T08:36:38.0000000Z;11.515;11.536;4000;4801
2026-06-08T08:40:48.0000000Z;11.515;11.536;4000;4000
2026-06-08T08:40:51.0000000Z;11.515;11.536;4801;4000
2026-06-08T08:40:54.0000000Z;11.515;11.536;4801;4000
2026-06-08T08:47:25.0000000Z;11.515;11.536;4801;4000
2026-06-08T08:47:29.0000000Z;11.515;11.536;4801;4000
2026-06-08T08:47:40.0000000Z;11.515;11.536;4801;4000
2026-06-08T08:48:30.0000000Z;11.515;11.536;4801;4000
2026-06-08T08:49:18.0000000Z;11.515;11.536;4801;4000
2026-06-08T08:49:20.0000000Z;11.515;11.536;4801;4000
2026-06-08T08:49:23.0000000Z;11.515;11.536;4801;4000
2026-06-08T08:49:25.0000000Z;11.515;11.536;4801;4000
2026-06-08T08:49:28.0000000Z;11.515;11.536;4801;4000
2026-06-08T08:49:30.0000000Z;11.515;11.536;4801;4000
2026-06-08T08:49:32.0000000Z;11.515;11.536;4801;4000
2026-06-08T08:49:33.0000000Z;11.515;11.536;4801;4000
2026-06-08T08:49:39.0000000Z;11.515;11.536;4801;4000
2026-06-08T08:50:22.0000000Z;11.515;11.536;4801;4000
2026-06-08T08:50:24.0000000Z;11.515;11.5375;4801;4801
2026-06-08T08:50:25.0000000Z;11.515;11.5375;4801;4801
2026-06-08T08:50:26.0000000Z;11.515;11.5365;4801;2168
2026-06-08T08:50:27.0000000Z;11.515;11.5375;4000;4000
2026-06-08T08:50:29.0000000Z;11.515;11.5375;4801;4801
2026-06-08T08:50:30.0000000Z;11.515;11.537;4801;3768
2026-06-08T08:51:00.0000000Z;11.515;11.537;4801;3768
2026-06-08T08:52:55.0000000Z;11.515;11.537;4801;3768
2026-06-08T08:52:57.0000000Z;11.515;11.537;4801;3768
2026-06-08T08:53:05.0000000Z;11.515;11.537;4801;3768
2026-06-08T08:53:07.0000000Z;11.515;11.537;4801;3768
2026-06-08T08:53:10.0000000Z;11.515;11.537;4801;3768
2026-06-08T08:53:12.0000000Z;11.515;11.537;4801;3768
2026-06-08T08:53:15.0000000Z;11.515;11.537;4801;3768
2026-06-08T08:53:17.0000000Z;11.515;11.537;4801;3768
2026-06-08T08:53:18.0000000Z;11.515;11.537;4801;3768
2026-06-08T08:53:20.0000000Z;11.515;11.537;4801;3768
2026-06-08T08:53:22.0000000Z;11.515;11.537;4801;3768
2026-06-08T08:53:25.0000000Z;11.515;11.537;4801;3768
2026-06-08T08:53:27.0000000Z;11.515;11.537;4801;3768
2026-06-08T08:53:30.0000000Z;11.515;11.537;4801;3768
2026-06-08T08:53:32.0000000Z;11.515;11.537;4801;3768
2026-06-08T08:53:35.0000000Z;11.515;11.537;4801;3768
2026-06-08T08:53:37.0000000Z;11.515;11.537;4801;3768
2026-06-08T08:53:40.0000000Z;11.515;11.537;4801;3768
2026-06-08T08:53:42.0000000Z;11.515;11.537;4801;3768
2026-06-08T08:53:45.0000000Z;11.515;11.537;4801;3768
2026-06-08T08:53:47.0000000Z;11.515;11.537;4801;3768
2026-06-08T08:53:50.0000000Z;11.515;11.537;4801;3768
2026-06-08T08:53:52.0000000Z;11.515;11.537;4801;3768
2026-06-08T08:53:55.0000000Z;11.515;11.537;4801;3768
2026-06-08T08:53:57.0000000Z;11.515;11.537;4801;3768
2026-06-08T08:54:00.0000000Z;11.515;11.5375;4801;801
2026-06-08T08:54:22.0000000Z;11.515;11.5375;4801;801
2026-06-08T08:55:15.0000000Z;11.515;11.5375;4801;801
2026-06-08T08:55:53.0000000Z;11.515;11.5375;4801;801
2026-06-08T08:55:56.0000000Z;11.515;11.5375;4801;801
2026-06-08T08:56:01.0000000Z;11.515;11.5375;4801;801
2026-06-08T08:56:07.0000000Z;11.515;11.5375;4801;801
2026-06-08T08:56:18.0000000Z;11.515;11.5375;4801;4801
2026-06-08T08:56:23.0000000Z;11.515;11.5375;4801;22000
2026-06-08T08:56:27.0000000Z;11.515;11.537;4801;3768
2026-06-08T08:56:30.0000000Z;11.515;11.5375;4801;22000
2026-06-08T08:56:34.0000000Z;11.515;11.537;4801;3768
2026-06-08T08:56:36.0000000Z;11.515;11.537;4801;3768
2026-06-08T08:56:44.0000000Z;11.515;11.5375;4801;22000
2026-06-08T08:56:52.0000000Z;11.515;11.5375;4801;22000
2026-06-08T08:56:55.0000000Z;11.515;11.5375;4801;22000
2026-06-08T08:57:13.0000000Z;11.515;11.5375;4801;22000
2026-06-08T08:58:03.0000000Z;11.515;11.5375;4801;22000
2026-06-08T08:58:43.0000000Z;11.515;11.5375;4801;22000
2026-06-08T09:01:00.0000000Z;11.515;11.5375;4801;22000
2026-06-08T09:01:01.0000000Z;11.515;11.5375;4801;22000
2026-06-08T09:01:36.0000000Z;11.515;11.5375;4801;22000
2026-06-08T09:02:41.0000000Z;11.515;11.5375;4801;22000
2026-06-08T09:03:12.0000000Z;11.515;11.5375;4801;22000
2026-06-08T09:05:42.0000000Z;11.515;11.5375;4801;22000
2026-06-08T09:05:45.0000000Z;11.515;11.5375;4801;22000
2026-06-08T09:05:57.0000000Z;11.515;11.5375;4801;22000
2026-06-08T09:05:59.0000000Z;11.515;11.5375;4801;22000
2026-06-08T09:05:59.0000000Z;11.515;11.5375;4801;22000
2026-06-08T09:07:00.0000000Z;11.515;11.5375;4801;22000
2026-06-08T09:07:03.0000000Z;11.515;11.5375;4801;22000
2026-06-08T09:07:05.0000000Z;11.515;11.5375;4801;22000
2026-06-08T09:07:08.0000000Z;11.515;11.5375;4801;22000
2026-06-08T09:07:10.0000000Z;11.515;11.5375;4801;22000
2026-06-08T09:07:13.0000000Z;11.515;11.5375;4801;22000
2026-06-08T09:07:15.0000000Z;11.515;11.5375;4801;22000
2026-06-08T09:07:18.0000000Z;11.515;11.5375;4801;22000
2026-06-08T09:07:20.0000000Z;11.515;11.5375;4801;22000
2026-06-08T09:07:23.0000000Z;11.515;11.5375;4801;22000
2026-06-08T09:07:25.0000000Z;11.515;11.5375;4801;22000
2026-06-08T09:07:28.0000000Z;11.515;11.5375;4801;22000
2026-06-08T09:07:30.0000000Z;11.515;11.5375;4801;22000
2026-06-08T09:07:33.0000000Z;11.515;11.5375;4801;22000
2026-06-08T09:07:35.0000000Z;11.515;11.5375;4801;22000
2026-06-08T09:07:38.0000000Z;11.515;11.5375;4801;22000
2026-06-08T09:08:00.0000000Z;11.515;11.5375;4801;22000
2026-06-08T09:08:03.0000000Z;11.515;11.5375;4801;22000
2026-06-08T09:08:50.0000000Z;11.515;11.5375;4801;22000
2026-06-08T09:09:02.0000000Z;11.515;11.5375;4801;22000
2026-06-08T09:09:52.0000000Z;11.515;11.5375;4801;22000
2026-06-08T09:09:54.0000000Z;11.515;11.5375;4801;22000
2026-06-08T09:10:37.0000000Z;11.515;11.5375;4801;22000
2026-06-08T09:14:40.0000000Z;11.515;11.5375;4801;22000
2026-06-08T09:20:36.0000000Z;11.521;11.5425;4000;801
2026-06-08T09:20:37.0000000Z;11.5215;11.5375;3768;22000
2026-06-08T09:20:38.0000000Z;11.5215;11.538;3768;2167
2026-06-08T09:20:39.0000000Z;11.5215;11.538;3768;2167
2026-06-08T09:20:41.0000000Z;11.5215;11.542;3768;3768
2026-06-08T09:20:43.0000000Z;11.5215;11.5425;3768;22000
2026-06-08T09:20:45.0000000Z;11.5215;11.5425;3768;22000
2026-06-08T09:20:53.0000000Z;11.5215;11.542;3768;3768
2026-06-08T09:21:19.0000000Z;11.5215;11.5425;3768;22000
2026-06-08T09:22:24.0000000Z;11.5215;11.5425;3768;22000
2026-06-08T09:23:00.0000000Z;11.5215;11.542;3768;3768
2026-06-08T09:23:36.0000000Z;11.5215;11.5425;3768;22000
2026-06-08T09:24:19.0000000Z;11.5215;11.542;3768;3768
2026-06-08T09:24:28.0000000Z;11.5215;11.558;3768;4000
2026-06-08T09:24:29.0000000Z;11.5215;11.543;3768;2166
2026-06-08T09:24:30.0000000Z;11.521;11.543;4801;24166
2026-06-08T09:24:31.0000000Z;11.521;11.5425;4801;3768
2026-06-08T09:24:34.0000000Z;11.521;11.5425;4801;3768
2026-06-08T09:24:35.0000000Z;11.521;11.5425;4801;3768
2026-06-08T09:24:43.0000000Z;11.521;11.5425;4801;3768
2026-06-08T09:26:46.0000000Z;11.521;11.543;4801;22000
2026-06-08T09:31:55.0000000Z;11.521;11.543;4801;22000
2026-06-08T09:32:06.0000000Z;11.521;11.543;4801;22000
2026-06-08T09:36:40.0000000Z;11.521;11.543;4801;22000
2026-06-08T09:36:42.0000000Z;11.5235;11.545;4000;801
2026-06-08T09:36:43.0000000Z;11.524;11.563;3768;4000
2026-06-08T09:36:44.0000000Z;11.524;11.563;3768;4000
2026-06-08T09:36:45.0000000Z;11.524;11.5435;3768;2166
2026-06-08T09:36:46.0000000Z;11.524;11.557;3768;4000
2026-06-08T09:36:47.0000000Z;11.524;11.543;3768;801
2026-06-08T09:36:48.0000000Z;11.524;11.543;3768;22000
2026-06-08T09:36:50.0000000Z;11.524;11.543;3768;801
2026-06-08T09:36:51.0000000Z;11.524;11.543;3768;801
2026-06-08T09:36:53.0000000Z;11.524;11.543;3768;801
2026-06-08T09:36:54.0000000Z;11.524;11.543;3768;801
2026-06-08T09:36:57.0000000Z;11.524;11.543;3768;801
2026-06-08T09:36:59.0000000Z;11.524;11.543;3768;801
2026-06-08T09:37:11.0000000Z;11.524;11.5585;3768;6000
2026-06-08T09:37:12.0000000Z;11.524;11.5565;3768;801
2026-06-08T09:37:13.0000000Z;11.524;11.5565;3768;801
2026-06-08T09:37:14.0000000Z;11.524;11.5435;3768;2166
2026-06-08T09:37:16.0000000Z;11.524;11.5435;3768;2166
2026-06-08T09:37:19.0000000Z;11.524;11.556;3768;4000
2026-06-08T09:37:21.0000000Z;11.524;11.556;3768;4000
2026-06-08T09:37:24.0000000Z;11.524;11.5565;3768;801
2026-06-08T09:37:25.0000000Z;11.524;11.5565;3768;801
2026-06-08T09:37:26.0000000Z;11.524;11.556;3768;22000
2026-06-08T09:37:27.0000000Z;11.524;11.5565;3768;22000
2026-06-08T09:37:28.0000000Z;11.513;11.5565;4000;801
2026-06-08T09:37:29.0000000Z;11.523;11.556;2170;3768
2026-06-08T09:37:33.0000000Z;11.523;11.556;2170;1201
2026-06-08T09:37:34.0000000Z;11.523;11.556;2170;25768
2026-06-08T09:37:43.0000000Z;11.5135;11.556;3768;5201
2026-06-08T09:37:51.0000000Z;11.5135;11.556;3768;1201
2026-06-08T09:38:06.0000000Z;11.5135;11.556;3768;1201
2026-06-08T09:38:09.0000000Z;11.5135;11.556;3768;5201
2026-06-08T09:38:15.0000000Z;11.5135;11.556;3768;5201
2026-06-08T09:38:18.0000000Z;11.5135;11.556;3768;5201
2026-06-08T09:38:20.0000000Z;11.5135;11.556;3768;5201
2026-06-08T09:39:08.0000000Z;11.5135;11.556;3768;5201
2026-06-08T09:39:12.0000000Z;11.5135;11.556;3768;5201
2026-06-08T09:40:18.0000000Z;11.5135;11.556;3768;4000
2026-06-08T09:40:30.0000000Z;11.5135;11.555;3768;4000
2026-06-08T09:40:31.0000000Z;11.5135;11.5545;3768;3768
2026-06-08T09:40:35.0000000Z;11.5135;11.5545;3768;3768
2026-06-08T09:40:40.0000000Z;11.5135;11.5545;3768;3768
2026-06-08T09:40:56.0000000Z;11.5135;11.5545;3768;3768
2026-06-08T09:41:10.0000000Z;11.5135;11.5545;3768;3768
2026-06-08T09:41:12.0000000Z;11.5135;11.5545;3768;3768
2026-06-08T09:42:35.0000000Z;11.5135;11.5545;3768;3768
2026-06-08T09:44:44.0000000Z;11.5235;11.5455;4000;801
2026-06-08T09:44:45.0000000Z;11.524;11.5455;3768;801
2026-06-08T09:44:52.0000000Z;11.524;11.5455;3768;801
2026-06-08T09:44:59.0000000Z;11.524;11.5455;3768;801
2026-06-08T09:44:59.0000000Z;11.524;11.5455;3768;801
2026-06-08T09:50:24.0000000Z;11.524;11.545;3768;3768
2026-06-08T09:50:37.0000000Z;11.524;11.5455;3768;22000
2026-06-08T09:51:11.0000000Z;11.524;11.545;3768;3768
2026-06-08T09:52:33.0000000Z;11.524;11.5455;3768;22000
2026-06-08T09:53:07.0000000Z;11.524;11.5455;3768;22000
2026-06-08T09:53:56.0000000Z;11.524;11.545;3768;3768
2026-06-08T09:54:16.0000000Z;11.524;11.5455;3768;22000
2026-06-08T09:54:17.0000000Z;11.524;11.545;3768;3768
2026-06-08T09:54:18.0000000Z;11.524;11.5455;3768;22000
2026-06-08T09:54:19.0000000Z;11.524;11.545;3768;3768
2026-06-08T09:55:28.0000000Z;11.524;11.545;3768;3768
2026-06-08T09:55:29.0000000Z;11.524;11.545;3768;3768
2026-06-08T09:55:39.0000000Z;11.524;11.545;3768;3768
2026-06-08T09:55:53.0000000Z;11.524;11.5455;3768;4801
2026-06-08T09:55:54.0000000Z;11.524;11.5455;3768;4801
2026-06-08T09:55:55.0000000Z;11.524;11.5455;3768;4801
2026-06-08T09:55:56.0000000Z;11.524;11.5455;3768;4801
2026-06-08T09:55:57.0000000Z;11.524;11.5455;3768;4801
2026-06-08T09:56:03.0000000Z;11.524;11.5455;3768;4801
2026-06-08T09:56:04.0000000Z;11.524;11.5455;3768;4801
2026-06-08T09:56:05.0000000Z;11.524;11.5455;3768;4801
2026-06-08T09:56:07.0000000Z;11.524;11.5455;3768;4801
2026-06-08T09:56:08.0000000Z;11.524;11.5455;3768;4801
2026-06-08T09:57:44.0000000Z;11.524;11.5455;3768;4801
2026-06-08T09:57:45.0000000Z;11.524;11.5455;3768;4801
2026-06-08T09:57:46.0000000Z;11.524;11.5455;3768;4801
2026-06-08T09:57:47.0000000Z;11.524;11.5455;3768;4801
2026-06-08T09:57:48.0000000Z;11.524;11.5455;3768;4801
2026-06-08T09:57:49.0000000Z;11.524;11.5455;3768;4801
2026-06-08T09:57:50.0000000Z;11.524;11.5455;3768;4801
2026-06-08T09:57:51.0000000Z;11.524;11.5455;3768;4801
2026-06-08T09:57:57.0000000Z;11.524;11.5455;3768;4801
2026-06-08T09:58:31.0000000Z;11.524;11.5455;3768;4801
2026-06-08T09:59:53.0000000Z;11.524;11.5455;3768;4801
2026-06-08T10:00:11.0000000Z;11.524;11.5455;3768;4801
2026-06-08T10:00:12.0000000Z;11.524;11.5455;3768;4801
2026-06-08T10:00:13.0000000Z;11.524;11.5455;3768;4801
2026-06-08T10:00:14.0000000Z;11.524;11.5455;3768;4801
2026-06-08T10:00:15.0000000Z;11.524;11.5455;3768;4801
2026-06-08T10:00:16.0000000Z;11.524;11.5455;3768;4801
2026-06-08T10:00:17.0000000Z;11.524;11.5455;3768;4801
2026-06-08T10:00:28.0000000Z;11.524;11.5455;3768;4801
2026-06-08T10:01:05.0000000Z;11.524;11.5455;3768;4801
2026-06-08T10:01:46.0000000Z;11.524;11.5455;3768;4801
2026-06-08T10:01:47.0000000Z;11.524;11.5455;3768;4801
2026-06-08T10:01:57.0000000Z;11.524;11.5455;3768;4801
2026-06-08T10:01:59.0000000Z;11.524;11.5455;3768;4801
2026-06-08T10:02:00.0000000Z;11.524;11.5455;3768;4000
2026-06-08T10:02:02.0000000Z;11.524;11.5455;3768;4000
2026-06-08T10:02:03.0000000Z;11.524;11.5445;3768;22000
2026-06-08T10:02:04.0000000Z;11.524;11.544;3768;3768
2026-06-08T10:02:05.0000000Z;11.524;11.544;3768;3768
2026-06-08T10:02:16.0000000Z;11.524;11.544;3768;3768
2026-06-08T10:02:18.0000000Z;11.524;11.544;3768;3768
2026-06-08T10:02:33.0000000Z;11.524;11.544;3768;3768
2026-06-08T10:03:42.0000000Z;11.524;11.544;3768;3768
2026-06-08T10:03:43.0000000Z;11.524;11.544;3768;3768
2026-06-08T10:04:18.0000000Z;11.524;11.544;3768;3768
2026-06-08T10:04:21.0000000Z;11.524;11.544;3768;3768
2026-06-08T10:05:08.0000000Z;11.524;11.544;3768;3768
2026-06-08T10:05:09.0000000Z;11.524;11.544;3768;3768
2026-06-08T10:05:10.0000000Z;11.524;11.544;3768;3768
2026-06-08T10:05:11.0000000Z;11.524;11.544;3768;3768
2026-06-08T10:05:12.0000000Z;11.524;11.544;3768;3768
2026-06-08T10:05:13.0000000Z;11.524;11.544;3768;3768
2026-06-08T10:05:14.0000000Z;11.524;11.545;3768;801
2026-06-08T10:05:15.0000000Z;11.524;11.5445;3768;25768
2026-06-08T10:05:16.0000000Z;11.524;11.5445;3768;3768
2026-06-08T10:05:20.0000000Z;11.524;11.5445;3768;3768
2026-06-08T10:05:32.0000000Z;11.524;11.545;3768;22000
2026-06-08T10:06:00.0000000Z;11.524;11.5445;3768;3768
2026-06-08T10:06:03.0000000Z;11.524;11.545;3768;22000
2026-06-08T10:06:07.0000000Z;11.524;11.5445;3768;3768
2026-06-08T10:06:13.0000000Z;11.524;11.5445;3768;3768
2026-06-08T10:06:35.0000000Z;11.524;11.545;3768;4801
2026-06-08T10:06:45.0000000Z;11.524;11.545;3768;4801
2026-06-08T10:06:46.0000000Z;11.524;11.545;3768;4801
2026-06-08T10:07:06.0000000Z;11.524;11.545;3768;4801
2026-06-08T10:08:46.0000000Z;11.524;11.545;3768;4801
2026-06-08T10:08:47.0000000Z;11.524;11.545;3768;4801
2026-06-08T10:08:48.0000000Z;11.524;11.545;3768;4801
2026-06-08T10:08:49.0000000Z;11.524;11.545;3768;4801
2026-06-08T10:08:50.0000000Z;11.524;11.545;3768;4801
2026-06-08T10:08:51.0000000Z;11.524;11.545;3768;4801
2026-06-08T10:08:52.0000000Z;11.524;11.545;3768;4801
2026-06-08T10:09:17.0000000Z;11.524;11.545;3768;4801
2026-06-08T10:09:43.0000000Z;11.524;11.545;3768;4801
2026-06-08T10:10:04.0000000Z;11.524;11.545;3768;4801
2026-06-08T10:10:39.0000000Z;11.524;11.545;3768;4801
2026-06-08T10:10:50.0000000Z;11.524;11.545;3768;4801
2026-06-08T10:12:19.0000000Z;11.524;11.545;3768;4801
2026-06-08T10:12:20.0000000Z;11.524;11.545;3768;4801
2026-06-08T10:12:21.0000000Z;11.524;11.545;3768;4801
2026-06-08T10:12:22.0000000Z;11.524;11.545;3768;4801
2026-06-08T10:12:23.0000000Z;11.524;11.545;3768;4801
2026-06-08T10:12:24.0000000Z;11.524;11.545;3768;4801
2026-06-08T10:12:25.0000000Z;11.524;11.545;3768;4801
2026-06-08T10:12:26.0000000Z;11.524;11.545;3768;4801
2026-06-08T10:13:17.0000000Z;11.524;11.545;3768;4801
2026-06-08T10:14:24.0000000Z;11.524;11.545;3768;4801
2026-06-08T10:16:04.0000000Z;11.524;11.545;3768;4801
2026-06-08T10:16:05.0000000Z;11.524;11.545;3768;4801
2026-06-08T10:16:06.0000000Z;11.524;11.545;3768;4801
2026-06-08T10:16:07.0000000Z;11.524;11.545;3768;4801
2026-06-08T10:16:08.0000000Z;11.524;11.545;3768;4801
2026-06-08T10:16:09.0000000Z;11.524;11.545;3768;4801
2026-06-08T10:16:10.0000000Z;11.524;11.545;3768;4801
2026-06-08T10:16:11.0000000Z;11.524;11.545;3768;4801
2026-06-08T10:16:59.0000000Z;11.524;11.545;3768;4801
2026-06-08T10:17:09.0000000Z;11.524;11.545;3768;4801
2026-06-08T10:17:51.0000000Z;11.524;11.545;3768;4801
2026-06-08T10:18:41.0000000Z;11.524;11.545;3768;4801
2026-06-08T10:18:42.0000000Z;11.524;11.545;3768;4801
2026-06-08T10:18:43.0000000Z;11.524;11.545;3768;4801
2026-06-08T10:18:44.0000000Z;11.524;11.545;3768;4801
2026-06-08T10:18:45.0000000Z;11.524;11.545;3768;4801
2026-06-08T10:18:46.0000000Z;11.524;11.545;3768;4801
2026-06-08T10:18:47.0000000Z;11.524;11.545;3768;4801
2026-06-08T10:18:48.0000000Z;11.524;11.545;3768;4801
2026-06-08T10:18:56.0000000Z;11.524;11.545;3768;4801
2026-06-08T10:19:00.0000000Z;11.524;11.545;3768;4801
2026-06-08T10:19:01.0000000Z;11.524;11.545;3768;4801
2026-06-08T10:19:03.0000000Z;11.524;11.545;3768;4801
2026-06-08T10:19:11.0000000Z;11.524;11.545;3768;4801
2026-06-08T10:19:56.0000000Z;11.524;11.545;3768;4801
2026-06-08T10:20:06.0000000Z;11.524;11.545;3768;4801
2026-06-08T10:20:43.0000000Z;11.524;11.545;3768;4801
2026-06-08T10:22:23.0000000Z;11.524;11.545;3768;4801
2026-06-08T10:22:24.0000000Z;11.524;11.545;3768;4801
2026-06-08T10:22:25.0000000Z;11.524;11.545;3768;4801
2026-06-08T10:22:27.0000000Z;11.524;11.545;3768;4801
2026-06-08T10:22:35.0000000Z;11.524;11.545;3768;4801
2026-06-08T10:22:38.0000000Z;11.524;11.545;3768;4801
2026-06-08T10:22:49.0000000Z;11.524;11.545;3768;4801
2026-06-08T10:23:17.0000000Z;11.524;11.545;3768;4801
2026-06-08T10:24:07.0000000Z;11.524;11.545;3768;4801
2026-06-08T10:24:20.0000000Z;11.524;11.545;3768;4801
2026-06-08T10:25:10.0000000Z;11.524;11.545;3768;4801
2026-06-08T10:25:47.0000000Z;11.524;11.545;3768;4801
2026-06-08T10:25:48.0000000Z;11.524;11.545;3768;4801
2026-06-08T10:25:49.0000000Z;11.524;11.545;3768;4801
2026-06-08T10:25:50.0000000Z;11.524;11.545;3768;4801
2026-06-08T10:25:51.0000000Z;11.524;11.545;3768;4801
2026-06-08T10:25:52.0000000Z;11.524;11.545;3768;4801
2026-06-08T10:25:53.0000000Z;11.524;11.545;3768;4801
2026-06-08T10:26:08.0000000Z;11.524;11.545;3768;4801
2026-06-08T10:26:24.0000000Z;11.524;11.545;3768;4801
2026-06-08T10:29:15.0000000Z;11.524;11.545;3768;4000
2026-06-08T10:29:17.0000000Z;11.524;11.545;3768;4000
2026-06-08T10:29:18.0000000Z;11.524;11.545;3768;22000
2026-06-08T10:29:19.0000000Z;11.524;11.5415;3768;3768
2026-06-08T10:29:28.0000000Z;11.524;11.5415;3768;3768
2026-06-08T10:29:29.0000000Z;11.524;11.5415;3768;3768
2026-06-08T10:29:59.0000000Z;11.524;11.542;3768;4801
2026-06-08T10:30:00.0000000Z;11.524;11.542;3768;4000
2026-06-08T10:30:02.0000000Z;11.524;11.542;3768;4000
2026-06-08T10:32:02.0000000Z;11.524;11.542;3768;22000
2026-06-08T10:32:03.0000000Z;11.524;11.542;3768;25768
2026-06-08T10:32:05.0000000Z;11.524;11.542;3768;3768
2026-06-08T10:32:08.0000000Z;11.524;11.542;3768;3768
2026-06-08T10:32:18.0000000Z;11.524;11.5425;3768;4801
2026-06-08T10:32:19.0000000Z;11.524;11.5425;3768;4801
2026-06-08T10:32:20.0000000Z;11.524;11.5425;3768;4801
2026-06-08T10:32:21.0000000Z;11.524;11.5425;3768;4801
2026-06-08T10:32:22.0000000Z;11.524;11.5425;3768;4801
2026-06-08T10:32:28.0000000Z;11.524;11.5425;3768;4801
2026-06-08T10:32:31.0000000Z;11.524;11.5425;3768;4801
2026-06-08T10:32:35.0000000Z;11.524;11.5425;3768;4801
2026-06-08T10:32:40.0000000Z;11.524;11.5425;3768;4801
2026-06-08T10:32:42.0000000Z;11.524;11.5425;3768;4801
2026-06-08T10:33:44.0000000Z;11.524;11.5425;3768;4801
2026-06-08T10:34:10.0000000Z;11.524;11.5425;3768;801
2026-06-08T10:34:11.0000000Z;11.524;11.5425;3768;22000
2026-06-08T10:34:13.0000000Z;11.524;11.5425;3768;801
2026-06-08T10:34:22.0000000Z;11.524;11.5425;3768;801
2026-06-08T10:34:23.0000000Z;11.524;11.5425;3768;801
2026-06-08T10:34:26.0000000Z;11.524;11.5355;3768;801
2026-06-08T10:34:27.0000000Z;11.524;11.5355;3768;801
2026-06-08T10:34:28.0000000Z;11.5135;11.5355;4000;22000
2026-06-08T10:34:29.0000000Z;11.5135;11.5355;4000;22000
2026-06-08T10:34:30.0000000Z;11.523;11.5355;2170;22000
2026-06-08T10:34:31.0000000Z;11.523;11.5535;2170;2820
2026-06-08T10:34:32.0000000Z;11.523;11.5535;2170;2820
2026-06-08T10:34:33.0000000Z;11.523;11.5535;2170;2820
2026-06-08T10:34:34.0000000Z;11.523;11.543;2170;2166
2026-06-08T10:34:35.0000000Z;11.4955;11.543;4000;2166
2026-06-08T10:34:36.0000000Z;11.4965;11.558;4000;1880
2026-06-08T10:34:37.0000000Z;11.4975;11.5575;4000;2820
2026-06-08T10:34:38.0000000Z;11.4995;11.5575;4000;2820
2026-06-08T10:34:39.0000000Z;11.4995;11.5575;4000;2820
2026-06-08T10:34:40.0000000Z;11.4995;11.5575;4000;2820
2026-06-08T10:34:43.0000000Z;11.5;11.5575;3768;22000
2026-06-08T10:34:59.0000000Z;11.5;11.5575;3768;22000
2026-06-08T10:35:21.0000000Z;11.5;11.5575;3768;22000
2026-06-08T10:35:51.0000000Z;11.5;11.5575;3768;22000
2026-06-08T10:36:35.0000000Z;11.5;11.5565;3768;3768
2026-06-08T10:36:36.0000000Z;11.5025;11.555;4000;4000
2026-06-08T10:36:37.0000000Z;11.5035;11.5545;4000;25768
2026-06-08T10:36:38.0000000Z;11.504;11.5545;3768;25768
2026-06-08T10:36:43.0000000Z;11.504;11.553;3768;4000
2026-06-08T10:36:44.0000000Z;11.504;11.5525;3768;3768
2026-06-08T10:36:45.0000000Z;11.504;11.5525;3768;3768
2026-06-08T10:36:46.0000000Z;11.504;11.552;3768;4000
2026-06-08T10:36:47.0000000Z;11.504;11.5515;3768;3768
2026-06-08T10:36:49.0000000Z;11.504;11.551;3768;4000
2026-06-08T10:36:50.0000000Z;11.504;11.5505;3768;3768
2026-06-08T10:37:00.0000000Z;11.504;11.5505;3768;3768
2026-06-08T10:37:03.0000000Z;11.504;11.5505;3768;3768
2026-06-08T10:37:32.0000000Z;11.504;11.55;3768;4000
2026-06-08T10:37:33.0000000Z;11.504;11.5495;3768;3768
2026-06-08T10:37:36.0000000Z;11.504;11.5495;3768;3768
2026-06-08T10:37:45.0000000Z;11.504;11.5495;3768;3768
2026-06-08T10:38:53.0000000Z;11.506;11.55;4000;4801
2026-06-08T10:38:54.0000000Z;11.5065;11.55;3768;4801
2026-06-08T10:39:01.0000000Z;11.5065;11.55;3768;4801
2026-06-08T10:39:08.0000000Z;11.5065;11.55;3768;4801
2026-06-08T10:39:09.0000000Z;11.5065;11.55;3768;4801
2026-06-08T10:39:10.0000000Z;11.5065;11.55;3768;22000
2026-06-08T10:40:33.0000000Z;11.5065;11.55;3768;22000
2026-06-08T10:40:35.0000000Z;11.5065;11.55;3768;22000
2026-06-08T10:40:36.0000000Z;11.5065;11.55;3768;22000
2026-06-08T10:40:37.0000000Z;11.5065;11.55;3768;22000
2026-06-08T10:40:38.0000000Z;11.5065;11.55;3768;22000
2026-06-08T10:40:40.0000000Z;11.5065;11.55;3768;22000
2026-06-08T10:41:14.0000000Z;11.5065;11.549;3768;3768
2026-06-08T10:41:20.0000000Z;11.5065;11.549;3768;3768
2026-06-08T10:41:23.0000000Z;11.5065;11.549;3768;3768
2026-06-08T10:42:04.0000000Z;11.5065;11.549;3768;3768
2026-06-08T10:42:10.0000000Z;11.5065;11.549;3768;3768
2026-06-08T10:43:00.0000000Z;11.5065;11.549;3768;3768
2026-06-08T10:43:01.0000000Z;11.5065;11.549;3768;3768
2026-06-08T10:44:38.0000000Z;11.5065;11.549;3768;3768
2026-06-08T10:44:48.0000000Z;11.5065;11.549;3768;3768
2026-06-08T10:45:16.0000000Z;11.5065;11.549;3768;3768
2026-06-08T10:45:27.0000000Z;11.506;11.5495;22000;22000
2026-06-08T10:45:28.0000000Z;11.519;11.5405;3768;22000
2026-06-08T10:45:33.0000000Z;11.519;11.5405;3768;22000
2026-06-08T10:45:38.0000000Z;11.519;11.5405;3768;22000
2026-06-08T10:46:06.0000000Z;11.519;11.5405;3768;22000
2026-06-08T10:46:07.0000000Z;11.519;11.5405;3768;22000
2026-06-08T10:46:58.0000000Z;11.519;11.54;3768;3768
2026-06-08T10:47:04.0000000Z;11.519;11.5405;3768;22000
2026-06-08T10:47:05.0000000Z;11.519;11.54;3768;3768
2026-06-08T10:47:07.0000000Z;11.519;11.5405;3768;22000
2026-06-08T10:47:08.0000000Z;11.519;11.54;3768;3768
2026-06-08T10:48:53.0000000Z;11.519;11.5405;3768;4801
2026-06-08T10:48:54.0000000Z;11.519;11.5405;3768;4801
2026-06-08T10:48:55.0000000Z;11.519;11.5405;3768;4801
2026-06-08T10:48:56.0000000Z;11.519;11.5405;3768;4801
2026-06-08T10:48:57.0000000Z;11.519;11.5405;3768;4801
2026-06-08T10:48:58.0000000Z;11.519;11.5405;3768;4801
2026-06-08T10:48:59.0000000Z;11.519;11.5405;3768;4801
2026-06-08T10:48:59.0000000Z;11.519;11.5405;3768;4801
2026-06-08T10:49:00.0000000Z;11.519;11.5405;3768;4801
2026-06-08T10:49:07.0000000Z;11.519;11.5405;3768;4801
2026-06-08T10:49:10.0000000Z;11.519;11.5405;3768;4801
2026-06-08T10:49:24.0000000Z;11.519;11.5405;3768;4801
2026-06-08T10:49:35.0000000Z;11.519;11.5405;3768;4801
2026-06-08T10:51:04.0000000Z;11.519;11.5405;3768;4801
2026-06-08T10:51:05.0000000Z;11.519;11.5405;3768;4801
2026-06-08T10:51:06.0000000Z;11.519;11.5405;3768;4801
2026-06-08T10:51:07.0000000Z;11.519;11.5405;3768;4801
2026-06-08T10:51:08.0000000Z;11.519;11.5405;3768;4801
2026-06-08T10:51:09.0000000Z;11.519;11.5405;3768;4801
2026-06-08T10:51:10.0000000Z;11.519;11.5405;3768;4801
2026-06-08T10:51:11.0000000Z;11.519;11.5405;3768;4801
2026-06-08T10:51:12.0000000Z;11.519;11.5405;3768;4801
2026-06-08T10:51:15.0000000Z;11.519;11.5405;3768;4801
2026-06-08T10:51:21.0000000Z;11.519;11.5405;3768;4801
2026-06-08T10:52:55.0000000Z;11.519;11.5405;3768;4801
2026-06-08T10:52:56.0000000Z;11.519;11.5405;3768;4801
2026-06-08T10:52:57.0000000Z;11.519;11.5405;3768;4801
2026-06-08T10:52:58.0000000Z;11.519;11.5405;3768;4801
2026-06-08T10:52:59.0000000Z;11.519;11.5405;3768;4801
2026-06-08T10:52:59.0000000Z;11.519;11.5405;3768;4801
2026-06-08T10:53:00.0000000Z;11.519;11.5405;3768;4801
2026-06-08T10:53:01.0000000Z;11.519;11.5405;3768;4801
2026-06-08T10:53:02.0000000Z;11.519;11.5405;3768;4801
2026-06-08T10:53:56.0000000Z;11.519;11.5405;3768;801
2026-06-08T10:54:25.0000000Z;11.519;11.5405;3768;4801
2026-06-08T10:54:42.0000000Z;11.519;11.5405;3768;4801
2026-06-08T10:54:43.0000000Z;11.519;11.5405;3768;4801
2026-06-08T10:54:44.0000000Z;11.519;11.5405;3768;4801
2026-06-08T10:54:45.0000000Z;11.519;11.5405;3768;4801
2026-06-08T10:54:46.0000000Z;11.519;11.5405;3768;4801
2026-06-08T10:54:47.0000000Z;11.519;11.5405;3768;4801
2026-06-08T10:54:48.0000000Z;11.519;11.5405;3768;4801
2026-06-08T10:54:49.0000000Z;11.519;11.5405;3768;4801
2026-06-08T10:55:08.0000000Z;11.519;11.5405;3768;4801
2026-06-08T10:56:02.0000000Z;11.519;11.5405;3768;801
2026-06-08T10:56:48.0000000Z;11.519;11.5405;3768;801
2026-06-08T10:57:00.0000000Z;11.519;11.5405;3768;801
2026-06-08T10:57:01.0000000Z;11.519;11.5405;3768;801
2026-06-08T10:58:13.0000000Z;11.519;11.5405;3768;801
2026-06-08T10:58:14.0000000Z;11.519;11.5405;3768;801
2026-06-08T10:58:15.0000000Z;11.519;11.5405;3768;801
2026-06-08T10:58:16.0000000Z;11.519;11.5405;3768;801
2026-06-08T10:58:17.0000000Z;11.519;11.5405;3768;801
2026-06-08T10:58:22.0000000Z;11.519;11.5405;3768;22000
2026-06-08T10:58:27.0000000Z;11.519;11.5405;3768;22000
2026-06-08T10:58:34.0000000Z;11.519;11.54;3768;3768
2026-06-08T10:58:36.0000000Z;11.519;11.5405;3768;22000
2026-06-08T10:58:37.0000000Z;11.519;11.54;3768;3768
2026-06-08T10:59:02.0000000Z;11.519;11.54;3768;3768
2026-06-08T10:59:15.0000000Z;11.519;11.5405;3768;22000
2026-06-08T10:59:17.0000000Z;11.519;11.54;3768;3768
2026-06-08T10:59:28.0000000Z;11.519;11.5405;3768;22000
2026-06-08T10:59:36.0000000Z;11.519;11.5405;3768;22000
2026-06-08T10:59:37.0000000Z;11.519;11.5405;3768;22000
2026-06-08T10:59:40.0000000Z;11.519;11.5405;3768;22000
2026-06-08T10:59:41.0000000Z;11.519;11.5405;3768;22000
2026-06-08T10:59:47.0000000Z;11.519;11.5405;3768;22000
2026-06-08T10:59:52.0000000Z;11.519;11.5405;3768;22000
2026-06-08T11:00:01.0000000Z;11.519;11.54;3768;3768
2026-06-08T11:00:10.0000000Z;11.519;11.5405;3768;22000
2026-06-08T11:00:11.0000000Z;11.519;11.5405;3768;22000
2026-06-08T11:00:13.0000000Z;11.519;11.54;3768;3768
2026-06-08T11:00:48.0000000Z;11.519;11.54;3768;3768
2026-06-08T11:00:50.0000000Z;11.519;11.5405;3768;4801
2026-06-08T11:01:07.0000000Z;11.519;11.5405;3768;4801
2026-06-08T11:01:53.0000000Z;11.519;11.5405;3768;4801
2026-06-08T11:02:43.0000000Z;11.519;11.5405;3768;4801
2026-06-08T11:02:44.0000000Z;11.519;11.5405;3768;4801
2026-06-08T11:02:45.0000000Z;11.519;11.5405;3768;4801
2026-06-08T11:03:25.0000000Z;11.519;11.5405;3768;4801
2026-06-08T11:04:15.0000000Z;11.519;11.5405;3768;4801
2026-06-08T11:04:16.0000000Z;11.519;11.5405;3768;4801
2026-06-08T11:04:17.0000000Z;11.519;11.5405;3768;4801
2026-06-08T11:04:18.0000000Z;11.519;11.5405;3768;4801
2026-06-08T11:04:19.0000000Z;11.519;11.5405;3768;4801
2026-06-08T11:04:20.0000000Z;11.519;11.5405;3768;4801
2026-06-08T11:04:21.0000000Z;11.519;11.5405;3768;4801
2026-06-08T11:04:22.0000000Z;11.519;11.5405;3768;4801
2026-06-08T11:04:23.0000000Z;11.519;11.5405;3768;4801
2026-06-08T11:04:28.0000000Z;11.519;11.5405;3768;4801
2026-06-08T11:04:30.0000000Z;11.519;11.5405;3768;4801
2026-06-08T11:04:49.0000000Z;11.519;11.5405;3768;4801
2026-06-08T11:05:20.0000000Z;11.519;11.5405;3768;4801
2026-06-08T11:05:35.0000000Z;11.519;11.5405;3768;4801
2026-06-08T11:05:44.0000000Z;11.519;11.5405;3768;801
2026-06-08T11:06:29.0000000Z;11.519;11.5405;3768;801
2026-06-08T11:06:30.0000000Z;11.519;11.5405;3768;4801
2026-06-08T11:06:31.0000000Z;11.519;11.5405;3768;4801
2026-06-08T11:06:32.0000000Z;11.519;11.5405;3768;4801
2026-06-08T11:06:33.0000000Z;11.519;11.5405;3768;4801
2026-06-08T11:06:34.0000000Z;11.519;11.5405;3768;4801
2026-06-08T11:06:35.0000000Z;11.519;11.5405;3768;4801
2026-06-08T11:06:36.0000000Z;11.519;11.5405;3768;4801
2026-06-08T11:06:37.0000000Z;11.519;11.5405;3768;4801
2026-06-08T11:06:38.0000000Z;11.519;11.5405;3768;4801
2026-06-08T11:06:40.0000000Z;11.519;11.5405;3768;4801
2026-06-08T11:06:41.0000000Z;11.519;11.5405;3768;4801
2026-06-08T11:07:05.0000000Z;11.519;11.5405;3768;4801
2026-06-08T11:08:20.0000000Z;11.519;11.5405;3768;4801
2026-06-08T11:08:29.0000000Z;11.519;11.5405;3768;4801
2026-06-08T11:09:58.0000000Z;11.519;11.5405;3768;801
2026-06-08T11:09:59.0000000Z;11.519;11.5405;3768;801
2026-06-08T11:10:29.0000000Z;11.519;11.5405;3768;801
2026-06-08T11:10:38.0000000Z;11.519;11.5405;3768;801
2026-06-08T11:10:40.0000000Z;11.519;11.5405;3768;801
2026-06-08T11:10:45.0000000Z;11.505;11.549;801;801
2026-06-08T11:10:46.0000000Z;11.505;11.549;801;801
2026-06-08T11:10:49.0000000Z;11.505;11.549;801;801
2026-06-08T11:10:52.0000000Z;11.505;11.549;801;801
2026-06-08T11:10:55.0000000Z;11.505;11.549;801;801
2026-06-08T11:10:58.0000000Z;11.505;11.549;801;801
2026-06-08T11:10:59.0000000Z;11.4595;11.5805;9100;15061
2026-06-08T11:11:03.0000000Z;11.502;11.546;801;801
2026-06-08T11:11:07.0000000Z;11.5025;11.546;1506;801
2026-06-08T11:11:24.0000000Z;11.4595;11.5805;9100;15061
2026-06-08T11:11:26.0000000Z;11.483;11.571;801;801
2026-06-08T11:11:28.0000000Z;11.491;11.5615;1506;1506
2026-06-08T11:11:29.0000000Z;11.4915;11.5615;1506;1506
2026-06-08T11:11:39.0000000Z;11.4915;11.5625;1506;1506
2026-06-08T11:11:41.0000000Z;11.492;11.5625;1506;1506
2026-06-08T11:11:44.0000000Z;11.492;11.564;1506;1506
2026-06-08T11:11:47.0000000Z;11.4925;11.564;1506;1506
2026-06-08T11:12:17.0000000Z;11.4925;11.5635;1506;1506
2026-06-08T11:12:21.0000000Z;11.491;11.563;1506;1506
2026-06-08T11:12:22.0000000Z;11.4915;11.563;1506;1506
2026-06-08T11:12:52.0000000Z;11.507;11.5505;4000;801
2026-06-08T11:12:53.0000000Z;11.5075;11.5505;3768;801
2026-06-08T11:12:54.0000000Z;11.5075;11.551;3768;2165
2026-06-08T11:12:57.0000000Z;11.5075;11.551;3768;2165
2026-06-08T11:12:59.0000000Z;11.5075;11.551;3768;2165
2026-06-08T11:12:59.0000000Z;11.5075;11.551;3768;2165
2026-06-08T11:13:08.0000000Z;11.5075;11.551;3768;2165
2026-06-08T11:13:16.0000000Z;11.5075;11.551;3768;2165
2026-06-08T11:13:47.0000000Z;11.5075;11.551;3768;2165
2026-06-08T11:13:49.0000000Z;11.5075;11.551;3768;2165
2026-06-08T11:13:52.0000000Z;11.5075;11.551;3768;2165
2026-06-08T11:14:24.0000000Z;11.5075;11.551;3768;2165
2026-06-08T11:14:27.0000000Z;11.5075;11.551;3768;2165
2026-06-08T11:14:28.0000000Z;11.5075;11.551;3768;2165
2026-06-08T11:14:29.0000000Z;11.5075;11.551;3768;2165
2026-06-08T11:14:33.0000000Z;11.5075;11.551;3768;2165
2026-06-08T11:14:35.0000000Z;11.5075;11.551;3768;2165
2026-06-08T11:14:41.0000000Z;11.5075;11.551;3768;2165
2026-06-08T11:14:42.0000000Z;11.5075;11.551;3768;2165
2026-06-08T11:15:02.0000000Z;11.5075;11.551;3768;2165
2026-06-08T11:15:03.0000000Z;11.5075;11.551;3768;2165
2026-06-08T11:15:04.0000000Z;11.5075;11.551;3768;2165
2026-06-08T11:15:05.0000000Z;11.5075;11.551;3768;2165
2026-06-08T11:15:11.0000000Z;11.5075;11.551;3768;2165
2026-06-08T11:15:15.0000000Z;11.5075;11.551;3768;2165
2026-06-08T11:16:13.0000000Z;11.5075;11.551;3768;2165
2026-06-08T11:16:14.0000000Z;11.5075;11.551;3768;2165
2026-06-08T11:16:17.0000000Z;11.5075;11.551;3768;2165
2026-06-08T11:16:18.0000000Z;11.5075;11.551;3768;2165
2026-06-08T11:16:19.0000000Z;11.5075;11.551;3768;2165
2026-06-08T11:16:20.0000000Z;11.5075;11.551;3768;2165
2026-06-08T11:16:22.0000000Z;11.5075;11.551;3768;2165
2026-06-08T11:16:43.0000000Z;11.5075;11.551;3768;2165
2026-06-08T11:16:44.0000000Z;11.5075;11.551;3768;2165
2026-06-08T11:16:51.0000000Z;11.5075;11.551;3768;2165
2026-06-08T11:16:55.0000000Z;11.5075;11.5505;3768;22000
2026-06-08T11:17:01.0000000Z;11.5075;11.5505;3768;22000
2026-06-08T11:17:07.0000000Z;11.5075;11.5505;3768;22000
2026-06-08T11:17:36.0000000Z;11.5075;11.5505;3768;22000
2026-06-08T11:17:37.0000000Z;11.5075;11.5505;3768;22000
2026-06-08T11:17:42.0000000Z;11.5075;11.5505;3768;22000
2026-06-08T11:17:48.0000000Z;11.5075;11.5505;3768;22000
2026-06-08T11:17:49.0000000Z;11.5075;11.5505;3768;22000
2026-06-08T11:17:51.0000000Z;11.5075;11.5505;3768;22000
2026-06-08T11:18:01.0000000Z;11.5075;11.5505;3768;22000
2026-06-08T11:18:02.0000000Z;11.5075;11.5505;3768;22000
2026-06-08T11:18:06.0000000Z;11.5075;11.5505;3768;22000
2026-06-08T11:18:08.0000000Z;11.5075;11.5505;3768;22000
2026-06-08T11:18:09.0000000Z;11.5075;11.5505;3768;22000
2026-06-08T11:18:11.0000000Z;11.5075;11.5505;3768;22000
2026-06-08T11:18:12.0000000Z;11.5075;11.5505;3768;22000
2026-06-08T11:18:13.0000000Z;11.5075;11.5505;3768;22000
2026-06-08T11:18:14.0000000Z;11.5075;11.5505;3768;22000
2026-06-08T11:18:38.0000000Z;11.5075;11.5505;3768;22000
2026-06-08T11:18:39.0000000Z;11.5075;11.5505;3768;22000
2026-06-08T11:18:40.0000000Z;11.5075;11.5505;3768;22000
2026-06-08T11:18:41.0000000Z;11.5075;11.5505;3768;22000
2026-06-08T11:18:44.0000000Z;11.5075;11.5505;3768;22000
2026-06-08T11:18:49.0000000Z;11.5075;11.55;3768;4000
2026-06-08T11:18:50.0000000Z;11.5075;11.55;3768;4000
2026-06-08T11:18:56.0000000Z;11.5075;11.55;3768;4000
2026-06-08T11:18:57.0000000Z;11.5075;11.55;3768;4000
2026-06-08T11:19:01.0000000Z;11.5075;11.55;3768;4000
2026-06-08T11:19:28.0000000Z;11.5075;11.55;3768;4000
2026-06-08T11:20:04.0000000Z;11.5075;11.55;3768;4000
2026-06-08T11:20:05.0000000Z;11.5075;11.55;3768;4000
2026-06-08T11:20:16.0000000Z;11.5075;11.549;3768;4000
2026-06-08T11:20:17.0000000Z;11.5075;11.5485;3768;3768
2026-06-08T11:20:18.0000000Z;11.5075;11.5485;3768;3768
2026-06-08T11:20:21.0000000Z;11.5075;11.5485;3768;3768
2026-06-08T11:20:22.0000000Z;11.5075;11.5485;3768;3768
2026-06-08T11:20:27.0000000Z;11.5075;11.548;3768;4000
2026-06-08T11:20:28.0000000Z;11.5075;11.5475;3768;3768
2026-06-08T11:20:30.0000000Z;11.5075;11.5475;3768;3768
2026-06-08T11:20:31.0000000Z;11.5075;11.5475;3768;3768
2026-06-08T11:20:32.0000000Z;11.5075;11.5475;3768;3768
2026-06-08T11:20:35.0000000Z;11.5075;11.5475;3768;3768
2026-06-08T11:20:37.0000000Z;11.5075;11.5475;3768;3768
2026-06-08T11:20:45.0000000Z;11.5075;11.547;3768;4000
2026-06-08T11:20:46.0000000Z;11.5075;11.5465;3768;3768
2026-06-08T11:20:47.0000000Z;11.5075;11.5465;3768;3768
2026-06-08T11:20:58.0000000Z;11.5075;11.5465;3768;3768
2026-06-08T11:20:59.0000000Z;11.5075;11.5465;3768;3768
2026-06-08T11:21:07.0000000Z;11.5075;11.5465;3768;3768
2026-06-08T11:21:41.0000000Z;11.5075;11.547;3768;22000
2026-06-08T11:21:42.0000000Z;11.5075;11.547;3768;22000
2026-06-08T11:21:44.0000000Z;11.5075;11.5475;3768;2165
2026-06-08T11:21:54.0000000Z;11.5075;11.5495;3768;3768
2026-06-08T11:22:07.0000000Z;11.5075;11.5495;3768;3768
2026-06-08T11:22:11.0000000Z;11.5075;11.549;3768;4000
2026-06-08T11:22:12.0000000Z;11.5075;11.5485;3768;3768
2026-06-08T11:22:15.0000000Z;11.5075;11.5485;3768;3768
2026-06-08T11:22:23.0000000Z;11.5075;11.5485;3768;3768
2026-06-08T11:22:25.0000000Z;11.5075;11.5485;3768;3768
2026-06-08T11:22:31.0000000Z;11.5075;11.5485;3768;3768
2026-06-08T11:22:32.0000000Z;11.5075;11.5485;3768;3768
2026-06-08T11:22:33.0000000Z;11.5075;11.5485;3768;3768
2026-06-08T11:22:34.0000000Z;11.5075;11.5485;3768;3768
2026-06-08T11:22:35.0000000Z;11.5075;11.5485;3768;3768
2026-06-08T11:22:36.0000000Z;11.5075;11.5485;3768;3768
2026-06-08T11:22:37.0000000Z;11.5075;11.5485;3768;3768
2026-06-08T11:22:38.0000000Z;11.5075;11.5485;3768;3768
2026-06-08T11:22:39.0000000Z;11.5075;11.5485;3768;3768
2026-06-08T11:22:45.0000000Z;11.5075;11.5485;3768;3768
2026-06-08T11:22:54.0000000Z;11.5075;11.549;3768;22000
2026-06-08T11:22:55.0000000Z;11.5075;11.5475;3768;3768
2026-06-08T11:22:59.0000000Z;11.5075;11.5475;3768;3768
2026-06-08T11:22:59.0000000Z;11.5075;11.5475;3768;3768
2026-06-08T11:23:05.0000000Z;11.5075;11.5475;3768;3768
2026-06-08T11:23:06.0000000Z;11.5075;11.5475;3768;3768
2026-06-08T11:23:23.0000000Z;11.5075;11.5475;3768;3768
2026-06-08T11:23:28.0000000Z;11.5075;11.5475;3768;3768
2026-06-08T11:25:08.0000000Z;11.5075;11.5475;3768;3768
2026-06-08T11:25:09.0000000Z;11.5075;11.5475;3768;3768
2026-06-08T11:25:10.0000000Z;11.5075;11.5475;3768;3768
2026-06-08T11:25:11.0000000Z;11.5075;11.5475;3768;3768
2026-06-08T11:25:12.0000000Z;11.5075;11.5475;3768;3768
2026-06-08T11:25:13.0000000Z;11.5075;11.5475;3768;3768
2026-06-08T11:25:14.0000000Z;11.5075;11.5475;3768;3768
2026-06-08T11:25:15.0000000Z;11.5075;11.55;3768;4000
2026-06-08T11:25:16.0000000Z;11.5075;11.55;3768;4000
2026-06-08T11:25:17.0000000Z;11.5075;11.5485;3768;2165
2026-06-08T11:25:23.0000000Z;11.5075;11.5495;3768;3768
2026-06-08T11:25:26.0000000Z;11.5075;11.5495;3768;3768
2026-06-08T11:25:41.0000000Z;11.5075;11.5495;3768;3768
2026-06-08T11:26:06.0000000Z;11.5075;11.549;3768;4000
2026-06-08T11:26:07.0000000Z;11.5075;11.549;3768;22000
2026-06-08T11:26:08.0000000Z;11.5075;11.5485;3768;3768
2026-06-08T11:26:11.0000000Z;11.5075;11.5485;3768;3768
2026-06-08T11:26:12.0000000Z;11.5075;11.5485;3768;3768
2026-06-08T11:26:16.0000000Z;11.5075;11.5485;3768;6000
2026-06-08T11:26:17.0000000Z;11.5075;11.5485;3768;25768
2026-06-08T11:26:18.0000000Z;11.5075;11.549;3768;4000
2026-06-08T11:26:19.0000000Z;11.5075;11.5485;3768;3768
2026-06-08T11:26:20.0000000Z;11.5075;11.5485;3768;3768
2026-06-08T11:26:21.0000000Z;11.5075;11.5485;3768;3768
2026-06-08T11:26:22.0000000Z;11.5075;11.5485;3768;25768
2026-06-08T11:26:23.0000000Z;11.5075;11.5485;3768;3768
2026-06-08T11:26:24.0000000Z;11.5075;11.5485;3768;3768
2026-06-08T11:26:25.0000000Z;11.5075;11.549;3768;4000
2026-06-08T11:26:28.0000000Z;11.5075;11.5485;3768;25768
2026-06-08T11:26:29.0000000Z;11.5075;11.5485;3768;25768
2026-06-08T11:26:30.0000000Z;11.5075;11.5485;3768;6000
2026-06-08T11:26:31.0000000Z;11.5075;11.549;3768;4000
2026-06-08T11:26:33.0000000Z;11.5075;11.5485;3768;3768
2026-06-08T11:26:53.0000000Z;11.5075;11.548;3768;4000
2026-06-08T11:26:54.0000000Z;11.5075;11.5475;3768;3768
2026-06-08T11:26:56.0000000Z;11.5075;11.5475;3768;3768
2026-06-08T11:26:58.0000000Z;11.5075;11.5475;3768;3768
2026-06-08T11:27:06.0000000Z;11.5075;11.5475;3768;3768
2026-06-08T11:27:07.0000000Z;11.5075;11.5475;3768;3768
2026-06-08T11:27:13.0000000Z;11.5075;11.5475;3768;6000
2026-06-08T11:27:14.0000000Z;11.5075;11.548;3768;4000
2026-06-08T11:27:34.0000000Z;11.5075;11.548;3768;4000
2026-06-08T11:28:01.0000000Z;11.5075;11.548;3768;4000
2026-06-08T11:28:04.0000000Z;11.5075;11.5475;3768;25768
2026-06-08T11:28:11.0000000Z;11.5075;11.548;3768;4000
2026-06-08T11:28:14.0000000Z;11.5075;11.5475;3768;3768
2026-06-08T11:28:41.0000000Z;11.5075;11.548;3768;4000
2026-06-08T11:28:51.0000000Z;11.5075;11.548;3768;4000
2026-06-08T11:28:53.0000000Z;11.5075;11.548;3768;4000
2026-06-08T11:28:54.0000000Z;11.5075;11.548;3768;4000
2026-06-08T11:28:55.0000000Z;11.5075;11.548;3768;4000
2026-06-08T11:28:56.0000000Z;11.5075;11.548;3768;4000
2026-06-08T11:28:57.0000000Z;11.5075;11.548;3768;4000
2026-06-08T11:28:58.0000000Z;11.5075;11.548;3768;4000
2026-06-08T11:28:59.0000000Z;11.5075;11.548;3768;4000
2026-06-08T11:29:00.0000000Z;11.5075;11.5475;3768;25768
2026-06-08T11:29:01.0000000Z;11.5075;11.5475;3768;25768
2026-06-08T11:29:02.0000000Z;11.5075;11.5475;3768;25768
2026-06-08T11:29:03.0000000Z;11.5075;11.5475;3768;25768
2026-06-08T11:29:07.0000000Z;11.5075;11.5475;3768;6000
2026-06-08T11:29:08.0000000Z;11.5075;11.548;3768;4000
2026-06-08T11:29:10.0000000Z;11.5075;11.5475;3768;3768
2026-06-08T11:29:11.0000000Z;11.5075;11.5475;3768;3768
2026-06-08T11:29:15.0000000Z;11.5075;11.548;3768;4000
2026-06-08T11:29:18.0000000Z;11.5075;11.5475;3768;6000
2026-06-08T11:29:19.0000000Z;11.5075;11.5475;3768;22000
2026-06-08T11:29:20.0000000Z;11.5075;11.5465;3768;3768
2026-06-08T11:29:23.0000000Z;11.5075;11.5465;3768;3768
2026-06-08T11:29:27.0000000Z;11.5075;11.5465;3768;3768
2026-06-08T11:29:30.0000000Z;11.5075;11.5465;3768;3768
2026-06-08T11:29:31.0000000Z;11.5075;11.5465;3768;3768
2026-06-08T11:29:33.0000000Z;11.5075;11.5465;3768;3768
2026-06-08T11:29:45.0000000Z;11.5075;11.5465;3768;3768
2026-06-08T11:30:01.0000000Z;11.5075;11.5465;3768;3768
2026-06-08T11:30:50.0000000Z;11.5075;11.548;3768;4000
2026-06-08T11:30:51.0000000Z;11.5075;11.548;3768;4000
2026-06-08T11:30:52.0000000Z;11.5075;11.5475;3768;5933
2026-06-08T11:30:54.0000000Z;11.5075;11.5475;3768;5933
2026-06-08T11:30:55.0000000Z;11.5075;11.5475;3768;5933
2026-06-08T11:31:01.0000000Z;11.5075;11.5475;3768;3768
2026-06-08T11:31:21.0000000Z;11.5075;11.548;3768;4000
2026-06-08T11:31:35.0000000Z;11.5075;11.5475;3768;6000
2026-06-08T11:31:36.0000000Z;11.5075;11.548;3768;4000
2026-06-08T11:31:38.0000000Z;11.5075;11.5475;3768;3768
2026-06-08T11:31:40.0000000Z;11.5075;11.5475;3768;3768
2026-06-08T11:31:42.0000000Z;11.5075;11.5475;3768;6000
2026-06-08T11:31:43.0000000Z;11.5075;11.548;3768;4000
2026-06-08T11:31:45.0000000Z;11.5075;11.548;3768;4000
2026-06-08T11:32:01.0000000Z;11.5075;11.5475;3768;6000
2026-06-08T11:32:02.0000000Z;11.5075;11.5475;3768;6000
2026-06-08T11:32:04.0000000Z;11.5075;11.548;3768;4000
2026-06-08T11:32:05.0000000Z;11.5075;11.548;3768;4000
2026-06-08T11:32:07.0000000Z;11.5075;11.5475;3768;25768
2026-06-08T11:32:08.0000000Z;11.5075;11.548;3768;4000
2026-06-08T11:32:09.0000000Z;11.5075;11.5475;3768;6000
2026-06-08T11:32:10.0000000Z;11.5075;11.5475;3768;6000
2026-06-08T11:32:11.0000000Z;11.5075;11.547;3768;4000
2026-06-08T11:32:12.0000000Z;11.5075;11.5465;3768;3768
2026-06-08T11:32:13.0000000Z;11.5075;11.5465;3768;3768
2026-06-08T11:32:14.0000000Z;11.5075;11.5465;3768;3768
2026-06-08T11:32:15.0000000Z;11.5075;11.5465;3768;3768
2026-06-08T11:32:22.0000000Z;11.5075;11.5465;3768;3768
2026-06-08T11:32:28.0000000Z;11.5075;11.5465;3768;3768
2026-06-08T11:32:30.0000000Z;11.5075;11.5465;3768;6000
2026-06-08T11:32:31.0000000Z;11.5075;11.547;3768;4000
2026-06-08T11:32:32.0000000Z;11.5075;11.5465;3768;3768
2026-06-08T11:32:33.0000000Z;11.5075;11.5465;3768;25768
2026-06-08T11:32:34.0000000Z;11.5075;11.5465;3768;3768
2026-06-08T11:32:37.0000000Z;11.5075;11.546;3768;4000
2026-06-08T11:32:38.0000000Z;11.5075;11.5455;3768;3768
2026-06-08T11:32:40.0000000Z;11.5075;11.5455;3768;3768
2026-06-08T11:32:42.0000000Z;11.5075;11.5455;3768;3768
2026-06-08T11:33:25.0000000Z;11.507;11.546;22000;22000
2026-06-08T11:33:26.0000000Z;11.514;11.5355;3768;22000
2026-06-08T11:33:35.0000000Z;11.514;11.5355;3768;22000
2026-06-08T11:33:36.0000000Z;11.514;11.5355;3768;22000
2026-06-08T11:33:55.0000000Z;11.514;11.5355;3768;22000
2026-06-08T11:34:05.0000000Z;11.514;11.5355;3768;22000
2026-06-08T11:35:41.0000000Z;11.514;11.5355;3768;22000
2026-06-08T11:35:51.0000000Z;11.514;11.5355;3768;22000
2026-06-08T11:36:29.0000000Z;11.514;11.5355;3768;22000
2026-06-08T11:36:34.0000000Z;11.514;11.5355;3768;22000
2026-06-08T11:36:35.0000000Z;11.514;11.5355;3768;22000
2026-06-08T11:37:17.0000000Z;11.514;11.5355;3768;22000
2026-06-08T11:38:49.0000000Z;11.514;11.5355;3768;22000
2026-06-08T11:39:30.0000000Z;11.514;11.5355;3768;22000
2026-06-08T11:39:31.0000000Z;11.514;11.5355;3768;22000
2026-06-08T11:40:24.0000000Z;11.514;11.5595;3768;2820
2026-06-08T11:40:25.0000000Z;11.514;11.5535;4000;5506
2026-06-08T11:40:26.0000000Z;11.5145;11.536;3768;2168
2026-06-08T11:40:28.0000000Z;11.5145;11.5515;3768;4000
2026-06-08T11:40:29.0000000Z;11.5145;11.5515;3768;4000
2026-06-08T11:40:30.0000000Z;11.5145;11.5515;3768;4000
2026-06-08T11:40:32.0000000Z;11.5145;11.551;3768;3768
2026-06-08T11:40:33.0000000Z;11.5145;11.551;3768;3768
2026-06-08T11:41:09.0000000Z;11.526;11.547;4000;4000
2026-06-08T11:41:10.0000000Z;11.5265;11.5465;3768;3768
2026-06-08T11:41:16.0000000Z;11.5265;11.5465;3768;3768
2026-06-08T11:42:09.0000000Z;11.5265;11.5465;3768;3768
2026-06-08T11:42:10.0000000Z;11.5265;11.5465;3768;3768
2026-06-08T11:42:12.0000000Z;11.5265;11.5465;3768;3768
2026-06-08T11:42:14.0000000Z;11.5265;11.5465;3768;3768
2026-06-08T11:42:17.0000000Z;11.5265;11.5465;3768;3768
2026-06-08T11:45:25.0000000Z;11.5265;11.5465;4000;4000
2026-06-08T11:45:26.0000000Z;11.527;11.546;3768;3768
2026-06-08T11:45:31.0000000Z;11.527;11.546;3768;3768
2026-06-08T11:45:34.0000000Z;11.527;11.546;3768;3768
2026-06-08T11:46:55.0000000Z;11.527;11.546;3768;3768
2026-06-08T11:47:20.0000000Z;11.527;11.546;3768;3768
2026-06-08T11:47:23.0000000Z;11.527;11.546;3768;3768
2026-06-08T11:47:30.0000000Z;11.527;11.546;3768;3768
2026-06-08T11:47:32.0000000Z;11.527;11.546;3768;3768
2026-06-08T11:48:46.0000000Z;11.527;11.546;3768;3768
2026-06-08T11:48:48.0000000Z;11.527;11.546;3768;3768
2026-06-08T11:48:51.0000000Z;11.527;11.546;3768;3768
2026-06-08T11:49:04.0000000Z;11.527;11.546;3768;3768
2026-06-08T11:53:09.0000000Z;11.527;11.546;3768;3768
2026-06-08T11:55:18.0000000Z;11.527;11.546;3768;3768
2026-06-08T11:58:34.0000000Z;11.527;11.546;3768;3768
2026-06-08T12:00:00.0000000Z;11.527;11.546;3768;3768
2026-06-08T12:00:02.0000000Z;11.527;11.546;3768;3768
2026-06-08T12:00:03.0000000Z;11.527;11.546;3768;3768
2026-06-08T12:00:05.0000000Z;11.527;11.546;3768;3768
2026-06-08T12:00:07.0000000Z;11.527;11.546;3768;3768
2026-06-08T12:00:10.0000000Z;11.527;11.546;3768;3768
2026-06-08T12:00:12.0000000Z;11.527;11.546;3768;3768
2026-06-08T12:00:13.0000000Z;11.527;11.546;3768;3768
2026-06-08T12:00:15.0000000Z;11.527;11.546;3768;3768
2026-06-08T12:00:16.0000000Z;11.527;11.546;3768;3768
2026-06-08T12:00:17.0000000Z;11.527;11.546;3768;3768
2026-06-08T12:00:20.0000000Z;11.527;11.546;3768;3768
2026-06-08T12:00:22.0000000Z;11.527;11.546;3768;3768
2026-06-08T12:00:24.0000000Z;11.527;11.546;3768;3768
2026-06-08T12:00:25.0000000Z;11.527;11.546;3768;3768
2026-06-08T12:00:27.0000000Z;11.527;11.546;3768;3768
2026-06-08T12:00:29.0000000Z;11.527;11.546;3768;3768
2026-06-08T12:00:30.0000000Z;11.527;11.546;3768;3768
2026-06-08T12:00:46.0000000Z;11.527;11.546;3768;3768
2026-06-08T12:00:52.0000000Z;11.527;11.546;3768;3768
2026-06-08T12:02:04.0000000Z;11.527;11.546;3768;3768
2026-06-08T12:02:06.0000000Z;11.527;11.546;3768;3768
2026-06-08T12:02:55.0000000Z;11.527;11.546;3768;3768
2026-06-08T12:02:56.0000000Z;11.527;11.546;3768;3768
2026-06-08T12:03:44.0000000Z;11.527;11.546;3768;3768
2026-06-08T12:04:53.0000000Z;11.527;11.546;3768;3768
2026-06-08T12:06:05.0000000Z;11.527;11.5455;3768;4000
2026-06-08T12:06:06.0000000Z;11.527;11.545;3768;3768
2026-06-08T12:06:08.0000000Z;11.527;11.545;3768;3768
2026-06-08T12:06:18.0000000Z;11.527;11.545;3768;3768
2026-06-08T12:06:19.0000000Z;11.527;11.545;3768;3768
2026-06-08T12:08:28.0000000Z;11.527;11.543;3768;4000
2026-06-08T12:08:29.0000000Z;11.527;11.5425;3768;3768
2026-06-08T12:08:37.0000000Z;11.527;11.5425;3768;3768
2026-06-08T12:10:09.0000000Z;11.527;11.5425;3768;3768
2026-06-08T12:10:22.0000000Z;11.527;11.5425;3768;3768
2026-06-08T12:10:25.0000000Z;11.527;11.5425;3768;3768
2026-06-08T12:10:28.0000000Z;11.5215;11.5425;4000;3768
2026-06-08T12:10:29.0000000Z;11.5215;11.5425;4000;3768
2026-06-08T12:10:30.0000000Z;11.526;11.5425;2170;3768
2026-06-08T12:10:35.0000000Z;11.522;11.5425;3768;3768
2026-06-08T12:11:18.0000000Z;11.522;11.5425;3768;3768
2026-06-08T12:11:33.0000000Z;11.522;11.5425;3768;3768
2026-06-08T12:11:40.0000000Z;11.522;11.5425;3768;3768
2026-06-08T12:11:49.0000000Z;11.522;11.5425;3768;3768
2026-06-08T12:11:50.0000000Z;11.522;11.5425;3768;3768
2026-06-08T12:11:51.0000000Z;11.522;11.5425;3768;3768
2026-06-08T12:14:29.0000000Z;11.522;11.5425;3768;3768
2026-06-08T12:14:32.0000000Z;11.522;11.5425;3768;3768
2026-06-08T12:14:41.0000000Z;11.522;11.5425;3768;3768
2026-06-08T12:16:25.0000000Z;11.522;11.5425;3768;3768
2026-06-08T12:21:05.0000000Z;11.522;11.5425;3768;3768
2026-06-08T12:21:13.0000000Z;11.522;11.5425;3768;3768
2026-06-08T12:21:31.0000000Z;11.522;11.543;3768;22000
2026-06-08T12:21:32.0000000Z;11.522;11.543;3768;25768
2026-06-08T12:21:33.0000000Z;11.522;11.543;3768;3768
2026-06-08T12:21:39.0000000Z;11.522;11.543;3768;3768
2026-06-08T12:21:56.0000000Z;11.522;11.5435;3768;4801
2026-06-08T12:22:26.0000000Z;11.522;11.5435;3768;4801
2026-06-08T12:22:30.0000000Z;11.522;11.5435;3768;4801
2026-06-08T12:22:36.0000000Z;11.522;11.5435;3768;801
2026-06-08T12:22:38.0000000Z;11.522;11.5435;3768;801
2026-06-08T12:22:45.0000000Z;11.522;11.5435;3768;801
2026-06-08T12:23:00.0000000Z;11.522;11.5435;3768;22000
2026-06-08T12:23:02.0000000Z;11.522;11.5435;3768;22000
2026-06-08T12:23:10.0000000Z;11.527;11.548;4000;4000
2026-06-08T12:23:11.0000000Z;11.5275;11.548;3768;4000
2026-06-08T12:23:12.0000000Z;11.5275;11.544;3768;2166
2026-06-08T12:23:19.0000000Z;11.5275;11.548;3768;25768
2026-06-08T12:24:08.0000000Z;11.5275;11.548;3768;25768
2026-06-08T12:24:10.0000000Z;11.5275;11.548;3768;25768
2026-06-08T12:24:13.0000000Z;11.5275;11.548;3768;25768
2026-06-08T12:24:15.0000000Z;11.5275;11.548;3768;25768
2026-06-08T12:24:18.0000000Z;11.5275;11.548;3768;25768
2026-06-08T12:24:20.0000000Z;11.5275;11.548;3768;25768
2026-06-08T12:24:23.0000000Z;11.5275;11.548;3768;25768
2026-06-08T12:24:25.0000000Z;11.5275;11.548;3768;25768
2026-06-08T12:24:28.0000000Z;11.5275;11.548;3768;25768
2026-06-08T12:24:30.0000000Z;11.5275;11.548;3768;25768
2026-06-08T12:24:33.0000000Z;11.5275;11.548;3768;25768
2026-06-08T12:24:35.0000000Z;11.5275;11.548;3768;25768
2026-06-08T12:24:38.0000000Z;11.5275;11.548;3768;25768
2026-06-08T12:24:40.0000000Z;11.5275;11.548;3768;25768
2026-06-08T12:24:43.0000000Z;11.5275;11.548;3768;25768
2026-06-08T12:24:45.0000000Z;11.5275;11.548;3768;25768
2026-06-08T12:24:48.0000000Z;11.5275;11.548;3768;25768
2026-06-08T12:24:50.0000000Z;11.5275;11.548;3768;25768
2026-06-08T12:24:53.0000000Z;11.5275;11.548;3768;25768
2026-06-08T12:27:08.0000000Z;11.5275;11.548;3768;25768
2026-06-08T12:28:30.0000000Z;11.5275;11.548;3768;25768
2026-06-08T12:28:33.0000000Z;11.5275;11.548;3768;25768
2026-06-08T12:28:35.0000000Z;11.5275;11.548;3768;25768
2026-06-08T12:28:38.0000000Z;11.5275;11.548;3768;25768
2026-06-08T12:28:40.0000000Z;11.5275;11.548;3768;25768
2026-06-08T12:28:43.0000000Z;11.5275;11.548;3768;25768
2026-06-08T12:28:45.0000000Z;11.5275;11.548;3768;25768
2026-06-08T12:28:48.0000000Z;11.5275;11.548;3768;25768
2026-06-08T12:28:50.0000000Z;11.5275;11.548;3768;25768
2026-06-08T12:28:53.0000000Z;11.5275;11.548;3768;25768
2026-06-08T12:28:55.0000000Z;11.5275;11.548;3768;25768
2026-06-08T12:28:58.0000000Z;11.5275;11.548;3768;25768
2026-06-08T12:31:12.0000000Z;11.5275;11.548;3768;25768
2026-06-08T12:31:23.0000000Z;11.5275;11.548;3768;25768
2026-06-08T12:32:44.0000000Z;11.5275;11.548;3768;25768
2026-06-08T12:34:36.0000000Z;11.5275;11.548;3768;3768
2026-06-08T12:34:45.0000000Z;11.5275;11.548;3768;25768
2026-06-08T12:36:12.0000000Z;11.5275;11.548;3768;25768
2026-06-08T12:36:13.0000000Z;11.5275;11.548;3768;25768
2026-06-08T12:36:14.0000000Z;11.5275;11.548;3768;25768
2026-06-08T12:36:15.0000000Z;11.5275;11.548;3768;25768
2026-06-08T12:36:16.0000000Z;11.5275;11.548;3768;25768
2026-06-08T12:36:17.0000000Z;11.5275;11.548;3768;25768
2026-06-08T12:37:57.0000000Z;11.5275;11.548;3768;25768
2026-06-08T12:39:45.0000000Z;11.5275;11.548;3768;25768
2026-06-08T12:39:59.0000000Z;11.5275;11.548;3768;25768
2026-06-08T12:40:00.0000000Z;11.5275;11.548;3768;25768
2026-06-08T12:40:04.0000000Z;11.5275;11.548;801;25768
2026-06-08T12:40:05.0000000Z;11.5275;11.548;25768;25768
2026-06-08T12:40:06.0000000Z;11.528;11.548;4000;25768
2026-06-08T12:40:07.0000000Z;11.5285;11.548;3768;25768
2026-06-08T12:40:20.0000000Z;11.5285;11.548;3768;25768
2026-06-08T12:41:18.0000000Z;11.5285;11.548;3768;25768
2026-06-08T12:41:19.0000000Z;11.5285;11.548;3768;25768
2026-06-08T12:41:20.0000000Z;11.5285;11.548;3768;25768
2026-06-08T12:41:21.0000000Z;11.5285;11.548;3768;25768
2026-06-08T12:41:22.0000000Z;11.5285;11.548;3768;25768
2026-06-08T12:41:23.0000000Z;11.5285;11.548;3768;25768
2026-06-08T12:41:35.0000000Z;11.5285;11.548;3768;25768
2026-06-08T12:41:37.0000000Z;11.5285;11.548;3768;25768
2026-06-08T12:41:39.0000000Z;11.5285;11.548;3768;25768
2026-06-08T12:41:42.0000000Z;11.5285;11.548;3768;25768
2026-06-08T12:41:44.0000000Z;11.5285;11.548;3768;25768
2026-06-08T12:41:46.0000000Z;11.5285;11.548;3768;25768
2026-06-08T12:41:47.0000000Z;11.5285;11.548;3768;25768
2026-06-08T12:41:49.0000000Z;11.5285;11.548;3768;25768
2026-06-08T12:41:52.0000000Z;11.5285;11.548;3768;25768
2026-06-08T12:41:54.0000000Z;11.5285;11.548;3768;25768
2026-06-08T12:41:57.0000000Z;11.5285;11.548;3768;25768
2026-06-08T12:41:59.0000000Z;11.5285;11.548;3768;25768
2026-06-08T12:41:59.0000000Z;11.5285;11.548;3768;25768
2026-06-08T12:42:02.0000000Z;11.5285;11.548;3768;25768
2026-06-08T12:42:04.0000000Z;11.5285;11.548;3768;25768
2026-06-08T12:42:07.0000000Z;11.5285;11.548;3768;25768
2026-06-08T12:42:09.0000000Z;11.5285;11.548;3768;25768
2026-06-08T12:42:11.0000000Z;11.528;11.548;22000;25768
2026-06-08T12:42:12.0000000Z;11.528;11.548;25768;25768
2026-06-08T12:42:14.0000000Z;11.528;11.548;3768;25768
2026-06-08T12:42:16.0000000Z;11.528;11.548;3768;25768
2026-06-08T12:42:19.0000000Z;11.528;11.548;3768;25768
2026-06-08T12:42:23.0000000Z;11.528;11.548;3768;25768
2026-06-08T12:42:26.0000000Z;11.528;11.548;3768;25768
2026-06-08T12:42:33.0000000Z;11.5275;11.548;4801;25768
2026-06-08T12:42:34.0000000Z;11.5275;11.548;4801;25768
2026-06-08T12:42:35.0000000Z;11.5275;11.548;4000;22000
2026-06-08T12:42:36.0000000Z;11.5275;11.546;4000;22000
2026-06-08T12:42:39.0000000Z;11.5275;11.546;4000;4801
2026-06-08T12:42:40.0000000Z;11.5275;11.5455;4000;3768
2026-06-08T12:42:41.0000000Z;11.5275;11.546;4000;4000
2026-06-08T12:42:47.0000000Z;11.5275;11.546;4000;4000
2026-06-08T12:42:50.0000000Z;11.5275;11.546;4000;4000
2026-06-08T12:42:54.0000000Z;11.5275;11.546;4000;4000
2026-06-08T12:43:06.0000000Z;11.5275;11.546;4000;4000
2026-06-08T12:43:22.0000000Z;11.5145;11.546;4000;4000
2026-06-08T12:43:23.0000000Z;11.5145;11.546;4000;4000
2026-06-08T12:43:24.0000000Z;11.527;11.546;2169;4000
2026-06-08T12:43:32.0000000Z;11.515;11.546;3768;4000
2026-06-08T12:44:04.0000000Z;11.515;11.546;3768;4000
2026-06-08T12:44:37.0000000Z;11.5255;11.546;4000;4000
2026-06-08T12:44:38.0000000Z;11.526;11.546;3768;4000
2026-06-08T12:44:44.0000000Z;11.526;11.546;3768;4000
2026-06-08T12:44:45.0000000Z;11.526;11.546;3768;4000
2026-06-08T12:44:49.0000000Z;11.526;11.546;3768;4000
2026-06-08T12:45:49.0000000Z;11.526;11.546;3768;4000
2026-06-08T12:46:24.0000000Z;11.526;11.546;3768;4000
2026-06-08T12:46:33.0000000Z;11.526;11.546;3768;4000
2026-06-08T12:48:04.0000000Z;11.526;11.546;3768;4000
2026-06-08T12:48:05.0000000Z;11.526;11.546;3768;4000
2026-06-08T12:48:06.0000000Z;11.526;11.546;3768;4000
2026-06-08T12:48:07.0000000Z;11.526;11.546;3768;4000
2026-06-08T12:48:08.0000000Z;11.526;11.546;3768;4000
2026-06-08T12:48:09.0000000Z;11.526;11.546;3768;4000
2026-06-08T12:48:11.0000000Z;11.526;11.546;3768;4000
2026-06-08T12:48:15.0000000Z;11.526;11.546;3768;4000
2026-06-08T12:48:49.0000000Z;11.526;11.546;3768;4000
2026-06-08T12:51:36.0000000Z;11.526;11.546;3768;4000
2026-06-08T12:52:02.0000000Z;11.526;11.546;3768;4000
2026-06-08T12:52:10.0000000Z;11.526;11.546;3768;4000
2026-06-08T12:52:26.0000000Z;11.526;11.546;3768;4000
2026-06-08T12:53:03.0000000Z;11.526;11.546;3768;4000
2026-06-08T12:53:46.0000000Z;11.526;11.546;3768;4000
2026-06-08T12:53:58.0000000Z;11.526;11.546;3768;4000
2026-06-08T12:54:13.0000000Z;11.526;11.546;3768;4000
2026-06-08T12:54:14.0000000Z;11.526;11.546;3768;4000
2026-06-08T12:54:15.0000000Z;11.526;11.546;3768;4000
2026-06-08T12:54:16.0000000Z;11.526;11.546;3768;4000
2026-06-08T12:54:18.0000000Z;11.526;11.546;3768;4000
2026-06-08T12:54:20.0000000Z;11.526;11.546;3768;4000
2026-06-08T12:54:21.0000000Z;11.526;11.546;3768;4000
2026-06-08T12:54:23.0000000Z;11.526;11.546;3768;4000
2026-06-08T12:54:25.0000000Z;11.526;11.546;3768;4000
2026-06-08T12:54:28.0000000Z;11.526;11.546;3768;4000
2026-06-08T12:54:29.0000000Z;11.526;11.546;3768;4000
2026-06-08T12:54:30.0000000Z;11.526;11.546;3768;4000
2026-06-08T12:54:33.0000000Z;11.526;11.546;3768;4000
2026-06-08T12:54:35.0000000Z;11.526;11.546;3768;4000
2026-06-08T12:54:38.0000000Z;11.526;11.546;3768;4000
2026-06-08T12:58:16.0000000Z;11.526;11.546;3768;4000
2026-06-08T12:58:18.0000000Z;11.526;11.546;3768;4000
2026-06-08T12:58:21.0000000Z;11.526;11.546;3768;4000
2026-06-08T12:59:11.0000000Z;11.526;11.546;3768;4000
2026-06-08T12:59:12.0000000Z;11.526;11.546;3768;4000
2026-06-08T12:59:15.0000000Z;11.526;11.546;3768;4000
2026-06-08T12:59:44.0000000Z;11.5255;11.546;22000;4000
2026-06-08T12:59:45.0000000Z;11.5255;11.546;22000;4000
2026-06-08T12:59:47.0000000Z;11.525;11.546;5938;4000
2026-06-08T12:59:48.0000000Z;11.5245;11.546;4801;4000
2026-06-08T12:59:50.0000000Z;11.525;11.546;3768;4000
2026-06-08T13:00:20.0000000Z;11.525;11.546;3768;4000
2026-06-08T13:00:21.0000000Z;11.525;11.546;3768;4000
2026-06-08T13:00:34.0000000Z;11.525;11.546;3768;4000
2026-06-08T13:00:52.0000000Z;11.525;11.546;3768;4000
2026-06-08T13:01:59.0000000Z;11.525;11.546;3768;4000
2026-06-08T13:02:05.0000000Z;11.525;11.546;3768;4000
2026-06-08T13:02:11.0000000Z;11.525;11.546;3768;4000
2026-06-08T13:02:54.0000000Z;11.525;11.546;3768;4000
2026-06-08T13:03:05.0000000Z;11.525;11.546;3768;4000
2026-06-08T13:03:07.0000000Z;11.525;11.546;3768;4000
2026-06-08T13:03:10.0000000Z;11.525;11.546;3768;4000
2026-06-08T13:03:12.0000000Z;11.525;11.546;3768;4000
2026-06-08T13:03:15.0000000Z;11.525;11.546;3768;4000
2026-06-08T13:03:17.0000000Z;11.525;11.546;3768;4000
2026-06-08T13:03:20.0000000Z;11.525;11.546;3768;4000
2026-06-08T13:03:22.0000000Z;11.525;11.546;3768;4000
2026-06-08T13:03:25.0000000Z;11.525;11.546;3768;4000
2026-06-08T13:03:27.0000000Z;11.525;11.546;3768;4000
2026-06-08T13:03:30.0000000Z;11.525;11.546;3768;4000
2026-06-08T13:03:32.0000000Z;11.525;11.546;3768;4000
2026-06-08T13:03:35.0000000Z;11.525;11.546;3768;4000
2026-06-08T13:03:44.0000000Z;11.525;11.546;3768;4000
2026-06-08T13:03:51.0000000Z;11.525;11.546;3768;4000
2026-06-08T13:03:52.0000000Z;11.525;11.546;3768;4000
2026-06-08T13:04:08.0000000Z;11.525;11.546;3768;4000
2026-06-08T13:04:11.0000000Z;11.525;11.546;3768;4000
2026-06-08T13:04:13.0000000Z;11.5245;11.546;801;4000
2026-06-08T13:04:41.0000000Z;11.5245;11.546;801;4000
2026-06-08T13:05:24.0000000Z;11.5245;11.546;801;4000
2026-06-08T13:05:35.0000000Z;11.5245;11.546;801;4000
2026-06-08T13:06:30.0000000Z;11.5245;11.546;801;4000
2026-06-08T13:06:32.0000000Z;11.5245;11.546;801;4000
2026-06-08T13:06:35.0000000Z;11.5245;11.546;801;4000
2026-06-08T13:06:37.0000000Z;11.5245;11.546;801;4000
2026-06-08T13:06:40.0000000Z;11.5245;11.546;801;4000
2026-06-08T13:06:42.0000000Z;11.5245;11.546;801;4000
2026-06-08T13:06:43.0000000Z;11.5245;11.546;801;4000
2026-06-08T13:06:45.0000000Z;11.5245;11.546;801;4000
2026-06-08T13:06:47.0000000Z;11.5245;11.546;801;4000
2026-06-08T13:06:50.0000000Z;11.5245;11.546;801;4000
2026-06-08T13:06:52.0000000Z;11.5245;11.546;801;4000
2026-06-08T13:06:55.0000000Z;11.5245;11.546;801;4000
2026-06-08T13:06:57.0000000Z;11.5245;11.546;801;4000
2026-06-08T13:07:00.0000000Z;11.5245;11.546;801;4000
2026-06-08T13:07:02.0000000Z;11.5245;11.546;801;4000
2026-06-08T13:07:05.0000000Z;11.5245;11.546;801;4000
2026-06-08T13:07:06.0000000Z;11.5245;11.546;801;4000
2026-06-08T13:07:07.0000000Z;11.5245;11.546;801;4000
2026-06-08T13:07:38.0000000Z;11.5245;11.546;801;4000
2026-06-08T13:08:55.0000000Z;11.5245;11.546;801;4000
2026-06-08T13:09:29.0000000Z;11.5245;11.546;4801;4000
2026-06-08T13:09:30.0000000Z;11.5245;11.546;4801;4000
2026-06-08T13:10:17.0000000Z;11.5245;11.546;4801;4000
2026-06-08T13:10:20.0000000Z;11.5245;11.546;4801;4000
2026-06-08T13:11:10.0000000Z;11.5245;11.546;4801;4000
2026-06-08T13:12:00.0000000Z;11.5245;11.546;4801;4000
2026-06-08T13:12:50.0000000Z;11.5245;11.546;4801;4000
2026-06-08T13:15:54.0000000Z;11.5245;11.546;4801;4000
2026-06-08T13:16:44.0000000Z;11.5245;11.546;4801;4000
2026-06-08T13:17:17.0000000Z;11.5245;11.546;4801;4000
2026-06-08T13:17:28.0000000Z;11.5245;11.546;4801;4000
2026-06-08T13:17:34.0000000Z;11.5245;11.546;4801;4000
2026-06-08T13:17:40.0000000Z;11.5245;11.546;4801;4000
2026-06-08T13:18:30.0000000Z;11.5245;11.546;4801;4000
2026-06-08T13:21:46.0000000Z;11.5245;11.546;4801;4000
2026-06-08T13:21:53.0000000Z;11.5245;11.546;4801;4000
2026-06-08T13:21:58.0000000Z;11.5245;11.546;4801;4000
2026-06-08T13:22:24.0000000Z;11.5245;11.546;4801;4000
2026-06-08T13:22:40.0000000Z;11.5245;11.546;4801;4000
2026-06-08T13:22:50.0000000Z;11.5245;11.5405;4000;4000
2026-06-08T13:22:51.0000000Z;11.5245;11.54;4000;3768
2026-06-08T13:23:02.0000000Z;11.5245;11.54;4000;3768
2026-06-08T13:23:26.0000000Z;11.5245;11.54;4000;3768
2026-06-08T13:23:30.0000000Z;11.5245;11.54;4000;3768
2026-06-08T13:23:36.0000000Z;11.5195;11.54;4000;3768
2026-06-08T13:23:37.0000000Z;11.5195;11.54;4000;3768
2026-06-08T13:23:38.0000000Z;11.524;11.54;2170;3768
2026-06-08T13:23:48.0000000Z;11.52;11.54;3768;3768
2026-06-08T13:24:21.0000000Z;11.52;11.54;3768;3768
2026-06-08T13:25:21.0000000Z;11.52;11.54;3768;3768
2026-06-08T13:25:50.0000000Z;11.52;11.54;3768;3768
2026-06-08T13:26:02.0000000Z;11.52;11.54;3768;3768
2026-06-08T13:26:56.0000000Z;11.52;11.54;3768;3768
2026-06-08T13:27:01.0000000Z;11.52;11.54;3768;3768
2026-06-08T13:27:02.0000000Z;11.52;11.54;3768;3768
2026-06-08T13:27:04.0000000Z;11.52;11.54;3768;3768
2026-06-08T13:27:06.0000000Z;11.52;11.54;3768;3768
2026-06-08T13:27:09.0000000Z;11.52;11.54;3768;3768
2026-06-08T13:27:11.0000000Z;11.52;11.54;3768;3768
2026-06-08T13:27:14.0000000Z;11.52;11.54;3768;3768
2026-06-08T13:27:16.0000000Z;11.52;11.54;3768;3768
2026-06-08T13:27:19.0000000Z;11.52;11.54;3768;3768
2026-06-08T13:27:21.0000000Z;11.52;11.54;3768;3768
2026-06-08T13:27:24.0000000Z;11.52;11.54;3768;3768
2026-06-08T13:27:26.0000000Z;11.52;11.54;3768;3768
2026-06-08T13:27:27.0000000Z;11.519;11.541;801;801
2026-06-08T13:27:28.0000000Z;11.519;11.541;24171;24167
2026-06-08T13:27:29.0000000Z;11.519;11.541;24171;24167
2026-06-08T13:27:31.0000000Z;11.519;11.541;24171;24167
2026-06-08T13:27:34.0000000Z;11.519;11.541;24171;24167
2026-06-08T13:27:35.0000000Z;11.519;11.541;22000;22000
2026-06-08T13:27:36.0000000Z;11.519;11.541;22000;22000
2026-06-08T13:28:38.0000000Z;11.519;11.541;22000;22000
2026-06-08T13:29:25.0000000Z;11.519;11.541;22000;22000
2026-06-08T13:30:10.0000000Z;11.519;11.541;22000;22000
2026-06-08T13:30:12.0000000Z;11.519;11.541;22000;22000
2026-06-08T13:30:51.0000000Z;11.519;11.541;22000;22000
2026-06-08T13:31:02.0000000Z;11.519;11.541;22000;22000
2026-06-08T13:31:10.0000000Z;11.519;11.541;22000;22000
2026-06-08T13:31:38.0000000Z;11.519;11.541;22000;22000
2026-06-08T13:31:43.0000000Z;11.519;11.541;22000;22000
2026-06-08T13:32:20.0000000Z;11.519;11.541;22000;22000
2026-06-08T13:32:25.0000000Z;11.5245;11.5465;801;801
2026-06-08T13:32:26.0000000Z;11.5245;11.5465;22000;801
2026-06-08T13:32:28.0000000Z;11.5245;11.5415;22000;2167
2026-06-08T13:32:36.0000000Z;11.5245;11.5415;22000;2167
2026-06-08T13:32:37.0000000Z;11.5245;11.5415;22000;2167
2026-06-08T13:32:38.0000000Z;11.5245;11.5465;22000;22000
2026-06-08T13:33:13.0000000Z;11.5245;11.5465;22000;22000
2026-06-08T13:33:49.0000000Z;11.5245;11.5465;22000;22000
2026-06-08T13:33:51.0000000Z;11.5245;11.5465;22000;22000
2026-06-08T13:33:54.0000000Z;11.5245;11.5465;22000;22000
2026-06-08T13:33:56.0000000Z;11.5245;11.5465;22000;22000
2026-06-08T13:33:59.0000000Z;11.5245;11.5465;22000;22000
2026-06-08T13:34:01.0000000Z;11.5245;11.5465;22000;22000
2026-06-08T13:34:04.0000000Z;11.5245;11.5465;22000;22000
2026-06-08T13:34:06.0000000Z;11.5245;11.5465;22000;22000
2026-06-08T13:34:09.0000000Z;11.5245;11.5465;22000;22000
2026-06-08T13:34:11.0000000Z;11.5245;11.5465;22000;22000
2026-06-08T13:34:14.0000000Z;11.5245;11.5465;22000;22000
2026-06-08T13:34:16.0000000Z;11.5245;11.5465;22000;22000
2026-06-08T13:34:17.0000000Z;11.5245;11.5465;22000;22000
2026-06-08T13:34:19.0000000Z;11.5245;11.5465;22000;22000
2026-06-08T13:34:21.0000000Z;11.5245;11.5465;22000;22000
2026-06-08T13:34:24.0000000Z;11.5245;11.5465;22000;22000
2026-06-08T13:34:26.0000000Z;11.5245;11.5465;22000;22000
2026-06-08T13:34:29.0000000Z;11.5245;11.5465;22000;22000
2026-06-08T13:34:31.0000000Z;11.5245;11.5465;22000;22000
2026-06-08T13:34:34.0000000Z;11.5245;11.5465;22000;22000
2026-06-08T13:35:06.0000000Z;11.5245;11.5465;22000;22000
2026-06-08T13:35:16.0000000Z;11.5245;11.5465;22000;22000
2026-06-08T13:38:23.0000000Z;11.5245;11.5465;22000;22000
2026-06-08T13:38:25.0000000Z;11.5245;11.5465;22000;22000
2026-06-08T13:38:28.0000000Z;11.5245;11.5465;22000;22000
2026-06-08T13:38:30.0000000Z;11.5245;11.5465;22000;22000
2026-06-08T13:38:33.0000000Z;11.5245;11.5465;22000;22000
2026-06-08T13:38:35.0000000Z;11.5245;11.5465;22000;22000
2026-06-08T13:38:38.0000000Z;11.5245;11.5465;22000;22000
2026-06-08T13:38:40.0000000Z;11.5245;11.5465;22000;22000
2026-06-08T13:38:43.0000000Z;11.5245;11.5465;22000;22000
2026-06-08T13:38:45.0000000Z;11.5245;11.5465;22000;22000
2026-06-08T13:38:48.0000000Z;11.5245;11.5465;22000;22000
2026-06-08T13:38:50.0000000Z;11.5245;11.5465;22000;22000
2026-06-08T13:39:12.0000000Z;11.5245;11.5465;22000;22000
2026-06-08T13:40:31.0000000Z;11.5245;11.5465;22000;22000
2026-06-08T13:42:58.0000000Z;11.5245;11.546;22000;1201
2026-06-08T13:42:59.0000000Z;11.5245;11.546;22000;22000
2026-06-08T13:43:00.0000000Z;11.4685;11.546;2259;22000
2026-06-08T13:43:01.0000000Z;11.4685;11.546;2259;22000
2026-06-08T13:43:02.0000000Z;11.5255;11.546;22000;22000
2026-06-08T13:43:05.0000000Z;11.5255;11.546;22000;22000
2026-06-08T13:43:06.0000000Z;11.5255;11.546;22000;22000
2026-06-08T13:43:08.0000000Z;11.5255;11.5475;22000;1201
2026-06-08T13:43:10.0000000Z;11.5255;11.547;22000;2166
2026-06-08T13:43:11.0000000Z;11.5255;11.5475;22000;22000
2026-06-08T13:44:38.0000000Z;11.5255;11.5475;22000;22000
2026-06-08T13:44:56.0000000Z;11.5255;11.5475;22000;1201
2026-06-08T13:44:59.0000000Z;11.5255;11.548;22000;801
2026-06-08T13:45:00.0000000Z;11.5255;11.548;22000;24165
2026-06-08T13:45:01.0000000Z;11.5255;11.5475;22000;22000
2026-06-08T13:45:02.0000000Z;11.5255;11.548;22000;801
2026-06-08T13:45:03.0000000Z;11.5255;11.5475;22000;1201
2026-06-08T13:45:04.0000000Z;11.525;11.5475;2170;1201
2026-06-08T13:45:07.0000000Z;11.5245;11.5465;22000;22000
2026-06-08T13:45:08.0000000Z;11.5245;11.5465;22000;22000
2026-06-08T13:45:10.0000000Z;11.5245;11.546;22000;1201
2026-06-08T13:45:12.0000000Z;11.5245;11.546;22000;22000
2026-06-08T13:45:20.0000000Z;11.5245;11.546;22000;22000
2026-06-08T13:45:30.0000000Z;11.5245;11.546;22000;1201
2026-06-08T13:45:40.0000000Z;11.5245;11.546;22000;1201
2026-06-08T13:45:51.0000000Z;11.5245;11.5465;22000;801
2026-06-08T13:45:53.0000000Z;11.5245;11.546;22000;1201
2026-06-08T13:46:20.0000000Z;11.5245;11.5465;22000;801
2026-06-08T13:46:27.0000000Z;11.5245;11.546;22000;1201
2026-06-08T13:46:30.0000000Z;11.5245;11.5465;22000;801
2026-06-08T13:46:31.0000000Z;11.5245;11.546;22000;1201
2026-06-08T13:46:32.0000000Z;11.5245;11.5465;22000;801
2026-06-08T13:46:35.0000000Z;11.5245;11.5465;22000;22000
2026-06-08T13:46:40.0000000Z;11.5245;11.546;22000;1201
2026-06-08T13:46:41.0000000Z;11.5245;11.5465;22000;801
2026-06-08T13:46:42.0000000Z;11.5245;11.5465;22000;24166
2026-06-08T13:46:47.0000000Z;11.5245;11.546;22000;1201
2026-06-08T13:46:48.0000000Z;11.5245;11.546;22000;22000
2026-06-08T13:46:50.0000000Z;11.5245;11.5465;22000;801
2026-06-08T13:46:51.0000000Z;11.5245;11.546;22000;1201
2026-06-08T13:46:55.0000000Z;11.5245;11.5465;22000;801
2026-06-08T13:46:56.0000000Z;11.5245;11.546;22000;1201
2026-06-08T13:46:57.0000000Z;11.5245;11.5465;22000;801
2026-06-08T13:46:59.0000000Z;11.5245;11.5465;22000;22000
2026-06-08T13:47:01.0000000Z;11.5245;11.546;22000;22000
2026-06-08T13:47:02.0000000Z;11.5245;11.5465;22000;801
2026-06-08T13:47:05.0000000Z;11.5245;11.5465;22000;22000
2026-06-08T13:47:18.0000000Z;11.5245;11.546;22000;1201
2026-06-08T13:47:19.0000000Z;11.5245;11.5465;22000;801
2026-06-08T13:47:20.0000000Z;11.5245;11.5465;22000;22000
2026-06-08T13:47:35.0000000Z;11.5245;11.546;22000;1201
2026-06-08T13:47:36.0000000Z;11.5245;11.5465;22000;801
2026-06-08T13:47:37.0000000Z;11.5245;11.546;22000;1201
2026-06-08T13:47:38.0000000Z;11.5245;11.5465;22000;801
2026-06-08T13:47:40.0000000Z;11.5245;11.546;22000;1201
2026-06-08T13:47:41.0000000Z;11.5245;11.5465;22000;22000
2026-06-08T13:47:51.0000000Z;11.5245;11.5465;22000;801
2026-06-08T13:48:15.0000000Z;11.5245;11.546;22000;1201
2026-06-08T13:48:16.0000000Z;11.5245;11.546;22000;22000
2026-06-08T13:48:26.0000000Z;11.5245;11.546;22000;22000
2026-06-08T13:50:08.0000000Z;11.5245;11.546;22000;22000
2026-06-08T13:50:19.0000000Z;11.5245;11.546;22000;22000
2026-06-08T13:50:58.0000000Z;11.5245;11.546;22000;22000
2026-06-08T13:50:59.0000000Z;11.5245;11.546;22000;22000
2026-06-08T13:55:02.0000000Z;11.5245;11.546;22000;22000
2026-06-08T13:55:13.0000000Z;11.5245;11.546;22000;22000
2026-06-08T13:55:15.0000000Z;11.5245;11.546;22000;22000
2026-06-08T13:55:25.0000000Z;11.5245;11.546;22000;22000
2026-06-08T13:55:36.0000000Z;11.5245;11.546;22000;22000
2026-06-08T13:56:18.0000000Z;11.519;11.541;801;22000
2026-06-08T13:56:19.0000000Z;11.524;11.541;2170;22000
2026-06-08T13:56:28.0000000Z;11.524;11.541;2170;22000
2026-06-08T13:56:29.0000000Z;11.519;11.541;22000;22000
2026-06-08T13:56:33.0000000Z;11.519;11.541;22000;22000
2026-06-08T13:59:40.0000000Z;11.519;11.541;22000;22000
2026-06-08T13:59:57.0000000Z;11.519;11.541;22000;22000
2026-06-08T13:59:58.0000000Z;11.4675;11.552;13650;2820
2026-06-08T13:59:59.0000000Z;11.468;11.572;1506;3386
2026-06-08T14:00:00.0000000Z;11.5225;11.5445;801;1201
2026-06-08T14:00:01.0000000Z;11.5225;11.5415;22000;2167
2026-06-08T14:00:05.0000000Z;11.5225;11.5415;22000;2167
2026-06-08T14:00:08.0000000Z;11.5225;11.5415;22000;2167
2026-06-08T14:00:12.0000000Z;11.5225;11.5445;22000;22000
2026-06-08T14:00:13.0000000Z;11.5225;11.5445;22000;22000
2026-06-08T14:01:53.0000000Z;11.5225;11.5445;22000;22000
2026-06-08T14:02:36.0000000Z;11.5225;11.5445;22000;22000
2026-06-08T14:13:35.0000000Z;11.5225;11.5445;22000;22000
2026-06-08T14:15:51.0000000Z;11.5225;11.5445;22000;22000
2026-06-08T14:28:49.0000000Z;11.5165;11.5385;801;1201
2026-06-08T14:28:50.0000000Z;11.5165;11.5385;801;22000
2026-06-08T14:28:52.0000000Z;11.522;11.5385;2170;22000
2026-06-08T14:29:01.0000000Z;11.5165;11.5385;22000;22000
2026-06-08T14:29:45.0000000Z;11.5165;11.5385;22000;1201
2026-06-08T14:29:46.0000000Z;11.5165;11.5385;22000;1201
2026-06-08T14:29:47.0000000Z;11.5165;11.539;22000;801
2026-06-08T14:29:50.0000000Z;11.5165;11.539;22000;24167
2026-06-08T14:29:55.0000000Z;11.5165;11.539;22000;22000
2026-06-08T14:30:03.0000000Z;11.5165;11.5385;22000;1201
2026-06-08T14:30:04.0000000Z;11.5165;11.5385;22000;1201
2026-06-08T14:30:05.0000000Z;11.5165;11.539;22000;22000
2026-06-08T14:30:07.0000000Z;11.5165;11.5385;22000;1201
2026-06-08T14:30:08.0000000Z;11.5165;11.539;22000;801
2026-06-08T14:30:10.0000000Z;11.5165;11.539;22000;22000
2026-06-08T14:30:12.0000000Z;11.5165;11.5385;22000;1201
2026-06-08T14:30:13.0000000Z;11.5165;11.539;22000;801
2026-06-08T14:30:14.0000000Z;11.5165;11.539;22000;801
2026-06-08T14:30:15.0000000Z;11.5165;11.5385;22000;1201
2026-06-08T14:30:20.0000000Z;11.5165;11.539;22000;801
2026-06-08T14:30:22.0000000Z;11.5165;11.539;22000;22000
2026-06-08T14:30:29.0000000Z;11.5165;11.539;22000;801
2026-06-08T14:30:32.0000000Z;11.5165;11.5385;22000;22000
2026-06-08T14:30:35.0000000Z;11.5165;11.5385;22000;1201
2026-06-08T14:30:36.0000000Z;11.5165;11.5385;22000;1201
2026-06-08T14:30:38.0000000Z;11.5165;11.5385;22000;1201
2026-06-08T14:30:42.0000000Z;11.5165;11.5385;22000;1201
2026-06-08T14:38:57.0000000Z;11.5165;11.5385;22000;1201
2026-06-08T14:39:57.0000000Z;11.5165;11.5385;22000;1201
2026-06-08T14:40:18.0000000Z;11.5165;11.5385;22000;1201
2026-06-08T14:40:23.0000000Z;11.469;11.5465;1506;2820
2026-06-08T14:40:25.0000000Z;11.5155;11.5375;801;801
2026-06-08T14:40:26.0000000Z;11.5155;11.537;801;1201
2026-06-08T14:40:27.0000000Z;11.5155;11.537;801;22000
2026-06-08T14:40:30.0000000Z;11.5155;11.537;801;22000
2026-06-08T14:40:35.0000000Z;11.5155;11.537;22000;22000
2026-06-08T14:44:15.0000000Z;11.5155;11.537;22000;1201
2026-06-08T14:44:18.0000000Z;11.5155;11.5375;22000;801
2026-06-08T14:44:20.0000000Z;11.5155;11.5375;22000;24167
2026-06-08T14:44:28.0000000Z;11.5155;11.5375;22000;22000
2026-06-08T14:44:30.0000000Z;11.5155;11.537;22000;1201
2026-06-08T14:44:31.0000000Z;11.5155;11.5375;22000;22000
2026-06-08T14:44:32.0000000Z;11.5155;11.537;22000;22000
2026-06-08T14:44:34.0000000Z;11.5155;11.5375;22000;801
2026-06-08T14:44:36.0000000Z;11.5155;11.5375;22000;22000
2026-06-08T14:44:44.0000000Z;11.5155;11.537;22000;22000
2026-06-08T14:44:45.0000000Z;11.5155;11.5375;22000;22000
2026-06-08T14:44:46.0000000Z;11.5155;11.537;22000;22000
2026-06-08T14:44:48.0000000Z;11.5155;11.5375;22000;22000
2026-06-08T14:44:49.0000000Z;11.5155;11.537;22000;1201
2026-06-08T14:44:50.0000000Z;11.5155;11.537;22000;22000
2026-06-08T14:44:55.0000000Z;11.5155;11.537;22000;22000
2026-06-08T14:44:57.0000000Z;11.5155;11.5375;22000;801
2026-06-08T14:44:58.0000000Z;11.5155;11.5375;22000;801
2026-06-08T14:45:00.0000000Z;11.5155;11.5375;22000;24167
2026-06-08T14:45:05.0000000Z;11.5155;11.5375;22000;22000
2026-06-08T14:45:09.0000000Z;11.5155;11.537;22000;1201
2026-06-08T14:45:10.0000000Z;11.5155;11.537;22000;22000
2026-06-08T14:45:11.0000000Z;11.5155;11.5375;22000;801
2026-06-08T14:45:12.0000000Z;11.5155;11.5375;22000;22000
2026-06-08T14:46:45.0000000Z;11.5155;11.5375;22000;22000
2026-06-08T14:47:00.0000000Z;11.5155;11.537;22000;1201
2026-06-08T14:47:01.0000000Z;11.5155;11.537;22000;22000
2026-06-08T14:47:03.0000000Z;11.5155;11.5375;22000;801
2026-06-08T14:47:04.0000000Z;11.5155;11.537;22000;1201
2026-06-08T14:47:07.0000000Z;11.5155;11.5375;22000;801
2026-06-08T14:47:09.0000000Z;11.5155;11.5375;22000;22000
2026-06-08T14:48:28.0000000Z;11.5155;11.5375;22000;22000
2026-06-08T14:51:03.0000000Z;11.5155;11.5375;22000;801
2026-06-08T14:51:04.0000000Z;11.5155;11.537;22000;1201
2026-06-08T14:51:05.0000000Z;11.5155;11.537;22000;22000
2026-06-08T14:51:14.0000000Z;11.5155;11.537;22000;22000
2026-06-08T14:51:19.0000000Z;11.5155;11.537;22000;22000
2026-06-08T14:51:21.0000000Z;11.5155;11.537;22000;22000
2026-06-08T14:51:32.0000000Z;11.5155;11.537;22000;22000
2026-06-08T14:51:55.0000000Z;11.5155;11.537;22000;1201
2026-06-08T14:53:23.0000000Z;11.5155;11.537;22000;1201
2026-06-08T14:53:33.0000000Z;11.5155;11.537;22000;1201
2026-06-08T14:53:42.0000000Z;11.5155;11.537;22000;1201
2026-06-08T14:54:03.0000000Z;11.5155;11.537;22000;1201
2026-06-08T14:54:13.0000000Z;11.5155;11.537;22000;1201
2026-06-08T14:54:22.0000000Z;11.5155;11.537;22000;1201
2026-06-08T14:54:33.0000000Z;11.5155;11.537;22000;1201
2026-06-08T14:54:39.0000000Z;11.5155;11.537;22000;1201
2026-06-08T14:55:33.0000000Z;11.5155;11.537;22000;1201
2026-06-08T14:56:13.0000000Z;11.5155;11.537;22000;1201
2026-06-08T14:57:26.0000000Z;11.5155;11.537;22000;1201
2026-06-08T14:59:20.0000000Z;11.5155;11.537;22000;1201
2026-06-08T14:59:21.0000000Z;11.5155;11.537;22000;1201
2026-06-08T14:59:22.0000000Z;11.5155;11.537;22000;1201
2026-06-08T14:59:51.0000000Z;11.5155;11.537;22000;1201
2026-06-08T14:59:53.0000000Z;11.5155;11.5375;22000;801
2026-06-08T14:59:55.0000000Z;11.5155;11.5375;22000;801
2026-06-08T14:59:56.0000000Z;11.5155;11.5375;22000;24167
2026-06-08T14:59:57.0000000Z;11.5155;11.537;22000;22000
