2026-06-08T08:21:14.0000000Z;10.233;10.2353;2444;2443
2026-06-08T08:21:15.0000000Z;10.2331;10.2352;25000;25000
2026-06-08T08:29:27.0000000Z;10.2331;10.2352;25000;25000
2026-06-08T08:29:32.0000000Z;10.2331;10.2352;25000;25000
2026-06-08T08:31:28.0000000Z;10.2331;10.2352;25000;25000
2026-06-08T08:32:13.0000000Z;10.2331;10.2352;25000;25000
2026-06-08T08:32:27.0000000Z;10.2331;10.2352;25000;25000
2026-06-08T08:33:42.0000000Z;10.2331;10.2352;25000;969
2026-06-08T08:38:24.0000000Z;10.2331;10.2352;25000;969
2026-06-08T08:38:33.0000000Z;10.2331;10.2352;25000;969
2026-06-08T08:46:29.0000000Z;10.2331;10.2352;25000;969
2026-06-08T08:46:30.0000000Z;10.2331;10.2352;25000;969
2026-06-08T08:46:31.0000000Z;10.2331;10.2352;25000;969
2026-06-08T08:46:32.0000000Z;10.2331;10.2352;25000;969
2026-06-08T08:46:33.0000000Z;10.2331;10.2352;25000;969
2026-06-08T08:46:34.0000000Z;10.2331;10.2352;25000;969
2026-06-08T08:46:35.0000000Z;10.2331;10.2352;25000;969
2026-06-08T08:46:36.0000000Z;10.2331;10.2352;25000;969
2026-06-08T08:47:07.0000000Z;10.2331;10.2352;25000;969
2026-06-08T08:48:16.0000000Z;10.2331;10.2352;25000;969
2026-06-08T08:48:17.0000000Z;10.2331;10.2352;25000;969
2026-06-08T08:48:18.0000000Z;10.2331;10.2352;25000;969
2026-06-08T08:48:19.0000000Z;10.2331;10.2352;25000;969
2026-06-08T08:48:20.0000000Z;10.2331;10.2352;25000;969
2026-06-08T08:48:21.0000000Z;10.2331;10.2352;25000;969
2026-06-08T08:48:22.0000000Z;10.2331;10.2352;25000;969
2026-06-08T08:48:23.0000000Z;10.2331;10.2352;25000;969
2026-06-08T08:48:49.0000000Z;10.2331;10.2352;25000;969
2026-06-08T08:49:02.0000000Z;10.2331;10.2352;25000;969
2026-06-08T08:49:37.0000000Z;10.2331;10.2352;25000;969
2026-06-08T08:49:38.0000000Z;10.2331;10.2352;25000;969
2026-06-08T08:49:39.0000000Z;10.2331;10.2352;25000;969
2026-06-08T08:49:40.0000000Z;10.2331;10.2352;25000;969
2026-06-08T08:49:41.0000000Z;10.2331;10.2352;25000;969
2026-06-08T08:49:42.0000000Z;10.2331;10.2352;25000;969
2026-06-08T08:49:43.0000000Z;10.2331;10.2352;25000;969
2026-06-08T08:49:44.0000000Z;10.2331;10.2352;25000;969
2026-06-08T08:50:22.0000000Z;10.2331;10.2352;25000;969
2026-06-08T08:50:25.0000000Z;10.2331;10.2352;25000;969
2026-06-08T08:50:27.0000000Z;10.2331;10.2352;25000;969
2026-06-08T08:50:30.0000000Z;10.2331;10.2352;25000;969
2026-06-08T08:50:32.0000000Z;10.2331;10.2352;25000;969
2026-06-08T08:50:35.0000000Z;10.2331;10.2352;25000;969
2026-06-08T08:50:37.0000000Z;10.2331;10.2352;25000;969
2026-06-08T08:50:38.0000000Z;10.2331;10.2352;25000;969
2026-06-08T08:50:40.0000000Z;10.2331;10.2352;25000;969
2026-06-08T08:50:42.0000000Z;10.2331;10.2352;25000;969
2026-06-08T08:50:45.0000000Z;10.2331;10.2352;25000;969
2026-06-08T08:50:47.0000000Z;10.2331;10.2352;25000;969
2026-06-08T08:50:50.0000000Z;10.2331;10.2352;25000;969
2026-06-08T08:50:52.0000000Z;10.2331;10.2352;25000;969
2026-06-08T08:50:55.0000000Z;10.2331;10.2352;25000;969
2026-06-08T08:50:57.0000000Z;10.2331;10.2352;25000;969
2026-06-08T08:51:00.0000000Z;10.2331;10.2352;25000;969
2026-06-08T08:51:01.0000000Z;10.2331;10.2352;25000;969
2026-06-08T08:51:02.0000000Z;10.2331;10.2352;25000;969
2026-06-08T08:51:05.0000000Z;10.2331;10.2352;25000;969
2026-06-08T08:51:07.0000000Z;10.2331;10.2352;25000;969
2026-06-08T08:51:10.0000000Z;10.2331;10.2352;25000;969
2026-06-08T08:51:12.0000000Z;10.2331;10.2352;25000;969
2026-06-08T08:51:15.0000000Z;10.2331;10.2352;25000;969
2026-06-08T08:51:17.0000000Z;10.2331;10.2352;25000;969
2026-06-08T08:51:20.0000000Z;10.2331;10.2352;25000;969
2026-06-08T08:51:22.0000000Z;10.2331;10.2352;25000;969
2026-06-08T08:51:24.0000000Z;10.2331;10.2352;25000;969
2026-06-08T08:51:25.0000000Z;10.2331;10.2352;25000;969
2026-06-08T08:51:26.0000000Z;10.2331;10.2352;25000;969
2026-06-08T08:51:27.0000000Z;10.2331;10.2352;25000;969
2026-06-08T08:51:28.0000000Z;10.2331;10.2352;25000;969
2026-06-08T08:51:29.0000000Z;10.2331;10.2352;25000;969
2026-06-08T08:51:30.0000000Z;10.2331;10.2352;25000;969
2026-06-08T08:51:31.0000000Z;10.2331;10.2352;25000;969
2026-06-08T08:51:32.0000000Z;10.2331;10.2352;25000;969
2026-06-08T08:51:35.0000000Z;10.2331;10.2352;25000;969
2026-06-08T08:51:37.0000000Z;10.2331;10.2352;25000;969
2026-06-08T08:51:40.0000000Z;10.2331;10.2352;25000;969
2026-06-08T08:51:42.0000000Z;10.2331;10.2352;25000;969
2026-06-08T08:51:45.0000000Z;10.2331;10.2352;25000;969
2026-06-08T08:51:47.0000000Z;10.2331;10.2352;25000;969
2026-06-08T08:51:50.0000000Z;10.2331;10.2352;25000;969
2026-06-08T08:51:52.0000000Z;10.2331;10.2352;25000;969
2026-06-08T08:51:55.0000000Z;10.2331;10.2352;25000;969
2026-06-08T08:51:57.0000000Z;10.2331;10.2352;25000;969
2026-06-08T08:52:00.0000000Z;10.2331;10.2352;25000;969
2026-06-08T08:52:02.0000000Z;10.2331;10.2352;25000;969
2026-06-08T08:52:05.0000000Z;10.2331;10.2352;25000;969
2026-06-08T08:52:07.0000000Z;10.2331;10.2352;25000;969
2026-06-08T08:52:10.0000000Z;10.2331;10.2352;25000;969
2026-06-08T08:52:12.0000000Z;10.2331;10.2352;25000;969
2026-06-08T08:52:14.0000000Z;10.2331;10.2352;25000;969
2026-06-08T08:52:21.0000000Z;10.2331;10.2352;25000;969
2026-06-08T08:52:30.0000000Z;10.2331;10.2352;25000;969
2026-06-08T08:52:35.0000000Z;10.2331;10.2352;25000;969
2026-06-08T08:53:11.0000000Z;10.2331;10.2352;25000;969
2026-06-08T08:53:12.0000000Z;10.2331;10.2352;25000;969
2026-06-08T08:53:13.0000000Z;10.2331;10.2352;25000;969
2026-06-08T08:53:14.0000000Z;10.2331;10.2352;25000;969
2026-06-08T08:53:15.0000000Z;10.2331;10.2352;25000;969
2026-06-08T08:53:16.0000000Z;10.2331;10.2352;25000;969
2026-06-08T08:53:17.0000000Z;10.2331;10.2352;25000;969
2026-06-08T08:53:18.0000000Z;10.2331;10.2352;25000;969
2026-06-08T08:53:45.0000000Z;10.2331;10.2352;25000;969
2026-06-08T08:54:58.0000000Z;10.2331;10.2352;25000;969
2026-06-08T08:54:59.0000000Z;10.2331;10.2352;25000;969
2026-06-08T08:54:59.0000000Z;10.2331;10.2352;25000;969
2026-06-08T08:55:00.0000000Z;10.2331;10.2352;25000;969
2026-06-08T08:55:01.0000000Z;10.2331;10.2352;25000;969
2026-06-08T08:55:02.0000000Z;10.2331;10.2352;25000;969
2026-06-08T08:55:03.0000000Z;10.2331;10.2352;25000;969
2026-06-08T08:55:04.0000000Z;10.2331;10.2352;25000;969
2026-06-08T08:56:07.0000000Z;10.2331;10.2352;25000;969
2026-06-08T08:56:44.0000000Z;10.2331;10.2352;25000;969
2026-06-08T08:56:45.0000000Z;10.2331;10.2352;25000;969
2026-06-08T08:56:46.0000000Z;10.2331;10.2352;25000;969
2026-06-08T08:56:47.0000000Z;10.2331;10.2352;25000;969
2026-06-08T08:56:48.0000000Z;10.2331;10.2352;25000;969
2026-06-08T08:56:49.0000000Z;10.2331;10.2352;25000;969
2026-06-08T08:56:50.0000000Z;10.2331;10.2352;25000;969
2026-06-08T08:56:51.0000000Z;10.2331;10.2352;25000;969
2026-06-08T08:57:29.0000000Z;10.2331;10.2352;25000;969
2026-06-08T08:58:12.0000000Z;10.2331;10.2352;25000;969
2026-06-08T08:58:13.0000000Z;10.2331;10.2352;25000;969
2026-06-08T08:58:23.0000000Z;10.2332;10.2352;25000;969
2026-06-08T08:58:30.0000000Z;10.2332;10.2352;25000;969
2026-06-08T08:58:31.0000000Z;10.2332;10.2352;25000;969
2026-06-08T08:58:32.0000000Z;10.2332;10.2352;25000;969
2026-06-08T08:58:33.0000000Z;10.2332;10.2352;25000;969
2026-06-08T08:58:34.0000000Z;10.2332;10.2352;25000;969
2026-06-08T08:58:35.0000000Z;10.2332;10.2352;25000;969
2026-06-08T08:58:36.0000000Z;10.2332;10.2352;25000;969
2026-06-08T08:58:37.0000000Z;10.2332;10.2352;25000;969
2026-06-08T08:58:43.0000000Z;10.2332;10.2352;25000;969
2026-06-08T08:59:00.0000000Z;10.2332;10.2352;25000;969
2026-06-08T08:59:10.0000000Z;10.2332;10.2352;25000;969
2026-06-08T09:00:17.0000000Z;10.2332;10.2352;25000;969
2026-06-08T09:00:18.0000000Z;10.2332;10.2352;25000;969
2026-06-08T09:00:19.0000000Z;10.2332;10.2352;25000;969
2026-06-08T09:00:20.0000000Z;10.2332;10.2352;25000;969
2026-06-08T09:00:21.0000000Z;10.2332;10.2352;25000;969
2026-06-08T09:00:22.0000000Z;10.2332;10.2352;25000;969
2026-06-08T09:00:23.0000000Z;10.2332;10.2352;25000;969
2026-06-08T09:00:24.0000000Z;10.2332;10.2352;25000;969
2026-06-08T09:02:04.0000000Z;10.2332;10.2352;25000;969
2026-06-08T09:02:05.0000000Z;10.2332;10.2352;25000;969
2026-06-08T09:02:06.0000000Z;10.2332;10.2352;25000;969
2026-06-08T09:02:07.0000000Z;10.2332;10.2352;25000;969
2026-06-08T09:02:08.0000000Z;10.2332;10.2352;25000;969
2026-06-08T09:02:09.0000000Z;10.2332;10.2352;25000;969
2026-06-08T09:02:10.0000000Z;10.2332;10.2352;25000;969
2026-06-08T09:03:50.0000000Z;10.2332;10.2352;25000;969
2026-06-08T09:03:51.0000000Z;10.2332;10.2352;25000;969
2026-06-08T09:03:52.0000000Z;10.2332;10.2352;25000;969
2026-06-08T09:03:53.0000000Z;10.2332;10.2352;25000;969
2026-06-08T09:03:54.0000000Z;10.2332;10.2352;25000;969
2026-06-08T09:03:55.0000000Z;10.2332;10.2352;25000;969
2026-06-08T09:03:56.0000000Z;10.2332;10.2352;25000;969
2026-06-08T09:03:57.0000000Z;10.2332;10.2352;25000;969
2026-06-08T09:04:31.0000000Z;10.2331;10.2352;1955;969
2026-06-08T09:04:33.0000000Z;10.2331;10.2352;25205;969
2026-06-08T09:04:37.0000000Z;10.2332;10.2352;205;969
2026-06-08T09:04:44.0000000Z;10.2332;10.2352;205;969
2026-06-08T09:05:59.0000000Z;10.2332;10.2352;205;969
2026-06-08T09:06:41.0000000Z;10.2331;10.2352;1955;969
2026-06-08T09:06:43.0000000Z;10.2331;10.2352;25205;969
2026-06-08T09:06:49.0000000Z;10.2331;10.2352;25000;969
2026-06-08T09:09:03.0000000Z;10.2331;10.2352;25000;969
2026-06-08T09:09:04.0000000Z;10.2331;10.2352;25000;969
2026-06-08T09:09:05.0000000Z;10.2332;10.2352;205;969
2026-06-08T09:09:06.0000000Z;10.2332;10.2352;205;969
2026-06-08T09:09:07.0000000Z;10.2332;10.2352;205;969
2026-06-08T09:09:08.0000000Z;10.2332;10.2352;205;969
2026-06-08T09:09:09.0000000Z;10.2332;10.2352;205;969
2026-06-08T09:09:14.0000000Z;10.2332;10.2352;205;969
2026-06-08T09:09:34.0000000Z;10.2332;10.2352;205;969
2026-06-08T09:10:40.0000000Z;10.2332;10.2352;205;969
2026-06-08T09:10:49.0000000Z;10.2332;10.2352;205;969
2026-06-08T09:10:50.0000000Z;10.2332;10.2352;205;969
2026-06-08T09:10:51.0000000Z;10.2332;10.2352;205;969
2026-06-08T09:10:52.0000000Z;10.2332;10.2352;205;969
2026-06-08T09:10:53.0000000Z;10.2332;10.2352;205;969
2026-06-08T09:10:54.0000000Z;10.2332;10.2352;205;969
2026-06-08T09:10:55.0000000Z;10.2332;10.2352;205;969
2026-06-08T09:10:56.0000000Z;10.2332;10.2352;205;969
2026-06-08T09:11:44.0000000Z;10.2332;10.2352;205;969
2026-06-08T09:12:36.0000000Z;10.2332;10.2352;205;969
2026-06-08T09:12:37.0000000Z;10.2332;10.2352;205;969
2026-06-08T09:12:38.0000000Z;10.2332;10.2352;205;969
2026-06-08T09:12:39.0000000Z;10.2332;10.2352;205;969
2026-06-08T09:12:40.0000000Z;10.2332;10.2352;205;969
2026-06-08T09:12:41.0000000Z;10.2332;10.2352;205;969
2026-06-08T09:12:42.0000000Z;10.2332;10.2352;205;969
2026-06-08T09:12:43.0000000Z;10.2332;10.2352;205;969
2026-06-08T09:14:23.0000000Z;10.2332;10.2352;205;969
2026-06-08T09:14:24.0000000Z;10.2332;10.2352;205;969
2026-06-08T09:14:25.0000000Z;10.2332;10.2352;205;969
2026-06-08T09:14:26.0000000Z;10.2332;10.2352;205;969
2026-06-08T09:14:27.0000000Z;10.2332;10.2352;205;969
2026-06-08T09:14:28.0000000Z;10.2332;10.2352;205;969
2026-06-08T09:14:29.0000000Z;10.2332;10.2352;205;969
2026-06-08T09:16:09.0000000Z;10.2332;10.2352;205;969
2026-06-08T09:16:10.0000000Z;10.2332;10.2352;205;969
2026-06-08T09:16:11.0000000Z;10.2332;10.2352;205;969
2026-06-08T09:16:12.0000000Z;10.2332;10.2352;205;969
2026-06-08T09:16:13.0000000Z;10.2332;10.2352;205;969
2026-06-08T09:16:14.0000000Z;10.2332;10.2352;205;969
2026-06-08T09:16:15.0000000Z;10.2332;10.2352;205;969
2026-06-08T09:17:55.0000000Z;10.2332;10.2352;205;969
2026-06-08T09:17:56.0000000Z;10.2332;10.2352;205;969
2026-06-08T09:17:57.0000000Z;10.2332;10.2352;205;969
2026-06-08T09:17:58.0000000Z;10.2332;10.2352;205;969
2026-06-08T09:17:59.0000000Z;10.2332;10.2352;205;969
2026-06-08T09:17:59.0000000Z;10.2332;10.2352;205;969
2026-06-08T09:18:00.0000000Z;10.2332;10.2352;205;969
2026-06-08T09:18:01.0000000Z;10.2332;10.2352;205;969
2026-06-08T09:19:41.0000000Z;10.2332;10.2352;205;969
2026-06-08T09:19:42.0000000Z;10.2332;10.2352;205;969
2026-06-08T09:19:43.0000000Z;10.2332;10.2352;205;969
2026-06-08T09:19:44.0000000Z;10.2332;10.2352;205;969
2026-06-08T09:19:45.0000000Z;10.2332;10.2352;205;969
2026-06-08T09:19:46.0000000Z;10.2332;10.2352;205;969
2026-06-08T09:19:47.0000000Z;10.2332;10.2352;205;969
2026-06-08T09:20:18.0000000Z;10.2332;10.2352;205;969
2026-06-08T09:20:28.0000000Z;10.2332;10.2352;205;969
2026-06-08T09:20:45.0000000Z;10.2332;10.2352;205;969
2026-06-08T09:21:27.0000000Z;10.2332;10.2352;205;969
2026-06-08T09:21:28.0000000Z;10.2332;10.2352;205;969
2026-06-08T09:21:29.0000000Z;10.2332;10.2352;205;969
2026-06-08T09:21:30.0000000Z;10.2332;10.2352;205;969
2026-06-08T09:21:31.0000000Z;10.2332;10.2352;205;969
2026-06-08T09:21:32.0000000Z;10.2332;10.2352;205;969
2026-06-08T09:21:33.0000000Z;10.2332;10.2352;205;969
2026-06-08T09:23:13.0000000Z;10.2332;10.2352;205;969
2026-06-08T09:23:14.0000000Z;10.2332;10.2352;205;969
2026-06-08T09:23:15.0000000Z;10.2332;10.2352;205;969
2026-06-08T09:23:16.0000000Z;10.2332;10.2352;205;969
2026-06-08T09:23:17.0000000Z;10.2332;10.2352;205;969
2026-06-08T09:23:18.0000000Z;10.2332;10.2352;205;969
2026-06-08T09:23:19.0000000Z;10.2332;10.2352;205;969
2026-06-08T09:23:53.0000000Z;10.2331;10.2353;205;969
2026-06-08T09:24:46.0000000Z;10.2331;10.2353;205;969
2026-06-08T09:24:59.0000000Z;10.2331;10.2353;205;969
2026-06-08T09:24:59.0000000Z;10.2331;10.2353;205;969
2026-06-08T09:25:00.0000000Z;10.2331;10.2353;205;969
2026-06-08T09:25:01.0000000Z;10.2331;10.2353;205;969
2026-06-08T09:25:02.0000000Z;10.2331;10.2353;205;969
2026-06-08T09:25:03.0000000Z;10.2331;10.2353;205;969
2026-06-08T09:25:04.0000000Z;10.2331;10.2353;205;969
2026-06-08T09:25:05.0000000Z;10.2331;10.2353;205;969
2026-06-08T09:26:45.0000000Z;10.2331;10.2353;205;969
2026-06-08T09:26:46.0000000Z;10.2331;10.2353;205;969
2026-06-08T09:26:47.0000000Z;10.2331;10.2353;205;969
2026-06-08T09:26:48.0000000Z;10.2331;10.2353;205;969
2026-06-08T09:26:49.0000000Z;10.2331;10.2353;205;969
2026-06-08T09:26:50.0000000Z;10.2331;10.2353;205;969
2026-06-08T09:26:51.0000000Z;10.2331;10.2353;205;969
2026-06-08T09:28:31.0000000Z;10.2331;10.2353;205;969
2026-06-08T09:28:32.0000000Z;10.2331;10.2353;205;969
2026-06-08T09:28:33.0000000Z;10.2331;10.2353;205;969
2026-06-08T09:28:34.0000000Z;10.2331;10.2353;205;969
2026-06-08T09:28:35.0000000Z;10.2331;10.2353;205;969
2026-06-08T09:28:36.0000000Z;10.2331;10.2353;205;969
2026-06-08T09:28:37.0000000Z;10.2331;10.2353;205;969
2026-06-08T09:30:17.0000000Z;10.2331;10.2353;205;969
2026-06-08T09:30:18.0000000Z;10.2331;10.2353;205;969
2026-06-08T09:30:19.0000000Z;10.2331;10.2353;205;969
2026-06-08T09:30:20.0000000Z;10.2331;10.2353;205;969
2026-06-08T09:30:21.0000000Z;10.2331;10.2353;205;969
2026-06-08T09:30:22.0000000Z;10.2331;10.2353;205;969
2026-06-08T09:30:23.0000000Z;10.2331;10.2353;205;969
2026-06-08T09:32:03.0000000Z;10.2331;10.2353;205;969
2026-06-08T09:32:04.0000000Z;10.2331;10.2353;205;969
2026-06-08T09:32:05.0000000Z;10.2331;10.2353;205;969
2026-06-08T09:32:06.0000000Z;10.2331;10.2353;205;969
2026-06-08T09:32:07.0000000Z;10.2331;10.2353;205;969
2026-06-08T09:32:08.0000000Z;10.2331;10.2353;205;969
2026-06-08T09:32:09.0000000Z;10.2331;10.2353;205;969
2026-06-08T09:33:49.0000000Z;10.2331;10.2353;205;969
2026-06-08T09:33:50.0000000Z;10.2331;10.2353;205;969
2026-06-08T09:33:51.0000000Z;10.2331;10.2353;205;969
2026-06-08T09:33:52.0000000Z;10.2331;10.2353;205;969
2026-06-08T09:33:53.0000000Z;10.2331;10.2353;205;969
2026-06-08T09:33:54.0000000Z;10.2331;10.2353;205;969
2026-06-08T09:33:55.0000000Z;10.2331;10.2353;205;969
2026-06-08T09:35:35.0000000Z;10.2331;10.2353;205;969
2026-06-08T09:35:36.0000000Z;10.2331;10.2353;205;969
2026-06-08T09:35:37.0000000Z;10.2331;10.2353;205;969
2026-06-08T09:35:38.0000000Z;10.2331;10.2353;205;969
2026-06-08T09:35:39.0000000Z;10.2331;10.2353;205;969
2026-06-08T09:35:40.0000000Z;10.2331;10.2353;205;969
2026-06-08T09:35:41.0000000Z;10.2331;10.2353;205;969
2026-06-08T09:36:40.0000000Z;10.2331;10.2353;205;969
2026-06-08T09:37:15.0000000Z;10.2331;10.2353;1955;969
2026-06-08T09:37:18.0000000Z;10.2331;10.2352;25205;25000
2026-06-08T09:37:21.0000000Z;10.2331;10.2352;25205;25000
2026-06-08T09:37:32.0000000Z;10.2331;10.2352;25000;25000
2026-06-08T09:38:08.0000000Z;10.2331;10.2352;25000;25000
2026-06-08T09:40:42.0000000Z;10.2331;10.2352;25000;25000
2026-06-08T09:45:36.0000000Z;10.2331;10.2352;25000;25000
2026-06-08T09:45:38.0000000Z;10.2331;10.2352;25000;25000
2026-06-08T09:45:47.0000000Z;10.2331;10.2352;25000;25000
2026-06-08T09:46:48.0000000Z;10.2331;10.2352;25000;25000
2026-06-08T09:47:25.0000000Z;10.2331;10.2352;25000;25000
2026-06-08T09:52:11.0000000Z;10.2331;10.2352;25000;25000
2026-06-08T09:53:33.0000000Z;10.2331;10.2352;25000;25000
2026-06-08T09:56:42.0000000Z;10.2331;10.2352;25000;25000
2026-06-08T09:59:50.0000000Z;10.2331;10.2352;25000;25000
2026-06-08T10:00:02.0000000Z;10.2331;10.2352;25000;25000
2026-06-08T10:00:03.0000000Z;10.2331;10.2352;25000;25000
2026-06-08T10:00:10.0000000Z;10.2331;10.2352;25000;25000
2026-06-08T10:01:59.0000000Z;10.2331;10.2352;25000;25000
2026-06-08T10:02:14.0000000Z;10.2331;10.2352;25000;25000
2026-06-08T10:02:30.0000000Z;10.2331;10.2352;25000;25000
2026-06-08T10:04:20.0000000Z;10.2331;10.2352;25000;25000
2026-06-08T10:08:38.0000000Z;10.2331;10.2352;25000;25000
2026-06-08T10:10:25.0000000Z;10.2331;10.2352;25000;25000
2026-06-08T10:13:56.0000000Z;10.2331;10.2352;25000;25000
2026-06-08T10:15:13.0000000Z;10.2331;10.2352;25000;25000
2026-06-08T10:22:49.0000000Z;10.2331;10.2352;25000;25000
2026-06-08T10:24:23.0000000Z;10.2331;10.2352;25000;25000
2026-06-08T10:25:06.0000000Z;10.2331;10.2352;25000;25000
2026-06-08T10:26:07.0000000Z;10.2331;10.2352;25000;25000
2026-06-08T10:33:44.0000000Z;10.2331;10.2352;25000;25000
2026-06-08T10:34:18.0000000Z;10.2331;10.2352;25000;25000
2026-06-08T10:34:19.0000000Z;10.2331;10.2352;25000;25000
2026-06-08T10:34:28.0000000Z;10.2112;10.2391;4500;5172
2026-06-08T10:34:29.0000000Z;10.23;10.2381;14;5172
2026-06-08T10:34:30.0000000Z;10.23;10.2377;14;5172
2026-06-08T10:34:31.0000000Z;10.233;10.2353;2444;2443
2026-06-08T10:34:33.0000000Z;10.233;10.2371;2444;5172
2026-06-08T10:34:34.0000000Z;10.233;10.2363;2444;5172
2026-06-08T10:34:36.0000000Z;10.233;10.2363;2444;5172
2026-06-08T10:34:37.0000000Z;10.233;10.2363;2444;5172
2026-06-08T10:34:40.0000000Z;10.233;10.2362;2444;7758
2026-06-08T10:34:41.0000000Z;10.233;10.2341;2444;5172
2026-06-08T10:34:42.0000000Z;10.233;10.2341;2444;25000
2026-06-08T10:34:43.0000000Z;10.233;10.2341;2444;25000
2026-06-08T10:34:44.0000000Z;10.23;10.2341;25000;25000
2026-06-08T10:34:46.0000000Z;10.23;10.2341;25000;25000
2026-06-08T10:34:47.0000000Z;10.23;10.2385;25000;7758
2026-06-08T10:34:48.0000000Z;10.23;10.237;25000;5172
2026-06-08T10:34:51.0000000Z;10.23;10.2342;25000;5172
2026-06-08T10:34:52.0000000Z;10.23;10.2342;25000;5172
2026-06-08T10:35:00.0000000Z;10.23;10.2437;25000;7758
2026-06-08T10:35:01.0000000Z;10.23;10.2412;25000;5172
2026-06-08T10:35:02.0000000Z;10.23;10.237;25000;25000
2026-06-08T10:35:05.0000000Z;10.23;10.239;25000;25000
2026-06-08T10:35:06.0000000Z;10.23;10.2386;25000;6868
2026-06-08T10:35:08.0000000Z;10.23;10.2386;25000;25000
2026-06-08T10:35:10.0000000Z;10.23;10.2386;25000;25000
2026-06-08T10:35:11.0000000Z;10.23;10.2386;25000;25000
2026-06-08T10:35:12.0000000Z;10.23;10.2373;25000;5172
2026-06-08T10:35:14.0000000Z;10.23;10.2373;25000;25000
2026-06-08T10:35:20.0000000Z;10.23;10.2373;25000;25000
2026-06-08T10:35:42.0000000Z;10.23;10.2372;25000;7758
2026-06-08T10:35:43.0000000Z;10.23;10.2359;25000;25000
2026-06-08T10:35:45.0000000Z;10.23;10.236;25000;7758
2026-06-08T10:35:46.0000000Z;10.23;10.2345;25000;5172
2026-06-08T10:35:47.0000000Z;10.23;10.2345;25000;25000
2026-06-08T10:35:54.0000000Z;10.23;10.2341;25000;25000
2026-06-08T10:35:55.0000000Z;10.23;10.2341;25000;25000
2026-06-08T10:35:59.0000000Z;10.23;10.2399;25000;5172
2026-06-08T10:36:00.0000000Z;10.23;10.2391;25000;6868
2026-06-08T10:36:01.0000000Z;10.23;10.239;25000;1696
2026-06-08T10:36:02.0000000Z;10.23;10.2379;25000;5172
2026-06-08T10:36:04.0000000Z;10.23;10.2365;25000;5172
2026-06-08T10:36:05.0000000Z;10.23;10.2365;25000;5172
2026-06-08T10:36:06.0000000Z;10.23;10.2365;25000;5172
2026-06-08T10:36:07.0000000Z;10.23;10.2351;25000;5172
2026-06-08T10:36:09.0000000Z;10.23;10.2344;25000;7758
2026-06-08T10:36:10.0000000Z;10.23;10.2341;25000;5172
2026-06-08T10:36:11.0000000Z;10.23;10.2341;25000;25000
2026-06-08T10:36:15.0000000Z;10.23;10.2341;25000;25000
2026-06-08T10:36:16.0000000Z;10.23;10.2385;25000;5172
2026-06-08T10:36:17.0000000Z;10.23;10.2345;25000;7758
2026-06-08T10:36:21.0000000Z;10.23;10.2373;25000;5172
2026-06-08T10:36:22.0000000Z;10.23;10.2373;25000;25000
2026-06-08T10:37:05.0000000Z;10.23;10.2359;25000;5172
2026-06-08T10:37:07.0000000Z;10.23;10.2359;25000;25000
2026-06-08T10:37:08.0000000Z;10.23;10.2346;25000;7758
2026-06-08T10:37:09.0000000Z;10.23;10.2341;25000;25000
2026-06-08T10:37:12.0000000Z;10.23;10.2341;25000;25000
2026-06-08T10:37:14.0000000Z;10.23;10.2399;25000;5172
2026-06-08T10:37:15.0000000Z;10.23;10.2374;25000;5172
2026-06-08T10:37:17.0000000Z;10.23;10.2385;25000;5172
2026-06-08T10:37:18.0000000Z;10.23;10.2371;25000;5172
2026-06-08T10:37:19.0000000Z;10.23;10.2371;25000;25000
2026-06-08T10:37:20.0000000Z;10.23;10.2357;25000;25000
2026-06-08T10:37:22.0000000Z;10.23;10.2343;25000;25000
2026-06-08T10:37:23.0000000Z;10.23;10.2343;25000;25000
2026-06-08T10:37:24.0000000Z;10.23;10.2341;25000;5172
2026-06-08T10:37:25.0000000Z;10.23;10.2341;25000;25000
2026-06-08T10:37:26.0000000Z;10.23;10.2341;25000;5172
2026-06-08T10:37:27.0000000Z;10.23;10.2341;25000;5172
2026-06-08T10:37:29.0000000Z;10.23;10.2341;25000;5172
2026-06-08T10:37:30.0000000Z;10.23;10.2397;25000;5172
2026-06-08T10:37:31.0000000Z;10.23;10.2342;25000;5172
2026-06-08T10:37:35.0000000Z;10.2331;10.2352;25000;1955
2026-06-08T10:37:39.0000000Z;10.2332;10.2352;205;1955
2026-06-08T10:37:40.0000000Z;10.2332;10.2352;205;25000
2026-06-08T10:37:45.0000000Z;10.2332;10.2352;205;25000
2026-06-08T10:37:47.0000000Z;10.2332;10.2352;205;25000
2026-06-08T10:38:17.0000000Z;10.2332;10.2352;205;25000
2026-06-08T10:38:25.0000000Z;10.2332;10.2352;205;25000
2026-06-08T10:38:26.0000000Z;10.2332;10.2352;205;25000
2026-06-08T10:38:27.0000000Z;10.2332;10.2352;205;25000
2026-06-08T10:38:28.0000000Z;10.2332;10.2352;205;25000
2026-06-08T10:38:29.0000000Z;10.2331;10.2352;1955;25000
2026-06-08T10:38:32.0000000Z;10.2331;10.2352;25205;25000
2026-06-08T10:38:37.0000000Z;10.2331;10.2352;25000;25000
2026-06-08T10:40:09.0000000Z;10.2332;10.2352;205;25000
2026-06-08T10:40:10.0000000Z;10.2332;10.2352;25000;25000
2026-06-08T10:40:11.0000000Z;10.2332;10.2352;25000;25000
2026-06-08T10:40:12.0000000Z;10.2332;10.2352;25000;25000
2026-06-08T10:40:13.0000000Z;10.2332;10.2352;25000;25000
2026-06-08T10:40:14.0000000Z;10.2332;10.2352;25000;25000
2026-06-08T10:40:15.0000000Z;10.2331;10.2352;1955;25000
2026-06-08T10:40:18.0000000Z;10.2331;10.2352;25000;25000
2026-06-08T10:41:35.0000000Z;10.2332;10.2352;205;25000
2026-06-08T10:41:41.0000000Z;10.2332;10.2352;205;25000
2026-06-08T10:41:55.0000000Z;10.2332;10.2352;205;25000
2026-06-08T10:41:56.0000000Z;10.2332;10.2352;205;25000
2026-06-08T10:41:57.0000000Z;10.2332;10.2352;205;25000
2026-06-08T10:41:58.0000000Z;10.2332;10.2352;205;25000
2026-06-08T10:41:59.0000000Z;10.2332;10.2352;205;25000
2026-06-08T10:41:59.0000000Z;10.2332;10.2352;205;25000
2026-06-08T10:42:00.0000000Z;10.2332;10.2352;205;25000
2026-06-08T10:42:01.0000000Z;10.2331;10.2352;1955;25000
2026-06-08T10:42:02.0000000Z;10.2331;10.2352;25205;25000
2026-06-08T10:42:06.0000000Z;10.2331;10.2352;25000;25000
2026-06-08T10:42:34.0000000Z;10.2332;10.2352;25000;25000
2026-06-08T10:42:35.0000000Z;10.2332;10.2352;25000;25000
2026-06-08T10:42:40.0000000Z;10.2332;10.2352;25000;25000
2026-06-08T10:42:52.0000000Z;10.2332;10.2352;25000;25000
2026-06-08T10:42:54.0000000Z;10.2332;10.2352;25000;25000
2026-06-08T10:42:57.0000000Z;10.2332;10.2352;25000;25000
2026-06-08T10:42:59.0000000Z;10.2332;10.2352;25000;25000
2026-06-08T10:42:59.0000000Z;10.2332;10.2352;25000;25000
2026-06-08T10:43:02.0000000Z;10.2332;10.2352;25000;25000
2026-06-08T10:43:04.0000000Z;10.2332;10.2352;25000;25000
2026-06-08T10:43:07.0000000Z;10.2332;10.2352;25000;25000
2026-06-08T10:43:09.0000000Z;10.2332;10.2352;25000;25000
2026-06-08T10:43:12.0000000Z;10.2332;10.2352;25000;25000
2026-06-08T10:43:14.0000000Z;10.2332;10.2352;25000;25000
2026-06-08T10:43:17.0000000Z;10.2331;10.2352;1955;25000
2026-06-08T10:43:18.0000000Z;10.2331;10.2352;25205;25000
2026-06-08T10:43:19.0000000Z;10.2331;10.2352;25205;25000
2026-06-08T10:43:22.0000000Z;10.2331;10.2352;25000;25000
2026-06-08T10:43:24.0000000Z;10.2331;10.2352;25000;25000
2026-06-08T10:43:27.0000000Z;10.2331;10.2352;25000;25000
2026-06-08T10:43:29.0000000Z;10.2331;10.2352;25000;25000
2026-06-08T10:43:32.0000000Z;10.2331;10.2352;25000;25000
2026-06-08T10:43:34.0000000Z;10.2331;10.2352;25000;25000
2026-06-08T10:43:37.0000000Z;10.2331;10.2352;25000;25000
2026-06-08T10:43:39.0000000Z;10.2331;10.2352;25000;25000
2026-06-08T10:43:41.0000000Z;10.2331;10.2352;25000;25000
2026-06-08T10:43:42.0000000Z;10.2331;10.2352;25000;25000
2026-06-08T10:43:43.0000000Z;10.2331;10.2352;25000;25000
2026-06-08T10:43:44.0000000Z;10.2331;10.2352;25000;25000
2026-06-08T10:43:45.0000000Z;10.2331;10.2352;25000;25000
2026-06-08T10:43:46.0000000Z;10.2331;10.2352;25000;25000
2026-06-08T10:43:47.0000000Z;10.2331;10.2352;25000;25000
2026-06-08T10:43:48.0000000Z;10.2331;10.2352;25000;25000
2026-06-08T10:43:49.0000000Z;10.2331;10.2352;25000;25000
2026-06-08T10:43:50.0000000Z;10.2331;10.2352;25000;25000
2026-06-08T10:43:52.0000000Z;10.2331;10.2352;25000;25000
2026-06-08T10:43:54.0000000Z;10.2331;10.2352;25000;25000
2026-06-08T10:43:57.0000000Z;10.2331;10.2352;25000;25000
2026-06-08T10:43:59.0000000Z;10.2331;10.2352;25000;25000
2026-06-08T10:43:59.0000000Z;10.2331;10.2352;25000;25000
2026-06-08T10:44:02.0000000Z;10.2331;10.2352;25000;25000
2026-06-08T10:44:04.0000000Z;10.2331;10.2352;25000;25000
2026-06-08T10:44:07.0000000Z;10.2331;10.2352;25000;25000
2026-06-08T10:44:09.0000000Z;10.2331;10.2352;25000;25000
2026-06-08T10:44:12.0000000Z;10.2331;10.2352;25000;25000
2026-06-08T10:44:14.0000000Z;10.2331;10.2352;25000;25000
2026-06-08T10:44:17.0000000Z;10.2331;10.2352;25000;25000
2026-06-08T10:44:19.0000000Z;10.2331;10.2352;25000;25000
2026-06-08T10:44:22.0000000Z;10.2331;10.2352;25000;25000
2026-06-08T10:44:24.0000000Z;10.2331;10.2352;25000;25000
2026-06-08T10:44:27.0000000Z;10.2331;10.2352;25000;25000
2026-06-08T10:44:29.0000000Z;10.2331;10.2352;25000;25000
2026-06-08T10:44:32.0000000Z;10.2331;10.2352;25000;25000
2026-06-08T10:44:34.0000000Z;10.2331;10.2352;25000;25000
2026-06-08T10:44:37.0000000Z;10.2331;10.2352;25000;25000
2026-06-08T10:44:39.0000000Z;10.2331;10.2352;25000;25000
2026-06-08T10:44:46.0000000Z;10.2331;10.2352;25000;25000
2026-06-08T10:44:48.0000000Z;10.2331;10.2352;25000;25000
2026-06-08T10:45:05.0000000Z;10.2331;10.2352;25000;25000
2026-06-08T10:45:15.0000000Z;10.2331;10.2352;25000;25000
2026-06-08T10:45:28.0000000Z;10.2331;10.2352;25000;25000
2026-06-08T10:45:29.0000000Z;10.2331;10.2352;25000;25000
2026-06-08T10:45:30.0000000Z;10.2331;10.2352;25000;25000
2026-06-08T10:45:31.0000000Z;10.2331;10.2352;25000;25000
2026-06-08T10:45:32.0000000Z;10.2331;10.2352;25000;25000
2026-06-08T10:45:33.0000000Z;10.2331;10.2352;25000;25000
2026-06-08T10:45:34.0000000Z;10.2331;10.2352;25000;25000
2026-06-08T10:46:07.0000000Z;10.2331;10.2352;25000;25000
2026-06-08T10:47:14.0000000Z;10.2331;10.2352;25000;25000
2026-06-08T10:47:15.0000000Z;10.2331;10.2352;25000;25000
2026-06-08T10:47:16.0000000Z;10.2331;10.2352;25000;25000
2026-06-08T10:47:17.0000000Z;10.2331;10.2352;25000;25000
2026-06-08T10:47:18.0000000Z;10.2331;10.2352;25000;25000
2026-06-08T10:47:19.0000000Z;10.2331;10.2352;25000;25000
2026-06-08T10:47:20.0000000Z;10.2331;10.2352;25000;25000
2026-06-08T10:47:21.0000000Z;10.2331;10.2352;25000;25000
2026-06-08T10:47:22.0000000Z;10.2331;10.2352;25000;25000
2026-06-08T10:48:42.0000000Z;10.2331;10.2352;25000;25000
2026-06-08T10:49:01.0000000Z;10.2331;10.2352;25000;25000
2026-06-08T10:49:02.0000000Z;10.2331;10.2352;25000;25000
2026-06-08T10:49:03.0000000Z;10.2331;10.2352;25000;25000
2026-06-08T10:49:04.0000000Z;10.2331;10.2352;25000;25000
2026-06-08T10:49:05.0000000Z;10.2331;10.2352;25000;25000
2026-06-08T10:49:06.0000000Z;10.2331;10.2352;25000;25000
2026-06-08T10:49:07.0000000Z;10.2331;10.2352;25000;25000
2026-06-08T10:50:47.0000000Z;10.2331;10.2352;25000;25000
2026-06-08T10:50:48.0000000Z;10.2331;10.2352;25000;25000
2026-06-08T10:50:49.0000000Z;10.2331;10.2352;25000;25000
2026-06-08T10:50:50.0000000Z;10.2331;10.2352;25000;25000
2026-06-08T10:50:51.0000000Z;10.2331;10.2352;25000;25000
2026-06-08T10:50:52.0000000Z;10.2331;10.2352;25000;25000
2026-06-08T10:50:53.0000000Z;10.2331;10.2352;25000;25000
2026-06-08T10:50:54.0000000Z;10.2331;10.2352;25000;25000
2026-06-08T10:50:56.0000000Z;10.2332;10.2352;25000;25000
2026-06-08T10:50:59.0000000Z;10.2332;10.2352;25000;25000
2026-06-08T10:51:06.0000000Z;10.2332;10.2352;25000;25000
2026-06-08T10:52:34.0000000Z;10.2332;10.2352;25000;25000
2026-06-08T10:52:35.0000000Z;10.2332;10.2352;25000;25000
2026-06-08T10:52:36.0000000Z;10.2332;10.2352;25000;25000
2026-06-08T10:52:37.0000000Z;10.2332;10.2352;25000;25000
2026-06-08T10:52:38.0000000Z;10.2332;10.2352;25000;25000
2026-06-08T10:52:39.0000000Z;10.2332;10.2352;25000;25000
2026-06-08T10:52:40.0000000Z;10.2332;10.2352;25000;25000
2026-06-08T10:53:54.0000000Z;10.2332;10.2352;25000;25000
2026-06-08T10:54:20.0000000Z;10.2332;10.2352;25000;25000
2026-06-08T10:54:21.0000000Z;10.2332;10.2352;25000;25000
2026-06-08T10:54:22.0000000Z;10.2332;10.2352;25000;25000
2026-06-08T10:54:23.0000000Z;10.2332;10.2352;25000;25000
2026-06-08T10:54:24.0000000Z;10.2332;10.2352;25000;25000
2026-06-08T10:54:25.0000000Z;10.2332;10.2352;25000;25000
2026-06-08T10:54:26.0000000Z;10.2331;10.2352;1955;25000
2026-06-08T10:54:29.0000000Z;10.2331;10.2352;25205;25000
2026-06-08T10:54:34.0000000Z;10.2331;10.2352;25000;25000
2026-06-08T10:54:43.0000000Z;10.2332;10.2352;205;25000
2026-06-08T10:54:49.0000000Z;10.2332;10.2352;205;25000
2026-06-08T10:56:05.0000000Z;10.2332;10.2352;205;25000
2026-06-08T10:56:06.0000000Z;10.2332;10.2352;205;25000
2026-06-08T10:56:07.0000000Z;10.2332;10.2352;205;25000
2026-06-08T10:56:08.0000000Z;10.2332;10.2352;205;25000
2026-06-08T10:56:09.0000000Z;10.2332;10.2352;205;25000
2026-06-08T10:56:10.0000000Z;10.2332;10.2352;205;25000
2026-06-08T10:56:11.0000000Z;10.2332;10.2352;205;25000
2026-06-08T10:56:12.0000000Z;10.2331;10.2352;1955;25000
2026-06-08T10:56:15.0000000Z;10.2331;10.2352;25205;25000
2026-06-08T10:56:20.0000000Z;10.2331;10.2352;25000;25000
2026-06-08T10:57:52.0000000Z;10.2332;10.2352;205;25000
2026-06-08T10:57:53.0000000Z;10.2332;10.2352;25000;25000
2026-06-08T10:57:54.0000000Z;10.2332;10.2352;25000;25000
2026-06-08T10:57:55.0000000Z;10.2332;10.2352;25000;25000
2026-06-08T10:57:56.0000000Z;10.2332;10.2352;25000;25000
2026-06-08T10:57:57.0000000Z;10.2332;10.2352;25000;25000
2026-06-08T10:57:58.0000000Z;10.2331;10.2352;1955;25000
2026-06-08T10:58:01.0000000Z;10.2331;10.2352;25205;25000
2026-06-08T10:58:03.0000000Z;10.2331;10.2352;25000;25000
2026-06-08T10:58:21.0000000Z;10.2332;10.2352;25000;25000
2026-06-08T10:58:30.0000000Z;10.2332;10.2352;25000;25000
2026-06-08T10:59:00.0000000Z;10.2332;10.2352;25000;25000
2026-06-08T10:59:29.0000000Z;10.2332;10.2352;25000;25000
2026-06-08T10:59:36.0000000Z;10.2332;10.2352;25000;25000
2026-06-08T10:59:46.0000000Z;10.2332;10.2352;25000;25000
2026-06-08T11:01:03.0000000Z;10.2332;10.2352;25000;25000
2026-06-08T11:01:04.0000000Z;10.2332;10.2352;25000;25000
2026-06-08T11:01:05.0000000Z;10.2332;10.2352;25000;25000
2026-06-08T11:01:06.0000000Z;10.2332;10.2352;25000;25000
2026-06-08T11:01:07.0000000Z;10.2332;10.2352;25000;25000
2026-06-08T11:01:08.0000000Z;10.2332;10.2352;25000;25000
2026-06-08T11:01:29.0000000Z;10.2332;10.2352;25000;25000
2026-06-08T11:02:00.0000000Z;10.2332;10.2352;25000;25000
2026-06-08T11:02:01.0000000Z;10.2332;10.2352;25000;25000
2026-06-08T11:02:02.0000000Z;10.2332;10.2352;25000;25000
2026-06-08T11:02:03.0000000Z;10.2332;10.2352;25000;25000
2026-06-08T11:02:04.0000000Z;10.2332;10.2352;25000;25000
2026-06-08T11:02:05.0000000Z;10.2332;10.2352;25000;25000
2026-06-08T11:02:21.0000000Z;10.2332;10.2352;25000;25000
2026-06-08T11:02:53.0000000Z;10.2332;10.2352;25000;25000
2026-06-08T11:03:21.0000000Z;10.2332;10.2352;25000;25000
2026-06-08T11:03:29.0000000Z;10.2332;10.2352;25000;25000
2026-06-08T11:03:30.0000000Z;10.2332;10.2352;25000;25000
2026-06-08T11:03:31.0000000Z;10.2332;10.2352;25000;25000
2026-06-08T11:03:32.0000000Z;10.2332;10.2352;25000;25000
2026-06-08T11:03:33.0000000Z;10.2332;10.2352;25000;25000
2026-06-08T11:03:34.0000000Z;10.2332;10.2352;25000;25000
2026-06-08T11:04:29.0000000Z;10.2332;10.2352;25000;25000
2026-06-08T11:05:14.0000000Z;10.2332;10.2352;25000;25000
2026-06-08T11:05:15.0000000Z;10.2332;10.2352;25000;25000
2026-06-08T11:05:16.0000000Z;10.2332;10.2352;25000;25000
2026-06-08T11:05:17.0000000Z;10.2332;10.2352;25000;25000
2026-06-08T11:05:18.0000000Z;10.2332;10.2352;25000;25000
2026-06-08T11:05:21.0000000Z;10.2332;10.2352;25000;25000
2026-06-08T11:06:04.0000000Z;10.2332;10.2352;25000;25000
2026-06-08T11:06:58.0000000Z;10.2332;10.2352;25000;25000
2026-06-08T11:06:59.0000000Z;10.2332;10.2352;25000;25000
2026-06-08T11:06:59.0000000Z;10.2332;10.2352;25000;25000
2026-06-08T11:07:00.0000000Z;10.2332;10.2352;25000;25000
2026-06-08T11:07:01.0000000Z;10.2332;10.2352;25000;25000
2026-06-08T11:07:02.0000000Z;10.2332;10.2352;25000;25000
2026-06-08T11:07:03.0000000Z;10.2332;10.2352;25000;25000
2026-06-08T11:08:43.0000000Z;10.2332;10.2352;25000;25000
2026-06-08T11:08:44.0000000Z;10.2332;10.2352;25000;25000
2026-06-08T11:08:45.0000000Z;10.2332;10.2352;25000;25000
2026-06-08T11:08:46.0000000Z;10.2332;10.2352;25000;25000
2026-06-08T11:08:47.0000000Z;10.2332;10.2352;25000;25000
2026-06-08T11:10:27.0000000Z;10.2332;10.2352;25000;25000
2026-06-08T11:10:28.0000000Z;10.2332;10.2352;25000;25000
2026-06-08T11:10:29.0000000Z;10.2332;10.2352;25000;25000
2026-06-08T11:10:30.0000000Z;10.2332;10.2352;25000;25000
2026-06-08T11:10:31.0000000Z;10.2332;10.2352;25000;25000
2026-06-08T11:10:32.0000000Z;10.2332;10.2352;25000;25000
2026-06-08T11:12:48.0000000Z;10.233;10.2353;2444;2443
2026-06-08T11:12:50.0000000Z;10.233;10.2353;2444;2443
2026-06-08T11:12:51.0000000Z;10.233;10.2353;2444;2443
2026-06-08T11:12:52.0000000Z;10.233;10.2353;2444;2443
2026-06-08T11:12:53.0000000Z;10.233;10.2353;2444;2443
2026-06-08T11:13:03.0000000Z;10.233;10.2353;2444;2443
2026-06-08T11:13:05.0000000Z;10.233;10.2353;2444;2443
2026-06-08T11:13:07.0000000Z;10.233;10.2353;2444;2443
2026-06-08T11:13:17.0000000Z;10.233;10.2353;2444;2443
2026-06-08T11:13:18.0000000Z;10.233;10.2353;2444;2443
2026-06-08T11:13:19.0000000Z;10.233;10.2353;2444;2443
2026-06-08T11:13:22.0000000Z;10.233;10.2353;2444;2443
2026-06-08T11:13:23.0000000Z;10.233;10.2353;2444;2443
2026-06-08T11:13:32.0000000Z;10.233;10.2353;2444;2443
2026-06-08T11:13:33.0000000Z;10.233;10.2353;2444;2443
2026-06-08T11:14:15.0000000Z;10.233;10.2353;2444;2443
2026-06-08T11:14:16.0000000Z;10.233;10.2353;2444;2443
2026-06-08T11:14:17.0000000Z;10.233;10.2353;2444;2443
2026-06-08T11:14:18.0000000Z;10.233;10.2353;2444;2443
2026-06-08T11:14:19.0000000Z;10.233;10.2353;2444;2443
2026-06-08T11:14:20.0000000Z;10.233;10.2353;2444;2443
2026-06-08T11:14:29.0000000Z;10.233;10.2353;2444;2443
2026-06-08T11:15:09.0000000Z;10.233;10.2353;2444;2443
2026-06-08T11:15:10.0000000Z;10.233;10.2353;2444;2443
2026-06-08T11:15:13.0000000Z;10.23;10.2373;14;5247
2026-06-08T11:15:18.0000000Z;10.23;10.2359;14;5247
2026-06-08T11:15:20.0000000Z;10.23;10.235;14;7870
2026-06-08T11:15:21.0000000Z;10.23;10.2341;14;5247
2026-06-08T11:15:24.0000000Z;10.23;10.2341;14;5247
2026-06-08T11:15:26.0000000Z;10.23;10.2341;14;5247
2026-06-08T11:15:27.0000000Z;10.23;10.2422;14;5247
2026-06-08T11:15:28.0000000Z;10.23;10.2402;14;5247
2026-06-08T11:15:29.0000000Z;10.23;10.2388;14;6943
2026-06-08T11:15:30.0000000Z;10.23;10.2374;14;5247
2026-06-08T11:15:32.0000000Z;10.2299;10.2381;14;5247
2026-06-08T11:15:33.0000000Z;10.2299;10.236;14;5247
2026-06-08T11:15:34.0000000Z;10.2299;10.2346;14;5247
2026-06-08T11:15:35.0000000Z;10.2299;10.2346;14;5247
2026-06-08T11:15:48.0000000Z;10.2299;10.234;14;5247
2026-06-08T11:15:53.0000000Z;10.2299;10.2391;14;5247
2026-06-08T11:15:58.0000000Z;10.2299;10.239;14;7870
2026-06-08T11:15:59.0000000Z;10.2299;10.2389;14;5247
2026-06-08T11:16:00.0000000Z;10.2299;10.2375;14;5247
2026-06-08T11:16:03.0000000Z;10.2299;10.2376;14;5247
2026-06-08T11:16:10.0000000Z;10.2299;10.2376;14;5247
2026-06-08T11:16:18.0000000Z;10.2299;10.2376;14;5247
2026-06-08T11:16:19.0000000Z;10.2299;10.2361;14;5247
2026-06-08T11:16:31.0000000Z;10.2299;10.2362;14;5247
2026-06-08T11:17:13.0000000Z;10.2299;10.2349;14;5247
2026-06-08T11:17:24.0000000Z;10.2299;10.235;14;5247
2026-06-08T11:17:35.0000000Z;10.2299;10.2341;14;5247
2026-06-08T11:17:37.0000000Z;10.2299;10.2341;14;5247
2026-06-08T11:17:40.0000000Z;10.2299;10.2432;14;5247
2026-06-08T11:17:41.0000000Z;10.2299;10.2414;14;5247
2026-06-08T11:17:42.0000000Z;10.2299;10.2401;14;1696
2026-06-08T11:17:43.0000000Z;10.2299;10.2388;14;5247
2026-06-08T11:17:46.0000000Z;10.2299;10.2374;14;5247
2026-06-08T11:17:47.0000000Z;10.2299;10.2374;14;5247
2026-06-08T11:17:59.0000000Z;10.2299;10.2375;14;5247
2026-06-08T11:18:31.0000000Z;10.2299;10.236;14;5247
2026-06-08T11:18:41.0000000Z;10.2299;10.2361;14;5247
2026-06-08T11:18:46.0000000Z;10.2301;10.2361;4243;5247
2026-06-08T11:19:05.0000000Z;10.2299;10.2361;14;5247
2026-06-08T11:19:44.0000000Z;10.2299;10.2348;14;5247
2026-06-08T11:19:57.0000000Z;10.2299;10.2349;14;5247
2026-06-08T11:20:18.0000000Z;10.2299;10.234;14;5247
2026-06-08T11:20:23.0000000Z;10.2299;10.234;14;5247
2026-06-08T11:20:24.0000000Z;10.2299;10.24;14;5247
2026-06-08T11:20:25.0000000Z;10.2299;10.2387;14;1696
2026-06-08T11:20:26.0000000Z;10.2299;10.2374;14;5247
2026-06-08T11:20:29.0000000Z;10.2299;10.236;14;5247
2026-06-08T11:20:32.0000000Z;10.2299;10.2346;14;5247
2026-06-08T11:20:45.0000000Z;10.2299;10.2347;14;5247
2026-06-08T11:20:48.0000000Z;10.2299;10.234;14;5247
2026-06-08T11:20:53.0000000Z;10.2299;10.234;14;5247
2026-06-08T11:20:54.0000000Z;10.2299;10.2374;14;5247
2026-06-08T11:20:57.0000000Z;10.2299;10.236;14;5247
2026-06-08T11:21:00.0000000Z;10.2299;10.2346;14;5247
2026-06-08T11:21:02.0000000Z;10.2299;10.234;14;5247
2026-06-08T11:21:05.0000000Z;10.2299;10.234;14;5247
2026-06-08T11:21:07.0000000Z;10.2299;10.234;14;5247
2026-06-08T11:21:08.0000000Z;10.2299;10.2374;14;5247
2026-06-08T11:21:10.0000000Z;10.2299;10.236;14;5247
2026-06-08T11:21:12.0000000Z;10.2299;10.2346;14;5247
2026-06-08T11:21:15.0000000Z;10.2299;10.234;14;5247
2026-06-08T11:21:16.0000000Z;10.2299;10.234;14;5247
2026-06-08T11:21:17.0000000Z;10.2299;10.234;14;5247
2026-06-08T11:21:20.0000000Z;10.2299;10.2415;14;5247
2026-06-08T11:21:21.0000000Z;10.2299;10.2389;14;5247
2026-06-08T11:21:22.0000000Z;10.2299;10.237;14;5247
2026-06-08T11:21:25.0000000Z;10.2299;10.2356;14;5247
2026-06-08T11:21:26.0000000Z;10.2299;10.2357;14;5247
2026-06-08T11:21:27.0000000Z;10.2299;10.2342;14;5247
2026-06-08T11:21:30.0000000Z;10.2299;10.234;14;5247
2026-06-08T11:21:32.0000000Z;10.2299;10.234;14;5247
2026-06-08T11:21:35.0000000Z;10.2299;10.239;14;6943
2026-06-08T11:21:36.0000000Z;10.2331;10.2352;1955;1955
2026-06-08T11:21:37.0000000Z;10.233;10.2353;2444;2443
2026-06-08T11:21:38.0000000Z;10.233;10.2353;2444;2443
2026-06-08T11:21:39.0000000Z;10.2332;10.2353;205;2443
2026-06-08T11:21:40.0000000Z;10.2331;10.2353;1955;2443
2026-06-08T11:21:41.0000000Z;10.2331;10.2353;1955;2443
2026-06-08T11:21:42.0000000Z;10.2332;10.2353;205;2443
2026-06-08T11:21:45.0000000Z;10.2332;10.2353;205;2443
2026-06-08T11:21:47.0000000Z;10.2332;10.2353;205;2443
2026-06-08T11:21:50.0000000Z;10.2332;10.2353;205;2443
2026-06-08T11:21:51.0000000Z;10.2331;10.2353;205;1955
2026-06-08T11:21:52.0000000Z;10.2331;10.2353;205;1955
2026-06-08T11:21:55.0000000Z;10.2331;10.2353;205;1955
2026-06-08T11:21:57.0000000Z;10.2331;10.2353;205;1955
2026-06-08T11:22:00.0000000Z;10.2331;10.2353;205;1955
2026-06-08T11:22:02.0000000Z;10.2331;10.2353;205;1955
2026-06-08T11:22:05.0000000Z;10.2331;10.2353;205;1955
2026-06-08T11:22:06.0000000Z;10.2331;10.2353;205;1955
2026-06-08T11:22:07.0000000Z;10.2331;10.2353;205;1955
2026-06-08T11:22:10.0000000Z;10.2331;10.2353;205;1955
2026-06-08T11:22:12.0000000Z;10.2331;10.2353;205;1955
2026-06-08T11:22:15.0000000Z;10.2331;10.2353;205;1955
2026-06-08T11:22:17.0000000Z;10.2331;10.2353;205;1955
2026-06-08T11:22:20.0000000Z;10.2331;10.2353;205;1955
2026-06-08T11:22:22.0000000Z;10.2331;10.2353;205;1955
2026-06-08T11:22:25.0000000Z;10.2331;10.2353;205;1955
2026-06-08T11:22:27.0000000Z;10.2331;10.2353;205;1955
2026-06-08T11:22:30.0000000Z;10.2331;10.2353;205;1955
2026-06-08T11:22:32.0000000Z;10.2331;10.2353;205;1955
2026-06-08T11:22:35.0000000Z;10.2331;10.2353;205;1955
2026-06-08T11:22:37.0000000Z;10.2331;10.2353;205;1955
2026-06-08T11:22:40.0000000Z;10.2331;10.2353;205;1955
2026-06-08T11:22:42.0000000Z;10.2331;10.2353;1955;1955
2026-06-08T11:22:45.0000000Z;10.2331;10.2353;1955;1955
2026-06-08T11:22:52.0000000Z;10.233;10.2353;2444;2443
2026-06-08T11:23:20.0000000Z;10.233;10.2353;2444;2443
2026-06-08T11:23:21.0000000Z;10.233;10.2353;2444;2443
2026-06-08T11:23:22.0000000Z;10.233;10.2353;2444;2443
2026-06-08T11:23:23.0000000Z;10.233;10.2353;2444;2443
2026-06-08T11:23:24.0000000Z;10.233;10.2353;2444;2443
2026-06-08T11:23:25.0000000Z;10.233;10.2353;2444;2443
2026-06-08T11:23:32.0000000Z;10.233;10.2353;2444;2443
2026-06-08T11:23:49.0000000Z;10.233;10.2353;2444;2443
2026-06-08T11:24:21.0000000Z;10.2332;10.2353;205;2443
2026-06-08T11:24:29.0000000Z;10.2331;10.2353;205;1955
2026-06-08T11:25:05.0000000Z;10.2331;10.2353;205;1955
2026-06-08T11:25:06.0000000Z;10.2331;10.2353;205;1955
2026-06-08T11:25:07.0000000Z;10.2331;10.2353;205;1955
2026-06-08T11:25:08.0000000Z;10.2331;10.2353;205;1955
2026-06-08T11:25:09.0000000Z;10.2331;10.2353;205;1955
2026-06-08T11:25:18.0000000Z;10.2331;10.2353;205;1955
2026-06-08T11:25:29.0000000Z;10.2331;10.2353;205;1955
2026-06-08T11:26:34.0000000Z;10.2331;10.2353;205;1955
2026-06-08T11:26:49.0000000Z;10.2331;10.2353;205;1955
2026-06-08T11:26:50.0000000Z;10.2331;10.2353;205;1955
2026-06-08T11:26:51.0000000Z;10.2331;10.2353;205;1955
2026-06-08T11:26:52.0000000Z;10.2331;10.2353;205;1955
2026-06-08T11:26:53.0000000Z;10.2331;10.2353;205;1955
2026-06-08T11:27:57.0000000Z;10.2331;10.2353;205;1955
2026-06-08T11:28:03.0000000Z;10.2331;10.2353;205;1955
2026-06-08T11:28:33.0000000Z;10.2331;10.2353;205;1955
2026-06-08T11:28:34.0000000Z;10.2331;10.2353;205;1955
2026-06-08T11:28:35.0000000Z;10.2331;10.2353;205;1955
2026-06-08T11:28:36.0000000Z;10.2331;10.2353;205;1955
2026-06-08T11:28:37.0000000Z;10.2331;10.2353;205;1955
2026-06-08T11:30:17.0000000Z;10.2331;10.2353;205;1955
2026-06-08T11:30:18.0000000Z;10.2331;10.2353;205;1955
2026-06-08T11:30:19.0000000Z;10.2331;10.2353;205;1955
2026-06-08T11:30:20.0000000Z;10.2331;10.2353;205;1955
2026-06-08T11:30:21.0000000Z;10.2331;10.2353;205;1955
2026-06-08T11:32:01.0000000Z;10.2331;10.2353;205;1955
2026-06-08T11:32:02.0000000Z;10.2331;10.2353;205;1955
2026-06-08T11:32:03.0000000Z;10.2331;10.2353;205;1955
2026-06-08T11:32:04.0000000Z;10.2331;10.2353;205;1955
2026-06-08T11:32:05.0000000Z;10.2331;10.2353;205;1955
2026-06-08T11:32:06.0000000Z;10.2331;10.2353;205;1955
2026-06-08T11:33:46.0000000Z;10.2331;10.2353;205;1955
2026-06-08T11:33:47.0000000Z;10.2331;10.2353;205;1955
2026-06-08T11:33:48.0000000Z;10.2331;10.2353;205;1955
2026-06-08T11:33:49.0000000Z;10.2331;10.2353;205;1955
2026-06-08T11:33:50.0000000Z;10.2331;10.2353;205;1955
2026-06-08T11:34:36.0000000Z;10.2331;10.2353;205;1955
2026-06-08T11:35:15.0000000Z;10.2331;10.2353;205;1955
2026-06-08T11:35:16.0000000Z;10.2331;10.2353;205;1955
2026-06-08T11:35:17.0000000Z;10.2331;10.2353;205;1955
2026-06-08T11:35:18.0000000Z;10.2331;10.2353;205;1955
2026-06-08T11:35:19.0000000Z;10.2331;10.2353;205;1955
2026-06-08T11:36:59.0000000Z;10.2331;10.2353;205;1955
2026-06-08T11:36:59.0000000Z;10.2331;10.2353;205;1955
2026-06-08T11:37:00.0000000Z;10.2331;10.2353;205;1955
2026-06-08T11:37:01.0000000Z;10.2331;10.2353;205;1955
2026-06-08T11:37:02.0000000Z;10.2331;10.2353;205;1955
2026-06-08T11:37:03.0000000Z;10.2331;10.2353;205;1955
2026-06-08T11:37:13.0000000Z;10.2331;10.2353;205;1955
2026-06-08T11:37:57.0000000Z;10.2331;10.2353;205;1955
2026-06-08T11:38:00.0000000Z;10.2331;10.2353;205;1955
2026-06-08T11:38:49.0000000Z;10.2331;10.2353;205;1955
2026-06-08T11:38:53.0000000Z;10.2331;10.2353;205;1955
2026-06-08T11:38:54.0000000Z;10.2331;10.2353;205;1955
2026-06-08T11:38:55.0000000Z;10.2331;10.2353;205;1955
2026-06-08T11:38:56.0000000Z;10.2331;10.2353;205;1955
2026-06-08T11:38:57.0000000Z;10.2331;10.2353;205;1955
2026-06-08T11:38:58.0000000Z;10.2331;10.2353;205;1955
2026-06-08T11:39:32.0000000Z;10.2331;10.2353;205;1955
2026-06-08T11:40:38.0000000Z;10.2331;10.2353;205;1955
2026-06-08T11:40:39.0000000Z;10.2331;10.2353;205;1955
2026-06-08T11:40:40.0000000Z;10.2331;10.2353;205;1955
2026-06-08T11:40:41.0000000Z;10.2331;10.2353;205;1955
2026-06-08T11:40:42.0000000Z;10.2331;10.2353;205;1955
2026-06-08T11:41:25.0000000Z;10.2331;10.2353;205;1955
2026-06-08T11:41:57.0000000Z;10.2331;10.2353;205;1955
2026-06-08T11:41:58.0000000Z;10.2331;10.2353;205;1955
2026-06-08T11:42:22.0000000Z;10.2331;10.2353;205;1955
2026-06-08T11:42:23.0000000Z;10.2331;10.2353;205;1955
2026-06-08T11:42:24.0000000Z;10.2331;10.2353;205;1955
2026-06-08T11:42:25.0000000Z;10.2331;10.2353;205;1955
2026-06-08T11:42:26.0000000Z;10.2331;10.2353;1955;1955
2026-06-08T11:42:27.0000000Z;10.2331;10.2353;1955;1955
2026-06-08T11:42:36.0000000Z;10.2332;10.2353;205;1955
2026-06-08T11:42:49.0000000Z;10.2332;10.2352;25000;25000
2026-06-08T11:44:07.0000000Z;10.2332;10.2352;25000;25000
2026-06-08T11:44:08.0000000Z;10.2332;10.2352;25000;25000
2026-06-08T11:44:09.0000000Z;10.2332;10.2352;25000;25000
2026-06-08T11:44:10.0000000Z;10.2332;10.2352;25000;25000
2026-06-08T11:44:11.0000000Z;10.2331;10.2352;1955;25000
2026-06-08T11:44:12.0000000Z;10.2331;10.2352;1955;25000
2026-06-08T11:44:15.0000000Z;10.2331;10.2352;25205;25000
2026-06-08T11:44:22.0000000Z;10.2331;10.2352;25000;25000
2026-06-08T11:44:54.0000000Z;10.2332;10.2352;205;25000
2026-06-08T11:44:55.0000000Z;10.2332;10.2352;205;25000
2026-06-08T11:44:56.0000000Z;10.2332;10.2352;205;25000
2026-06-08T11:45:01.0000000Z;10.2332;10.2352;205;25000
2026-06-08T11:45:02.0000000Z;10.2332;10.2352;205;25000
2026-06-08T11:46:36.0000000Z;10.2332;10.2352;205;25000
2026-06-08T11:46:37.0000000Z;10.2332;10.2352;205;25000
2026-06-08T11:48:17.0000000Z;10.2332;10.2352;205;25000
2026-06-08T11:48:18.0000000Z;10.2332;10.2352;205;25000
2026-06-08T11:48:19.0000000Z;10.2332;10.2352;205;25000
2026-06-08T11:49:21.0000000Z;10.2332;10.2352;205;25000
2026-06-08T11:49:55.0000000Z;10.2332;10.2352;205;25000
2026-06-08T11:49:59.0000000Z;10.2332;10.2352;205;25000
2026-06-08T11:49:59.0000000Z;10.2332;10.2352;205;25000
2026-06-08T11:50:00.0000000Z;10.2332;10.2352;205;25000
2026-06-08T11:51:40.0000000Z;10.2332;10.2352;205;25000
2026-06-08T11:51:41.0000000Z;10.2332;10.2352;205;25000
2026-06-08T11:51:42.0000000Z;10.2332;10.2352;205;25000
2026-06-08T11:52:00.0000000Z;10.2331;10.2353;205;1955
2026-06-08T11:53:22.0000000Z;10.2331;10.2353;205;1955
2026-06-08T11:53:23.0000000Z;10.2331;10.2353;205;1955
2026-06-08T11:55:03.0000000Z;10.2331;10.2353;205;1955
2026-06-08T11:55:04.0000000Z;10.2331;10.2353;205;1955
2026-06-08T11:55:05.0000000Z;10.2331;10.2353;205;1955
2026-06-08T11:56:45.0000000Z;10.2331;10.2353;205;1955
2026-06-08T11:56:46.0000000Z;10.2331;10.2353;205;1955
2026-06-08T11:56:48.0000000Z;10.2331;10.2353;205;1955
2026-06-08T11:57:55.0000000Z;10.2331;10.2353;205;1955
2026-06-08T11:57:56.0000000Z;10.2331;10.2353;205;1955
2026-06-08T11:57:57.0000000Z;10.2331;10.2353;205;1955
2026-06-08T11:57:58.0000000Z;10.2331;10.2353;205;1955
2026-06-08T11:57:59.0000000Z;10.2331;10.2353;205;1955
2026-06-08T11:57:59.0000000Z;10.2331;10.2353;205;1955
2026-06-08T11:58:00.0000000Z;10.2331;10.2353;205;1955
2026-06-08T11:59:40.0000000Z;10.2331;10.2353;205;1955
2026-06-08T11:59:41.0000000Z;10.2331;10.2353;205;1955
2026-06-08T11:59:42.0000000Z;10.2331;10.2353;205;1955
2026-06-08T11:59:43.0000000Z;10.2331;10.2353;205;1955
2026-06-08T11:59:44.0000000Z;10.2331;10.2353;205;1955
2026-06-08T12:01:24.0000000Z;10.2331;10.2353;205;1955
2026-06-08T12:01:25.0000000Z;10.2331;10.2353;205;1955
2026-06-08T12:01:26.0000000Z;10.2331;10.2353;205;1955
2026-06-08T12:01:27.0000000Z;10.2331;10.2353;205;1955
2026-06-08T12:01:28.0000000Z;10.2331;10.2353;205;1955
2026-06-08T12:01:29.0000000Z;10.2331;10.2353;205;1955
2026-06-08T12:03:09.0000000Z;10.2331;10.2353;205;1955
2026-06-08T12:03:10.0000000Z;10.2331;10.2353;205;1955
2026-06-08T12:03:11.0000000Z;10.2331;10.2353;205;1955
2026-06-08T12:03:12.0000000Z;10.2331;10.2353;205;1955
2026-06-08T12:03:13.0000000Z;10.2331;10.2353;205;1955
2026-06-08T12:03:55.0000000Z;10.2331;10.2353;205;1955
2026-06-08T12:04:39.0000000Z;10.2331;10.2353;205;1955
2026-06-08T12:04:53.0000000Z;10.2331;10.2353;205;1955
2026-06-08T12:04:54.0000000Z;10.2331;10.2353;205;1955
2026-06-08T12:04:55.0000000Z;10.2331;10.2353;205;1955
2026-06-08T12:06:35.0000000Z;10.2331;10.2353;205;1955
2026-06-08T12:06:36.0000000Z;10.2331;10.2353;205;1955
2026-06-08T12:07:01.0000000Z;10.2331;10.2353;205;1955
2026-06-08T12:07:02.0000000Z;10.2331;10.2353;205;1955
2026-06-08T12:07:03.0000000Z;10.2331;10.2353;205;1955
2026-06-08T12:07:04.0000000Z;10.2331;10.2353;205;1955
2026-06-08T12:07:50.0000000Z;10.2331;10.2353;205;1955
2026-06-08T12:08:13.0000000Z;10.2331;10.2353;205;1955
2026-06-08T12:08:14.0000000Z;10.2331;10.2353;205;1955
2026-06-08T12:08:15.0000000Z;10.2331;10.2353;205;1955
2026-06-08T12:09:55.0000000Z;10.2331;10.2353;205;1955
2026-06-08T12:09:56.0000000Z;10.2331;10.2353;205;1955
2026-06-08T12:11:36.0000000Z;10.2331;10.2353;205;1955
2026-06-08T12:11:37.0000000Z;10.2331;10.2353;205;1955
2026-06-08T12:11:38.0000000Z;10.2331;10.2353;205;1955
2026-06-08T12:12:55.0000000Z;10.2332;10.2352;25000;25000
2026-06-08T12:13:18.0000000Z;10.2332;10.2352;25000;25000
2026-06-08T12:13:19.0000000Z;10.2332;10.2352;25000;25000
2026-06-08T12:14:18.0000000Z;10.2332;10.2352;25000;25000
2026-06-08T12:14:39.0000000Z;10.2332;10.2352;25000;25000
2026-06-08T12:14:59.0000000Z;10.2332;10.2352;25000;25000
2026-06-08T12:14:59.0000000Z;10.2332;10.2352;25000;25000
2026-06-08T12:15:00.0000000Z;10.2332;10.2352;25000;25000
2026-06-08T12:15:01.0000000Z;10.2332;10.2352;25000;25000
2026-06-08T12:15:40.0000000Z;10.2332;10.2352;25000;25000
2026-06-08T12:16:00.0000000Z;10.2332;10.2352;25000;25000
2026-06-08T12:16:01.0000000Z;10.2332;10.2352;25000;25000
2026-06-08T12:16:41.0000000Z;10.2332;10.2352;25000;25000
2026-06-08T12:16:42.0000000Z;10.2332;10.2352;25000;25000
2026-06-08T12:17:00.0000000Z;10.2332;10.2352;25000;25000
2026-06-08T12:17:01.0000000Z;10.2332;10.2352;25000;25000
2026-06-08T12:17:21.0000000Z;10.2332;10.2352;25000;25000
2026-06-08T12:18:22.0000000Z;10.2332;10.2352;25000;25000
2026-06-08T12:18:23.0000000Z;10.2332;10.2352;25000;25000
2026-06-08T12:18:24.0000000Z;10.2332;10.2352;25000;25000
2026-06-08T12:20:04.0000000Z;10.2332;10.2352;25000;25000
2026-06-08T12:20:05.0000000Z;10.2332;10.2352;25000;25000
2026-06-08T12:20:17.0000000Z;10.2331;10.2353;205;1955
2026-06-08T12:21:45.0000000Z;10.2331;10.2353;205;1955
2026-06-08T12:21:46.0000000Z;10.2331;10.2353;205;1955
2026-06-08T12:21:47.0000000Z;10.2331;10.2353;205;1955
2026-06-08T12:22:22.0000000Z;10.2332;10.2352;25000;25000
2026-06-08T12:22:53.0000000Z;10.2332;10.2352;25000;25000
2026-06-08T12:22:54.0000000Z;10.2332;10.2352;25000;25000
2026-06-08T12:23:27.0000000Z;10.2332;10.2352;25000;25000
2026-06-08T12:23:28.0000000Z;10.2332;10.2352;25000;25000
2026-06-08T12:24:29.0000000Z;10.2332;10.2352;25000;25000
2026-06-08T12:25:08.0000000Z;10.2332;10.2352;25000;25000
2026-06-08T12:25:09.0000000Z;10.2332;10.2352;25000;25000
2026-06-08T12:25:10.0000000Z;10.2332;10.2352;25000;25000
2026-06-08T12:26:02.0000000Z;10.2332;10.2352;25000;25000
2026-06-08T12:26:15.0000000Z;10.2332;10.2352;25000;25000
2026-06-08T12:26:20.0000000Z;10.2332;10.2352;25000;25000
2026-06-08T12:26:25.0000000Z;10.2332;10.2352;25000;25000
2026-06-08T12:26:50.0000000Z;10.2332;10.2352;25000;25000
2026-06-08T12:26:51.0000000Z;10.2332;10.2352;25000;25000
2026-06-08T12:28:31.0000000Z;10.2332;10.2352;25000;25000
2026-06-08T12:28:32.0000000Z;10.2332;10.2352;25000;25000
2026-06-08T12:28:33.0000000Z;10.2332;10.2352;25000;25000
2026-06-08T12:30:13.0000000Z;10.2332;10.2352;25000;25000
2026-06-08T12:30:14.0000000Z;10.2332;10.2352;25000;25000
2026-06-08T12:30:20.0000000Z;10.2332;10.2352;25000;25000
2026-06-08T12:30:22.0000000Z;10.2332;10.2352;25000;25000
2026-06-08T12:31:54.0000000Z;10.2332;10.2352;25000;25000
2026-06-08T12:31:55.0000000Z;10.2332;10.2352;25000;25000
2026-06-08T12:31:56.0000000Z;10.2332;10.2352;25000;25000
2026-06-08T12:32:28.0000000Z;10.2332;10.2352;25000;25000
2026-06-08T12:32:29.0000000Z;10.2332;10.2352;25000;25000
2026-06-08T12:33:36.0000000Z;10.2332;10.2352;25000;25000
2026-06-08T12:33:37.0000000Z;10.2332;10.2352;25000;25000
2026-06-08T12:34:36.0000000Z;10.2331;10.2353;205;1955
2026-06-08T12:34:37.0000000Z;10.2332;10.2352;25000;25000
2026-06-08T12:34:55.0000000Z;10.2332;10.2352;25000;25000
2026-06-08T12:35:17.0000000Z;10.2332;10.2352;25000;25000
2026-06-08T12:35:18.0000000Z;10.2332;10.2352;25000;25000
2026-06-08T12:35:19.0000000Z;10.2332;10.2352;25000;25000
2026-06-08T12:36:59.0000000Z;10.2332;10.2352;25000;25000
2026-06-08T12:36:59.0000000Z;10.2332;10.2352;25000;25000
2026-06-08T12:37:00.0000000Z;10.2332;10.2352;25000;25000
2026-06-08T12:38:16.0000000Z;10.2332;10.2352;25000;25000
2026-06-08T12:38:40.0000000Z;10.2332;10.2352;25000;25000
2026-06-08T12:38:41.0000000Z;10.2332;10.2352;25000;25000
2026-06-08T12:38:42.0000000Z;10.2332;10.2352;25000;25000
2026-06-08T12:38:49.0000000Z;10.2332;10.2352;25000;25000
2026-06-08T12:39:59.0000000Z;10.2332;10.2352;25000;25000
2026-06-08T12:40:22.0000000Z;10.2332;10.2352;25000;25000
2026-06-08T12:40:23.0000000Z;10.2332;10.2352;25000;25000
2026-06-08T12:40:39.0000000Z;10.2332;10.2352;25000;25000
2026-06-08T12:40:41.0000000Z;10.2332;10.2352;25000;25000
2026-06-08T12:41:19.0000000Z;10.2332;10.2352;25000;25000
2026-06-08T12:41:58.0000000Z;10.2332;10.2352;25000;25000
2026-06-08T12:41:59.0000000Z;10.2332;10.2352;25000;25000
2026-06-08T12:42:03.0000000Z;10.2332;10.2352;25000;25000
2026-06-08T12:42:04.0000000Z;10.2332;10.2352;25000;25000
2026-06-08T12:42:05.0000000Z;10.2332;10.2352;25000;25000
2026-06-08T12:42:33.0000000Z;10.2332;10.2352;25000;25000
2026-06-08T12:42:34.0000000Z;10.2332;10.2352;25000;25000
2026-06-08T12:42:38.0000000Z;10.2332;10.2352;25000;25000
2026-06-08T12:43:02.0000000Z;10.2332;10.2352;25000;25000
2026-06-08T12:43:59.0000000Z;10.2332;10.2352;25000;25000
2026-06-08T12:48:37.0000000Z;10.2332;10.2352;25000;25000
2026-06-08T12:52:09.0000000Z;10.2332;10.2352;25000;25000
2026-06-08T12:55:46.0000000Z;10.2332;10.2352;25000;25000
2026-06-08T12:56:31.0000000Z;10.2332;10.2352;25000;25000
2026-06-08T12:57:32.0000000Z;10.2332;10.2352;25000;25000
2026-06-08T13:00:20.0000000Z;10.2332;10.2352;25000;25000
2026-06-08T13:02:54.0000000Z;10.2332;10.2352;25000;25000
2026-06-08T13:05:15.0000000Z;10.2332;10.2352;25000;25000
2026-06-08T13:05:21.0000000Z;10.2332;10.2352;25000;25000
2026-06-08T13:07:41.0000000Z;10.2332;10.2352;25000;49
2026-06-08T13:07:46.0000000Z;10.2332;10.2352;25000;49
2026-06-08T13:07:47.0000000Z;10.2331;10.2352;1955;49
2026-06-08T13:07:48.0000000Z;10.2331;10.2352;1955;49
2026-06-08T13:07:49.0000000Z;10.2331;10.2352;25000;49
2026-06-08T13:07:52.0000000Z;10.2331;10.2352;25000;49
2026-06-08T13:08:09.0000000Z;10.2331;10.2352;25000;699
2026-06-08T13:08:10.0000000Z;10.2201;10.2378;636;1956
2026-06-08T13:08:15.0000000Z;10.233;10.2379;2444;2442
2026-06-08T13:08:19.0000000Z;10.233;10.2352;2444;1955
2026-06-08T13:08:25.0000000Z;10.233;10.2353;2444;2443
2026-06-08T13:08:36.0000000Z;10.233;10.2353;2444;2443
2026-06-08T13:09:10.0000000Z;10.2332;10.2353;205;2443
2026-06-08T13:09:19.0000000Z;10.2331;10.2353;205;1955
2026-06-08T13:09:35.0000000Z;10.2331;10.2353;205;1955
2026-06-08T13:21:04.0000000Z;10.2331;10.2353;205;1955
2026-06-08T13:21:53.0000000Z;10.2331;10.2353;205;1955
2026-06-08T13:22:44.0000000Z;10.2331;10.2353;205;1955
2026-06-08T13:24:21.0000000Z;10.2331;10.2353;205;1955
2026-06-08T13:24:29.0000000Z;10.2331;10.2353;205;1955
2026-06-08T13:24:37.0000000Z;10.2331;10.2353;205;1955
2026-06-08T13:24:39.0000000Z;10.2331;10.2353;205;1955
2026-06-08T13:24:43.0000000Z;10.2331;10.2353;205;1955
2026-06-08T13:24:44.0000000Z;10.2331;10.2353;205;1955
2026-06-08T13:24:55.0000000Z;10.2331;10.2353;205;1955
2026-06-08T13:25:01.0000000Z;10.2331;10.2353;205;1955
2026-06-08T13:26:03.0000000Z;10.2331;10.2353;205;1955
2026-06-08T13:26:25.0000000Z;10.2331;10.2353;205;1955
2026-06-08T13:26:26.0000000Z;10.2331;10.2353;205;1955
2026-06-08T13:28:01.0000000Z;10.2331;10.2353;205;1955
2026-06-08T13:29:22.0000000Z;10.2331;10.2353;205;1955
2026-06-08T13:29:31.0000000Z;10.2331;10.2353;205;1955
2026-06-08T13:29:46.0000000Z;10.2331;10.2353;205;1955
2026-06-08T13:31:03.0000000Z;10.2331;10.2353;205;1955
2026-06-08T13:31:13.0000000Z;10.2331;10.2353;205;1955
2026-06-08T13:31:18.0000000Z;10.2331;10.2353;205;1955
2026-06-08T13:31:26.0000000Z;10.2331;10.2353;205;1955
2026-06-08T13:31:30.0000000Z;10.2331;10.2353;205;1955
2026-06-08T13:31:48.0000000Z;10.2331;10.2353;205;1955
2026-06-08T13:31:49.0000000Z;10.2331;10.2353;205;1955
2026-06-08T13:31:55.0000000Z;10.2331;10.2353;205;1955
2026-06-08T13:32:11.0000000Z;10.2331;10.2353;205;1955
2026-06-08T13:32:30.0000000Z;10.2331;10.2353;205;1955
2026-06-08T13:32:33.0000000Z;10.2331;10.2353;205;1955
2026-06-08T13:32:37.0000000Z;10.2331;10.2353;205;1955
2026-06-08T13:33:20.0000000Z;10.2331;10.2353;205;1955
2026-06-08T13:34:10.0000000Z;10.2331;10.2353;205;1955
2026-06-08T13:34:16.0000000Z;10.2331;10.2353;205;1955
2026-06-08T13:35:00.0000000Z;10.2331;10.2353;205;1955
2026-06-08T13:35:01.0000000Z;10.2331;10.2353;205;1955
2026-06-08T13:35:55.0000000Z;10.2331;10.2353;205;1955
2026-06-08T13:36:00.0000000Z;10.2331;10.2332;1955;3069
2026-06-08T13:39:01.0000000Z;10.2331;10.2332;25000;25000
2026-06-08T13:41:35.0000000Z;10.2331;10.2332;25000;25000
2026-06-08T13:49:58.0000000Z;10.2331;10.2332;25000;25000
2026-06-08T13:50:00.0000000Z;10.2331;10.2332;25000;25000
2026-06-08T13:51:00.0000000Z;10.2331;10.2332;25000;25000
2026-06-08T13:51:08.0000000Z;10.2331;10.2332;25000;25000
2026-06-08T13:51:50.0000000Z;10.2331;10.2332;25000;25000
2026-06-08T13:52:49.0000000Z;10.2331;10.2332;25000;25000
2026-06-08T13:54:10.0000000Z;10.2331;10.2332;25000;25000
2026-06-08T13:54:34.0000000Z;10.2331;10.2332;25000;25000
2026-06-08T13:55:00.0000000Z;10.2331;10.2332;25000;25000
2026-06-08T13:55:19.0000000Z;10.2331;10.2332;25000;25000
2026-06-08T13:55:47.0000000Z;10.2331;10.2332;2121;25000
2026-06-08T13:55:57.0000000Z;10.2331;10.2332;2121;25000
2026-06-08T13:56:37.0000000Z;10.2331;10.2332;2121;25000
2026-06-08T13:57:48.0000000Z;10.2331;10.2332;2121;25000
2026-06-08T13:58:19.0000000Z;10.2331;10.2332;1955;25000
2026-06-08T14:03:07.0000000Z;10.2331;10.2332;1955;25000
2026-06-08T14:03:08.0000000Z;10.2331;10.2332;1955;25000
2026-06-08T14:06:54.0000000Z;10.2331;10.2332;25000;25000
2026-06-08T14:08:12.0000000Z;10.2331;10.2332;25000;25000
2026-06-08T14:08:13.0000000Z;10.2331;10.2332;25000;25000
2026-06-08T14:09:02.0000000Z;10.2331;10.2332;25000;25000
2026-06-08T14:11:04.0000000Z;10.2331;10.2332;25000;25000
2026-06-08T14:11:05.0000000Z;10.2331;10.2332;25000;25000
2026-06-08T14:11:06.0000000Z;10.2331;10.2332;25000;25000
2026-06-08T14:11:07.0000000Z;10.2331;10.2332;25000;25000
2026-06-08T14:11:08.0000000Z;10.2331;10.2332;25000;25000
2026-06-08T14:11:09.0000000Z;10.2331;10.2332;25000;25000
2026-06-08T14:12:49.0000000Z;10.2331;10.2332;25000;25000
2026-06-08T14:12:54.0000000Z;10.2331;10.2332;25000;25000
2026-06-08T14:13:43.0000000Z;10.2331;10.2332;25000;25000
2026-06-08T14:14:43.0000000Z;10.2331;10.2332;25000;25000
2026-06-08T14:15:23.0000000Z;10.2331;10.2332;25000;25000
2026-06-08T14:15:33.0000000Z;10.2331;10.2332;25000;25000
2026-06-08T14:15:51.0000000Z;10.2331;10.2332;25000;25000
2026-06-08T14:16:23.0000000Z;10.2331;10.2332;25000;25000
2026-06-08T14:16:28.0000000Z;10.2331;10.2332;2166;25000
2026-06-08T14:17:30.0000000Z;10.2331;10.2332;1955;25000
2026-06-08T14:20:44.0000000Z;10.2331;10.2332;1955;25000
2026-06-08T14:21:55.0000000Z;10.2331;10.2332;1955;25000
2026-06-08T14:46:38.0000000Z;10.2331;10.2332;25000;25000
2026-06-08T14:46:46.0000000Z;10.2331;10.2332;25000;25000
2026-06-08T14:48:31.0000000Z;10.2331;10.2332;25000;25000
2026-06-08T14:50:00.0000000Z;10.2331;10.2332;25000;25000
2026-06-08T14:50:01.0000000Z;10.2331;10.2332;25000;25000
2026-06-08T14:56:49.0000000Z;10.2331;10.2332;25000;25000
2026-06-08T14:56:55.0000000Z;10.2331;10.2332;25000;25000
2026-06-08T14:57:00.0000000Z;10.2331;10.2332;25000;25000
2026-06-08T14:57:39.0000000Z;10.2331;10.2332;25000;25000
2026-06-08T14:59:22.0000000Z;10.2331;10.2332;25000;25000
2026-06-08T14:59:23.0000000Z;10.2331;10.2332;25000;25000
2026-06-08T14:59:24.0000000Z;10.2331;10.2332;25000;25000
2026-06-08T14:59:51.0000000Z;10.2331;10.2332;25000;25000
