2026-06-08T08:00:08.0000000Z;9.921;9.953;1200;1200
2026-06-08T08:00:19.0000000Z;9.921;9.953;1200;1200
2026-06-08T08:00:22.0000000Z;9.921;9.949;1200;1200
2026-06-08T08:00:23.0000000Z;9.917;9.949;1200;1200
2026-06-08T08:01:01.0000000Z;9.917;9.945;1200;1200
2026-06-08T08:02:32.0000000Z;9.913;9.945;1200;1200
2026-06-08T08:03:20.0000000Z;9.917;9.945;1200;1200
2026-06-08T08:04:13.0000000Z;9.917;9.948;1200;1200
2026-06-08T08:04:15.0000000Z;9.92;9.948;1200;1200
2026-06-08T08:04:31.0000000Z;9.92;9.951;1200;1200
2026-06-08T08:04:34.0000000Z;9.923;9.951;1200;1200
2026-06-08T08:04:43.0000000Z;9.923;9.954;1200;1200
2026-06-08T08:04:46.0000000Z;9.923;9.951;1200;1200
2026-06-08T08:04:58.0000000Z;9.923;9.954;1200;1200
2026-06-08T08:05:11.0000000Z;9.926;9.954;1200;1200
2026-06-08T08:05:13.0000000Z;9.926;9.954;1200;1200
2026-06-08T08:05:17.0000000Z;9.923;9.954;1200;1200
2026-06-08T08:05:23.0000000Z;9.926;9.954;1200;1200
2026-06-08T08:06:30.0000000Z;9.926;9.957;1200;1200
2026-06-08T08:06:45.0000000Z;9.929;9.957;1200;1200
2026-06-08T08:07:49.0000000Z;9.926;9.954;1200;1200
2026-06-08T08:08:27.0000000Z;9.929;9.957;1200;1200
2026-06-08T08:08:40.0000000Z;9.932;9.96;1200;1200
2026-06-08T08:08:51.0000000Z;9.929;9.956;1200;1200
2026-06-08T08:09:03.0000000Z;9.906;9.956;6311;1200
2026-06-08T08:09:05.0000000Z;9.926;9.953;1200;1200
2026-06-08T08:09:42.0000000Z;9.926;9.956;1200;1200
2026-06-08T08:09:44.0000000Z;9.929;9.956;1200;1200
2026-06-08T08:09:59.0000000Z;9.929;9.959;1200;1200
2026-06-08T08:10:04.0000000Z;9.929;9.956;1200;1200
2026-06-08T08:10:07.0000000Z;9.926;9.956;1200;1200
2026-06-08T08:10:09.0000000Z;9.926;9.953;1200;1200
2026-06-08T08:12:53.0000000Z;9.923;9.95;1200;1200
2026-06-08T08:13:11.0000000Z;9.926;9.953;1200;1200
2026-06-08T08:13:17.0000000Z;9.926;9.956;1200;1200
2026-06-08T08:13:32.0000000Z;9.926;9.953;1200;1200
2026-06-08T08:14:23.0000000Z;9.923;9.953;1200;1200
2026-06-08T08:14:24.0000000Z;9.923;9.95;1200;1200
2026-06-08T08:14:44.0000000Z;9.923;9.95;1200;1200
2026-06-08T08:15:29.0000000Z;9.926;9.953;1200;1200
2026-06-08T08:15:45.0000000Z;9.923;9.953;1200;1200
2026-06-08T08:15:49.0000000Z;9.923;9.95;1200;1200
2026-06-08T08:15:54.0000000Z;9.923;9.953;1200;1200
2026-06-08T08:16:42.0000000Z;9.923;9.95;1200;1200
2026-06-08T08:16:56.0000000Z;9.919;9.946;1200;1200
2026-06-08T08:17:56.0000000Z;9.919;9.949;1200;1200
2026-06-08T08:18:01.0000000Z;9.922;9.949;1200;1200
2026-06-08T08:18:25.0000000Z;9.922;9.952;1200;1200
2026-06-08T08:18:41.0000000Z;9.925;9.952;1200;1200
2026-06-08T08:18:47.0000000Z;9.925;9.952;1200;1200
2026-06-08T08:18:52.0000000Z;9.925;9.955;1200;1200
2026-06-08T08:18:53.0000000Z;9.928;9.955;1200;1200
2026-06-08T08:19:02.0000000Z;9.928;9.955;1200;1200
2026-06-08T08:19:42.0000000Z;9.928;9.958;1200;1200
2026-06-08T08:19:45.0000000Z;9.931;9.958;1200;1200
2026-06-08T08:20:02.0000000Z;9.928;9.958;1200;1200
2026-06-08T08:20:16.0000000Z;9.928;9.955;1200;1200
2026-06-08T08:20:24.0000000Z;9.925;9.955;1200;1200
2026-06-08T08:20:27.0000000Z;9.925;9.952;1200;1200
2026-06-08T08:20:38.0000000Z;9.922;9.952;1200;1200
2026-06-08T08:20:44.0000000Z;9.925;9.952;1200;1200
2026-06-08T08:21:20.0000000Z;9.922;9.949;1200;1200
2026-06-08T08:21:24.0000000Z;9.919;9.949;1200;1200
2026-06-08T08:21:25.0000000Z;9.919;9.949;1200;1200
2026-06-08T08:21:29.0000000Z;9.919;9.946;1200;1200
2026-06-08T08:21:31.0000000Z;9.919;9.946;1200;1200
2026-06-08T08:21:51.0000000Z;9.919;9.949;1200;1200
2026-06-08T08:22:04.0000000Z;9.919;9.946;1200;1200
2026-06-08T08:22:09.0000000Z;9.919;9.946;1200;1200
2026-06-08T08:22:36.0000000Z;9.922;9.949;1200;1200
2026-06-08T08:22:55.0000000Z;9.919;9.949;1200;1200
2026-06-08T08:22:58.0000000Z;9.919;9.949;1200;1200
2026-06-08T08:23:00.0000000Z;9.916;9.943;1200;1200
2026-06-08T08:23:08.0000000Z;9.916;9.943;1200;1200
2026-06-08T08:23:47.0000000Z;9.916;9.946;1200;1200
2026-06-08T08:23:49.0000000Z;9.919;9.946;1200;1200
2026-06-08T08:24:08.0000000Z;9.919;9.949;1200;1200
2026-06-08T08:24:15.0000000Z;9.922;9.949;1200;1200
2026-06-08T08:24:47.0000000Z;9.919;9.949;1200;1200
2026-06-08T08:25:02.0000000Z;9.919;9.946;1200;1200
2026-06-08T08:25:53.0000000Z;9.922;9.95;1200;1200
2026-06-08T08:26:37.0000000Z;9.925;9.95;1200;1200
2026-06-08T08:26:39.0000000Z;9.925;9.953;1200;1200
2026-06-08T08:27:01.0000000Z;9.925;9.953;1200;1200
2026-06-08T08:27:05.0000000Z;9.925;9.953;1200;1200
2026-06-08T08:27:30.0000000Z;9.922;9.95;1200;1200
2026-06-08T08:29:38.0000000Z;9.925;9.953;1200;1200
2026-06-08T08:30:41.0000000Z;9.928;9.953;1200;1200
2026-06-08T08:30:43.0000000Z;9.928;9.956;1200;1200
2026-06-08T08:30:52.0000000Z;9.928;9.956;1200;1200
2026-06-08T08:32:11.0000000Z;9.928;9.956;1200;1200
2026-06-08T08:32:12.0000000Z;9.931;9.959;1200;1200
2026-06-08T08:32:21.0000000Z;9.931;9.959;1200;1200
2026-06-08T08:32:48.0000000Z;9.928;9.956;1200;1200
2026-06-08T08:34:45.0000000Z;9.928;9.953;1200;1200
2026-06-08T08:35:12.0000000Z;9.925;9.953;1200;1200
2026-06-08T08:35:30.0000000Z;9.925;9.95;1200;1200
2026-06-08T08:35:34.0000000Z;9.922;9.95;1200;1200
2026-06-08T08:35:35.0000000Z;9.922;9.95;1200;1200
2026-06-08T08:38:37.0000000Z;9.922;9.947;1200;1200
2026-06-08T08:39:20.0000000Z;9.919;9.947;1200;1200
2026-06-08T08:39:30.0000000Z;9.919;9.947;1200;1200
2026-06-08T08:39:33.0000000Z;9.919;9.947;1200;1200
2026-06-08T08:39:51.0000000Z;9.919;9.947;1200;1200
2026-06-08T08:40:37.0000000Z;9.919;9.944;1200;1200
2026-06-08T08:40:50.0000000Z;9.897;9.944;6311;1200
2026-06-08T08:40:52.0000000Z;9.915;9.941;1200;1200
2026-06-08T08:40:56.0000000Z;9.912;9.941;1200;1200
2026-06-08T08:41:24.0000000Z;9.912;9.938;1200;1200
2026-06-08T08:43:06.0000000Z;9.912;9.941;1200;1200
2026-06-08T08:43:08.0000000Z;9.915;9.941;1200;1200
2026-06-08T08:43:48.0000000Z;9.915;9.944;1200;1200
2026-06-08T08:45:12.0000000Z;9.918;9.944;1200;1200
2026-06-08T08:45:51.0000000Z;9.918;9.944;1200;1200
2026-06-08T08:46:37.0000000Z;9.915;9.944;1200;1200
2026-06-08T08:47:05.0000000Z;9.915;9.941;1200;1200
2026-06-08T08:47:08.0000000Z;9.912;9.941;1200;1200
2026-06-08T08:47:29.0000000Z;9.912;9.941;1200;1200
2026-06-08T08:47:30.0000000Z;9.912;9.938;1200;1200
2026-06-08T08:47:31.0000000Z;9.912;9.938;1200;1200
2026-06-08T08:47:41.0000000Z;9.909;9.938;1200;1200
2026-06-08T08:47:48.0000000Z;9.909;9.935;1200;1200
2026-06-08T08:48:45.0000000Z;9.909;9.938;1200;1200
2026-06-08T08:48:53.0000000Z;9.912;9.938;1200;1200
2026-06-08T08:48:55.0000000Z;9.912;9.941;1200;1200
2026-06-08T08:49:01.0000000Z;9.915;9.941;1200;1200
2026-06-08T08:49:05.0000000Z;9.915;9.944;1200;1200
2026-06-08T08:49:22.0000000Z;9.915;9.944;1200;1200
2026-06-08T08:49:28.0000000Z;9.915;9.944;1200;1200
2026-06-08T08:49:31.0000000Z;9.918;9.944;1200;1200
2026-06-08T08:50:36.0000000Z;9.918;9.947;1200;1200
2026-06-08T08:51:08.0000000Z;9.918;9.944;1200;1200
2026-06-08T08:51:11.0000000Z;9.915;9.944;1200;1200
2026-06-08T08:52:00.0000000Z;9.915;9.941;1200;1200
2026-06-08T08:52:21.0000000Z;9.912;9.941;1200;1200
2026-06-08T08:52:59.0000000Z;9.912;9.938;1200;1200
2026-06-08T08:53:41.0000000Z;9.912;9.941;1200;1200
2026-06-08T08:54:13.0000000Z;9.917;9.936;1200;1200
2026-06-08T08:54:52.0000000Z;9.919;9.938;1200;1200
2026-06-08T08:55:01.0000000Z;9.919;9.936;1200;1200
2026-06-08T08:55:02.0000000Z;9.917;9.936;1200;1200
2026-06-08T08:55:04.0000000Z;9.919;9.938;1200;1200
2026-06-08T08:55:15.0000000Z;9.919;9.936;1200;1200
2026-06-08T08:55:16.0000000Z;9.917;9.936;1200;1200
2026-06-08T08:55:25.0000000Z;9.917;9.934;1200;1200
2026-06-08T08:55:28.0000000Z;9.915;9.934;1200;1200
2026-06-08T08:55:40.0000000Z;9.915;9.932;1200;1200
2026-06-08T08:55:42.0000000Z;9.913;9.932;1200;1200
2026-06-08T08:55:48.0000000Z;9.915;9.932;1200;1200
2026-06-08T08:55:55.0000000Z;9.913;9.932;1200;1200
2026-06-08T08:56:08.0000000Z;9.915;9.934;1200;1200
2026-06-08T08:56:15.0000000Z;9.917;9.936;1200;1200
2026-06-08T08:56:25.0000000Z;9.915;9.934;1200;1200
2026-06-08T08:56:37.0000000Z;9.917;9.936;1200;1200
2026-06-08T08:56:52.0000000Z;9.917;9.936;1200;1200
2026-06-08T08:56:53.0000000Z;9.92;9.939;1200;1200
2026-06-08T08:57:02.0000000Z;9.92;9.939;1200;1200
2026-06-08T08:58:08.0000000Z;9.922;9.941;1200;1200
2026-06-08T08:58:26.0000000Z;9.922;9.941;1200;1200
2026-06-08T08:58:30.0000000Z;9.924;9.943;1200;1200
2026-06-08T08:59:33.0000000Z;9.924;9.941;1200;1200
2026-06-08T08:59:40.0000000Z;9.922;9.941;1200;1200
2026-06-08T08:59:47.0000000Z;9.92;9.939;1200;1200
2026-06-08T09:00:03.0000000Z;9.922;9.941;1200;1200
2026-06-08T09:00:46.0000000Z;9.924;9.943;1200;1200
2026-06-08T09:01:22.0000000Z;9.926;9.945;1200;1200
2026-06-08T09:01:25.0000000Z;9.926;9.945;1200;1200
2026-06-08T09:01:37.0000000Z;9.928;9.947;1200;1200
2026-06-08T09:01:38.0000000Z;9.928;9.947;1200;1200
2026-06-08T09:01:43.0000000Z;9.93;9.949;1200;1200
2026-06-08T09:01:45.0000000Z;9.93;9.949;1200;1200
2026-06-08T09:02:01.0000000Z;9.928;9.946;1200;1200
2026-06-08T09:02:16.0000000Z;9.926;9.946;1200;1200
2026-06-08T09:02:47.0000000Z;9.928;9.946;1200;1200
2026-06-08T09:02:59.0000000Z;9.928;9.948;1200;1200
2026-06-08T09:03:01.0000000Z;9.93;9.948;1200;1200
2026-06-08T09:03:19.0000000Z;9.93;9.95;1200;1200
2026-06-08T09:03:26.0000000Z;9.93;9.948;1200;1200
2026-06-08T09:03:43.0000000Z;9.928;9.948;1200;1200
2026-06-08T09:03:48.0000000Z;9.93;9.948;1200;1200
2026-06-08T09:04:25.0000000Z;9.93;9.95;1200;1200
2026-06-08T09:04:32.0000000Z;9.932;9.95;1200;1200
2026-06-08T09:04:51.0000000Z;9.93;9.95;1200;1200
2026-06-08T09:04:59.0000000Z;9.93;9.948;1200;1200
2026-06-08T09:05:15.0000000Z;9.928;9.948;1200;1200
2026-06-08T09:05:16.0000000Z;9.928;9.946;1200;1200
2026-06-08T09:05:33.0000000Z;9.926;9.946;1200;1200
2026-06-08T09:05:39.0000000Z;9.926;9.944;1200;1200
2026-06-08T09:05:50.0000000Z;9.926;9.944;1200;1200
2026-06-08T09:05:52.0000000Z;9.923;9.942;1200;1200
2026-06-08T09:05:56.0000000Z;9.923;9.942;1200;1200
2026-06-08T09:06:20.0000000Z;9.923;9.94;1200;1200
2026-06-08T09:06:28.0000000Z;9.921;9.94;1200;1200
2026-06-08T09:06:33.0000000Z;9.921;9.94;1200;1200
2026-06-08T09:07:04.0000000Z;9.919;9.938;1200;1200
2026-06-08T09:07:08.0000000Z;9.919;9.938;1200;1200
2026-06-08T09:07:24.0000000Z;9.917;9.936;1200;1200
2026-06-08T09:07:32.0000000Z;9.919;9.936;1200;1200
2026-06-08T09:07:33.0000000Z;9.919;9.938;1200;1200
2026-06-08T09:09:03.0000000Z;9.917;9.936;1200;1200
2026-06-08T09:09:07.0000000Z;9.917;9.936;1200;1200
2026-06-08T09:09:59.0000000Z;9.917;9.934;1200;1200
2026-06-08T09:10:03.0000000Z;9.915;9.934;1200;1200
2026-06-08T09:10:17.0000000Z;9.917;9.934;1200;1200
2026-06-08T09:10:19.0000000Z;9.917;9.936;1200;1200
2026-06-08T09:10:36.0000000Z;9.919;9.938;1200;1200
2026-06-08T09:10:46.0000000Z;9.921;9.938;1200;1200
2026-06-08T09:10:52.0000000Z;9.921;9.94;1200;1200
2026-06-08T09:11:06.0000000Z;9.919;9.938;1200;1200
2026-06-08T09:11:57.0000000Z;9.921;9.94;1200;1200
2026-06-08T09:12:27.0000000Z;9.921;9.938;1200;1200
2026-06-08T09:12:28.0000000Z;9.919;9.938;1200;1200
2026-06-08T09:12:59.0000000Z;9.921;9.938;1200;1200
2026-06-08T09:13:03.0000000Z;9.921;9.94;1200;1200
2026-06-08T09:13:24.0000000Z;9.923;9.942;1200;1200
2026-06-08T09:13:32.0000000Z;9.923;9.942;1200;1200
2026-06-08T09:13:35.0000000Z;9.923;9.942;1200;1200
2026-06-08T09:13:36.0000000Z;9.925;9.944;1200;1200
2026-06-08T09:15:01.0000000Z;9.925;9.944;1200;1200
2026-06-08T09:15:31.0000000Z;9.927;9.946;1200;1200
2026-06-08T09:16:18.0000000Z;9.929;9.948;1200;1200
2026-06-08T09:16:25.0000000Z;9.931;9.948;1200;1200
2026-06-08T09:16:31.0000000Z;9.929;9.948;1200;1200
2026-06-08T09:16:59.0000000Z;9.931;9.95;1200;1200
2026-06-08T09:17:15.0000000Z;9.929;9.948;1200;1200
2026-06-08T09:18:39.0000000Z;9.927;9.946;1200;1200
2026-06-08T09:20:00.0000000Z;9.929;9.948;1200;1200
2026-06-08T09:20:18.0000000Z;9.931;9.948;1200;1200
2026-06-08T09:20:40.0000000Z;9.931;9.951;1200;1200
2026-06-08T09:20:46.0000000Z;9.933;9.951;1200;1200
2026-06-08T09:20:47.0000000Z;9.933;9.951;1200;1200
2026-06-08T09:20:48.0000000Z;9.933;9.953;1200;1200
2026-06-08T09:20:56.0000000Z;9.935;9.953;1200;1200
2026-06-08T09:20:59.0000000Z;9.935;9.953;1200;1200
2026-06-08T09:21:06.0000000Z;9.935;9.955;1200;1200
2026-06-08T09:21:13.0000000Z;9.937;9.955;1200;1200
2026-06-08T09:21:23.0000000Z;9.935;9.955;1200;1200
2026-06-08T09:21:56.0000000Z;9.935;9.953;1200;1200
2026-06-08T09:22:16.0000000Z;9.933;9.953;1200;1200
2026-06-08T09:22:19.0000000Z;9.933;9.951;1200;1200
2026-06-08T09:22:25.0000000Z;9.931;9.951;1200;1200
2026-06-08T09:22:34.0000000Z;9.933;9.951;1200;1200
2026-06-08T09:22:40.0000000Z;9.933;9.953;1200;1200
2026-06-08T09:22:45.0000000Z;9.935;9.953;1200;1200
2026-06-08T09:23:03.0000000Z;9.933;9.953;1200;1200
2026-06-08T09:23:18.0000000Z;9.933;9.951;1200;1200
2026-06-08T09:24:45.0000000Z;9.931;9.951;1200;1200
2026-06-08T09:24:47.0000000Z;9.931;9.951;1200;1200
2026-06-08T09:24:52.0000000Z;9.931;9.949;1200;1200
2026-06-08T09:25:02.0000000Z;9.931;9.951;1200;1200
2026-06-08T09:25:23.0000000Z;9.931;9.949;1200;1200
2026-06-08T09:25:24.0000000Z;9.929;9.949;1200;1200
2026-06-08T09:25:47.0000000Z;9.931;9.949;1200;1200
2026-06-08T09:26:22.0000000Z;9.929;9.949;1200;1200
2026-06-08T09:26:23.0000000Z;9.929;9.947;1200;1200
2026-06-08T09:28:03.0000000Z;9.927;9.947;1200;1200
2026-06-08T09:28:07.0000000Z;9.927;9.947;1200;1200
2026-06-08T09:28:09.0000000Z;9.927;9.945;1200;1200
2026-06-08T09:28:14.0000000Z;9.925;9.945;1200;1200
2026-06-08T09:28:18.0000000Z;9.925;9.945;1200;1200
2026-06-08T09:28:25.0000000Z;9.925;9.943;1200;1200
2026-06-08T09:28:30.0000000Z;9.925;9.943;1200;1200
2026-06-08T09:28:31.0000000Z;9.923;9.943;1200;1200
2026-06-08T09:28:33.0000000Z;9.923;9.941;1200;1200
2026-06-08T09:29:05.0000000Z;9.923;9.943;1200;1200
2026-06-08T09:29:12.0000000Z;9.925;9.943;1200;1200
2026-06-08T09:30:13.0000000Z;9.923;9.943;1200;1200
2026-06-08T09:30:33.0000000Z;9.925;9.943;1200;1200
2026-06-08T09:30:46.0000000Z;9.923;9.943;1200;1200
2026-06-08T09:31:04.0000000Z;9.923;9.941;1200;1200
2026-06-08T09:31:57.0000000Z;9.921;9.941;1200;1200
2026-06-08T09:32:25.0000000Z;9.921;9.939;1200;1200
2026-06-08T09:32:35.0000000Z;9.921;9.941;1200;1200
2026-06-08T09:32:53.0000000Z;9.923;9.941;1200;1200
2026-06-08T09:32:58.0000000Z;9.923;9.943;1200;1200
2026-06-08T09:33:15.0000000Z;9.923;9.941;1200;1200
2026-06-08T09:33:25.0000000Z;9.921;9.941;1200;1200
2026-06-08T09:33:49.0000000Z;9.921;9.939;1200;1200
2026-06-08T09:33:56.0000000Z;9.919;9.939;1200;1200
2026-06-08T09:34:01.0000000Z;9.919;9.939;1200;1200
2026-06-08T09:34:02.0000000Z;9.919;9.937;1200;1200
2026-06-08T09:34:05.0000000Z;9.917;9.937;1200;1200
2026-06-08T09:34:07.0000000Z;9.917;9.935;1200;1200
2026-06-08T09:34:41.0000000Z;9.917;9.937;1200;1200
2026-06-08T09:34:56.0000000Z;9.917;9.935;1200;1200
2026-06-08T09:35:17.0000000Z;9.917;9.937;1200;1200
2026-06-08T09:35:31.0000000Z;9.917;9.935;1200;1200
2026-06-08T09:35:33.0000000Z;9.915;9.935;1200;1200
2026-06-08T09:35:55.0000000Z;9.915;9.933;1200;1200
2026-06-08T09:36:26.0000000Z;9.915;9.935;1200;1200
2026-06-08T09:36:33.0000000Z;9.917;9.935;1200;1200
2026-06-08T09:36:34.0000000Z;9.917;9.937;1200;1200
2026-06-08T09:36:39.0000000Z;9.917;9.937;1200;1200
2026-06-08T09:36:49.0000000Z;9.917;9.992;1200;548
2026-06-08T09:36:53.0000000Z;9.921;9.973;6311;6311
2026-06-08T09:36:54.0000000Z;9.933;9.952;1200;1200
2026-06-08T09:36:56.0000000Z;9.935;9.954;1200;1200
2026-06-08T09:36:58.0000000Z;9.937;9.956;1200;1200
2026-06-08T09:36:59.0000000Z;9.935;9.954;1200;1200
2026-06-08T09:37:02.0000000Z;9.933;9.952;1200;1200
2026-06-08T09:37:14.0000000Z;9.931;9.95;1200;1200
2026-06-08T09:37:16.0000000Z;9.934;9.953;1200;1200
2026-06-08T09:37:17.0000000Z;9.939;9.958;1200;1200
2026-06-08T09:37:18.0000000Z;9.939;9.958;1200;1200
2026-06-08T09:37:20.0000000Z;9.936;9.955;1200;1200
2026-06-08T09:37:23.0000000Z;9.938;9.957;1200;1200
2026-06-08T09:37:28.0000000Z;9.938;9.957;1200;1200
2026-06-08T09:37:37.0000000Z;9.936;9.955;1200;1200
2026-06-08T09:37:43.0000000Z;9.934;9.953;1200;1200
2026-06-08T09:37:44.0000000Z;9.934;9.953;1200;1200
2026-06-08T09:37:46.0000000Z;9.934;9.951;1200;1200
2026-06-08T09:37:47.0000000Z;9.932;9.951;1200;1200
2026-06-08T09:37:55.0000000Z;9.934;9.953;1200;1200
2026-06-08T09:37:59.0000000Z;9.932;9.951;1200;1200
2026-06-08T09:38:13.0000000Z;9.93;9.949;1200;1200
2026-06-08T09:38:24.0000000Z;9.932;9.951;1200;1200
2026-06-08T09:38:38.0000000Z;9.934;9.953;1200;1200
2026-06-08T09:38:42.0000000Z;9.932;9.951;1200;1200
2026-06-08T09:38:49.0000000Z;9.93;9.949;1200;1200
2026-06-08T09:38:53.0000000Z;9.93;9.949;1200;1200
2026-06-08T09:38:54.0000000Z;9.93;9.949;1200;1200
2026-06-08T09:39:01.0000000Z;9.932;9.951;1200;1200
2026-06-08T09:39:06.0000000Z;9.93;9.949;1200;1200
2026-06-08T09:39:11.0000000Z;9.934;9.953;1200;1200
2026-06-08T09:39:14.0000000Z;9.937;9.956;1200;1200
2026-06-08T09:39:21.0000000Z;9.935;9.954;1200;1200
2026-06-08T09:39:33.0000000Z;9.933;9.952;1200;1200
2026-06-08T09:40:27.0000000Z;9.931;9.95;1200;1200
2026-06-08T09:40:30.0000000Z;9.933;9.95;1200;1200
2026-06-08T09:40:35.0000000Z;9.933;9.952;1200;1200
2026-06-08T09:41:12.0000000Z;9.931;9.95;1200;1200
2026-06-08T09:41:38.0000000Z;9.933;9.95;1200;1200
2026-06-08T09:41:50.0000000Z;9.931;9.95;1200;1200
2026-06-08T09:42:14.0000000Z;9.933;9.95;1200;1200
2026-06-08T09:42:18.0000000Z;9.933;9.952;1200;1200
2026-06-08T09:42:34.0000000Z;9.935;9.954;1200;1200
2026-06-08T09:42:52.0000000Z;9.937;9.956;1200;1200
2026-06-08T09:42:55.0000000Z;9.937;9.956;1200;1200
2026-06-08T09:42:56.0000000Z;9.939;9.958;1200;1200
2026-06-08T09:42:58.0000000Z;9.939;9.958;1200;1200
2026-06-08T09:43:40.0000000Z;9.941;9.96;1200;1200
2026-06-08T09:45:03.0000000Z;9.939;9.958;1200;1200
2026-06-08T09:45:27.0000000Z;9.941;9.96;1200;1200
2026-06-08T09:45:46.0000000Z;9.943;9.962;1200;1200
2026-06-08T09:45:47.0000000Z;9.943;9.962;1200;1200
2026-06-08T09:45:49.0000000Z;9.943;9.962;1200;1200
2026-06-08T09:45:58.0000000Z;9.943;9.962;1200;1200
2026-06-08T09:46:03.0000000Z;9.945;9.962;1200;1200
2026-06-08T09:46:08.0000000Z;9.945;9.964;1200;1200
2026-06-08T09:46:14.0000000Z;9.945;9.964;1200;1200
2026-06-08T09:47:53.0000000Z;9.947;9.966;1200;1200
2026-06-08T09:49:00.0000000Z;9.949;9.968;1200;1200
2026-06-08T09:49:28.0000000Z;9.947;9.966;1200;1200
2026-06-08T09:50:07.0000000Z;9.945;9.964;1200;1200
2026-06-08T09:50:38.0000000Z;9.947;9.964;1200;1200
2026-06-08T09:50:55.0000000Z;9.945;9.964;1200;1200
2026-06-08T09:51:59.0000000Z;9.947;9.964;1200;1200
2026-06-08T09:51:59.0000000Z;9.947;9.966;1200;1200
2026-06-08T09:52:06.0000000Z;9.949;9.968;1200;1200
2026-06-08T09:52:20.0000000Z;9.949;9.968;1200;1200
2026-06-08T09:52:23.0000000Z;9.951;9.97;1200;1200
2026-06-08T09:52:34.0000000Z;9.949;9.968;1200;1200
2026-06-08T09:52:52.0000000Z;9.947;9.966;1200;1200
2026-06-08T09:53:08.0000000Z;9.944;9.963;1200;1200
2026-06-08T09:53:17.0000000Z;9.946;9.965;1200;1200
2026-06-08T09:53:50.0000000Z;9.948;9.965;1200;1200
2026-06-08T09:53:51.0000000Z;9.948;9.967;1200;1200
2026-06-08T09:54:04.0000000Z;9.95;9.967;1200;1200
2026-06-08T09:54:05.0000000Z;9.95;9.969;1200;1200
2026-06-08T09:54:06.0000000Z;9.948;9.967;1200;1200
2026-06-08T09:55:16.0000000Z;9.95;9.969;1200;1200
2026-06-08T09:55:18.0000000Z;9.95;9.969;1200;1200
2026-06-08T09:55:43.0000000Z;9.95;9.969;1200;1200
2026-06-08T09:55:54.0000000Z;9.952;9.971;1200;1200
2026-06-08T09:56:36.0000000Z;9.95;9.969;1200;1200
2026-06-08T09:56:50.0000000Z;9.948;9.967;1200;1200
2026-06-08T09:57:30.0000000Z;9.95;9.969;1200;1200
2026-06-08T09:57:45.0000000Z;9.952;9.969;1200;1200
2026-06-08T09:57:59.0000000Z;9.95;9.969;1200;1200
2026-06-08T09:58:22.0000000Z;9.952;9.971;1200;1200
2026-06-08T09:58:32.0000000Z;9.954;9.971;1200;1200
2026-06-08T09:58:37.0000000Z;9.954;9.973;1200;1200
2026-06-08T09:58:57.0000000Z;9.952;9.971;1200;1200
2026-06-08T10:00:01.0000000Z;9.954;9.973;1200;1200
2026-06-08T10:00:16.0000000Z;9.952;9.971;1200;1200
2026-06-08T10:00:20.0000000Z;9.95;9.969;1200;1200
2026-06-08T10:02:00.0000000Z;9.935;9.969;6311;1200
2026-06-08T10:02:01.0000000Z;9.948;9.967;1200;1200
2026-06-08T10:02:02.0000000Z;9.935;9.967;6311;1200
2026-06-08T10:02:04.0000000Z;9.926;9.967;5732;1200
2026-06-08T10:02:05.0000000Z;9.929;9.967;6311;1200
2026-06-08T10:02:07.0000000Z;9.923;9.967;6311;1200
2026-06-08T10:02:09.0000000Z;9.923;9.967;6311;1200
2026-06-08T10:02:10.0000000Z;9.923;9.967;6311;1200
2026-06-08T10:02:13.0000000Z;9.942;9.962;1200;1200
2026-06-08T10:02:14.0000000Z;9.944;9.962;1200;1200
2026-06-08T10:02:19.0000000Z;9.942;9.962;1200;1200
2026-06-08T10:02:20.0000000Z;9.942;9.96;1200;1200
2026-06-08T10:02:27.0000000Z;9.942;9.962;1200;1200
2026-06-08T10:02:29.0000000Z;9.944;9.962;1200;1200
2026-06-08T10:02:41.0000000Z;9.944;9.964;1200;1200
2026-06-08T10:02:56.0000000Z;9.946;9.964;1200;1200
2026-06-08T10:02:59.0000000Z;9.946;9.966;1200;1200
2026-06-08T10:03:00.0000000Z;9.948;9.966;1200;1200
2026-06-08T10:03:44.0000000Z;9.948;9.968;1200;1200
2026-06-08T10:03:48.0000000Z;9.948;9.966;1200;1200
2026-06-08T10:04:05.0000000Z;9.946;9.966;1200;1200
2026-06-08T10:04:06.0000000Z;9.946;9.964;1200;1200
2026-06-08T10:04:10.0000000Z;9.946;9.966;1200;1200
2026-06-08T10:04:34.0000000Z;9.948;9.966;1200;1200
2026-06-08T10:04:53.0000000Z;9.946;9.966;1200;1200
2026-06-08T10:05:16.0000000Z;9.948;9.966;1200;1200
2026-06-08T10:05:29.0000000Z;9.948;9.968;1200;1200
2026-06-08T10:05:31.0000000Z;9.95;9.968;1200;1200
2026-06-08T10:05:34.0000000Z;9.95;9.968;1200;1200
2026-06-08T10:05:45.0000000Z;9.948;9.968;1200;1200
2026-06-08T10:06:08.0000000Z;9.95;9.968;1200;1200
2026-06-08T10:06:14.0000000Z;9.95;9.97;1200;1200
2026-06-08T10:06:23.0000000Z;9.952;9.97;1200;1200
2026-06-08T10:06:36.0000000Z;9.952;9.972;1200;1200
2026-06-08T10:06:41.0000000Z;9.954;9.972;1200;1200
2026-06-08T10:06:42.0000000Z;9.954;9.972;1200;1200
2026-06-08T10:06:47.0000000Z;9.954;9.974;1200;1200
2026-06-08T10:06:52.0000000Z;9.956;9.974;1200;1200
2026-06-08T10:06:53.0000000Z;9.956;9.976;1200;1200
2026-06-08T10:06:56.0000000Z;9.958;9.976;1200;1200
2026-06-08T10:07:03.0000000Z;9.958;9.976;1200;1200
2026-06-08T10:07:33.0000000Z;9.958;9.978;1200;1200
2026-06-08T10:07:38.0000000Z;9.958;9.976;1200;1200
2026-06-08T10:07:49.0000000Z;9.956;9.976;1200;1200
2026-06-08T10:08:00.0000000Z;9.958;9.976;1200;1200
2026-06-08T10:08:13.0000000Z;9.958;9.978;1200;1200
2026-06-08T10:08:32.0000000Z;9.96;9.978;1200;1200
2026-06-08T10:08:43.0000000Z;9.958;9.978;1200;1200
2026-06-08T10:08:44.0000000Z;9.958;9.976;1200;1200
2026-06-08T10:09:09.0000000Z;9.958;9.978;1200;1200
2026-06-08T10:09:15.0000000Z;9.96;9.978;1200;1200
2026-06-08T10:09:16.0000000Z;9.96;9.978;1200;1200
2026-06-08T10:09:18.0000000Z;9.96;9.98;1200;1200
2026-06-08T10:09:36.0000000Z;9.96;9.978;1200;1200
2026-06-08T10:09:43.0000000Z;9.958;9.978;1200;1200
2026-06-08T10:09:45.0000000Z;9.958;9.976;1200;1200
2026-06-08T10:09:53.0000000Z;9.956;9.976;1200;1200
2026-06-08T10:09:54.0000000Z;9.956;9.974;1200;1200
2026-06-08T10:10:12.0000000Z;9.956;9.974;1200;1200
2026-06-08T10:10:14.0000000Z;9.954;9.974;1200;1200
2026-06-08T10:10:23.0000000Z;9.956;9.974;1200;1200
2026-06-08T10:10:40.0000000Z;9.956;9.976;1200;1200
2026-06-08T10:10:45.0000000Z;9.958;9.976;1200;1200
2026-06-08T10:12:05.0000000Z;9.958;9.978;1200;1200
2026-06-08T10:12:10.0000000Z;9.96;9.978;1200;1200
2026-06-08T10:12:12.0000000Z;9.96;9.978;1200;1200
2026-06-08T10:12:43.0000000Z;9.96;9.98;1200;1200
2026-06-08T10:13:56.0000000Z;9.96;9.978;1200;1200
2026-06-08T10:14:03.0000000Z;9.958;9.978;1200;1200
2026-06-08T10:14:14.0000000Z;9.958;9.976;1200;1200
2026-06-08T10:14:22.0000000Z;9.958;9.978;1200;1200
2026-06-08T10:14:46.0000000Z;9.958;9.976;1200;1200
2026-06-08T10:14:59.0000000Z;9.958;9.978;1200;1200
2026-06-08T10:16:23.0000000Z;9.958;9.976;1200;1200
2026-06-08T10:16:38.0000000Z;9.956;9.976;1200;1200
2026-06-08T10:16:40.0000000Z;9.956;9.974;1200;1200
2026-06-08T10:16:42.0000000Z;9.956;9.974;1200;1200
2026-06-08T10:16:48.0000000Z;9.954;9.974;1200;1200
2026-06-08T10:16:55.0000000Z;9.954;9.972;1200;1200
2026-06-08T10:17:04.0000000Z;9.952;9.972;1200;1200
2026-06-08T10:17:08.0000000Z;9.952;9.972;1200;1200
2026-06-08T10:17:09.0000000Z;9.952;9.97;1200;1200
2026-06-08T10:17:12.0000000Z;9.95;9.97;1200;1200
2026-06-08T10:17:16.0000000Z;9.95;9.968;1200;1200
2026-06-08T10:17:31.0000000Z;9.95;9.968;1200;1200
2026-06-08T10:17:52.0000000Z;9.95;9.97;1200;1200
2026-06-08T10:19:09.0000000Z;9.952;9.97;1200;1200
2026-06-08T10:19:37.0000000Z;9.95;9.97;1200;1200
2026-06-08T10:19:52.0000000Z;9.95;9.968;1200;1200
2026-06-08T10:20:58.0000000Z;9.95;9.97;1200;1200
2026-06-08T10:22:36.0000000Z;9.95;9.968;1200;1200
2026-06-08T10:22:48.0000000Z;9.948;9.968;1200;1200
2026-06-08T10:22:50.0000000Z;9.948;9.966;1200;1200
2026-06-08T10:23:03.0000000Z;9.946;9.966;1200;1200
2026-06-08T10:23:27.0000000Z;9.948;9.966;1200;1200
2026-06-08T10:23:48.0000000Z;9.948;9.968;1200;1200
2026-06-08T10:24:08.0000000Z;9.95;9.968;1200;1200
2026-06-08T10:24:14.0000000Z;9.95;9.97;1200;1200
2026-06-08T10:24:45.0000000Z;9.95;9.967;1200;1200
2026-06-08T10:25:07.0000000Z;9.95;9.969;1200;1200
2026-06-08T10:25:25.0000000Z;9.952;9.969;1200;1200
2026-06-08T10:25:28.0000000Z;9.952;9.971;1200;1200
2026-06-08T10:25:54.0000000Z;9.954;9.973;1200;1200
2026-06-08T10:26:04.0000000Z;9.954;9.971;1200;1200
2026-06-08T10:26:05.0000000Z;9.952;9.971;1200;1200
2026-06-08T10:27:14.0000000Z;9.95;9.969;1200;1200
2026-06-08T10:28:58.0000000Z;9.952;9.969;1200;1200
2026-06-08T10:29:04.0000000Z;9.952;9.971;1200;1200
2026-06-08T10:29:20.0000000Z;9.954;9.973;1200;1200
2026-06-08T10:29:46.0000000Z;9.956;9.975;1200;1200
2026-06-08T10:30:29.0000000Z;9.954;9.973;1200;1200
2026-06-08T10:31:11.0000000Z;9.956;9.975;1200;1200
2026-06-08T10:31:25.0000000Z;9.956;9.973;1200;1200
2026-06-08T10:31:27.0000000Z;9.954;9.973;1200;1200
2026-06-08T10:32:21.0000000Z;9.956;9.973;1200;1200
2026-06-08T10:32:35.0000000Z;9.954;9.973;1200;1200
2026-06-08T10:33:13.0000000Z;9.956;9.975;1200;1200
2026-06-08T10:33:24.0000000Z;9.956;9.975;1200;1200
2026-06-08T10:33:31.0000000Z;9.956;9.975;1200;1200
2026-06-08T10:33:34.0000000Z;9.958;9.975;1200;1200
2026-06-08T10:33:35.0000000Z;9.958;9.977;1200;1200
2026-06-08T10:33:43.0000000Z;9.96;9.979;1200;1200
2026-06-08T10:33:45.0000000Z;9.96;9.979;1200;1200
2026-06-08T10:34:10.0000000Z;9.96;9.979;1200;1200
2026-06-08T10:34:19.0000000Z;9.983;10.002;1200;1200
2026-06-08T10:34:20.0000000Z;9.983;10.002;1200;1200
2026-06-08T10:34:22.0000000Z;9.98;9.999;1200;1200
2026-06-08T10:34:23.0000000Z;9.977;9.996;1200;1200
2026-06-08T10:34:25.0000000Z;9.977;10.016;1200;6311
2026-06-08T10:34:26.0000000Z;9.977;10.016;1200;6311
2026-06-08T10:34:29.0000000Z;9.977;10.024;1200;6311
2026-06-08T10:34:30.0000000Z;9.993;10.012;1200;1200
2026-06-08T10:34:31.0000000Z;9.993;10.012;1200;1200
2026-06-08T10:34:33.0000000Z;9.964;10.012;5732;1200
2026-06-08T10:34:34.0000000Z;9.988;10.008;1200;1200
2026-06-08T10:34:36.0000000Z;9.991;10.01;1200;1200
2026-06-08T10:34:37.0000000Z;9.988;10.01;1200;1200
2026-06-08T10:34:38.0000000Z;9.985;10.004;1200;1200
2026-06-08T10:34:45.0000000Z;9.983;10.002;1200;1200
2026-06-08T10:34:50.0000000Z;9.985;10.004;1200;1200
2026-06-08T10:34:52.0000000Z;9.944;10.004;548;1200
2026-06-08T10:34:53.0000000Z;9.979;9.998;1200;1200
2026-06-08T10:34:58.0000000Z;9.977;9.996;1200;1200
2026-06-08T10:35:00.0000000Z;9.979;9.998;1200;1200
2026-06-08T10:35:04.0000000Z;9.944;9.998;548;1200
2026-06-08T10:35:05.0000000Z;9.957;9.998;6311;1200
2026-06-08T10:35:06.0000000Z;9.974;9.993;1200;1200
2026-06-08T10:35:07.0000000Z;9.972;9.991;1200;1200
2026-06-08T10:35:14.0000000Z;9.975;9.994;1200;1200
2026-06-08T10:35:15.0000000Z;9.973;9.992;1200;1200
2026-06-08T10:35:18.0000000Z;9.971;9.99;1200;1200
2026-06-08T10:35:20.0000000Z;9.971;9.99;1200;1200
2026-06-08T10:35:21.0000000Z;9.971;9.99;1200;1200
2026-06-08T10:35:22.0000000Z;9.973;9.992;1200;1200
2026-06-08T10:35:26.0000000Z;9.975;9.994;1200;1200
2026-06-08T10:35:29.0000000Z;9.977;9.996;1200;1200
2026-06-08T10:35:34.0000000Z;9.975;9.994;1200;1200
2026-06-08T10:35:50.0000000Z;9.975;9.994;1200;1200
2026-06-08T10:36:02.0000000Z;9.973;9.992;1200;1200
2026-06-08T10:36:13.0000000Z;9.975;9.994;1200;1200
2026-06-08T10:36:16.0000000Z;9.977;9.996;1200;1200
2026-06-08T10:36:43.0000000Z;9.979;9.998;1200;1200
2026-06-08T10:36:45.0000000Z;9.979;9.998;1200;1200
2026-06-08T10:36:58.0000000Z;9.977;9.996;1200;1200
2026-06-08T10:37:14.0000000Z;9.979;9.998;1200;1200
2026-06-08T10:37:31.0000000Z;9.976;9.995;1200;1200
2026-06-08T10:38:03.0000000Z;9.976;9.995;1200;1200
2026-06-08T10:38:10.0000000Z;9.974;9.993;1200;1200
2026-06-08T10:38:13.0000000Z;9.974;9.993;1200;1200
2026-06-08T10:38:35.0000000Z;9.976;9.995;1200;1200
2026-06-08T10:38:43.0000000Z;9.978;9.997;1200;1200
2026-06-08T10:39:06.0000000Z;9.976;9.995;1200;1200
2026-06-08T10:39:21.0000000Z;9.974;9.993;1200;1200
2026-06-08T10:40:03.0000000Z;9.972;9.991;1200;1200
2026-06-08T10:40:29.0000000Z;9.974;9.993;1200;1200
2026-06-08T10:41:10.0000000Z;9.976;9.995;1200;1200
2026-06-08T10:42:56.0000000Z;9.978;9.995;1200;1200
2026-06-08T10:42:57.0000000Z;9.978;9.997;1200;1200
2026-06-08T10:43:25.0000000Z;9.978;9.997;1200;1200
2026-06-08T10:43:29.0000000Z;9.98;9.999;1200;1200
2026-06-08T10:43:40.0000000Z;9.978;9.997;1200;1200
2026-06-08T10:44:27.0000000Z;9.978;9.995;1200;1200
2026-06-08T10:44:28.0000000Z;9.976;9.995;1200;1200
2026-06-08T10:45:39.0000000Z;9.976;9.995;1200;1200
2026-06-08T10:45:40.0000000Z;9.974;9.993;1200;1200
2026-06-08T10:45:42.0000000Z;9.974;9.993;1200;1200
2026-06-08T10:45:43.0000000Z;9.974;9.993;1200;1200
2026-06-08T10:45:52.0000000Z;9.974;9.993;1200;1200
2026-06-08T10:46:27.0000000Z;9.972;9.991;1200;1200
2026-06-08T10:46:39.0000000Z;9.97;9.989;1200;1200
2026-06-08T10:47:08.0000000Z;9.968;9.987;1200;1200
2026-06-08T10:47:11.0000000Z;9.968;9.987;1200;1200
2026-06-08T10:47:15.0000000Z;9.968;9.987;1200;1200
2026-06-08T10:48:38.0000000Z;9.97;9.989;1200;1200
2026-06-08T10:49:01.0000000Z;9.972;9.991;1200;1200
2026-06-08T10:49:55.0000000Z;9.97;9.989;1200;1200
2026-06-08T10:51:01.0000000Z;9.951;9.989;6311;1200
2026-06-08T10:51:02.0000000Z;9.965;9.984;1200;1200
2026-06-08T10:51:03.0000000Z;9.967;9.986;1200;1200
2026-06-08T10:51:47.0000000Z;9.969;9.986;1200;1200
2026-06-08T10:51:48.0000000Z;9.969;9.988;1200;1200
2026-06-08T10:52:45.0000000Z;9.971;9.988;1200;1200
2026-06-08T10:52:52.0000000Z;9.971;9.99;1200;1200
2026-06-08T10:53:59.0000000Z;9.969;9.988;1200;1200
2026-06-08T10:54:27.0000000Z;9.967;9.986;1200;1200
2026-06-08T10:55:32.0000000Z;9.965;9.984;1200;1200
2026-06-08T10:55:46.0000000Z;9.963;9.982;1200;1200
2026-06-08T10:55:47.0000000Z;9.963;9.982;1200;1200
2026-06-08T10:56:20.0000000Z;9.963;9.982;1200;1200
2026-06-08T10:56:24.0000000Z;9.961;9.98;1200;1200
2026-06-08T10:56:26.0000000Z;9.961;9.98;1200;1200
2026-06-08T10:56:40.0000000Z;9.959;9.978;1200;1200
2026-06-08T10:57:10.0000000Z;9.961;9.98;1200;1200
2026-06-08T10:58:18.0000000Z;9.963;9.982;1200;1200
2026-06-08T11:00:05.0000000Z;9.961;9.98;1200;1200
2026-06-08T11:00:47.0000000Z;9.959;9.978;1200;1200
2026-06-08T11:01:13.0000000Z;9.957;9.976;1200;1200
2026-06-08T11:01:14.0000000Z;9.957;9.976;1200;1200
2026-06-08T11:01:50.0000000Z;9.957;9.976;1200;1200
2026-06-08T11:01:54.0000000Z;9.955;9.974;1200;1200
2026-06-08T11:02:04.0000000Z;9.955;9.974;1200;1200
2026-06-08T11:02:22.0000000Z;9.957;9.974;1200;1200
2026-06-08T11:02:23.0000000Z;9.957;9.976;1200;1200
2026-06-08T11:02:42.0000000Z;9.957;9.974;1200;1200
2026-06-08T11:03:03.0000000Z;9.957;9.976;1200;1200
2026-06-08T11:03:30.0000000Z;9.959;9.978;1200;1200
2026-06-08T11:04:10.0000000Z;9.957;9.976;1200;1200
2026-06-08T11:04:49.0000000Z;9.959;9.978;1200;1200
2026-06-08T11:05:06.0000000Z;9.961;9.98;1200;1200
2026-06-08T11:05:19.0000000Z;9.961;9.978;1200;1200
2026-06-08T11:05:21.0000000Z;9.961;9.98;1200;1200
2026-06-08T11:05:22.0000000Z;9.961;9.978;1200;1200
2026-06-08T11:05:27.0000000Z;9.959;9.978;1200;1200
2026-06-08T11:05:31.0000000Z;9.961;9.98;1200;1200
2026-06-08T11:06:16.0000000Z;9.959;9.978;1200;1200
2026-06-08T11:07:03.0000000Z;9.961;9.98;1200;1200
2026-06-08T11:07:18.0000000Z;9.961;9.98;1200;1200
2026-06-08T11:07:33.0000000Z;9.963;9.982;1200;1200
2026-06-08T11:07:48.0000000Z;9.963;9.982;1200;1200
2026-06-08T11:08:44.0000000Z;9.965;9.984;1200;1200
2026-06-08T11:09:01.0000000Z;9.963;9.982;1200;1200
2026-06-08T11:09:42.0000000Z;9.965;9.984;1200;1200
2026-06-08T11:09:59.0000000Z;9.965;10.008;1200;5732
2026-06-08T11:10:00.0000000Z;9.968;9.987;1200;1200
2026-06-08T11:10:36.0000000Z;9.97;9.989;1200;1200
2026-06-08T11:10:37.0000000Z;9.97;9.989;1200;1200
2026-06-08T11:10:38.0000000Z;9.972;9.991;1200;1200
2026-06-08T11:10:43.0000000Z;9.972;10.016;1200;5732
2026-06-08T11:10:44.0000000Z;9.974;9.993;1200;1200
2026-06-08T11:10:45.0000000Z;9.974;9.993;1200;1200
2026-06-08T11:10:53.0000000Z;9.974;9.993;1200;1200
2026-06-08T11:10:55.0000000Z;9.974;10.01;1200;6311
2026-06-08T11:10:57.0000000Z;9.974;10.018;1200;6311
2026-06-08T11:11:06.0000000Z;9.971;10.012;5732;1200
2026-06-08T11:11:12.0000000Z;9.989;10.01;1200;1200
2026-06-08T11:11:13.0000000Z;9.991;10.01;1200;1200
2026-06-08T11:11:16.0000000Z;9.989;10.008;1200;1200
2026-06-08T11:11:22.0000000Z;9.991;10.01;1200;1200
2026-06-08T11:11:28.0000000Z;9.989;10.008;1200;1200
2026-06-08T11:11:31.0000000Z;9.986;10.008;1200;1200
2026-06-08T11:11:38.0000000Z;9.986;10.026;1200;6311
2026-06-08T11:11:40.0000000Z;9.992;10.01;1200;1200
2026-06-08T11:11:46.0000000Z;9.989;10.008;1200;1200
2026-06-08T11:11:48.0000000Z;9.987;10.006;1200;1200
2026-06-08T11:12:18.0000000Z;9.989;10.008;1200;1200
2026-06-08T11:12:19.0000000Z;9.991;10.01;1200;1200
2026-06-08T11:12:22.0000000Z;9.993;10.012;1200;1200
2026-06-08T11:12:32.0000000Z;9.991;10.01;1200;1200
2026-06-08T11:12:44.0000000Z;9.993;10.012;1200;1200
2026-06-08T11:12:57.0000000Z;9.991;10.01;1200;1200
2026-06-08T11:13:10.0000000Z;9.993;10.012;1200;1200
2026-06-08T11:13:11.0000000Z;9.993;10.012;1200;1200
2026-06-08T11:13:20.0000000Z;9.991;10.01;1200;1200
2026-06-08T11:13:26.0000000Z;9.989;10.008;1200;1200
2026-06-08T11:14:05.0000000Z;9.991;10.01;1200;1200
2026-06-08T11:14:14.0000000Z;9.991;10.01;1200;1200
2026-06-08T11:14:17.0000000Z;9.993;10.012;1200;1200
2026-06-08T11:14:24.0000000Z;9.991;10.01;1200;1200
2026-06-08T11:14:27.0000000Z;9.994;10.014;1200;1200
2026-06-08T11:14:32.0000000Z;9.994;10.014;1200;1200
2026-06-08T11:14:44.0000000Z;9.997;10.016;1200;1200
2026-06-08T11:14:55.0000000Z;9.999;10.018;1200;1200
2026-06-08T11:14:57.0000000Z;9.999;10.036;1200;548
2026-06-08T11:14:58.0000000Z;10.002;10.022;1200;1200
2026-06-08T11:14:59.0000000Z;10.002;10.022;1200;1200
2026-06-08T11:15:10.0000000Z;10.002;10.066;1200;548
2026-06-08T11:15:11.0000000Z;10.01;10.034;1200;1200
2026-06-08T11:15:12.0000000Z;10.01;10.03;1200;1200
2026-06-08T11:15:13.0000000Z;10.01;10.03;1200;1200
2026-06-08T11:15:15.0000000Z;10.006;10.026;1200;1200
2026-06-08T11:15:33.0000000Z;10.006;10.026;1200;1200
2026-06-08T11:15:36.0000000Z;10.006;10.066;1200;548
2026-06-08T11:15:37.0000000Z;10.012;10.032;1200;1200
2026-06-08T11:15:38.0000000Z;10.008;10.028;1200;1200
2026-06-08T11:15:51.0000000Z;10.008;10.028;1200;1200
2026-06-08T11:16:06.0000000Z;10.004;10.024;1200;1200
2026-06-08T11:16:11.0000000Z;10.004;10.024;1200;1200
2026-06-08T11:16:16.0000000Z;10.004;10.024;1200;1200
2026-06-08T11:17:05.0000000Z;10;10.02;1200;1200
2026-06-08T11:17:06.0000000Z;10;10.02;1200;1200
2026-06-08T11:17:22.0000000Z;10.004;10.024;1200;1200
2026-06-08T11:18:06.0000000Z;10;10.024;1200;1200
2026-06-08T11:18:08.0000000Z;10;10.02;1200;1200
2026-06-08T11:18:25.0000000Z;10.004;10.024;1200;1200
2026-06-08T11:18:47.0000000Z;10.004;10.024;1200;1200
2026-06-08T11:18:48.0000000Z;10.004;10.024;1200;1200
2026-06-08T11:19:07.0000000Z;10.008;10.028;1200;1200
2026-06-08T11:19:15.0000000Z;10.004;10.028;1200;1200
2026-06-08T11:19:18.0000000Z;10.004;10.022;1200;1200
2026-06-08T11:19:26.0000000Z;10.004;10.026;1200;1200
2026-06-08T11:19:41.0000000Z;10.008;10.026;1200;1200
2026-06-08T11:19:48.0000000Z;10.008;10.026;1200;1200
2026-06-08T11:19:50.0000000Z;10.008;10.03;1200;1200
2026-06-08T11:19:52.0000000Z;10.008;10.03;1200;1200
2026-06-08T11:19:53.0000000Z;10.008;10.03;1200;1200
2026-06-08T11:19:57.0000000Z;10.012;10.03;1200;1200
2026-06-08T11:20:10.0000000Z;10.012;10.034;1200;1200
2026-06-08T11:20:15.0000000Z;10.016;10.034;1200;1200
2026-06-08T11:20:40.0000000Z;9.995;10.034;6311;1200
2026-06-08T11:20:41.0000000Z;10.012;10.034;1200;1200
2026-06-08T11:20:47.0000000Z;10.012;10.03;1200;1200
2026-06-08T11:20:50.0000000Z;10.012;10.034;1200;1200
2026-06-08T11:21:02.0000000Z;10.016;10.034;1200;1200
2026-06-08T11:21:14.0000000Z;10.016;10.034;1200;1200
2026-06-08T11:21:19.0000000Z;10.016;10.034;1200;1200
2026-06-08T11:21:29.0000000Z;10.016;10.038;1200;1200
2026-06-08T11:21:33.0000000Z;10.016;10.038;1200;1200
2026-06-08T11:21:36.0000000Z;10.016;10.038;1200;1200
2026-06-08T11:21:37.0000000Z;10.016;10.038;1200;1200
2026-06-08T11:21:43.0000000Z;10.02;10.038;1200;1200
2026-06-08T11:22:09.0000000Z;10.016;10.038;1200;1200
2026-06-08T11:23:01.0000000Z;10.016;10.034;1200;1200
2026-06-08T11:23:07.0000000Z;10.012;10.034;1200;1200
2026-06-08T11:23:09.0000000Z;10.012;10.034;1200;1200
2026-06-08T11:23:15.0000000Z;10.012;10.03;1200;1200
2026-06-08T11:23:50.0000000Z;10.012;10.03;1200;1200
2026-06-08T11:23:51.0000000Z;10.008;10.03;1200;1200
2026-06-08T11:24:06.0000000Z;10.012;10.03;1200;1200
2026-06-08T11:25:47.0000000Z;10.008;10.03;1200;1200
2026-06-08T11:26:46.0000000Z;10.012;10.03;1200;1200
2026-06-08T11:26:48.0000000Z;10.012;10.034;1200;1200
2026-06-08T11:28:23.0000000Z;10.012;10.03;1200;1200
2026-06-08T11:28:33.0000000Z;10.008;10.03;1200;1200
2026-06-08T11:28:58.0000000Z;10.012;10.03;1200;1200
2026-06-08T11:29:34.0000000Z;10.012;10.034;1200;1200
2026-06-08T11:29:52.0000000Z;10.016;10.034;1200;1200
2026-06-08T11:30:03.0000000Z;10.016;10.034;1200;1200
2026-06-08T11:30:28.0000000Z;10.016;10.038;1200;1200
2026-06-08T11:30:38.0000000Z;10.016;10.038;1200;1200
2026-06-08T11:31:22.0000000Z;10.016;10.038;1200;1200
2026-06-08T11:31:29.0000000Z;10.02;10.038;1200;1200
2026-06-08T11:31:49.0000000Z;10.02;10.042;1200;1200
2026-06-08T11:32:20.0000000Z;10.02;10.042;1200;1200
2026-06-08T11:33:00.0000000Z;10.024;10.042;1200;1200
2026-06-08T11:33:53.0000000Z;10.02;10.042;1200;1200
2026-06-08T11:34:02.0000000Z;10.02;10.038;1200;1200
2026-06-08T11:34:04.0000000Z;10.02;10.038;1200;1200
2026-06-08T11:34:16.0000000Z;10.016;10.038;1200;1200
2026-06-08T11:34:57.0000000Z;10.02;10.038;1200;1200
2026-06-08T11:35:31.0000000Z;10.016;10.038;1200;1200
2026-06-08T11:35:53.0000000Z;10.02;10.038;1200;1200
2026-06-08T11:36:31.0000000Z;10.016;10.038;1200;1200
2026-06-08T11:36:36.0000000Z;10.016;10.034;1200;1200
2026-06-08T11:37:23.0000000Z;10.016;10.038;1200;1200
2026-06-08T11:37:32.0000000Z;10.02;10.038;1200;1200
2026-06-08T11:40:18.0000000Z;10.016;10.038;1200;1200
2026-06-08T11:41:13.0000000Z;10.016;10.034;1200;1200
2026-06-08T11:43:38.0000000Z;10.012;10.034;1200;1200
2026-06-08T11:43:42.0000000Z;10.012;10.034;1200;1200
2026-06-08T11:43:43.0000000Z;10.012;10.034;1200;1200
2026-06-08T11:43:57.0000000Z;10.012;10.03;1200;1200
2026-06-08T11:44:02.0000000Z;10.012;10.03;1200;1200
2026-06-08T11:44:11.0000000Z;10.008;10.03;1200;1200
2026-06-08T11:46:21.0000000Z;10.008;10.026;1200;1200
2026-06-08T11:46:26.0000000Z;10.008;10.026;1200;1200
2026-06-08T11:46:31.0000000Z;10.008;10.026;1200;1200
2026-06-08T11:46:44.0000000Z;10.004;10.026;1200;1200
2026-06-08T11:46:48.0000000Z;10.004;10.026;1200;1200
2026-06-08T11:46:54.0000000Z;10.004;10.026;1200;1200
2026-06-08T11:46:56.0000000Z;10.004;10.022;1200;1200
2026-06-08T11:47:21.0000000Z;9.99;10.022;6311;1200
2026-06-08T11:47:22.0000000Z;9.984;10.022;6311;1200
2026-06-08T11:47:23.0000000Z;10;10.022;1200;1200
2026-06-08T11:47:24.0000000Z;10;10.022;1200;1200
2026-06-08T11:47:25.0000000Z;10;10.022;1200;1200
2026-06-08T11:47:35.0000000Z;10;10.022;1200;1200
2026-06-08T11:47:48.0000000Z;10;10.018;1200;1200
2026-06-08T11:48:48.0000000Z;9.997;10.016;1200;1200
2026-06-08T11:49:14.0000000Z;9.999;10.018;1200;1200
2026-06-08T11:50:00.0000000Z;10.002;10.022;1200;1200
2026-06-08T11:51:06.0000000Z;10.002;10.022;1200;1200
2026-06-08T11:51:14.0000000Z;10.006;10.026;1200;1200
2026-06-08T11:51:17.0000000Z;10.006;10.026;1200;1200
2026-06-08T11:52:34.0000000Z;10.002;10.022;1200;1200
2026-06-08T11:54:18.0000000Z;10.006;10.026;1200;1200
2026-06-08T11:56:54.0000000Z;10.006;10.03;1200;1200
2026-06-08T11:56:56.0000000Z;10.01;10.03;1200;1200
2026-06-08T11:57:00.0000000Z;10.01;10.03;1200;1200
2026-06-08T11:57:27.0000000Z;10.006;10.03;1200;1200
2026-06-08T11:57:30.0000000Z;10.006;10.026;1200;1200
2026-06-08T11:59:09.0000000Z;10.002;10.022;1200;1200
2026-06-08T11:59:38.0000000Z;10.006;10.026;1200;1200
2026-06-08T12:00:13.0000000Z;10.002;10.022;1200;1200
2026-06-08T12:00:27.0000000Z;10.006;10.026;1200;1200
2026-06-08T12:00:41.0000000Z;10.01;10.03;1200;1200
2026-06-08T12:00:45.0000000Z;10.01;10.03;1200;1200
2026-06-08T12:00:48.0000000Z;10.01;10.03;1200;1200
2026-06-08T12:00:54.0000000Z;10.01;10.03;1200;1200
2026-06-08T12:01:00.0000000Z;10.014;10.034;1200;1200
2026-06-08T12:01:37.0000000Z;10.01;10.03;1200;1200
2026-06-08T12:02:30.0000000Z;10.014;10.034;1200;1200
2026-06-08T12:03:52.0000000Z;9.996;10.034;6311;1200
2026-06-08T12:03:53.0000000Z;10.01;10.03;1200;1200
2026-06-08T12:05:03.0000000Z;10.014;10.034;1200;1200
2026-06-08T12:05:57.0000000Z;10.01;10.03;1200;1200
2026-06-08T12:06:35.0000000Z;10.014;10.034;1200;1200
2026-06-08T12:07:13.0000000Z;10.01;10.03;1200;1200
2026-06-08T12:08:38.0000000Z;10.014;10.034;1200;1200
2026-06-08T12:10:50.0000000Z;10.01;10.03;1200;1200
2026-06-08T12:11:17.0000000Z;10.006;10.026;1200;1200
2026-06-08T12:11:19.0000000Z;10.006;10.026;1200;1200
2026-06-08T12:11:52.0000000Z;10.01;10.03;1200;1200
2026-06-08T12:11:55.0000000Z;10.01;10.03;1200;1200
2026-06-08T12:12:02.0000000Z;10.01;10.03;1200;1200
2026-06-08T12:13:37.0000000Z;10.006;10.026;1200;1200
2026-06-08T12:13:47.0000000Z;10.01;10.03;1200;1200
2026-06-08T12:13:55.0000000Z;9.996;10.03;6311;1200
2026-06-08T12:13:56.0000000Z;10.006;10.026;1200;1200
2026-06-08T12:13:57.0000000Z;10.006;10.026;1200;1200
2026-06-08T12:14:46.0000000Z;10.006;10.026;1200;1200
2026-06-08T12:15:19.0000000Z;10.006;10.026;1200;1200
2026-06-08T12:15:23.0000000Z;10.002;10.022;1200;1200
2026-06-08T12:17:15.0000000Z;10.006;10.026;1200;1200
2026-06-08T12:19:17.0000000Z;10.006;10.03;1200;1200
2026-06-08T12:20:05.0000000Z;10.01;10.03;1200;1200
2026-06-08T12:20:36.0000000Z;10.01;10.03;1200;1200
2026-06-08T12:20:37.0000000Z;10.01;10.03;1200;1200
2026-06-08T12:21:04.0000000Z;10.01;10.048;1200;6311
2026-06-08T12:21:06.0000000Z;10.014;10.034;1200;1200
2026-06-08T12:21:36.0000000Z;10.01;10.03;1200;1200
2026-06-08T12:22:32.0000000Z;10.014;10.034;1200;1200
2026-06-08T12:23:22.0000000Z;10.01;10.034;1200;1200
2026-06-08T12:23:24.0000000Z;10.01;10.03;1200;1200
2026-06-08T12:27:18.0000000Z;10.006;10.026;1200;1200
2026-06-08T12:27:20.0000000Z;10.006;10.026;1200;1200
2026-06-08T12:28:23.0000000Z;10.006;10.03;1200;1200
2026-06-08T12:28:24.0000000Z;10.01;10.03;1200;1200
2026-06-08T12:29:20.0000000Z;10.01;10.03;1200;1200
2026-06-08T12:32:18.0000000Z;10.014;10.034;1200;1200
2026-06-08T12:33:46.0000000Z;10.01;10.03;1200;1200
2026-06-08T12:36:14.0000000Z;10.014;10.034;1200;1200
2026-06-08T12:37:35.0000000Z;10.01;10.03;1200;1200
2026-06-08T12:42:37.0000000Z;10.01;10.064;1200;5732
2026-06-08T12:42:38.0000000Z;10.018;10.038;1200;1200
2026-06-08T12:42:40.0000000Z;10.014;10.034;1200;1200
2026-06-08T12:42:42.0000000Z;10.014;10.034;1200;1200
2026-06-08T12:44:00.0000000Z;10.014;10.034;1200;1200
2026-06-08T12:44:04.0000000Z;10.01;10.034;1200;1200
2026-06-08T12:44:07.0000000Z;10.01;10.03;1200;1200
2026-06-08T12:47:05.0000000Z;10.006;10.026;1200;1200
2026-06-08T12:47:39.0000000Z;10.006;10.026;1200;1200
2026-06-08T12:47:41.0000000Z;10.006;10.026;1200;1200
2026-06-08T12:49:08.0000000Z;10.01;10.03;1200;1200
2026-06-08T12:50:20.0000000Z;10.006;10.026;1200;1200
2026-06-08T12:51:03.0000000Z;10.006;10.026;1200;1200
2026-06-08T12:51:54.0000000Z;10.002;10.022;1200;1200
2026-06-08T12:53:37.0000000Z;10.002;10.042;1200;6311
2026-06-08T12:53:38.0000000Z;10.006;10.026;1200;1200
2026-06-08T12:54:26.0000000Z;10.006;10.03;1200;1200
2026-06-08T12:54:27.0000000Z;10.01;10.03;1200;1200
2026-06-08T12:54:35.0000000Z;10.01;10.03;1200;1200
2026-06-08T12:54:36.0000000Z;10.01;10.03;1200;1200
2026-06-08T12:57:40.0000000Z;10.006;10.026;1200;1200
2026-06-08T12:58:23.0000000Z;10.01;10.03;1200;1200
2026-06-08T12:58:51.0000000Z;10.01;10.03;1200;1200
2026-06-08T12:59:23.0000000Z;10.014;10.034;1200;1200
2026-06-08T13:00:20.0000000Z;10.014;10.034;1200;1200
2026-06-08T13:00:21.0000000Z;10.014;10.034;1200;1200
2026-06-08T13:00:31.0000000Z;10.018;10.038;1200;1200
2026-06-08T13:00:36.0000000Z;10.018;10.038;1200;1200
2026-06-08T13:00:57.0000000Z;10.014;10.034;1200;1200
2026-06-08T13:01:11.0000000Z;10.014;10.034;1200;1200
2026-06-08T13:01:14.0000000Z;10.01;10.03;1200;1200
2026-06-08T13:02:43.0000000Z;10.014;10.034;1200;1200
2026-06-08T13:03:35.0000000Z;10.014;10.034;1200;1200
2026-06-08T13:03:36.0000000Z;10.018;10.038;1200;1200
2026-06-08T13:04:05.0000000Z;10.014;10.034;1200;1200
2026-06-08T13:05:10.0000000Z;10.014;10.034;1200;1200
2026-06-08T13:05:15.0000000Z;10.014;10.034;1200;1200
2026-06-08T13:05:39.0000000Z;10.014;10.034;1200;1200
2026-06-08T13:05:54.0000000Z;10.01;10.03;1200;1200
2026-06-08T13:06:32.0000000Z;10.01;10.034;1200;1200
2026-06-08T13:07:08.0000000Z;10.01;10.03;1200;1200
2026-06-08T13:07:34.0000000Z;10.014;10.034;1200;1200
2026-06-08T13:07:40.0000000Z;10.01;10.034;1200;1200
2026-06-08T13:07:56.0000000Z;10.01;10.03;1200;1200
2026-06-08T13:08:49.0000000Z;10.01;10.034;1200;1200
2026-06-08T13:08:50.0000000Z;10.014;10.034;1200;1200
2026-06-08T13:10:26.0000000Z;10.01;10.03;1200;1200
2026-06-08T13:13:58.0000000Z;10.014;10.034;1200;1200
2026-06-08T13:14:42.0000000Z;10.01;10.03;1200;1200
2026-06-08T13:20:29.0000000Z;10.014;10.034;1200;1200
2026-06-08T13:20:38.0000000Z;10.014;10.034;1200;1200
2026-06-08T13:20:49.0000000Z;10.018;10.038;1200;1200
2026-06-08T13:20:50.0000000Z;10.018;10.038;1200;1200
2026-06-08T13:20:57.0000000Z;10.018;10.038;1200;1200
2026-06-08T13:22:04.0000000Z;10.022;10.042;1200;1200
2026-06-08T13:22:08.0000000Z;10.022;10.042;1200;1200
2026-06-08T13:22:12.0000000Z;10.022;10.042;1200;1200
2026-06-08T13:22:48.0000000Z;10.026;10.046;1200;1200
2026-06-08T13:22:50.0000000Z;10.026;10.046;1200;1200
2026-06-08T13:22:51.0000000Z;10.026;10.046;1200;1200
2026-06-08T13:22:54.0000000Z;10.026;10.046;1200;1200
2026-06-08T13:23:23.0000000Z;10.026;10.046;1200;1200
2026-06-08T13:23:47.0000000Z;10.022;10.042;1200;1200
2026-06-08T13:24:29.0000000Z;10.022;10.042;1200;1200
2026-06-08T13:24:36.0000000Z;10.022;10.042;1200;1200
2026-06-08T13:24:41.0000000Z;10.018;10.038;1200;1200
2026-06-08T13:26:23.0000000Z;10.018;10.038;1200;1200
2026-06-08T13:31:46.0000000Z;10.03;10.05;1200;1200
2026-06-08T13:32:06.0000000Z;10.03;10.054;1200;1200
2026-06-08T13:32:07.0000000Z;10.034;10.054;1200;1200
2026-06-08T13:32:20.0000000Z;10.034;10.054;1200;1200
2026-06-08T13:32:22.0000000Z;10.038;10.058;1200;1200
2026-06-08T13:32:23.0000000Z;10.038;10.058;1200;1200
2026-06-08T13:32:29.0000000Z;10.034;10.054;1200;1200
2026-06-08T13:33:06.0000000Z;10.034;10.054;1200;1200
2026-06-08T13:33:08.0000000Z;10.03;10.05;1200;1200
2026-06-08T13:33:26.0000000Z;10.034;10.054;1200;1200
2026-06-08T13:33:44.0000000Z;10.03;10.054;1200;1200
2026-06-08T13:33:49.0000000Z;10.03;10.05;1200;1200
2026-06-08T13:34:05.0000000Z;10.026;10.046;1200;1200
2026-06-08T13:34:21.0000000Z;10.022;10.042;1200;1200
2026-06-08T13:34:25.0000000Z;10.022;10.042;1200;1200
2026-06-08T13:34:59.0000000Z;10.018;10.038;1200;1200
2026-06-08T13:35:04.0000000Z;10.018;10.038;1200;1200
2026-06-08T13:35:11.0000000Z;10.018;10.038;1200;1200
2026-06-08T13:35:44.0000000Z;10.022;10.042;1200;1200
2026-06-08T13:35:52.0000000Z;10.022;10.042;1200;1200
2026-06-08T13:35:53.0000000Z;10.022;10.042;1200;1200
2026-06-08T13:36:00.0000000Z;10.026;10.046;1200;1200
2026-06-08T13:36:22.0000000Z;10.022;10.042;1200;1200
2026-06-08T13:36:46.0000000Z;10.026;10.046;1200;1200
2026-06-08T13:38:14.0000000Z;10.03;10.05;1200;1200
2026-06-08T13:38:55.0000000Z;10.026;10.05;1200;1200
2026-06-08T13:38:56.0000000Z;10.026;10.046;1200;1200
2026-06-08T13:39:13.0000000Z;10.026;10.046;1200;1200
2026-06-08T13:40:24.0000000Z;10.026;10.046;1200;1200
2026-06-08T13:40:35.0000000Z;10.022;10.042;1200;1200
2026-06-08T13:40:37.0000000Z;10.026;10.046;1200;1200
2026-06-08T13:40:51.0000000Z;10.022;10.042;1200;1200
2026-06-08T13:41:08.0000000Z;10.022;10.042;1200;1200
2026-06-08T13:41:09.0000000Z;10.022;10.042;1200;1200
2026-06-08T13:41:15.0000000Z;10.018;10.038;1200;1200
2026-06-08T13:41:35.0000000Z;10.022;10.042;1200;1200
2026-06-08T13:42:10.0000000Z;10.022;10.042;1200;1200
2026-06-08T13:42:11.0000000Z;10.022;10.042;1200;1200
2026-06-08T13:42:42.0000000Z;10.004;10.042;6311;1200
2026-06-08T13:42:43.0000000Z;10.018;10.038;1200;1200
2026-06-08T13:43:07.0000000Z;10.022;10.042;1200;1200
2026-06-08T13:43:39.0000000Z;10.022;10.042;1200;1200
2026-06-08T13:43:49.0000000Z;10.022;10.042;1200;1200
2026-06-08T13:44:08.0000000Z;10.004;10.042;6311;1200
2026-06-08T13:44:09.0000000Z;10.018;10.038;1200;1200
2026-06-08T13:45:23.0000000Z;10.018;10.042;1200;1200
2026-06-08T13:45:24.0000000Z;10.022;10.042;1200;1200
2026-06-08T13:46:06.0000000Z;10.022;10.07;1200;5732
2026-06-08T13:46:10.0000000Z;10.026;10.046;1200;1200
2026-06-08T13:46:32.0000000Z;10.022;10.042;1200;1200
2026-06-08T13:47:02.0000000Z;10.022;10.042;1200;1200
2026-06-08T13:48:43.0000000Z;10.018;10.038;1200;1200
2026-06-08T13:49:19.0000000Z;10.022;10.042;1200;1200
2026-06-08T13:50:33.0000000Z;10.018;10.038;1200;1200
2026-06-08T13:50:49.0000000Z;10.018;10.038;1200;1200
2026-06-08T13:50:52.0000000Z;10.018;10.038;1200;1200
2026-06-08T13:50:53.0000000Z;10.014;10.034;1200;1200
2026-06-08T13:51:04.0000000Z;10.018;10.038;1200;1200
2026-06-08T13:51:30.0000000Z;10.018;10.038;1200;1200
2026-06-08T13:51:35.0000000Z;10.018;10.058;1200;6311
2026-06-08T13:51:37.0000000Z;10.018;10.058;1200;6311
2026-06-08T13:51:41.0000000Z;10.022;10.042;1200;1200
2026-06-08T13:51:47.0000000Z;10.018;10.038;1200;1200
2026-06-08T13:52:08.0000000Z;10.022;10.042;1200;1200
2026-06-08T13:52:38.0000000Z;10.022;10.042;1200;1200
2026-06-08T13:52:48.0000000Z;10.026;10.046;1200;1200
2026-06-08T13:52:52.0000000Z;10.026;10.046;1200;1200
2026-06-08T13:53:03.0000000Z;10.026;10.064;1200;6311
2026-06-08T13:53:06.0000000Z;10.03;10.05;1200;1200
2026-06-08T13:53:16.0000000Z;10.03;10.05;1200;1200
2026-06-08T13:54:34.0000000Z;10.026;10.046;1200;1200
2026-06-08T13:54:42.0000000Z;10.026;10.046;1200;1200
2026-06-08T13:55:15.0000000Z;10.03;10.05;1200;1200
2026-06-08T13:55:25.0000000Z;10.03;10.05;1200;1200
2026-06-08T13:55:58.0000000Z;10.01;10.05;6311;1200
2026-06-08T13:56:01.0000000Z;10.026;10.046;1200;1200
2026-06-08T13:56:18.0000000Z;10.026;10.046;1200;1200
2026-06-08T13:57:33.0000000Z;10.002;10.046;5732;1200
2026-06-08T13:57:35.0000000Z;10.022;10.042;1200;1200
2026-06-08T13:57:38.0000000Z;10.022;10.042;1200;1200
2026-06-08T13:57:42.0000000Z;10.022;10.042;1200;1200
2026-06-08T13:58:05.0000000Z;10.018;10.038;1200;1200
2026-06-08T13:58:34.0000000Z;10.018;10.038;1200;1200
2026-06-08T13:58:36.0000000Z;10.018;10.038;1200;1200
2026-06-08T13:59:19.0000000Z;10.022;10.042;1200;1200
2026-06-08T13:59:23.0000000Z;10.022;10.042;1200;1200
2026-06-08T13:59:44.0000000Z;10.018;10.042;1200;1200
2026-06-08T13:59:47.0000000Z;10.018;10.038;1200;1200
2026-06-08T13:59:48.0000000Z;10.004;10.058;6311;6311
2026-06-08T13:59:53.0000000Z;9.998;10.058;6311;6311
2026-06-08T13:59:54.0000000Z;9.992;10.066;1200;1200
2026-06-08T14:01:54.0000000Z;9.992;10.074;1200;1200
2026-06-08T14:01:55.0000000Z;10;10.074;1200;1200
2026-06-08T14:02:00.0000000Z;10.026;10.046;1200;1200
2026-06-08T14:02:06.0000000Z;10.026;10.046;1200;1200
2026-06-08T14:02:26.0000000Z;10.022;10.042;1200;1200
2026-06-08T14:02:38.0000000Z;10.022;10.042;1200;1200
2026-06-08T14:02:50.0000000Z;10.018;10.038;1200;1200
2026-06-08T14:02:51.0000000Z;10.018;10.038;1200;1200
2026-06-08T14:03:00.0000000Z;10.018;10.038;1200;1200
2026-06-08T14:03:09.0000000Z;10.014;10.038;1200;1200
2026-06-08T14:03:18.0000000Z;10.018;10.038;1200;1200
2026-06-08T14:03:30.0000000Z;10.018;10.064;1200;5732
2026-06-08T14:03:31.0000000Z;10.022;10.042;1200;1200
2026-06-08T14:03:52.0000000Z;10.018;10.038;1200;1200
2026-06-08T14:04:09.0000000Z;10.018;10.038;1200;1200
2026-06-08T14:04:11.0000000Z;10.002;10.038;6311;1200
2026-06-08T14:04:12.0000000Z;10.014;10.034;1200;1200
2026-06-08T14:05:51.0000000Z;10.01;10.03;1200;1200
2026-06-08T14:05:52.0000000Z;10.01;10.03;1200;1200
2026-06-08T14:06:04.0000000Z;10.014;10.034;1200;1200
2026-06-08T14:06:06.0000000Z;10.014;10.034;1200;1200
2026-06-08T14:06:09.0000000Z;10.014;10.034;1200;1200
2026-06-08T14:06:39.0000000Z;10.014;10.034;1200;1200
2026-06-08T14:06:40.0000000Z;10.014;10.038;1200;1200
2026-06-08T14:06:41.0000000Z;10.018;10.038;1200;1200
2026-06-08T14:06:42.0000000Z;10.018;10.038;1200;1200
2026-06-08T14:06:57.0000000Z;10.018;10.038;1200;1200
2026-06-08T14:07:40.0000000Z;10.014;10.034;1200;1200
2026-06-08T14:07:41.0000000Z;10.014;10.034;1200;1200
2026-06-08T14:08:23.0000000Z;9.996;10.034;6311;1200
2026-06-08T14:08:24.0000000Z;10.01;10.034;1200;1200
2026-06-08T14:08:26.0000000Z;10.01;10.03;1200;1200
2026-06-08T14:08:30.0000000Z;10.01;10.034;1200;1200
2026-06-08T14:08:31.0000000Z;10.014;10.034;1200;1200
2026-06-08T14:09:31.0000000Z;10.014;10.034;1200;1200
2026-06-08T14:10:02.0000000Z;10.01;10.03;1200;1200
2026-06-08T14:10:15.0000000Z;10.01;10.03;1200;1200
2026-06-08T14:10:16.0000000Z;10.01;10.03;1200;1200
2026-06-08T14:10:24.0000000Z;10.01;10.03;1200;1200
2026-06-08T14:11:17.0000000Z;10.006;10.026;1200;1200
2026-06-08T14:11:37.0000000Z;10.01;10.03;1200;1200
2026-06-08T14:12:06.0000000Z;10.006;10.026;1200;1200
2026-06-08T14:12:37.0000000Z;10.006;10.026;1200;1200
2026-06-08T14:13:10.0000000Z;10.002;10.022;1200;1200
2026-06-08T14:13:12.0000000Z;10.002;10.022;1200;1200
2026-06-08T14:13:52.0000000Z;10.002;10.042;1200;6311
2026-06-08T14:13:53.0000000Z;10.006;10.026;1200;1200
2026-06-08T14:14:32.0000000Z;10.002;10.022;1200;1200
2026-06-08T14:15:43.0000000Z;9.999;10.018;1200;1200
2026-06-08T14:15:55.0000000Z;9.997;10.016;1200;1200
2026-06-08T14:15:59.0000000Z;9.999;10.018;1200;1200
2026-06-08T14:17:03.0000000Z;9.997;10.016;1200;1200
2026-06-08T14:17:06.0000000Z;9.999;10.018;1200;1200
2026-06-08T14:17:30.0000000Z;9.997;10.016;1200;1200
2026-06-08T14:17:38.0000000Z;9.999;10.018;1200;1200
2026-06-08T14:18:07.0000000Z;10.002;10.022;1200;1200
2026-06-08T14:18:17.0000000Z;9.999;10.018;1200;1200
2026-06-08T14:18:33.0000000Z;9.984;10.018;6311;1200
2026-06-08T14:18:34.0000000Z;9.997;10.016;1200;1200
2026-06-08T14:18:35.0000000Z;9.978;10.016;6311;1200
2026-06-08T14:18:37.0000000Z;9.995;10.014;1200;1200
2026-06-08T14:18:45.0000000Z;9.995;10.014;1200;1200
2026-06-08T14:19:00.0000000Z;9.995;10.014;1200;1200
2026-06-08T14:19:12.0000000Z;9.993;10.012;1200;1200
2026-06-08T14:19:17.0000000Z;9.993;10.012;1200;1200
2026-06-08T14:19:31.0000000Z;9.991;10.01;1200;1200
2026-06-08T14:19:48.0000000Z;9.993;10.012;1200;1200
2026-06-08T14:20:07.0000000Z;9.995;10.014;1200;1200
2026-06-08T14:20:32.0000000Z;9.993;10.012;1200;1200
2026-06-08T14:20:46.0000000Z;9.991;10.01;1200;1200
2026-06-08T14:20:52.0000000Z;9.989;10.008;1200;1200
2026-06-08T14:21:13.0000000Z;9.987;10.006;1200;1200
2026-06-08T14:21:14.0000000Z;9.987;10.006;1200;1200
2026-06-08T14:21:31.0000000Z;9.989;10.008;1200;1200
2026-06-08T14:22:03.0000000Z;9.991;10.01;1200;1200
2026-06-08T14:22:06.0000000Z;9.991;10.01;1200;1200
2026-06-08T14:22:14.0000000Z;9.989;10.008;1200;1200
2026-06-08T14:22:26.0000000Z;9.987;10.006;1200;1200
2026-06-08T14:23:01.0000000Z;9.989;10.008;1200;1200
2026-06-08T14:23:18.0000000Z;9.991;10.01;1200;1200
2026-06-08T14:23:27.0000000Z;9.991;10.01;1200;1200
2026-06-08T14:23:28.0000000Z;9.991;10.01;1200;1200
2026-06-08T14:23:41.0000000Z;9.989;10.008;1200;1200
2026-06-08T14:23:57.0000000Z;9.991;10.01;1200;1200
2026-06-08T14:24:32.0000000Z;9.989;10.008;1200;1200
2026-06-08T14:24:44.0000000Z;9.991;10.01;1200;1200
2026-06-08T14:24:49.0000000Z;9.989;10.008;1200;1200
2026-06-08T14:25:22.0000000Z;9.987;10.006;1200;1200
2026-06-08T14:25:33.0000000Z;9.989;10.008;1200;1200
2026-06-08T14:25:37.0000000Z;9.991;10.01;1200;1200
2026-06-08T14:25:41.0000000Z;9.991;10.01;1200;1200
2026-06-08T14:25:57.0000000Z;9.993;10.012;1200;1200
2026-06-08T14:26:02.0000000Z;9.991;10.01;1200;1200
2026-06-08T14:26:13.0000000Z;9.993;10.012;1200;1200
2026-06-08T14:26:14.0000000Z;9.993;10.012;1200;1200
2026-06-08T14:26:15.0000000Z;9.993;10.012;1200;1200
2026-06-08T14:26:19.0000000Z;9.995;10.014;1200;1200
2026-06-08T14:26:21.0000000Z;9.995;10.014;1200;1200
2026-06-08T14:26:23.0000000Z;9.997;10.016;1200;1200
2026-06-08T14:26:34.0000000Z;9.978;10.016;6311;1200
2026-06-08T14:26:36.0000000Z;9.994;10.016;1200;1200
2026-06-08T14:26:37.0000000Z;9.994;10.012;1200;1200
2026-06-08T14:26:39.0000000Z;9.991;10.01;1200;1200
2026-06-08T14:26:46.0000000Z;9.993;10.012;1200;1200
2026-06-08T14:27:11.0000000Z;9.995;10.014;1200;1200
2026-06-08T14:27:27.0000000Z;9.993;10.012;1200;1200
2026-06-08T14:28:08.0000000Z;9.991;10.01;1200;1200
2026-06-08T14:28:14.0000000Z;9.991;10.01;1200;1200
2026-06-08T14:28:15.0000000Z;9.991;10.01;1200;1200
2026-06-08T14:28:19.0000000Z;9.972;10.01;6311;1200
2026-06-08T14:28:22.0000000Z;9.989;10.008;1200;1200
2026-06-08T14:28:50.0000000Z;9.991;10.01;1200;1200
2026-06-08T14:29:14.0000000Z;9.993;10.012;1200;1200
2026-06-08T14:29:38.0000000Z;9.991;10.01;1200;1200
2026-06-08T14:29:47.0000000Z;9.993;10.012;1200;1200
2026-06-08T14:29:55.0000000Z;9.991;10.01;1200;1200
2026-06-08T14:30:08.0000000Z;9.993;10.012;1200;1200
2026-06-08T14:31:19.0000000Z;9.995;10.014;1200;1200
2026-06-08T14:31:30.0000000Z;9.993;10.012;1200;1200
2026-06-08T14:31:36.0000000Z;9.995;10.014;1200;1200
2026-06-08T14:31:56.0000000Z;9.995;10.014;1200;1200
2026-06-08T14:31:57.0000000Z;9.997;10.016;1200;1200
2026-06-08T14:32:07.0000000Z;9.997;10.016;1200;1200
2026-06-08T14:32:20.0000000Z;9.997;10.036;1200;6311
2026-06-08T14:32:21.0000000Z;9.999;10.018;1200;1200
2026-06-08T14:32:30.0000000Z;9.999;10.018;1200;1200
2026-06-08T14:32:36.0000000Z;10.002;10.022;1200;1200
2026-06-08T14:32:38.0000000Z;10.002;10.022;1200;1200
2026-06-08T14:33:05.0000000Z;9.999;10.018;1200;1200
2026-06-08T14:35:13.0000000Z;9.999;10.048;1200;5732
2026-06-08T14:35:14.0000000Z;10.002;10.022;1200;1200
2026-06-08T14:35:15.0000000Z;10.002;10.022;1200;1200
2026-06-08T14:35:42.0000000Z;10.006;10.026;1200;1200
2026-06-08T14:36:19.0000000Z;10.006;10.026;1200;1200
2026-06-08T14:36:26.0000000Z;10.01;10.03;1200;1200
2026-06-08T14:36:32.0000000Z;10.01;10.03;1200;1200
2026-06-08T14:37:07.0000000Z;10.006;10.026;1200;1200
2026-06-08T14:37:41.0000000Z;10.002;10.022;1200;1200
2026-06-08T14:37:42.0000000Z;10.002;10.022;1200;1200
2026-06-08T14:38:15.0000000Z;10.006;10.026;1200;1200
2026-06-08T14:38:49.0000000Z;10.006;10.026;1200;1200
2026-06-08T14:38:50.0000000Z;10.006;10.026;1200;1200
2026-06-08T14:38:51.0000000Z;10.006;10.03;1200;1200
2026-06-08T14:39:16.0000000Z;10.006;10.026;1200;1200
2026-06-08T14:39:37.0000000Z;10.006;10.048;1200;6311
2026-06-08T14:39:39.0000000Z;10.01;10.03;1200;1200
2026-06-08T14:39:46.0000000Z;9.99;10.03;6311;1200
2026-06-08T14:39:48.0000000Z;10.004;10.024;1200;1200
2026-06-08T14:39:51.0000000Z;10.004;10.056;1200;5732
2026-06-08T14:39:53.0000000Z;10.008;10.028;1200;1200
2026-06-08T14:40:09.0000000Z;10.012;10.032;1200;1200
2026-06-08T14:40:23.0000000Z;9.99;10.032;6311;1200
2026-06-08T14:40:24.0000000Z;10.008;10.028;1200;1200
2026-06-08T14:40:47.0000000Z;10.012;10.032;1200;1200
2026-06-08T14:40:50.0000000Z;10.008;10.028;1200;1200
2026-06-08T14:41:33.0000000Z;9.99;10.028;6311;1200
2026-06-08T14:41:34.0000000Z;10.004;10.024;1200;1200
2026-06-08T14:41:35.0000000Z;10.004;10.024;1200;1200
2026-06-08T14:41:37.0000000Z;10.004;10.024;1200;1200
2026-06-08T14:42:14.0000000Z;10.004;10.024;1200;1200
2026-06-08T14:42:18.0000000Z;10;10.024;1200;1200
2026-06-08T14:42:19.0000000Z;10;10.02;1200;1200
2026-06-08T14:42:57.0000000Z;10.004;10.024;1200;1200
2026-06-08T14:44:15.0000000Z;10.008;10.028;1200;1200
2026-06-08T14:44:30.0000000Z;10.008;10.028;1200;1200
2026-06-08T14:44:36.0000000Z;10.008;10.028;1200;1200
2026-06-08T14:44:43.0000000Z;10.012;10.032;1200;1200
2026-06-08T14:45:01.0000000Z;10.012;10.032;1200;1200
2026-06-08T14:45:12.0000000Z;10.012;10.032;1200;1200
2026-06-08T14:45:13.0000000Z;10.012;10.054;1200;6311
2026-06-08T14:45:14.0000000Z;10.012;10.054;1200;6311
2026-06-08T14:45:16.0000000Z;10.016;10.036;1200;1200
2026-06-08T14:45:23.0000000Z;10.016;10.036;1200;1200
2026-06-08T14:46:44.0000000Z;10.02;10.04;1200;1200
2026-06-08T14:46:48.0000000Z;10.02;10.04;1200;1200
2026-06-08T14:48:06.0000000Z;10.016;10.04;1200;1200
2026-06-08T14:48:07.0000000Z;10.016;10.036;1200;1200
2026-06-08T14:48:39.0000000Z;10.016;10.036;1200;1200
2026-06-08T14:48:43.0000000Z;10.012;10.032;1200;1200
2026-06-08T14:49:42.0000000Z;10.012;10.032;1200;1200
2026-06-08T14:49:59.0000000Z;10.008;10.032;1200;1200
2026-06-08T14:50:10.0000000Z;10.012;10.032;1200;1200
2026-06-08T14:50:22.0000000Z;10.008;10.028;1200;1200
2026-06-08T14:50:23.0000000Z;10.008;10.028;1200;1200
2026-06-08T14:50:59.0000000Z;10.012;10.028;1200;1200
2026-06-08T14:50:59.0000000Z;10.012;10.032;1200;1200
2026-06-08T14:51:11.0000000Z;10.012;10.032;1200;1200
2026-06-08T14:51:29.0000000Z;10.016;10.036;1200;1200
2026-06-08T14:51:47.0000000Z;10.016;10.036;1200;1200
2026-06-08T14:53:42.0000000Z;10.016;10.036;1200;1200
2026-06-08T14:53:45.0000000Z;10.02;10.04;1200;1200
2026-06-08T14:53:46.0000000Z;10.02;10.04;1200;1200
2026-06-08T14:56:24.0000000Z;10.016;10.036;1200;1200
2026-06-08T14:57:34.0000000Z;10.02;10.04;1200;1200
2026-06-08T14:58:29.0000000Z;10.02;10.04;1200;1200
2026-06-08T14:58:59.0000000Z;10.024;10.044;1200;1200
