2026-06-08T08:03:22.0000000Z;14.9555;15.0475;7000;3323
2026-06-08T08:03:23.0000000Z;15.0085;15.045;7000;2883
2026-06-08T08:03:24.0000000Z;15.012;15.0425;350;350
2026-06-08T08:03:25.0000000Z;15.012;15.042;350;2883
2026-06-08T08:03:26.0000000Z;15.012;15.042;350;2883
2026-06-08T08:03:27.0000000Z;15.012;15.042;1503;2883
2026-06-08T08:03:32.0000000Z;15.0125;15.042;2883;2883
2026-06-08T08:03:50.0000000Z;15.0125;15.042;2883;2883
2026-06-08T08:03:57.0000000Z;15.012;15.042;1503;2883
2026-06-08T08:04:04.0000000Z;15.012;15.042;350;2883
2026-06-08T08:04:05.0000000Z;15.012;15.042;1503;2883
2026-06-08T08:04:10.0000000Z;15.012;15.042;350;2883
2026-06-08T08:04:11.0000000Z;15.012;15.042;1503;2883
2026-06-08T08:04:12.0000000Z;15.012;15.042;1503;2883
2026-06-08T08:04:13.0000000Z;15.012;15.0965;1153;1153
2026-06-08T08:04:14.0000000Z;15.012;15.044;1153;7000
2026-06-08T08:04:15.0000000Z;15.012;15.041;1153;350
2026-06-08T08:04:16.0000000Z;15.011;15.0405;1153;2883
2026-06-08T08:04:17.0000000Z;15.0115;15.0405;6214;2883
2026-06-08T08:04:18.0000000Z;15.0115;15.0405;6214;2883
2026-06-08T08:04:24.0000000Z;15.011;15.0405;1153;2883
2026-06-08T08:04:25.0000000Z;15.0115;15.0405;2883;2883
2026-06-08T08:04:37.0000000Z;15.011;15.0405;1153;2883
2026-06-08T08:04:38.0000000Z;15.0115;15.0405;2883;2883
2026-06-08T08:04:56.0000000Z;15.0115;15.0405;2883;2883
2026-06-08T08:05:12.0000000Z;15.0105;15.0405;3332;2883
2026-06-08T08:05:13.0000000Z;15.0115;15.0405;2883;2883
2026-06-08T08:05:18.0000000Z;15.0105;15.0405;3332;2883
2026-06-08T08:05:19.0000000Z;15.011;15.0405;2883;2883
2026-06-08T08:05:22.0000000Z;15.011;15.0405;1153;2883
2026-06-08T08:05:27.0000000Z;15.0105;15.0405;350;2883
2026-06-08T08:05:28.0000000Z;15.011;15.0405;1153;2883
2026-06-08T08:05:33.0000000Z;15.0105;15.0405;350;2883
2026-06-08T08:05:36.0000000Z;15.011;15.0405;1153;2883
2026-06-08T08:05:41.0000000Z;15.0105;15.0405;350;2883
2026-06-08T08:05:43.0000000Z;15.011;15.0405;1153;2883
2026-06-08T08:05:50.0000000Z;15.011;15.0405;1153;2883
2026-06-08T08:06:22.0000000Z;15.011;15.0405;4036;2883
2026-06-08T08:07:32.0000000Z;15.011;15.0405;4036;2883
2026-06-08T08:09:58.0000000Z;15.011;15.0405;4036;2883
2026-06-08T08:10:17.0000000Z;15.011;15.0405;2883;2883
2026-06-08T08:11:05.0000000Z;15.011;15.0405;2883;2883
2026-06-08T08:11:40.0000000Z;15.0105;15.0405;350;2883
2026-06-08T08:11:47.0000000Z;15.0105;15.0405;350;2883
2026-06-08T08:13:49.0000000Z;15.011;15.0405;1153;2883
2026-06-08T08:13:54.0000000Z;15.0105;15.0405;350;2883
2026-06-08T08:13:55.0000000Z;15.011;15.0405;1153;2883
2026-06-08T08:13:56.0000000Z;15.011;15.0405;1153;2883
2026-06-08T08:14:01.0000000Z;15.011;15.0405;1153;2883
2026-06-08T08:14:06.0000000Z;15.0105;15.0405;350;2883
2026-06-08T08:14:07.0000000Z;15.0105;15.0405;350;2883
2026-06-08T08:14:48.0000000Z;15.011;15.0405;1153;2883
2026-06-08T08:14:56.0000000Z;15.011;15.0405;1153;2883
2026-06-08T08:15:05.0000000Z;15.011;15.0405;1153;2883
2026-06-08T08:15:10.0000000Z;15.0105;15.0405;350;2883
2026-06-08T08:15:18.0000000Z;15.0105;15.0405;350;2883
2026-06-08T08:16:48.0000000Z;15.011;15.0405;1153;2883
2026-06-08T08:16:53.0000000Z;15.0105;15.0405;350;2883
2026-06-08T08:16:58.0000000Z;15.0105;15.0405;350;2883
2026-06-08T08:17:01.0000000Z;15.011;15.0405;1153;2883
2026-06-08T08:17:07.0000000Z;15.011;15.0405;1153;2883
2026-06-08T08:17:13.0000000Z;15.011;15.0405;1153;2883
2026-06-08T08:17:21.0000000Z;15.011;15.0405;1153;2883
2026-06-08T08:18:44.0000000Z;15.011;15.0405;4036;2883
2026-06-08T08:18:53.0000000Z;15.011;15.0405;2883;2883
2026-06-08T08:20:37.0000000Z;15.011;15.0405;4036;2883
2026-06-08T08:20:43.0000000Z;15.011;15.0405;2883;2883
2026-06-08T08:20:46.0000000Z;15.011;15.0405;4036;2883
2026-06-08T08:22:54.0000000Z;15.011;15.0405;4036;2883
2026-06-08T08:22:55.0000000Z;14.9555;15.0975;1153;1153
2026-06-08T08:22:56.0000000Z;15.008;15.0445;7000;7000
2026-06-08T08:22:57.0000000Z;15.0115;15.0415;1153;350
2026-06-08T08:22:58.0000000Z;15.012;15.041;2883;2883
2026-06-08T08:23:00.0000000Z;15.012;15.041;2883;2883
2026-06-08T08:23:01.0000000Z;15.012;15.041;2883;2883
2026-06-08T08:23:07.0000000Z;15.012;15.041;2883;2883
2026-06-08T08:23:17.0000000Z;15.012;15.041;2883;2883
2026-06-08T08:23:23.0000000Z;15.012;15.041;2883;2883
2026-06-08T08:23:45.0000000Z;15.012;15.041;2883;2883
2026-06-08T08:23:50.0000000Z;15.012;15.041;2883;2883
2026-06-08T08:23:55.0000000Z;15.012;15.041;2883;2883
2026-06-08T08:24:18.0000000Z;15.012;15.041;2883;2883
2026-06-08T08:24:33.0000000Z;15.012;15.041;2883;2883
2026-06-08T08:24:38.0000000Z;15.012;15.041;2883;2883
2026-06-08T08:24:44.0000000Z;15.012;15.041;2883;2883
2026-06-08T08:24:45.0000000Z;15.012;15.041;2883;2883
2026-06-08T08:25:33.0000000Z;15.012;15.041;2883;2883
2026-06-08T08:25:39.0000000Z;15.012;15.041;2883;2883
2026-06-08T08:25:42.0000000Z;15.012;15.041;2883;2883
2026-06-08T08:25:43.0000000Z;14.953;15.0955;1153;1153
2026-06-08T08:25:44.0000000Z;15.0065;15.0425;1153;7000
2026-06-08T08:25:45.0000000Z;15.0095;15.0395;1153;350
2026-06-08T08:25:46.0000000Z;15.0095;15.039;1153;2883
2026-06-08T08:25:48.0000000Z;15.0095;15.039;1153;2883
2026-06-08T08:25:51.0000000Z;15.01;15.039;2883;2883
2026-06-08T08:25:54.0000000Z;15.01;15.039;2883;2883
2026-06-08T08:30:32.0000000Z;15.01;15.039;2883;2883
2026-06-08T08:30:40.0000000Z;15.0095;15.039;1153;2883
2026-06-08T08:30:41.0000000Z;15.01;15.039;2883;2883
2026-06-08T08:30:45.0000000Z;15.009;15.039;3332;2883
2026-06-08T08:30:46.0000000Z;15.0095;15.039;1153;2883
2026-06-08T08:30:54.0000000Z;15.0095;15.039;1153;2883
2026-06-08T08:31:02.0000000Z;15.0095;15.039;1153;2883
2026-06-08T08:31:32.0000000Z;15.0095;15.039;1153;2883
2026-06-08T08:31:44.0000000Z;15.0095;15.039;1153;2883
2026-06-08T08:31:45.0000000Z;14.953;15.04;8153;3325
2026-06-08T08:31:46.0000000Z;15.0065;15.043;1153;7000
2026-06-08T08:31:47.0000000Z;15.0095;15.04;1153;350
2026-06-08T08:31:48.0000000Z;15.01;15.0395;2883;2883
2026-06-08T08:31:49.0000000Z;15.01;15.0395;2883;2883
2026-06-08T08:31:52.0000000Z;15.01;15.0395;2883;2883
2026-06-08T08:32:15.0000000Z;15.0095;15.0395;1153;2883
2026-06-08T08:32:16.0000000Z;15.01;15.0395;2883;2883
2026-06-08T08:32:21.0000000Z;15.009;15.0395;3332;2883
2026-06-08T08:32:22.0000000Z;15.0095;15.0395;2883;2883
2026-06-08T08:32:25.0000000Z;15.0095;15.0395;1153;2883
2026-06-08T08:33:16.0000000Z;15.0095;15.0395;4036;2883
2026-06-08T08:40:48.0000000Z;15.0095;15.0395;4036;2883
2026-06-08T08:40:49.0000000Z;15.0095;15.0405;1153;3325
2026-06-08T08:40:50.0000000Z;15.0055;15.042;7000;7000
2026-06-08T08:40:51.0000000Z;15.0085;15.039;350;350
2026-06-08T08:40:52.0000000Z;15.009;15.0385;6215;2883
2026-06-08T08:40:54.0000000Z;15.009;15.0385;6215;2883
2026-06-08T08:40:56.0000000Z;15.009;15.0385;6215;2883
2026-06-08T08:40:59.0000000Z;15.009;15.0385;2883;2883
2026-06-08T08:47:29.0000000Z;15.009;15.0385;2883;2883
2026-06-08T08:48:35.0000000Z;15.009;15.0385;2883;2883
2026-06-08T08:49:39.0000000Z;15.009;15.0385;2883;2883
2026-06-08T08:49:56.0000000Z;15.009;15.0385;2883;2883
2026-06-08T08:49:59.0000000Z;15.009;15.0385;2883;2883
2026-06-08T08:50:26.0000000Z;15.009;15.0385;2883;2883
2026-06-08T08:50:27.0000000Z;14.9515;15.094;1153;1153
2026-06-08T08:50:28.0000000Z;15.005;15.041;1153;7000
2026-06-08T08:50:29.0000000Z;15.008;15.038;6215;350
2026-06-08T08:50:30.0000000Z;15.008;15.0375;6215;2883
2026-06-08T08:50:31.0000000Z;15.008;15.0375;6215;2883
2026-06-08T08:50:35.0000000Z;15.008;15.0375;2883;2883
2026-06-08T08:51:00.0000000Z;15.008;15.0375;2883;2883
2026-06-08T08:51:58.0000000Z;15.008;15.0375;2883;2883
2026-06-08T08:52:06.0000000Z;15.008;15.0375;2883;2883
2026-06-08T08:52:54.0000000Z;15.008;15.0375;1153;2883
2026-06-08T08:52:59.0000000Z;15.0075;15.0375;350;2883
2026-06-08T08:52:59.0000000Z;15.008;15.0375;1153;2883
2026-06-08T08:53:07.0000000Z;15.0075;15.0375;350;2883
2026-06-08T08:53:09.0000000Z;15.008;15.0375;1153;2883
2026-06-08T08:53:23.0000000Z;15.008;15.0375;1153;2883
2026-06-08T08:53:28.0000000Z;15.008;15.0375;1153;2883
2026-06-08T08:53:31.0000000Z;15.008;15.0375;1153;2883
2026-06-08T08:53:36.0000000Z;15.008;15.0375;1153;2883
2026-06-08T08:53:41.0000000Z;15.008;15.0375;1153;2883
2026-06-08T08:53:47.0000000Z;15.008;15.0375;1153;2883
2026-06-08T08:54:05.0000000Z;15.008;15.0375;1153;2883
2026-06-08T08:54:13.0000000Z;15.0075;15.0375;350;2883
2026-06-08T08:54:14.0000000Z;15.008;15.0375;1153;2883
2026-06-08T08:54:19.0000000Z;15.0075;15.0375;350;2883
2026-06-08T08:54:20.0000000Z;15.008;15.0375;1153;2883
2026-06-08T08:54:26.0000000Z;15.008;15.0375;1153;2883
2026-06-08T08:54:28.0000000Z;15.008;15.0375;1153;2883
2026-06-08T08:54:33.0000000Z;15.0075;15.0375;350;2883
2026-06-08T08:54:39.0000000Z;15.0075;15.0375;350;2883
2026-06-08T08:54:52.0000000Z;15.008;15.0375;1153;2883
2026-06-08T08:55:00.0000000Z;15.008;15.0375;1153;2883
2026-06-08T08:55:05.0000000Z;15.0075;15.0375;350;2883
2026-06-08T08:55:06.0000000Z;15.008;15.0375;1153;2883
2026-06-08T08:55:09.0000000Z;15.008;15.0375;1153;2883
2026-06-08T08:55:11.0000000Z;15.008;15.0375;1153;2883
2026-06-08T08:55:16.0000000Z;15.0075;15.0375;350;2883
2026-06-08T08:55:18.0000000Z;15.008;15.0375;1153;2883
2026-06-08T08:55:23.0000000Z;15.0075;15.0375;350;2883
2026-06-08T08:55:25.0000000Z;15.008;15.0375;1153;2883
2026-06-08T08:55:30.0000000Z;15.008;15.0375;1153;2883
2026-06-08T08:55:49.0000000Z;15.008;15.0375;1153;2883
2026-06-08T08:55:56.0000000Z;15.008;15.0375;1153;2883
2026-06-08T08:56:09.0000000Z;15.008;15.0375;1153;2883
2026-06-08T08:56:16.0000000Z;15.008;15.0375;1153;2883
2026-06-08T08:56:18.0000000Z;15.0075;15.0375;350;2883
2026-06-08T08:56:20.0000000Z;15.008;15.0375;1153;2883
2026-06-08T08:56:34.0000000Z;15.008;15.0375;1153;2883
2026-06-08T08:56:39.0000000Z;15.008;15.0375;1153;2883
2026-06-08T08:56:44.0000000Z;15.0075;15.0375;350;2883
2026-06-08T08:56:45.0000000Z;15.008;15.0375;1153;2883
2026-06-08T08:56:51.0000000Z;15.0075;15.0375;350;2883
2026-06-08T08:56:54.0000000Z;15.0075;15.0375;350;2883
2026-06-08T08:56:56.0000000Z;15.008;15.0375;1153;2883
2026-06-08T08:56:59.0000000Z;15.008;15.0375;1153;2883
2026-06-08T08:57:02.0000000Z;15.008;15.0375;1153;2883
2026-06-08T08:57:09.0000000Z;15.008;15.0375;1153;2883
2026-06-08T08:57:15.0000000Z;15.008;15.0375;1153;2883
2026-06-08T08:57:20.0000000Z;15.008;15.0375;1153;2883
2026-06-08T08:57:25.0000000Z;15.0075;15.0375;350;2883
2026-06-08T08:57:26.0000000Z;15.008;15.0375;1153;2883
2026-06-08T08:57:36.0000000Z;15.008;15.0375;1153;2883
2026-06-08T08:57:44.0000000Z;15.0075;15.0375;350;2883
2026-06-08T08:57:45.0000000Z;15.008;15.0375;1153;2883
2026-06-08T08:57:50.0000000Z;15.008;15.0375;1153;2883
2026-06-08T08:58:05.0000000Z;15.008;15.0375;1153;2883
2026-06-08T08:58:10.0000000Z;15.0075;15.0375;350;2883
2026-06-08T08:58:11.0000000Z;15.008;15.0375;1153;2883
2026-06-08T08:58:17.0000000Z;15.0075;15.0375;350;2883
2026-06-08T08:58:18.0000000Z;15.008;15.0375;1153;2883
2026-06-08T08:58:31.0000000Z;15.008;15.0375;1153;2883
2026-06-08T08:58:41.0000000Z;15.008;15.0375;1153;2883
2026-06-08T08:58:50.0000000Z;15.008;15.0375;1153;2883
2026-06-08T08:58:55.0000000Z;15.0075;15.0375;350;2883
2026-06-08T08:58:56.0000000Z;15.008;15.0375;1153;2883
2026-06-08T08:59:00.0000000Z;15.008;15.0375;1153;2883
2026-06-08T08:59:01.0000000Z;15.008;15.0375;1153;2883
2026-06-08T08:59:06.0000000Z;15.008;15.0375;1153;2883
2026-06-08T08:59:08.0000000Z;15.008;15.0375;1153;2883
2026-06-08T08:59:11.0000000Z;15.008;15.0375;1153;2883
2026-06-08T08:59:18.0000000Z;15.008;15.0375;1153;2883
2026-06-08T08:59:25.0000000Z;15.008;15.0375;1153;2883
2026-06-08T08:59:31.0000000Z;15.008;15.0375;1153;2883
2026-06-08T08:59:37.0000000Z;15.008;15.0375;1153;2883
2026-06-08T08:59:42.0000000Z;15.0075;15.0375;350;2883
2026-06-08T08:59:43.0000000Z;15.008;15.0375;1153;2883
2026-06-08T08:59:48.0000000Z;15.0075;15.0375;350;2883
2026-06-08T08:59:56.0000000Z;15.0075;15.0375;350;2883
2026-06-08T09:01:16.0000000Z;15.008;15.0375;1153;2883
2026-06-08T09:01:21.0000000Z;15.008;15.0375;1153;2883
2026-06-08T09:01:23.0000000Z;15.008;15.0375;1153;2883
2026-06-08T09:01:42.0000000Z;15.008;15.0375;1153;2883
2026-06-08T09:01:59.0000000Z;15.008;15.0375;4036;2883
2026-06-08T09:02:04.0000000Z;15.008;15.0375;2883;2883
2026-06-08T09:02:12.0000000Z;15.0075;15.0375;350;2883
2026-06-08T09:02:13.0000000Z;15.008;15.0375;1153;2883
2026-06-08T09:02:20.0000000Z;15.008;15.0375;4036;2883
2026-06-08T09:02:28.0000000Z;15.0075;15.0375;350;2883
2026-06-08T09:02:29.0000000Z;15.008;15.0375;1153;2883
2026-06-08T09:02:53.0000000Z;15.008;15.0375;1153;2883
2026-06-08T09:02:59.0000000Z;15.0075;15.0385;350;3325
2026-06-08T09:03:00.0000000Z;15.008;15.0385;1153;3325
2026-06-08T09:03:10.0000000Z;15.008;15.0375;1153;2883
2026-06-08T09:03:11.0000000Z;15.0075;15.0375;350;2883
2026-06-08T09:03:12.0000000Z;15.008;15.0375;1153;2883
2026-06-08T09:03:13.0000000Z;15.008;15.0385;1153;3325
2026-06-08T09:03:17.0000000Z;15.008;15.0385;1153;3325
2026-06-08T09:03:23.0000000Z;15.008;15.0385;1153;3325
2026-06-08T09:03:28.0000000Z;15.0075;15.0385;350;3325
2026-06-08T09:03:29.0000000Z;15.008;15.0385;1153;3325
2026-06-08T09:03:32.0000000Z;15.008;15.0375;1153;2883
2026-06-08T09:03:34.0000000Z;15.008;15.0375;1153;2883
2026-06-08T09:03:40.0000000Z;15.008;15.0375;1153;2883
2026-06-08T09:03:45.0000000Z;15.0075;15.0375;350;2883
2026-06-08T09:03:46.0000000Z;15.008;15.0375;1153;2883
2026-06-08T09:03:51.0000000Z;15.0075;15.0375;350;2883
2026-06-08T09:03:58.0000000Z;15.0075;15.0375;350;2883
2026-06-08T09:03:59.0000000Z;15.008;15.0375;1153;2883
2026-06-08T09:04:04.0000000Z;15.0075;15.0375;350;2883
2026-06-08T09:04:05.0000000Z;15.008;15.0375;1153;2883
2026-06-08T09:04:10.0000000Z;15.008;15.0375;1153;2883
2026-06-08T09:04:19.0000000Z;15.0075;15.0375;350;2883
2026-06-08T09:04:20.0000000Z;15.008;15.0375;1153;2883
2026-06-08T09:04:25.0000000Z;15.008;15.0375;1153;2883
2026-06-08T09:04:28.0000000Z;15.008;15.0385;1153;3325
2026-06-08T09:04:30.0000000Z;15.0075;15.0385;350;3325
2026-06-08T09:04:31.0000000Z;15.008;15.0385;1153;3325
2026-06-08T09:04:36.0000000Z;15.008;15.0385;1153;3325
2026-06-08T09:04:41.0000000Z;15.0075;15.0385;350;3325
2026-06-08T09:04:48.0000000Z;15.0075;15.0385;350;3325
2026-06-08T09:04:51.0000000Z;15.0075;15.0385;350;3325
2026-06-08T09:05:16.0000000Z;15.0075;15.0375;350;2883
2026-06-08T09:05:18.0000000Z;15.0075;15.0385;350;3325
2026-06-08T09:05:32.0000000Z;15.0075;15.0375;350;2883
2026-06-08T09:06:08.0000000Z;15.008;15.0375;1153;2883
2026-06-08T09:06:13.0000000Z;15.0075;15.0375;350;2883
2026-06-08T09:06:14.0000000Z;15.008;15.0375;1153;2883
2026-06-08T09:06:15.0000000Z;15.008;15.0375;1153;2883
2026-06-08T09:06:19.0000000Z;15.0075;15.0375;350;2883
2026-06-08T09:06:20.0000000Z;15.008;15.0375;1153;2883
2026-06-08T09:06:25.0000000Z;15.0075;15.0375;350;2883
2026-06-08T09:06:26.0000000Z;15.008;15.0375;1153;2883
2026-06-08T09:06:31.0000000Z;15.0075;15.0375;350;2883
2026-06-08T09:06:33.0000000Z;15.008;15.0375;1153;2883
2026-06-08T09:06:40.0000000Z;15.0075;15.0375;350;2883
2026-06-08T09:06:41.0000000Z;15.008;15.0375;1153;2883
2026-06-08T09:06:46.0000000Z;15.0075;15.0375;350;2883
2026-06-08T09:06:47.0000000Z;15.008;15.0375;1153;2883
2026-06-08T09:06:52.0000000Z;15.0075;15.0375;350;2883
2026-06-08T09:06:53.0000000Z;15.008;15.0375;1153;2883
2026-06-08T09:06:58.0000000Z;15.0075;15.0375;350;2883
2026-06-08T09:06:59.0000000Z;15.008;15.0375;1153;2883
2026-06-08T09:07:04.0000000Z;15.008;15.0375;1153;2883
2026-06-08T09:07:09.0000000Z;15.0075;15.0375;350;2883
2026-06-08T09:07:10.0000000Z;15.008;15.0375;1153;2883
2026-06-08T09:07:15.0000000Z;15.0075;15.0375;350;2883
2026-06-08T09:07:16.0000000Z;15.008;15.0375;1153;2883
2026-06-08T09:07:21.0000000Z;15.0075;15.0375;350;2883
2026-06-08T09:07:22.0000000Z;15.008;15.0375;1153;2883
2026-06-08T09:07:27.0000000Z;15.008;15.0375;1153;2883
2026-06-08T09:07:32.0000000Z;15.0075;15.0375;350;2883
2026-06-08T09:07:33.0000000Z;15.008;15.0375;1153;2883
2026-06-08T09:07:38.0000000Z;15.0075;15.0375;350;2883
2026-06-08T09:07:39.0000000Z;15.008;15.0375;1153;2883
2026-06-08T09:07:44.0000000Z;15.0075;15.0375;350;2883
2026-06-08T09:07:48.0000000Z;15.008;15.0375;1153;2883
2026-06-08T09:07:53.0000000Z;15.0075;15.0375;350;2883
2026-06-08T09:07:59.0000000Z;15.0075;15.0375;350;2883
2026-06-08T09:08:20.0000000Z;15.008;15.0375;1153;2883
2026-06-08T09:08:25.0000000Z;15.0075;15.0375;350;2883
2026-06-08T09:08:27.0000000Z;15.008;15.0375;1153;2883
2026-06-08T09:08:32.0000000Z;15.0075;15.0375;350;2883
2026-06-08T09:08:33.0000000Z;15.008;15.0375;1153;2883
2026-06-08T09:08:38.0000000Z;15.0075;15.0375;350;2883
2026-06-08T09:08:39.0000000Z;15.008;15.0375;1153;2883
2026-06-08T09:08:44.0000000Z;15.0075;15.0375;350;2883
2026-06-08T09:08:45.0000000Z;15.008;15.0375;1153;2883
2026-06-08T09:08:50.0000000Z;15.0075;15.0375;350;2883
2026-06-08T09:08:54.0000000Z;15.0075;15.0375;350;2883
2026-06-08T09:09:03.0000000Z;15.0075;15.0375;350;2883
2026-06-08T09:10:09.0000000Z;15.0075;15.0375;350;2883
2026-06-08T09:10:43.0000000Z;15.0075;15.0375;350;2883
2026-06-08T09:11:32.0000000Z;15.008;15.0375;1153;2883
2026-06-08T09:11:37.0000000Z;15.0075;15.0375;350;2883
2026-06-08T09:11:40.0000000Z;15.008;15.0375;1153;2883
2026-06-08T09:11:46.0000000Z;15.008;15.0375;1153;2883
2026-06-08T09:11:55.0000000Z;15.008;15.0375;1153;2883
2026-06-08T09:12:00.0000000Z;15.0075;15.0375;350;2883
2026-06-08T09:12:01.0000000Z;15.008;15.0375;1153;2883
2026-06-08T09:12:06.0000000Z;15.0075;15.0375;350;2883
2026-06-08T09:12:10.0000000Z;15.008;15.0375;1153;2883
2026-06-08T09:12:15.0000000Z;15.008;15.0375;1153;2883
2026-06-08T09:12:20.0000000Z;15.0075;15.0375;350;2883
2026-06-08T09:12:21.0000000Z;15.008;15.0375;1153;2883
2026-06-08T09:12:26.0000000Z;15.0075;15.0375;350;2883
2026-06-08T09:12:31.0000000Z;15.0075;15.0375;350;2883
2026-06-08T09:15:31.0000000Z;15.0075;15.0385;350;3325
2026-06-08T09:15:33.0000000Z;15.0075;15.0385;350;3325
2026-06-08T09:15:38.0000000Z;15.0075;15.0375;350;2883
2026-06-08T09:16:16.0000000Z;15.0075;15.0385;350;3325
2026-06-08T09:16:57.0000000Z;15.0075;15.0375;350;2883
2026-06-08T09:17:00.0000000Z;15.0075;15.0385;350;3325
2026-06-08T09:17:14.0000000Z;15.0075;15.0375;350;2883
2026-06-08T09:17:18.0000000Z;15.008;15.0375;1153;2883
2026-06-08T09:17:23.0000000Z;15.0075;15.0375;350;2883
2026-06-08T09:17:34.0000000Z;15.008;15.0375;1153;2883
2026-06-08T09:17:39.0000000Z;15.0075;15.0375;350;2883
2026-06-08T09:17:47.0000000Z;15.008;15.0375;1153;2883
2026-06-08T09:17:52.0000000Z;15.008;15.0375;1153;2883
2026-06-08T09:17:56.0000000Z;15.008;15.0375;1153;2883
2026-06-08T09:18:01.0000000Z;15.0075;15.0375;350;2883
2026-06-08T09:18:02.0000000Z;15.008;15.0375;1153;2883
2026-06-08T09:18:08.0000000Z;15.008;15.0375;1153;2883
2026-06-08T09:18:09.0000000Z;15.008;15.0375;1153;2883
2026-06-08T09:18:15.0000000Z;15.0075;15.0375;350;2883
2026-06-08T09:18:16.0000000Z;15.008;15.0375;1153;2883
2026-06-08T09:18:21.0000000Z;15.0075;15.0375;350;2883
2026-06-08T09:18:23.0000000Z;15.0075;15.0385;350;3325
2026-06-08T09:18:26.0000000Z;15.0075;15.0385;350;3325
2026-06-08T09:18:33.0000000Z;15.0075;15.0375;350;2883
2026-06-08T09:19:09.0000000Z;15.008;15.0375;1153;2883
2026-06-08T09:19:14.0000000Z;15.0075;15.0375;350;2883
2026-06-08T09:19:18.0000000Z;15.008;15.0375;1153;2883
2026-06-08T09:19:20.0000000Z;15.008;15.0375;1153;2883
2026-06-08T09:19:23.0000000Z;15.008;15.0385;1153;3325
2026-06-08T09:19:27.0000000Z;15.0075;15.0385;350;3325
2026-06-08T09:19:28.0000000Z;15.008;15.0385;1153;3325
2026-06-08T09:19:33.0000000Z;15.008;15.0385;1153;3325
2026-06-08T09:19:38.0000000Z;15.008;15.0375;1153;2883
2026-06-08T09:20:01.0000000Z;15.0075;15.0375;350;2883
2026-06-08T09:20:06.0000000Z;15.008;15.0375;1153;2883
2026-06-08T09:20:11.0000000Z;15.0075;15.0375;350;2883
2026-06-08T09:20:15.0000000Z;15.008;15.0375;1153;2883
2026-06-08T09:20:20.0000000Z;15.008;15.0375;1153;2883
2026-06-08T09:20:26.0000000Z;15.008;15.0375;1153;2883
2026-06-08T09:20:31.0000000Z;15.0075;15.0375;350;2883
2026-06-08T09:20:36.0000000Z;15.0075;15.0375;350;2883
2026-06-08T09:20:37.0000000Z;15.008;15.0375;1153;2883
2026-06-08T09:20:43.0000000Z;15.008;15.0375;1153;2883
2026-06-08T09:20:45.0000000Z;15.008;15.0375;1153;2883
2026-06-08T09:20:49.0000000Z;15.008;15.0375;1153;2883
2026-06-08T09:20:57.0000000Z;15.0075;15.0375;350;2883
2026-06-08T09:20:58.0000000Z;15.008;15.0375;1153;2883
2026-06-08T09:21:04.0000000Z;15.008;15.0375;1153;2883
2026-06-08T09:21:12.0000000Z;15.008;15.0385;1153;3325
2026-06-08T09:21:19.0000000Z;15.008;15.0385;1153;3325
2026-06-08T09:21:49.0000000Z;15.0075;15.0385;350;3325
2026-06-08T09:21:50.0000000Z;15.008;15.0385;1153;3325
2026-06-08T09:21:58.0000000Z;15.0075;15.0385;350;3325
2026-06-08T09:22:01.0000000Z;15.008;15.0385;1153;3325
2026-06-08T09:22:10.0000000Z;15.0075;15.0385;350;3325
2026-06-08T09:22:11.0000000Z;15.008;15.0385;1153;3325
2026-06-08T09:22:14.0000000Z;15.008;15.0375;1153;2883
2026-06-08T09:22:16.0000000Z;15.0075;15.0375;350;2883
2026-06-08T09:22:17.0000000Z;15.008;15.0375;1153;2883
2026-06-08T09:22:23.0000000Z;15.0075;15.0375;350;2883
2026-06-08T09:22:24.0000000Z;15.008;15.0375;1153;2883
2026-06-08T09:22:29.0000000Z;15.008;15.0375;1153;2883
2026-06-08T09:22:39.0000000Z;15.008;15.0375;1153;2883
2026-06-08T09:22:44.0000000Z;15.0075;15.0375;350;2883
2026-06-08T09:22:48.0000000Z;15.008;15.0375;1153;2883
2026-06-08T09:22:53.0000000Z;15.0075;15.0375;350;2883
2026-06-08T09:23:00.0000000Z;15.0075;15.0375;350;2883
2026-06-08T09:23:43.0000000Z;15.008;15.0375;1153;2883
2026-06-08T09:23:48.0000000Z;15.0075;15.0375;350;2883
2026-06-08T09:23:52.0000000Z;15.0075;15.0375;350;2883
2026-06-08T09:24:19.0000000Z;15.008;15.0375;1153;2883
2026-06-08T09:24:24.0000000Z;15.0075;15.0375;350;2883
2026-06-08T09:24:25.0000000Z;15.008;15.0375;1153;2883
2026-06-08T09:24:26.0000000Z;15.008;15.0375;1153;2883
2026-06-08T09:24:28.0000000Z;15.008;15.0375;1153;2883
2026-06-08T09:24:29.0000000Z;15.008;15.096;1153;1153
2026-06-08T09:24:30.0000000Z;15.007;15.043;1153;7000
2026-06-08T09:24:31.0000000Z;15.01;15.04;2883;350
2026-06-08T09:24:32.0000000Z;15.01;15.04;2883;350
2026-06-08T09:24:34.0000000Z;15.01;15.04;2883;350
2026-06-08T09:24:37.0000000Z;15.01;15.0395;2883;2883
2026-06-08T09:24:48.0000000Z;15.01;15.0395;2883;2883
2026-06-08T09:30:17.0000000Z;15.01;15.0395;2883;2883
2026-06-08T09:36:40.0000000Z;14.953;15.096;7000;7000
2026-06-08T09:36:41.0000000Z;15.007;15.0435;7000;7000
2026-06-08T09:36:42.0000000Z;15.007;15.0435;7000;7000
2026-06-08T09:36:43.0000000Z;14.9535;15.0965;7000;7000
2026-06-08T09:36:44.0000000Z;14.9535;15.0965;7000;7000
2026-06-08T09:36:45.0000000Z;15.0075;15.044;7000;7000
2026-06-08T09:36:46.0000000Z;15.0075;15.044;7000;7000
2026-06-08T09:36:47.0000000Z;15.0105;15.041;350;350
2026-06-08T09:36:48.0000000Z;15.011;15.041;2883;350
2026-06-08T09:36:50.0000000Z;15.011;15.0405;2883;6208
2026-06-08T09:36:53.0000000Z;15.011;15.0405;2883;3325
2026-06-08T09:36:54.0000000Z;15.011;15.0405;2883;3325
2026-06-08T09:36:55.0000000Z;15.011;15.0405;2883;6208
2026-06-08T09:36:56.0000000Z;15.011;15.0405;2883;3325
2026-06-08T09:36:58.0000000Z;15.011;15.0405;2883;6208
2026-06-08T09:37:00.0000000Z;15.011;15.0415;2883;3325
2026-06-08T09:37:01.0000000Z;15.011;15.0405;2883;2883
2026-06-08T09:37:11.0000000Z;14.956;15.099;1153;7000
2026-06-08T09:37:12.0000000Z;14.9895;15.065;1153;7000
2026-06-08T09:37:13.0000000Z;14.997;15.0575;1153;350
2026-06-08T09:37:20.0000000Z;14.9965;15.0575;350;350
2026-06-08T09:37:26.0000000Z;14.997;15.057;2883;2883
2026-06-08T09:37:46.0000000Z;14.997;15.057;2883;2883
2026-06-08T09:38:14.0000000Z;14.997;15.057;2883;2883
2026-06-08T09:40:38.0000000Z;14.997;15.057;2883;2883
2026-06-08T09:40:43.0000000Z;14.997;15.057;2883;2883
2026-06-08T09:44:43.0000000Z;14.997;15.057;1153;1153
2026-06-08T09:44:44.0000000Z;15.014;15.045;350;350
2026-06-08T09:44:45.0000000Z;15.0145;15.0445;2883;2883
2026-06-08T09:44:48.0000000Z;15.0145;15.0445;2883;2883
2026-06-08T09:44:52.0000000Z;15.0145;15.0445;2883;2883
2026-06-08T10:01:59.0000000Z;15.0145;15.0445;2883;2883
2026-06-08T10:02:00.0000000Z;14.959;15.102;1153;7000
2026-06-08T10:02:01.0000000Z;15.012;15.0485;7000;7000
2026-06-08T10:02:02.0000000Z;15.012;15.0485;7000;7000
2026-06-08T10:02:03.0000000Z;15.015;15.0455;350;350
2026-06-08T10:02:04.0000000Z;15.0155;15.045;2883;2883
2026-06-08T10:02:05.0000000Z;15.0155;15.045;2883;2883
2026-06-08T10:02:14.0000000Z;15.0155;15.045;2883;2883
2026-06-08T10:03:05.0000000Z;15.0155;15.045;2883;2883
2026-06-08T10:04:24.0000000Z;15.0155;15.045;2883;2883
2026-06-08T10:04:53.0000000Z;15.0155;15.045;2883;2883
2026-06-08T10:04:55.0000000Z;15.0155;15.045;2883;2883
2026-06-08T10:07:59.0000000Z;15.0155;15.046;2883;3324
2026-06-08T10:08:00.0000000Z;15.0155;15.045;2883;2883
2026-06-08T10:08:05.0000000Z;15.0155;15.046;2883;3324
2026-06-08T10:08:42.0000000Z;15.0155;15.045;2883;2883
2026-06-08T10:09:18.0000000Z;15.0155;15.046;2883;3324
2026-06-08T10:09:28.0000000Z;15.0155;15.045;2883;2883
2026-06-08T10:12:12.0000000Z;15.0155;15.046;2883;3324
2026-06-08T10:12:25.0000000Z;15.0155;15.045;2883;2883
2026-06-08T10:12:47.0000000Z;15.0155;15.046;2883;3324
2026-06-08T10:13:08.0000000Z;15.0155;15.045;2883;2883
2026-06-08T10:22:49.0000000Z;15.0155;15.045;2883;2883
2026-06-08T10:23:55.0000000Z;15.0155;15.045;2883;2883
2026-06-08T10:24:27.0000000Z;15.0155;15.045;2883;2883
2026-06-08T10:29:15.0000000Z;15.0145;15.0485;3331;7000
2026-06-08T10:29:16.0000000Z;14.9585;15.102;7000;7000
2026-06-08T10:29:17.0000000Z;15.012;15.0485;7000;7000
2026-06-08T10:29:18.0000000Z;15.015;15.0455;350;350
2026-06-08T10:29:19.0000000Z;15.0155;15.045;2883;2883
2026-06-08T10:29:20.0000000Z;15.0155;15.045;2883;2883
2026-06-08T10:29:21.0000000Z;15.0155;15.045;2883;2883
2026-06-08T10:29:49.0000000Z;15.0155;15.045;2883;2883
2026-06-08T10:29:59.0000000Z;15.0155;15.045;2883;2883
2026-06-08T10:30:00.0000000Z;14.9595;15.1015;1153;1153
2026-06-08T10:30:01.0000000Z;15.012;15.049;7000;7000
2026-06-08T10:30:02.0000000Z;15.0155;15.046;2883;350
2026-06-08T10:30:03.0000000Z;15.0155;15.0455;2883;2883
2026-06-08T10:30:04.0000000Z;15.0155;15.0455;2883;2883
2026-06-08T10:30:05.0000000Z;15.0155;15.0455;2883;2883
2026-06-08T10:30:09.0000000Z;15.0155;15.0455;2883;2883
2026-06-08T10:33:44.0000000Z;15.0155;15.0455;2883;2883
2026-06-08T10:34:10.0000000Z;15.0155;15.0465;2883;3324
2026-06-08T10:34:18.0000000Z;15.0155;15.0465;1153;3324
2026-06-08T10:34:19.0000000Z;15.0225;15.049;350;7000
2026-06-08T10:34:20.0000000Z;15.023;15.049;2883;7000
2026-06-08T10:34:22.0000000Z;15.023;15.053;2883;350
2026-06-08T10:34:23.0000000Z;15.023;15.053;2883;350
2026-06-08T10:34:30.0000000Z;15.023;15.053;2883;350
2026-06-08T10:34:31.0000000Z;14.969;15.1115;1153;7000
2026-06-08T10:34:32.0000000Z;14.969;15.1115;1153;7000
2026-06-08T10:34:35.0000000Z;14.9685;15.1115;7000;7000
2026-06-08T10:34:36.0000000Z;14.969;15.111;2883;2883
2026-06-08T10:34:50.0000000Z;14.969;15.111;2883;2883
2026-06-08T10:38:53.0000000Z;15.0055;15.066;350;350
2026-06-08T10:38:54.0000000Z;15.006;15.0655;2883;2883
2026-06-08T10:38:56.0000000Z;15.006;15.0655;2883;2883
2026-06-08T10:39:01.0000000Z;15.006;15.0655;2883;2883
2026-06-08T10:45:28.0000000Z;15.0205;15.051;350;350
2026-06-08T10:45:29.0000000Z;15.021;15.0505;2883;2883
2026-06-08T10:45:33.0000000Z;15.021;15.0505;2883;2883
2026-06-08T10:45:34.0000000Z;15.021;15.0505;2883;2883
2026-06-08T10:46:09.0000000Z;15.021;15.0505;2883;2883
2026-06-08T10:48:33.0000000Z;15.02;15.0515;3329;3322
2026-06-08T10:48:43.0000000Z;15.021;15.0505;2883;2883
2026-06-08T10:54:12.0000000Z;15.021;15.0505;2883;2883
2026-06-08T10:54:15.0000000Z;15.021;15.0505;2883;2883
2026-06-08T10:55:25.0000000Z;15.021;15.051;2883;1503
2026-06-08T10:55:30.0000000Z;15.021;15.051;2883;350
2026-06-08T10:56:45.0000000Z;15.021;15.051;2883;1503
2026-06-08T10:56:50.0000000Z;15.021;15.051;2883;350
2026-06-08T10:56:51.0000000Z;15.021;15.051;2883;1503
2026-06-08T10:56:56.0000000Z;15.021;15.051;2883;350
2026-06-08T10:56:57.0000000Z;15.021;15.051;2883;1503
2026-06-08T10:57:02.0000000Z;15.021;15.051;2883;350
2026-06-08T10:57:03.0000000Z;15.021;15.051;2883;1503
2026-06-08T10:57:08.0000000Z;15.021;15.051;2883;350
2026-06-08T10:57:41.0000000Z;15.021;15.051;2883;1503
2026-06-08T10:57:46.0000000Z;15.021;15.051;2883;350
2026-06-08T10:57:50.0000000Z;15.021;15.051;2883;1503
2026-06-08T10:57:55.0000000Z;15.021;15.051;2883;350
2026-06-08T10:57:56.0000000Z;15.021;15.051;2883;1503
2026-06-08T10:58:01.0000000Z;15.021;15.051;2883;350
2026-06-08T10:59:07.0000000Z;15.021;15.051;2883;1503
2026-06-08T10:59:08.0000000Z;15.021;15.051;2883;350
2026-06-08T11:01:03.0000000Z;15.021;15.051;2883;1503
2026-06-08T11:01:08.0000000Z;15.021;15.051;2883;350
2026-06-08T11:01:22.0000000Z;15.021;15.051;2883;1503
2026-06-08T11:01:27.0000000Z;15.021;15.051;2883;350
2026-06-08T11:01:37.0000000Z;15.021;15.051;2883;1503
2026-06-08T11:02:02.0000000Z;15.021;15.0505;2883;1153
2026-06-08T11:02:10.0000000Z;15.021;15.0505;2883;1153
2026-06-08T11:02:22.0000000Z;15.021;15.051;2883;350
2026-06-08T11:02:23.0000000Z;15.021;15.051;2883;1503
2026-06-08T11:02:28.0000000Z;15.021;15.051;2883;1503
2026-06-08T11:03:01.0000000Z;15.021;15.051;2883;1503
2026-06-08T11:03:26.0000000Z;15.021;15.0505;2883;1153
2026-06-08T11:03:32.0000000Z;15.021;15.051;2883;350
2026-06-08T11:04:09.0000000Z;15.021;15.051;2883;350
2026-06-08T11:10:46.0000000Z;15.0175;15.054;7000;7000
2026-06-08T11:10:50.0000000Z;15.0175;15.054;7000;8153
2026-06-08T11:10:59.0000000Z;15.0155;15.0615;1153;350
2026-06-08T11:11:00.0000000Z;14.9605;15.1035;7000;7000
2026-06-08T11:11:01.0000000Z;15.0135;15.05;7000;7000
2026-06-08T11:11:02.0000000Z;15.0135;15.05;7000;7000
2026-06-08T11:11:04.0000000Z;15.015;15.05;1153;7000
2026-06-08T11:11:24.0000000Z;15.015;15.05;1153;7000
2026-06-08T11:11:25.0000000Z;15.015;15.1075;1153;7000
2026-06-08T11:11:26.0000000Z;15.015;15.0735;1153;7000
2026-06-08T11:11:29.0000000Z;15.015;15.071;1153;1153
2026-06-08T11:12:05.0000000Z;15.015;15.071;1153;1153
2026-06-08T11:12:08.0000000Z;14.9995;15.071;1153;1153
2026-06-08T11:12:12.0000000Z;15.0005;15.071;1153;1153
2026-06-08T11:12:14.0000000Z;15.0005;15.071;1153;1153
2026-06-08T11:12:16.0000000Z;15.0005;15.073;1153;1153
2026-06-08T11:12:45.0000000Z;14.9985;15.0725;1153;2883
2026-06-08T11:12:46.0000000Z;15.006;15.0665;2883;3319
2026-06-08T11:12:47.0000000Z;15.006;15.0655;2883;2883
2026-06-08T11:13:08.0000000Z;15.006;15.0665;2883;3319
2026-06-08T11:13:10.0000000Z;15.006;15.0655;2883;2883
2026-06-08T11:13:12.0000000Z;15.006;15.0665;2883;3319
2026-06-08T11:13:13.0000000Z;15.006;15.0655;2883;2883
2026-06-08T11:14:07.0000000Z;15.006;15.0665;2883;3319
2026-06-08T11:14:09.0000000Z;15.006;15.0655;2883;2883
2026-06-08T11:14:14.0000000Z;15.006;15.0665;2883;3319
2026-06-08T11:15:16.0000000Z;15.006;15.0665;2883;3319
2026-06-08T11:15:18.0000000Z;15.006;15.0665;2883;3319
2026-06-08T11:15:19.0000000Z;14.9755;15.1185;1153;7000
2026-06-08T11:15:20.0000000Z;14.9755;15.1185;1153;7000
2026-06-08T11:15:21.0000000Z;14.9755;15.1185;1153;7000
2026-06-08T11:15:34.0000000Z;14.9755;15.1185;1153;7000
2026-06-08T11:15:35.0000000Z;14.976;15.118;2883;2883
2026-06-08T11:20:49.0000000Z;15.014;15.0745;350;350
2026-06-08T11:20:50.0000000Z;15.0145;15.074;2883;2883
2026-06-08T11:20:51.0000000Z;15.0145;15.074;2883;2883
2026-06-08T11:20:54.0000000Z;15.0145;15.074;2883;2883
2026-06-08T11:21:03.0000000Z;15.0145;15.074;2883;2883
2026-06-08T11:27:06.0000000Z;15.0145;15.074;2883;2883
2026-06-08T11:27:08.0000000Z;15.0145;15.074;2883;2883
2026-06-08T11:33:26.0000000Z;15.0135;15.075;3331;3317
2026-06-08T11:33:27.0000000Z;15.031;15.061;2883;350
2026-06-08T11:33:31.0000000Z;15.031;15.061;2883;350
2026-06-08T11:33:35.0000000Z;15.031;15.0615;2883;3320
2026-06-08T11:35:41.0000000Z;15.031;15.0615;2883;3320
2026-06-08T11:37:19.0000000Z;15.031;15.0615;2883;3320
2026-06-08T11:38:49.0000000Z;15.031;15.0615;2883;3320
2026-06-08T11:39:31.0000000Z;15.031;15.0615;2883;3320
2026-06-08T11:40:26.0000000Z;15.031;15.0605;2883;2883
2026-06-08T11:51:53.0000000Z;15.031;15.0605;2883;2883
2026-06-08T11:59:59.0000000Z;15.031;15.0605;2883;2883
2026-06-08T12:00:00.0000000Z;14.973;15.0615;1153;3320
2026-06-08T12:00:01.0000000Z;15.026;15.0625;7000;7000
2026-06-08T12:00:02.0000000Z;15.029;15.059;350;2883
2026-06-08T12:00:03.0000000Z;15.029;15.059;350;2883
2026-06-08T12:00:04.0000000Z;15.029;15.059;350;2883
2026-06-08T12:00:05.0000000Z;15.029;15.059;350;2883
2026-06-08T12:00:11.0000000Z;15.0295;15.059;2883;2883
2026-06-08T12:02:55.0000000Z;14.973;15.1155;1153;1153
2026-06-08T12:02:56.0000000Z;14.973;15.1155;1153;1153
2026-06-08T12:02:57.0000000Z;15.014;15.074;1153;1153
2026-06-08T12:02:58.0000000Z;15.014;15.074;1153;1153
2026-06-08T12:03:04.0000000Z;15.0145;15.0735;2883;2883
2026-06-08T12:04:01.0000000Z;15.0145;15.0735;2883;2883
2026-06-08T12:08:28.0000000Z;15.0145;15.0735;2883;2883
2026-06-08T12:08:29.0000000Z;15.028;15.058;1153;350
2026-06-08T12:08:30.0000000Z;15.0285;15.0575;2883;2883
2026-06-08T12:08:33.0000000Z;15.0285;15.0575;2883;2883
2026-06-08T12:08:38.0000000Z;15.0285;15.0575;2883;2883
2026-06-08T12:09:11.0000000Z;15.0285;15.0575;2883;2883
2026-06-08T12:09:16.0000000Z;15.0285;15.0575;2883;2883
2026-06-08T12:09:21.0000000Z;15.0285;15.0575;2883;2883
2026-06-08T12:09:41.0000000Z;15.0285;15.0575;2883;2883
2026-06-08T12:09:48.0000000Z;15.0285;15.0575;2883;2883
2026-06-08T12:09:53.0000000Z;15.0285;15.0575;2883;2883
2026-06-08T12:11:18.0000000Z;15.0275;15.0575;3328;2883
2026-06-08T12:11:19.0000000Z;15.028;15.0575;2883;2883
2026-06-08T12:11:28.0000000Z;15.0275;15.0575;1503;2883
2026-06-08T12:11:33.0000000Z;15.0275;15.0575;350;2883
2026-06-08T12:11:35.0000000Z;15.0275;15.0575;1503;2883
2026-06-08T12:11:41.0000000Z;15.0275;15.0575;1503;2883
2026-06-08T12:11:43.0000000Z;15.0275;15.0575;350;2883
2026-06-08T12:12:18.0000000Z;15.0275;15.0575;350;2883
2026-06-08T12:12:47.0000000Z;15.0275;15.0575;350;2883
2026-06-08T12:15:50.0000000Z;15.0275;15.058;350;1503
2026-06-08T12:15:58.0000000Z;15.0275;15.058;350;1503
2026-06-08T12:16:03.0000000Z;15.0275;15.058;350;350
2026-06-08T12:16:04.0000000Z;15.0275;15.058;350;350
2026-06-08T12:17:55.0000000Z;15.0275;15.058;350;1503
2026-06-08T12:18:00.0000000Z;15.0275;15.058;350;350
2026-06-08T12:29:48.0000000Z;15.0275;15.058;1503;350
2026-06-08T12:29:53.0000000Z;15.0275;15.058;350;350
2026-06-08T12:29:58.0000000Z;15.0275;15.058;1503;350
2026-06-08T12:30:07.0000000Z;15.0275;15.058;350;350
2026-06-08T12:30:11.0000000Z;15.0275;15.058;1503;350
2026-06-08T12:30:16.0000000Z;15.0275;15.058;350;350
2026-06-08T12:30:52.0000000Z;15.0275;15.058;1503;350
2026-06-08T12:30:57.0000000Z;15.0275;15.058;350;350
2026-06-08T12:30:59.0000000Z;15.0275;15.058;1503;350
2026-06-08T12:31:19.0000000Z;15.028;15.058;1153;350
2026-06-08T12:31:25.0000000Z;15.028;15.058;1153;350
2026-06-08T12:32:51.0000000Z;15.028;15.058;1153;350
2026-06-08T12:32:52.0000000Z;15.028;15.058;1153;350
2026-06-08T12:32:53.0000000Z;15.028;15.058;4036;350
2026-06-08T12:32:54.0000000Z;15.028;15.058;4036;350
2026-06-08T12:32:57.0000000Z;15.028;15.058;2883;350
2026-06-08T12:33:56.0000000Z;15.028;15.058;4036;350
2026-06-08T12:35:37.0000000Z;15.028;15.058;4036;350
2026-06-08T12:35:49.0000000Z;15.028;15.058;2883;350
2026-06-08T12:35:50.0000000Z;15.028;15.058;4036;350
2026-06-08T12:35:55.0000000Z;15.028;15.058;2883;350
2026-06-08T12:36:01.0000000Z;15.028;15.058;4036;350
2026-06-08T12:36:07.0000000Z;15.028;15.058;2883;350
2026-06-08T12:36:19.0000000Z;15.0275;15.058;1503;350
2026-06-08T12:36:25.0000000Z;15.0275;15.058;1503;350
2026-06-08T12:36:41.0000000Z;15.0275;15.058;1503;350
2026-06-08T12:36:54.0000000Z;15.0275;15.058;350;350
2026-06-08T12:36:56.0000000Z;15.0275;15.058;1503;350
2026-06-08T12:37:04.0000000Z;15.0275;15.058;350;350
2026-06-08T12:37:24.0000000Z;15.0275;15.058;1503;350
2026-06-08T12:37:29.0000000Z;15.0275;15.058;350;350
2026-06-08T12:38:04.0000000Z;15.0275;15.058;1503;350
2026-06-08T12:38:09.0000000Z;15.0275;15.058;350;350
2026-06-08T12:38:10.0000000Z;15.0275;15.058;1503;350
2026-06-08T12:38:39.0000000Z;15.0275;15.058;350;350
2026-06-08T12:38:58.0000000Z;15.0275;15.058;1503;350
2026-06-08T12:39:19.0000000Z;15.028;15.058;1153;350
2026-06-08T12:39:25.0000000Z;15.028;15.058;1153;350
2026-06-08T12:39:36.0000000Z;15.028;15.058;4036;350
2026-06-08T12:39:59.0000000Z;15.028;15.058;4036;350
2026-06-08T12:40:00.0000000Z;14.97;15.113;1153;7000
2026-06-08T12:40:01.0000000Z;14.97;15.113;1153;7000
2026-06-08T12:40:02.0000000Z;15.023;15.0595;7000;7000
2026-06-08T12:40:03.0000000Z;15.026;15.0565;350;350
2026-06-08T12:40:04.0000000Z;15.026;15.056;350;2883
2026-06-08T12:40:05.0000000Z;15.0265;15.056;1153;2883
2026-06-08T12:40:06.0000000Z;15.0265;15.056;1153;2883
2026-06-08T12:40:13.0000000Z;15.0265;15.056;4036;2883
2026-06-08T12:41:06.0000000Z;15.0265;15.056;4036;2883
2026-06-08T12:41:21.0000000Z;15.0265;15.056;4036;2883
2026-06-08T12:42:33.0000000Z;15.0265;15.057;4036;3321
2026-06-08T12:42:34.0000000Z;15.0265;15.057;4036;3321
2026-06-08T12:42:35.0000000Z;15.026;15.056;1153;350
2026-06-08T12:42:36.0000000Z;15.0265;15.056;2883;350
2026-06-08T12:42:39.0000000Z;15.0265;15.057;2883;3321
2026-06-08T12:42:40.0000000Z;14.97;15.113;8153;7000
2026-06-08T12:42:41.0000000Z;15.025;15.061;1153;7000
2026-06-08T12:42:42.0000000Z;15.028;15.058;1153;350
2026-06-08T12:42:43.0000000Z;15.0285;15.058;2883;350
2026-06-08T12:42:48.0000000Z;14.972;15.1145;1153;1153
2026-06-08T12:42:49.0000000Z;14.972;15.1145;1153;1153
2026-06-08T12:42:50.0000000Z;15.0135;15.073;1153;1153
2026-06-08T12:42:51.0000000Z;15.0135;15.073;1153;1153
2026-06-08T12:42:56.0000000Z;15.014;15.0725;2883;2883
2026-06-08T12:43:39.0000000Z;15.014;15.0725;2883;2883
2026-06-08T12:44:14.0000000Z;15.014;15.0725;2883;2883
2026-06-08T12:44:38.0000000Z;15.027;15.0575;1153;350
2026-06-08T12:44:39.0000000Z;15.0275;15.057;2883;2883
2026-06-08T12:44:43.0000000Z;15.0275;15.057;2883;2883
2026-06-08T12:44:44.0000000Z;15.0275;15.057;2883;2883
2026-06-08T12:44:45.0000000Z;14.971;15.0735;1153;3318
2026-06-08T12:44:46.0000000Z;15.024;15.06;1153;7000
2026-06-08T12:44:47.0000000Z;15.024;15.0605;1153;3320
2026-06-08T12:44:48.0000000Z;15.024;15.0605;1153;3320
2026-06-08T12:44:49.0000000Z;15.024;15.0605;1153;3320
2026-06-08T12:44:50.0000000Z;15.027;15.057;1153;350
2026-06-08T12:44:51.0000000Z;15.0275;15.0565;2883;2883
2026-06-08T12:44:52.0000000Z;15.0275;15.0565;2883;2883
2026-06-08T12:44:54.0000000Z;15.0275;15.0565;2883;2883
2026-06-08T12:44:56.0000000Z;15.0275;15.0565;2883;2883
2026-06-08T12:59:12.0000000Z;15.0275;15.0565;2883;2883
2026-06-08T12:59:13.0000000Z;15.0265;15.0575;3328;3321
2026-06-08T12:59:14.0000000Z;14.969;15.0575;1153;3321
2026-06-08T12:59:15.0000000Z;15.0255;15.055;1153;2883
2026-06-08T12:59:22.0000000Z;15.026;15.055;2883;2883
2026-06-08T13:00:19.0000000Z;15.026;15.056;2883;3321
2026-06-08T13:00:20.0000000Z;15.026;15.056;2883;3321
2026-06-08T13:00:21.0000000Z;15.026;15.056;2883;3321
2026-06-08T13:01:03.0000000Z;15.026;15.055;2883;2883
2026-06-08T13:01:26.0000000Z;15.026;15.055;2883;2883
2026-06-08T13:02:41.0000000Z;15.026;15.056;2883;3321
2026-06-08T13:02:57.0000000Z;15.026;15.055;2883;2883
2026-06-08T13:03:00.0000000Z;15.026;15.055;2883;2883
2026-06-08T13:03:03.0000000Z;15.026;15.056;2883;3321
2026-06-08T13:03:54.0000000Z;15.026;15.056;2883;3321
2026-06-08T13:03:55.0000000Z;15.026;15.056;2883;3321
2026-06-08T13:04:06.0000000Z;15.026;15.055;2883;2883
2026-06-08T13:04:13.0000000Z;15.026;15.055;2883;2883
2026-06-08T13:04:21.0000000Z;15.026;15.056;2883;3321
2026-06-08T13:04:42.0000000Z;15.025;15.056;3328;3321
2026-06-08T13:04:43.0000000Z;15.0255;15.056;2883;3321
2026-06-08T13:04:48.0000000Z;15.0255;15.056;2883;3321
2026-06-08T13:04:50.0000000Z;15.025;15.056;1503;3321
2026-06-08T13:04:59.0000000Z;15.025;15.055;1503;2883
2026-06-08T13:05:04.0000000Z;15.025;15.055;350;2883
2026-06-08T13:05:22.0000000Z;15.025;15.055;1503;2883
2026-06-08T13:05:27.0000000Z;15.025;15.055;1503;2883
2026-06-08T13:05:32.0000000Z;15.025;15.055;350;2883
2026-06-08T13:05:33.0000000Z;15.025;15.055;1503;2883
2026-06-08T13:05:43.0000000Z;15.025;15.055;1503;2883
2026-06-08T13:05:48.0000000Z;15.025;15.055;350;2883
2026-06-08T13:05:49.0000000Z;15.025;15.055;1503;2883
2026-06-08T13:05:54.0000000Z;15.025;15.055;1503;2883
2026-06-08T13:06:00.0000000Z;15.025;15.055;350;2883
2026-06-08T13:06:01.0000000Z;15.025;15.055;1503;2883
2026-06-08T13:06:08.0000000Z;15.025;15.055;1503;2883
2026-06-08T13:06:13.0000000Z;15.025;15.055;350;2883
2026-06-08T13:07:05.0000000Z;15.025;15.055;350;2883
2026-06-08T13:07:51.0000000Z;15.025;15.055;350;2883
2026-06-08T13:09:28.0000000Z;15.025;15.056;350;3321
2026-06-08T13:21:53.0000000Z;15.025;15.056;350;3321
2026-06-08T13:22:10.0000000Z;15.025;15.056;1503;3321
2026-06-08T13:22:15.0000000Z;15.025;15.056;350;3321
2026-06-08T13:22:16.0000000Z;15.025;15.056;1503;3321
2026-06-08T13:22:23.0000000Z;15.025;15.056;1503;3321
2026-06-08T13:22:28.0000000Z;15.025;15.056;350;3321
2026-06-08T13:22:48.0000000Z;15.025;15.056;350;3321
2026-06-08T13:22:59.0000000Z;15.025;15.056;350;3321
2026-06-08T13:22:59.0000000Z;15.025;15.056;350;3321
2026-06-08T13:23:43.0000000Z;15.025;15.056;1503;3321
2026-06-08T13:23:48.0000000Z;15.025;15.056;350;3321
2026-06-08T13:24:11.0000000Z;15.025;15.056;1503;3321
2026-06-08T13:24:16.0000000Z;15.025;15.056;1503;3321
2026-06-08T13:24:18.0000000Z;15.0255;15.056;1153;3321
2026-06-08T13:24:22.0000000Z;15.0255;15.056;4036;3321
2026-06-08T13:24:26.0000000Z;15.0255;15.056;4036;3321
2026-06-08T13:24:27.0000000Z;15.0255;15.056;4036;3321
2026-06-08T13:24:32.0000000Z;15.0255;15.056;2883;3321
2026-06-08T13:24:39.0000000Z;15.0255;15.056;4036;3321
2026-06-08T13:24:44.0000000Z;15.0255;15.056;2883;3321
2026-06-08T13:25:16.0000000Z;15.0255;15.056;4036;3321
2026-06-08T13:25:25.0000000Z;15.0255;15.056;2883;3321
2026-06-08T13:25:26.0000000Z;15.0255;15.056;4036;3321
2026-06-08T13:25:33.0000000Z;15.0255;15.056;4036;3321
2026-06-08T13:25:51.0000000Z;15.0255;15.056;2883;3321
2026-06-08T13:25:52.0000000Z;15.0255;15.056;4036;3321
2026-06-08T13:25:57.0000000Z;15.0255;15.056;2883;3321
2026-06-08T13:26:06.0000000Z;15.025;15.056;350;3321
2026-06-08T13:26:10.0000000Z;15.025;15.056;1503;3321
2026-06-08T13:26:13.0000000Z;15.025;15.056;1503;3321
2026-06-08T13:26:17.0000000Z;15.0255;15.056;1153;3321
2026-06-08T13:26:22.0000000Z;15.0255;15.056;4036;3321
2026-06-08T13:26:24.0000000Z;15.0255;15.056;4036;3321
2026-06-08T13:26:27.0000000Z;15.0255;15.056;2883;3321
2026-06-08T13:26:28.0000000Z;15.0255;15.056;4036;3321
2026-06-08T13:27:27.0000000Z;15.0255;15.056;1153;3321
2026-06-08T13:27:41.0000000Z;15.025;15.056;3328;3321
2026-06-08T13:30:15.0000000Z;15.0255;15.056;1153;3321
2026-06-08T13:30:21.0000000Z;15.025;15.056;3328;3321
2026-06-08T13:30:23.0000000Z;15.0255;15.056;1153;3321
2026-06-08T13:30:35.0000000Z;15.025;15.056;3328;3321
2026-06-08T13:31:54.0000000Z;15.025;15.056;3328;3321
2026-06-08T13:32:25.0000000Z;15.033;15.0585;350;7000
2026-06-08T13:32:38.0000000Z;15.0325;15.059;3327;3321
2026-06-08T13:39:25.0000000Z;15.0325;15.064;3327;350
2026-06-08T13:39:38.0000000Z;15.0325;15.0645;3327;3320
2026-06-08T13:42:59.0000000Z;15.0325;15.0645;3327;3320
2026-06-08T13:43:00.0000000Z;14.9775;15.121;7000;7000
2026-06-08T13:43:01.0000000Z;15.034;15.0645;350;350
2026-06-08T13:43:05.0000000Z;15.034;15.0645;350;350
2026-06-08T13:43:15.0000000Z;15.0335;15.065;3326;3319
2026-06-08T13:44:05.0000000Z;15.0335;15.065;3326;3319
2026-06-08T13:45:04.0000000Z;15.0335;15.065;3326;3319
2026-06-08T13:45:05.0000000Z;14.9765;15.12;7000;7000
2026-06-08T13:45:06.0000000Z;15.03;15.0665;7000;7000
2026-06-08T13:45:07.0000000Z;15.033;15.0635;350;350
2026-06-08T13:45:09.0000000Z;15.033;15.0635;350;350
2026-06-08T13:45:19.0000000Z;15.0325;15.064;3327;3320
2026-06-08T13:46:46.0000000Z;15.0325;15.064;3327;3320
2026-06-08T13:48:28.0000000Z;15.03;15.056;7000;350
2026-06-08T13:48:40.0000000Z;15.0295;15.0565;3327;3321
2026-06-08T13:59:57.0000000Z;15.0295;15.0565;3327;3321
2026-06-08T13:59:58.0000000Z;14.971;15.114;7000;7000
2026-06-08T13:59:59.0000000Z;14.971;15.114;7000;7000
2026-06-08T13:59:59.0000000Z;15.024;15.0605;7000;7000
2026-06-08T14:00:00.0000000Z;15.027;15.0575;350;350
2026-06-08T14:00:07.0000000Z;15.027;15.0575;350;350
2026-06-08T14:00:11.0000000Z;15.0265;15.058;3328;3321
2026-06-08T14:01:06.0000000Z;15.0265;15.058;3328;3321
2026-06-08T14:03:10.0000000Z;15.0265;15.058;3328;3321
2026-06-08T14:08:21.0000000Z;15.0265;15.057;3328;1153
2026-06-08T14:08:33.0000000Z;15.0265;15.0575;3328;3321
2026-06-08T14:08:41.0000000Z;15.0265;15.0575;3328;350
2026-06-08T14:08:52.0000000Z;15.0265;15.058;3328;3321
2026-06-08T14:08:53.0000000Z;15.0265;15.057;3328;1153
2026-06-08T14:09:02.0000000Z;15.0265;15.0575;3328;3321
2026-06-08T14:09:24.0000000Z;15.0265;15.057;3328;1153
2026-06-08T14:10:54.0000000Z;15.0265;15.0575;3328;3321
2026-06-08T14:11:56.0000000Z;15.0265;15.057;3328;1153
2026-06-08T14:15:19.0000000Z;15.0265;15.057;3328;1153
2026-06-08T14:15:51.0000000Z;15.0265;15.057;3328;1153
2026-06-08T14:16:57.0000000Z;15.0265;15.057;3328;1153
2026-06-08T14:20:46.0000000Z;15.0265;15.057;3328;1153
2026-06-08T14:24:02.0000000Z;15.024;15.05;7000;350
2026-06-08T14:24:12.0000000Z;15.0235;15.0505;3329;3323
2026-06-08T14:27:29.0000000Z;15.0195;15.0505;350;3323
2026-06-08T14:27:41.0000000Z;15.019;15.0505;3330;3323
2026-06-08T14:29:13.0000000Z;15.019;15.0505;3330;3323
2026-06-08T14:30:19.0000000Z;15.019;15.0505;3330;3323
2026-06-08T14:30:37.0000000Z;15.019;15.0505;3330;3323
2026-06-08T14:37:13.0000000Z;15.019;15.05;3330;1503
2026-06-08T14:37:39.0000000Z;15.019;15.05;3330;350
2026-06-08T14:39:33.0000000Z;15.019;15.05;3330;1503
2026-06-08T14:39:45.0000000Z;15.019;15.05;3330;350
2026-06-08T14:40:23.0000000Z;15.019;15.05;3330;350
2026-06-08T14:40:24.0000000Z;15.0125;15.049;7000;7000
2026-06-08T14:40:25.0000000Z;15.0155;15.046;350;350
2026-06-08T14:40:27.0000000Z;15.0155;15.046;350;350
2026-06-08T14:40:40.0000000Z;15.015;15.0465;3331;3324
2026-06-08T14:41:28.0000000Z;15.015;15.0465;3331;3324
2026-06-08T14:46:45.0000000Z;15.015;15.0465;3331;3324
2026-06-08T14:46:46.0000000Z;15.015;15.0465;3331;3324
2026-06-08T14:47:52.0000000Z;15.015;15.0465;3331;3324
2026-06-08T14:48:32.0000000Z;15.015;15.0465;3331;3324
2026-06-08T14:50:04.0000000Z;15.015;15.0465;3331;3324
2026-06-08T14:59:22.0000000Z;15.015;15.0465;3331;3324
