2026-06-08T08:00:20.0000000Z;8.233;8.248;12289;12289
2026-06-08T08:00:50.0000000Z;8.233;8.248;12289;12289
2026-06-08T08:01:21.0000000Z;8.233;8.248;12289;12289
2026-06-08T08:01:32.0000000Z;8.233;8.245;12289;12289
2026-06-08T08:01:34.0000000Z;8.23;8.245;12289;12289
2026-06-08T08:02:04.0000000Z;8.23;8.245;12289;12289
2026-06-08T08:02:07.0000000Z;8.233;8.245;12289;12289
2026-06-08T08:02:08.0000000Z;8.233;8.248;12289;12289
2026-06-08T08:02:30.0000000Z;8.233;8.245;12289;12289
2026-06-08T08:02:31.0000000Z;8.23;8.245;12289;12289
2026-06-08T08:02:55.0000000Z;8.23;8.242;12289;12289
2026-06-08T08:02:57.0000000Z;8.227;8.242;12289;12289
2026-06-08T08:03:27.0000000Z;8.227;8.242;12289;12289
2026-06-08T08:03:58.0000000Z;8.227;8.242;12289;12289
2026-06-08T08:04:29.0000000Z;8.227;8.242;12289;12289
2026-06-08T08:04:59.0000000Z;8.227;8.242;12289;12289
2026-06-08T08:05:09.0000000Z;8.23;8.242;12289;12289
2026-06-08T08:05:13.0000000Z;8.23;8.244;12289;12289
2026-06-08T08:05:44.0000000Z;8.23;8.244;12289;12289
2026-06-08T08:06:14.0000000Z;8.23;8.244;12289;12289
2026-06-08T08:06:45.0000000Z;8.23;8.244;12289;12289
2026-06-08T08:07:15.0000000Z;8.23;8.244;12289;12289
2026-06-08T08:07:46.0000000Z;8.23;8.244;12289;12289
2026-06-08T08:08:16.0000000Z;8.23;8.244;12289;12289
2026-06-08T08:08:47.0000000Z;8.23;8.244;12289;12289
2026-06-08T08:08:50.0000000Z;8.23;8.241;12289;12289
2026-06-08T08:08:52.0000000Z;8.227;8.241;12289;12289
2026-06-08T08:09:22.0000000Z;8.227;8.241;12289;12289
2026-06-08T08:09:53.0000000Z;8.227;8.241;12289;12289
2026-06-08T08:10:23.0000000Z;8.227;8.241;12289;12289
2026-06-08T08:10:54.0000000Z;8.227;8.241;12289;12289
2026-06-08T08:11:24.0000000Z;8.227;8.241;12289;12289
2026-06-08T08:11:55.0000000Z;8.227;8.241;12289;12289
2026-06-08T08:12:25.0000000Z;8.227;8.241;12289;12289
2026-06-08T08:12:56.0000000Z;8.227;8.241;12289;12289
2026-06-08T08:13:27.0000000Z;8.227;8.241;12289;12289
2026-06-08T08:13:57.0000000Z;8.227;8.241;12289;12289
2026-06-08T08:14:28.0000000Z;8.227;8.241;12289;12289
2026-06-08T08:14:58.0000000Z;8.227;8.241;12289;12289
2026-06-08T08:15:29.0000000Z;8.227;8.241;12289;12289
2026-06-08T08:15:59.0000000Z;8.227;8.241;12289;12289
2026-06-08T08:16:30.0000000Z;8.227;8.241;12289;12289
2026-06-08T08:17:00.0000000Z;8.227;8.241;12289;12289
2026-06-08T08:17:31.0000000Z;8.227;8.241;12289;12289
2026-06-08T08:18:01.0000000Z;8.227;8.241;12289;12289
2026-06-08T08:18:32.0000000Z;8.227;8.241;12289;12289
2026-06-08T08:19:02.0000000Z;8.227;8.241;12289;12289
2026-06-08T08:19:23.0000000Z;8.23;8.241;12289;12289
2026-06-08T08:19:26.0000000Z;8.23;8.244;12289;12289
2026-06-08T08:19:56.0000000Z;8.23;8.244;12289;12289
2026-06-08T08:20:27.0000000Z;8.23;8.244;12289;12289
2026-06-08T08:20:36.0000000Z;8.23;8.241;12289;12289
2026-06-08T08:20:38.0000000Z;8.227;8.241;12289;12289
2026-06-08T08:21:08.0000000Z;8.227;8.241;12289;12289
2026-06-08T08:21:39.0000000Z;8.227;8.241;12289;12289
2026-06-08T08:22:09.0000000Z;8.227;8.241;12289;12289
2026-06-08T08:22:40.0000000Z;8.227;8.241;12289;12289
2026-06-08T08:23:05.0000000Z;8.227;8.238;12289;12289
2026-06-08T08:23:06.0000000Z;8.224;8.238;12289;12289
2026-06-08T08:23:37.0000000Z;8.224;8.238;12289;12289
2026-06-08T08:24:07.0000000Z;8.224;8.238;12289;12289
2026-06-08T08:24:23.0000000Z;8.227;8.238;12289;12289
2026-06-08T08:24:26.0000000Z;8.227;8.242;12289;12289
2026-06-08T08:24:56.0000000Z;8.227;8.242;12289;12289
2026-06-08T08:25:27.0000000Z;8.227;8.242;12289;12289
2026-06-08T08:25:57.0000000Z;8.227;8.242;12289;12289
2026-06-08T08:26:28.0000000Z;8.227;8.242;12289;12289
2026-06-08T08:26:56.0000000Z;8.227;8.239;12289;12289
2026-06-08T08:26:59.0000000Z;8.225;8.239;12289;12289
2026-06-08T08:27:30.0000000Z;8.225;8.239;12289;12289
2026-06-08T08:28:00.0000000Z;8.225;8.239;12289;12289
2026-06-08T08:28:31.0000000Z;8.225;8.239;12289;12289
2026-06-08T08:29:01.0000000Z;8.225;8.239;12289;12289
2026-06-08T08:29:32.0000000Z;8.225;8.239;12289;12289
2026-06-08T08:30:02.0000000Z;8.225;8.239;12289;12289
2026-06-08T08:30:33.0000000Z;8.225;8.239;12289;12289
2026-06-08T08:31:04.0000000Z;8.225;8.239;12289;12289
2026-06-08T08:31:34.0000000Z;8.225;8.239;12289;12289
2026-06-08T08:32:05.0000000Z;8.225;8.239;12289;12289
2026-06-08T08:32:08.0000000Z;8.228;8.239;12289;12289
2026-06-08T08:32:10.0000000Z;8.228;8.242;12289;12289
2026-06-08T08:32:40.0000000Z;8.228;8.242;12289;12289
2026-06-08T08:33:11.0000000Z;8.228;8.242;12289;12289
2026-06-08T08:33:41.0000000Z;8.228;8.242;12289;12289
2026-06-08T08:34:12.0000000Z;8.228;8.242;12289;12289
2026-06-08T08:34:42.0000000Z;8.228;8.242;12289;12289
2026-06-08T08:35:00.0000000Z;8.231;8.242;12289;12289
2026-06-08T08:35:07.0000000Z;8.231;8.245;12289;12289
2026-06-08T08:35:29.0000000Z;8.231;8.242;12289;12289
2026-06-08T08:35:36.0000000Z;8.228;8.242;12289;12289
2026-06-08T08:36:06.0000000Z;8.228;8.242;12289;12289
2026-06-08T08:36:36.0000000Z;8.228;8.242;12289;12289
2026-06-08T08:36:46.0000000Z;8.228;8.239;12289;12289
2026-06-08T08:36:47.0000000Z;8.224;8.239;12289;12289
2026-06-08T08:37:17.0000000Z;8.224;8.239;12289;12289
2026-06-08T08:37:48.0000000Z;8.224;8.239;12289;12289
2026-06-08T08:38:18.0000000Z;8.224;8.239;12289;12289
2026-06-08T08:38:49.0000000Z;8.224;8.239;12289;12289
2026-06-08T08:39:19.0000000Z;8.224;8.239;12289;12289
2026-06-08T08:39:50.0000000Z;8.224;8.239;12289;12289
2026-06-08T08:40:20.0000000Z;8.224;8.239;12289;12289
2026-06-08T08:40:51.0000000Z;8.224;8.239;12289;12289
2026-06-08T08:41:03.0000000Z;8.224;8.236;12289;12289
2026-06-08T08:41:08.0000000Z;8.221;8.236;12289;12289
2026-06-08T08:41:39.0000000Z;8.221;8.236;12289;12289
2026-06-08T08:42:05.0000000Z;8.224;8.236;12289;12289
2026-06-08T08:42:09.0000000Z;8.224;8.238;12289;12289
2026-06-08T08:42:40.0000000Z;8.224;8.238;12289;12289
2026-06-08T08:43:10.0000000Z;8.224;8.238;12289;12289
2026-06-08T08:43:41.0000000Z;8.224;8.238;12289;12289
2026-06-08T08:44:11.0000000Z;8.224;8.238;12289;12289
2026-06-08T08:44:42.0000000Z;8.224;8.238;12289;12289
2026-06-08T08:45:12.0000000Z;8.224;8.238;12289;12289
2026-06-08T08:45:43.0000000Z;8.224;8.238;12289;12289
2026-06-08T08:46:13.0000000Z;8.224;8.238;12289;12289
2026-06-08T08:46:44.0000000Z;8.224;8.238;12289;12289
2026-06-08T08:47:04.0000000Z;8.224;8.235;12289;12289
2026-06-08T08:47:13.0000000Z;8.221;8.235;12289;12289
2026-06-08T08:47:44.0000000Z;8.221;8.235;12289;12289
2026-06-08T08:48:14.0000000Z;8.221;8.235;12289;12289
2026-06-08T08:48:45.0000000Z;8.221;8.235;12289;12289
2026-06-08T08:49:05.0000000Z;8.224;8.235;12289;12289
2026-06-08T08:49:13.0000000Z;8.224;8.239;12289;12289
2026-06-08T08:49:44.0000000Z;8.224;8.239;12289;12289
2026-06-08T08:50:14.0000000Z;8.224;8.239;12289;12289
2026-06-08T08:50:24.0000000Z;8.227;8.241;12289;12289
2026-06-08T08:50:54.0000000Z;8.227;8.241;12289;12289
2026-06-08T08:50:59.0000000Z;8.227;8.238;12289;12289
2026-06-08T08:51:01.0000000Z;8.224;8.238;12289;12289
2026-06-08T08:51:07.0000000Z;8.224;8.235;12289;12289
2026-06-08T08:51:09.0000000Z;8.221;8.235;12289;12289
2026-06-08T08:51:39.0000000Z;8.224;8.235;12289;12289
2026-06-08T08:51:43.0000000Z;8.224;8.239;12289;12289
2026-06-08T08:51:53.0000000Z;8.222;8.236;12289;12289
2026-06-08T08:52:24.0000000Z;8.222;8.236;12289;12289
2026-06-08T08:52:54.0000000Z;8.222;8.236;12289;12289
2026-06-08T08:53:25.0000000Z;8.222;8.236;12289;12289
2026-06-08T08:53:55.0000000Z;8.222;8.236;12289;12289
2026-06-08T08:54:26.0000000Z;8.222;8.236;12289;12289
2026-06-08T08:54:57.0000000Z;8.222;8.236;12289;12289
2026-06-08T08:55:02.0000000Z;8.225;8.236;12289;12289
2026-06-08T08:55:07.0000000Z;8.225;8.239;12289;12289
2026-06-08T08:55:37.0000000Z;8.225;8.239;12289;12289
2026-06-08T08:56:08.0000000Z;8.225;8.239;12289;12289
2026-06-08T08:56:38.0000000Z;8.225;8.239;12289;12289
2026-06-08T08:57:09.0000000Z;8.225;8.239;12289;12289
2026-06-08T08:57:39.0000000Z;8.225;8.239;12289;12289
2026-06-08T08:58:10.0000000Z;8.225;8.239;12289;12289
2026-06-08T08:58:40.0000000Z;8.225;8.239;12289;12289
2026-06-08T08:59:11.0000000Z;8.225;8.239;12289;12289
2026-06-08T08:59:23.0000000Z;8.228;8.239;12289;12289
2026-06-08T08:59:26.0000000Z;8.228;8.243;12289;12289
2026-06-08T08:59:57.0000000Z;8.228;8.243;12289;12289
2026-06-08T09:00:27.0000000Z;8.228;8.243;12289;12289
2026-06-08T09:00:58.0000000Z;8.228;8.243;12289;12289
2026-06-08T09:01:28.0000000Z;8.228;8.243;12289;12289
2026-06-08T09:01:59.0000000Z;8.228;8.243;12289;12289
2026-06-08T09:02:29.0000000Z;8.228;8.243;12289;12289
2026-06-08T09:03:00.0000000Z;8.228;8.243;12289;12289
2026-06-08T09:03:23.0000000Z;8.231;8.243;12289;12289
2026-06-08T09:03:27.0000000Z;8.231;8.246;12289;12289
2026-06-08T09:03:57.0000000Z;8.231;8.246;12289;12289
2026-06-08T09:04:24.0000000Z;8.231;8.243;12289;12289
2026-06-08T09:04:32.0000000Z;8.228;8.243;12289;12289
2026-06-08T09:05:02.0000000Z;8.228;8.243;12289;12289
2026-06-08T09:05:33.0000000Z;8.228;8.243;12289;12289
2026-06-08T09:06:03.0000000Z;8.228;8.243;12289;12289
2026-06-08T09:06:34.0000000Z;8.228;8.24;12289;12289
2026-06-08T09:06:37.0000000Z;8.226;8.24;12289;12289
2026-06-08T09:07:08.0000000Z;8.226;8.24;12289;12289
2026-06-08T09:07:39.0000000Z;8.226;8.24;12289;12289
2026-06-08T09:08:09.0000000Z;8.226;8.24;12289;12289
2026-06-08T09:08:40.0000000Z;8.226;8.24;12289;12289
2026-06-08T09:09:11.0000000Z;8.226;8.24;12289;12289
2026-06-08T09:09:29.0000000Z;8.226;8.237;12289;12289
2026-06-08T09:09:30.0000000Z;8.223;8.237;12289;12289
2026-06-08T09:10:00.0000000Z;8.223;8.237;12289;12289
2026-06-08T09:10:31.0000000Z;8.223;8.237;12289;12289
2026-06-08T09:10:52.0000000Z;8.226;8.237;12289;12289
2026-06-08T09:10:56.0000000Z;8.226;8.241;12289;12289
2026-06-08T09:11:25.0000000Z;8.226;8.241;12289;12289
2026-06-08T09:11:56.0000000Z;8.226;8.241;12289;12289
2026-06-08T09:12:26.0000000Z;8.226;8.241;12289;12289
2026-06-08T09:12:57.0000000Z;8.226;8.241;12289;12289
2026-06-08T09:13:27.0000000Z;8.226;8.241;12289;12289
2026-06-08T09:13:30.0000000Z;8.229;8.241;12289;12289
2026-06-08T09:13:35.0000000Z;8.229;8.243;12289;12289
2026-06-08T09:14:00.0000000Z;8.229;8.243;12289;12289
2026-06-08T09:14:30.0000000Z;8.229;8.243;12289;12289
2026-06-08T09:15:01.0000000Z;8.229;8.243;12289;12289
2026-06-08T09:15:32.0000000Z;8.229;8.243;12289;12289
2026-06-08T09:15:33.0000000Z;8.232;8.243;12289;12289
2026-06-08T09:15:35.0000000Z;8.232;8.247;12289;12289
2026-06-08T09:16:05.0000000Z;8.232;8.247;12289;12289
2026-06-08T09:16:36.0000000Z;8.232;8.247;12289;12289
2026-06-08T09:17:06.0000000Z;8.232;8.247;12289;12289
2026-06-08T09:17:37.0000000Z;8.232;8.247;12289;12289
2026-06-08T09:18:07.0000000Z;8.232;8.247;12289;12289
2026-06-08T09:18:38.0000000Z;8.232;8.247;12289;12289
2026-06-08T09:19:08.0000000Z;8.232;8.247;12289;12289
2026-06-08T09:19:39.0000000Z;8.232;8.247;12289;12289
2026-06-08T09:20:10.0000000Z;8.232;8.247;12289;12289
2026-06-08T09:20:40.0000000Z;8.232;8.247;12289;12289
2026-06-08T09:20:45.0000000Z;8.235;8.247;12289;12289
2026-06-08T09:20:47.0000000Z;8.235;8.25;12289;12289
2026-06-08T09:21:18.0000000Z;8.235;8.25;12289;12289
2026-06-08T09:21:48.0000000Z;8.235;8.25;12289;12289
2026-06-08T09:22:19.0000000Z;8.235;8.25;12289;12289
2026-06-08T09:22:49.0000000Z;8.235;8.25;12289;12289
2026-06-08T09:23:20.0000000Z;8.235;8.25;12289;12289
2026-06-08T09:23:51.0000000Z;8.235;8.25;12289;12289
2026-06-08T09:24:21.0000000Z;8.235;8.25;12289;12289
2026-06-08T09:24:45.0000000Z;8.235;8.247;12289;12289
2026-06-08T09:24:47.0000000Z;8.233;8.247;12289;12289
2026-06-08T09:25:17.0000000Z;8.233;8.247;12289;12289
2026-06-08T09:25:48.0000000Z;8.233;8.247;12289;12289
2026-06-08T09:26:18.0000000Z;8.233;8.247;12289;12289
2026-06-08T09:26:49.0000000Z;8.233;8.247;12289;12289
2026-06-08T09:27:19.0000000Z;8.233;8.247;12289;12289
2026-06-08T09:27:50.0000000Z;8.233;8.247;12289;12289
2026-06-08T09:28:21.0000000Z;8.233;8.247;12289;12289
2026-06-08T09:28:51.0000000Z;8.233;8.247;12289;12289
2026-06-08T09:29:22.0000000Z;8.233;8.247;12289;12289
2026-06-08T09:29:35.0000000Z;8.236;8.247;12289;12289
2026-06-08T09:29:37.0000000Z;8.236;8.251;12289;12289
2026-06-08T09:30:08.0000000Z;8.236;8.251;12289;12289
2026-06-08T09:30:38.0000000Z;8.236;8.251;12289;12289
2026-06-08T09:31:04.0000000Z;8.236;8.248;12289;12289
2026-06-08T09:31:08.0000000Z;8.234;8.248;12289;12289
2026-06-08T09:31:39.0000000Z;8.234;8.248;12289;12289
2026-06-08T09:32:10.0000000Z;8.234;8.248;12289;12289
2026-06-08T09:32:40.0000000Z;8.234;8.248;12289;12289
2026-06-08T09:33:11.0000000Z;8.234;8.248;12289;12289
2026-06-08T09:33:42.0000000Z;8.234;8.248;12289;12289
2026-06-08T09:34:12.0000000Z;8.234;8.248;12289;12289
2026-06-08T09:34:43.0000000Z;8.234;8.248;12289;12289
2026-06-08T09:35:13.0000000Z;8.234;8.248;12289;12289
2026-06-08T09:35:44.0000000Z;8.234;8.248;12289;12289
2026-06-08T09:36:15.0000000Z;8.234;8.248;12289;12289
2026-06-08T09:36:41.0000000Z;8.237;8.248;12289;12289
2026-06-08T09:36:47.0000000Z;8.237;8.252;12289;12289
2026-06-08T09:36:49.0000000Z;8.239;8.252;12289;12289
2026-06-08T09:36:53.0000000Z;8.239;8.254;12289;12289
2026-06-08T09:36:54.0000000Z;8.239;8.251;12289;12289
2026-06-08T09:36:55.0000000Z;8.236;8.251;12289;12289
2026-06-08T09:36:58.0000000Z;8.239;8.251;12289;12289
2026-06-08T09:36:59.0000000Z;8.239;8.254;12289;12289
2026-06-08T09:37:13.0000000Z;8.239;8.25;12289;12289
2026-06-08T09:37:19.0000000Z;8.239;8.254;12289;12289
2026-06-08T09:37:32.0000000Z;8.239;8.251;12289;12289
2026-06-08T09:37:38.0000000Z;8.236;8.251;12289;12289
2026-06-08T09:37:42.0000000Z;8.236;8.248;12289;12289
2026-06-08T09:37:46.0000000Z;8.234;8.248;12289;12289
2026-06-08T09:38:16.0000000Z;8.234;8.248;12289;12289
2026-06-08T09:38:47.0000000Z;8.234;8.248;12289;12289
2026-06-08T09:39:06.0000000Z;8.234;8.245;12289;12289
2026-06-08T09:39:09.0000000Z;8.23;8.245;12289;12289
2026-06-08T09:39:11.0000000Z;8.233;8.245;12289;12289
2026-06-08T09:39:13.0000000Z;8.233;8.248;12289;12289
2026-06-08T09:39:44.0000000Z;8.233;8.248;12289;12289
2026-06-08T09:40:14.0000000Z;8.233;8.248;12289;12289
2026-06-08T09:40:45.0000000Z;8.233;8.248;12289;12289
2026-06-08T09:41:15.0000000Z;8.233;8.248;12289;12289
2026-06-08T09:41:46.0000000Z;8.233;8.248;12289;12289
2026-06-08T09:42:16.0000000Z;8.233;8.248;12289;12289
2026-06-08T09:42:45.0000000Z;8.236;8.248;12289;12289
2026-06-08T09:42:47.0000000Z;8.236;8.251;12289;12289
2026-06-08T09:43:17.0000000Z;8.236;8.251;12289;12289
2026-06-08T09:43:44.0000000Z;8.239;8.251;12289;12289
2026-06-08T09:43:47.0000000Z;8.239;8.254;12289;12289
2026-06-08T09:44:18.0000000Z;8.239;8.254;12289;12289
2026-06-08T09:44:49.0000000Z;8.239;8.254;12289;12289
2026-06-08T09:45:20.0000000Z;8.239;8.254;12289;12289
2026-06-08T09:45:50.0000000Z;8.239;8.254;12289;12289
2026-06-08T09:46:05.0000000Z;8.242;8.257;12289;12289
2026-06-08T09:46:36.0000000Z;8.242;8.257;12289;12289
2026-06-08T09:47:06.0000000Z;8.242;8.257;12289;12289
2026-06-08T09:47:37.0000000Z;8.242;8.257;12289;12289
2026-06-08T09:48:08.0000000Z;8.242;8.257;12289;12289
2026-06-08T09:48:38.0000000Z;8.242;8.257;12289;12289
2026-06-08T09:49:09.0000000Z;8.242;8.257;12289;12289
2026-06-08T09:49:39.0000000Z;8.242;8.257;12289;12289
2026-06-08T09:50:06.0000000Z;8.242;8.254;12289;12289
2026-06-08T09:50:11.0000000Z;8.239;8.254;12289;12289
2026-06-08T09:50:42.0000000Z;8.239;8.254;12289;12289
2026-06-08T09:51:13.0000000Z;8.239;8.254;12289;12289
2026-06-08T09:51:43.0000000Z;8.239;8.254;12289;12289
2026-06-08T09:52:14.0000000Z;8.239;8.254;12289;12289
2026-06-08T09:52:45.0000000Z;8.239;8.254;12289;12289
2026-06-08T09:53:15.0000000Z;8.239;8.254;12289;12289
2026-06-08T09:53:46.0000000Z;8.239;8.254;12289;12289
2026-06-08T09:54:16.0000000Z;8.239;8.254;12289;12289
2026-06-08T09:54:47.0000000Z;8.239;8.254;12289;12289
2026-06-08T09:55:17.0000000Z;8.239;8.254;12289;12289
2026-06-08T09:55:48.0000000Z;8.239;8.254;12289;12289
2026-06-08T09:56:19.0000000Z;8.239;8.254;12289;12289
2026-06-08T09:56:49.0000000Z;8.239;8.254;12289;12289
2026-06-08T09:57:20.0000000Z;8.239;8.254;12289;12289
2026-06-08T09:57:50.0000000Z;8.239;8.254;12289;12289
2026-06-08T09:58:21.0000000Z;8.239;8.254;12289;12289
2026-06-08T09:58:51.0000000Z;8.239;8.254;12289;12289
2026-06-08T09:59:22.0000000Z;8.239;8.254;12289;12289
2026-06-08T09:59:52.0000000Z;8.239;8.254;12289;12289
2026-06-08T10:00:23.0000000Z;8.239;8.254;12289;12289
2026-06-08T10:00:54.0000000Z;8.239;8.254;12289;12289
2026-06-08T10:01:24.0000000Z;8.239;8.254;12289;12289
2026-06-08T10:01:55.0000000Z;8.239;8.254;12289;12289
2026-06-08T10:02:00.0000000Z;8.239;8.251;12289;12289
2026-06-08T10:02:04.0000000Z;8.239;8.248;12289;12289
2026-06-08T10:02:08.0000000Z;8.233;8.248;12289;12289
2026-06-08T10:02:09.0000000Z;8.233;8.245;12289;12289
2026-06-08T10:02:12.0000000Z;8.231;8.245;12289;12289
2026-06-08T10:02:42.0000000Z;8.231;8.245;12289;12289
2026-06-08T10:02:54.0000000Z;8.234;8.245;12289;12289
2026-06-08T10:02:56.0000000Z;8.234;8.249;12289;12289
2026-06-08T10:03:27.0000000Z;8.234;8.249;12289;12289
2026-06-08T10:03:43.0000000Z;8.237;8.252;12289;12289
2026-06-08T10:04:14.0000000Z;8.237;8.252;12289;12289
2026-06-08T10:04:45.0000000Z;8.237;8.252;12289;12289
2026-06-08T10:05:15.0000000Z;8.237;8.252;12289;12289
2026-06-08T10:05:46.0000000Z;8.237;8.252;12289;12289
2026-06-08T10:06:16.0000000Z;8.237;8.252;12289;12289
2026-06-08T10:06:47.0000000Z;8.237;8.252;12289;12289
2026-06-08T10:07:17.0000000Z;8.237;8.252;12289;12289
2026-06-08T10:07:48.0000000Z;8.237;8.252;12289;12289
2026-06-08T10:08:18.0000000Z;8.237;8.252;12289;12289
2026-06-08T10:08:49.0000000Z;8.237;8.252;12289;12289
2026-06-08T10:09:19.0000000Z;8.237;8.252;12289;12289
2026-06-08T10:09:50.0000000Z;8.237;8.252;12289;12289
2026-06-08T10:10:13.0000000Z;8.237;8.249;12289;12289
2026-06-08T10:10:17.0000000Z;8.234;8.249;12289;12289
2026-06-08T10:10:47.0000000Z;8.234;8.249;12289;12289
2026-06-08T10:11:18.0000000Z;8.234;8.249;12289;12289
2026-06-08T10:11:48.0000000Z;8.234;8.249;12289;12289
2026-06-08T10:12:19.0000000Z;8.234;8.249;12289;12289
2026-06-08T10:12:49.0000000Z;8.234;8.249;12289;12289
2026-06-08T10:12:51.0000000Z;8.237;8.249;12289;12289
2026-06-08T10:12:53.0000000Z;8.237;8.252;12289;12289
2026-06-08T10:13:24.0000000Z;8.237;8.252;12289;12289
2026-06-08T10:13:54.0000000Z;8.237;8.252;12289;12289
2026-06-08T10:13:57.0000000Z;8.237;8.249;12289;12289
2026-06-08T10:13:58.0000000Z;8.234;8.249;12289;12289
2026-06-08T10:14:29.0000000Z;8.234;8.249;12289;12289
2026-06-08T10:14:59.0000000Z;8.234;8.249;12289;12289
2026-06-08T10:15:30.0000000Z;8.234;8.249;12289;12289
2026-06-08T10:16:01.0000000Z;8.234;8.249;12289;12289
2026-06-08T10:16:31.0000000Z;8.234;8.249;12289;12289
2026-06-08T10:16:57.0000000Z;8.234;8.246;12289;12289
2026-06-08T10:17:01.0000000Z;8.231;8.246;12289;12289
2026-06-08T10:17:31.0000000Z;8.231;8.246;12289;12289
2026-06-08T10:18:02.0000000Z;8.231;8.246;12289;12289
2026-06-08T10:18:32.0000000Z;8.231;8.246;12289;12289
2026-06-08T10:19:03.0000000Z;8.231;8.246;12289;12289
2026-06-08T10:19:29.0000000Z;8.231;8.243;12289;12289
2026-06-08T10:19:31.0000000Z;8.228;8.243;12289;12289
2026-06-08T10:20:02.0000000Z;8.228;8.243;12289;12289
2026-06-08T10:20:32.0000000Z;8.228;8.243;12289;12289
2026-06-08T10:21:03.0000000Z;8.228;8.243;12289;12289
2026-06-08T10:21:33.0000000Z;8.228;8.243;12289;12289
2026-06-08T10:22:04.0000000Z;8.228;8.243;12289;12289
2026-06-08T10:22:34.0000000Z;8.228;8.243;12289;12289
2026-06-08T10:22:36.0000000Z;8.228;8.24;12289;12289
2026-06-08T10:22:38.0000000Z;8.226;8.24;12289;12289
2026-06-08T10:22:51.0000000Z;8.168;8.285;12289;12289
2026-06-08T10:22:52.0000000Z;8.224;8.238;12289;12289
2026-06-08T10:23:23.0000000Z;8.224;8.238;12289;12289
2026-06-08T10:23:54.0000000Z;8.224;8.238;12289;12289
2026-06-08T10:24:15.0000000Z;8.227;8.238;12289;12289
2026-06-08T10:24:16.0000000Z;8.227;8.242;12289;12289
2026-06-08T10:24:47.0000000Z;8.227;8.242;12289;12289
2026-06-08T10:25:17.0000000Z;8.227;8.242;12289;12289
2026-06-08T10:25:48.0000000Z;8.227;8.242;12289;12289
2026-06-08T10:26:01.0000000Z;8.224;8.239;12289;12289
2026-06-08T10:26:32.0000000Z;8.224;8.239;12289;12289
2026-06-08T10:27:02.0000000Z;8.224;8.239;12289;12289
2026-06-08T10:27:33.0000000Z;8.224;8.239;12289;12289
2026-06-08T10:28:03.0000000Z;8.224;8.239;12289;12289
2026-06-08T10:28:33.0000000Z;8.227;8.239;12289;12289
2026-06-08T10:28:35.0000000Z;8.227;8.241;12289;12289
2026-06-08T10:29:05.0000000Z;8.227;8.241;12289;12289
2026-06-08T10:29:36.0000000Z;8.227;8.241;12289;12289
2026-06-08T10:29:46.0000000Z;8.23;8.241;12289;12289
2026-06-08T10:29:48.0000000Z;8.23;8.244;12289;12289
2026-06-08T10:30:19.0000000Z;8.23;8.244;12289;12289
2026-06-08T10:30:49.0000000Z;8.23;8.244;12289;12289
2026-06-08T10:31:20.0000000Z;8.23;8.244;12289;12289
2026-06-08T10:31:50.0000000Z;8.23;8.244;12289;12289
2026-06-08T10:32:21.0000000Z;8.23;8.244;12289;12289
2026-06-08T10:32:51.0000000Z;8.23;8.241;12289;12289
2026-06-08T10:32:53.0000000Z;8.227;8.241;12289;12289
2026-06-08T10:33:23.0000000Z;8.227;8.241;12289;12289
2026-06-08T10:33:46.0000000Z;8.231;8.241;12289;12289
2026-06-08T10:33:48.0000000Z;8.231;8.245;12289;12289
2026-06-08T10:34:18.0000000Z;8.237;8.245;12289;12289
2026-06-08T10:34:20.0000000Z;8.237;8.252;12289;12289
2026-06-08T10:34:24.0000000Z;8.237;8.249;12289;12289
2026-06-08T10:34:25.0000000Z;8.234;8.249;12289;12289
2026-06-08T10:34:30.0000000Z;8.237;8.249;12289;12289
2026-06-08T10:34:31.0000000Z;8.237;8.252;12289;12289
2026-06-08T10:34:35.0000000Z;8.2;8.285;12289;12289
2026-06-08T10:34:36.0000000Z;8.224;8.259;12289;12289
2026-06-08T10:35:07.0000000Z;8.224;8.259;12289;12289
2026-06-08T10:35:37.0000000Z;8.224;8.259;12289;12289
2026-06-08T10:36:08.0000000Z;8.226;8.252;12289;12289
2026-06-08T10:36:38.0000000Z;8.226;8.252;12289;12289
2026-06-08T10:37:09.0000000Z;8.226;8.252;12289;12289
2026-06-08T10:37:26.0000000Z;8.232;8.252;12289;12289
2026-06-08T10:37:27.0000000Z;8.232;8.257;12289;12289
2026-06-08T10:37:58.0000000Z;8.232;8.257;12289;12289
2026-06-08T10:38:28.0000000Z;8.232;8.257;12289;12289
2026-06-08T10:38:59.0000000Z;8.232;8.257;12289;12289
2026-06-08T10:39:29.0000000Z;8.232;8.257;12289;12289
2026-06-08T10:40:00.0000000Z;8.232;8.257;12289;12289
2026-06-08T10:40:31.0000000Z;8.232;8.257;12289;12289
2026-06-08T10:41:01.0000000Z;8.232;8.257;12289;12289
2026-06-08T10:41:32.0000000Z;8.232;8.257;12289;12289
2026-06-08T10:42:02.0000000Z;8.232;8.257;12289;12289
2026-06-08T10:42:33.0000000Z;8.232;8.257;12289;12289
2026-06-08T10:43:04.0000000Z;8.232;8.257;12289;12289
2026-06-08T10:43:34.0000000Z;8.232;8.257;12289;12289
2026-06-08T10:44:05.0000000Z;8.232;8.257;12289;12289
2026-06-08T10:44:35.0000000Z;8.232;8.257;12289;12289
2026-06-08T10:45:06.0000000Z;8.232;8.257;12289;12289
2026-06-08T10:45:37.0000000Z;8.232;8.257;12289;12289
2026-06-08T10:46:07.0000000Z;8.232;8.257;12289;12289
2026-06-08T10:46:38.0000000Z;8.232;8.257;12289;12289
2026-06-08T10:46:55.0000000Z;8.232;8.251;12289;12289
2026-06-08T10:47:03.0000000Z;8.226;8.251;12289;12289
2026-06-08T10:47:34.0000000Z;8.226;8.251;12289;12289
2026-06-08T10:48:04.0000000Z;8.226;8.251;12289;12289
2026-06-08T10:48:35.0000000Z;8.226;8.251;12289;12289
2026-06-08T10:49:06.0000000Z;8.226;8.251;12289;12289
2026-06-08T10:49:36.0000000Z;8.226;8.251;12289;12289
2026-06-08T10:50:07.0000000Z;8.226;8.251;12289;12289
2026-06-08T10:50:37.0000000Z;8.226;8.251;12289;12289
2026-06-08T10:51:08.0000000Z;8.226;8.251;12289;12289
2026-06-08T10:51:38.0000000Z;8.226;8.251;12289;12289
2026-06-08T10:52:09.0000000Z;8.226;8.251;12289;12289
2026-06-08T10:52:39.0000000Z;8.226;8.251;12289;12289
2026-06-08T10:53:10.0000000Z;8.226;8.251;12289;12289
2026-06-08T10:53:41.0000000Z;8.226;8.251;12289;12289
2026-06-08T10:54:11.0000000Z;8.226;8.251;12289;12289
2026-06-08T10:54:42.0000000Z;8.226;8.251;12289;12289
2026-06-08T10:55:12.0000000Z;8.226;8.251;12289;12289
2026-06-08T10:55:43.0000000Z;8.226;8.251;12289;12289
2026-06-08T10:56:14.0000000Z;8.226;8.251;12289;12289
2026-06-08T10:56:44.0000000Z;8.226;8.251;12289;12289
2026-06-08T10:57:15.0000000Z;8.226;8.251;12289;12289
2026-06-08T10:57:45.0000000Z;8.226;8.251;12289;12289
2026-06-08T10:58:16.0000000Z;8.226;8.251;12289;12289
2026-06-08T10:58:46.0000000Z;8.226;8.251;12289;12289
2026-06-08T10:59:17.0000000Z;8.226;8.251;12289;12289
2026-06-08T10:59:48.0000000Z;8.226;8.251;12289;12289
2026-06-08T11:00:18.0000000Z;8.226;8.251;12289;12289
2026-06-08T11:00:49.0000000Z;8.226;8.251;12289;12289
2026-06-08T11:01:19.0000000Z;8.226;8.251;12289;12289
2026-06-08T11:01:50.0000000Z;8.226;8.251;12289;12289
2026-06-08T11:02:21.0000000Z;8.226;8.251;12289;12289
2026-06-08T11:02:51.0000000Z;8.226;8.251;12289;12289
2026-06-08T11:03:22.0000000Z;8.226;8.251;12289;12289
2026-06-08T11:03:49.0000000Z;8.229;8.243;12289;12289
2026-06-08T11:04:19.0000000Z;8.229;8.243;12289;12289
2026-06-08T11:04:50.0000000Z;8.229;8.243;12289;12289
2026-06-08T11:05:20.0000000Z;8.229;8.243;12289;12289
2026-06-08T11:05:22.0000000Z;8.232;8.243;12289;12289
2026-06-08T11:05:24.0000000Z;8.232;8.246;12289;12289
2026-06-08T11:05:55.0000000Z;8.232;8.246;12289;12289
2026-06-08T11:06:26.0000000Z;8.232;8.246;12289;12289
2026-06-08T11:06:56.0000000Z;8.232;8.246;12289;12289
2026-06-08T11:07:27.0000000Z;8.232;8.246;12289;12289
2026-06-08T11:07:58.0000000Z;8.232;8.246;12289;12289
2026-06-08T11:08:28.0000000Z;8.232;8.246;12289;12289
2026-06-08T11:08:59.0000000Z;8.232;8.246;12289;12289
2026-06-08T11:09:29.0000000Z;8.232;8.246;12289;12289
2026-06-08T11:10:00.0000000Z;8.232;8.246;12289;12289
2026-06-08T11:10:30.0000000Z;8.232;8.246;12289;12289
2026-06-08T11:10:35.0000000Z;8.235;8.246;12289;12289
2026-06-08T11:10:39.0000000Z;8.235;8.25;12289;12289
2026-06-08T11:10:49.0000000Z;8.241;8.247;12289;12289
2026-06-08T11:10:58.0000000Z;8.244;8.25;12289;12289
2026-06-08T11:11:04.0000000Z;8.248;8.254;12289;12289
2026-06-08T11:11:34.0000000Z;8.248;8.254;12289;12289
2026-06-08T11:11:50.0000000Z;8.249;8.255;12289;12289
2026-06-08T11:12:21.0000000Z;8.249;8.255;12289;12289
2026-06-08T11:12:26.0000000Z;8.25;8.256;12289;12289
2026-06-08T11:12:56.0000000Z;8.25;8.256;12289;12289
2026-06-08T11:12:57.0000000Z;8.246;8.26;12289;12289
2026-06-08T11:13:28.0000000Z;8.246;8.26;12289;12289
2026-06-08T11:13:59.0000000Z;8.246;8.26;12289;12289
2026-06-08T11:14:29.0000000Z;8.246;8.26;12289;12289
2026-06-08T11:15:00.0000000Z;8.249;8.26;12289;12289
2026-06-08T11:15:03.0000000Z;8.252;8.26;12289;12289
2026-06-08T11:15:16.0000000Z;8.252;8.267;12289;12289
2026-06-08T11:15:17.0000000Z;8.227;8.291;12289;12289
2026-06-08T11:15:18.0000000Z;8.245;8.271;12289;12289
2026-06-08T11:15:49.0000000Z;8.245;8.271;12289;12289
2026-06-08T11:16:20.0000000Z;8.245;8.271;12289;12289
2026-06-08T11:16:50.0000000Z;8.245;8.271;12289;12289
2026-06-08T11:17:07.0000000Z;8.245;8.265;12289;12289
2026-06-08T11:17:09.0000000Z;8.24;8.265;12289;12289
2026-06-08T11:17:39.0000000Z;8.24;8.265;12289;12289
2026-06-08T11:18:09.0000000Z;8.24;8.265;12289;12289
2026-06-08T11:18:40.0000000Z;8.24;8.265;12289;12289
2026-06-08T11:19:11.0000000Z;8.24;8.265;12289;12289
2026-06-08T11:19:41.0000000Z;8.24;8.265;12289;12289
2026-06-08T11:20:11.0000000Z;8.24;8.265;12289;12289
2026-06-08T11:20:42.0000000Z;8.24;8.265;12289;12289
2026-06-08T11:21:12.0000000Z;8.24;8.265;12289;12289
2026-06-08T11:21:43.0000000Z;8.24;8.265;12289;12289
2026-06-08T11:21:58.0000000Z;8.247;8.265;12289;12289
2026-06-08T11:22:05.0000000Z;8.247;8.272;12289;12289
2026-06-08T11:22:36.0000000Z;8.247;8.272;12289;12289
2026-06-08T11:23:06.0000000Z;8.247;8.272;12289;12289
2026-06-08T11:23:37.0000000Z;8.247;8.272;12289;12289
2026-06-08T11:23:48.0000000Z;8.247;8.268;12289;12289
2026-06-08T11:23:50.0000000Z;8.242;8.268;12289;12289
2026-06-08T11:24:21.0000000Z;8.242;8.268;12289;12289
2026-06-08T11:24:51.0000000Z;8.242;8.268;12289;12289
2026-06-08T11:25:22.0000000Z;8.242;8.268;12289;12289
2026-06-08T11:25:52.0000000Z;8.242;8.268;12289;12289
2026-06-08T11:26:23.0000000Z;8.242;8.268;12289;12289
2026-06-08T11:26:53.0000000Z;8.242;8.268;12289;12289
2026-06-08T11:27:24.0000000Z;8.242;8.268;12289;12289
2026-06-08T11:27:54.0000000Z;8.242;8.268;12289;12289
2026-06-08T11:28:25.0000000Z;8.242;8.268;12289;12289
2026-06-08T11:28:55.0000000Z;8.242;8.268;12289;12289
2026-06-08T11:29:26.0000000Z;8.242;8.268;12289;12289
2026-06-08T11:29:56.0000000Z;8.242;8.268;12289;12289
2026-06-08T11:30:27.0000000Z;8.242;8.268;12289;12289
2026-06-08T11:30:46.0000000Z;8.248;8.268;12289;12289
2026-06-08T11:30:47.0000000Z;8.248;8.273;12289;12289
2026-06-08T11:31:17.0000000Z;8.248;8.273;12289;12289
2026-06-08T11:31:47.0000000Z;8.248;8.273;12289;12289
2026-06-08T11:32:18.0000000Z;8.248;8.273;12289;12289
2026-06-08T11:32:48.0000000Z;8.248;8.273;12289;12289
2026-06-08T11:33:19.0000000Z;8.248;8.273;12289;12289
2026-06-08T11:33:50.0000000Z;8.248;8.273;12289;12289
2026-06-08T11:34:20.0000000Z;8.248;8.273;12289;12289
2026-06-08T11:34:51.0000000Z;8.248;8.273;12289;12289
2026-06-08T11:35:21.0000000Z;8.248;8.273;12289;12289
2026-06-08T11:35:52.0000000Z;8.248;8.273;12289;12289
2026-06-08T11:36:22.0000000Z;8.248;8.273;12289;12289
2026-06-08T11:36:53.0000000Z;8.248;8.273;12289;12289
2026-06-08T11:37:23.0000000Z;8.248;8.273;12289;12289
2026-06-08T11:37:54.0000000Z;8.248;8.273;12289;12289
2026-06-08T11:38:24.0000000Z;8.248;8.273;12289;12289
2026-06-08T11:38:55.0000000Z;8.248;8.273;12289;12289
2026-06-08T11:39:25.0000000Z;8.248;8.273;12289;12289
2026-06-08T11:39:56.0000000Z;8.248;8.273;12289;12289
2026-06-08T11:40:26.0000000Z;8.248;8.273;12289;12289
2026-06-08T11:40:57.0000000Z;8.248;8.273;12289;12289
2026-06-08T11:40:59.0000000Z;8.254;8.273;12289;12289
2026-06-08T11:41:02.0000000Z;8.254;8.279;12289;12289
2026-06-08T11:41:33.0000000Z;8.254;8.279;12289;12289
2026-06-08T11:42:03.0000000Z;8.254;8.279;12289;12289
2026-06-08T11:42:34.0000000Z;8.254;8.279;12289;12289
2026-06-08T11:43:04.0000000Z;8.254;8.279;12289;12289
2026-06-08T11:43:35.0000000Z;8.254;8.279;12289;12289
2026-06-08T11:44:02.0000000Z;8.254;8.273;12289;12289
2026-06-08T11:44:05.0000000Z;8.248;8.273;12289;12289
2026-06-08T11:44:35.0000000Z;8.248;8.273;12289;12289
2026-06-08T11:45:05.0000000Z;8.248;8.273;12289;12289
2026-06-08T11:45:36.0000000Z;8.248;8.273;12289;12289
2026-06-08T11:46:06.0000000Z;8.248;8.273;12289;12289
2026-06-08T11:46:37.0000000Z;8.248;8.273;12289;12289
2026-06-08T11:47:07.0000000Z;8.248;8.273;12289;12289
2026-06-08T11:47:38.0000000Z;8.248;8.273;12289;12289
2026-06-08T11:48:08.0000000Z;8.248;8.273;12289;12289
2026-06-08T11:48:17.0000000Z;8.242;8.267;12289;12289
2026-06-08T11:48:48.0000000Z;8.242;8.267;12289;12289
2026-06-08T11:49:19.0000000Z;8.242;8.267;12289;12289
2026-06-08T11:49:49.0000000Z;8.242;8.267;12289;12289
2026-06-08T11:50:20.0000000Z;8.242;8.267;12289;12289
2026-06-08T11:50:50.0000000Z;8.242;8.267;12289;12289
2026-06-08T11:51:21.0000000Z;8.242;8.267;12289;12289
2026-06-08T11:51:51.0000000Z;8.242;8.267;12289;12289
2026-06-08T11:52:22.0000000Z;8.242;8.267;12289;12289
2026-06-08T11:52:52.0000000Z;8.242;8.267;12289;12289
2026-06-08T11:53:23.0000000Z;8.242;8.267;12289;12289
2026-06-08T11:53:54.0000000Z;8.242;8.267;12289;12289
2026-06-08T11:54:24.0000000Z;8.242;8.267;12289;12289
2026-06-08T11:54:55.0000000Z;8.242;8.267;12289;12289
2026-06-08T11:55:26.0000000Z;8.242;8.267;12289;12289
2026-06-08T11:55:56.0000000Z;8.242;8.267;12289;12289
2026-06-08T11:56:27.0000000Z;8.242;8.267;12289;12289
2026-06-08T11:56:57.0000000Z;8.242;8.267;12289;12289
2026-06-08T11:57:28.0000000Z;8.242;8.267;12289;12289
2026-06-08T11:57:58.0000000Z;8.242;8.267;12289;12289
2026-06-08T11:58:29.0000000Z;8.242;8.267;12289;12289
2026-06-08T11:58:59.0000000Z;8.242;8.267;12289;12289
2026-06-08T11:59:30.0000000Z;8.242;8.267;12289;12289
2026-06-08T12:00:00.0000000Z;8.242;8.267;12289;12289
2026-06-08T12:00:31.0000000Z;8.242;8.267;12289;12289
2026-06-08T12:01:01.0000000Z;8.242;8.267;12289;12289
2026-06-08T12:01:32.0000000Z;8.242;8.267;12289;12289
2026-06-08T12:02:02.0000000Z;8.242;8.267;12289;12289
2026-06-08T12:02:33.0000000Z;8.242;8.267;12289;12289
2026-06-08T12:03:03.0000000Z;8.242;8.267;12289;12289
2026-06-08T12:03:34.0000000Z;8.242;8.267;12289;12289
2026-06-08T12:04:05.0000000Z;8.242;8.267;12289;12289
2026-06-08T12:04:35.0000000Z;8.242;8.267;12289;12289
2026-06-08T12:05:06.0000000Z;8.242;8.267;12289;12289
2026-06-08T12:05:21.0000000Z;8.248;8.263;12289;12289
2026-06-08T12:05:48.0000000Z;8.248;8.26;12289;12289
2026-06-08T12:06:05.0000000Z;8.245;8.26;12289;12289
2026-06-08T12:06:30.0000000Z;8.245;8.26;12289;12289
2026-06-08T12:07:01.0000000Z;8.245;8.26;12289;12289
2026-06-08T12:07:31.0000000Z;8.245;8.26;12289;12289
2026-06-08T12:07:32.0000000Z;8.248;8.26;12289;12289
2026-06-08T12:07:33.0000000Z;8.248;8.263;12289;12289
2026-06-08T12:08:04.0000000Z;8.248;8.263;12289;12289
2026-06-08T12:08:14.0000000Z;8.251;8.263;12289;12289
2026-06-08T12:08:16.0000000Z;8.251;8.266;12289;12289
2026-06-08T12:08:47.0000000Z;8.251;8.266;12289;12289
2026-06-08T12:09:17.0000000Z;8.251;8.266;12289;12289
2026-06-08T12:09:24.0000000Z;8.254;8.266;12289;12289
2026-06-08T12:09:29.0000000Z;8.254;8.269;12289;12289
2026-06-08T12:09:59.0000000Z;8.254;8.269;12289;12289
2026-06-08T12:10:29.0000000Z;8.254;8.269;12289;12289
2026-06-08T12:11:00.0000000Z;8.254;8.269;12289;12289
2026-06-08T12:11:19.0000000Z;8.254;8.266;12289;12289
2026-06-08T12:11:22.0000000Z;8.251;8.266;12289;12289
2026-06-08T12:11:50.0000000Z;8.254;8.266;12289;12289
2026-06-08T12:11:55.0000000Z;8.254;8.269;12289;12289
2026-06-08T12:12:25.0000000Z;8.254;8.269;12289;12289
2026-06-08T12:12:56.0000000Z;8.254;8.269;12289;12289
2026-06-08T12:13:26.0000000Z;8.254;8.269;12289;12289
2026-06-08T12:13:57.0000000Z;8.254;8.269;12289;12289
2026-06-08T12:14:27.0000000Z;8.254;8.269;12289;12289
2026-06-08T12:14:58.0000000Z;8.254;8.269;12289;12289
2026-06-08T12:15:29.0000000Z;8.254;8.269;12289;12289
2026-06-08T12:15:59.0000000Z;8.254;8.269;12289;12289
2026-06-08T12:16:30.0000000Z;8.254;8.269;12289;12289
2026-06-08T12:17:00.0000000Z;8.254;8.269;12289;12289
2026-06-08T12:17:31.0000000Z;8.254;8.269;12289;12289
2026-06-08T12:18:01.0000000Z;8.254;8.269;12289;12289
2026-06-08T12:18:32.0000000Z;8.254;8.269;12289;12289
2026-06-08T12:19:02.0000000Z;8.254;8.269;12289;12289
2026-06-08T12:19:33.0000000Z;8.254;8.269;12289;12289
2026-06-08T12:20:04.0000000Z;8.254;8.269;12289;12289
2026-06-08T12:20:34.0000000Z;8.254;8.269;12289;12289
2026-06-08T12:21:05.0000000Z;8.254;8.269;12289;12289
2026-06-08T12:21:06.0000000Z;8.257;8.269;12289;12289
2026-06-08T12:21:11.0000000Z;8.257;8.272;12289;12289
2026-06-08T12:21:41.0000000Z;8.257;8.272;12289;12289
2026-06-08T12:22:12.0000000Z;8.257;8.272;12289;12289
2026-06-08T12:22:43.0000000Z;8.257;8.272;12289;12289
2026-06-08T12:23:13.0000000Z;8.257;8.272;12289;12289
2026-06-08T12:23:26.0000000Z;8.257;8.269;12289;12289
2026-06-08T12:23:27.0000000Z;8.254;8.269;12289;12289
2026-06-08T12:23:57.0000000Z;8.254;8.269;12289;12289
2026-06-08T12:24:27.0000000Z;8.254;8.269;12289;12289
2026-06-08T12:24:58.0000000Z;8.254;8.269;12289;12289
2026-06-08T12:25:04.0000000Z;8.257;8.269;12289;12289
2026-06-08T12:25:07.0000000Z;8.257;8.272;12289;12289
2026-06-08T12:25:37.0000000Z;8.257;8.272;12289;12289
2026-06-08T12:26:08.0000000Z;8.257;8.272;12289;12289
2026-06-08T12:26:38.0000000Z;8.257;8.272;12289;12289
2026-06-08T12:27:09.0000000Z;8.257;8.272;12289;12289
2026-06-08T12:27:39.0000000Z;8.257;8.272;12289;12289
2026-06-08T12:28:10.0000000Z;8.257;8.272;12289;12289
2026-06-08T12:28:41.0000000Z;8.257;8.272;12289;12289
2026-06-08T12:29:11.0000000Z;8.257;8.272;12289;12289
2026-06-08T12:29:42.0000000Z;8.257;8.272;12289;12289
2026-06-08T12:30:12.0000000Z;8.257;8.272;12289;12289
2026-06-08T12:30:17.0000000Z;8.26;8.275;12289;12289
2026-06-08T12:30:48.0000000Z;8.26;8.275;12289;12289
2026-06-08T12:31:19.0000000Z;8.26;8.275;12289;12289
2026-06-08T12:31:49.0000000Z;8.26;8.275;12289;12289
2026-06-08T12:32:10.0000000Z;8.263;8.275;12289;12289
2026-06-08T12:32:15.0000000Z;8.263;8.278;12289;12289
2026-06-08T12:32:45.0000000Z;8.263;8.278;12289;12289
2026-06-08T12:33:16.0000000Z;8.263;8.278;12289;12289
2026-06-08T12:33:46.0000000Z;8.263;8.278;12289;12289
2026-06-08T12:34:17.0000000Z;8.263;8.278;12289;12289
2026-06-08T12:34:47.0000000Z;8.263;8.278;12289;12289
2026-06-08T12:35:18.0000000Z;8.263;8.278;12289;12289
2026-06-08T12:35:48.0000000Z;8.263;8.278;12289;12289
2026-06-08T12:36:19.0000000Z;8.263;8.278;12289;12289
2026-06-08T12:36:50.0000000Z;8.263;8.278;12289;12289
2026-06-08T12:37:20.0000000Z;8.263;8.278;12289;12289
2026-06-08T12:37:24.0000000Z;8.266;8.278;12289;12289
2026-06-08T12:37:28.0000000Z;8.266;8.281;12289;12289
2026-06-08T12:37:58.0000000Z;8.266;8.281;12289;12289
2026-06-08T12:38:29.0000000Z;8.266;8.281;12289;12289
2026-06-08T12:38:59.0000000Z;8.266;8.281;12289;12289
2026-06-08T12:39:30.0000000Z;8.266;8.281;12289;12289
2026-06-08T12:40:00.0000000Z;8.266;8.281;12289;12289
2026-06-08T12:40:03.0000000Z;8.266;8.278;12289;12289
2026-06-08T12:40:04.0000000Z;8.263;8.278;12289;12289
2026-06-08T12:40:23.0000000Z;8.266;8.278;12289;12289
2026-06-08T12:40:30.0000000Z;8.266;8.281;12289;12289
2026-06-08T12:40:58.0000000Z;8.266;8.278;12289;12289
2026-06-08T12:41:07.0000000Z;8.263;8.278;12289;12289
2026-06-08T12:41:37.0000000Z;8.263;8.278;12289;12289
2026-06-08T12:42:08.0000000Z;8.263;8.278;12289;12289
2026-06-08T12:42:35.0000000Z;8.266;8.278;12289;12289
2026-06-08T12:42:40.0000000Z;8.266;8.281;12289;12289
2026-06-08T12:42:42.0000000Z;8.266;8.278;12289;12289
2026-06-08T12:42:46.0000000Z;8.263;8.278;12289;12289
2026-06-08T12:43:17.0000000Z;8.263;8.278;12289;12289
2026-06-08T12:43:47.0000000Z;8.263;8.278;12289;12289
2026-06-08T12:44:18.0000000Z;8.263;8.278;12289;12289
2026-06-08T12:44:48.0000000Z;8.263;8.278;12289;12289
2026-06-08T12:45:19.0000000Z;8.263;8.278;12289;12289
2026-06-08T12:45:49.0000000Z;8.263;8.278;12289;12289
2026-06-08T12:46:20.0000000Z;8.263;8.278;12289;12289
2026-06-08T12:46:51.0000000Z;8.263;8.278;12289;12289
2026-06-08T12:47:21.0000000Z;8.263;8.278;12289;12289
2026-06-08T12:47:52.0000000Z;8.263;8.278;12289;12289
2026-06-08T12:48:22.0000000Z;8.263;8.278;12289;12289
2026-06-08T12:48:53.0000000Z;8.263;8.278;12289;12289
2026-06-08T12:49:23.0000000Z;8.263;8.278;12289;12289
2026-06-08T12:49:54.0000000Z;8.263;8.278;12289;12289
2026-06-08T12:50:24.0000000Z;8.263;8.278;12289;12289
2026-06-08T12:50:55.0000000Z;8.263;8.278;12289;12289
2026-06-08T12:51:08.0000000Z;8.263;8.275;12289;12289
2026-06-08T12:51:11.0000000Z;8.26;8.275;12289;12289
2026-06-08T12:51:42.0000000Z;8.26;8.275;12289;12289
2026-06-08T12:52:12.0000000Z;8.26;8.275;12289;12289
2026-06-08T12:52:43.0000000Z;8.26;8.275;12289;12289
2026-06-08T12:53:14.0000000Z;8.26;8.275;12289;12289
2026-06-08T12:53:44.0000000Z;8.26;8.275;12289;12289
2026-06-08T12:54:15.0000000Z;8.26;8.275;12289;12289
2026-06-08T12:54:45.0000000Z;8.26;8.275;12289;12289
2026-06-08T12:55:16.0000000Z;8.26;8.275;12289;12289
2026-06-08T12:55:46.0000000Z;8.26;8.275;12289;12289
2026-06-08T12:55:49.0000000Z;8.263;8.275;12289;12289
2026-06-08T12:55:50.0000000Z;8.263;8.278;12289;12289
2026-06-08T12:56:20.0000000Z;8.263;8.278;12289;12289
2026-06-08T12:56:51.0000000Z;8.263;8.278;12289;12289
2026-06-08T12:57:21.0000000Z;8.263;8.278;12289;12289
2026-06-08T12:57:23.0000000Z;8.263;8.275;12289;12289
2026-06-08T12:57:29.0000000Z;8.26;8.275;12289;12289
2026-06-08T12:58:00.0000000Z;8.26;8.275;12289;12289
2026-06-08T12:58:30.0000000Z;8.26;8.275;12289;12289
2026-06-08T12:59:01.0000000Z;8.26;8.275;12289;12289
2026-06-08T12:59:31.0000000Z;8.26;8.275;12289;12289
2026-06-08T13:00:02.0000000Z;8.26;8.275;12289;12289
2026-06-08T13:00:26.0000000Z;8.26;8.274;12289;12289
2026-06-08T13:00:33.0000000Z;8.259;8.274;12289;12289
2026-06-08T13:00:34.0000000Z;8.262;8.274;12289;12289
2026-06-08T13:00:37.0000000Z;8.262;8.277;12289;12289
2026-06-08T13:01:07.0000000Z;8.262;8.277;12289;12289
2026-06-08T13:01:37.0000000Z;8.262;8.277;12289;12289
2026-06-08T13:02:08.0000000Z;8.262;8.277;12289;12289
2026-06-08T13:02:38.0000000Z;8.262;8.277;12289;12289
2026-06-08T13:03:09.0000000Z;8.262;8.277;12289;12289
2026-06-08T13:03:39.0000000Z;8.262;8.277;12289;12289
2026-06-08T13:04:10.0000000Z;8.262;8.277;12289;12289
2026-06-08T13:04:40.0000000Z;8.262;8.277;12289;12289
2026-06-08T13:05:11.0000000Z;8.262;8.277;12289;12289
2026-06-08T13:05:42.0000000Z;8.262;8.277;12289;12289
2026-06-08T13:06:12.0000000Z;8.262;8.277;12289;12289
2026-06-08T13:06:43.0000000Z;8.262;8.277;12289;12289
2026-06-08T13:07:13.0000000Z;8.262;8.277;12289;12289
2026-06-08T13:07:23.0000000Z;8.265;8.277;12289;12289
2026-06-08T13:07:29.0000000Z;8.265;8.28;12289;12289
2026-06-08T13:07:59.0000000Z;8.265;8.28;12289;12289
2026-06-08T13:08:30.0000000Z;8.265;8.28;12289;12289
2026-06-08T13:09:00.0000000Z;8.265;8.28;12289;12289
2026-06-08T13:09:31.0000000Z;8.265;8.28;12289;12289
2026-06-08T13:10:01.0000000Z;8.265;8.28;12289;12289
2026-06-08T13:10:32.0000000Z;8.265;8.28;12289;12289
2026-06-08T13:11:02.0000000Z;8.265;8.28;12289;12289
2026-06-08T13:11:33.0000000Z;8.265;8.28;12289;12289
2026-06-08T13:12:03.0000000Z;8.265;8.28;12289;12289
2026-06-08T13:12:34.0000000Z;8.265;8.28;12289;12289
2026-06-08T13:13:04.0000000Z;8.265;8.28;12289;12289
2026-06-08T13:13:35.0000000Z;8.265;8.28;12289;12289
2026-06-08T13:14:05.0000000Z;8.265;8.28;12289;12289
2026-06-08T13:14:36.0000000Z;8.265;8.28;12289;12289
2026-06-08T13:15:06.0000000Z;8.265;8.28;12289;12289
2026-06-08T13:15:37.0000000Z;8.265;8.28;12289;12289
2026-06-08T13:16:08.0000000Z;8.265;8.28;12289;12289
2026-06-08T13:16:38.0000000Z;8.265;8.28;12289;12289
2026-06-08T13:17:09.0000000Z;8.265;8.28;12289;12289
2026-06-08T13:17:39.0000000Z;8.265;8.28;12289;12289
2026-06-08T13:18:10.0000000Z;8.265;8.28;12289;12289
2026-06-08T13:18:40.0000000Z;8.265;8.28;12289;12289
2026-06-08T13:19:11.0000000Z;8.265;8.28;12289;12289
2026-06-08T13:19:42.0000000Z;8.265;8.28;12289;12289
2026-06-08T13:20:12.0000000Z;8.265;8.28;12289;12289
2026-06-08T13:20:43.0000000Z;8.265;8.28;12289;12289
2026-06-08T13:21:13.0000000Z;8.265;8.28;12289;12289
2026-06-08T13:21:23.0000000Z;8.268;8.28;12289;12289
2026-06-08T13:21:26.0000000Z;8.268;8.283;12289;12289
2026-06-08T13:21:56.0000000Z;8.268;8.283;12289;12289
2026-06-08T13:22:26.0000000Z;8.268;8.283;12289;12289
2026-06-08T13:22:44.0000000Z;8.271;8.283;12289;12289
2026-06-08T13:22:47.0000000Z;8.271;8.286;12289;12289
2026-06-08T13:22:51.0000000Z;8.271;8.283;12289;12289
2026-06-08T13:22:53.0000000Z;8.268;8.283;12289;12289
2026-06-08T13:23:08.0000000Z;8.268;8.28;12289;12289
2026-06-08T13:23:11.0000000Z;8.265;8.28;12289;12289
2026-06-08T13:23:41.0000000Z;8.265;8.28;12289;12289
2026-06-08T13:24:12.0000000Z;8.265;8.28;12289;12289
2026-06-08T13:24:42.0000000Z;8.265;8.28;12289;12289
2026-06-08T13:25:04.0000000Z;8.265;8.277;12289;12289
2026-06-08T13:25:05.0000000Z;8.262;8.277;12289;12289
2026-06-08T13:25:12.0000000Z;8.265;8.277;12289;12289
2026-06-08T13:25:13.0000000Z;8.265;8.28;12289;12289
2026-06-08T13:25:44.0000000Z;8.265;8.28;12289;12289
2026-06-08T13:25:58.0000000Z;8.265;8.277;12289;12289
2026-06-08T13:26:02.0000000Z;8.262;8.277;12289;12289
2026-06-08T13:26:30.0000000Z;8.262;8.277;12289;12289
2026-06-08T13:27:01.0000000Z;8.262;8.277;12289;12289
2026-06-08T13:27:31.0000000Z;8.262;8.277;12289;12289
2026-06-08T13:27:40.0000000Z;8.262;8.274;12289;12289
2026-06-08T13:27:41.0000000Z;8.259;8.274;12289;12289
2026-06-08T13:28:09.0000000Z;8.259;8.271;12289;12289
2026-06-08T13:28:10.0000000Z;8.256;8.271;12289;12289
2026-06-08T13:28:41.0000000Z;8.256;8.271;12289;12289
2026-06-08T13:29:02.0000000Z;8.259;8.271;12289;12289
2026-06-08T13:29:04.0000000Z;8.259;8.274;12289;12289
2026-06-08T13:29:06.0000000Z;8.249;8.284;12289;12289
2026-06-08T13:29:37.0000000Z;8.249;8.284;12289;12289
2026-06-08T13:30:05.0000000Z;8.249;8.276;12289;12289
2026-06-08T13:30:07.0000000Z;8.241;8.276;12289;12289
2026-06-08T13:30:31.0000000Z;8.249;8.276;12289;12289
2026-06-08T13:30:32.0000000Z;8.249;8.284;12289;12289
2026-06-08T13:31:02.0000000Z;8.249;8.284;12289;12289
2026-06-08T13:31:32.0000000Z;8.249;8.284;12289;12289
2026-06-08T13:32:03.0000000Z;8.249;8.284;12289;12289
2026-06-08T13:32:33.0000000Z;8.249;8.284;12289;12289
2026-06-08T13:33:04.0000000Z;8.249;8.284;12289;12289
2026-06-08T13:33:34.0000000Z;8.249;8.284;12289;12289
2026-06-08T13:33:39.0000000Z;8.249;8.276;12289;12289
2026-06-08T13:33:41.0000000Z;8.241;8.276;12289;12289
2026-06-08T13:34:06.0000000Z;8.247;8.262;12289;12289
2026-06-08T13:34:17.0000000Z;8.247;8.259;12289;12289
2026-06-08T13:34:21.0000000Z;8.244;8.259;12289;12289
2026-06-08T13:34:37.0000000Z;8.244;8.256;12289;12289
2026-06-08T13:34:39.0000000Z;8.241;8.256;12289;12289
2026-06-08T13:34:49.0000000Z;8.241;8.253;12289;12289
2026-06-08T13:34:55.0000000Z;8.238;8.253;12289;12289
2026-06-08T13:35:02.0000000Z;8.238;8.25;12289;12289
2026-06-08T13:35:07.0000000Z;8.238;8.253;12289;12289
2026-06-08T13:35:20.0000000Z;8.238;8.25;12289;12289
2026-06-08T13:35:22.0000000Z;8.235;8.25;12289;12289
2026-06-08T13:35:23.0000000Z;8.238;8.25;12289;12289
2026-06-08T13:35:30.0000000Z;8.238;8.253;12289;12289
2026-06-08T13:35:42.0000000Z;8.241;8.253;12289;12289
2026-06-08T13:35:44.0000000Z;8.241;8.256;12289;12289
2026-06-08T13:36:15.0000000Z;8.241;8.256;12289;12289
2026-06-08T13:36:42.0000000Z;8.241;8.253;12289;12289
2026-06-08T13:36:43.0000000Z;8.238;8.253;12289;12289
2026-06-08T13:36:55.0000000Z;8.241;8.256;12289;12289
2026-06-08T13:36:56.0000000Z;8.241;8.253;12289;12289
2026-06-08T13:36:58.0000000Z;8.238;8.253;12289;12289
2026-06-08T13:37:28.0000000Z;8.238;8.253;12289;12289
2026-06-08T13:37:29.0000000Z;8.238;8.25;12289;12289
2026-06-08T13:37:30.0000000Z;8.235;8.25;12289;12289
2026-06-08T13:37:33.0000000Z;8.238;8.25;12289;12289
2026-06-08T13:37:34.0000000Z;8.238;8.253;12289;12289
2026-06-08T13:37:46.0000000Z;8.238;8.25;12289;12289
2026-06-08T13:37:47.0000000Z;8.235;8.25;12289;12289
2026-06-08T13:38:04.0000000Z;8.238;8.25;12289;12289
2026-06-08T13:38:05.0000000Z;8.238;8.253;12289;12289
2026-06-08T13:38:22.0000000Z;8.241;8.253;12289;12289
2026-06-08T13:38:25.0000000Z;8.241;8.256;12289;12289
2026-06-08T13:38:48.0000000Z;8.241;8.253;12289;12289
2026-06-08T13:38:54.0000000Z;8.238;8.253;12289;12289
2026-06-08T13:39:14.0000000Z;8.238;8.25;12289;12289
2026-06-08T13:39:24.0000000Z;8.235;8.25;12289;12289
2026-06-08T13:39:28.0000000Z;8.238;8.25;12289;12289
2026-06-08T13:39:30.0000000Z;8.238;8.253;12289;12289
2026-06-08T13:39:41.0000000Z;8.238;8.25;12289;12289
2026-06-08T13:39:52.0000000Z;8.232;8.247;12289;12289
2026-06-08T13:40:06.0000000Z;8.235;8.247;12289;12289
2026-06-08T13:40:11.0000000Z;8.235;8.25;12289;12289
2026-06-08T13:40:41.0000000Z;8.235;8.25;12289;12289
2026-06-08T13:40:51.0000000Z;8.235;8.247;12289;12289
2026-06-08T13:40:53.0000000Z;8.232;8.247;12289;12289
2026-06-08T13:40:57.0000000Z;8.235;8.25;12289;12289
2026-06-08T13:41:19.0000000Z;8.235;8.247;12289;12289
2026-06-08T13:41:22.0000000Z;8.233;8.247;12289;12289
2026-06-08T13:41:26.0000000Z;8.236;8.247;12289;12289
2026-06-08T13:41:28.0000000Z;8.236;8.251;12289;12289
2026-06-08T13:41:58.0000000Z;8.236;8.251;12289;12289
2026-06-08T13:42:04.0000000Z;8.239;8.251;12289;12289
2026-06-08T13:42:07.0000000Z;8.239;8.254;12289;12289
2026-06-08T13:42:27.0000000Z;8.236;8.251;12289;12289
2026-06-08T13:42:31.0000000Z;8.239;8.251;12289;12289
2026-06-08T13:42:35.0000000Z;8.239;8.254;12289;12289
2026-06-08T13:42:37.0000000Z;8.242;8.254;12289;12289
2026-06-08T13:42:39.0000000Z;8.242;8.257;12289;12289
2026-06-08T13:43:00.0000000Z;8.245;8.26;12289;12289
2026-06-08T13:43:10.0000000Z;8.248;8.26;12289;12289
2026-06-08T13:43:12.0000000Z;8.248;8.263;12289;12289
2026-06-08T13:43:18.0000000Z;8.251;8.263;12289;12289
2026-06-08T13:43:20.0000000Z;8.251;8.266;12289;12289
2026-06-08T13:43:23.0000000Z;8.251;8.263;12289;12289
2026-06-08T13:43:24.0000000Z;8.248;8.263;12289;12289
2026-06-08T13:43:40.0000000Z;8.251;8.263;12289;12289
2026-06-08T13:43:47.0000000Z;8.248;8.263;12289;12289
2026-06-08T13:44:08.0000000Z;8.248;8.26;12289;12289
2026-06-08T13:44:13.0000000Z;8.245;8.26;12289;12289
2026-06-08T13:44:31.0000000Z;8.248;8.263;12289;12289
2026-06-08T13:44:52.0000000Z;8.248;8.26;12289;12289
2026-06-08T13:44:54.0000000Z;8.245;8.26;12289;12289
2026-06-08T13:44:59.0000000Z;8.248;8.26;12289;12289
2026-06-08T13:45:04.0000000Z;8.248;8.263;12289;12289
2026-06-08T13:45:34.0000000Z;8.248;8.263;12289;12289
2026-06-08T13:45:58.0000000Z;8.251;8.263;12289;12289
2026-06-08T13:46:05.0000000Z;8.251;8.266;12289;12289
2026-06-08T13:46:07.0000000Z;8.254;8.266;12289;12289
2026-06-08T13:46:13.0000000Z;8.254;8.269;12289;12289
2026-06-08T13:46:43.0000000Z;8.254;8.269;12289;12289
2026-06-08T13:47:01.0000000Z;8.254;8.266;12289;12289
2026-06-08T13:47:04.0000000Z;8.251;8.266;12289;12289
2026-06-08T13:47:35.0000000Z;8.251;8.266;12289;12289
2026-06-08T13:47:56.0000000Z;8.251;8.263;12289;12289
2026-06-08T13:47:57.0000000Z;8.248;8.263;12289;12289
2026-06-08T13:48:02.0000000Z;8.251;8.263;12289;12289
2026-06-08T13:48:03.0000000Z;8.251;8.266;12289;12289
2026-06-08T13:48:08.0000000Z;8.251;8.263;12289;12289
2026-06-08T13:48:11.0000000Z;8.248;8.263;12289;12289
2026-06-08T13:48:26.0000000Z;8.248;8.26;12289;12289
2026-06-08T13:48:28.0000000Z;8.245;8.26;12289;12289
2026-06-08T13:48:40.0000000Z;8.245;8.257;12289;12289
2026-06-08T13:48:42.0000000Z;8.242;8.257;12289;12289
2026-06-08T13:48:50.0000000Z;8.245;8.257;12289;12289
2026-06-08T13:48:52.0000000Z;8.245;8.26;12289;12289
2026-06-08T13:48:56.0000000Z;8.242;8.257;12289;12289
2026-06-08T13:49:27.0000000Z;8.242;8.257;12289;12289
2026-06-08T13:49:36.0000000Z;8.245;8.257;12289;12289
2026-06-08T13:49:39.0000000Z;8.245;8.26;12289;12289
2026-06-08T13:50:08.0000000Z;8.245;8.26;12289;12289
2026-06-08T13:50:38.0000000Z;8.245;8.26;12289;12289
2026-06-08T13:50:51.0000000Z;8.245;8.257;12289;12289
2026-06-08T13:50:52.0000000Z;8.242;8.257;12289;12289
2026-06-08T13:51:08.0000000Z;8.245;8.257;12289;12289
2026-06-08T13:51:11.0000000Z;8.245;8.26;12289;12289
2026-06-08T13:51:35.0000000Z;8.248;8.26;12289;12289
2026-06-08T13:51:38.0000000Z;8.248;8.263;12289;12289
2026-06-08T13:51:48.0000000Z;8.248;8.26;12289;12289
2026-06-08T13:51:49.0000000Z;8.245;8.26;12289;12289
2026-06-08T13:51:54.0000000Z;8.248;8.26;12289;12289
2026-06-08T13:51:57.0000000Z;8.248;8.263;12289;12289
2026-06-08T13:52:28.0000000Z;8.248;8.263;12289;12289
2026-06-08T13:52:37.0000000Z;8.251;8.263;12289;12289
2026-06-08T13:52:38.0000000Z;8.251;8.266;12289;12289
2026-06-08T13:52:53.0000000Z;8.254;8.266;12289;12289
2026-06-08T13:52:57.0000000Z;8.254;8.266;12289;12289
2026-06-08T13:53:01.0000000Z;8.254;8.266;12289;12289
2026-06-08T13:53:13.0000000Z;8.254;8.269;12289;12289
2026-06-08T13:53:38.0000000Z;8.257;8.269;12289;12289
2026-06-08T13:53:43.0000000Z;8.257;8.272;12289;12289
2026-06-08T13:53:47.0000000Z;8.257;8.269;12289;12289
2026-06-08T13:53:49.0000000Z;8.254;8.269;12289;12289
2026-06-08T13:53:57.0000000Z;8.257;8.269;12289;12289
2026-06-08T13:54:00.0000000Z;8.257;8.272;12289;12289
2026-06-08T13:54:26.0000000Z;8.26;8.275;12289;12289
2026-06-08T13:54:43.0000000Z;8.26;8.272;12289;12289
2026-06-08T13:54:44.0000000Z;8.257;8.272;12289;12289
2026-06-08T13:54:50.0000000Z;8.257;8.269;12289;12289
2026-06-08T13:54:53.0000000Z;8.254;8.269;12289;12289
2026-06-08T13:55:23.0000000Z;8.254;8.269;12289;12289
2026-06-08T13:55:49.0000000Z;8.251;8.266;12289;12289
2026-06-08T13:55:53.0000000Z;8.251;8.263;12289;12289
2026-06-08T13:56:00.0000000Z;8.248;8.26;12289;12289
2026-06-08T13:56:03.0000000Z;8.245;8.26;12289;12289
2026-06-08T13:56:17.0000000Z;8.245;8.257;12289;12289
2026-06-08T13:56:18.0000000Z;8.242;8.257;12289;12289
2026-06-08T13:56:31.0000000Z;8.245;8.257;12289;12289
2026-06-08T13:56:34.0000000Z;8.245;8.26;12289;12289
2026-06-08T13:56:49.0000000Z;8.248;8.263;12289;12289
2026-06-08T13:56:53.0000000Z;8.248;8.26;12289;12289
2026-06-08T13:56:55.0000000Z;8.245;8.26;12289;12289
2026-06-08T13:57:17.0000000Z;8.245;8.257;12289;12289
2026-06-08T13:57:19.0000000Z;8.242;8.257;12289;12289
2026-06-08T13:57:29.0000000Z;8.242;8.254;12289;12289
2026-06-08T13:57:36.0000000Z;8.242;8.251;12289;12289
2026-06-08T13:57:39.0000000Z;8.242;8.248;12289;12289
2026-06-08T13:57:45.0000000Z;8.234;8.248;12289;12289
2026-06-08T13:58:16.0000000Z;8.234;8.248;12289;12289
2026-06-08T13:58:23.0000000Z;8.234;8.245;12289;12289
2026-06-08T13:58:24.0000000Z;8.23;8.245;12289;12289
2026-06-08T13:58:55.0000000Z;8.23;8.245;12289;12289
2026-06-08T13:58:58.0000000Z;8.233;8.245;12289;12289
2026-06-08T13:58:59.0000000Z;8.233;8.247;12289;12289
2026-06-08T13:59:23.0000000Z;8.236;8.247;12289;12289
2026-06-08T13:59:28.0000000Z;8.236;8.251;12289;12289
2026-06-08T13:59:33.0000000Z;8.236;8.248;12289;12289
2026-06-08T13:59:36.0000000Z;8.233;8.248;12289;12289
2026-06-08T13:59:50.0000000Z;8.231;8.245;12289;12289
2026-06-08T14:00:20.0000000Z;8.231;8.245;12289;12289
2026-06-08T14:00:21.0000000Z;8.231;8.242;12289;12289
2026-06-08T14:00:23.0000000Z;8.227;8.242;12289;12289
2026-06-08T14:00:25.0000000Z;8.23;8.242;12289;12289
2026-06-08T14:00:27.0000000Z;8.23;8.244;12289;12289
2026-06-08T14:00:57.0000000Z;8.23;8.244;12289;12289
2026-06-08T14:01:01.0000000Z;8.233;8.244;12289;12289
2026-06-08T14:01:03.0000000Z;8.236;8.244;12289;12289
2026-06-08T14:01:04.0000000Z;8.236;8.248;12289;12289
2026-06-08T14:01:06.0000000Z;8.236;8.251;12289;12289
2026-06-08T14:01:10.0000000Z;8.236;8.248;12289;12289
2026-06-08T14:01:12.0000000Z;8.233;8.248;12289;12289
2026-06-08T14:01:38.0000000Z;8.236;8.248;12289;12289
2026-06-08T14:01:44.0000000Z;8.236;8.251;12289;12289
2026-06-08T14:01:58.0000000Z;8.239;8.254;12289;12289
2026-06-08T14:02:06.0000000Z;8.242;8.254;12289;12289
2026-06-08T14:02:15.0000000Z;8.242;8.257;12289;12289
2026-06-08T14:02:39.0000000Z;8.242;8.254;12289;12289
2026-06-08T14:02:41.0000000Z;8.239;8.254;12289;12289
2026-06-08T14:02:52.0000000Z;8.239;8.251;12289;12289
2026-06-08T14:02:55.0000000Z;8.236;8.251;12289;12289
2026-06-08T14:03:09.0000000Z;8.236;8.248;12289;12289
2026-06-08T14:03:11.0000000Z;8.236;8.251;12289;12289
2026-06-08T14:03:12.0000000Z;8.236;8.248;12289;12289
2026-06-08T14:03:14.0000000Z;8.236;8.251;12289;12289
2026-06-08T14:03:17.0000000Z;8.239;8.251;12289;12289
2026-06-08T14:03:22.0000000Z;8.239;8.254;12289;12289
2026-06-08T14:03:30.0000000Z;8.242;8.254;12289;12289
2026-06-08T14:03:32.0000000Z;8.242;8.257;12289;12289
2026-06-08T14:03:50.0000000Z;8.242;8.254;12289;12289
2026-06-08T14:03:51.0000000Z;8.239;8.254;12289;12289
2026-06-08T14:03:54.0000000Z;8.239;8.251;12289;12289
2026-06-08T14:03:55.0000000Z;8.236;8.251;12289;12289
2026-06-08T14:04:10.0000000Z;8.236;8.248;12289;12289
2026-06-08T14:04:15.0000000Z;8.233;8.248;12289;12289
2026-06-08T14:04:16.0000000Z;8.236;8.248;12289;12289
2026-06-08T14:04:26.0000000Z;8.233;8.248;12289;12289
2026-06-08T14:04:56.0000000Z;8.233;8.248;12289;12289
2026-06-08T14:05:26.0000000Z;8.233;8.248;12289;12289
2026-06-08T14:05:57.0000000Z;8.233;8.248;12289;12289
2026-06-08T14:06:04.0000000Z;8.236;8.248;12289;12289
2026-06-08T14:06:07.0000000Z;8.236;8.251;12289;12289
2026-06-08T14:06:22.0000000Z;8.239;8.251;12289;12289
2026-06-08T14:06:25.0000000Z;8.239;8.254;12289;12289
2026-06-08T14:06:39.0000000Z;8.242;8.254;12289;12289
2026-06-08T14:06:45.0000000Z;8.242;8.257;12289;12289
2026-06-08T14:06:54.0000000Z;8.245;8.257;12289;12289
2026-06-08T14:06:58.0000000Z;8.245;8.26;12289;12289
2026-06-08T14:07:24.0000000Z;8.245;8.26;12289;12289
2026-06-08T14:07:33.0000000Z;8.245;8.257;12289;12289
2026-06-08T14:07:36.0000000Z;8.242;8.257;12289;12289
2026-06-08T14:08:04.0000000Z;8.245;8.257;12289;12289
2026-06-08T14:08:07.0000000Z;8.245;8.26;12289;12289
2026-06-08T14:08:19.0000000Z;8.245;8.257;12289;12289
2026-06-08T14:08:21.0000000Z;8.242;8.257;12289;12289
2026-06-08T14:08:24.0000000Z;8.242;8.254;12289;12289
2026-06-08T14:08:29.0000000Z;8.239;8.254;12289;12289
2026-06-08T14:08:31.0000000Z;8.242;8.254;12289;12289
2026-06-08T14:08:35.0000000Z;8.242;8.257;12289;12289
2026-06-08T14:08:43.0000000Z;8.242;8.254;12289;12289
2026-06-08T14:08:44.0000000Z;8.239;8.254;12289;12289
2026-06-08T14:08:54.0000000Z;8.242;8.254;12289;12289
2026-06-08T14:08:56.0000000Z;8.242;8.257;12289;12289
2026-06-08T14:09:03.0000000Z;8.245;8.257;12289;12289
2026-06-08T14:09:04.0000000Z;8.245;8.26;12289;12289
2026-06-08T14:09:33.0000000Z;8.245;8.26;12289;12289
2026-06-08T14:09:39.0000000Z;8.248;8.26;12289;12289
2026-06-08T14:09:41.0000000Z;8.248;8.263;12289;12289
2026-06-08T14:10:12.0000000Z;8.248;8.263;12289;12289
2026-06-08T14:10:21.0000000Z;8.248;8.26;12289;12289
2026-06-08T14:10:22.0000000Z;8.245;8.26;12289;12289
2026-06-08T14:10:38.0000000Z;8.245;8.257;12289;12289
2026-06-08T14:10:40.0000000Z;8.242;8.257;12289;12289
2026-06-08T14:11:11.0000000Z;8.242;8.257;12289;12289
2026-06-08T14:11:30.0000000Z;8.245;8.257;12289;12289
2026-06-08T14:11:35.0000000Z;8.245;8.26;12289;12289
2026-06-08T14:12:01.0000000Z;8.245;8.26;12289;12289
2026-06-08T14:12:05.0000000Z;8.245;8.257;12289;12289
2026-06-08T14:12:06.0000000Z;8.242;8.257;12289;12289
2026-06-08T14:12:20.0000000Z;8.245;8.257;12289;12289
2026-06-08T14:12:26.0000000Z;8.245;8.26;12289;12289
2026-06-08T14:12:37.0000000Z;8.245;8.257;12289;12289
2026-06-08T14:12:39.0000000Z;8.242;8.257;12289;12289
2026-06-08T14:12:46.0000000Z;8.242;8.254;12289;12289
2026-06-08T14:12:47.0000000Z;8.239;8.254;12289;12289
2026-06-08T14:13:03.0000000Z;8.242;8.254;12289;12289
2026-06-08T14:13:05.0000000Z;8.242;8.257;12289;12289
2026-06-08T14:13:07.0000000Z;8.242;8.254;12289;12289
2026-06-08T14:13:11.0000000Z;8.239;8.254;12289;12289
2026-06-08T14:13:42.0000000Z;8.239;8.254;12289;12289
2026-06-08T14:13:52.0000000Z;8.242;8.254;12289;12289
2026-06-08T14:13:54.0000000Z;8.242;8.257;12289;12289
2026-06-08T14:14:19.0000000Z;8.245;8.257;12289;12289
2026-06-08T14:14:23.0000000Z;8.245;8.26;12289;12289
2026-06-08T14:14:29.0000000Z;8.245;8.257;12289;12289
2026-06-08T14:14:33.0000000Z;8.242;8.257;12289;12289
2026-06-08T14:14:37.0000000Z;8.239;8.254;12289;12289
2026-06-08T14:15:08.0000000Z;8.239;8.254;12289;12289
2026-06-08T14:15:13.0000000Z;8.236;8.251;12289;12289
2026-06-08T14:15:44.0000000Z;8.236;8.248;12289;12289
2026-06-08T14:15:52.0000000Z;8.234;8.248;12289;12289
2026-06-08T14:16:23.0000000Z;8.234;8.248;12289;12289
2026-06-08T14:16:54.0000000Z;8.234;8.248;12289;12289
2026-06-08T14:17:24.0000000Z;8.234;8.248;12289;12289
2026-06-08T14:17:40.0000000Z;8.237;8.248;12289;12289
2026-06-08T14:17:42.0000000Z;8.237;8.252;12289;12289
2026-06-08T14:18:09.0000000Z;8.24;8.252;12289;12289
2026-06-08T14:18:14.0000000Z;8.24;8.255;12289;12289
2026-06-08T14:18:16.0000000Z;8.24;8.252;12289;12289
2026-06-08T14:18:17.0000000Z;8.237;8.252;12289;12289
2026-06-08T14:18:47.0000000Z;8.237;8.252;12289;12289
2026-06-08T14:18:52.0000000Z;8.24;8.252;12289;12289
2026-06-08T14:18:53.0000000Z;8.24;8.255;12289;12289
2026-06-08T14:19:01.0000000Z;8.24;8.252;12289;12289
2026-06-08T14:19:05.0000000Z;8.237;8.252;12289;12289
2026-06-08T14:19:36.0000000Z;8.237;8.252;12289;12289
2026-06-08T14:19:58.0000000Z;8.24;8.252;12289;12289
2026-06-08T14:20:00.0000000Z;8.24;8.255;12289;12289
2026-06-08T14:20:07.0000000Z;8.243;8.255;12289;12289
2026-06-08T14:20:11.0000000Z;8.243;8.258;12289;12289
2026-06-08T14:20:41.0000000Z;8.243;8.258;12289;12289
2026-06-08T14:20:52.0000000Z;8.243;8.255;12289;12289
2026-06-08T14:20:53.0000000Z;8.24;8.255;12289;12289
2026-06-08T14:21:24.0000000Z;8.24;8.255;12289;12289
2026-06-08T14:21:33.0000000Z;8.243;8.255;12289;12289
2026-06-08T14:21:34.0000000Z;8.243;8.258;12289;12289
2026-06-08T14:22:05.0000000Z;8.243;8.258;12289;12289
2026-06-08T14:22:27.0000000Z;8.243;8.255;12289;12289
2026-06-08T14:22:33.0000000Z;8.24;8.255;12289;12289
2026-06-08T14:23:04.0000000Z;8.24;8.255;12289;12289
2026-06-08T14:23:12.0000000Z;8.243;8.255;12289;12289
2026-06-08T14:23:14.0000000Z;8.243;8.258;12289;12289
2026-06-08T14:23:27.0000000Z;8.246;8.258;12289;12289
2026-06-08T14:23:29.0000000Z;8.246;8.261;12289;12289
2026-06-08T14:23:57.0000000Z;8.249;8.261;12289;12289
2026-06-08T14:23:58.0000000Z;8.249;8.264;12289;12289
2026-06-08T14:24:29.0000000Z;8.249;8.264;12289;12289
2026-06-08T14:24:34.0000000Z;8.249;8.261;12289;12289
2026-06-08T14:24:35.0000000Z;8.246;8.261;12289;12289
2026-06-08T14:24:40.0000000Z;8.249;8.261;12289;12289
2026-06-08T14:24:41.0000000Z;8.249;8.264;12289;12289
2026-06-08T14:25:12.0000000Z;8.249;8.264;12289;12289
2026-06-08T14:25:41.0000000Z;8.252;8.264;12289;12289
2026-06-08T14:25:46.0000000Z;8.252;8.267;12289;12289
2026-06-08T14:26:17.0000000Z;8.255;8.27;12289;12289
2026-06-08T14:26:22.0000000Z;8.258;8.27;12289;12289
2026-06-08T14:26:27.0000000Z;8.258;8.273;12289;12289
2026-06-08T14:26:34.0000000Z;8.258;8.27;12289;12289
2026-06-08T14:26:37.0000000Z;8.255;8.27;12289;12289
2026-06-08T14:27:08.0000000Z;8.255;8.27;12289;12289
2026-06-08T14:27:38.0000000Z;8.255;8.27;12289;12289
2026-06-08T14:28:05.0000000Z;8.255;8.267;12289;12289
2026-06-08T14:28:06.0000000Z;8.252;8.267;12289;12289
2026-06-08T14:28:19.0000000Z;8.252;8.264;12289;12289
2026-06-08T14:28:23.0000000Z;8.249;8.264;12289;12289
2026-06-08T14:28:53.0000000Z;8.249;8.264;12289;12289
2026-06-08T14:29:15.0000000Z;8.252;8.264;12289;12289
2026-06-08T14:29:22.0000000Z;8.252;8.267;12289;12289
2026-06-08T14:29:38.0000000Z;8.252;8.264;12289;12289
2026-06-08T14:29:42.0000000Z;8.249;8.264;12289;12289
2026-06-08T14:29:50.0000000Z;8.252;8.264;12289;12289
2026-06-08T14:30:01.0000000Z;8.252;8.267;12289;12289
2026-06-08T14:30:04.0000000Z;8.252;8.264;12289;12289
2026-06-08T14:30:11.0000000Z;8.249;8.264;12289;12289
2026-06-08T14:30:21.0000000Z;8.252;8.264;12289;12289
2026-06-08T14:30:26.0000000Z;8.252;8.267;12289;12289
2026-06-08T14:30:55.0000000Z;8.252;8.267;12289;12289
2026-06-08T14:31:26.0000000Z;8.252;8.267;12289;12289
2026-06-08T14:31:30.0000000Z;8.252;8.264;12289;12289
2026-06-08T14:31:34.0000000Z;8.249;8.264;12289;12289
2026-06-08T14:31:39.0000000Z;8.252;8.264;12289;12289
2026-06-08T14:31:40.0000000Z;8.252;8.267;12289;12289
2026-06-08T14:32:03.0000000Z;8.252;8.264;12289;12289
2026-06-08T14:32:04.0000000Z;8.249;8.264;12289;12289
2026-06-08T14:32:21.0000000Z;8.252;8.267;12289;12289
2026-06-08T14:32:51.0000000Z;8.252;8.267;12289;12289
2026-06-08T14:33:22.0000000Z;8.252;8.267;12289;12289
2026-06-08T14:33:52.0000000Z;8.252;8.267;12289;12289
2026-06-08T14:34:23.0000000Z;8.252;8.267;12289;12289
2026-06-08T14:34:53.0000000Z;8.252;8.267;12289;12289
2026-06-08T14:35:02.0000000Z;8.255;8.267;12289;12289
2026-06-08T14:35:05.0000000Z;8.255;8.27;12289;12289
2026-06-08T14:35:15.0000000Z;8.255;8.267;12289;12289
2026-06-08T14:35:19.0000000Z;8.252;8.267;12289;12289
2026-06-08T14:35:37.0000000Z;8.255;8.267;12289;12289
2026-06-08T14:35:38.0000000Z;8.255;8.27;12289;12289
2026-06-08T14:35:53.0000000Z;8.258;8.27;12289;12289
2026-06-08T14:36:10.0000000Z;8.258;8.273;12289;12289
2026-06-08T14:36:32.0000000Z;8.261;8.273;12289;12289
2026-06-08T14:36:35.0000000Z;8.261;8.276;12289;12289
2026-06-08T14:37:04.0000000Z;8.261;8.276;12289;12289
2026-06-08T14:37:26.0000000Z;8.261;8.273;12289;12289
2026-06-08T14:37:32.0000000Z;8.258;8.273;12289;12289
2026-06-08T14:37:56.0000000Z;8.258;8.273;12289;12289
2026-06-08T14:38:27.0000000Z;8.258;8.273;12289;12289
2026-06-08T14:38:57.0000000Z;8.258;8.273;12289;12289
2026-06-08T14:39:28.0000000Z;8.258;8.273;12289;12289
2026-06-08T14:39:38.0000000Z;8.261;8.273;12289;12289
2026-06-08T14:39:40.0000000Z;8.261;8.276;12289;12289
2026-06-08T14:39:48.0000000Z;8.261;8.272;12289;12289
2026-06-08T14:39:52.0000000Z;8.258;8.272;12289;12289
2026-06-08T14:39:56.0000000Z;8.258;8.273;12289;12289
2026-06-08T14:40:02.0000000Z;8.261;8.273;12289;12289
2026-06-08T14:40:04.0000000Z;8.261;8.276;12289;12289
2026-06-08T14:40:33.0000000Z;8.261;8.276;12289;12289
2026-06-08T14:41:03.0000000Z;8.261;8.276;12289;12289
2026-06-08T14:41:16.0000000Z;8.261;8.273;12289;12289
2026-06-08T14:41:18.0000000Z;8.258;8.273;12289;12289
2026-06-08T14:41:37.0000000Z;8.258;8.27;12289;12289
2026-06-08T14:41:39.0000000Z;8.255;8.27;12289;12289
2026-06-08T14:41:44.0000000Z;8.258;8.27;12289;12289
2026-06-08T14:41:45.0000000Z;8.258;8.273;12289;12289
2026-06-08T14:42:00.0000000Z;8.258;8.27;12289;12289
2026-06-08T14:42:05.0000000Z;8.255;8.27;12289;12289
2026-06-08T14:42:18.0000000Z;8.255;8.267;12289;12289
2026-06-08T14:42:19.0000000Z;8.252;8.267;12289;12289
2026-06-08T14:42:50.0000000Z;8.252;8.267;12289;12289
2026-06-08T14:42:51.0000000Z;8.252;8.264;12289;12289
2026-06-08T14:42:54.0000000Z;8.249;8.264;12289;12289
2026-06-08T14:43:25.0000000Z;8.249;8.264;12289;12289
2026-06-08T14:43:55.0000000Z;8.249;8.264;12289;12289
2026-06-08T14:44:16.0000000Z;8.252;8.264;12289;12289
2026-06-08T14:44:19.0000000Z;8.252;8.267;12289;12289
2026-06-08T14:44:50.0000000Z;8.252;8.267;12289;12289
2026-06-08T14:45:03.0000000Z;8.255;8.267;12289;12289
2026-06-08T14:45:04.0000000Z;8.255;8.27;12289;12289
2026-06-08T14:45:14.0000000Z;8.258;8.27;12289;12289
2026-06-08T14:45:16.0000000Z;8.258;8.273;12289;12289
2026-06-08T14:45:44.0000000Z;8.261;8.273;12289;12289
2026-06-08T14:45:45.0000000Z;8.261;8.276;12289;12289
2026-06-08T14:46:14.0000000Z;8.261;8.276;12289;12289
2026-06-08T14:46:16.0000000Z;8.264;8.276;12289;12289
2026-06-08T14:46:17.0000000Z;8.264;8.279;12289;12289
2026-06-08T14:46:48.0000000Z;8.267;8.279;12289;12289
2026-06-08T14:46:50.0000000Z;8.267;8.282;12289;12289
2026-06-08T14:47:15.0000000Z;8.27;8.282;12289;12289
2026-06-08T14:47:16.0000000Z;8.27;8.285;12289;12289
2026-06-08T14:47:44.0000000Z;8.27;8.282;12289;12289
2026-06-08T14:47:47.0000000Z;8.267;8.282;12289;12289
2026-06-08T14:47:49.0000000Z;8.27;8.282;12289;12289
2026-06-08T14:47:51.0000000Z;8.27;8.285;12289;12289
2026-06-08T14:48:06.0000000Z;8.27;8.282;12289;12289
2026-06-08T14:48:07.0000000Z;8.267;8.282;12289;12289
2026-06-08T14:48:38.0000000Z;8.267;8.282;12289;12289
2026-06-08T14:49:08.0000000Z;8.267;8.282;12289;12289
2026-06-08T14:49:21.0000000Z;8.27;8.282;12289;12289
2026-06-08T14:49:22.0000000Z;8.27;8.285;12289;12289
2026-06-08T14:49:52.0000000Z;8.27;8.285;12289;12289
2026-06-08T14:49:57.0000000Z;8.27;8.282;12289;12289
2026-06-08T14:49:59.0000000Z;8.267;8.282;12289;12289
2026-06-08T14:50:30.0000000Z;8.267;8.279;12289;12289
2026-06-08T14:50:31.0000000Z;8.264;8.279;12289;12289
2026-06-08T14:51:02.0000000Z;8.264;8.279;12289;12289
2026-06-08T14:51:33.0000000Z;8.267;8.279;12289;12289
2026-06-08T14:51:35.0000000Z;8.267;8.282;12289;12289
2026-06-08T14:52:05.0000000Z;8.267;8.282;12289;12289
2026-06-08T14:52:19.0000000Z;8.27;8.282;12289;12289
2026-06-08T14:52:20.0000000Z;8.27;8.285;12289;12289
2026-06-08T14:52:50.0000000Z;8.27;8.285;12289;12289
2026-06-08T14:53:21.0000000Z;8.27;8.285;12289;12289
2026-06-08T14:53:25.0000000Z;8.267;8.282;12289;12289
2026-06-08T14:53:55.0000000Z;8.27;8.282;12289;12289
2026-06-08T14:53:57.0000000Z;8.27;8.285;12289;12289
2026-06-08T14:54:28.0000000Z;8.27;8.285;12289;12289
2026-06-08T14:54:58.0000000Z;8.27;8.285;12289;12289
2026-06-08T14:55:17.0000000Z;8.27;8.282;12289;12289
2026-06-08T14:55:18.0000000Z;8.267;8.282;12289;12289
2026-06-08T14:55:48.0000000Z;8.267;8.282;12289;12289
2026-06-08T14:56:19.0000000Z;8.267;8.282;12289;12289
2026-06-08T14:56:22.0000000Z;8.267;8.279;12289;12289
2026-06-08T14:56:25.0000000Z;8.264;8.279;12289;12289
2026-06-08T14:56:40.0000000Z;8.267;8.279;12289;12289
2026-06-08T14:56:41.0000000Z;8.267;8.282;12289;12289
2026-06-08T14:57:09.0000000Z;8.27;8.282;12289;12289
2026-06-08T14:57:15.0000000Z;8.27;8.285;12289;12289
2026-06-08T14:57:44.0000000Z;8.273;8.285;12289;12289
2026-06-08T14:57:47.0000000Z;8.273;8.288;12289;12289
2026-06-08T14:58:18.0000000Z;8.273;8.288;12289;12289
2026-06-08T14:58:48.0000000Z;8.273;8.288;12289;12289
2026-06-08T14:58:54.0000000Z;8.276;8.288;12289;12289
2026-06-08T14:58:56.0000000Z;8.276;8.291;12289;12289
2026-06-08T14:59:27.0000000Z;8.276;8.291;12289;12289
2026-06-08T14:59:57.0000000Z;8.276;8.291;12289;12289
