2026-06-08T08:00:10.0000000Z;53.302;53.32;938;938
2026-06-08T08:00:30.0000000Z;53.3;53.32;938;938
2026-06-08T08:01:00.0000000Z;53.3;53.32;938;938
2026-06-08T08:01:21.0000000Z;53.304;53.32;938;938
2026-06-08T08:01:51.0000000Z;53.304;53.32;938;938
2026-06-08T08:02:18.0000000Z;53.298;53.32;938;938
2026-06-08T08:02:25.0000000Z;53.298;53.318;938;938
2026-06-08T08:02:30.0000000Z;53.298;53.32;938;938
2026-06-08T08:02:45.0000000Z;53.298;53.318;938;938
2026-06-08T08:02:54.0000000Z;53.298;53.32;938;938
2026-06-08T08:03:17.0000000Z;53.298;53.318;938;938
2026-06-08T08:03:18.0000000Z;53.298;53.32;938;938
2026-06-08T08:03:24.0000000Z;53.298;53.32;938;938
2026-06-08T08:03:41.0000000Z;53.298;53.318;938;938
2026-06-08T08:03:42.0000000Z;53.298;53.32;938;938
2026-06-08T08:03:51.0000000Z;53.298;53.32;938;938
2026-06-08T08:04:21.0000000Z;53.298;53.32;938;938
2026-06-08T08:04:27.0000000Z;53.304;53.318;938;938
2026-06-08T08:04:33.0000000Z;53.304;53.32;938;938
2026-06-08T08:04:35.0000000Z;53.304;53.318;938;938
2026-06-08T08:04:39.0000000Z;53.304;53.32;938;938
2026-06-08T08:04:45.0000000Z;53.304;53.318;938;938
2026-06-08T08:04:49.0000000Z;53.304;53.32;938;938
2026-06-08T08:05:19.0000000Z;53.298;53.32;938;938
2026-06-08T08:05:50.0000000Z;53.298;53.32;938;938
2026-06-08T08:06:20.0000000Z;53.298;53.32;938;938
2026-06-08T08:06:23.0000000Z;53.298;53.318;938;938
2026-06-08T08:06:24.0000000Z;53.298;53.32;938;938
2026-06-08T08:06:29.0000000Z;53.298;53.32;938;938
2026-06-08T08:06:34.0000000Z;53.298;53.318;938;938
2026-06-08T08:06:39.0000000Z;53.298;53.32;938;938
2026-06-08T08:06:45.0000000Z;53.304;53.32;938;938
2026-06-08T08:06:57.0000000Z;53.304;53.318;938;938
2026-06-08T08:07:01.0000000Z;53.304;53.318;938;938
2026-06-08T08:07:07.0000000Z;53.3;53.32;938;938
2026-06-08T08:07:23.0000000Z;53.304;53.32;938;938
2026-06-08T08:07:25.0000000Z;53.304;53.318;938;938
2026-06-08T08:07:46.0000000Z;53.3;53.318;938;938
2026-06-08T08:07:52.0000000Z;53.3;53.32;938;938
2026-06-08T08:08:22.0000000Z;53.3;53.32;938;938
2026-06-08T08:08:42.0000000Z;53.3;53.318;938;938
2026-06-08T08:08:48.0000000Z;53.3;53.32;938;938
2026-06-08T08:08:50.0000000Z;53.3;53.318;938;938
2026-06-08T08:08:54.0000000Z;53.3;53.32;938;938
2026-06-08T08:09:04.0000000Z;53.294;53.32;938;938
2026-06-08T08:09:06.0000000Z;53.298;53.32;938;938
2026-06-08T08:09:10.0000000Z;53.296;53.32;938;938
2026-06-08T08:09:41.0000000Z;53.3;53.32;938;938
2026-06-08T08:09:44.0000000Z;53.3;53.318;938;938
2026-06-08T08:09:57.0000000Z;53.302;53.318;938;938
2026-06-08T08:10:00.0000000Z;53.302;53.32;938;938
2026-06-08T08:10:06.0000000Z;53.3;53.32;938;938
2026-06-08T08:10:20.0000000Z;53.298;53.32;938;938
2026-06-08T08:10:22.0000000Z;53.296;53.32;938;938
2026-06-08T08:10:24.0000000Z;53.294;53.32;938;938
2026-06-08T08:10:28.0000000Z;53.29;53.32;938;938
2026-06-08T08:10:48.0000000Z;53.294;53.32;938;938
2026-06-08T08:10:55.0000000Z;53.294;53.318;938;938
2026-06-08T08:11:01.0000000Z;53.294;53.32;938;938
2026-06-08T08:11:05.0000000Z;53.292;53.32;938;938
2026-06-08T08:11:23.0000000Z;53.292;53.318;938;938
2026-06-08T08:11:29.0000000Z;53.292;53.32;938;938
2026-06-08T08:11:40.0000000Z;53.294;53.32;938;938
2026-06-08T08:11:47.0000000Z;53.298;53.32;938;938
2026-06-08T08:11:52.0000000Z;53.298;53.318;938;938
2026-06-08T08:11:59.0000000Z;53.298;53.32;938;938
2026-06-08T08:12:18.0000000Z;53.298;53.318;938;938
2026-06-08T08:12:29.0000000Z;53.298;53.32;938;938
2026-06-08T08:12:41.0000000Z;53.298;53.318;938;938
2026-06-08T08:12:55.0000000Z;53.298;53.32;938;938
2026-06-08T08:12:57.0000000Z;53.298;53.318;938;938
2026-06-08T08:13:01.0000000Z;53.298;53.32;938;938
2026-06-08T08:13:32.0000000Z;53.298;53.32;938;938
2026-06-08T08:13:39.0000000Z;53.298;53.318;938;938
2026-06-08T08:13:51.0000000Z;53.296;53.318;938;938
2026-06-08T08:13:57.0000000Z;53.294;53.318;938;938
2026-06-08T08:14:28.0000000Z;53.294;53.318;938;938
2026-06-08T08:14:58.0000000Z;53.294;53.318;938;938
2026-06-08T08:15:16.0000000Z;53.298;53.318;938;938
2026-06-08T08:15:26.0000000Z;53.296;53.32;938;938
2026-06-08T08:15:38.0000000Z;53.294;53.32;938;938
2026-06-08T08:15:51.0000000Z;53.294;53.318;938;938
2026-06-08T08:15:53.0000000Z;53.294;53.32;938;938
2026-06-08T08:16:09.0000000Z;53.294;53.318;938;938
2026-06-08T08:16:40.0000000Z;53.294;53.318;938;938
2026-06-08T08:16:54.0000000Z;53.294;53.32;938;938
2026-06-08T08:17:02.0000000Z;53.294;53.318;938;938
2026-06-08T08:17:32.0000000Z;53.294;53.318;938;938
2026-06-08T08:17:35.0000000Z;53.294;53.32;938;938
2026-06-08T08:17:52.0000000Z;53.294;53.318;938;938
2026-06-08T08:17:54.0000000Z;53.294;53.32;938;938
2026-06-08T08:18:25.0000000Z;53.294;53.32;938;938
2026-06-08T08:18:39.0000000Z;53.298;53.32;938;938
2026-06-08T08:19:00.0000000Z;53.298;53.318;938;938
2026-06-08T08:19:09.0000000Z;53.298;53.32;938;938
2026-06-08T08:19:18.0000000Z;53.298;53.318;938;938
2026-06-08T08:19:23.0000000Z;53.298;53.32;938;938
2026-06-08T08:19:34.0000000Z;53.298;53.318;938;938
2026-06-08T08:19:47.0000000Z;53.298;53.318;938;938
2026-06-08T08:19:49.0000000Z;53.298;53.32;938;938
2026-06-08T08:20:01.0000000Z;53.298;53.318;938;938
2026-06-08T08:20:19.0000000Z;53.298;53.32;938;938
2026-06-08T08:20:28.0000000Z;53.298;53.318;938;938
2026-06-08T08:20:31.0000000Z;53.298;53.32;938;938
2026-06-08T08:20:35.0000000Z;53.298;53.318;938;938
2026-06-08T08:20:37.0000000Z;53.298;53.32;938;938
2026-06-08T08:20:44.0000000Z;53.302;53.32;938;938
2026-06-08T08:20:45.0000000Z;53.302;53.318;938;938
2026-06-08T08:20:47.0000000Z;53.302;53.32;938;938
2026-06-08T08:21:01.0000000Z;53.302;53.318;938;938
2026-06-08T08:21:05.0000000Z;53.302;53.32;938;938
2026-06-08T08:21:09.0000000Z;53.3;53.32;938;938
2026-06-08T08:21:19.0000000Z;53.298;53.32;938;938
2026-06-08T08:21:21.0000000Z;53.296;53.32;938;938
2026-06-08T08:21:25.0000000Z;53.294;53.32;938;938
2026-06-08T08:21:29.0000000Z;53.294;53.318;938;938
2026-06-08T08:21:36.0000000Z;53.294;53.32;938;938
2026-06-08T08:21:43.0000000Z;53.294;53.318;938;938
2026-06-08T08:21:50.0000000Z;53.292;53.32;938;938
2026-06-08T08:21:52.0000000Z;53.296;53.32;938;938
2026-06-08T08:21:53.0000000Z;53.296;53.32;938;938
2026-06-08T08:21:55.0000000Z;53.294;53.32;938;938
2026-06-08T08:21:57.0000000Z;53.292;53.32;938;938
2026-06-08T08:22:05.0000000Z;53.29;53.318;938;938
2026-06-08T08:22:14.0000000Z;53.29;53.32;938;938
2026-06-08T08:22:42.0000000Z;53.296;53.32;938;938
2026-06-08T08:22:55.0000000Z;53.296;53.318;938;938
2026-06-08T08:22:56.0000000Z;53.296;53.316;938;938
2026-06-08T08:22:59.0000000Z;53.296;53.314;938;938
2026-06-08T08:23:02.0000000Z;53.29;53.314;938;938
2026-06-08T08:23:04.0000000Z;53.29;53.31;938;938
2026-06-08T08:23:26.0000000Z;53.29;53.312;938;938
2026-06-08T08:23:30.0000000Z;53.29;53.314;938;938
2026-06-08T08:23:48.0000000Z;53.29;53.316;938;938
2026-06-08T08:23:54.0000000Z;53.29;53.314;938;938
2026-06-08T08:24:03.0000000Z;53.296;53.314;938;938
2026-06-08T08:24:14.0000000Z;53.296;53.316;938;938
2026-06-08T08:24:36.0000000Z;53.296;53.314;938;938
2026-06-08T08:24:42.0000000Z;53.286;53.314;938;938
2026-06-08T08:25:06.0000000Z;53.286;53.316;938;938
2026-06-08T08:25:37.0000000Z;53.286;53.316;938;938
2026-06-08T08:25:43.0000000Z;53.286;53.314;938;938
2026-06-08T08:25:48.0000000Z;53.286;53.316;938;938
2026-06-08T08:26:03.0000000Z;53.29;53.316;938;938
2026-06-08T08:26:22.0000000Z;53.286;53.316;938;938
2026-06-08T08:26:33.0000000Z;53.29;53.316;938;938
2026-06-08T08:27:01.0000000Z;53.29;53.318;938;938
2026-06-08T08:27:23.0000000Z;53.288;53.318;938;938
2026-06-08T08:27:33.0000000Z;53.288;53.316;938;938
2026-06-08T08:27:41.0000000Z;53.288;53.318;938;938
2026-06-08T08:27:51.0000000Z;53.286;53.318;938;938
2026-06-08T08:28:06.0000000Z;53.286;53.316;938;938
2026-06-08T08:28:22.0000000Z;53.286;53.314;938;938
2026-06-08T08:28:53.0000000Z;53.286;53.312;938;938
2026-06-08T08:29:03.0000000Z;53.286;53.314;938;938
2026-06-08T08:29:11.0000000Z;53.286;53.3;938;938
2026-06-08T08:29:42.0000000Z;53.286;53.3;938;938
2026-06-08T08:30:13.0000000Z;53.286;53.3;938;938
2026-06-08T08:30:31.0000000Z;53.29;53.3;938;938
2026-06-08T08:30:52.0000000Z;53.296;53.3;938;938
2026-06-08T08:31:23.0000000Z;53.296;53.3;938;938
2026-06-08T08:31:53.0000000Z;53.296;53.3;938;938
2026-06-08T08:32:24.0000000Z;53.296;53.3;938;938
2026-06-08T08:32:54.0000000Z;53.296;53.3;938;938
2026-06-08T08:33:25.0000000Z;53.296;53.3;938;938
2026-06-08T08:33:56.0000000Z;53.296;53.3;938;938
2026-06-08T08:34:26.0000000Z;53.296;53.3;938;938
2026-06-08T08:34:57.0000000Z;53.296;53.3;938;938
2026-06-08T08:35:27.0000000Z;53.296;53.3;938;938
2026-06-08T08:35:58.0000000Z;53.296;53.3;938;938
2026-06-08T08:36:28.0000000Z;53.296;53.3;938;938
2026-06-08T08:36:40.0000000Z;53.288;53.3;938;938
2026-06-08T08:37:10.0000000Z;53.288;53.3;938;938
2026-06-08T08:37:16.0000000Z;53.286;53.3;938;938
2026-06-08T08:37:47.0000000Z;53.286;53.3;938;938
2026-06-08T08:38:17.0000000Z;53.286;53.3;938;938
2026-06-08T08:38:48.0000000Z;53.286;53.3;938;938
2026-06-08T08:39:08.0000000Z;53.282;53.3;938;938
2026-06-08T08:39:10.0000000Z;53.286;53.3;938;938
2026-06-08T08:39:30.0000000Z;53.282;53.3;938;938
2026-06-08T08:39:36.0000000Z;53.284;53.3;938;938
2026-06-08T08:39:52.0000000Z;53.282;53.3;938;938
2026-06-08T08:40:16.0000000Z;53.286;53.3;938;938
2026-06-08T08:40:18.0000000Z;53.284;53.3;938;938
2026-06-08T08:40:49.0000000Z;53.284;53.3;938;938
2026-06-08T08:40:52.0000000Z;53.28;53.3;938;938
2026-06-08T08:40:54.0000000Z;53.276;53.3;938;938
2026-06-08T08:40:56.0000000Z;53.274;53.3;938;938
2026-06-08T08:41:19.0000000Z;53.278;53.3;938;938
2026-06-08T08:41:25.0000000Z;53.276;53.3;938;938
2026-06-08T08:41:29.0000000Z;53.274;53.3;938;938
2026-06-08T08:41:46.0000000Z;53.28;53.3;938;938
2026-06-08T08:41:48.0000000Z;53.28;53.298;938;938
2026-06-08T08:42:01.0000000Z;53.28;53.3;938;938
2026-06-08T08:42:16.0000000Z;53.28;53.298;938;938
2026-06-08T08:42:19.0000000Z;53.28;53.3;938;938
2026-06-08T08:42:50.0000000Z;53.28;53.3;938;938
2026-06-08T08:43:20.0000000Z;53.28;53.3;938;938
2026-06-08T08:43:47.0000000Z;53.284;53.3;938;938
2026-06-08T08:44:17.0000000Z;53.284;53.3;938;938
2026-06-08T08:44:48.0000000Z;53.284;53.3;938;938
2026-06-08T08:44:49.0000000Z;53.282;53.3;938;938
2026-06-08T08:45:19.0000000Z;53.282;53.3;938;938
2026-06-08T08:45:43.0000000Z;53.286;53.3;938;938
2026-06-08T08:46:13.0000000Z;53.286;53.3;938;938
2026-06-08T08:46:24.0000000Z;53.284;53.3;938;938
2026-06-08T08:46:54.0000000Z;53.284;53.3;938;938
2026-06-08T08:47:25.0000000Z;53.284;53.3;938;938
2026-06-08T08:47:42.0000000Z;53.28;53.3;938;938
2026-06-08T08:48:01.0000000Z;53.284;53.3;938;938
2026-06-08T08:48:05.0000000Z;53.282;53.3;938;938
2026-06-08T08:48:35.0000000Z;53.282;53.3;938;938
2026-06-08T08:48:56.0000000Z;53.286;53.3;938;938
2026-06-08T08:49:26.0000000Z;53.286;53.3;938;938
2026-06-08T08:49:45.0000000Z;53.284;53.3;938;938
2026-06-08T08:49:51.0000000Z;53.286;53.3;938;938
2026-06-08T08:50:22.0000000Z;53.286;53.3;938;938
2026-06-08T08:50:52.0000000Z;53.286;53.3;938;938
2026-06-08T08:51:23.0000000Z;53.286;53.3;938;938
2026-06-08T08:51:53.0000000Z;53.286;53.3;938;938
2026-06-08T08:52:24.0000000Z;53.286;53.316;938;938
2026-06-08T08:52:54.0000000Z;53.286;53.316;938;938
2026-06-08T08:52:59.0000000Z;53.286;53.314;938;938
2026-06-08T08:53:05.0000000Z;53.286;53.316;938;938
2026-06-08T08:53:06.0000000Z;53.286;53.314;938;938
2026-06-08T08:53:08.0000000Z;53.286;53.316;938;938
2026-06-08T08:53:12.0000000Z;53.286;53.314;938;938
2026-06-08T08:53:16.0000000Z;53.286;53.316;938;938
2026-06-08T08:53:46.0000000Z;53.286;53.316;938;938
2026-06-08T08:54:17.0000000Z;53.286;53.316;938;938
2026-06-08T08:54:47.0000000Z;53.286;53.316;938;938
2026-06-08T08:54:51.0000000Z;53.29;53.316;938;938
2026-06-08T08:54:52.0000000Z;53.29;53.318;938;938
2026-06-08T08:55:06.0000000Z;53.288;53.318;938;938
2026-06-08T08:55:15.0000000Z;53.288;53.314;938;938
2026-06-08T08:55:16.0000000Z;53.286;53.314;938;938
2026-06-08T08:55:46.0000000Z;53.286;53.314;938;938
2026-06-08T08:55:54.0000000Z;53.282;53.314;938;938
2026-06-08T08:55:57.0000000Z;53.286;53.314;938;938
2026-06-08T08:56:00.0000000Z;53.284;53.314;938;938
2026-06-08T08:56:16.0000000Z;53.288;53.314;938;938
2026-06-08T08:56:20.0000000Z;53.286;53.314;938;938
2026-06-08T08:56:28.0000000Z;53.286;53.312;938;938
2026-06-08T08:56:29.0000000Z;53.286;53.314;938;938
2026-06-08T08:56:30.0000000Z;53.284;53.314;938;938
2026-06-08T08:56:45.0000000Z;53.288;53.314;938;938
2026-06-08T08:56:52.0000000Z;53.288;53.318;938;938
2026-06-08T08:56:54.0000000Z;53.292;53.318;938;938
2026-06-08T08:56:56.0000000Z;53.29;53.318;938;938
2026-06-08T08:56:57.0000000Z;53.294;53.318;938;938
2026-06-08T08:57:28.0000000Z;53.294;53.318;938;938
2026-06-08T08:57:29.0000000Z;53.292;53.318;938;938
2026-06-08T08:57:53.0000000Z;53.296;53.318;938;938
2026-06-08T08:57:57.0000000Z;53.294;53.318;938;938
2026-06-08T08:58:16.0000000Z;53.296;53.318;938;938
2026-06-08T08:58:46.0000000Z;53.296;53.318;938;938
2026-06-08T08:59:00.0000000Z;53.298;53.318;938;938
2026-06-08T08:59:30.0000000Z;53.298;53.318;938;938
2026-06-08T08:59:31.0000000Z;53.3;53.318;938;938
2026-06-08T09:00:02.0000000Z;53.3;53.318;938;938
2026-06-08T09:00:32.0000000Z;53.3;53.318;938;938
2026-06-08T09:01:03.0000000Z;53.3;53.318;938;938
2026-06-08T09:01:08.0000000Z;53.302;53.318;938;938
2026-06-08T09:01:38.0000000Z;53.302;53.318;938;938
2026-06-08T09:02:09.0000000Z;53.302;53.318;938;938
2026-06-08T09:02:15.0000000Z;53.302;53.316;938;938
2026-06-08T09:02:17.0000000Z;53.302;53.318;938;938
2026-06-08T09:02:18.0000000Z;53.302;53.314;938;938
2026-06-08T09:02:19.0000000Z;53.302;53.316;938;938
2026-06-08T09:02:20.0000000Z;53.302;53.314;938;938
2026-06-08T09:02:22.0000000Z;53.302;53.316;938;938
2026-06-08T09:02:42.0000000Z;53.302;53.318;938;938
2026-06-08T09:03:12.0000000Z;53.302;53.318;938;938
2026-06-08T09:03:43.0000000Z;53.302;53.318;938;938
2026-06-08T09:04:13.0000000Z;53.302;53.318;938;938
2026-06-08T09:04:44.0000000Z;53.302;53.318;938;938
2026-06-08T09:05:14.0000000Z;53.302;53.318;938;938
2026-06-08T09:05:45.0000000Z;53.302;53.318;938;938
2026-06-08T09:06:15.0000000Z;53.302;53.318;938;938
2026-06-08T09:06:46.0000000Z;53.302;53.318;938;938
2026-06-08T09:07:07.0000000Z;53.302;53.314;938;938
2026-06-08T09:07:11.0000000Z;53.302;53.316;938;938
2026-06-08T09:07:41.0000000Z;53.302;53.316;938;938
2026-06-08T09:08:11.0000000Z;53.302;53.316;938;938
2026-06-08T09:08:42.0000000Z;53.302;53.316;938;938
2026-06-08T09:09:13.0000000Z;53.302;53.316;938;938
2026-06-08T09:09:43.0000000Z;53.302;53.316;938;938
2026-06-08T09:10:04.0000000Z;53.302;53.314;938;938
2026-06-08T09:10:31.0000000Z;53.302;53.316;938;938
2026-06-08T09:11:01.0000000Z;53.302;53.316;938;938
2026-06-08T09:11:05.0000000Z;53.302;53.314;938;938
2026-06-08T09:11:28.0000000Z;53.302;53.316;938;938
2026-06-08T09:11:45.0000000Z;53.302;53.314;938;938
2026-06-08T09:11:48.0000000Z;53.302;53.314;938;938
2026-06-08T09:11:50.0000000Z;53.302;53.316;938;938
2026-06-08T09:12:17.0000000Z;53.302;53.314;938;938
2026-06-08T09:12:18.0000000Z;53.302;53.316;938;938
2026-06-08T09:12:26.0000000Z;53.302;53.314;938;938
2026-06-08T09:12:32.0000000Z;53.302;53.316;938;938
2026-06-08T09:12:34.0000000Z;53.302;53.314;938;938
2026-06-08T09:12:35.0000000Z;53.302;53.316;938;938
2026-06-08T09:13:03.0000000Z;53.302;53.316;938;938
2026-06-08T09:13:33.0000000Z;53.302;53.316;938;938
2026-06-08T09:13:52.0000000Z;53.302;53.318;938;938
2026-06-08T09:14:23.0000000Z;53.302;53.318;938;938
2026-06-08T09:14:54.0000000Z;53.302;53.318;938;938
2026-06-08T09:15:24.0000000Z;53.302;53.318;938;938
2026-06-08T09:15:55.0000000Z;53.302;53.318;938;938
2026-06-08T09:16:26.0000000Z;53.302;53.318;938;938
2026-06-08T09:16:56.0000000Z;53.302;53.318;938;938
2026-06-08T09:17:27.0000000Z;53.302;53.318;938;938
2026-06-08T09:17:57.0000000Z;53.302;53.318;938;938
2026-06-08T09:18:28.0000000Z;53.302;53.318;938;938
2026-06-08T09:18:58.0000000Z;53.302;53.318;938;938
2026-06-08T09:19:29.0000000Z;53.302;53.318;938;938
2026-06-08T09:19:59.0000000Z;53.302;53.318;938;938
2026-06-08T09:20:30.0000000Z;53.302;53.318;938;938
2026-06-08T09:21:01.0000000Z;53.302;53.318;938;938
2026-06-08T09:21:20.0000000Z;53.304;53.318;938;938
2026-06-08T09:21:50.0000000Z;53.306;53.318;938;938
2026-06-08T09:22:21.0000000Z;53.306;53.318;938;938
2026-06-08T09:22:51.0000000Z;53.306;53.318;938;938
2026-06-08T09:23:22.0000000Z;53.306;53.318;938;938
2026-06-08T09:23:53.0000000Z;53.306;53.318;938;938
2026-06-08T09:24:23.0000000Z;53.306;53.318;938;938
2026-06-08T09:24:54.0000000Z;53.306;53.318;938;938
2026-06-08T09:25:24.0000000Z;53.306;53.318;938;938
2026-06-08T09:25:55.0000000Z;53.306;53.318;938;938
2026-06-08T09:26:25.0000000Z;53.306;53.318;938;938
2026-06-08T09:26:56.0000000Z;53.306;53.318;938;938
2026-06-08T09:27:27.0000000Z;53.306;53.318;938;938
2026-06-08T09:27:57.0000000Z;53.306;53.318;938;938
2026-06-08T09:28:28.0000000Z;53.306;53.318;938;938
2026-06-08T09:28:58.0000000Z;53.306;53.318;938;938
2026-06-08T09:29:29.0000000Z;53.306;53.318;938;938
2026-06-08T09:30:00.0000000Z;53.306;53.318;938;938
2026-06-08T09:30:30.0000000Z;53.306;53.318;938;938
2026-06-08T09:31:01.0000000Z;53.306;53.318;938;938
2026-06-08T09:31:31.0000000Z;53.306;53.318;938;938
2026-06-08T09:32:02.0000000Z;53.306;53.318;938;938
2026-06-08T09:32:32.0000000Z;53.306;53.318;938;938
2026-06-08T09:32:55.0000000Z;53.306;53.32;938;938
2026-06-08T09:33:07.0000000Z;53.306;53.318;938;938
2026-06-08T09:33:09.0000000Z;53.308;53.318;938;938
2026-06-08T09:33:39.0000000Z;53.308;53.318;938;938
2026-06-08T09:34:10.0000000Z;53.308;53.318;938;938
2026-06-08T09:34:41.0000000Z;53.308;53.318;938;938
2026-06-08T09:35:11.0000000Z;53.308;53.318;938;938
2026-06-08T09:35:42.0000000Z;53.308;53.318;938;938
2026-06-08T09:36:12.0000000Z;53.308;53.318;938;938
2026-06-08T09:36:24.0000000Z;53.308;53.322;938;938
2026-06-08T09:36:34.0000000Z;53.308;53.324;938;938
2026-06-08T09:36:38.0000000Z;53.308;53.326;938;938
2026-06-08T09:36:44.0000000Z;53.308;53.352;938;938
2026-06-08T09:36:48.0000000Z;53.316;53.346;938;938
2026-06-08T09:36:52.0000000Z;53.316;53.342;938;938
2026-06-08T09:36:56.0000000Z;53.316;53.344;938;938
2026-06-08T09:37:00.0000000Z;53.316;53.344;938;938
2026-06-08T09:37:02.0000000Z;53.316;53.342;938;938
2026-06-08T09:37:03.0000000Z;53.316;53.34;938;938
2026-06-08T09:37:20.0000000Z;53.316;53.342;938;938
2026-06-08T09:37:22.0000000Z;53.316;53.34;938;938
2026-06-08T09:37:25.0000000Z;53.316;53.34;938;938
2026-06-08T09:37:31.0000000Z;53.316;53.336;938;938
2026-06-08T09:37:32.0000000Z;53.316;53.336;938;938
2026-06-08T09:37:35.0000000Z;53.316;53.338;938;938
2026-06-08T09:37:39.0000000Z;53.316;53.336;938;938
2026-06-08T09:37:43.0000000Z;53.316;53.334;938;938
2026-06-08T09:37:44.0000000Z;53.316;53.332;938;938
2026-06-08T09:37:47.0000000Z;53.316;53.328;938;938
2026-06-08T09:37:55.0000000Z;53.316;53.332;938;938
2026-06-08T09:38:06.0000000Z;53.316;53.33;938;938
2026-06-08T09:38:07.0000000Z;53.316;53.328;938;938
2026-06-08T09:38:10.0000000Z;53.316;53.33;938;938
2026-06-08T09:38:32.0000000Z;53.316;53.332;938;938
2026-06-08T09:38:46.0000000Z;53.316;53.33;938;938
2026-06-08T09:39:02.0000000Z;53.316;53.332;938;938
2026-06-08T09:39:13.0000000Z;53.316;53.34;938;938
2026-06-08T09:39:42.0000000Z;53.316;53.336;938;938
2026-06-08T09:39:49.0000000Z;53.31;53.338;938;938
2026-06-08T09:39:57.0000000Z;53.308;53.338;938;938
2026-06-08T09:39:59.0000000Z;53.308;53.34;938;938
2026-06-08T09:40:07.0000000Z;53.31;53.34;938;938
2026-06-08T09:40:15.0000000Z;53.314;53.342;938;938
2026-06-08T09:40:17.0000000Z;53.314;53.344;938;938
2026-06-08T09:40:21.0000000Z;53.312;53.344;938;938
2026-06-08T09:40:22.0000000Z;53.312;53.34;938;938
2026-06-08T09:40:23.0000000Z;53.31;53.34;938;938
2026-06-08T09:40:37.0000000Z;53.314;53.342;938;938
2026-06-08T09:40:38.0000000Z;53.316;53.342;938;938
2026-06-08T09:40:51.0000000Z;53.316;53.344;938;938
2026-06-08T09:40:53.0000000Z;53.316;53.342;938;938
2026-06-08T09:40:57.0000000Z;53.316;53.34;938;938
2026-06-08T09:40:58.0000000Z;53.316;53.342;938;938
2026-06-08T09:41:01.0000000Z;53.316;53.34;938;938
2026-06-08T09:41:02.0000000Z;53.316;53.342;938;938
2026-06-08T09:41:11.0000000Z;53.316;53.34;938;938
2026-06-08T09:41:42.0000000Z;53.316;53.34;938;938
2026-06-08T09:41:51.0000000Z;53.316;53.338;938;938
2026-06-08T09:41:55.0000000Z;53.316;53.34;938;938
2026-06-08T09:42:25.0000000Z;53.316;53.34;938;938
2026-06-08T09:42:33.0000000Z;53.316;53.342;938;938
2026-06-08T09:42:41.0000000Z;53.316;53.344;938;938
2026-06-08T09:42:51.0000000Z;53.316;53.346;938;938
2026-06-08T09:42:57.0000000Z;53.316;53.348;938;938
2026-06-08T09:42:58.0000000Z;53.32;53.348;938;938
2026-06-08T09:42:59.0000000Z;53.32;53.35;938;938
2026-06-08T09:43:03.0000000Z;53.32;53.348;938;938
2026-06-08T09:43:20.0000000Z;53.32;53.35;938;938
2026-06-08T09:43:38.0000000Z;53.324;53.35;938;938
2026-06-08T09:43:40.0000000Z;53.324;53.352;938;938
2026-06-08T09:43:56.0000000Z;53.324;53.35;938;938
2026-06-08T09:44:14.0000000Z;53.324;53.348;938;938
2026-06-08T09:44:15.0000000Z;53.324;53.35;938;938
2026-06-08T09:44:26.0000000Z;53.324;53.352;938;938
2026-06-08T09:44:32.0000000Z;53.324;53.35;938;938
2026-06-08T09:45:00.0000000Z;53.324;53.348;938;938
2026-06-08T09:45:08.0000000Z;53.324;53.35;938;938
2026-06-08T09:45:09.0000000Z;53.324;53.348;938;938
2026-06-08T09:45:24.0000000Z;53.324;53.35;938;938
2026-06-08T09:45:26.0000000Z;53.324;53.352;938;938
2026-06-08T09:45:34.0000000Z;53.324;53.35;938;938
2026-06-08T09:45:38.0000000Z;53.324;53.352;938;938
2026-06-08T09:46:08.0000000Z;53.324;53.352;938;938
2026-06-08T09:46:27.0000000Z;53.324;53.35;938;938
2026-06-08T09:46:32.0000000Z;53.324;53.352;938;938
2026-06-08T09:47:03.0000000Z;53.324;53.352;938;938
2026-06-08T09:47:34.0000000Z;53.324;53.352;938;938
2026-06-08T09:47:57.0000000Z;53.324;53.354;938;938
2026-06-08T09:48:27.0000000Z;53.324;53.354;938;938
2026-06-08T09:48:44.0000000Z;53.328;53.354;938;938
2026-06-08T09:48:45.0000000Z;53.328;53.356;938;938
2026-06-08T09:48:55.0000000Z;53.328;53.354;938;938
2026-06-08T09:49:18.0000000Z;53.328;53.352;938;938
2026-06-08T09:49:48.0000000Z;53.328;53.352;938;938
2026-06-08T09:50:19.0000000Z;53.328;53.352;938;938
2026-06-08T09:50:39.0000000Z;53.328;53.356;938;938
2026-06-08T09:51:01.0000000Z;53.328;53.354;938;938
2026-06-08T09:51:12.0000000Z;53.328;53.352;938;938
2026-06-08T09:51:23.0000000Z;53.328;53.354;938;938
2026-06-08T09:51:32.0000000Z;53.328;53.352;938;938
2026-06-08T09:51:46.0000000Z;53.328;53.354;938;938
2026-06-08T09:52:16.0000000Z;53.328;53.356;938;938
2026-06-08T09:52:25.0000000Z;53.328;53.354;938;938
2026-06-08T09:52:55.0000000Z;53.328;53.354;938;938
2026-06-08T09:53:01.0000000Z;53.328;53.352;938;938
2026-06-08T09:53:08.0000000Z;53.328;53.35;938;938
2026-06-08T09:53:16.0000000Z;53.328;53.352;938;938
2026-06-08T09:53:47.0000000Z;53.328;53.352;938;938
2026-06-08T09:53:52.0000000Z;53.328;53.354;938;938
2026-06-08T09:53:55.0000000Z;53.328;53.352;938;938
2026-06-08T09:54:02.0000000Z;53.328;53.354;938;938
2026-06-08T09:54:06.0000000Z;53.328;53.356;938;938
2026-06-08T09:54:16.0000000Z;53.328;53.354;938;938
2026-06-08T09:54:26.0000000Z;53.328;53.352;938;938
2026-06-08T09:54:57.0000000Z;53.328;53.352;938;938
2026-06-08T09:55:28.0000000Z;53.328;53.352;938;938
2026-06-08T09:55:52.0000000Z;53.328;53.354;938;938
2026-06-08T09:55:55.0000000Z;53.328;53.354;938;938
2026-06-08T09:55:59.0000000Z;53.328;53.352;938;938
2026-06-08T09:56:30.0000000Z;53.328;53.352;938;938
2026-06-08T09:56:50.0000000Z;53.328;53.35;938;938
2026-06-08T09:57:21.0000000Z;53.328;53.35;938;938
2026-06-08T09:57:28.0000000Z;53.328;53.348;938;938
2026-06-08T09:57:45.0000000Z;53.328;53.35;938;938
2026-06-08T09:57:48.0000000Z;53.328;53.348;938;938
2026-06-08T09:58:19.0000000Z;53.328;53.348;938;938
2026-06-08T09:58:21.0000000Z;53.328;53.35;938;938
2026-06-08T09:58:23.0000000Z;53.328;53.352;938;938
2026-06-08T09:58:29.0000000Z;53.328;53.354;938;938
2026-06-08T09:58:39.0000000Z;53.328;53.352;938;938
2026-06-08T09:59:10.0000000Z;53.328;53.352;938;938
2026-06-08T09:59:18.0000000Z;53.328;53.35;938;938
2026-06-08T09:59:19.0000000Z;53.328;53.352;938;938
2026-06-08T09:59:20.0000000Z;53.328;53.352;938;938
2026-06-08T09:59:22.0000000Z;53.328;53.35;938;938
2026-06-08T09:59:29.0000000Z;53.328;53.352;938;938
2026-06-08T09:59:46.0000000Z;53.328;53.35;938;938
2026-06-08T09:59:47.0000000Z;53.328;53.348;938;938
2026-06-08T09:59:55.0000000Z;53.328;53.35;938;938
2026-06-08T09:59:59.0000000Z;53.328;53.352;938;938
2026-06-08T10:00:18.0000000Z;53.328;53.35;938;938
2026-06-08T10:00:32.0000000Z;53.328;53.352;938;938
2026-06-08T10:00:39.0000000Z;53.328;53.35;938;938
2026-06-08T10:01:02.0000000Z;53.328;53.348;938;938
2026-06-08T10:01:32.0000000Z;53.328;53.348;938;938
2026-06-08T10:01:42.0000000Z;53.328;53.35;938;938
2026-06-08T10:01:48.0000000Z;53.328;53.352;938;938
2026-06-08T10:02:00.0000000Z;53.328;53.348;938;938
2026-06-08T10:02:02.0000000Z;53.328;53.344;938;938
2026-06-08T10:02:06.0000000Z;53.328;53.342;938;938
2026-06-08T10:02:07.0000000Z;53.328;53.336;938;938
2026-06-08T10:02:09.0000000Z;53.328;53.334;938;938
2026-06-08T10:02:12.0000000Z;53.328;53.338;938;938
2026-06-08T10:02:21.0000000Z;53.328;53.336;938;938
2026-06-08T10:02:22.0000000Z;53.328;53.336;938;938
2026-06-08T10:02:24.0000000Z;53.328;53.338;938;938
2026-06-08T10:02:28.0000000Z;53.328;53.34;938;938
2026-06-08T10:02:29.0000000Z;53.328;53.338;938;938
2026-06-08T10:02:30.0000000Z;53.328;53.34;938;938
2026-06-08T10:02:33.0000000Z;53.328;53.338;938;938
2026-06-08T10:02:48.0000000Z;53.328;53.34;938;938
2026-06-08T10:02:54.0000000Z;53.328;53.342;938;938
2026-06-08T10:02:58.0000000Z;53.328;53.344;938;938
2026-06-08T10:03:00.0000000Z;53.328;53.346;938;938
2026-06-08T10:03:06.0000000Z;53.328;53.344;938;938
2026-06-08T10:03:36.0000000Z;53.328;53.344;938;938
2026-06-08T10:03:46.0000000Z;53.328;53.348;938;938
2026-06-08T10:03:47.0000000Z;53.328;53.346;938;938
2026-06-08T10:03:49.0000000Z;53.328;53.344;938;938
2026-06-08T10:03:58.0000000Z;53.328;53.346;938;938
2026-06-08T10:04:01.0000000Z;53.328;53.344;938;938
2026-06-08T10:04:07.0000000Z;53.328;53.342;938;938
2026-06-08T10:04:08.0000000Z;53.328;53.342;938;938
2026-06-08T10:04:10.0000000Z;53.328;53.344;938;938
2026-06-08T10:04:41.0000000Z;53.328;53.344;938;938
2026-06-08T10:05:11.0000000Z;53.328;53.344;938;938
2026-06-08T10:05:15.0000000Z;53.328;53.346;938;938
2026-06-08T10:05:21.0000000Z;53.328;53.348;938;938
2026-06-08T10:05:33.0000000Z;53.328;53.35;938;938
2026-06-08T10:05:35.0000000Z;53.328;53.348;938;938
2026-06-08T10:05:39.0000000Z;53.328;53.35;938;938
2026-06-08T10:05:41.0000000Z;53.328;53.348;938;938
2026-06-08T10:06:05.0000000Z;53.328;53.348;938;938
2026-06-08T10:06:25.0000000Z;53.328;53.35;938;938
2026-06-08T10:06:43.0000000Z;53.328;53.352;938;938
2026-06-08T10:06:53.0000000Z;53.328;53.354;938;938
2026-06-08T10:07:23.0000000Z;53.328;53.354;938;938
2026-06-08T10:07:54.0000000Z;53.328;53.354;938;938
2026-06-08T10:08:01.0000000Z;53.328;53.358;938;938
2026-06-08T10:08:02.0000000Z;53.328;53.354;938;938
2026-06-08T10:08:07.0000000Z;53.328;53.358;938;938
2026-06-08T10:08:15.0000000Z;53.328;53.356;938;938
2026-06-08T10:08:44.0000000Z;53.328;53.354;938;938
2026-06-08T10:09:11.0000000Z;53.328;53.356;938;938
2026-06-08T10:09:42.0000000Z;53.328;53.354;938;938
2026-06-08T10:09:56.0000000Z;53.328;53.352;938;938
2026-06-08T10:09:57.0000000Z;53.328;53.354;938;938
2026-06-08T10:10:25.0000000Z;53.328;53.354;938;938
2026-06-08T10:10:56.0000000Z;53.328;53.354;938;938
2026-06-08T10:11:27.0000000Z;53.328;53.354;938;938
2026-06-08T10:11:57.0000000Z;53.328;53.354;938;938
2026-06-08T10:12:06.0000000Z;53.328;53.356;938;938
2026-06-08T10:12:26.0000000Z;53.328;53.354;938;938
2026-06-08T10:12:48.0000000Z;53.328;53.356;938;938
2026-06-08T10:13:07.0000000Z;53.328;53.354;938;938
2026-06-08T10:13:38.0000000Z;53.328;53.354;938;938
2026-06-08T10:14:09.0000000Z;53.328;53.354;938;938
2026-06-08T10:14:39.0000000Z;53.328;53.354;938;938
2026-06-08T10:14:45.0000000Z;53.328;53.35;938;938
2026-06-08T10:14:49.0000000Z;53.328;53.354;938;938
2026-06-08T10:15:20.0000000Z;53.328;53.354;938;938
2026-06-08T10:15:50.0000000Z;53.328;53.354;938;938
2026-06-08T10:16:04.0000000Z;53.328;53.35;938;938
2026-06-08T10:16:34.0000000Z;53.328;53.35;938;938
2026-06-08T10:16:36.0000000Z;53.328;53.348;938;938
2026-06-08T10:16:38.0000000Z;53.328;53.346;938;938
2026-06-08T10:16:41.0000000Z;53.328;53.344;938;938
2026-06-08T10:16:59.0000000Z;53.328;53.342;938;938
2026-06-08T10:17:06.0000000Z;53.328;53.34;938;938
2026-06-08T10:17:09.0000000Z;53.328;53.338;938;938
2026-06-08T10:17:23.0000000Z;53.328;53.34;938;938
2026-06-08T10:17:54.0000000Z;53.328;53.34;938;938
2026-06-08T10:18:24.0000000Z;53.328;53.34;938;938
2026-06-08T10:18:55.0000000Z;53.328;53.34;938;938
2026-06-08T10:19:25.0000000Z;53.328;53.34;938;938
2026-06-08T10:19:42.0000000Z;53.328;53.342;938;938
2026-06-08T10:19:52.0000000Z;53.328;53.338;938;938
2026-06-08T10:20:18.0000000Z;53.328;53.342;938;938
2026-06-08T10:20:24.0000000Z;53.328;53.34;938;938
2026-06-08T10:20:39.0000000Z;53.328;53.338;938;938
2026-06-08T10:20:56.0000000Z;53.328;53.34;938;938
2026-06-08T10:20:58.0000000Z;53.328;53.342;938;938
2026-06-08T10:21:06.0000000Z;53.328;53.342;938;938
2026-06-08T10:21:29.0000000Z;53.328;53.342;938;938
2026-06-08T10:21:59.0000000Z;53.328;53.34;938;938
2026-06-08T10:22:01.0000000Z;53.328;53.338;938;938
2026-06-08T10:22:05.0000000Z;53.328;53.34;938;938
2026-06-08T10:22:11.0000000Z;53.328;53.342;938;938
2026-06-08T10:22:19.0000000Z;53.328;53.338;938;938
2026-06-08T10:22:20.0000000Z;53.328;53.34;938;938
2026-06-08T10:22:25.0000000Z;53.328;53.342;938;938
2026-06-08T10:22:27.0000000Z;53.328;53.34;938;938
2026-06-08T10:22:31.0000000Z;53.328;53.338;938;938
2026-06-08T10:22:51.0000000Z;53.328;53.336;938;938
2026-06-08T10:23:21.0000000Z;53.328;53.336;938;938
2026-06-08T10:23:27.0000000Z;53.328;53.338;938;938
2026-06-08T10:23:41.0000000Z;53.328;53.34;938;938
2026-06-08T10:23:51.0000000Z;53.328;53.342;938;938
2026-06-08T10:24:06.0000000Z;53.328;53.34;938;938
2026-06-08T10:24:37.0000000Z;53.328;53.34;938;938
2026-06-08T10:24:44.0000000Z;53.328;53.338;938;938
2026-06-08T10:25:13.0000000Z;53.328;53.34;938;938
2026-06-08T10:25:23.0000000Z;53.328;53.342;938;938
2026-06-08T10:25:24.0000000Z;53.328;53.342;938;938
2026-06-08T10:25:29.0000000Z;53.328;53.344;938;938
2026-06-08T10:25:31.0000000Z;53.328;53.342;938;938
2026-06-08T10:25:45.0000000Z;53.328;53.344;938;938
2026-06-08T10:26:14.0000000Z;53.328;53.342;938;938
2026-06-08T10:26:30.0000000Z;53.328;53.344;938;938
2026-06-08T10:27:00.0000000Z;53.328;53.344;938;938
2026-06-08T10:27:06.0000000Z;53.328;53.342;938;938
2026-06-08T10:27:37.0000000Z;53.328;53.342;938;938
2026-06-08T10:27:46.0000000Z;53.328;53.346;938;938
2026-06-08T10:28:17.0000000Z;53.328;53.346;938;938
2026-06-08T10:28:47.0000000Z;53.328;53.346;938;938
2026-06-08T10:29:08.0000000Z;53.328;53.35;938;938
2026-06-08T10:29:26.0000000Z;53.328;53.352;938;938
2026-06-08T10:29:30.0000000Z;53.328;53.35;938;938
2026-06-08T10:29:35.0000000Z;53.328;53.348;938;938
2026-06-08T10:29:40.0000000Z;53.328;53.35;938;938
2026-06-08T10:29:46.0000000Z;53.328;53.352;938;938
2026-06-08T10:29:49.0000000Z;53.328;53.35;938;938
2026-06-08T10:29:59.0000000Z;53.328;53.348;938;938
2026-06-08T10:30:02.0000000Z;53.328;53.346;938;938
2026-06-08T10:30:23.0000000Z;53.328;53.344;938;938
2026-06-08T10:30:35.0000000Z;53.328;53.346;938;938
2026-06-08T10:31:06.0000000Z;53.328;53.346;938;938
2026-06-08T10:31:24.0000000Z;53.328;53.344;938;938
2026-06-08T10:31:27.0000000Z;53.328;53.342;938;938
2026-06-08T10:31:33.0000000Z;53.328;53.344;938;938
2026-06-08T10:32:04.0000000Z;53.328;53.344;938;938
2026-06-08T10:32:05.0000000Z;53.328;53.346;938;938
2026-06-08T10:32:16.0000000Z;53.328;53.344;938;938
2026-06-08T10:32:38.0000000Z;53.328;53.342;938;938
2026-06-08T10:33:09.0000000Z;53.328;53.342;938;938
2026-06-08T10:33:11.0000000Z;53.328;53.344;938;938
2026-06-08T10:33:25.0000000Z;53.328;53.346;938;938
2026-06-08T10:33:31.0000000Z;53.328;53.348;938;938
2026-06-08T10:33:44.0000000Z;53.328;53.352;938;938
2026-06-08T10:34:14.0000000Z;53.336;53.396;938;938
2026-06-08T10:34:17.0000000Z;53.36;53.394;938;938
2026-06-08T10:34:22.0000000Z;53.354;53.384;938;938
2026-06-08T10:34:24.0000000Z;53.352;53.384;938;938
2026-06-08T10:34:26.0000000Z;53.356;53.384;938;938
2026-06-08T10:34:28.0000000Z;53.358;53.386;938;938
2026-06-08T10:34:30.0000000Z;53.364;53.398;938;938
2026-06-08T10:34:33.0000000Z;53.364;53.394;938;938
2026-06-08T10:34:34.0000000Z;53.36;53.394;938;938
2026-06-08T10:34:35.0000000Z;53.362;53.394;938;938
2026-06-08T10:34:36.0000000Z;53.362;53.398;938;938
2026-06-08T10:34:38.0000000Z;53.36;53.388;938;938
2026-06-08T10:34:41.0000000Z;53.358;53.388;938;938
2026-06-08T10:34:42.0000000Z;53.356;53.388;938;938
2026-06-08T10:34:44.0000000Z;53.354;53.388;938;938
2026-06-08T10:34:46.0000000Z;53.354;53.382;938;938
2026-06-08T10:34:48.0000000Z;53.35;53.382;938;938
2026-06-08T10:34:52.0000000Z;53.348;53.382;938;938
2026-06-08T10:34:53.0000000Z;53.348;53.378;938;938
2026-06-08T10:34:54.0000000Z;53.346;53.378;938;938
2026-06-08T10:34:57.0000000Z;53.346;53.376;938;938
2026-06-08T10:34:58.0000000Z;53.344;53.376;938;938
2026-06-08T10:35:04.0000000Z;53.338;53.376;938;938
2026-06-08T10:35:05.0000000Z;53.346;53.37;938;938
2026-06-08T10:35:08.0000000Z;53.346;53.368;938;938
2026-06-08T10:35:14.0000000Z;53.346;53.37;938;938
2026-06-08T10:35:16.0000000Z;53.346;53.368;938;938
2026-06-08T10:35:19.0000000Z;53.346;53.366;938;938
2026-06-08T10:35:22.0000000Z;53.346;53.368;938;938
2026-06-08T10:35:27.0000000Z;53.346;53.37;938;938
2026-06-08T10:35:28.0000000Z;53.346;53.372;938;938
2026-06-08T10:35:35.0000000Z;53.346;53.37;938;938
2026-06-08T10:35:36.0000000Z;53.346;53.37;938;938
2026-06-08T10:35:38.0000000Z;53.346;53.372;938;938
2026-06-08T10:35:43.0000000Z;53.346;53.37;938;938
2026-06-08T10:35:46.0000000Z;53.346;53.368;938;938
2026-06-08T10:36:17.0000000Z;53.346;53.368;938;938
2026-06-08T10:36:32.0000000Z;53.346;53.37;938;938
2026-06-08T10:36:45.0000000Z;53.346;53.372;938;938
2026-06-08T10:36:52.0000000Z;53.346;53.374;938;938
2026-06-08T10:36:57.0000000Z;53.346;53.372;938;938
2026-06-08T10:37:06.0000000Z;53.346;53.374;938;938
2026-06-08T10:37:09.0000000Z;53.37;53.374;938;938
2026-06-08T10:37:17.0000000Z;53.37;53.372;938;938
2026-06-08T10:37:30.0000000Z;53.338;53.37;938;938
2026-06-08T10:37:32.0000000Z;53.342;53.37;938;938
2026-06-08T10:37:33.0000000Z;53.34;53.37;938;938
2026-06-08T10:37:47.0000000Z;53.34;53.372;938;938
2026-06-08T10:37:50.0000000Z;53.34;53.37;938;938
2026-06-08T10:37:52.0000000Z;53.34;53.368;938;938
2026-06-08T10:37:53.0000000Z;53.338;53.37;938;938
2026-06-08T10:37:59.0000000Z;53.338;53.368;938;938
2026-06-08T10:38:21.0000000Z;53.338;53.366;938;938
2026-06-08T10:38:23.0000000Z;53.334;53.366;938;938
2026-06-08T10:38:32.0000000Z;53.338;53.366;938;938
2026-06-08T10:38:35.0000000Z;53.338;53.368;938;938
2026-06-08T10:38:45.0000000Z;53.338;53.37;938;938
2026-06-08T10:39:14.0000000Z;53.338;53.368;938;938
2026-06-08T10:39:19.0000000Z;53.338;53.37;938;938
2026-06-08T10:39:34.0000000Z;53.338;53.368;938;938
2026-06-08T10:40:04.0000000Z;53.338;53.366;938;938
2026-06-08T10:40:05.0000000Z;53.336;53.366;938;938
2026-06-08T10:40:09.0000000Z;53.336;53.368;938;938
2026-06-08T10:40:11.0000000Z;53.336;53.366;938;938
2026-06-08T10:40:22.0000000Z;53.336;53.368;938;938
2026-06-08T10:40:31.0000000Z;53.336;53.368;938;938
2026-06-08T10:40:33.0000000Z;53.336;53.366;938;938
2026-06-08T10:40:57.0000000Z;53.336;53.368;938;938
2026-06-08T10:41:22.0000000Z;53.338;53.368;938;938
2026-06-08T10:41:23.0000000Z;53.338;53.37;938;938
2026-06-08T10:41:28.0000000Z;53.338;53.368;938;938
2026-06-08T10:41:53.0000000Z;53.338;53.37;938;938
2026-06-08T10:41:55.0000000Z;53.338;53.368;938;938
2026-06-08T10:42:01.0000000Z;53.338;53.368;938;938
2026-06-08T10:42:23.0000000Z;53.336;53.368;938;938
2026-06-08T10:42:24.0000000Z;53.336;53.366;938;938
2026-06-08T10:42:31.0000000Z;53.336;53.368;938;938
2026-06-08T10:42:38.0000000Z;53.34;53.368;938;938
2026-06-08T10:43:09.0000000Z;53.34;53.368;938;938
2026-06-08T10:43:25.0000000Z;53.34;53.37;938;938
2026-06-08T10:43:56.0000000Z;53.34;53.37;938;938
2026-06-08T10:44:12.0000000Z;53.34;53.368;938;938
2026-06-08T10:44:13.0000000Z;53.338;53.368;938;938
2026-06-08T10:44:30.0000000Z;53.336;53.366;938;938
2026-06-08T10:44:32.0000000Z;53.336;53.366;938;938
2026-06-08T10:44:44.0000000Z;53.336;53.364;938;938
2026-06-08T10:44:46.0000000Z;53.334;53.364;938;938
2026-06-08T10:45:08.0000000Z;53.338;53.366;938;938
2026-06-08T10:45:10.0000000Z;53.338;53.368;938;938
2026-06-08T10:45:34.0000000Z;53.338;53.366;938;938
2026-06-08T10:45:36.0000000Z;53.336;53.366;938;938
2026-06-08T10:45:42.0000000Z;53.336;53.364;938;938
2026-06-08T10:45:44.0000000Z;53.334;53.364;938;938
2026-06-08T10:46:00.0000000Z;53.332;53.364;938;938
2026-06-08T10:46:27.0000000Z;53.332;53.362;938;938
2026-06-08T10:46:39.0000000Z;53.332;53.36;938;938
2026-06-08T10:46:40.0000000Z;53.33;53.36;938;938
2026-06-08T10:46:49.0000000Z;53.33;53.358;938;938
2026-06-08T10:46:52.0000000Z;53.328;53.358;938;938
2026-06-08T10:47:23.0000000Z;53.328;53.358;938;938
2026-06-08T10:47:53.0000000Z;53.328;53.358;938;938
2026-06-08T10:48:05.0000000Z;53.328;53.36;938;938
2026-06-08T10:48:16.0000000Z;53.332;53.36;938;938
2026-06-08T10:48:29.0000000Z;53.33;53.36;938;938
2026-06-08T10:48:41.0000000Z;53.33;53.362;938;938
2026-06-08T10:49:12.0000000Z;53.33;53.362;938;938
2026-06-08T10:49:42.0000000Z;53.33;53.362;938;938
2026-06-08T10:49:54.0000000Z;53.33;53.36;938;938
2026-06-08T10:50:02.0000000Z;53.33;53.358;938;938
2026-06-08T10:50:03.0000000Z;53.328;53.358;938;938
2026-06-08T10:50:25.0000000Z;53.328;53.36;938;938
2026-06-08T10:50:42.0000000Z;53.328;53.358;938;938
2026-06-08T10:50:47.0000000Z;53.328;53.36;938;938
2026-06-08T10:50:48.0000000Z;53.328;53.358;938;938
2026-06-08T10:51:01.0000000Z;53.328;53.356;938;938
2026-06-08T10:51:04.0000000Z;53.326;53.356;938;938
2026-06-08T10:51:05.0000000Z;53.324;53.354;938;938
2026-06-08T10:51:10.0000000Z;53.324;53.352;938;938
2026-06-08T10:51:13.0000000Z;53.324;53.354;938;938
2026-06-08T10:51:19.0000000Z;53.324;53.356;938;938
2026-06-08T10:51:30.0000000Z;53.324;53.354;938;938
2026-06-08T10:51:39.0000000Z;53.324;53.352;938;938
2026-06-08T10:51:49.0000000Z;53.324;53.354;938;938
2026-06-08T10:51:57.0000000Z;53.324;53.356;938;938
2026-06-08T10:52:25.0000000Z;53.328;53.356;938;938
2026-06-08T10:52:27.0000000Z;53.328;53.358;938;938
2026-06-08T10:52:58.0000000Z;53.328;53.358;938;938
2026-06-08T10:53:28.0000000Z;53.328;53.358;938;938
2026-06-08T10:53:38.0000000Z;53.328;53.36;938;938
2026-06-08T10:53:55.0000000Z;53.332;53.36;938;938
2026-06-08T10:53:58.0000000Z;53.332;53.358;938;938
2026-06-08T10:53:59.0000000Z;53.332;53.356;938;938
2026-06-08T10:54:02.0000000Z;53.324;53.356;938;938
2026-06-08T10:54:24.0000000Z;53.324;53.354;938;938
2026-06-08T10:54:54.0000000Z;53.324;53.356;938;938
2026-06-08T10:55:25.0000000Z;53.324;53.356;938;938
2026-06-08T10:55:55.0000000Z;53.324;53.356;938;938
2026-06-08T10:56:20.0000000Z;53.324;53.354;938;938
2026-06-08T10:56:34.0000000Z;53.324;53.352;938;938
2026-06-08T10:56:36.0000000Z;53.322;53.352;938;938
2026-06-08T10:56:49.0000000Z;53.322;53.35;938;938
2026-06-08T10:56:52.0000000Z;53.322;53.352;938;938
2026-06-08T10:57:23.0000000Z;53.322;53.352;938;938
2026-06-08T10:57:31.0000000Z;53.322;53.35;938;938
2026-06-08T10:58:02.0000000Z;53.322;53.35;938;938
2026-06-08T10:58:13.0000000Z;53.322;53.352;938;938
2026-06-08T10:58:19.0000000Z;53.322;53.354;938;938
2026-06-08T10:58:49.0000000Z;53.322;53.354;938;938
2026-06-08T10:58:57.0000000Z;53.322;53.352;938;938
2026-06-08T10:59:09.0000000Z;53.322;53.354;938;938
2026-06-08T10:59:37.0000000Z;53.308;53.382;938;938
2026-06-08T10:59:39.0000000Z;53.31;53.382;938;938
2026-06-08T10:59:41.0000000Z;53.31;53.382;938;938
2026-06-08T10:59:43.0000000Z;53.308;53.382;938;938
2026-06-08T11:00:13.0000000Z;53.308;53.382;938;938
2026-06-08T11:00:41.0000000Z;53.318;53.348;938;938
2026-06-08T11:00:48.0000000Z;53.318;53.346;938;938
2026-06-08T11:00:49.0000000Z;53.316;53.346;938;938
2026-06-08T11:00:51.0000000Z;53.314;53.346;938;938
2026-06-08T11:00:52.0000000Z;53.314;53.344;938;938
2026-06-08T11:01:07.0000000Z;53.302;53.376;938;938
2026-06-08T11:01:09.0000000Z;53.304;53.356;938;938
2026-06-08T11:01:11.0000000Z;53.306;53.356;938;938
2026-06-08T11:01:12.0000000Z;53.308;53.356;938;938
2026-06-08T11:01:13.0000000Z;53.312;53.344;938;938
2026-06-08T11:01:15.0000000Z;53.312;53.342;938;938
2026-06-08T11:01:46.0000000Z;53.312;53.342;938;938
2026-06-08T11:02:17.0000000Z;53.312;53.342;938;938
2026-06-08T11:02:47.0000000Z;53.312;53.342;938;938
2026-06-08T11:03:13.0000000Z;53.312;53.344;938;938
2026-06-08T11:03:24.0000000Z;53.316;53.344;938;938
2026-06-08T11:03:26.0000000Z;53.316;53.346;938;938
2026-06-08T11:03:28.0000000Z;53.316;53.348;938;938
2026-06-08T11:03:59.0000000Z;53.316;53.348;938;938
2026-06-08T11:04:04.0000000Z;53.316;53.346;938;938
2026-06-08T11:04:10.0000000Z;53.314;53.346;938;938
2026-06-08T11:04:12.0000000Z;53.314;53.344;938;938
2026-06-08T11:04:21.0000000Z;53.314;53.342;938;938
2026-06-08T11:04:50.0000000Z;53.314;53.344;938;938
2026-06-08T11:05:10.0000000Z;53.318;53.344;938;938
2026-06-08T11:05:12.0000000Z;53.318;53.346;938;938
2026-06-08T11:05:18.0000000Z;53.316;53.346;938;938
2026-06-08T11:05:26.0000000Z;53.316;53.344;938;938
2026-06-08T11:05:28.0000000Z;53.314;53.344;938;938
2026-06-08T11:05:30.0000000Z;53.314;53.346;938;938
2026-06-08T11:05:38.0000000Z;53.318;53.346;938;938
2026-06-08T11:05:40.0000000Z;53.318;53.348;938;938
2026-06-08T11:05:41.0000000Z;53.318;53.346;938;938
2026-06-08T11:06:02.0000000Z;53.318;53.348;938;938
2026-06-08T11:06:04.0000000Z;53.316;53.346;938;938
2026-06-08T11:06:08.0000000Z;53.316;53.344;938;938
2026-06-08T11:06:10.0000000Z;53.314;53.344;938;938
2026-06-08T11:06:28.0000000Z;53.314;53.342;938;938
2026-06-08T11:06:29.0000000Z;53.312;53.342;938;938
2026-06-08T11:06:59.0000000Z;53.312;53.342;938;938
2026-06-08T11:07:30.0000000Z;53.312;53.342;938;938
2026-06-08T11:08:01.0000000Z;53.312;53.342;938;938
2026-06-08T11:08:02.0000000Z;53.312;53.34;938;938
2026-06-08T11:08:04.0000000Z;53.312;53.342;938;938
2026-06-08T11:08:05.0000000Z;53.312;53.34;938;938
2026-06-08T11:08:07.0000000Z;53.312;53.342;938;938
2026-06-08T11:08:35.0000000Z;53.312;53.344;938;938
2026-06-08T11:09:01.0000000Z;53.312;53.342;938;938
2026-06-08T11:09:21.0000000Z;53.312;53.344;938;938
2026-06-08T11:09:24.0000000Z;53.312;53.342;938;938
2026-06-08T11:09:35.0000000Z;53.312;53.344;938;938
2026-06-08T11:09:52.0000000Z;53.316;53.344;938;938
2026-06-08T11:10:00.0000000Z;53.316;53.346;938;938
2026-06-08T11:10:03.0000000Z;53.32;53.346;938;938
2026-06-08T11:10:04.0000000Z;53.318;53.346;938;938
2026-06-08T11:10:35.0000000Z;53.318;53.346;938;938
2026-06-08T11:10:36.0000000Z;53.322;53.346;938;938
2026-06-08T11:10:38.0000000Z;53.322;53.352;938;938
2026-06-08T11:10:40.0000000Z;53.322;53.348;938;938
2026-06-08T11:10:41.0000000Z;53.322;53.35;938;938
2026-06-08T11:10:44.0000000Z;53.324;53.352;938;938
2026-06-08T11:10:46.0000000Z;53.324;53.354;938;938
2026-06-08T11:10:50.0000000Z;53.314;53.39;938;938
2026-06-08T11:10:52.0000000Z;53.308;53.382;938;938
2026-06-08T11:10:56.0000000Z;53.292;53.39;938;938
2026-06-08T11:11:00.0000000Z;53.348;53.444;938;938
2026-06-08T11:11:06.0000000Z;53.348;53.41;938;938
2026-06-08T11:11:18.0000000Z;53.348;53.402;938;938
2026-06-08T11:11:24.0000000Z;53.348;53.392;938;938
2026-06-08T11:11:46.0000000Z;53.348;53.396;938;938
2026-06-08T11:11:48.0000000Z;53.348;53.392;938;938
2026-06-08T11:12:18.0000000Z;53.348;53.392;938;938
2026-06-08T11:13:10.0000000Z;53.336;53.374;938;938
2026-06-08T11:13:11.0000000Z;53.342;53.37;938;938
2026-06-08T11:13:14.0000000Z;53.34;53.37;938;938
2026-06-08T11:13:16.0000000Z;53.34;53.368;938;938
2026-06-08T11:13:22.0000000Z;53.338;53.368;938;938
2026-06-08T11:13:24.0000000Z;53.338;53.364;938;938
2026-06-08T11:13:28.0000000Z;53.336;53.364;938;938
2026-06-08T11:13:32.0000000Z;53.336;53.366;938;938
2026-06-08T11:14:03.0000000Z;53.336;53.366;938;938
2026-06-08T11:14:05.0000000Z;53.338;53.366;938;938
2026-06-08T11:14:08.0000000Z;53.342;53.368;938;938
2026-06-08T11:14:16.0000000Z;53.342;53.372;938;938
2026-06-08T11:14:17.0000000Z;53.346;53.372;938;938
2026-06-08T11:14:20.0000000Z;53.346;53.374;938;938
2026-06-08T11:14:23.0000000Z;53.346;53.37;938;938
2026-06-08T11:14:24.0000000Z;53.344;53.37;938;938
2026-06-08T11:14:26.0000000Z;53.342;53.372;938;938
2026-06-08T11:14:28.0000000Z;53.346;53.372;938;938
2026-06-08T11:14:30.0000000Z;53.346;53.376;938;938
2026-06-08T11:14:31.0000000Z;53.348;53.376;938;938
2026-06-08T11:14:32.0000000Z;53.348;53.378;938;938
2026-06-08T11:14:34.0000000Z;53.348;53.374;938;938
2026-06-08T11:14:35.0000000Z;53.348;53.376;938;938
2026-06-08T11:14:38.0000000Z;53.348;53.378;938;938
2026-06-08T11:14:43.0000000Z;53.352;53.378;938;938
2026-06-08T11:14:44.0000000Z;53.352;53.38;938;938
2026-06-08T11:14:52.0000000Z;53.352;53.382;938;938
2026-06-08T11:14:53.0000000Z;53.356;53.382;938;938
2026-06-08T11:14:55.0000000Z;53.358;53.382;938;938
2026-06-08T11:14:56.0000000Z;53.358;53.388;938;938
2026-06-08T11:14:57.0000000Z;53.36;53.388;938;938
2026-06-08T11:14:58.0000000Z;53.36;53.392;938;938
2026-06-08T11:14:59.0000000Z;53.364;53.392;938;938
2026-06-08T11:15:00.0000000Z;53.364;53.42;938;938
2026-06-08T11:15:01.0000000Z;53.364;53.418;938;938
2026-06-08T11:15:04.0000000Z;53.366;53.418;938;938
2026-06-08T11:15:07.0000000Z;53.386;53.418;938;938
2026-06-08T11:15:10.0000000Z;53.386;53.412;938;938
2026-06-08T11:15:12.0000000Z;53.38;53.41;938;938
2026-06-08T11:15:15.0000000Z;53.376;53.408;938;938
2026-06-08T11:15:18.0000000Z;53.376;53.404;938;938
2026-06-08T11:15:19.0000000Z;53.37;53.4;938;938
2026-06-08T11:15:20.0000000Z;53.37;53.402;938;938
2026-06-08T11:15:21.0000000Z;53.37;53.4;938;938
2026-06-08T11:15:25.0000000Z;53.37;53.398;938;938
2026-06-08T11:15:27.0000000Z;53.37;53.396;938;938
2026-06-08T11:15:29.0000000Z;53.368;53.396;938;938
2026-06-08T11:15:31.0000000Z;53.368;53.394;938;938
2026-06-08T11:15:35.0000000Z;53.368;53.394;938;938
2026-06-08T11:15:37.0000000Z;53.374;53.402;938;938
2026-06-08T11:15:39.0000000Z;53.374;53.4;938;938
2026-06-08T11:15:40.0000000Z;53.374;53.402;938;938
2026-06-08T11:15:41.0000000Z;53.37;53.398;938;938
2026-06-08T11:15:43.0000000Z;53.374;53.398;938;938
2026-06-08T11:15:44.0000000Z;53.372;53.398;938;938
2026-06-08T11:15:45.0000000Z;53.374;53.402;938;938
2026-06-08T11:15:46.0000000Z;53.374;53.4;938;938
2026-06-08T11:15:47.0000000Z;53.37;53.4;938;938
2026-06-08T11:15:53.0000000Z;53.368;53.4;938;938
2026-06-08T11:15:57.0000000Z;53.37;53.4;938;938
2026-06-08T11:15:58.0000000Z;53.374;53.4;938;938
2026-06-08T11:15:59.0000000Z;53.372;53.4;938;938
2026-06-08T11:16:00.0000000Z;53.37;53.4;938;938
2026-06-08T11:16:01.0000000Z;53.37;53.402;938;938
2026-06-08T11:16:02.0000000Z;53.368;53.4;938;938
2026-06-08T11:16:03.0000000Z;53.366;53.398;938;938
2026-06-08T11:16:05.0000000Z;53.364;53.398;938;938
2026-06-08T11:16:06.0000000Z;53.364;53.396;938;938
2026-06-08T11:16:07.0000000Z;53.368;53.396;938;938
2026-06-08T11:16:13.0000000Z;53.364;53.392;938;938
2026-06-08T11:16:15.0000000Z;53.362;53.392;938;938
2026-06-08T11:16:23.0000000Z;53.364;53.392;938;938
2026-06-08T11:16:24.0000000Z;53.366;53.392;938;938
2026-06-08T11:16:33.0000000Z;53.366;53.394;938;938
2026-06-08T11:16:35.0000000Z;53.364;53.394;938;938
2026-06-08T11:16:37.0000000Z;53.364;53.39;938;938
2026-06-08T11:16:38.0000000Z;53.364;53.392;938;938
2026-06-08T11:16:39.0000000Z;53.362;53.392;938;938
2026-06-08T11:16:49.0000000Z;53.364;53.392;938;938
2026-06-08T11:16:50.0000000Z;53.364;53.39;938;938
2026-06-08T11:16:51.0000000Z;53.364;53.39;938;938
2026-06-08T11:16:53.0000000Z;53.364;53.394;938;938
2026-06-08T11:16:54.0000000Z;53.364;53.39;938;938
2026-06-08T11:16:59.0000000Z;53.362;53.39;938;938
2026-06-08T11:17:05.0000000Z;53.362;53.392;938;938
2026-06-08T11:17:06.0000000Z;53.362;53.388;938;938
2026-06-08T11:17:07.0000000Z;53.36;53.388;938;938
2026-06-08T11:17:11.0000000Z;53.36;53.39;938;938
2026-06-08T11:17:21.0000000Z;53.368;53.392;938;938
2026-06-08T11:17:23.0000000Z;53.368;53.396;938;938
2026-06-08T11:17:25.0000000Z;53.366;53.396;938;938
2026-06-08T11:17:44.0000000Z;53.366;53.396;938;938
2026-06-08T11:17:45.0000000Z;53.37;53.398;938;938
2026-06-08T11:17:47.0000000Z;53.366;53.398;938;938
2026-06-08T11:17:49.0000000Z;53.366;53.394;938;938
2026-06-08T11:17:57.0000000Z;53.366;53.396;938;938
2026-06-08T11:18:04.0000000Z;53.366;53.392;938;938
2026-06-08T11:18:07.0000000Z;53.364;53.392;938;938
2026-06-08T11:18:13.0000000Z;53.362;53.392;938;938
2026-06-08T11:18:15.0000000Z;53.366;53.392;938;938
2026-06-08T11:18:20.0000000Z;53.37;53.392;938;938
2026-06-08T11:18:21.0000000Z;53.37;53.396;938;938
2026-06-08T11:18:29.0000000Z;53.366;53.396;938;938
2026-06-08T11:18:39.0000000Z;53.366;53.392;938;938
2026-06-08T11:18:45.0000000Z;53.366;53.394;938;938
2026-06-08T11:18:49.0000000Z;53.37;53.396;938;938
2026-06-08T11:19:08.0000000Z;53.37;53.398;938;938
2026-06-08T11:19:12.0000000Z;53.37;53.394;938;938
2026-06-08T11:19:13.0000000Z;53.37;53.396;938;938
2026-06-08T11:19:14.0000000Z;53.366;53.396;938;938
2026-06-08T11:19:18.0000000Z;53.364;53.388;938;938
2026-06-08T11:19:20.0000000Z;53.36;53.388;938;938
2026-06-08T11:19:26.0000000Z;53.368;53.392;938;938
2026-06-08T11:19:27.0000000Z;53.366;53.392;938;938
2026-06-08T11:19:28.0000000Z;53.366;53.394;938;938
2026-06-08T11:19:30.0000000Z;53.362;53.394;938;938
2026-06-08T11:19:34.0000000Z;53.362;53.39;938;938
2026-06-08T11:19:35.0000000Z;53.366;53.39;938;938
2026-06-08T11:19:36.0000000Z;53.366;53.392;938;938
2026-06-08T11:19:38.0000000Z;53.366;53.394;938;938
2026-06-08T11:19:40.0000000Z;53.364;53.394;938;938
2026-06-08T11:19:46.0000000Z;53.368;53.396;938;938
2026-06-08T11:19:54.0000000Z;53.368;53.398;938;938
2026-06-08T11:19:56.0000000Z;53.37;53.398;938;938
2026-06-08T11:19:58.0000000Z;53.372;53.402;938;938
2026-06-08T11:20:12.0000000Z;53.372;53.394;938;938
2026-06-08T11:20:42.0000000Z;53.372;53.394;938;938
2026-06-08T11:20:45.0000000Z;53.374;53.394;938;938
2026-06-08T11:21:15.0000000Z;53.374;53.394;938;938
2026-06-08T11:21:31.0000000Z;53.378;53.394;938;938
2026-06-08T11:21:42.0000000Z;53.378;53.406;938;938
2026-06-08T11:21:44.0000000Z;53.378;53.41;938;938
2026-06-08T11:21:45.0000000Z;53.378;53.406;938;938
2026-06-08T11:21:48.0000000Z;53.378;53.402;938;938
2026-06-08T11:21:49.0000000Z;53.378;53.406;938;938
2026-06-08T11:21:51.0000000Z;53.38;53.398;938;938
2026-06-08T11:21:55.0000000Z;53.38;53.394;938;938
2026-06-08T11:21:56.0000000Z;53.38;53.394;938;938
2026-06-08T11:21:58.0000000Z;53.38;53.402;938;938
2026-06-08T11:22:26.0000000Z;53.38;53.398;938;938
2026-06-08T11:22:56.0000000Z;53.38;53.394;938;938
2026-06-08T11:23:26.0000000Z;53.38;53.39;938;938
2026-06-08T11:23:56.0000000Z;53.38;53.39;938;938
2026-06-08T11:24:21.0000000Z;53.38;53.394;938;938
2026-06-08T11:24:29.0000000Z;53.38;53.398;938;938
2026-06-08T11:24:31.0000000Z;53.38;53.394;938;938
2026-06-08T11:25:01.0000000Z;53.378;53.394;938;938
2026-06-08T11:25:32.0000000Z;53.378;53.394;938;938
2026-06-08T11:26:02.0000000Z;53.378;53.394;938;938
2026-06-08T11:26:33.0000000Z;53.378;53.394;938;938
2026-06-08T11:26:58.0000000Z;53.378;53.39;938;938
2026-06-08T11:27:29.0000000Z;53.378;53.39;938;938
2026-06-08T11:27:59.0000000Z;53.378;53.39;938;938
2026-06-08T11:28:30.0000000Z;53.378;53.39;938;938
2026-06-08T11:29:00.0000000Z;53.378;53.39;938;938
2026-06-08T11:29:24.0000000Z;53.378;53.392;938;938
2026-06-08T11:29:54.0000000Z;53.378;53.392;938;938
2026-06-08T11:30:04.0000000Z;53.378;53.394;938;938
2026-06-08T11:30:05.0000000Z;53.378;53.39;938;938
2026-06-08T11:30:35.0000000Z;53.378;53.39;938;938
2026-06-08T11:31:06.0000000Z;53.378;53.39;938;938
2026-06-08T11:31:36.0000000Z;53.378;53.39;938;938
2026-06-08T11:32:06.0000000Z;53.378;53.396;938;938
2026-06-08T11:32:37.0000000Z;53.378;53.396;938;938
2026-06-08T11:32:55.0000000Z;53.378;53.392;938;938
2026-06-08T11:32:59.0000000Z;53.378;53.394;938;938
2026-06-08T11:33:03.0000000Z;53.378;53.392;938;938
2026-06-08T11:33:13.0000000Z;53.378;53.394;938;938
2026-06-08T11:33:21.0000000Z;53.382;53.394;938;938
2026-06-08T11:33:24.0000000Z;53.382;53.392;938;938
2026-06-08T11:33:55.0000000Z;53.382;53.392;938;938
2026-06-08T11:33:57.0000000Z;53.382;53.396;938;938
2026-06-08T11:34:01.0000000Z;53.382;53.398;938;938
2026-06-08T11:34:03.0000000Z;53.382;53.394;938;938
2026-06-08T11:34:24.0000000Z;53.382;53.39;938;938
2026-06-08T11:34:33.0000000Z;53.382;53.392;938;938
2026-06-08T11:34:39.0000000Z;53.382;53.39;938;938
2026-06-08T11:34:43.0000000Z;53.382;53.392;938;938
2026-06-08T11:34:44.0000000Z;53.382;53.39;938;938
2026-06-08T11:34:47.0000000Z;53.382;53.392;938;938
2026-06-08T11:34:55.0000000Z;53.382;53.4;938;938
2026-06-08T11:35:25.0000000Z;53.382;53.4;938;938
2026-06-08T11:35:56.0000000Z;53.382;53.4;938;938
2026-06-08T11:36:26.0000000Z;53.382;53.4;938;938
2026-06-08T11:36:54.0000000Z;53.382;53.392;938;938
2026-06-08T11:37:24.0000000Z;53.382;53.392;938;938
2026-06-08T11:37:34.0000000Z;53.382;53.396;938;938
2026-06-08T11:38:04.0000000Z;53.382;53.396;938;938
2026-06-08T11:38:34.0000000Z;53.382;53.396;938;938
2026-06-08T11:38:58.0000000Z;53.382;53.4;938;938
2026-06-08T11:39:29.0000000Z;53.382;53.4;938;938
2026-06-08T11:39:54.0000000Z;53.382;53.396;938;938
2026-06-08T11:40:24.0000000Z;53.382;53.396;938;938
2026-06-08T11:40:55.0000000Z;53.382;53.396;938;938
2026-06-08T11:41:25.0000000Z;53.382;53.396;938;938
2026-06-08T11:41:55.0000000Z;53.382;53.4;938;938
2026-06-08T11:42:19.0000000Z;53.384;53.4;938;938
2026-06-08T11:42:21.0000000Z;53.384;53.4;938;938
2026-06-08T11:42:23.0000000Z;53.382;53.4;938;938
2026-06-08T11:42:47.0000000Z;53.384;53.4;938;938
2026-06-08T11:42:55.0000000Z;53.384;53.404;938;938
2026-06-08T11:43:26.0000000Z;53.384;53.404;938;938
2026-06-08T11:43:38.0000000Z;53.386;53.404;938;938
2026-06-08T11:43:53.0000000Z;53.386;53.4;938;938
2026-06-08T11:43:59.0000000Z;53.386;53.396;938;938
2026-06-08T11:44:21.0000000Z;53.386;53.4;938;938
2026-06-08T11:44:34.0000000Z;53.386;53.398;938;938
2026-06-08T11:45:04.0000000Z;53.386;53.398;938;938
2026-06-08T11:45:09.0000000Z;53.386;53.396;938;938
2026-06-08T11:45:39.0000000Z;53.386;53.398;938;938
2026-06-08T11:45:55.0000000Z;53.386;53.404;938;938
2026-06-08T11:46:23.0000000Z;53.386;53.4;938;938
2026-06-08T11:46:53.0000000Z;53.386;53.4;938;938
2026-06-08T11:47:11.0000000Z;53.386;53.396;938;938
2026-06-08T11:47:21.0000000Z;53.386;53.4;938;938
2026-06-08T11:47:23.0000000Z;53.386;53.396;938;938
2026-06-08T11:47:53.0000000Z;53.386;53.396;938;938
2026-06-08T11:48:24.0000000Z;53.386;53.396;938;938
2026-06-08T11:48:54.0000000Z;53.386;53.396;938;938
2026-06-08T11:48:58.0000000Z;53.386;53.394;938;938
2026-06-08T11:49:03.0000000Z;53.386;53.392;938;938
2026-06-08T11:49:24.0000000Z;53.386;53.394;938;938
2026-06-08T11:49:54.0000000Z;53.386;53.394;938;938
2026-06-08T11:49:56.0000000Z;53.386;53.392;938;938
2026-06-08T11:50:24.0000000Z;53.386;53.398;938;938
2026-06-08T11:50:33.0000000Z;53.386;53.396;938;938
2026-06-08T11:51:04.0000000Z;53.386;53.396;938;938
2026-06-08T11:51:34.0000000Z;53.386;53.396;938;938
2026-06-08T11:51:57.0000000Z;53.386;53.394;938;938
2026-06-08T11:52:07.0000000Z;53.386;53.396;938;938
2026-06-08T11:52:37.0000000Z;53.386;53.396;938;938
2026-06-08T11:53:08.0000000Z;53.386;53.396;938;938
2026-06-08T11:53:22.0000000Z;53.386;53.394;938;938
2026-06-08T11:53:37.0000000Z;53.386;53.392;938;938
2026-06-08T11:54:08.0000000Z;53.386;53.392;938;938
2026-06-08T11:54:22.0000000Z;53.386;53.394;938;938
2026-06-08T11:54:23.0000000Z;53.386;53.398;938;938
2026-06-08T11:54:25.0000000Z;53.386;53.396;938;938
2026-06-08T11:54:55.0000000Z;53.386;53.396;938;938
2026-06-08T11:55:01.0000000Z;53.386;53.394;938;938
2026-06-08T11:55:32.0000000Z;53.386;53.394;938;938
2026-06-08T11:56:02.0000000Z;53.386;53.394;938;938
2026-06-08T11:56:33.0000000Z;53.386;53.394;938;938
2026-06-08T11:57:03.0000000Z;53.386;53.394;938;938
2026-06-08T11:57:34.0000000Z;53.386;53.394;938;938
2026-06-08T11:58:04.0000000Z;53.386;53.394;938;938
2026-06-08T11:58:35.0000000Z;53.386;53.394;938;938
2026-06-08T11:59:06.0000000Z;53.386;53.394;938;938
2026-06-08T11:59:31.0000000Z;53.386;53.392;938;938
2026-06-08T11:59:54.0000000Z;53.386;53.396;938;938
2026-06-08T12:00:23.0000000Z;53.386;53.396;938;938
2026-06-08T12:00:53.0000000Z;53.386;53.396;938;938
2026-06-08T12:01:24.0000000Z;53.386;53.396;938;938
2026-06-08T12:01:54.0000000Z;53.386;53.396;938;938
2026-06-08T12:02:25.0000000Z;53.386;53.396;938;938
2026-06-08T12:02:55.0000000Z;53.386;53.396;938;938
2026-06-08T12:03:26.0000000Z;53.386;53.396;938;938
2026-06-08T12:03:56.0000000Z;53.386;53.396;938;938
2026-06-08T12:04:21.0000000Z;53.386;53.392;938;938
2026-06-08T12:04:51.0000000Z;53.386;53.392;938;938
2026-06-08T12:04:52.0000000Z;53.386;53.398;938;938
2026-06-08T12:04:55.0000000Z;53.386;53.394;938;938
2026-06-08T12:05:25.0000000Z;53.386;53.394;938;938
2026-06-08T12:05:51.0000000Z;53.386;53.39;938;938
2026-06-08T12:06:22.0000000Z;53.386;53.39;938;938
2026-06-08T12:06:52.0000000Z;53.386;53.39;938;938
2026-06-08T12:07:23.0000000Z;53.386;53.39;938;938
2026-06-08T12:07:54.0000000Z;53.386;53.39;938;938
2026-06-08T12:08:24.0000000Z;53.386;53.39;938;938
2026-06-08T12:08:55.0000000Z;53.386;53.39;938;938
2026-06-08T12:09:25.0000000Z;53.386;53.39;938;938
2026-06-08T12:09:56.0000000Z;53.386;53.39;938;938
2026-06-08T12:10:21.0000000Z;53.386;53.392;938;938
2026-06-08T12:10:33.0000000Z;53.386;53.402;938;938
2026-06-08T12:10:44.0000000Z;53.386;53.398;938;938
2026-06-08T12:10:56.0000000Z;53.386;53.398;938;938
2026-06-08T12:11:08.0000000Z;53.386;53.406;938;938
2026-06-08T12:11:19.0000000Z;53.386;53.402;938;938
2026-06-08T12:11:20.0000000Z;53.334;53.398;938;938
2026-06-08T12:11:22.0000000Z;53.332;53.398;938;938
2026-06-08T12:11:23.0000000Z;53.334;53.398;938;938
2026-06-08T12:11:32.0000000Z;53.334;53.402;938;938
2026-06-08T12:11:44.0000000Z;53.334;53.396;938;938
2026-06-08T12:11:49.0000000Z;53.34;53.384;938;938
2026-06-08T12:11:52.0000000Z;53.34;53.39;938;938
2026-06-08T12:11:53.0000000Z;53.344;53.39;938;938
2026-06-08T12:11:55.0000000Z;53.344;53.386;938;938
2026-06-08T12:12:16.0000000Z;53.342;53.386;938;938
2026-06-08T12:12:32.0000000Z;53.342;53.388;938;938
2026-06-08T12:12:57.0000000Z;53.346;53.388;938;938
2026-06-08T12:13:00.0000000Z;53.344;53.388;938;938
2026-06-08T12:13:30.0000000Z;53.344;53.388;938;938
2026-06-08T12:13:36.0000000Z;53.342;53.388;938;938
2026-06-08T12:13:50.0000000Z;53.342;53.386;938;938
2026-06-08T12:13:55.0000000Z;53.342;53.384;938;938
2026-06-08T12:13:57.0000000Z;53.338;53.384;938;938
2026-06-08T12:14:02.0000000Z;53.342;53.384;938;938
2026-06-08T12:14:04.0000000Z;53.34;53.384;938;938
2026-06-08T12:14:20.0000000Z;53.338;53.384;938;938
2026-06-08T12:14:30.0000000Z;53.338;53.386;938;938
2026-06-08T12:14:32.0000000Z;53.354;53.38;938;938
2026-06-08T12:14:37.0000000Z;53.352;53.38;938;938
2026-06-08T12:15:08.0000000Z;53.352;53.38;938;938
2026-06-08T12:15:23.0000000Z;53.352;53.376;938;938
2026-06-08T12:15:39.0000000Z;53.352;53.38;938;938
2026-06-08T12:15:50.0000000Z;53.352;53.376;938;938
2026-06-08T12:15:52.0000000Z;53.348;53.376;938;938
2026-06-08T12:16:11.0000000Z;53.352;53.376;938;938
2026-06-08T12:16:16.0000000Z;53.352;53.38;938;938
2026-06-08T12:16:36.0000000Z;53.35;53.38;938;938
2026-06-08T12:17:03.0000000Z;53.35;53.374;938;938
2026-06-08T12:17:10.0000000Z;53.35;53.376;938;938
2026-06-08T12:17:22.0000000Z;53.352;53.376;938;938
2026-06-08T12:17:40.0000000Z;53.35;53.376;938;938
2026-06-08T12:18:10.0000000Z;53.35;53.376;938;938
2026-06-08T12:18:41.0000000Z;53.35;53.376;938;938
2026-06-08T12:18:46.0000000Z;53.352;53.376;938;938
2026-06-08T12:19:17.0000000Z;53.352;53.376;938;938
2026-06-08T12:19:47.0000000Z;53.352;53.376;938;938
2026-06-08T12:20:04.0000000Z;53.354;53.376;938;938
2026-06-08T12:20:05.0000000Z;53.358;53.376;938;938
2026-06-08T12:20:11.0000000Z;53.356;53.376;938;938
2026-06-08T12:20:28.0000000Z;53.358;53.376;938;938
2026-06-08T12:20:35.0000000Z;53.358;53.382;938;938
2026-06-08T12:20:36.0000000Z;53.362;53.382;938;938
2026-06-08T12:20:51.0000000Z;53.362;53.386;938;938
2026-06-08T12:21:04.0000000Z;53.366;53.386;938;938
2026-06-08T12:21:35.0000000Z;53.366;53.386;938;938
2026-06-08T12:21:37.0000000Z;53.364;53.386;938;938
2026-06-08T12:21:39.0000000Z;53.362;53.386;938;938
2026-06-08T12:21:49.0000000Z;53.362;53.38;938;938
2026-06-08T12:21:53.0000000Z;53.364;53.38;938;938
2026-06-08T12:21:55.0000000Z;53.364;53.38;938;938
2026-06-08T12:21:57.0000000Z;53.362;53.38;938;938
2026-06-08T12:22:01.0000000Z;53.362;53.382;938;938
2026-06-08T12:22:02.0000000Z;53.362;53.38;938;938
2026-06-08T12:22:29.0000000Z;53.362;53.384;938;938
2026-06-08T12:22:30.0000000Z;53.366;53.384;938;938
2026-06-08T12:22:50.0000000Z;53.366;53.39;938;938
2026-06-08T12:22:54.0000000Z;53.37;53.39;938;938
2026-06-08T12:23:20.0000000Z;53.366;53.39;938;938
2026-06-08T12:23:28.0000000Z;53.364;53.39;938;938
2026-06-08T12:23:36.0000000Z;53.368;53.39;938;938
2026-06-08T12:23:48.0000000Z;53.368;53.386;938;938
2026-06-08T12:24:19.0000000Z;53.368;53.386;938;938
2026-06-08T12:24:50.0000000Z;53.368;53.392;938;938
2026-06-08T12:24:55.0000000Z;53.372;53.392;938;938
2026-06-08T12:24:56.0000000Z;53.374;53.392;938;938
2026-06-08T12:25:10.0000000Z;53.37;53.392;938;938
2026-06-08T12:25:20.0000000Z;53.368;53.392;938;938
2026-06-08T12:25:51.0000000Z;53.368;53.392;938;938
2026-06-08T12:26:21.0000000Z;53.368;53.392;938;938
2026-06-08T12:26:46.0000000Z;53.366;53.392;938;938
2026-06-08T12:27:06.0000000Z;53.364;53.392;938;938
2026-06-08T12:27:10.0000000Z;53.362;53.392;938;938
2026-06-08T12:27:18.0000000Z;53.362;53.388;938;938
2026-06-08T12:27:21.0000000Z;53.36;53.388;938;938
2026-06-08T12:27:42.0000000Z;53.364;53.388;938;938
2026-06-08T12:27:43.0000000Z;53.362;53.388;938;938
2026-06-08T12:28:13.0000000Z;53.362;53.388;938;938
2026-06-08T12:28:44.0000000Z;53.362;53.388;938;938
2026-06-08T12:29:13.0000000Z;53.364;53.388;938;938
2026-06-08T12:29:21.0000000Z;53.368;53.388;938;938
2026-06-08T12:29:27.0000000Z;53.366;53.388;938;938
2026-06-08T12:29:47.0000000Z;53.37;53.388;938;938
2026-06-08T12:30:02.0000000Z;53.372;53.388;938;938
2026-06-08T12:30:05.0000000Z;53.372;53.392;938;938
2026-06-08T12:30:26.0000000Z;53.37;53.396;938;938
2026-06-08T12:30:49.0000000Z;53.368;53.396;938;938
2026-06-08T12:31:18.0000000Z;53.368;53.392;938;938
2026-06-08T12:31:33.0000000Z;53.366;53.392;938;938
2026-06-08T12:31:41.0000000Z;53.364;53.392;938;938
2026-06-08T12:31:48.0000000Z;53.364;53.388;938;938
2026-06-08T12:31:59.0000000Z;53.368;53.388;938;938
2026-06-08T12:32:20.0000000Z;53.368;53.398;938;938
2026-06-08T12:32:37.0000000Z;53.368;53.394;938;938
2026-06-08T12:32:53.0000000Z;53.368;53.39;938;938
2026-06-08T12:32:58.0000000Z;53.366;53.39;938;938
2026-06-08T12:33:12.0000000Z;53.364;53.39;938;938
2026-06-08T12:33:17.0000000Z;53.368;53.39;938;938
2026-06-08T12:33:20.0000000Z;53.368;53.386;938;938
2026-06-08T12:33:22.0000000Z;53.366;53.386;938;938
2026-06-08T12:33:50.0000000Z;53.364;53.386;938;938
2026-06-08T12:34:20.0000000Z;53.364;53.386;938;938
2026-06-08T12:34:50.0000000Z;53.364;53.386;938;938
2026-06-08T12:35:21.0000000Z;53.364;53.386;938;938
2026-06-08T12:35:52.0000000Z;53.364;53.386;938;938
2026-06-08T12:36:22.0000000Z;53.364;53.386;938;938
2026-06-08T12:36:53.0000000Z;53.364;53.386;938;938
2026-06-08T12:37:23.0000000Z;53.364;53.386;938;938
2026-06-08T12:37:54.0000000Z;53.364;53.386;938;938
2026-06-08T12:38:24.0000000Z;53.364;53.386;938;938
2026-06-08T12:38:47.0000000Z;53.364;53.382;938;938
2026-06-08T12:39:18.0000000Z;53.364;53.382;938;938
2026-06-08T12:39:48.0000000Z;53.364;53.382;938;938
2026-06-08T12:40:04.0000000Z;53.366;53.382;938;938
2026-06-08T12:40:09.0000000Z;53.366;53.384;938;938
2026-06-08T12:40:40.0000000Z;53.366;53.384;938;938
2026-06-08T12:41:11.0000000Z;53.366;53.384;938;938
2026-06-08T12:41:41.0000000Z;53.366;53.384;938;938
2026-06-08T12:42:12.0000000Z;53.366;53.384;938;938
2026-06-08T12:42:38.0000000Z;53.37;53.386;938;938
2026-06-08T12:42:40.0000000Z;53.37;53.392;938;938
2026-06-08T12:42:42.0000000Z;53.37;53.39;938;938
2026-06-08T12:42:47.0000000Z;53.368;53.392;938;938
2026-06-08T12:42:54.0000000Z;53.368;53.388;938;938
2026-06-08T12:43:00.0000000Z;53.368;53.392;938;938
2026-06-08T12:43:07.0000000Z;53.368;53.388;938;938
2026-06-08T12:43:38.0000000Z;53.368;53.388;938;938
2026-06-08T12:44:08.0000000Z;53.368;53.388;938;938
2026-06-08T12:44:39.0000000Z;53.368;53.388;938;938
2026-06-08T12:45:10.0000000Z;53.368;53.388;938;938
2026-06-08T12:45:40.0000000Z;53.368;53.388;938;938
2026-06-08T12:45:45.0000000Z;53.37;53.388;938;938
2026-06-08T12:45:46.0000000Z;53.37;53.386;938;938
2026-06-08T12:45:47.0000000Z;53.37;53.386;938;938
2026-06-08T12:45:49.0000000Z;53.37;53.384;938;938
2026-06-08T12:45:50.0000000Z;53.37;53.382;938;938
2026-06-08T12:45:51.0000000Z;53.368;53.382;938;938
2026-06-08T12:45:54.0000000Z;53.37;53.382;938;938
2026-06-08T12:45:57.0000000Z;53.37;53.384;938;938
2026-06-08T12:46:25.0000000Z;53.37;53.384;938;938
2026-06-08T12:46:56.0000000Z;53.37;53.384;938;938
2026-06-08T12:47:26.0000000Z;53.37;53.384;938;938
2026-06-08T12:47:57.0000000Z;53.37;53.384;938;938
2026-06-08T12:48:14.0000000Z;53.37;53.382;938;938
2026-06-08T12:48:45.0000000Z;53.37;53.382;938;938
2026-06-08T12:49:15.0000000Z;53.37;53.382;938;938
2026-06-08T12:49:25.0000000Z;53.37;53.384;938;938
2026-06-08T12:49:56.0000000Z;53.37;53.384;938;938
2026-06-08T12:50:15.0000000Z;53.37;53.382;938;938
2026-06-08T12:50:46.0000000Z;53.37;53.382;938;938
2026-06-08T12:50:57.0000000Z;53.37;53.38;938;938
2026-06-08T12:51:28.0000000Z;53.37;53.38;938;938
2026-06-08T12:51:48.0000000Z;53.37;53.382;938;938
2026-06-08T12:51:58.0000000Z;53.37;53.378;938;938
2026-06-08T12:52:00.0000000Z;53.37;53.382;938;938
2026-06-08T12:52:01.0000000Z;53.37;53.38;938;938
2026-06-08T12:52:24.0000000Z;53.37;53.382;938;938
2026-06-08T12:52:28.0000000Z;53.37;53.38;938;938
2026-06-08T12:52:58.0000000Z;53.37;53.38;938;938
2026-06-08T12:53:06.0000000Z;53.37;53.378;938;938
2026-06-08T12:53:15.0000000Z;53.37;53.376;938;938
2026-06-08T12:53:22.0000000Z;53.37;53.378;938;938
2026-06-08T12:53:34.0000000Z;53.37;53.38;938;938
2026-06-08T12:53:35.0000000Z;53.37;53.378;938;938
2026-06-08T12:53:47.0000000Z;53.37;53.38;938;938
2026-06-08T12:54:17.0000000Z;53.37;53.38;938;938
2026-06-08T12:54:37.0000000Z;53.37;53.382;938;938
2026-06-08T12:54:49.0000000Z;53.37;53.384;938;938
2026-06-08T12:54:58.0000000Z;53.37;53.382;938;938
2026-06-08T12:55:29.0000000Z;53.37;53.382;938;938
2026-06-08T12:56:00.0000000Z;53.37;53.382;938;938
2026-06-08T12:56:07.0000000Z;53.37;53.386;938;938
2026-06-08T12:56:08.0000000Z;53.37;53.382;938;938
2026-06-08T12:56:38.0000000Z;53.37;53.382;938;938
2026-06-08T12:56:45.0000000Z;53.37;53.38;938;938
2026-06-08T12:57:15.0000000Z;53.37;53.38;938;938
2026-06-08T12:57:46.0000000Z;53.37;53.38;938;938
2026-06-08T12:58:02.0000000Z;53.37;53.382;938;938
2026-06-08T12:58:30.0000000Z;53.37;53.382;938;938
2026-06-08T12:59:01.0000000Z;53.37;53.382;938;938
2026-06-08T12:59:31.0000000Z;53.37;53.382;938;938
2026-06-08T12:59:54.0000000Z;53.37;53.378;938;938
2026-06-08T13:00:06.0000000Z;53.37;53.38;938;938
2026-06-08T13:00:16.0000000Z;53.37;53.382;938;938
2026-06-08T13:00:22.0000000Z;53.376;53.382;938;938
2026-06-08T13:00:26.0000000Z;53.376;53.39;938;938
2026-06-08T13:00:31.0000000Z;53.376;53.388;938;938
2026-06-08T13:00:33.0000000Z;53.376;53.386;938;938
2026-06-08T13:01:03.0000000Z;53.376;53.386;938;938
2026-06-08T13:01:16.0000000Z;53.376;53.384;938;938
2026-06-08T13:01:47.0000000Z;53.376;53.384;938;938
2026-06-08T13:02:18.0000000Z;53.376;53.384;938;938
2026-06-08T13:02:49.0000000Z;53.376;53.384;938;938
2026-06-08T13:03:13.0000000Z;53.376;53.386;938;938
2026-06-08T13:03:43.0000000Z;53.376;53.386;938;938
2026-06-08T13:04:14.0000000Z;53.376;53.386;938;938
2026-06-08T13:04:44.0000000Z;53.376;53.386;938;938
2026-06-08T13:04:47.0000000Z;53.38;53.386;938;938
2026-06-08T13:05:12.0000000Z;53.38;53.384;938;938
2026-06-08T13:05:23.0000000Z;53.38;53.386;938;938
2026-06-08T13:05:24.0000000Z;53.38;53.384;938;938
2026-06-08T13:05:26.0000000Z;53.38;53.382;938;938
2026-06-08T13:05:41.0000000Z;53.378;53.382;938;938
2026-06-08T13:05:44.0000000Z;53.378;53.38;938;938
2026-06-08T13:06:14.0000000Z;53.378;53.38;938;938
2026-06-08T13:06:45.0000000Z;53.378;53.38;938;938
2026-06-08T13:06:47.0000000Z;53.376;53.378;938;938
2026-06-08T13:07:18.0000000Z;53.376;53.378;938;938
2026-06-08T13:07:49.0000000Z;53.376;53.378;938;938
2026-06-08T13:08:19.0000000Z;53.376;53.378;938;938
2026-06-08T13:08:50.0000000Z;53.376;53.378;938;938
2026-06-08T13:09:20.0000000Z;53.376;53.378;938;938
2026-06-08T13:09:51.0000000Z;53.376;53.378;938;938
2026-06-08T13:10:21.0000000Z;53.376;53.378;938;938
2026-06-08T13:10:27.0000000Z;53.374;53.376;938;938
2026-06-08T13:10:58.0000000Z;53.374;53.376;938;938
2026-06-08T13:11:28.0000000Z;53.374;53.376;938;938
2026-06-08T13:11:47.0000000Z;53.374;53.378;938;938
2026-06-08T13:12:17.0000000Z;53.374;53.378;938;938
2026-06-08T13:12:48.0000000Z;53.374;53.378;938;938
2026-06-08T13:13:18.0000000Z;53.374;53.378;938;938
2026-06-08T13:13:49.0000000Z;53.374;53.378;938;938
2026-06-08T13:14:20.0000000Z;53.374;53.378;938;938
2026-06-08T13:14:50.0000000Z;53.374;53.378;938;938
2026-06-08T13:15:21.0000000Z;53.374;53.378;938;938
2026-06-08T13:15:51.0000000Z;53.374;53.378;938;938
2026-06-08T13:16:22.0000000Z;53.374;53.378;938;938
2026-06-08T13:16:52.0000000Z;53.374;53.378;938;938
2026-06-08T13:17:12.0000000Z;53.374;53.376;938;938
2026-06-08T13:17:42.0000000Z;53.374;53.378;938;938
2026-06-08T13:18:10.0000000Z;53.374;53.38;938;938
2026-06-08T13:18:11.0000000Z;53.374;53.378;938;938
2026-06-08T13:18:41.0000000Z;53.374;53.378;938;938
2026-06-08T13:19:12.0000000Z;53.374;53.378;938;938
2026-06-08T13:19:43.0000000Z;53.374;53.378;938;938
2026-06-08T13:20:13.0000000Z;53.374;53.378;938;938
2026-06-08T13:20:23.0000000Z;53.374;53.382;938;938
2026-06-08T13:20:39.0000000Z;53.374;53.392;938;938
2026-06-08T13:20:59.0000000Z;53.374;53.394;938;938
2026-06-08T13:21:29.0000000Z;53.374;53.394;938;938
2026-06-08T13:21:44.0000000Z;53.38;53.394;938;938
2026-06-08T13:21:47.0000000Z;53.38;53.4;938;938
2026-06-08T13:22:04.0000000Z;53.38;53.402;938;938
2026-06-08T13:22:21.0000000Z;53.38;53.398;938;938
2026-06-08T13:22:47.0000000Z;53.38;53.4;938;938
2026-06-08T13:22:55.0000000Z;53.38;53.402;938;938
2026-06-08T13:23:11.0000000Z;53.38;53.398;938;938
2026-06-08T13:23:38.0000000Z;53.38;53.394;938;938
2026-06-08T13:23:50.0000000Z;53.38;53.396;938;938
2026-06-08T13:24:00.0000000Z;53.38;53.398;938;938
2026-06-08T13:24:30.0000000Z;53.38;53.398;938;938
2026-06-08T13:25:01.0000000Z;53.38;53.398;938;938
2026-06-08T13:25:31.0000000Z;53.38;53.398;938;938
2026-06-08T13:26:02.0000000Z;53.38;53.398;938;938
2026-06-08T13:26:32.0000000Z;53.38;53.398;938;938
2026-06-08T13:26:52.0000000Z;53.38;53.4;938;938
2026-06-08T13:27:14.0000000Z;53.38;53.396;938;938
2026-06-08T13:27:20.0000000Z;53.38;53.398;938;938
2026-06-08T13:27:28.0000000Z;53.38;53.402;938;938
2026-06-08T13:27:41.0000000Z;53.38;53.396;938;938
2026-06-08T13:27:49.0000000Z;53.38;53.402;938;938
2026-06-08T13:28:13.0000000Z;53.38;53.406;938;938
2026-06-08T13:28:20.0000000Z;53.38;53.404;938;938
2026-06-08T13:28:51.0000000Z;53.38;53.402;938;938
2026-06-08T13:28:52.0000000Z;53.38;53.4;938;938
2026-06-08T13:28:54.0000000Z;53.38;53.402;938;938
2026-06-08T13:28:55.0000000Z;53.38;53.4;938;938
2026-06-08T13:28:57.0000000Z;53.38;53.402;938;938
2026-06-08T13:28:58.0000000Z;53.38;53.4;938;938
2026-06-08T13:29:28.0000000Z;53.38;53.4;938;938
2026-06-08T13:29:59.0000000Z;53.38;53.4;938;938
2026-06-08T13:30:05.0000000Z;53.38;53.402;938;938
2026-06-08T13:30:07.0000000Z;53.38;53.404;938;938
2026-06-08T13:30:17.0000000Z;53.38;53.41;938;938
2026-06-08T13:30:18.0000000Z;53.38;53.408;938;938
2026-06-08T13:30:49.0000000Z;53.38;53.41;938;938
2026-06-08T13:30:51.0000000Z;53.382;53.41;938;938
2026-06-08T13:30:53.0000000Z;53.382;53.412;938;938
2026-06-08T13:31:03.0000000Z;53.382;53.408;938;938
2026-06-08T13:31:21.0000000Z;53.382;53.41;938;938
2026-06-08T13:31:41.0000000Z;53.382;53.414;938;938
2026-06-08T13:31:46.0000000Z;53.382;53.416;938;938
2026-06-08T13:31:47.0000000Z;53.382;53.414;938;938
2026-06-08T13:31:48.0000000Z;53.382;53.412;938;938
2026-06-08T13:32:01.0000000Z;53.384;53.412;938;938
2026-06-08T13:32:03.0000000Z;53.384;53.414;938;938
2026-06-08T13:32:06.0000000Z;53.386;53.416;938;938
2026-06-08T13:32:30.0000000Z;53.384;53.416;938;938
2026-06-08T13:32:33.0000000Z;53.386;53.416;938;938
2026-06-08T13:32:39.0000000Z;53.386;53.412;938;938
2026-06-08T13:33:10.0000000Z;53.386;53.412;938;938
2026-06-08T13:33:30.0000000Z;53.388;53.414;938;938
2026-06-08T13:33:32.0000000Z;53.386;53.414;938;938
2026-06-08T13:33:33.0000000Z;53.388;53.414;938;938
2026-06-08T13:33:37.0000000Z;53.386;53.414;938;938
2026-06-08T13:33:50.0000000Z;53.386;53.41;938;938
2026-06-08T13:33:54.0000000Z;53.386;53.412;938;938
2026-06-08T13:34:05.0000000Z;53.388;53.412;938;938
2026-06-08T13:34:08.0000000Z;53.388;53.408;938;938
2026-06-08T13:34:10.0000000Z;53.388;53.41;938;938
2026-06-08T13:34:12.0000000Z;53.388;53.41;938;938
2026-06-08T13:34:13.0000000Z;53.388;53.408;938;938
2026-06-08T13:34:14.0000000Z;53.388;53.408;938;938
2026-06-08T13:34:45.0000000Z;53.388;53.408;938;938
2026-06-08T13:35:10.0000000Z;53.388;53.404;938;938
2026-06-08T13:35:41.0000000Z;53.388;53.404;938;938
2026-06-08T13:35:54.0000000Z;53.388;53.41;938;938
2026-06-08T13:36:19.0000000Z;53.388;53.408;938;938
2026-06-08T13:36:49.0000000Z;53.388;53.412;938;938
2026-06-08T13:37:12.0000000Z;53.388;53.406;938;938
2026-06-08T13:37:14.0000000Z;53.388;53.41;938;938
2026-06-08T13:37:37.0000000Z;53.388;53.412;938;938
2026-06-08T13:38:07.0000000Z;53.388;53.412;938;938
2026-06-08T13:38:17.0000000Z;53.39;53.412;938;938
2026-06-08T13:38:19.0000000Z;53.39;53.414;938;938
2026-06-08T13:38:24.0000000Z;53.39;53.412;938;938
2026-06-08T13:38:28.0000000Z;53.39;53.41;938;938
2026-06-08T13:38:29.0000000Z;53.388;53.41;938;938
2026-06-08T13:38:59.0000000Z;53.388;53.41;938;938
2026-06-08T13:39:30.0000000Z;53.388;53.41;938;938
2026-06-08T13:39:34.0000000Z;53.388;53.408;938;938
2026-06-08T13:40:04.0000000Z;53.388;53.408;938;938
2026-06-08T13:40:35.0000000Z;53.388;53.408;938;938
2026-06-08T13:41:05.0000000Z;53.388;53.404;938;938
2026-06-08T13:41:17.0000000Z;53.388;53.402;938;938
2026-06-08T13:41:19.0000000Z;53.388;53.404;938;938
2026-06-08T13:41:48.0000000Z;53.388;53.404;938;938
2026-06-08T13:42:18.0000000Z;53.388;53.404;938;938
2026-06-08T13:42:41.0000000Z;53.388;53.4;938;938
2026-06-08T13:42:59.0000000Z;53.388;53.398;938;938
2026-06-08T13:43:04.0000000Z;53.388;53.396;938;938
2026-06-08T13:43:34.0000000Z;53.388;53.396;938;938
2026-06-08T13:44:05.0000000Z;53.388;53.396;938;938
2026-06-08T13:44:08.0000000Z;53.388;53.394;938;938
2026-06-08T13:44:13.0000000Z;53.388;53.396;938;938
2026-06-08T13:44:14.0000000Z;53.388;53.394;938;938
2026-06-08T13:44:43.0000000Z;53.388;53.402;938;938
2026-06-08T13:44:59.0000000Z;53.388;53.404;938;938
2026-06-08T13:45:02.0000000Z;53.39;53.404;938;938
2026-06-08T13:45:03.0000000Z;53.39;53.406;938;938
2026-06-08T13:45:05.0000000Z;53.39;53.402;938;938
2026-06-08T13:45:19.0000000Z;53.392;53.402;938;938
2026-06-08T13:45:50.0000000Z;53.392;53.402;938;938
2026-06-08T13:46:20.0000000Z;53.392;53.402;938;938
2026-06-08T13:46:33.0000000Z;53.392;53.4;938;938
2026-06-08T13:46:49.0000000Z;53.392;53.402;938;938
2026-06-08T13:46:52.0000000Z;53.392;53.4;938;938
2026-06-08T13:46:59.0000000Z;53.392;53.402;938;938
2026-06-08T13:47:09.0000000Z;53.392;53.4;938;938
2026-06-08T13:47:40.0000000Z;53.392;53.4;938;938
2026-06-08T13:47:41.0000000Z;53.392;53.402;938;938
2026-06-08T13:47:42.0000000Z;53.392;53.4;938;938
2026-06-08T13:47:44.0000000Z;53.392;53.402;938;938
2026-06-08T13:47:47.0000000Z;53.394;53.402;938;938
2026-06-08T13:47:50.0000000Z;53.394;53.404;938;938
2026-06-08T13:47:52.0000000Z;53.394;53.402;938;938
2026-06-08T13:47:53.0000000Z;53.394;53.4;938;938
2026-06-08T13:47:58.0000000Z;53.394;53.402;938;938
2026-06-08T13:48:06.0000000Z;53.394;53.404;938;938
2026-06-08T13:48:36.0000000Z;53.394;53.404;938;938
2026-06-08T13:48:39.0000000Z;53.396;53.404;938;938
2026-06-08T13:48:42.0000000Z;53.398;53.402;938;938
2026-06-08T13:49:13.0000000Z;53.398;53.402;938;938
2026-06-08T13:49:20.0000000Z;53.398;53.404;938;938
2026-06-08T13:49:28.0000000Z;53.398;53.406;938;938
2026-06-08T13:49:55.0000000Z;53.402;53.406;938;938
2026-06-08T13:49:56.0000000Z;53.402;53.408;938;938
2026-06-08T13:49:57.0000000Z;53.402;53.406;938;938
2026-06-08T13:50:17.0000000Z;53.402;53.408;938;938
2026-06-08T13:50:21.0000000Z;53.402;53.406;938;938
2026-06-08T13:50:31.0000000Z;53.402;53.404;938;938
2026-06-08T13:50:43.0000000Z;53.402;53.406;938;938
2026-06-08T13:50:44.0000000Z;53.402;53.404;938;938
2026-06-08T13:50:49.0000000Z;53.4;53.404;938;938
2026-06-08T13:50:52.0000000Z;53.4;53.402;938;938
2026-06-08T13:50:54.0000000Z;53.4;53.404;938;938
2026-06-08T13:51:11.0000000Z;53.402;53.404;938;938
2026-06-08T13:51:17.0000000Z;53.402;53.406;938;938
2026-06-08T13:51:23.0000000Z;53.402;53.404;938;938
2026-06-08T13:51:26.0000000Z;53.402;53.406;938;938
2026-06-08T13:51:38.0000000Z;53.402;53.408;938;938
2026-06-08T13:51:42.0000000Z;53.402;53.406;938;938
2026-06-08T13:51:48.0000000Z;53.402;53.404;938;938
2026-06-08T13:51:54.0000000Z;53.402;53.406;938;938
2026-06-08T13:52:15.0000000Z;53.402;53.408;938;938
2026-06-08T13:52:19.0000000Z;53.402;53.406;938;938
2026-06-08T13:52:22.0000000Z;53.402;53.408;938;938
2026-06-08T13:52:30.0000000Z;53.402;53.406;938;938
2026-06-08T13:52:34.0000000Z;53.402;53.408;938;938
2026-06-08T13:53:04.0000000Z;53.402;53.408;938;938
2026-06-08T13:53:35.0000000Z;53.402;53.408;938;938
2026-06-08T13:53:53.0000000Z;53.402;53.41;938;938
2026-06-08T13:54:03.0000000Z;53.402;53.408;938;938
2026-06-08T13:54:34.0000000Z;53.402;53.408;938;938
2026-06-08T13:54:50.0000000Z;53.402;53.406;938;938
2026-06-08T13:54:52.0000000Z;53.402;53.408;938;938
2026-06-08T13:54:53.0000000Z;53.402;53.406;938;938
2026-06-08T13:55:21.0000000Z;53.402;53.408;938;938
2026-06-08T13:55:50.0000000Z;53.402;53.406;938;938
2026-06-08T13:56:21.0000000Z;53.402;53.406;938;938
2026-06-08T13:56:51.0000000Z;53.402;53.406;938;938
2026-06-08T13:57:22.0000000Z;53.402;53.406;938;938
2026-06-08T13:57:52.0000000Z;53.402;53.406;938;938
2026-06-08T13:58:23.0000000Z;53.402;53.406;938;938
2026-06-08T13:58:24.0000000Z;53.402;53.41;938;938
2026-06-08T13:58:54.0000000Z;53.402;53.41;938;938
2026-06-08T13:59:24.0000000Z;53.402;53.41;938;938
2026-06-08T13:59:55.0000000Z;53.402;53.41;938;938
2026-06-08T13:59:58.0000000Z;53.402;53.408;938;938
2026-06-08T14:00:28.0000000Z;53.402;53.408;938;938
2026-06-08T14:00:36.0000000Z;53.402;53.406;938;938
2026-06-08T14:00:37.0000000Z;53.402;53.404;938;938
2026-06-08T14:00:44.0000000Z;53.4;53.404;938;938
2026-06-08T14:01:03.0000000Z;53.4;53.406;938;938
2026-06-08T14:01:16.0000000Z;53.4;53.404;938;938
2026-06-08T14:01:21.0000000Z;53.4;53.406;938;938
2026-06-08T14:01:50.0000000Z;53.4;53.406;938;938
2026-06-08T14:01:53.0000000Z;53.4;53.408;938;938
2026-06-08T14:01:55.0000000Z;53.4;53.406;938;938
2026-06-08T14:02:16.0000000Z;53.4;53.404;938;938
2026-06-08T14:02:18.0000000Z;53.4;53.406;938;938
2026-06-08T14:02:24.0000000Z;53.4;53.404;938;938
2026-06-08T14:02:35.0000000Z;53.4;53.402;938;938
2026-06-08T14:02:37.0000000Z;53.398;53.402;938;938
2026-06-08T14:02:57.0000000Z;53.398;53.4;938;938
2026-06-08T14:02:59.0000000Z;53.396;53.4;938;938
2026-06-08T14:03:00.0000000Z;53.396;53.398;938;938
2026-06-08T14:03:02.0000000Z;53.394;53.396;938;938
2026-06-08T14:03:07.0000000Z;53.382;53.396;938;938
2026-06-08T14:03:34.0000000Z;53.39;53.396;938;938
2026-06-08T14:03:43.0000000Z;53.39;53.398;938;938
2026-06-08T14:04:13.0000000Z;53.39;53.398;938;938
2026-06-08T14:04:44.0000000Z;53.39;53.398;938;938
2026-06-08T14:05:00.0000000Z;53.39;53.396;938;938
2026-06-08T14:05:01.0000000Z;53.39;53.398;938;938
2026-06-08T14:05:32.0000000Z;53.39;53.398;938;938
2026-06-08T14:05:47.0000000Z;53.39;53.396;938;938
2026-06-08T14:06:08.0000000Z;53.39;53.398;938;938
2026-06-08T14:06:25.0000000Z;53.39;53.396;938;938
2026-06-08T14:06:55.0000000Z;53.39;53.396;938;938
2026-06-08T14:07:02.0000000Z;53.39;53.398;938;938
2026-06-08T14:07:32.0000000Z;53.39;53.398;938;938
2026-06-08T14:07:59.0000000Z;53.39;53.394;938;938
2026-06-08T14:08:10.0000000Z;53.39;53.396;938;938
2026-06-08T14:08:12.0000000Z;53.39;53.394;938;938
2026-06-08T14:08:43.0000000Z;53.39;53.394;938;938
2026-06-08T14:09:13.0000000Z;53.39;53.394;938;938
2026-06-08T14:09:34.0000000Z;53.39;53.392;938;938
2026-06-08T14:09:38.0000000Z;53.39;53.394;938;938
2026-06-08T14:09:39.0000000Z;53.388;53.39;938;938
2026-06-08T14:09:40.0000000Z;53.382;53.39;938;938
2026-06-08T14:10:11.0000000Z;53.382;53.39;938;938
2026-06-08T14:10:42.0000000Z;53.382;53.39;938;938
2026-06-08T14:10:51.0000000Z;53.382;53.388;938;938
2026-06-08T14:10:55.0000000Z;53.382;53.39;938;938
2026-06-08T14:10:56.0000000Z;53.382;53.388;938;938
2026-06-08T14:11:18.0000000Z;53.382;53.386;938;938
2026-06-08T14:11:39.0000000Z;53.382;53.388;938;938
2026-06-08T14:11:45.0000000Z;53.382;53.39;938;938
2026-06-08T14:12:15.0000000Z;53.382;53.39;938;938
2026-06-08T14:12:30.0000000Z;53.382;53.388;938;938
2026-06-08T14:12:35.0000000Z;53.382;53.386;938;938
2026-06-08T14:13:06.0000000Z;53.382;53.386;938;938
2026-06-08T14:13:17.0000000Z;53.376;53.386;938;938
2026-06-08T14:13:23.0000000Z;53.376;53.384;938;938
2026-06-08T14:13:53.0000000Z;53.376;53.386;938;938
2026-06-08T14:14:24.0000000Z;53.376;53.386;938;938
2026-06-08T14:14:55.0000000Z;53.376;53.386;938;938
2026-06-08T14:15:24.0000000Z;53.376;53.384;938;938
2026-06-08T14:15:37.0000000Z;53.376;53.382;938;938
2026-06-08T14:15:38.0000000Z;53.376;53.384;938;938
2026-06-08T14:15:42.0000000Z;53.376;53.382;938;938
2026-06-08T14:15:53.0000000Z;53.376;53.38;938;938
2026-06-08T14:16:23.0000000Z;53.376;53.378;938;938
2026-06-08T14:16:54.0000000Z;53.376;53.378;938;938
2026-06-08T14:17:24.0000000Z;53.376;53.378;938;938
2026-06-08T14:17:30.0000000Z;53.376;53.38;938;938
2026-06-08T14:18:01.0000000Z;53.376;53.38;938;938
2026-06-08T14:18:10.0000000Z;53.376;53.382;938;938
2026-06-08T14:18:38.0000000Z;53.376;53.38;938;938
2026-06-08T14:18:40.0000000Z;53.376;53.38;938;938
2026-06-08T14:18:42.0000000Z;53.348;53.38;938;938
2026-06-08T14:18:44.0000000Z;53.348;53.378;938;938
2026-06-08T14:19:14.0000000Z;53.348;53.38;938;938
2026-06-08T14:19:20.0000000Z;53.346;53.38;938;938
2026-06-08T14:19:22.0000000Z;53.348;53.38;938;938
2026-06-08T14:19:28.0000000Z;53.346;53.38;938;938
2026-06-08T14:19:36.0000000Z;53.348;53.38;938;938
2026-06-08T14:19:49.0000000Z;53.35;53.38;938;938
2026-06-08T14:20:20.0000000Z;53.35;53.38;938;938
2026-06-08T14:20:50.0000000Z;53.35;53.38;938;938
2026-06-08T14:21:21.0000000Z;53.35;53.38;938;938
2026-06-08T14:21:51.0000000Z;53.35;53.38;938;938
2026-06-08T14:22:22.0000000Z;53.35;53.38;938;938
2026-06-08T14:22:39.0000000Z;53.348;53.38;938;938
2026-06-08T14:22:48.0000000Z;53.348;53.378;938;938
2026-06-08T14:23:01.0000000Z;53.348;53.38;938;938
2026-06-08T14:23:30.0000000Z;53.352;53.38;938;938
2026-06-08T14:23:31.0000000Z;53.35;53.38;938;938
2026-06-08T14:23:43.0000000Z;53.35;53.378;938;938
2026-06-08T14:23:45.0000000Z;53.346;53.378;938;938
2026-06-08T14:23:53.0000000Z;53.346;53.374;938;938
2026-06-08T14:24:04.0000000Z;53.344;53.374;938;938
2026-06-08T14:24:22.0000000Z;53.344;53.376;938;938
2026-06-08T14:24:33.0000000Z;53.344;53.374;938;938
2026-06-08T14:24:34.0000000Z;53.342;53.372;938;938
2026-06-08T14:24:42.0000000Z;53.342;53.374;938;938
2026-06-08T14:24:44.0000000Z;53.344;53.374;938;938
2026-06-08T14:25:15.0000000Z;53.344;53.374;938;938
2026-06-08T14:25:45.0000000Z;53.344;53.374;938;938
2026-06-08T14:26:00.0000000Z;53.342;53.374;938;938
2026-06-08T14:26:14.0000000Z;53.346;53.374;938;938
2026-06-08T14:26:22.0000000Z;53.346;53.378;938;938
2026-06-08T14:26:30.0000000Z;53.35;53.378;938;938
2026-06-08T14:26:36.0000000Z;53.346;53.378;938;938
2026-06-08T14:26:38.0000000Z;53.344;53.374;938;938
2026-06-08T14:27:09.0000000Z;53.344;53.374;938;938
2026-06-08T14:27:39.0000000Z;53.344;53.374;938;938
2026-06-08T14:28:04.0000000Z;53.342;53.374;938;938
2026-06-08T14:28:08.0000000Z;53.342;53.372;938;938
2026-06-08T14:28:20.0000000Z;53.34;53.372;938;938
2026-06-08T14:28:21.0000000Z;53.34;53.37;938;938
2026-06-08T14:28:26.0000000Z;53.34;53.372;938;938
2026-06-08T14:28:47.0000000Z;53.344;53.372;938;938
2026-06-08T14:28:49.0000000Z;53.344;53.374;938;938
2026-06-08T14:29:19.0000000Z;53.344;53.374;938;938
2026-06-08T14:29:21.0000000Z;53.344;53.376;938;938
2026-06-08T14:29:45.0000000Z;53.346;53.376;938;938
2026-06-08T14:30:16.0000000Z;53.346;53.376;938;938
2026-06-08T14:30:41.0000000Z;53.344;53.376;938;938
2026-06-08T14:30:43.0000000Z;53.344;53.374;938;938
2026-06-08T14:30:45.0000000Z;53.342;53.372;938;938
2026-06-08T14:31:16.0000000Z;53.342;53.372;938;938
2026-06-08T14:31:46.0000000Z;53.342;53.372;938;938
2026-06-08T14:32:17.0000000Z;53.342;53.372;938;938
2026-06-08T14:32:47.0000000Z;53.342;53.372;938;938
2026-06-08T14:32:58.0000000Z;53.34;53.372;938;938
2026-06-08T14:33:02.0000000Z;53.34;53.37;938;938
2026-06-08T14:33:30.0000000Z;53.338;53.37;938;938
2026-06-08T14:33:37.0000000Z;53.338;53.368;938;938
2026-06-08T14:33:40.0000000Z;53.336;53.368;938;938
2026-06-08T14:33:45.0000000Z;53.336;53.366;938;938
2026-06-08T14:33:50.0000000Z;53.336;53.37;938;938
2026-06-08T14:33:53.0000000Z;53.336;53.368;938;938
2026-06-08T14:34:23.0000000Z;53.336;53.368;938;938
2026-06-08T14:34:51.0000000Z;53.34;53.368;938;938
2026-06-08T14:34:52.0000000Z;53.338;53.37;938;938
2026-06-08T14:35:11.0000000Z;53.338;53.368;938;938
2026-06-08T14:35:14.0000000Z;53.338;53.372;938;938
2026-06-08T14:35:15.0000000Z;53.34;53.37;938;938
2026-06-08T14:35:16.0000000Z;53.34;53.37;938;938
2026-06-08T14:35:18.0000000Z;53.338;53.37;938;938
2026-06-08T14:35:48.0000000Z;53.338;53.37;938;938
2026-06-08T14:36:19.0000000Z;53.338;53.37;938;938
2026-06-08T14:36:49.0000000Z;53.338;53.37;938;938
2026-06-08T14:37:20.0000000Z;53.338;53.37;938;938
2026-06-08T14:37:28.0000000Z;53.338;53.368;938;938
2026-06-08T14:37:29.0000000Z;53.336;53.368;938;938
2026-06-08T14:37:41.0000000Z;53.336;53.366;938;938
2026-06-08T14:38:12.0000000Z;53.336;53.366;938;938
2026-06-08T14:38:15.0000000Z;53.338;53.366;938;938
2026-06-08T14:38:17.0000000Z;53.338;53.37;938;938
2026-06-08T14:38:39.0000000Z;53.342;53.37;938;938
2026-06-08T14:38:41.0000000Z;53.342;53.372;938;938
2026-06-08T14:38:45.0000000Z;53.34;53.372;938;938
2026-06-08T14:39:16.0000000Z;53.34;53.368;938;938
2026-06-08T14:39:21.0000000Z;53.338;53.368;938;938
2026-06-08T14:39:25.0000000Z;53.338;53.37;938;938
2026-06-08T14:39:48.0000000Z;53.338;53.36;938;938
2026-06-08T14:39:50.0000000Z;53.328;53.36;938;938
2026-06-08T14:39:53.0000000Z;53.328;53.364;938;938
2026-06-08T14:39:54.0000000Z;53.332;53.364;938;938
2026-06-08T14:40:03.0000000Z;53.334;53.364;938;938
2026-06-08T14:40:05.0000000Z;53.334;53.368;938;938
2026-06-08T14:40:23.0000000Z;53.334;53.366;938;938
2026-06-08T14:40:25.0000000Z;53.332;53.366;938;938
2026-06-08T14:40:30.0000000Z;53.334;53.366;938;938
2026-06-08T14:40:51.0000000Z;53.332;53.366;938;938
2026-06-08T14:40:58.0000000Z;53.332;53.362;938;938
2026-06-08T14:41:28.0000000Z;53.332;53.362;938;938
2026-06-08T14:41:37.0000000Z;53.33;53.362;938;938
2026-06-08T14:41:39.0000000Z;53.33;53.358;938;938
2026-06-08T14:41:46.0000000Z;53.332;53.36;938;938
2026-06-08T14:41:48.0000000Z;53.332;53.364;938;938
2026-06-08T14:42:00.0000000Z;53.33;53.364;938;938
2026-06-08T14:42:06.0000000Z;53.332;53.364;938;938
2026-06-08T14:42:16.0000000Z;53.33;53.364;938;938
2026-06-08T14:42:24.0000000Z;53.332;53.364;938;938
2026-06-08T14:42:36.0000000Z;53.332;53.366;938;938
2026-06-08T14:42:37.0000000Z;53.334;53.362;938;938
2026-06-08T14:43:04.0000000Z;53.334;53.366;938;938
2026-06-08T14:43:31.0000000Z;53.334;53.366;938;938
2026-06-08T14:44:01.0000000Z;53.334;53.366;938;938
2026-06-08T14:44:16.0000000Z;53.336;53.366;938;938
2026-06-08T14:44:24.0000000Z;53.338;53.37;938;938
2026-06-08T14:44:54.0000000Z;53.338;53.37;938;938
2026-06-08T14:45:07.0000000Z;53.34;53.37;938;938
2026-06-08T14:45:13.0000000Z;53.342;53.37;938;938
2026-06-08T14:45:14.0000000Z;53.344;53.372;938;938
2026-06-08T14:45:16.0000000Z;53.344;53.376;938;938
2026-06-08T14:45:30.0000000Z;53.344;53.378;938;938
2026-06-08T14:46:01.0000000Z;53.344;53.378;938;938
2026-06-08T14:46:10.0000000Z;53.344;53.38;938;938
2026-06-08T14:46:12.0000000Z;53.344;53.376;938;938
2026-06-08T14:46:20.0000000Z;53.346;53.376;938;938
2026-06-08T14:46:34.0000000Z;53.344;53.376;938;938
2026-06-08T14:47:01.0000000Z;53.342;53.376;938;938
2026-06-08T14:47:07.0000000Z;53.344;53.376;938;938
2026-06-08T14:47:38.0000000Z;53.344;53.376;938;938
2026-06-08T14:47:49.0000000Z;53.348;53.384;938;938
2026-06-08T14:47:51.0000000Z;53.348;53.378;938;938
2026-06-08T14:47:55.0000000Z;53.346;53.378;938;938
2026-06-08T14:47:59.0000000Z;53.346;53.374;938;938
2026-06-08T14:48:03.0000000Z;53.344;53.374;938;938
2026-06-08T14:48:15.0000000Z;53.342;53.374;938;938
2026-06-08T14:48:31.0000000Z;53.342;53.37;938;938
2026-06-08T14:48:38.0000000Z;53.34;53.37;938;938
2026-06-08T14:49:04.0000000Z;53.34;53.37;938;938
2026-06-08T14:49:16.0000000Z;53.338;53.37;938;938
2026-06-08T14:49:24.0000000Z;53.338;53.368;938;938
2026-06-08T14:49:27.0000000Z;53.336;53.368;938;938
2026-06-08T14:49:32.0000000Z;53.336;53.364;938;938
2026-06-08T14:49:35.0000000Z;53.334;53.364;938;938
2026-06-08T14:50:06.0000000Z;53.334;53.364;938;938
2026-06-08T14:50:37.0000000Z;53.334;53.364;938;938
2026-06-08T14:50:40.0000000Z;53.336;53.364;938;938
2026-06-08T14:50:42.0000000Z;53.336;53.366;938;938
2026-06-08T14:50:59.0000000Z;53.34;53.366;938;938
2026-06-08T14:51:02.0000000Z;53.34;53.368;938;938
2026-06-08T14:51:33.0000000Z;53.34;53.368;938;938
2026-06-08T14:51:36.0000000Z;53.34;53.372;938;938
2026-06-08T14:51:51.0000000Z;53.344;53.372;938;938
2026-06-08T14:52:08.0000000Z;53.342;53.372;938;938
2026-06-08T14:52:39.0000000Z;53.342;53.372;938;938
2026-06-08T14:53:09.0000000Z;53.342;53.372;938;938
2026-06-08T14:53:40.0000000Z;53.342;53.372;938;938
2026-06-08T14:53:42.0000000Z;53.344;53.372;938;938
2026-06-08T14:53:46.0000000Z;53.346;53.376;938;938
2026-06-08T14:53:54.0000000Z;53.344;53.376;938;938
2026-06-08T14:54:01.0000000Z;53.344;53.372;938;938
2026-06-08T14:54:02.0000000Z;53.342;53.372;938;938
2026-06-08T14:54:33.0000000Z;53.342;53.372;938;938
2026-06-08T14:54:40.0000000Z;53.344;53.372;938;938
2026-06-08T14:54:45.0000000Z;53.344;53.374;938;938
2026-06-08T14:54:46.0000000Z;53.346;53.374;938;938
2026-06-08T14:54:47.0000000Z;53.346;53.378;938;938
2026-06-08T14:55:03.0000000Z;53.35;53.378;938;938
2026-06-08T14:55:33.0000000Z;53.35;53.378;938;938
2026-06-08T14:56:03.0000000Z;53.35;53.378;938;938
2026-06-08T14:56:34.0000000Z;53.35;53.378;938;938
2026-06-08T14:57:04.0000000Z;53.35;53.378;938;938
2026-06-08T14:57:35.0000000Z;53.35;53.378;938;938
2026-06-08T14:58:06.0000000Z;53.35;53.378;938;938
2026-06-08T14:58:36.0000000Z;53.35;53.378;938;938
2026-06-08T14:58:41.0000000Z;53.35;53.382;938;938
2026-06-08T14:59:12.0000000Z;53.35;53.382;938;938
2026-06-08T14:59:13.0000000Z;53.354;53.382;938;938
2026-06-08T14:59:16.0000000Z;53.354;53.384;938;938
2026-06-08T14:59:46.0000000Z;53.354;53.384;938;938
2026-06-08T14:59:50.0000000Z;53.352;53.384;938;938
2026-06-08T14:59:53.0000000Z;53.354;53.384;938;938
2026-06-08T14:59:56.0000000Z;53.354;53.386;938;938
