2026-06-08T08:00:22.0000000Z;18.166;18.186;2779;2779
2026-06-08T08:00:28.0000000Z;18.16;18.186;2779;2779
2026-06-08T08:00:30.0000000Z;18.16;18.18;2779;2779
2026-06-08T08:00:32.0000000Z;18.152;18.18;2779;2779
2026-06-08T08:01:03.0000000Z;18.16;18.18;2779;2779
2026-06-08T08:01:05.0000000Z;18.16;18.186;2779;2779
2026-06-08T08:01:13.0000000Z;18.16;18.18;2779;2779
2026-06-08T08:01:15.0000000Z;18.152;18.18;2779;2779
2026-06-08T08:01:46.0000000Z;18.152;18.18;2779;2779
2026-06-08T08:02:16.0000000Z;18.152;18.18;2779;2779
2026-06-08T08:02:33.0000000Z;18.152;18.172;2779;2779
2026-06-08T08:02:34.0000000Z;18.146;18.172;2779;2779
2026-06-08T08:02:54.0000000Z;18.102;18.2;2779;2779
2026-06-08T08:02:55.0000000Z;18.108;18.2;2779;2779
2026-06-08T08:02:56.0000000Z;18.112;18.2;2779;2779
2026-06-08T08:02:57.0000000Z;18.12;18.2;2779;2779
2026-06-08T08:03:00.0000000Z;18.148;18.174;2779;2779
2026-06-08T08:03:14.0000000Z;18.16;18.174;2779;2779
2026-06-08T08:03:37.0000000Z;18.148;18.174;2779;2779
2026-06-08T08:04:07.0000000Z;18.148;18.174;2779;2779
2026-06-08T08:04:15.0000000Z;18.154;18.182;2779;2779
2026-06-08T08:04:27.0000000Z;18.162;18.182;2779;2779
2026-06-08T08:04:32.0000000Z;18.162;18.188;2779;2779
2026-06-08T08:04:42.0000000Z;18.168;18.188;2779;2779
2026-06-08T08:04:43.0000000Z;18.168;18.196;2779;2779
2026-06-08T08:05:14.0000000Z;18.168;18.196;2779;2779
2026-06-08T08:05:23.0000000Z;18.176;18.196;2779;2779
2026-06-08T08:05:24.0000000Z;18.176;18.202;2779;2779
2026-06-08T08:05:54.0000000Z;18.176;18.202;2779;2779
2026-06-08T08:06:24.0000000Z;18.176;18.202;2779;2779
2026-06-08T08:06:45.0000000Z;18.182;18.202;2779;2779
2026-06-08T08:06:47.0000000Z;18.182;18.21;2779;2779
2026-06-08T08:07:17.0000000Z;18.182;18.21;2779;2779
2026-06-08T08:07:48.0000000Z;18.182;18.21;2779;2779
2026-06-08T08:07:49.0000000Z;18.182;18.202;2779;2779
2026-06-08T08:07:52.0000000Z;18.176;18.202;2779;2779
2026-06-08T08:08:20.0000000Z;18.176;18.202;2779;2779
2026-06-08T08:08:27.0000000Z;18.182;18.202;2779;2779
2026-06-08T08:08:28.0000000Z;18.182;18.21;2779;2779
2026-06-08T08:08:55.0000000Z;18.182;18.202;2779;2779
2026-06-08T08:08:57.0000000Z;18.176;18.202;2779;2779
2026-06-08T08:09:25.0000000Z;18.176;18.202;2779;2779
2026-06-08T08:09:56.0000000Z;18.176;18.202;2779;2779
2026-06-08T08:10:06.0000000Z;18.176;18.196;2779;2779
2026-06-08T08:10:08.0000000Z;18.168;18.196;2779;2779
2026-06-08T08:10:23.0000000Z;18.168;18.188;2779;2779
2026-06-08T08:10:24.0000000Z;18.162;18.188;2779;2779
2026-06-08T08:10:28.0000000Z;18.162;18.182;2779;2779
2026-06-08T08:10:30.0000000Z;18.154;18.182;2779;2779
2026-06-08T08:11:01.0000000Z;18.154;18.182;2779;2779
2026-06-08T08:11:31.0000000Z;18.154;18.182;2779;2779
2026-06-08T08:11:41.0000000Z;18.162;18.182;2779;2779
2026-06-08T08:11:43.0000000Z;18.162;18.188;2779;2779
2026-06-08T08:11:48.0000000Z;18.168;18.188;2779;2779
2026-06-08T08:11:50.0000000Z;18.168;18.196;2779;2779
2026-06-08T08:12:20.0000000Z;18.168;18.196;2779;2779
2026-06-08T08:12:51.0000000Z;18.168;18.196;2779;2779
2026-06-08T08:13:14.0000000Z;18.176;18.196;2779;2779
2026-06-08T08:13:17.0000000Z;18.176;18.202;2779;2779
2026-06-08T08:13:45.0000000Z;18.176;18.202;2779;2779
2026-06-08T08:14:15.0000000Z;18.176;18.202;2779;2779
2026-06-08T08:14:25.0000000Z;18.176;18.196;2779;2779
2026-06-08T08:14:26.0000000Z;18.168;18.196;2779;2779
2026-06-08T08:14:56.0000000Z;18.168;18.196;2779;2779
2026-06-08T08:15:27.0000000Z;18.168;18.196;2779;2779
2026-06-08T08:15:30.0000000Z;18.176;18.196;2779;2779
2026-06-08T08:15:33.0000000Z;18.176;18.202;2779;2779
2026-06-08T08:15:49.0000000Z;18.168;18.196;2779;2779
2026-06-08T08:16:20.0000000Z;18.168;18.196;2779;2779
2026-06-08T08:16:26.0000000Z;18.176;18.196;2779;2779
2026-06-08T08:16:28.0000000Z;18.176;18.202;2779;2779
2026-06-08T08:16:45.0000000Z;18.176;18.196;2779;2779
2026-06-08T08:16:46.0000000Z;18.168;18.196;2779;2779
2026-06-08T08:16:57.0000000Z;18.168;18.188;2779;2779
2026-06-08T08:17:00.0000000Z;18.168;18.188;2779;2779
2026-06-08T08:17:02.0000000Z;18.168;18.196;2779;2779
2026-06-08T08:17:33.0000000Z;18.168;18.196;2779;2779
2026-06-08T08:18:01.0000000Z;18.176;18.196;2779;2779
2026-06-08T08:18:03.0000000Z;18.176;18.202;2779;2779
2026-06-08T08:18:32.0000000Z;18.176;18.202;2779;2779
2026-06-08T08:18:51.0000000Z;18.182;18.202;2779;2779
2026-06-08T08:18:52.0000000Z;18.182;18.21;2779;2779
2026-06-08T08:19:23.0000000Z;18.182;18.21;2779;2779
2026-06-08T08:19:41.0000000Z;18.19;18.216;2779;2779
2026-06-08T08:20:11.0000000Z;18.19;18.216;2779;2779
2026-06-08T08:20:22.0000000Z;18.19;18.21;2779;2779
2026-06-08T08:20:23.0000000Z;18.182;18.21;2779;2779
2026-06-08T08:20:36.0000000Z;18.182;18.202;2779;2779
2026-06-08T08:20:38.0000000Z;18.176;18.202;2779;2779
2026-06-08T08:21:07.0000000Z;18.176;18.202;2779;2779
2026-06-08T08:21:24.0000000Z;18.176;18.196;2779;2779
2026-06-08T08:21:26.0000000Z;18.168;18.196;2779;2779
2026-06-08T08:21:57.0000000Z;18.168;18.196;2779;2779
2026-06-08T08:22:11.0000000Z;18.168;18.188;2779;2779
2026-06-08T08:22:13.0000000Z;18.162;18.188;2779;2779
2026-06-08T08:22:29.0000000Z;18.168;18.188;2779;2779
2026-06-08T08:22:31.0000000Z;18.168;18.196;2779;2779
2026-06-08T08:22:59.0000000Z;18.168;18.196;2779;2779
2026-06-08T08:23:02.0000000Z;18.168;18.188;2779;2779
2026-06-08T08:23:04.0000000Z;18.162;18.188;2779;2779
2026-06-08T08:23:34.0000000Z;18.162;18.188;2779;2779
2026-06-08T08:24:03.0000000Z;18.168;18.188;2779;2779
2026-06-08T08:24:04.0000000Z;18.168;18.196;2779;2779
2026-06-08T08:24:14.0000000Z;18.176;18.196;2779;2779
2026-06-08T08:24:16.0000000Z;18.176;18.202;2779;2779
2026-06-08T08:24:45.0000000Z;18.176;18.202;2779;2779
2026-06-08T08:24:46.0000000Z;18.176;18.196;2779;2779
2026-06-08T08:24:47.0000000Z;18.168;18.196;2779;2779
2026-06-08T08:25:18.0000000Z;18.168;18.196;2779;2779
2026-06-08T08:25:48.0000000Z;18.168;18.196;2779;2779
2026-06-08T08:25:51.0000000Z;18.176;18.196;2779;2779
2026-06-08T08:25:53.0000000Z;18.176;18.202;2779;2779
2026-06-08T08:26:23.0000000Z;18.176;18.202;2779;2779
2026-06-08T08:26:35.0000000Z;18.182;18.202;2779;2779
2026-06-08T08:26:36.0000000Z;18.182;18.21;2779;2779
2026-06-08T08:27:06.0000000Z;18.182;18.21;2779;2779
2026-06-08T08:27:21.0000000Z;18.182;18.202;2779;2779
2026-06-08T08:27:22.0000000Z;18.176;18.202;2779;2779
2026-06-08T08:27:52.0000000Z;18.176;18.202;2779;2779
2026-06-08T08:28:23.0000000Z;18.176;18.202;2779;2779
2026-06-08T08:28:53.0000000Z;18.176;18.202;2779;2779
2026-06-08T08:29:24.0000000Z;18.176;18.202;2779;2779
2026-06-08T08:29:54.0000000Z;18.176;18.202;2779;2779
2026-06-08T08:29:56.0000000Z;18.182;18.202;2779;2779
2026-06-08T08:29:59.0000000Z;18.182;18.21;2779;2779
2026-06-08T08:30:29.0000000Z;18.182;18.21;2779;2779
2026-06-08T08:30:52.0000000Z;18.19;18.21;2779;2779
2026-06-08T08:30:54.0000000Z;18.19;18.216;2779;2779
2026-06-08T08:31:24.0000000Z;18.19;18.216;2779;2779
2026-06-08T08:31:54.0000000Z;18.19;18.216;2779;2779
2026-06-08T08:32:05.0000000Z;18.196;18.216;2779;2779
2026-06-08T08:32:06.0000000Z;18.196;18.224;2779;2779
2026-06-08T08:32:37.0000000Z;18.196;18.224;2779;2779
2026-06-08T08:33:08.0000000Z;18.196;18.224;2779;2779
2026-06-08T08:33:38.0000000Z;18.196;18.224;2779;2779
2026-06-08T08:34:09.0000000Z;18.196;18.224;2779;2779
2026-06-08T08:34:39.0000000Z;18.196;18.224;2779;2779
2026-06-08T08:34:44.0000000Z;18.196;18.216;2779;2779
2026-06-08T08:34:46.0000000Z;18.19;18.216;2779;2779
2026-06-08T08:35:17.0000000Z;18.19;18.216;2779;2779
2026-06-08T08:35:34.0000000Z;18.19;18.21;2779;2779
2026-06-08T08:35:37.0000000Z;18.182;18.21;2779;2779
2026-06-08T08:36:07.0000000Z;18.182;18.21;2779;2779
2026-06-08T08:36:37.0000000Z;18.182;18.21;2779;2779
2026-06-08T08:37:08.0000000Z;18.182;18.21;2779;2779
2026-06-08T08:37:39.0000000Z;18.182;18.21;2779;2779
2026-06-08T08:38:09.0000000Z;18.182;18.21;2779;2779
2026-06-08T08:38:40.0000000Z;18.182;18.21;2779;2779
2026-06-08T08:39:08.0000000Z;18.182;18.202;2779;2779
2026-06-08T08:39:09.0000000Z;18.176;18.202;2779;2779
2026-06-08T08:39:40.0000000Z;18.176;18.202;2779;2779
2026-06-08T08:40:10.0000000Z;18.176;18.202;2779;2779
2026-06-08T08:40:41.0000000Z;18.176;18.202;2779;2779
2026-06-08T08:40:49.0000000Z;18.176;18.196;2779;2779
2026-06-08T08:40:51.0000000Z;18.168;18.188;2779;2779
2026-06-08T08:40:53.0000000Z;18.162;18.188;2779;2779
2026-06-08T08:41:23.0000000Z;18.162;18.188;2779;2779
2026-06-08T08:41:54.0000000Z;18.162;18.188;2779;2779
2026-06-08T08:42:24.0000000Z;18.162;18.188;2779;2779
2026-06-08T08:42:55.0000000Z;18.162;18.188;2779;2779
2026-06-08T08:43:25.0000000Z;18.162;18.188;2779;2779
2026-06-08T08:43:56.0000000Z;18.162;18.188;2779;2779
2026-06-08T08:44:26.0000000Z;18.162;18.188;2779;2779
2026-06-08T08:44:57.0000000Z;18.162;18.188;2779;2779
2026-06-08T08:45:28.0000000Z;18.162;18.188;2779;2779
2026-06-08T08:45:49.0000000Z;18.168;18.188;2779;2779
2026-06-08T08:45:51.0000000Z;18.168;18.196;2779;2779
2026-06-08T08:46:22.0000000Z;18.168;18.196;2779;2779
2026-06-08T08:46:41.0000000Z;18.168;18.188;2779;2779
2026-06-08T08:46:43.0000000Z;18.162;18.188;2779;2779
2026-06-08T08:47:11.0000000Z;18.162;18.182;2779;2779
2026-06-08T08:47:14.0000000Z;18.154;18.182;2779;2779
2026-06-08T08:47:29.0000000Z;18.154;18.174;2779;2779
2026-06-08T08:47:32.0000000Z;18.148;18.174;2779;2779
2026-06-08T08:47:36.0000000Z;18.154;18.174;2779;2779
2026-06-08T08:47:38.0000000Z;18.154;18.182;2779;2779
2026-06-08T08:47:42.0000000Z;18.154;18.174;2779;2779
2026-06-08T08:47:44.0000000Z;18.148;18.174;2779;2779
2026-06-08T08:48:14.0000000Z;18.148;18.174;2779;2779
2026-06-08T08:48:45.0000000Z;18.148;18.174;2779;2779
2026-06-08T08:48:53.0000000Z;18.154;18.174;2779;2779
2026-06-08T08:48:55.0000000Z;18.154;18.182;2779;2779
2026-06-08T08:49:06.0000000Z;18.162;18.182;2779;2779
2026-06-08T08:49:07.0000000Z;18.162;18.188;2779;2779
2026-06-08T08:49:31.0000000Z;18.168;18.196;2779;2779
2026-06-08T08:50:02.0000000Z;18.168;18.196;2779;2779
2026-06-08T08:50:33.0000000Z;18.168;18.196;2779;2779
2026-06-08T08:51:03.0000000Z;18.168;18.196;2779;2779
2026-06-08T08:51:34.0000000Z;18.168;18.196;2779;2779
2026-06-08T08:52:00.0000000Z;18.168;18.188;2779;2779
2026-06-08T08:52:05.0000000Z;18.162;18.188;2779;2779
2026-06-08T08:52:32.0000000Z;18.162;18.188;2779;2779
2026-06-08T08:53:02.0000000Z;18.162;18.188;2779;2779
2026-06-08T08:53:30.0000000Z;18.162;18.182;2779;2779
2026-06-08T08:53:32.0000000Z;18.154;18.182;2779;2779
2026-06-08T08:54:02.0000000Z;18.154;18.182;2779;2779
2026-06-08T08:54:33.0000000Z;18.154;18.182;2779;2779
2026-06-08T08:54:51.0000000Z;18.162;18.182;2779;2779
2026-06-08T08:54:53.0000000Z;18.162;18.188;2779;2779
2026-06-08T08:55:18.0000000Z;18.162;18.182;2779;2779
2026-06-08T08:55:20.0000000Z;18.154;18.182;2779;2779
2026-06-08T08:55:40.0000000Z;18.154;18.174;2779;2779
2026-06-08T08:55:42.0000000Z;18.148;18.174;2779;2779
2026-06-08T08:56:13.0000000Z;18.148;18.174;2779;2779
2026-06-08T08:56:16.0000000Z;18.154;18.174;2779;2779
2026-06-08T08:56:19.0000000Z;18.154;18.182;2779;2779
2026-06-08T08:56:49.0000000Z;18.154;18.182;2779;2779
2026-06-08T08:56:58.0000000Z;18.162;18.182;2779;2779
2026-06-08T08:57:01.0000000Z;18.162;18.188;2779;2779
2026-06-08T08:57:31.0000000Z;18.162;18.188;2779;2779
2026-06-08T08:58:02.0000000Z;18.162;18.188;2779;2779
2026-06-08T08:58:26.0000000Z;18.168;18.196;2779;2779
2026-06-08T08:58:57.0000000Z;18.168;18.196;2779;2779
2026-06-08T08:59:27.0000000Z;18.168;18.196;2779;2779
2026-06-08T08:59:58.0000000Z;18.168;18.196;2779;2779
2026-06-08T09:00:28.0000000Z;18.168;18.196;2779;2779
2026-06-08T09:00:46.0000000Z;18.176;18.196;2779;2779
2026-06-08T09:00:51.0000000Z;18.176;18.202;2779;2779
2026-06-08T09:01:21.0000000Z;18.176;18.202;2779;2779
2026-06-08T09:01:24.0000000Z;18.182;18.202;2779;2779
2026-06-08T09:01:31.0000000Z;18.182;18.21;2779;2779
2026-06-08T09:01:42.0000000Z;18.19;18.21;2779;2779
2026-06-08T09:01:43.0000000Z;18.19;18.216;2779;2779
2026-06-08T09:02:14.0000000Z;18.19;18.216;2779;2779
2026-06-08T09:02:18.0000000Z;18.19;18.21;2779;2779
2026-06-08T09:02:20.0000000Z;18.182;18.21;2779;2779
2026-06-08T09:02:50.0000000Z;18.182;18.21;2779;2779
2026-06-08T09:02:58.0000000Z;18.19;18.21;2779;2779
2026-06-08T09:03:00.0000000Z;18.19;18.216;2779;2779
2026-06-08T09:03:30.0000000Z;18.19;18.216;2779;2779
2026-06-08T09:04:01.0000000Z;18.19;18.216;2779;2779
2026-06-08T09:04:31.0000000Z;18.19;18.216;2779;2779
2026-06-08T09:05:02.0000000Z;18.19;18.216;2779;2779
2026-06-08T09:05:33.0000000Z;18.19;18.216;2779;2779
2026-06-08T09:05:49.0000000Z;18.19;18.21;2779;2779
2026-06-08T09:05:50.0000000Z;18.182;18.21;2779;2779
2026-06-08T09:06:16.0000000Z;18.182;18.202;2779;2779
2026-06-08T09:06:18.0000000Z;18.176;18.202;2779;2779
2026-06-08T09:06:47.0000000Z;18.176;18.202;2779;2779
2026-06-08T09:07:17.0000000Z;18.176;18.202;2779;2779
2026-06-08T09:07:23.0000000Z;18.176;18.196;2779;2779
2026-06-08T09:07:25.0000000Z;18.168;18.196;2779;2779
2026-06-08T09:07:55.0000000Z;18.168;18.196;2779;2779
2026-06-08T09:08:26.0000000Z;18.168;18.196;2779;2779
2026-06-08T09:08:56.0000000Z;18.168;18.196;2779;2779
2026-06-08T09:09:27.0000000Z;18.168;18.196;2779;2779
2026-06-08T09:09:57.0000000Z;18.168;18.196;2779;2779
2026-06-08T09:10:28.0000000Z;18.168;18.196;2779;2779
2026-06-08T09:10:31.0000000Z;18.176;18.196;2779;2779
2026-06-08T09:10:33.0000000Z;18.176;18.202;2779;2779
2026-06-08T09:11:02.0000000Z;18.176;18.202;2779;2779
2026-06-08T09:11:32.0000000Z;18.176;18.202;2779;2779
2026-06-08T09:12:03.0000000Z;18.176;18.202;2779;2779
2026-06-08T09:12:33.0000000Z;18.176;18.202;2779;2779
2026-06-08T09:13:03.0000000Z;18.182;18.202;2779;2779
2026-06-08T09:13:05.0000000Z;18.182;18.21;2779;2779
2026-06-08T09:13:35.0000000Z;18.19;18.21;2779;2779
2026-06-08T09:13:37.0000000Z;18.19;18.216;2779;2779
2026-06-08T09:14:08.0000000Z;18.19;18.216;2779;2779
2026-06-08T09:14:39.0000000Z;18.19;18.216;2779;2779
2026-06-08T09:15:09.0000000Z;18.19;18.216;2779;2779
2026-06-08T09:15:40.0000000Z;18.19;18.216;2779;2779
2026-06-08T09:16:06.0000000Z;18.196;18.216;2779;2779
2026-06-08T09:16:07.0000000Z;18.196;18.224;2779;2779
2026-06-08T09:16:25.0000000Z;18.204;18.224;2779;2779
2026-06-08T09:16:27.0000000Z;18.204;18.23;2779;2779
2026-06-08T09:16:58.0000000Z;18.204;18.23;2779;2779
2026-06-08T09:17:16.0000000Z;18.204;18.224;2779;2779
2026-06-08T09:17:18.0000000Z;18.196;18.224;2779;2779
2026-06-08T09:17:49.0000000Z;18.196;18.224;2779;2779
2026-06-08T09:18:20.0000000Z;18.196;18.224;2779;2779
2026-06-08T09:18:50.0000000Z;18.196;18.224;2779;2779
2026-06-08T09:19:21.0000000Z;18.196;18.224;2779;2779
2026-06-08T09:19:51.0000000Z;18.196;18.224;2779;2779
2026-06-08T09:20:02.0000000Z;18.204;18.224;2779;2779
2026-06-08T09:20:18.0000000Z;18.204;18.23;2779;2779
2026-06-08T09:20:34.0000000Z;18.204;18.23;2779;2779
2026-06-08T09:20:39.0000000Z;18.21;18.23;2779;2779
2026-06-08T09:20:40.0000000Z;18.21;18.238;2779;2779
2026-06-08T09:21:11.0000000Z;18.21;18.238;2779;2779
2026-06-08T09:21:12.0000000Z;18.218;18.238;2779;2779
2026-06-08T09:21:13.0000000Z;18.218;18.244;2779;2779
2026-06-08T09:21:43.0000000Z;18.218;18.244;2779;2779
2026-06-08T09:22:14.0000000Z;18.218;18.244;2779;2779
2026-06-08T09:22:19.0000000Z;18.218;18.238;2779;2779
2026-06-08T09:22:20.0000000Z;18.21;18.238;2779;2779
2026-06-08T09:22:50.0000000Z;18.21;18.238;2779;2779
2026-06-08T09:23:21.0000000Z;18.21;18.238;2779;2779
2026-06-08T09:23:52.0000000Z;18.21;18.238;2779;2779
2026-06-08T09:24:22.0000000Z;18.21;18.238;2779;2779
2026-06-08T09:24:53.0000000Z;18.21;18.238;2779;2779
2026-06-08T09:25:23.0000000Z;18.204;18.23;2779;2779
2026-06-08T09:25:54.0000000Z;18.204;18.23;2779;2779
2026-06-08T09:26:24.0000000Z;18.204;18.23;2779;2779
2026-06-08T09:26:55.0000000Z;18.204;18.23;2779;2779
2026-06-08T09:27:26.0000000Z;18.204;18.23;2779;2779
2026-06-08T09:27:56.0000000Z;18.204;18.23;2779;2779
2026-06-08T09:28:18.0000000Z;18.204;18.224;2779;2779
2026-06-08T09:28:19.0000000Z;18.196;18.224;2779;2779
2026-06-08T09:28:49.0000000Z;18.196;18.224;2779;2779
2026-06-08T09:29:20.0000000Z;18.196;18.224;2779;2779
2026-06-08T09:29:50.0000000Z;18.196;18.224;2779;2779
2026-06-08T09:30:21.0000000Z;18.196;18.224;2779;2779
2026-06-08T09:30:51.0000000Z;18.196;18.224;2779;2779
2026-06-08T09:31:22.0000000Z;18.196;18.224;2779;2779
2026-06-08T09:31:53.0000000Z;18.196;18.224;2779;2779
2026-06-08T09:32:20.0000000Z;18.196;18.216;2779;2779
2026-06-08T09:32:23.0000000Z;18.19;18.216;2779;2779
2026-06-08T09:32:53.0000000Z;18.19;18.216;2779;2779
2026-06-08T09:33:23.0000000Z;18.19;18.216;2779;2779
2026-06-08T09:33:54.0000000Z;18.19;18.216;2779;2779
2026-06-08T09:34:24.0000000Z;18.19;18.216;2779;2779
2026-06-08T09:34:54.0000000Z;18.19;18.21;2779;2779
2026-06-08T09:34:55.0000000Z;18.182;18.21;2779;2779
2026-06-08T09:35:26.0000000Z;18.182;18.21;2779;2779
2026-06-08T09:35:56.0000000Z;18.182;18.21;2779;2779
2026-06-08T09:36:27.0000000Z;18.182;18.21;2779;2779
2026-06-08T09:36:34.0000000Z;18.19;18.21;2779;2779
2026-06-08T09:36:36.0000000Z;18.19;18.216;2779;2779
2026-06-08T09:36:46.0000000Z;18.224;18.226;2779;2779
2026-06-08T09:36:48.0000000Z;18.224;18.252;2779;2779
2026-06-08T09:36:57.0000000Z;18.232;18.252;2779;2779
2026-06-08T09:37:03.0000000Z;18.224;18.252;2779;2779
2026-06-08T09:37:07.0000000Z;18.224;18.244;2779;2779
2026-06-08T09:37:11.0000000Z;18.218;18.244;2779;2779
2026-06-08T09:37:18.0000000Z;18.224;18.244;2779;2779
2026-06-08T09:37:19.0000000Z;18.224;18.252;2779;2779
2026-06-08T09:37:36.0000000Z;18.238;18.252;2779;2779
2026-06-08T09:37:38.0000000Z;18.238;18.244;2779;2779
2026-06-08T09:37:53.0000000Z;18.238;18.258;2779;2779
2026-06-08T09:37:57.0000000Z;18.238;18.242;2779;2779
2026-06-08T09:38:11.0000000Z;18.232;18.234;2779;2779
2026-06-08T09:38:15.0000000Z;18.208;18.234;2779;2779
2026-06-08T09:38:38.0000000Z;18.216;18.234;2779;2779
2026-06-08T09:38:40.0000000Z;18.216;18.242;2779;2779
2026-06-08T09:38:47.0000000Z;18.216;18.236;2779;2779
2026-06-08T09:38:48.0000000Z;18.208;18.236;2779;2779
2026-06-08T09:39:12.0000000Z;18.216;18.236;2779;2779
2026-06-08T09:39:15.0000000Z;18.216;18.242;2779;2779
2026-06-08T09:39:46.0000000Z;18.216;18.242;2779;2779
2026-06-08T09:39:50.0000000Z;18.216;18.236;2779;2779
2026-06-08T09:39:51.0000000Z;18.208;18.236;2779;2779
2026-06-08T09:40:20.0000000Z;18.208;18.236;2779;2779
2026-06-08T09:40:37.0000000Z;18.216;18.236;2779;2779
2026-06-08T09:40:39.0000000Z;18.216;18.242;2779;2779
2026-06-08T09:41:09.0000000Z;18.216;18.242;2779;2779
2026-06-08T09:41:40.0000000Z;18.216;18.242;2779;2779
2026-06-08T09:42:10.0000000Z;18.216;18.242;2779;2779
2026-06-08T09:42:41.0000000Z;18.216;18.242;2779;2779
2026-06-08T09:42:54.0000000Z;18.224;18.242;2779;2779
2026-06-08T09:42:57.0000000Z;18.224;18.25;2779;2779
2026-06-08T09:43:25.0000000Z;18.224;18.25;2779;2779
2026-06-08T09:43:56.0000000Z;18.224;18.25;2779;2779
2026-06-08T09:44:18.0000000Z;18.232;18.25;2779;2779
2026-06-08T09:44:20.0000000Z;18.232;18.258;2779;2779
2026-06-08T09:44:51.0000000Z;18.232;18.258;2779;2779
2026-06-08T09:44:59.0000000Z;18.232;18.252;2779;2779
2026-06-08T09:45:01.0000000Z;18.224;18.252;2779;2779
2026-06-08T09:45:32.0000000Z;18.224;18.252;2779;2779
2026-06-08T09:45:57.0000000Z;18.232;18.252;2779;2779
2026-06-08T09:45:58.0000000Z;18.232;18.258;2779;2779
2026-06-08T09:46:28.0000000Z;18.232;18.258;2779;2779
2026-06-08T09:46:58.0000000Z;18.232;18.258;2779;2779
2026-06-08T09:47:29.0000000Z;18.232;18.258;2779;2779
2026-06-08T09:47:59.0000000Z;18.232;18.258;2779;2779
2026-06-08T09:48:30.0000000Z;18.232;18.258;2779;2779
2026-06-08T09:49:00.0000000Z;18.232;18.258;2779;2779
2026-06-08T09:49:31.0000000Z;18.232;18.258;2779;2779
2026-06-08T09:50:02.0000000Z;18.232;18.258;2779;2779
2026-06-08T09:50:07.0000000Z;18.232;18.252;2779;2779
2026-06-08T09:50:12.0000000Z;18.224;18.252;2779;2779
2026-06-08T09:50:39.0000000Z;18.232;18.252;2779;2779
2026-06-08T09:50:41.0000000Z;18.232;18.258;2779;2779
2026-06-08T09:50:55.0000000Z;18.232;18.252;2779;2779
2026-06-08T09:50:57.0000000Z;18.224;18.252;2779;2779
2026-06-08T09:51:28.0000000Z;18.224;18.252;2779;2779
2026-06-08T09:51:59.0000000Z;18.224;18.252;2779;2779
2026-06-08T09:52:06.0000000Z;18.232;18.252;2779;2779
2026-06-08T09:52:08.0000000Z;18.232;18.258;2779;2779
2026-06-08T09:52:38.0000000Z;18.232;18.258;2779;2779
2026-06-08T09:53:06.0000000Z;18.232;18.252;2779;2779
2026-06-08T09:53:09.0000000Z;18.224;18.252;2779;2779
2026-06-08T09:53:17.0000000Z;18.232;18.252;2779;2779
2026-06-08T09:53:19.0000000Z;18.232;18.258;2779;2779
2026-06-08T09:53:50.0000000Z;18.232;18.258;2779;2779
2026-06-08T09:54:20.0000000Z;18.232;18.258;2779;2779
2026-06-08T09:54:51.0000000Z;18.232;18.258;2779;2779
2026-06-08T09:55:22.0000000Z;18.232;18.258;2779;2779
2026-06-08T09:55:52.0000000Z;18.232;18.258;2779;2779
2026-06-08T09:56:23.0000000Z;18.232;18.258;2779;2779
2026-06-08T09:56:49.0000000Z;18.232;18.252;2779;2779
2026-06-08T09:56:52.0000000Z;18.224;18.252;2779;2779
2026-06-08T09:57:23.0000000Z;18.224;18.252;2779;2779
2026-06-08T09:57:33.0000000Z;18.232;18.252;2779;2779
2026-06-08T09:57:34.0000000Z;18.232;18.258;2779;2779
2026-06-08T09:58:05.0000000Z;18.232;18.258;2779;2779
2026-06-08T09:58:35.0000000Z;18.24;18.258;2779;2779
2026-06-08T09:58:37.0000000Z;18.24;18.266;2779;2779
2026-06-08T09:58:54.0000000Z;18.24;18.26;2779;2779
2026-06-08T09:58:55.0000000Z;18.232;18.26;2779;2779
2026-06-08T09:59:26.0000000Z;18.232;18.26;2779;2779
2026-06-08T09:59:56.0000000Z;18.232;18.26;2779;2779
2026-06-08T10:00:00.0000000Z;18.24;18.266;2779;2779
2026-06-08T10:00:15.0000000Z;18.24;18.264;2779;2779
2026-06-08T10:00:20.0000000Z;18.24;18.26;2779;2779
2026-06-08T10:00:28.0000000Z;18.232;18.26;2779;2779
2026-06-08T10:00:51.0000000Z;18.232;18.26;2779;2779
2026-06-08T10:01:21.0000000Z;18.232;18.26;2779;2779
2026-06-08T10:01:52.0000000Z;18.232;18.26;2779;2779
2026-06-08T10:02:02.0000000Z;18.232;18.252;2779;2779
2026-06-08T10:02:03.0000000Z;18.226;18.252;2779;2779
2026-06-08T10:02:07.0000000Z;18.226;18.238;2779;2779
2026-06-08T10:02:11.0000000Z;18.226;18.246;2779;2779
2026-06-08T10:02:13.0000000Z;18.22;18.238;2779;2779
2026-06-08T10:02:14.0000000Z;18.22;18.246;2779;2779
2026-06-08T10:02:45.0000000Z;18.22;18.246;2779;2779
2026-06-08T10:02:57.0000000Z;18.228;18.246;2779;2779
2026-06-08T10:02:58.0000000Z;18.228;18.254;2779;2779
2026-06-08T10:03:29.0000000Z;18.228;18.254;2779;2779
2026-06-08T10:04:00.0000000Z;18.228;18.254;2779;2779
2026-06-08T10:04:06.0000000Z;18.228;18.248;2779;2779
2026-06-08T10:04:09.0000000Z;18.22;18.248;2779;2779
2026-06-08T10:04:18.0000000Z;18.228;18.248;2779;2779
2026-06-08T10:04:20.0000000Z;18.228;18.254;2779;2779
2026-06-08T10:04:51.0000000Z;18.228;18.254;2779;2779
2026-06-08T10:05:21.0000000Z;18.228;18.254;2779;2779
2026-06-08T10:05:52.0000000Z;18.228;18.254;2779;2779
2026-06-08T10:06:13.0000000Z;18.236;18.254;2779;2779
2026-06-08T10:06:15.0000000Z;18.236;18.262;2779;2779
2026-06-08T10:06:46.0000000Z;18.236;18.262;2779;2779
2026-06-08T10:06:51.0000000Z;18.244;18.262;2779;2779
2026-06-08T10:06:54.0000000Z;18.244;18.27;2779;2779
2026-06-08T10:07:24.0000000Z;18.244;18.27;2779;2779
2026-06-08T10:07:33.0000000Z;18.252;18.27;2779;2779
2026-06-08T10:07:35.0000000Z;18.252;18.278;2779;2779
2026-06-08T10:08:05.0000000Z;18.252;18.278;2779;2779
2026-06-08T10:08:36.0000000Z;18.252;18.278;2779;2779
2026-06-08T10:09:06.0000000Z;18.252;18.278;2779;2779
2026-06-08T10:09:37.0000000Z;18.252;18.278;2779;2779
2026-06-08T10:09:54.0000000Z;18.252;18.272;2779;2779
2026-06-08T10:09:56.0000000Z;18.244;18.272;2779;2779
2026-06-08T10:10:27.0000000Z;18.244;18.272;2779;2779
2026-06-08T10:10:57.0000000Z;18.244;18.272;2779;2779
2026-06-08T10:10:59.0000000Z;18.252;18.272;2779;2779
2026-06-08T10:11:01.0000000Z;18.252;18.278;2779;2779
2026-06-08T10:11:31.0000000Z;18.252;18.278;2779;2779
2026-06-08T10:12:01.0000000Z;18.252;18.278;2779;2779
2026-06-08T10:12:32.0000000Z;18.252;18.278;2779;2779
2026-06-08T10:13:02.0000000Z;18.252;18.278;2779;2779
2026-06-08T10:13:33.0000000Z;18.252;18.278;2779;2779
2026-06-08T10:14:04.0000000Z;18.252;18.278;2779;2779
2026-06-08T10:14:34.0000000Z;18.252;18.278;2779;2779
2026-06-08T10:15:05.0000000Z;18.252;18.278;2779;2779
2026-06-08T10:15:35.0000000Z;18.252;18.278;2779;2779
2026-06-08T10:16:06.0000000Z;18.252;18.278;2779;2779
2026-06-08T10:16:36.0000000Z;18.252;18.278;2779;2779
2026-06-08T10:16:39.0000000Z;18.252;18.272;2779;2779
2026-06-08T10:16:41.0000000Z;18.244;18.272;2779;2779
2026-06-08T10:17:05.0000000Z;18.238;18.264;2779;2779
2026-06-08T10:17:36.0000000Z;18.238;18.264;2779;2779
2026-06-08T10:18:07.0000000Z;18.238;18.264;2779;2779
2026-06-08T10:18:37.0000000Z;18.238;18.264;2779;2779
2026-06-08T10:19:08.0000000Z;18.238;18.264;2779;2779
2026-06-08T10:19:39.0000000Z;18.238;18.264;2779;2779
2026-06-08T10:19:56.0000000Z;18.238;18.258;2779;2779
2026-06-08T10:19:58.0000000Z;18.23;18.258;2779;2779
2026-06-08T10:20:28.0000000Z;18.23;18.258;2779;2779
2026-06-08T10:20:58.0000000Z;18.238;18.258;2779;2779
2026-06-08T10:21:01.0000000Z;18.238;18.264;2779;2779
2026-06-08T10:21:31.0000000Z;18.238;18.264;2779;2779
2026-06-08T10:21:46.0000000Z;18.238;18.258;2779;2779
2026-06-08T10:21:48.0000000Z;18.23;18.258;2779;2779
2026-06-08T10:22:18.0000000Z;18.23;18.258;2779;2779
2026-06-08T10:22:49.0000000Z;18.23;18.258;2779;2779
2026-06-08T10:22:51.0000000Z;18.23;18.25;2779;2779
2026-06-08T10:22:52.0000000Z;18.224;18.25;2779;2779
2026-06-08T10:23:23.0000000Z;18.224;18.25;2779;2779
2026-06-08T10:23:54.0000000Z;18.224;18.25;2779;2779
2026-06-08T10:24:24.0000000Z;18.232;18.25;2779;2779
2026-06-08T10:24:26.0000000Z;18.232;18.258;2779;2779
2026-06-08T10:24:56.0000000Z;18.232;18.258;2779;2779
2026-06-08T10:25:27.0000000Z;18.232;18.258;2779;2779
2026-06-08T10:25:54.0000000Z;18.24;18.258;2779;2779
2026-06-08T10:25:59.0000000Z;18.24;18.266;2779;2779
2026-06-08T10:26:25.0000000Z;18.24;18.266;2779;2779
2026-06-08T10:26:55.0000000Z;18.24;18.266;2779;2779
2026-06-08T10:27:26.0000000Z;18.24;18.266;2779;2779
2026-06-08T10:27:56.0000000Z;18.24;18.266;2779;2779
2026-06-08T10:28:10.0000000Z;18.24;18.26;2779;2779
2026-06-08T10:28:12.0000000Z;18.232;18.26;2779;2779
2026-06-08T10:28:43.0000000Z;18.232;18.26;2779;2779
2026-06-08T10:29:06.0000000Z;18.24;18.266;2779;2779
2026-06-08T10:29:37.0000000Z;18.24;18.266;2779;2779
2026-06-08T10:29:45.0000000Z;18.248;18.266;2779;2779
2026-06-08T10:29:47.0000000Z;18.248;18.274;2779;2779
2026-06-08T10:30:18.0000000Z;18.248;18.274;2779;2779
2026-06-08T10:30:48.0000000Z;18.248;18.274;2779;2779
2026-06-08T10:31:19.0000000Z;18.248;18.274;2779;2779
2026-06-08T10:31:49.0000000Z;18.248;18.274;2779;2779
2026-06-08T10:32:20.0000000Z;18.248;18.274;2779;2779
2026-06-08T10:32:51.0000000Z;18.248;18.274;2779;2779
2026-06-08T10:33:21.0000000Z;18.248;18.274;2779;2779
2026-06-08T10:33:52.0000000Z;18.248;18.274;2779;2779
2026-06-08T10:34:15.0000000Z;18.3;18.302;2779;2779
2026-06-08T10:34:16.0000000Z;18.308;18.334;2779;2779
2026-06-08T10:34:24.0000000Z;18.294;18.32;2779;2779
2026-06-08T10:34:28.0000000Z;18.318;18.344;2779;2779
2026-06-08T10:34:32.0000000Z;18.318;18.346;2779;2779
2026-06-08T10:34:38.0000000Z;18.28;18.38;2779;2779
2026-06-08T10:34:54.0000000Z;18.28;18.354;2779;2779
2026-06-08T10:34:55.0000000Z;18.254;18.354;2779;2779
2026-06-08T10:35:25.0000000Z;18.254;18.354;2779;2779
2026-06-08T10:35:29.0000000Z;18.254;18.33;2779;2779
2026-06-08T10:36:00.0000000Z;18.254;18.33;2779;2779
2026-06-08T10:36:02.0000000Z;18.254;18.332;2779;2779
2026-06-08T10:36:08.0000000Z;18.254;18.328;2779;2779
2026-06-08T10:36:12.0000000Z;18.252;18.328;2779;2779
2026-06-08T10:36:40.0000000Z;18.252;18.328;2779;2779
2026-06-08T10:37:11.0000000Z;18.252;18.328;2779;2779
2026-06-08T10:37:41.0000000Z;18.252;18.328;2779;2779
2026-06-08T10:38:12.0000000Z;18.252;18.328;2779;2779
2026-06-08T10:38:42.0000000Z;18.252;18.328;2779;2779
2026-06-08T10:39:13.0000000Z;18.252;18.328;2779;2779
2026-06-08T10:39:44.0000000Z;18.252;18.328;2779;2779
2026-06-08T10:40:14.0000000Z;18.252;18.328;2779;2779
2026-06-08T10:40:45.0000000Z;18.252;18.328;2779;2779
2026-06-08T10:41:16.0000000Z;18.252;18.328;2779;2779
2026-06-08T10:41:46.0000000Z;18.252;18.328;2779;2779
2026-06-08T10:42:17.0000000Z;18.252;18.328;2779;2779
2026-06-08T10:42:47.0000000Z;18.252;18.328;2779;2779
2026-06-08T10:43:18.0000000Z;18.252;18.328;2779;2779
2026-06-08T10:43:49.0000000Z;18.252;18.328;2779;2779
2026-06-08T10:44:19.0000000Z;18.252;18.328;2779;2779
2026-06-08T10:44:50.0000000Z;18.252;18.328;2779;2779
2026-06-08T10:45:20.0000000Z;18.252;18.328;2779;2779
2026-06-08T10:45:51.0000000Z;18.252;18.328;2779;2779
2026-06-08T10:46:22.0000000Z;18.252;18.328;2779;2779
2026-06-08T10:46:52.0000000Z;18.252;18.328;2779;2779
2026-06-08T10:47:22.0000000Z;18.252;18.308;2779;2779
2026-06-08T10:47:28.0000000Z;18.252;18.316;2779;2779
2026-06-08T10:47:29.0000000Z;18.252;18.308;2779;2779
2026-06-08T10:47:38.0000000Z;18.252;18.32;2779;2779
2026-06-08T10:47:42.0000000Z;18.252;18.328;2779;2779
2026-06-08T10:47:58.0000000Z;18.252;18.324;2779;2779
2026-06-08T10:47:59.0000000Z;18.252;18.308;2779;2779
2026-06-08T10:48:17.0000000Z;18.252;18.328;2779;2779
2026-06-08T10:48:47.0000000Z;18.252;18.328;2779;2779
2026-06-08T10:49:18.0000000Z;18.252;18.328;2779;2779
2026-06-08T10:49:48.0000000Z;18.252;18.328;2779;2779
2026-06-08T10:50:09.0000000Z;18.252;18.308;2779;2779
2026-06-08T10:50:22.0000000Z;18.252;18.312;2779;2779
2026-06-08T10:50:23.0000000Z;18.252;18.308;2779;2779
2026-06-08T10:50:54.0000000Z;18.252;18.308;2779;2779
2026-06-08T10:51:03.0000000Z;18.232;18.308;2779;2779
2026-06-08T10:51:33.0000000Z;18.232;18.308;2779;2779
2026-06-08T10:52:04.0000000Z;18.232;18.308;2779;2779
2026-06-08T10:52:34.0000000Z;18.232;18.308;2779;2779
2026-06-08T10:53:05.0000000Z;18.232;18.308;2779;2779
2026-06-08T10:53:35.0000000Z;18.232;18.308;2779;2779
2026-06-08T10:53:59.0000000Z;18.232;18.306;2779;2779
2026-06-08T10:54:01.0000000Z;18.232;18.308;2779;2779
2026-06-08T10:54:02.0000000Z;18.232;18.306;2779;2779
2026-06-08T10:54:08.0000000Z;18.232;18.308;2779;2779
2026-06-08T10:54:35.0000000Z;18.232;18.308;2779;2779
2026-06-08T10:55:05.0000000Z;18.232;18.308;2779;2779
2026-06-08T10:55:36.0000000Z;18.232;18.308;2779;2779
2026-06-08T10:55:37.0000000Z;18.232;18.306;2779;2779
2026-06-08T10:55:45.0000000Z;18.232;18.304;2779;2779
2026-06-08T10:56:16.0000000Z;18.232;18.304;2779;2779
2026-06-08T10:56:22.0000000Z;18.232;18.306;2779;2779
2026-06-08T10:56:25.0000000Z;18.232;18.304;2779;2779
2026-06-08T10:56:32.0000000Z;18.232;18.306;2779;2779
2026-06-08T10:56:36.0000000Z;18.232;18.304;2779;2779
2026-06-08T10:57:02.0000000Z;18.232;18.306;2779;2779
2026-06-08T10:57:03.0000000Z;18.232;18.304;2779;2779
2026-06-08T10:57:10.0000000Z;18.232;18.306;2779;2779
2026-06-08T10:57:11.0000000Z;18.232;18.304;2779;2779
2026-06-08T10:57:41.0000000Z;18.232;18.304;2779;2779
2026-06-08T10:58:08.0000000Z;18.232;18.304;2779;2779
2026-06-08T10:58:09.0000000Z;18.232;18.304;2779;2779
2026-06-08T10:58:11.0000000Z;18.232;18.306;2779;2779
2026-06-08T10:58:14.0000000Z;18.232;18.304;2779;2779
2026-06-08T10:58:44.0000000Z;18.232;18.304;2779;2779
2026-06-08T10:59:15.0000000Z;18.232;18.304;2779;2779
2026-06-08T10:59:46.0000000Z;18.232;18.304;2779;2779
2026-06-08T11:00:06.0000000Z;18.232;18.306;2779;2779
2026-06-08T11:00:07.0000000Z;18.232;18.304;2779;2779
2026-06-08T11:00:09.0000000Z;18.232;18.306;2779;2779
2026-06-08T11:00:11.0000000Z;18.232;18.304;2779;2779
2026-06-08T11:00:41.0000000Z;18.232;18.306;2779;2779
2026-06-08T11:00:43.0000000Z;18.232;18.304;2779;2779
2026-06-08T11:00:47.0000000Z;18.232;18.306;2779;2779
2026-06-08T11:00:53.0000000Z;18.232;18.308;2779;2779
2026-06-08T11:00:56.0000000Z;18.232;18.306;2779;2779
2026-06-08T11:01:01.0000000Z;18.232;18.304;2779;2779
2026-06-08T11:01:06.0000000Z;18.232;18.298;2779;2779
2026-06-08T11:01:13.0000000Z;18.232;18.296;2779;2779
2026-06-08T11:01:30.0000000Z;18.232;18.288;2779;2779
2026-06-08T11:01:32.0000000Z;18.212;18.288;2779;2779
2026-06-08T11:02:02.0000000Z;18.212;18.288;2779;2779
2026-06-08T11:02:33.0000000Z;18.212;18.288;2779;2779
2026-06-08T11:03:04.0000000Z;18.212;18.288;2779;2779
2026-06-08T11:03:34.0000000Z;18.212;18.288;2779;2779
2026-06-08T11:03:49.0000000Z;18.248;18.276;2779;2779
2026-06-08T11:04:19.0000000Z;18.248;18.276;2779;2779
2026-06-08T11:04:50.0000000Z;18.248;18.276;2779;2779
2026-06-08T11:04:55.0000000Z;18.256;18.276;2779;2779
2026-06-08T11:04:57.0000000Z;18.256;18.282;2779;2779
2026-06-08T11:05:27.0000000Z;18.256;18.282;2779;2779
2026-06-08T11:05:58.0000000Z;18.256;18.282;2779;2779
2026-06-08T11:06:29.0000000Z;18.256;18.282;2779;2779
2026-06-08T11:06:59.0000000Z;18.256;18.282;2779;2779
2026-06-08T11:07:30.0000000Z;18.256;18.282;2779;2779
2026-06-08T11:08:01.0000000Z;18.256;18.282;2779;2779
2026-06-08T11:08:17.0000000Z;18.264;18.282;2779;2779
2026-06-08T11:08:20.0000000Z;18.264;18.29;2779;2779
2026-06-08T11:08:50.0000000Z;18.264;18.29;2779;2779
2026-06-08T11:09:20.0000000Z;18.264;18.29;2779;2779
2026-06-08T11:09:51.0000000Z;18.264;18.29;2779;2779
2026-06-08T11:10:02.0000000Z;18.272;18.29;2779;2779
2026-06-08T11:10:05.0000000Z;18.272;18.298;2779;2779
2026-06-08T11:10:25.0000000Z;18.272;18.292;2779;2779
2026-06-08T11:10:27.0000000Z;18.264;18.292;2779;2779
2026-06-08T11:10:37.0000000Z;18.272;18.298;2779;2779
2026-06-08T11:10:50.0000000Z;18.262;18.314;2779;2779
2026-06-08T11:10:56.0000000Z;18.276;18.326;2779;2779
2026-06-08T11:11:04.0000000Z;18.304;18.354;2779;2779
2026-06-08T11:11:08.0000000Z;18.29;18.342;2779;2779
2026-06-08T11:11:38.0000000Z;18.29;18.342;2779;2779
2026-06-08T11:11:42.0000000Z;18.304;18.354;2779;2779
2026-06-08T11:11:53.0000000Z;18.29;18.342;2779;2779
2026-06-08T11:12:23.0000000Z;18.304;18.354;2779;2779
2026-06-08T11:12:54.0000000Z;18.304;18.354;2779;2779
2026-06-08T11:13:02.0000000Z;18.31;18.336;2779;2779
2026-06-08T11:13:12.0000000Z;18.31;18.338;2779;2779
2026-06-08T11:13:14.0000000Z;18.318;18.338;2779;2779
2026-06-08T11:13:20.0000000Z;18.31;18.338;2779;2779
2026-06-08T11:13:30.0000000Z;18.304;18.33;2779;2779
2026-06-08T11:14:00.0000000Z;18.304;18.33;2779;2779
2026-06-08T11:14:04.0000000Z;18.312;18.33;2779;2779
2026-06-08T11:14:07.0000000Z;18.312;18.338;2779;2779
2026-06-08T11:14:17.0000000Z;18.32;18.338;2779;2779
2026-06-08T11:14:20.0000000Z;18.32;18.346;2779;2779
2026-06-08T11:14:50.0000000Z;18.32;18.346;2779;2779
2026-06-08T11:14:58.0000000Z;18.336;18.346;2779;2779
2026-06-08T11:15:04.0000000Z;18.336;18.362;2779;2779
2026-06-08T11:15:06.0000000Z;18.37;18.396;2779;2779
2026-06-08T11:15:10.0000000Z;18.37;18.382;2779;2779
2026-06-08T11:15:14.0000000Z;18.356;18.376;2779;2779
2026-06-08T11:15:16.0000000Z;18.348;18.376;2779;2779
2026-06-08T11:15:19.0000000Z;18.25;18.418;2779;2779
2026-06-08T11:15:20.0000000Z;18.322;18.398;2779;2779
2026-06-08T11:15:50.0000000Z;18.322;18.398;2779;2779
2026-06-08T11:16:21.0000000Z;18.322;18.398;2779;2779
2026-06-08T11:16:51.0000000Z;18.322;18.398;2779;2779
2026-06-08T11:17:07.0000000Z;18.322;18.38;2779;2779
2026-06-08T11:17:08.0000000Z;18.302;18.38;2779;2779
2026-06-08T11:17:39.0000000Z;18.302;18.38;2779;2779
2026-06-08T11:18:10.0000000Z;18.302;18.38;2779;2779
2026-06-08T11:18:40.0000000Z;18.302;18.38;2779;2779
2026-06-08T11:19:11.0000000Z;18.302;18.38;2779;2779
2026-06-08T11:19:41.0000000Z;18.302;18.38;2779;2779
2026-06-08T11:19:50.0000000Z;18.322;18.38;2779;2779
2026-06-08T11:19:51.0000000Z;18.322;18.396;2779;2779
2026-06-08T11:19:59.0000000Z;18.322;18.398;2779;2779
2026-06-08T11:20:30.0000000Z;18.322;18.398;2779;2779
2026-06-08T11:21:00.0000000Z;18.322;18.398;2779;2779
2026-06-08T11:21:31.0000000Z;18.322;18.398;2779;2779
2026-06-08T11:22:01.0000000Z;18.322;18.398;2779;2779
2026-06-08T11:22:32.0000000Z;18.322;18.398;2779;2779
2026-06-08T11:23:02.0000000Z;18.322;18.398;2779;2779
2026-06-08T11:23:33.0000000Z;18.322;18.398;2779;2779
2026-06-08T11:24:03.0000000Z;18.322;18.398;2779;2779
2026-06-08T11:24:34.0000000Z;18.322;18.398;2779;2779
2026-06-08T11:25:04.0000000Z;18.322;18.398;2779;2779
2026-06-08T11:25:35.0000000Z;18.322;18.398;2779;2779
2026-06-08T11:26:05.0000000Z;18.322;18.398;2779;2779
2026-06-08T11:26:36.0000000Z;18.322;18.398;2779;2779
2026-06-08T11:27:06.0000000Z;18.322;18.398;2779;2779
2026-06-08T11:27:37.0000000Z;18.322;18.398;2779;2779
2026-06-08T11:28:07.0000000Z;18.322;18.398;2779;2779
2026-06-08T11:28:38.0000000Z;18.322;18.398;2779;2779
2026-06-08T11:29:09.0000000Z;18.322;18.398;2779;2779
2026-06-08T11:29:39.0000000Z;18.322;18.398;2779;2779
2026-06-08T11:30:10.0000000Z;18.322;18.398;2779;2779
2026-06-08T11:30:40.0000000Z;18.322;18.398;2779;2779
2026-06-08T11:31:11.0000000Z;18.322;18.398;2779;2779
2026-06-08T11:31:41.0000000Z;18.322;18.398;2779;2779
2026-06-08T11:32:07.0000000Z;18.342;18.398;2779;2779
2026-06-08T11:32:08.0000000Z;18.342;18.418;2779;2779
2026-06-08T11:32:10.0000000Z;18.342;18.412;2779;2779
2026-06-08T11:32:13.0000000Z;18.342;18.408;2779;2779
2026-06-08T11:32:43.0000000Z;18.342;18.408;2779;2779
2026-06-08T11:33:14.0000000Z;18.342;18.408;2779;2779
2026-06-08T11:33:44.0000000Z;18.342;18.408;2779;2779
2026-06-08T11:34:15.0000000Z;18.342;18.408;2779;2779
2026-06-08T11:34:46.0000000Z;18.342;18.408;2779;2779
2026-06-08T11:35:16.0000000Z;18.342;18.408;2779;2779
2026-06-08T11:35:45.0000000Z;18.342;18.412;2779;2779
2026-06-08T11:36:16.0000000Z;18.342;18.412;2779;2779
2026-06-08T11:36:47.0000000Z;18.342;18.412;2779;2779
2026-06-08T11:37:17.0000000Z;18.342;18.412;2779;2779
2026-06-08T11:37:48.0000000Z;18.342;18.412;2779;2779
2026-06-08T11:38:18.0000000Z;18.342;18.412;2779;2779
2026-06-08T11:38:49.0000000Z;18.342;18.412;2779;2779
2026-06-08T11:39:19.0000000Z;18.342;18.412;2779;2779
2026-06-08T11:39:50.0000000Z;18.342;18.412;2779;2779
2026-06-08T11:40:20.0000000Z;18.342;18.412;2779;2779
2026-06-08T11:40:51.0000000Z;18.342;18.412;2779;2779
2026-06-08T11:41:21.0000000Z;18.342;18.412;2779;2779
2026-06-08T11:41:52.0000000Z;18.342;18.412;2779;2779
2026-06-08T11:42:23.0000000Z;18.342;18.412;2779;2779
2026-06-08T11:42:53.0000000Z;18.342;18.412;2779;2779
2026-06-08T11:43:24.0000000Z;18.342;18.412;2779;2779
2026-06-08T11:43:54.0000000Z;18.342;18.412;2779;2779
2026-06-08T11:44:21.0000000Z;18.342;18.4;2779;2779
2026-06-08T11:44:22.0000000Z;18.322;18.4;2779;2779
2026-06-08T11:44:53.0000000Z;18.322;18.4;2779;2779
2026-06-08T11:45:24.0000000Z;18.322;18.4;2779;2779
2026-06-08T11:45:54.0000000Z;18.322;18.4;2779;2779
2026-06-08T11:46:25.0000000Z;18.322;18.4;2779;2779
2026-06-08T11:46:50.0000000Z;18.322;18.398;2779;2779
2026-06-08T11:47:21.0000000Z;18.322;18.398;2779;2779
2026-06-08T11:47:44.0000000Z;18.322;18.38;2779;2779
2026-06-08T11:47:45.0000000Z;18.302;18.38;2779;2779
2026-06-08T11:48:16.0000000Z;18.302;18.38;2779;2779
2026-06-08T11:48:46.0000000Z;18.302;18.38;2779;2779
2026-06-08T11:49:17.0000000Z;18.302;18.38;2779;2779
2026-06-08T11:49:47.0000000Z;18.302;18.38;2779;2779
2026-06-08T11:50:18.0000000Z;18.302;18.38;2779;2779
2026-06-08T11:50:48.0000000Z;18.302;18.38;2779;2779
2026-06-08T11:51:19.0000000Z;18.302;18.38;2779;2779
2026-06-08T11:51:49.0000000Z;18.302;18.38;2779;2779
2026-06-08T11:52:20.0000000Z;18.302;18.38;2779;2779
2026-06-08T11:52:50.0000000Z;18.302;18.38;2779;2779
2026-06-08T11:53:21.0000000Z;18.302;18.38;2779;2779
2026-06-08T11:53:52.0000000Z;18.302;18.38;2779;2779
2026-06-08T11:54:22.0000000Z;18.302;18.38;2779;2779
2026-06-08T11:54:53.0000000Z;18.302;18.38;2779;2779
2026-06-08T11:55:24.0000000Z;18.302;18.38;2779;2779
2026-06-08T11:55:54.0000000Z;18.302;18.38;2779;2779
2026-06-08T11:56:25.0000000Z;18.302;18.38;2779;2779
2026-06-08T11:56:55.0000000Z;18.302;18.38;2779;2779
2026-06-08T11:57:26.0000000Z;18.302;18.38;2779;2779
2026-06-08T11:57:56.0000000Z;18.302;18.38;2779;2779
2026-06-08T11:58:27.0000000Z;18.302;18.38;2779;2779
2026-06-08T11:58:57.0000000Z;18.302;18.38;2779;2779
2026-06-08T11:59:28.0000000Z;18.302;18.38;2779;2779
2026-06-08T11:59:58.0000000Z;18.302;18.38;2779;2779
2026-06-08T12:00:29.0000000Z;18.302;18.38;2779;2779
2026-06-08T12:00:59.0000000Z;18.302;18.38;2779;2779
2026-06-08T12:01:30.0000000Z;18.302;18.38;2779;2779
2026-06-08T12:02:00.0000000Z;18.302;18.38;2779;2779
2026-06-08T12:02:31.0000000Z;18.302;18.38;2779;2779
2026-06-08T12:03:01.0000000Z;18.302;18.38;2779;2779
2026-06-08T12:03:32.0000000Z;18.302;18.38;2779;2779
2026-06-08T12:04:03.0000000Z;18.302;18.38;2779;2779
2026-06-08T12:04:33.0000000Z;18.302;18.38;2779;2779
2026-06-08T12:05:04.0000000Z;18.302;18.38;2779;2779
2026-06-08T12:05:22.0000000Z;18.342;18.368;2779;2779
2026-06-08T12:05:47.0000000Z;18.342;18.362;2779;2779
2026-06-08T12:05:49.0000000Z;18.342;18.354;2779;2779
2026-06-08T12:05:50.0000000Z;18.334;18.354;2779;2779
2026-06-08T12:05:52.0000000Z;18.328;18.354;2779;2779
2026-06-08T12:06:22.0000000Z;18.328;18.354;2779;2779
2026-06-08T12:06:52.0000000Z;18.328;18.354;2779;2779
2026-06-08T12:07:23.0000000Z;18.328;18.354;2779;2779
2026-06-08T12:07:54.0000000Z;18.328;18.354;2779;2779
2026-06-08T12:08:24.0000000Z;18.328;18.354;2779;2779
2026-06-08T12:08:30.0000000Z;18.336;18.354;2779;2779
2026-06-08T12:08:32.0000000Z;18.336;18.362;2779;2779
2026-06-08T12:09:00.0000000Z;18.336;18.362;2779;2779
2026-06-08T12:09:30.0000000Z;18.336;18.362;2779;2779
2026-06-08T12:10:01.0000000Z;18.336;18.362;2779;2779
2026-06-08T12:10:31.0000000Z;18.336;18.362;2779;2779
2026-06-08T12:11:02.0000000Z;18.336;18.362;2779;2779
2026-06-08T12:11:10.0000000Z;18.336;18.356;2779;2779
2026-06-08T12:11:12.0000000Z;18.328;18.356;2779;2779
2026-06-08T12:11:18.0000000Z;18.328;18.348;2779;2779
2026-06-08T12:11:21.0000000Z;18.322;18.348;2779;2779
2026-06-08T12:11:51.0000000Z;18.322;18.348;2779;2779
2026-06-08T12:11:53.0000000Z;18.33;18.348;2779;2779
2026-06-08T12:11:55.0000000Z;18.33;18.356;2779;2779
2026-06-08T12:12:23.0000000Z;18.33;18.356;2779;2779
2026-06-08T12:12:54.0000000Z;18.33;18.356;2779;2779
2026-06-08T12:13:24.0000000Z;18.33;18.356;2779;2779
2026-06-08T12:13:31.0000000Z;18.33;18.35;2779;2779
2026-06-08T12:13:33.0000000Z;18.322;18.35;2779;2779
2026-06-08T12:14:03.0000000Z;18.322;18.35;2779;2779
2026-06-08T12:14:34.0000000Z;18.322;18.35;2779;2779
2026-06-08T12:15:04.0000000Z;18.322;18.35;2779;2779
2026-06-08T12:15:35.0000000Z;18.322;18.35;2779;2779
2026-06-08T12:15:52.0000000Z;18.322;18.342;2779;2779
2026-06-08T12:15:57.0000000Z;18.316;18.342;2779;2779
2026-06-08T12:16:27.0000000Z;18.316;18.342;2779;2779
2026-06-08T12:16:57.0000000Z;18.316;18.342;2779;2779
2026-06-08T12:17:09.0000000Z;18.324;18.342;2779;2779
2026-06-08T12:17:11.0000000Z;18.324;18.35;2779;2779
2026-06-08T12:17:41.0000000Z;18.324;18.35;2779;2779
2026-06-08T12:18:11.0000000Z;18.324;18.35;2779;2779
2026-06-08T12:18:42.0000000Z;18.324;18.35;2779;2779
2026-06-08T12:19:13.0000000Z;18.324;18.35;2779;2779
2026-06-08T12:19:43.0000000Z;18.324;18.35;2779;2779
2026-06-08T12:20:14.0000000Z;18.324;18.35;2779;2779
2026-06-08T12:20:36.0000000Z;18.332;18.35;2779;2779
2026-06-08T12:20:39.0000000Z;18.332;18.358;2779;2779
2026-06-08T12:21:09.0000000Z;18.332;18.358;2779;2779
2026-06-08T12:21:39.0000000Z;18.332;18.358;2779;2779
2026-06-08T12:22:10.0000000Z;18.332;18.358;2779;2779
2026-06-08T12:22:41.0000000Z;18.332;18.358;2779;2779
2026-06-08T12:23:11.0000000Z;18.332;18.358;2779;2779
2026-06-08T12:23:25.0000000Z;18.332;18.352;2779;2779
2026-06-08T12:23:27.0000000Z;18.324;18.352;2779;2779
2026-06-08T12:23:58.0000000Z;18.324;18.352;2779;2779
2026-06-08T12:24:28.0000000Z;18.324;18.352;2779;2779
2026-06-08T12:24:59.0000000Z;18.324;18.352;2779;2779
2026-06-08T12:25:29.0000000Z;18.324;18.352;2779;2779
2026-06-08T12:25:58.0000000Z;18.324;18.344;2779;2779
2026-06-08T12:26:00.0000000Z;18.318;18.344;2779;2779
2026-06-08T12:26:30.0000000Z;18.318;18.344;2779;2779
2026-06-08T12:27:01.0000000Z;18.318;18.344;2779;2779
2026-06-08T12:27:31.0000000Z;18.318;18.344;2779;2779
2026-06-08T12:28:02.0000000Z;18.318;18.344;2779;2779
2026-06-08T12:28:33.0000000Z;18.318;18.344;2779;2779
2026-06-08T12:29:03.0000000Z;18.318;18.344;2779;2779
2026-06-08T12:29:34.0000000Z;18.318;18.344;2779;2779
2026-06-08T12:30:04.0000000Z;18.318;18.344;2779;2779
2026-06-08T12:30:16.0000000Z;18.326;18.344;2779;2779
2026-06-08T12:30:18.0000000Z;18.326;18.352;2779;2779
2026-06-08T12:30:48.0000000Z;18.326;18.352;2779;2779
2026-06-08T12:31:19.0000000Z;18.326;18.352;2779;2779
2026-06-08T12:31:49.0000000Z;18.326;18.352;2779;2779
2026-06-08T12:32:20.0000000Z;18.326;18.352;2779;2779
2026-06-08T12:32:50.0000000Z;18.326;18.352;2779;2779
2026-06-08T12:33:21.0000000Z;18.326;18.352;2779;2779
2026-06-08T12:33:51.0000000Z;18.326;18.352;2779;2779
2026-06-08T12:34:22.0000000Z;18.326;18.352;2779;2779
2026-06-08T12:34:52.0000000Z;18.326;18.352;2779;2779
2026-06-08T12:35:23.0000000Z;18.326;18.352;2779;2779
2026-06-08T12:35:54.0000000Z;18.326;18.352;2779;2779
2026-06-08T12:36:24.0000000Z;18.326;18.352;2779;2779
2026-06-08T12:36:55.0000000Z;18.326;18.352;2779;2779
2026-06-08T12:37:25.0000000Z;18.326;18.352;2779;2779
2026-06-08T12:37:56.0000000Z;18.326;18.352;2779;2779
2026-06-08T12:38:27.0000000Z;18.326;18.352;2779;2779
2026-06-08T12:38:57.0000000Z;18.326;18.352;2779;2779
2026-06-08T12:39:28.0000000Z;18.326;18.352;2779;2779
2026-06-08T12:39:58.0000000Z;18.326;18.352;2779;2779
2026-06-08T12:40:03.0000000Z;18.326;18.338;2779;2779
2026-06-08T12:40:04.0000000Z;18.31;18.338;2779;2779
2026-06-08T12:40:06.0000000Z;18.318;18.338;2779;2779
2026-06-08T12:40:07.0000000Z;18.318;18.344;2779;2779
2026-06-08T12:40:37.0000000Z;18.318;18.344;2779;2779
2026-06-08T12:41:07.0000000Z;18.318;18.344;2779;2779
2026-06-08T12:41:38.0000000Z;18.318;18.344;2779;2779
2026-06-08T12:42:09.0000000Z;18.318;18.344;2779;2779
2026-06-08T12:42:34.0000000Z;18.338;18.344;2779;2779
2026-06-08T12:42:38.0000000Z;18.338;18.364;2779;2779
2026-06-08T12:42:40.0000000Z;18.338;18.342;2779;2779
2026-06-08T12:42:43.0000000Z;18.338;18.35;2779;2779
2026-06-08T12:42:44.0000000Z;18.324;18.342;2779;2779
2026-06-08T12:42:45.0000000Z;18.324;18.35;2779;2779
2026-06-08T12:43:16.0000000Z;18.324;18.35;2779;2779
2026-06-08T12:43:44.0000000Z;18.324;18.344;2779;2779
2026-06-08T12:43:46.0000000Z;18.316;18.344;2779;2779
2026-06-08T12:44:17.0000000Z;18.316;18.344;2779;2779
2026-06-08T12:44:47.0000000Z;18.316;18.344;2779;2779
2026-06-08T12:45:18.0000000Z;18.316;18.344;2779;2779
2026-06-08T12:45:48.0000000Z;18.316;18.344;2779;2779
2026-06-08T12:46:19.0000000Z;18.316;18.344;2779;2779
2026-06-08T12:46:24.0000000Z;18.316;18.336;2779;2779
2026-06-08T12:46:26.0000000Z;18.31;18.336;2779;2779
2026-06-08T12:46:57.0000000Z;18.31;18.336;2779;2779
2026-06-08T12:47:24.0000000Z;18.31;18.33;2779;2779
2026-06-08T12:47:25.0000000Z;18.302;18.33;2779;2779
2026-06-08T12:47:56.0000000Z;18.302;18.33;2779;2779
2026-06-08T12:48:26.0000000Z;18.302;18.33;2779;2779
2026-06-08T12:48:57.0000000Z;18.302;18.33;2779;2779
2026-06-08T12:49:27.0000000Z;18.302;18.33;2779;2779
2026-06-08T12:49:58.0000000Z;18.302;18.33;2779;2779
2026-06-08T12:50:29.0000000Z;18.302;18.33;2779;2779
2026-06-08T12:50:58.0000000Z;18.302;18.322;2779;2779
2026-06-08T12:50:59.0000000Z;18.296;18.322;2779;2779
2026-06-08T12:51:30.0000000Z;18.296;18.322;2779;2779
2026-06-08T12:51:57.0000000Z;18.296;18.316;2779;2779
2026-06-08T12:51:58.0000000Z;18.288;18.316;2779;2779
2026-06-08T12:52:29.0000000Z;18.288;18.316;2779;2779
2026-06-08T12:52:59.0000000Z;18.288;18.316;2779;2779
2026-06-08T12:53:30.0000000Z;18.288;18.316;2779;2779
2026-06-08T12:53:35.0000000Z;18.296;18.316;2779;2779
2026-06-08T12:53:37.0000000Z;18.296;18.322;2779;2779
2026-06-08T12:54:08.0000000Z;18.296;18.322;2779;2779
2026-06-08T12:54:26.0000000Z;18.304;18.322;2779;2779
2026-06-08T12:54:28.0000000Z;18.304;18.33;2779;2779
2026-06-08T12:54:57.0000000Z;18.304;18.33;2779;2779
2026-06-08T12:55:27.0000000Z;18.304;18.33;2779;2779
2026-06-08T12:55:58.0000000Z;18.304;18.33;2779;2779
2026-06-08T12:56:28.0000000Z;18.304;18.33;2779;2779
2026-06-08T12:56:59.0000000Z;18.304;18.33;2779;2779
2026-06-08T12:57:29.0000000Z;18.304;18.33;2779;2779
2026-06-08T12:58:00.0000000Z;18.304;18.33;2779;2779
2026-06-08T12:58:28.0000000Z;18.312;18.33;2779;2779
2026-06-08T12:58:30.0000000Z;18.312;18.338;2779;2779
2026-06-08T12:59:01.0000000Z;18.312;18.338;2779;2779
2026-06-08T12:59:31.0000000Z;18.312;18.338;2779;2779
2026-06-08T13:00:02.0000000Z;18.312;18.338;2779;2779
2026-06-08T13:00:20.0000000Z;18.328;18.338;2779;2779
2026-06-08T13:00:22.0000000Z;18.328;18.354;2779;2779
2026-06-08T13:00:25.0000000Z;18.328;18.348;2779;2779
2026-06-08T13:00:27.0000000Z;18.32;18.348;2779;2779
2026-06-08T13:00:58.0000000Z;18.32;18.348;2779;2779
2026-06-08T13:01:18.0000000Z;18.32;18.34;2779;2779
2026-06-08T13:01:19.0000000Z;18.314;18.34;2779;2779
2026-06-08T13:01:40.0000000Z;18.322;18.34;2779;2779
2026-06-08T13:01:42.0000000Z;18.322;18.348;2779;2779
2026-06-08T13:02:12.0000000Z;18.322;18.348;2779;2779
2026-06-08T13:02:42.0000000Z;18.322;18.348;2779;2779
2026-06-08T13:03:11.0000000Z;18.33;18.348;2779;2779
2026-06-08T13:03:12.0000000Z;18.33;18.356;2779;2779
2026-06-08T13:03:42.0000000Z;18.33;18.356;2779;2779
2026-06-08T13:04:13.0000000Z;18.33;18.356;2779;2779
2026-06-08T13:04:43.0000000Z;18.33;18.356;2779;2779
2026-06-08T13:05:14.0000000Z;18.33;18.356;2779;2779
2026-06-08T13:05:45.0000000Z;18.33;18.356;2779;2779
2026-06-08T13:05:54.0000000Z;18.33;18.35;2779;2779
2026-06-08T13:06:03.0000000Z;18.322;18.35;2779;2779
2026-06-08T13:06:29.0000000Z;18.322;18.35;2779;2779
2026-06-08T13:07:00.0000000Z;18.322;18.35;2779;2779
2026-06-08T13:07:31.0000000Z;18.33;18.35;2779;2779
2026-06-08T13:07:33.0000000Z;18.33;18.356;2779;2779
2026-06-08T13:08:03.0000000Z;18.33;18.356;2779;2779
2026-06-08T13:08:34.0000000Z;18.33;18.356;2779;2779
2026-06-08T13:09:04.0000000Z;18.33;18.356;2779;2779
2026-06-08T13:09:35.0000000Z;18.33;18.356;2779;2779
2026-06-08T13:10:05.0000000Z;18.33;18.356;2779;2779
2026-06-08T13:10:29.0000000Z;18.33;18.35;2779;2779
2026-06-08T13:10:30.0000000Z;18.322;18.35;2779;2779
2026-06-08T13:11:00.0000000Z;18.322;18.35;2779;2779
2026-06-08T13:11:31.0000000Z;18.322;18.35;2779;2779
2026-06-08T13:12:01.0000000Z;18.322;18.35;2779;2779
2026-06-08T13:12:32.0000000Z;18.322;18.35;2779;2779
2026-06-08T13:13:02.0000000Z;18.322;18.35;2779;2779
2026-06-08T13:13:33.0000000Z;18.322;18.35;2779;2779
2026-06-08T13:14:03.0000000Z;18.322;18.35;2779;2779
2026-06-08T13:14:34.0000000Z;18.322;18.35;2779;2779
2026-06-08T13:15:04.0000000Z;18.322;18.35;2779;2779
2026-06-08T13:15:12.0000000Z;18.33;18.35;2779;2779
2026-06-08T13:15:14.0000000Z;18.33;18.356;2779;2779
2026-06-08T13:15:43.0000000Z;18.33;18.356;2779;2779
2026-06-08T13:15:57.0000000Z;18.322;18.35;2779;2779
2026-06-08T13:16:27.0000000Z;18.322;18.35;2779;2779
2026-06-08T13:16:58.0000000Z;18.322;18.35;2779;2779
2026-06-08T13:17:28.0000000Z;18.322;18.35;2779;2779
2026-06-08T13:17:29.0000000Z;18.33;18.35;2779;2779
2026-06-08T13:17:30.0000000Z;18.33;18.356;2779;2779
2026-06-08T13:18:00.0000000Z;18.33;18.356;2779;2779
2026-06-08T13:18:30.0000000Z;18.33;18.356;2779;2779
2026-06-08T13:19:01.0000000Z;18.33;18.356;2779;2779
2026-06-08T13:19:02.0000000Z;18.33;18.35;2779;2779
2026-06-08T13:19:04.0000000Z;18.322;18.35;2779;2779
2026-06-08T13:19:34.0000000Z;18.322;18.35;2779;2779
2026-06-08T13:19:57.0000000Z;18.33;18.35;2779;2779
2026-06-08T13:19:59.0000000Z;18.33;18.356;2779;2779
2026-06-08T13:20:27.0000000Z;18.33;18.356;2779;2779
2026-06-08T13:20:40.0000000Z;18.338;18.356;2779;2779
2026-06-08T13:20:48.0000000Z;18.338;18.364;2779;2779
2026-06-08T13:21:11.0000000Z;18.338;18.364;2779;2779
2026-06-08T13:21:27.0000000Z;18.346;18.372;2779;2779
2026-06-08T13:21:58.0000000Z;18.346;18.372;2779;2779
2026-06-08T13:22:28.0000000Z;18.346;18.372;2779;2779
2026-06-08T13:22:59.0000000Z;18.346;18.372;2779;2779
2026-06-08T13:23:29.0000000Z;18.346;18.372;2779;2779
2026-06-08T13:24:00.0000000Z;18.346;18.372;2779;2779
2026-06-08T13:24:30.0000000Z;18.346;18.372;2779;2779
2026-06-08T13:24:41.0000000Z;18.346;18.366;2779;2779
2026-06-08T13:24:43.0000000Z;18.338;18.366;2779;2779
2026-06-08T13:25:13.0000000Z;18.338;18.366;2779;2779
2026-06-08T13:25:44.0000000Z;18.338;18.366;2779;2779
2026-06-08T13:25:49.0000000Z;18.346;18.366;2779;2779
2026-06-08T13:25:50.0000000Z;18.346;18.372;2779;2779
2026-06-08T13:26:21.0000000Z;18.346;18.366;2779;2779
2026-06-08T13:26:31.0000000Z;18.338;18.366;2779;2779
2026-06-08T13:26:53.0000000Z;18.338;18.366;2779;2779
2026-06-08T13:27:23.0000000Z;18.338;18.366;2779;2779
2026-06-08T13:27:54.0000000Z;18.338;18.366;2779;2779
2026-06-08T13:28:13.0000000Z;18.346;18.366;2779;2779
2026-06-08T13:28:14.0000000Z;18.346;18.372;2779;2779
2026-06-08T13:28:45.0000000Z;18.346;18.372;2779;2779
2026-06-08T13:28:48.0000000Z;18.346;18.366;2779;2779
2026-06-08T13:28:49.0000000Z;18.338;18.366;2779;2779
2026-06-08T13:29:19.0000000Z;18.338;18.366;2779;2779
2026-06-08T13:29:50.0000000Z;18.338;18.366;2779;2779
2026-06-08T13:30:03.0000000Z;18.338;18.358;2779;2779
2026-06-08T13:30:06.0000000Z;18.332;18.358;2779;2779
2026-06-08T13:30:36.0000000Z;18.332;18.358;2779;2779
2026-06-08T13:30:50.0000000Z;18.34;18.358;2779;2779
2026-06-08T13:30:52.0000000Z;18.34;18.366;2779;2779
2026-06-08T13:31:05.0000000Z;18.34;18.36;2779;2779
2026-06-08T13:31:07.0000000Z;18.332;18.36;2779;2779
2026-06-08T13:31:30.0000000Z;18.34;18.36;2779;2779
2026-06-08T13:31:31.0000000Z;18.34;18.366;2779;2779
2026-06-08T13:32:02.0000000Z;18.34;18.366;2779;2779
2026-06-08T13:32:17.0000000Z;18.348;18.366;2779;2779
2026-06-08T13:32:18.0000000Z;18.348;18.374;2779;2779
2026-06-08T13:32:48.0000000Z;18.348;18.374;2779;2779
2026-06-08T13:33:08.0000000Z;18.34;18.368;2779;2779
2026-06-08T13:33:27.0000000Z;18.348;18.368;2779;2779
2026-06-08T13:33:29.0000000Z;18.348;18.374;2779;2779
2026-06-08T13:33:57.0000000Z;18.348;18.368;2779;2779
2026-06-08T13:33:59.0000000Z;18.34;18.368;2779;2779
2026-06-08T13:34:12.0000000Z;18.34;18.36;2779;2779
2026-06-08T13:34:14.0000000Z;18.334;18.36;2779;2779
2026-06-08T13:34:23.0000000Z;18.334;18.354;2779;2779
2026-06-08T13:34:26.0000000Z;18.326;18.354;2779;2779
2026-06-08T13:34:56.0000000Z;18.326;18.354;2779;2779
2026-06-08T13:35:02.0000000Z;18.32;18.346;2779;2779
2026-06-08T13:35:33.0000000Z;18.32;18.346;2779;2779
2026-06-08T13:35:36.0000000Z;18.328;18.346;2779;2779
2026-06-08T13:35:37.0000000Z;18.328;18.354;2779;2779
2026-06-08T13:35:54.0000000Z;18.336;18.354;2779;2779
2026-06-08T13:35:55.0000000Z;18.336;18.362;2779;2779
2026-06-08T13:36:05.0000000Z;18.344;18.362;2779;2779
2026-06-08T13:36:07.0000000Z;18.344;18.37;2779;2779
2026-06-08T13:36:10.0000000Z;18.344;18.364;2779;2779
2026-06-08T13:36:13.0000000Z;18.336;18.364;2779;2779
2026-06-08T13:36:41.0000000Z;18.336;18.364;2779;2779
2026-06-08T13:36:47.0000000Z;18.344;18.364;2779;2779
2026-06-08T13:36:48.0000000Z;18.344;18.37;2779;2779
2026-06-08T13:37:19.0000000Z;18.344;18.37;2779;2779
2026-06-08T13:37:45.0000000Z;18.344;18.364;2779;2779
2026-06-08T13:37:48.0000000Z;18.336;18.364;2779;2779
2026-06-08T13:38:15.0000000Z;18.344;18.37;2779;2779
2026-06-08T13:38:31.0000000Z;18.352;18.37;2779;2779
2026-06-08T13:38:32.0000000Z;18.352;18.378;2779;2779
2026-06-08T13:38:45.0000000Z;18.352;18.372;2779;2779
2026-06-08T13:38:46.0000000Z;18.344;18.372;2779;2779
2026-06-08T13:39:15.0000000Z;18.344;18.364;2779;2779
2026-06-08T13:39:16.0000000Z;18.338;18.364;2779;2779
2026-06-08T13:39:47.0000000Z;18.338;18.364;2779;2779
2026-06-08T13:40:18.0000000Z;18.338;18.364;2779;2779
2026-06-08T13:40:22.0000000Z;18.346;18.372;2779;2779
2026-06-08T13:40:52.0000000Z;18.338;18.366;2779;2779
2026-06-08T13:41:23.0000000Z;18.338;18.366;2779;2779
2026-06-08T13:41:53.0000000Z;18.338;18.366;2779;2779
2026-06-08T13:42:11.0000000Z;18.346;18.366;2779;2779
2026-06-08T13:42:13.0000000Z;18.346;18.372;2779;2779
2026-06-08T13:42:26.0000000Z;18.346;18.366;2779;2779
2026-06-08T13:42:27.0000000Z;18.338;18.366;2779;2779
2026-06-08T13:42:36.0000000Z;18.346;18.366;2779;2779
2026-06-08T13:42:37.0000000Z;18.346;18.372;2779;2779
2026-06-08T13:42:46.0000000Z;18.358;18.372;2779;2779
2026-06-08T13:43:16.0000000Z;18.358;18.372;2779;2779
2026-06-08T13:43:47.0000000Z;18.358;18.372;2779;2779
2026-06-08T13:44:10.0000000Z;18.358;18.366;2779;2779
2026-06-08T13:44:41.0000000Z;18.358;18.366;2779;2779
2026-06-08T13:45:11.0000000Z;18.358;18.366;2779;2779
2026-06-08T13:45:41.0000000Z;18.358;18.366;2779;2779
2026-06-08T13:46:08.0000000Z;18.358;18.372;2779;2779
2026-06-08T13:46:37.0000000Z;18.358;18.372;2779;2779
2026-06-08T13:47:08.0000000Z;18.358;18.372;2779;2779
2026-06-08T13:47:38.0000000Z;18.358;18.372;2779;2779
2026-06-08T13:48:07.0000000Z;18.358;18.38;2779;2779
2026-06-08T13:48:37.0000000Z;18.358;18.38;2779;2779
2026-06-08T13:48:41.0000000Z;18.358;18.374;2779;2779
2026-06-08T13:49:11.0000000Z;18.358;18.374;2779;2779
2026-06-08T13:49:41.0000000Z;18.358;18.374;2779;2779
2026-06-08T13:49:44.0000000Z;18.358;18.38;2779;2779
2026-06-08T13:50:15.0000000Z;18.358;18.38;2779;2779
2026-06-08T13:50:45.0000000Z;18.358;18.38;2779;2779
2026-06-08T13:50:47.0000000Z;18.358;18.374;2779;2779
2026-06-08T13:50:58.0000000Z;18.358;18.366;2779;2779
2026-06-08T13:51:16.0000000Z;18.358;18.374;2779;2779
2026-06-08T13:51:34.0000000Z;18.358;18.382;2779;2779
2026-06-08T13:52:05.0000000Z;18.358;18.382;2779;2779
2026-06-08T13:52:35.0000000Z;18.358;18.382;2779;2779
2026-06-08T13:52:36.0000000Z;18.364;18.382;2779;2779
2026-06-08T13:52:37.0000000Z;18.364;18.39;2779;2779
2026-06-08T13:53:05.0000000Z;18.372;18.39;2779;2779
2026-06-08T13:53:08.0000000Z;18.372;18.398;2779;2779
2026-06-08T13:53:38.0000000Z;18.372;18.398;2779;2779
2026-06-08T13:54:09.0000000Z;18.372;18.398;2779;2779
2026-06-08T13:54:39.0000000Z;18.372;18.398;2779;2779
2026-06-08T13:54:41.0000000Z;18.372;18.392;2779;2779
2026-06-08T13:54:44.0000000Z;18.364;18.392;2779;2779
2026-06-08T13:55:13.0000000Z;18.364;18.392;2779;2779
2026-06-08T13:55:44.0000000Z;18.364;18.392;2779;2779
2026-06-08T13:55:52.0000000Z;18.364;18.384;2779;2779
2026-06-08T13:55:54.0000000Z;18.358;18.384;2779;2779
2026-06-08T13:56:25.0000000Z;18.358;18.384;2779;2779
2026-06-08T13:56:55.0000000Z;18.358;18.384;2779;2779
2026-06-08T13:57:26.0000000Z;18.358;18.384;2779;2779
2026-06-08T13:57:30.0000000Z;18.358;18.378;2779;2779
2026-06-08T13:57:38.0000000Z;18.358;18.37;2779;2779
2026-06-08T13:58:08.0000000Z;18.358;18.37;2779;2779
2026-06-08T13:58:18.0000000Z;18.344;18.37;2779;2779
2026-06-08T13:58:34.0000000Z;18.336;18.364;2779;2779
2026-06-08T13:59:04.0000000Z;18.336;18.364;2779;2779
2026-06-08T13:59:06.0000000Z;18.344;18.364;2779;2779
2026-06-08T13:59:07.0000000Z;18.344;18.37;2779;2779
2026-06-08T13:59:38.0000000Z;18.344;18.37;2779;2779
2026-06-08T13:59:49.0000000Z;18.344;18.364;2779;2779
2026-06-08T13:59:50.0000000Z;18.336;18.364;2779;2779
2026-06-08T14:00:19.0000000Z;18.336;18.364;2779;2779
2026-06-08T14:00:50.0000000Z;18.336;18.364;2779;2779
2026-06-08T14:01:20.0000000Z;18.336;18.356;2779;2779
2026-06-08T14:01:21.0000000Z;18.33;18.356;2779;2779
2026-06-08T14:01:41.0000000Z;18.338;18.364;2779;2779
2026-06-08T14:01:53.0000000Z;18.346;18.364;2779;2779
2026-06-08T14:01:54.0000000Z;18.346;18.372;2779;2779
2026-06-08T14:02:24.0000000Z;18.346;18.372;2779;2779
2026-06-08T14:02:25.0000000Z;18.346;18.366;2779;2779
2026-06-08T14:02:26.0000000Z;18.338;18.366;2779;2779
2026-06-08T14:02:57.0000000Z;18.338;18.358;2779;2779
2026-06-08T14:02:59.0000000Z;18.332;18.358;2779;2779
2026-06-08T14:03:23.0000000Z;18.34;18.358;2779;2779
2026-06-08T14:03:29.0000000Z;18.34;18.366;2779;2779
2026-06-08T14:03:37.0000000Z;18.348;18.366;2779;2779
2026-06-08T14:03:39.0000000Z;18.348;18.374;2779;2779
2026-06-08T14:03:49.0000000Z;18.348;18.368;2779;2779
2026-06-08T14:03:51.0000000Z;18.34;18.368;2779;2779
2026-06-08T14:04:09.0000000Z;18.34;18.36;2779;2779
2026-06-08T14:04:11.0000000Z;18.334;18.36;2779;2779
2026-06-08T14:04:42.0000000Z;18.334;18.36;2779;2779
2026-06-08T14:05:12.0000000Z;18.334;18.36;2779;2779
2026-06-08T14:05:43.0000000Z;18.334;18.36;2779;2779
2026-06-08T14:06:05.0000000Z;18.342;18.36;2779;2779
2026-06-08T14:06:07.0000000Z;18.342;18.368;2779;2779
2026-06-08T14:06:38.0000000Z;18.342;18.368;2779;2779
2026-06-08T14:06:57.0000000Z;18.35;18.368;2779;2779
2026-06-08T14:06:58.0000000Z;18.35;18.376;2779;2779
2026-06-08T14:07:28.0000000Z;18.35;18.376;2779;2779
2026-06-08T14:07:39.0000000Z;18.35;18.37;2779;2779
2026-06-08T14:07:41.0000000Z;18.342;18.37;2779;2779
2026-06-08T14:08:11.0000000Z;18.342;18.37;2779;2779
2026-06-08T14:08:22.0000000Z;18.342;18.362;2779;2779
2026-06-08T14:08:28.0000000Z;18.336;18.362;2779;2779
2026-06-08T14:08:35.0000000Z;18.344;18.362;2779;2779
2026-06-08T14:08:46.0000000Z;18.344;18.37;2779;2779
2026-06-08T14:09:16.0000000Z;18.344;18.37;2779;2779
2026-06-08T14:09:47.0000000Z;18.344;18.37;2779;2779
2026-06-08T14:10:17.0000000Z;18.344;18.37;2779;2779
2026-06-08T14:10:22.0000000Z;18.344;18.364;2779;2779
2026-06-08T14:10:23.0000000Z;18.336;18.364;2779;2779
2026-06-08T14:10:54.0000000Z;18.336;18.364;2779;2779
2026-06-08T14:11:23.0000000Z;18.336;18.356;2779;2779
2026-06-08T14:11:24.0000000Z;18.33;18.356;2779;2779
2026-06-08T14:11:32.0000000Z;18.338;18.356;2779;2779
2026-06-08T14:11:33.0000000Z;18.338;18.364;2779;2779
2026-06-08T14:12:04.0000000Z;18.338;18.364;2779;2779
2026-06-08T14:12:34.0000000Z;18.338;18.364;2779;2779
2026-06-08T14:12:36.0000000Z;18.338;18.358;2779;2779
2026-06-08T14:12:38.0000000Z;18.33;18.358;2779;2779
2026-06-08T14:13:09.0000000Z;18.33;18.358;2779;2779
2026-06-08T14:13:15.0000000Z;18.324;18.35;2779;2779
2026-06-08T14:13:46.0000000Z;18.324;18.35;2779;2779
2026-06-08T14:13:47.0000000Z;18.332;18.358;2779;2779
2026-06-08T14:14:18.0000000Z;18.34;18.358;2779;2779
2026-06-08T14:14:20.0000000Z;18.34;18.366;2779;2779
2026-06-08T14:14:32.0000000Z;18.34;18.36;2779;2779
2026-06-08T14:14:34.0000000Z;18.332;18.36;2779;2779
2026-06-08T14:14:54.0000000Z;18.34;18.36;2779;2779
2026-06-08T14:14:56.0000000Z;18.34;18.366;2779;2779
2026-06-08T14:15:12.0000000Z;18.34;18.36;2779;2779
2026-06-08T14:15:15.0000000Z;18.332;18.36;2779;2779
2026-06-08T14:15:45.0000000Z;18.332;18.36;2779;2779
2026-06-08T14:15:51.0000000Z;18.332;18.352;2779;2779
2026-06-08T14:15:53.0000000Z;18.326;18.352;2779;2779
2026-06-08T14:16:24.0000000Z;18.326;18.352;2779;2779
2026-06-08T14:16:55.0000000Z;18.326;18.352;2779;2779
2026-06-08T14:17:25.0000000Z;18.326;18.352;2779;2779
2026-06-08T14:17:56.0000000Z;18.326;18.352;2779;2779
2026-06-08T14:18:26.0000000Z;18.326;18.352;2779;2779
2026-06-08T14:18:33.0000000Z;18.326;18.346;2779;2779
2026-06-08T14:18:37.0000000Z;18.318;18.346;2779;2779
2026-06-08T14:19:07.0000000Z;18.318;18.346;2779;2779
2026-06-08T14:19:16.0000000Z;18.318;18.338;2779;2779
2026-06-08T14:19:20.0000000Z;18.312;18.338;2779;2779
2026-06-08T14:19:49.0000000Z;18.312;18.338;2779;2779
2026-06-08T14:20:11.0000000Z;18.32;18.346;2779;2779
2026-06-08T14:20:42.0000000Z;18.32;18.346;2779;2779
2026-06-08T14:20:45.0000000Z;18.32;18.34;2779;2779
2026-06-08T14:20:46.0000000Z;18.312;18.34;2779;2779
2026-06-08T14:21:16.0000000Z;18.312;18.332;2779;2779
2026-06-08T14:21:17.0000000Z;18.306;18.332;2779;2779
2026-06-08T14:21:38.0000000Z;18.314;18.34;2779;2779
2026-06-08T14:22:09.0000000Z;18.314;18.34;2779;2779
2026-06-08T14:22:27.0000000Z;18.314;18.334;2779;2779
2026-06-08T14:22:29.0000000Z;18.306;18.334;2779;2779
2026-06-08T14:22:59.0000000Z;18.306;18.334;2779;2779
2026-06-08T14:23:01.0000000Z;18.314;18.334;2779;2779
2026-06-08T14:23:03.0000000Z;18.314;18.34;2779;2779
2026-06-08T14:23:33.0000000Z;18.314;18.34;2779;2779
2026-06-08T14:24:04.0000000Z;18.314;18.34;2779;2779
2026-06-08T14:24:17.0000000Z;18.322;18.34;2779;2779
2026-06-08T14:24:18.0000000Z;18.322;18.348;2779;2779
2026-06-08T14:24:32.0000000Z;18.314;18.342;2779;2779
2026-06-08T14:25:03.0000000Z;18.314;18.342;2779;2779
2026-06-08T14:25:33.0000000Z;18.314;18.342;2779;2779
2026-06-08T14:25:42.0000000Z;18.322;18.342;2779;2779
2026-06-08T14:25:44.0000000Z;18.322;18.348;2779;2779
2026-06-08T14:26:14.0000000Z;18.322;18.348;2779;2779
2026-06-08T14:26:21.0000000Z;18.33;18.348;2779;2779
2026-06-08T14:26:22.0000000Z;18.33;18.356;2779;2779
2026-06-08T14:26:36.0000000Z;18.33;18.35;2779;2779
2026-06-08T14:26:41.0000000Z;18.322;18.35;2779;2779
2026-06-08T14:27:09.0000000Z;18.322;18.35;2779;2779
2026-06-08T14:27:21.0000000Z;18.33;18.356;2779;2779
2026-06-08T14:27:27.0000000Z;18.33;18.35;2779;2779
2026-06-08T14:27:29.0000000Z;18.322;18.35;2779;2779
2026-06-08T14:28:00.0000000Z;18.322;18.35;2779;2779
2026-06-08T14:28:04.0000000Z;18.322;18.342;2779;2779
2026-06-08T14:28:06.0000000Z;18.316;18.342;2779;2779
2026-06-08T14:28:22.0000000Z;18.316;18.336;2779;2779
2026-06-08T14:28:24.0000000Z;18.308;18.336;2779;2779
2026-06-08T14:28:54.0000000Z;18.308;18.336;2779;2779
2026-06-08T14:29:14.0000000Z;18.316;18.336;2779;2779
2026-06-08T14:29:15.0000000Z;18.316;18.342;2779;2779
2026-06-08T14:29:45.0000000Z;18.316;18.342;2779;2779
2026-06-08T14:30:16.0000000Z;18.316;18.342;2779;2779
2026-06-08T14:30:46.0000000Z;18.316;18.342;2779;2779
2026-06-08T14:31:17.0000000Z;18.316;18.342;2779;2779
2026-06-08T14:31:47.0000000Z;18.316;18.342;2779;2779
2026-06-08T14:32:14.0000000Z;18.324;18.342;2779;2779
2026-06-08T14:32:16.0000000Z;18.324;18.35;2779;2779
2026-06-08T14:32:46.0000000Z;18.324;18.35;2779;2779
2026-06-08T14:33:17.0000000Z;18.324;18.35;2779;2779
2026-06-08T14:33:47.0000000Z;18.324;18.35;2779;2779
2026-06-08T14:34:06.0000000Z;18.324;18.344;2779;2779
2026-06-08T14:34:07.0000000Z;18.316;18.344;2779;2779
2026-06-08T14:34:38.0000000Z;18.316;18.344;2779;2779
2026-06-08T14:34:50.0000000Z;18.324;18.344;2779;2779
2026-06-08T14:34:52.0000000Z;18.324;18.35;2779;2779
2026-06-08T14:35:14.0000000Z;18.334;18.35;2779;2779
2026-06-08T14:35:16.0000000Z;18.334;18.36;2779;2779
2026-06-08T14:35:17.0000000Z;18.334;18.354;2779;2779
2026-06-08T14:35:18.0000000Z;18.326;18.354;2779;2779
2026-06-08T14:35:28.0000000Z;18.334;18.354;2779;2779
2026-06-08T14:35:32.0000000Z;18.334;18.36;2779;2779
2026-06-08T14:35:46.0000000Z;18.342;18.36;2779;2779
2026-06-08T14:35:49.0000000Z;18.342;18.368;2779;2779
2026-06-08T14:36:19.0000000Z;18.35;18.368;2779;2779
2026-06-08T14:36:21.0000000Z;18.35;18.376;2779;2779
2026-06-08T14:36:33.0000000Z;18.358;18.384;2779;2779
2026-06-08T14:37:03.0000000Z;18.358;18.384;2779;2779
2026-06-08T14:37:16.0000000Z;18.358;18.378;2779;2779
2026-06-08T14:37:18.0000000Z;18.35;18.378;2779;2779
2026-06-08T14:37:40.0000000Z;18.35;18.37;2779;2779
2026-06-08T14:37:43.0000000Z;18.344;18.37;2779;2779
2026-06-08T14:38:14.0000000Z;18.344;18.37;2779;2779
2026-06-08T14:38:32.0000000Z;18.352;18.37;2779;2779
2026-06-08T14:38:33.0000000Z;18.352;18.378;2779;2779
2026-06-08T14:39:03.0000000Z;18.352;18.378;2779;2779
2026-06-08T14:39:34.0000000Z;18.352;18.378;2779;2779
2026-06-08T14:39:37.0000000Z;18.36;18.378;2779;2779
2026-06-08T14:39:39.0000000Z;18.36;18.386;2779;2779
2026-06-08T14:39:46.0000000Z;18.36;18.37;2779;2779
2026-06-08T14:39:47.0000000Z;18.344;18.37;2779;2779
2026-06-08T14:39:55.0000000Z;18.36;18.37;2779;2779
2026-06-08T14:39:57.0000000Z;18.36;18.386;2779;2779
2026-06-08T14:40:28.0000000Z;18.36;18.386;2779;2779
2026-06-08T14:40:53.0000000Z;18.36;18.38;2779;2779
2026-06-08T14:40:54.0000000Z;18.352;18.38;2779;2779
2026-06-08T14:41:25.0000000Z;18.352;18.38;2779;2779
2026-06-08T14:41:35.0000000Z;18.352;18.372;2779;2779
2026-06-08T14:41:42.0000000Z;18.346;18.372;2779;2779
2026-06-08T14:42:07.0000000Z;18.346;18.372;2779;2779
2026-06-08T14:42:38.0000000Z;18.346;18.372;2779;2779
2026-06-08T14:43:08.0000000Z;18.346;18.372;2779;2779
2026-06-08T14:43:39.0000000Z;18.346;18.372;2779;2779
2026-06-08T14:44:09.0000000Z;18.346;18.372;2779;2779
2026-06-08T14:44:36.0000000Z;18.354;18.372;2779;2779
2026-06-08T14:44:40.0000000Z;18.354;18.38;2779;2779
2026-06-08T14:45:10.0000000Z;18.354;18.38;2779;2779
2026-06-08T14:45:13.0000000Z;18.362;18.38;2779;2779
2026-06-08T14:45:15.0000000Z;18.362;18.388;2779;2779
2026-06-08T14:45:43.0000000Z;18.362;18.388;2779;2779
2026-06-08T14:46:13.0000000Z;18.362;18.388;2779;2779
2026-06-08T14:46:30.0000000Z;18.37;18.388;2779;2779
2026-06-08T14:46:32.0000000Z;18.37;18.396;2779;2779
2026-06-08T14:47:02.0000000Z;18.37;18.396;2779;2779
2026-06-08T14:47:33.0000000Z;18.37;18.396;2779;2779
2026-06-08T14:47:51.0000000Z;18.378;18.396;2779;2779
2026-06-08T14:47:54.0000000Z;18.378;18.398;2779;2779
2026-06-08T14:47:56.0000000Z;18.37;18.398;2779;2779
2026-06-08T14:48:26.0000000Z;18.37;18.398;2779;2779
2026-06-08T14:48:30.0000000Z;18.37;18.39;2779;2779
2026-06-08T14:48:32.0000000Z;18.364;18.39;2779;2779
2026-06-08T14:49:02.0000000Z;18.364;18.39;2779;2779
2026-06-08T14:49:33.0000000Z;18.364;18.39;2779;2779
2026-06-08T14:49:56.0000000Z;18.364;18.384;2779;2779
2026-06-08T14:49:57.0000000Z;18.356;18.384;2779;2779
2026-06-08T14:50:28.0000000Z;18.356;18.384;2779;2779
2026-06-08T14:50:58.0000000Z;18.356;18.384;2779;2779
2026-06-08T14:51:00.0000000Z;18.364;18.39;2779;2779
2026-06-08T14:51:31.0000000Z;18.364;18.39;2779;2779
2026-06-08T14:52:01.0000000Z;18.364;18.39;2779;2779
2026-06-08T14:52:32.0000000Z;18.364;18.39;2779;2779
2026-06-08T14:52:35.0000000Z;18.372;18.39;2779;2779
2026-06-08T14:52:36.0000000Z;18.372;18.398;2779;2779
2026-06-08T14:53:06.0000000Z;18.372;18.398;2779;2779
2026-06-08T14:53:37.0000000Z;18.372;18.398;2779;2779
2026-06-08T14:54:07.0000000Z;18.372;18.398;2779;2779
2026-06-08T14:54:38.0000000Z;18.372;18.398;2779;2779
2026-06-08T14:55:08.0000000Z;18.372;18.398;2779;2779
2026-06-08T14:55:39.0000000Z;18.372;18.398;2779;2779
2026-06-08T14:56:09.0000000Z;18.372;18.398;2779;2779
2026-06-08T14:56:40.0000000Z;18.372;18.398;2779;2779
2026-06-08T14:57:11.0000000Z;18.372;18.398;2779;2779
2026-06-08T14:57:41.0000000Z;18.372;18.398;2779;2779
2026-06-08T14:58:12.0000000Z;18.372;18.398;2779;2779
2026-06-08T14:58:42.0000000Z;18.372;18.398;2779;2779
2026-06-08T14:58:51.0000000Z;18.38;18.398;2779;2779
2026-06-08T14:58:54.0000000Z;18.38;18.406;2779;2779
2026-06-08T14:59:25.0000000Z;18.38;18.406;2779;2779
2026-06-08T14:59:55.0000000Z;18.38;18.406;2779;2779
