2026-06-08T08:00:07.0000000Z;9.871;9.88;2566;2566
2026-06-08T08:00:08.0000000Z;9.871;9.879;2566;2566
2026-06-08T08:00:09.0000000Z;9.855;9.879;2566;2566
2026-06-08T08:00:12.0000000Z;9.854;9.879;2566;2566
2026-06-08T08:00:13.0000000Z;9.842;9.879;2566;2566
2026-06-08T08:00:15.0000000Z;9.841;9.879;2566;2566
2026-06-08T08:00:20.0000000Z;9.841;9.87;2566;2566
2026-06-08T08:00:27.0000000Z;9.842;9.87;2566;2566
2026-06-08T08:00:30.0000000Z;9.842;9.869;2566;2566
2026-06-08T08:00:41.0000000Z;9.829;9.869;2566;2566
2026-06-08T08:01:10.0000000Z;9.83;9.869;2566;2566
2026-06-08T08:01:41.0000000Z;9.83;9.869;2566;2566
2026-06-08T08:02:06.0000000Z;9.832;9.869;2566;2566
2026-06-08T08:02:37.0000000Z;9.832;9.869;2566;2566
2026-06-08T08:03:07.0000000Z;9.832;9.869;2566;2566
2026-06-08T08:03:18.0000000Z;9.832;9.87;2566;2566
2026-06-08T08:03:27.0000000Z;9.834;9.87;2566;2566
2026-06-08T08:03:58.0000000Z;9.834;9.87;2566;2566
2026-06-08T08:04:14.0000000Z;9.835;9.87;2566;2566
2026-06-08T08:04:18.0000000Z;9.84;9.879;2566;2566
2026-06-08T08:04:49.0000000Z;9.84;9.879;2566;2566
2026-06-08T08:05:08.0000000Z;9.843;9.879;2566;2566
2026-06-08T08:05:18.0000000Z;9.84;9.879;2566;2566
2026-06-08T08:05:49.0000000Z;9.84;9.879;2566;2566
2026-06-08T08:06:19.0000000Z;9.84;9.879;2566;2566
2026-06-08T08:06:50.0000000Z;9.84;9.879;2566;2566
2026-06-08T08:06:53.0000000Z;9.846;9.879;2566;2566
2026-06-08T08:07:23.0000000Z;9.846;9.879;2566;2566
2026-06-08T08:07:54.0000000Z;9.846;9.879;2566;2566
2026-06-08T08:08:24.0000000Z;9.846;9.879;2566;2566
2026-06-08T08:08:25.0000000Z;9.841;9.879;2566;2566
2026-06-08T08:08:35.0000000Z;9.841;9.87;2566;2566
2026-06-08T08:08:36.0000000Z;9.842;9.879;2566;2566
2026-06-08T08:08:50.0000000Z;9.842;9.87;2566;2566
2026-06-08T08:08:51.0000000Z;9.837;9.87;2566;2566
2026-06-08T08:08:53.0000000Z;9.837;9.879;2566;2566
2026-06-08T08:08:54.0000000Z;9.837;9.87;2566;2566
2026-06-08T08:09:15.0000000Z;9.832;9.87;2566;2566
2026-06-08T08:09:17.0000000Z;9.832;9.872;2566;2566
2026-06-08T08:09:48.0000000Z;9.832;9.872;2566;2566
2026-06-08T08:10:05.0000000Z;9.832;9.86;2566;2566
2026-06-08T08:10:22.0000000Z;9.829;9.86;2566;2566
2026-06-08T08:10:26.0000000Z;9.824;9.86;2566;2566
2026-06-08T08:10:32.0000000Z;9.824;9.862;2566;2566
2026-06-08T08:10:45.0000000Z;9.825;9.862;2566;2566
2026-06-08T08:10:50.0000000Z;9.82;9.862;2566;2566
2026-06-08T08:10:57.0000000Z;9.824;9.862;2566;2566
2026-06-08T08:11:20.0000000Z;9.82;9.862;2566;2566
2026-06-08T08:11:27.0000000Z;9.82;9.85;2566;2566
2026-06-08T08:11:34.0000000Z;9.821;9.85;2566;2566
2026-06-08T08:11:36.0000000Z;9.821;9.858;2566;2566
2026-06-08T08:11:40.0000000Z;9.823;9.858;2566;2566
2026-06-08T08:11:43.0000000Z;9.823;9.86;2566;2566
2026-06-08T08:11:47.0000000Z;9.823;9.863;2566;2566
2026-06-08T08:11:48.0000000Z;9.823;9.866;2566;2566
2026-06-08T08:11:51.0000000Z;9.828;9.866;2566;2566
2026-06-08T08:12:21.0000000Z;9.828;9.866;2566;2566
2026-06-08T08:12:48.0000000Z;9.824;9.866;2566;2566
2026-06-08T08:12:51.0000000Z;9.824;9.864;2566;2566
2026-06-08T08:12:56.0000000Z;9.824;9.863;2566;2566
2026-06-08T08:13:10.0000000Z;9.821;9.863;2566;2566
2026-06-08T08:13:41.0000000Z;9.821;9.863;2566;2566
2026-06-08T08:14:05.0000000Z;9.821;9.85;2566;2566
2026-06-08T08:14:07.0000000Z;9.82;9.85;2566;2566
2026-06-08T08:14:10.0000000Z;9.821;9.85;2566;2566
2026-06-08T08:14:11.0000000Z;9.821;9.859;2566;2566
2026-06-08T08:14:12.0000000Z;9.821;9.85;2566;2566
2026-06-08T08:14:13.0000000Z;9.82;9.85;2566;2566
2026-06-08T08:14:21.0000000Z;9.821;9.85;2566;2566
2026-06-08T08:14:23.0000000Z;9.821;9.859;2566;2566
2026-06-08T08:14:35.0000000Z;9.816;9.859;2566;2566
2026-06-08T08:15:05.0000000Z;9.816;9.859;2566;2566
2026-06-08T08:15:36.0000000Z;9.816;9.859;2566;2566
2026-06-08T08:16:06.0000000Z;9.816;9.859;2566;2566
2026-06-08T08:16:33.0000000Z;9.816;9.849;2566;2566
2026-06-08T08:16:35.0000000Z;9.816;9.84;2566;2566
2026-06-08T08:16:45.0000000Z;9.81;9.84;2566;2566
2026-06-08T08:16:58.0000000Z;9.81;9.83;2566;2566
2026-06-08T08:17:15.0000000Z;9.81;9.84;2566;2566
2026-06-08T08:17:20.0000000Z;9.81;9.83;2566;2566
2026-06-08T08:17:38.0000000Z;9.81;9.84;2566;2566
2026-06-08T08:18:08.0000000Z;9.81;9.84;2566;2566
2026-06-08T08:18:39.0000000Z;9.81;9.84;2566;2566
2026-06-08T08:19:09.0000000Z;9.81;9.84;2566;2566
2026-06-08T08:19:22.0000000Z;9.81;9.841;2566;2566
2026-06-08T08:19:52.0000000Z;9.81;9.841;2566;2566
2026-06-08T08:20:09.0000000Z;9.81;9.84;2566;2566
2026-06-08T08:20:40.0000000Z;9.81;9.84;2566;2566
2026-06-08T08:21:10.0000000Z;9.81;9.84;2566;2566
2026-06-08T08:21:20.0000000Z;9.81;9.841;2566;2566
2026-06-08T08:21:24.0000000Z;9.81;9.84;2566;2566
2026-06-08T08:21:47.0000000Z;9.81;9.841;2566;2566
2026-06-08T08:22:00.0000000Z;9.81;9.841;2566;2566
2026-06-08T08:22:06.0000000Z;9.81;9.83;2566;2566
2026-06-08T08:22:36.0000000Z;9.81;9.83;2566;2566
2026-06-08T08:22:39.0000000Z;9.81;9.841;2566;2566
2026-06-08T08:23:00.0000000Z;9.81;9.84;2566;2566
2026-06-08T08:23:11.0000000Z;9.81;9.83;2566;2566
2026-06-08T08:23:39.0000000Z;9.81;9.836;2566;2566
2026-06-08T08:23:58.0000000Z;9.81;9.83;2566;2566
2026-06-08T08:24:01.0000000Z;9.81;9.828;2566;2566
2026-06-08T08:24:32.0000000Z;9.81;9.828;2566;2566
2026-06-08T08:25:02.0000000Z;9.81;9.828;2566;2566
2026-06-08T08:25:14.0000000Z;9.81;9.827;2566;2566
2026-06-08T08:25:45.0000000Z;9.81;9.827;2566;2566
2026-06-08T08:25:51.0000000Z;9.81;9.822;2566;2566
2026-06-08T08:26:22.0000000Z;9.81;9.822;2566;2566
2026-06-08T08:26:37.0000000Z;9.81;9.826;2566;2566
2026-06-08T08:26:38.0000000Z;9.81;9.819;2566;2566
2026-06-08T08:26:49.0000000Z;9.81;9.826;2566;2566
2026-06-08T08:27:20.0000000Z;9.81;9.826;2566;2566
2026-06-08T08:27:50.0000000Z;9.81;9.826;2566;2566
2026-06-08T08:28:21.0000000Z;9.81;9.826;2566;2566
2026-06-08T08:28:33.0000000Z;9.81;9.82;2566;2566
2026-06-08T08:28:51.0000000Z;9.81;9.819;2566;2566
2026-06-08T08:29:10.0000000Z;9.81;9.826;2566;2566
2026-06-08T08:29:40.0000000Z;9.81;9.826;2566;2566
2026-06-08T08:29:50.0000000Z;9.81;9.829;2566;2566
2026-06-08T08:30:20.0000000Z;9.81;9.829;2566;2566
2026-06-08T08:30:50.0000000Z;9.81;9.829;2566;2566
2026-06-08T08:30:54.0000000Z;9.81;9.835;2566;2566
2026-06-08T08:30:58.0000000Z;9.81;9.84;2566;2566
2026-06-08T08:31:06.0000000Z;9.81;9.83;2566;2566
2026-06-08T08:31:18.0000000Z;9.81;9.839;2566;2566
2026-06-08T08:31:48.0000000Z;9.81;9.839;2566;2566
2026-06-08T08:32:19.0000000Z;9.81;9.839;2566;2566
2026-06-08T08:32:22.0000000Z;9.81;9.837;2566;2566
2026-06-08T08:32:23.0000000Z;9.81;9.829;2566;2566
2026-06-08T08:32:35.0000000Z;9.81;9.836;2566;2566
2026-06-08T08:32:46.0000000Z;9.81;9.839;2566;2566
2026-06-08T08:33:17.0000000Z;9.81;9.839;2566;2566
2026-06-08T08:33:21.0000000Z;9.81;9.83;2566;2566
2026-06-08T08:33:25.0000000Z;9.81;9.84;2566;2566
2026-06-08T08:33:52.0000000Z;9.81;9.838;2566;2566
2026-06-08T08:33:53.0000000Z;9.81;9.83;2566;2566
2026-06-08T08:33:54.0000000Z;9.81;9.82;2566;2566
2026-06-08T08:33:57.0000000Z;9.81;9.83;2566;2566
2026-06-08T08:33:58.0000000Z;9.81;9.82;2566;2566
2026-06-08T08:34:07.0000000Z;9.81;9.826;2566;2566
2026-06-08T08:34:11.0000000Z;9.81;9.83;2566;2566
2026-06-08T08:34:41.0000000Z;9.81;9.83;2566;2566
2026-06-08T08:35:11.0000000Z;9.81;9.836;2566;2566
2026-06-08T08:35:20.0000000Z;9.81;9.839;2566;2566
2026-06-08T08:35:45.0000000Z;9.81;9.84;2566;2566
2026-06-08T08:35:50.0000000Z;9.81;9.83;2566;2566
2026-06-08T08:36:00.0000000Z;9.81;9.836;2566;2566
2026-06-08T08:36:01.0000000Z;9.81;9.83;2566;2566
2026-06-08T08:36:32.0000000Z;9.81;9.83;2566;2566
2026-06-08T08:36:37.0000000Z;9.81;9.836;2566;2566
2026-06-08T08:36:40.0000000Z;9.81;9.83;2566;2566
2026-06-08T08:36:45.0000000Z;9.81;9.836;2566;2566
2026-06-08T08:36:52.0000000Z;9.81;9.841;2566;2566
2026-06-08T08:36:57.0000000Z;9.81;9.83;2566;2566
2026-06-08T08:37:25.0000000Z;9.81;9.829;2566;2566
2026-06-08T08:37:36.0000000Z;9.81;9.836;2566;2566
2026-06-08T08:37:37.0000000Z;9.81;9.829;2566;2566
2026-06-08T08:38:07.0000000Z;9.81;9.829;2566;2566
2026-06-08T08:38:14.0000000Z;9.81;9.83;2566;2566
2026-06-08T08:38:18.0000000Z;9.81;9.836;2566;2566
2026-06-08T08:38:34.0000000Z;9.81;9.83;2566;2566
2026-06-08T08:39:04.0000000Z;9.81;9.83;2566;2566
2026-06-08T08:39:35.0000000Z;9.81;9.83;2566;2566
2026-06-08T08:40:02.0000000Z;9.81;9.829;2566;2566
2026-06-08T08:40:12.0000000Z;9.81;9.832;2566;2566
2026-06-08T08:40:43.0000000Z;9.81;9.832;2566;2566
2026-06-08T08:41:04.0000000Z;9.81;9.829;2566;2566
2026-06-08T08:41:05.0000000Z;9.81;9.82;2566;2566
2026-06-08T08:41:36.0000000Z;9.81;9.82;2566;2566
2026-06-08T08:41:57.0000000Z;9.81;9.827;2566;2566
2026-06-08T08:42:09.0000000Z;9.81;9.827;2566;2566
2026-06-08T08:42:11.0000000Z;9.81;9.828;2566;2566
2026-06-08T08:42:17.0000000Z;9.81;9.831;2566;2566
2026-06-08T08:42:48.0000000Z;9.81;9.831;2566;2566
2026-06-08T08:43:09.0000000Z;9.81;9.836;2566;2566
2026-06-08T08:43:35.0000000Z;9.81;9.839;2566;2566
2026-06-08T08:43:57.0000000Z;9.81;9.845;2566;2566
2026-06-08T08:43:58.0000000Z;9.81;9.839;2566;2566
2026-06-08T08:44:29.0000000Z;9.81;9.839;2566;2566
2026-06-08T08:44:31.0000000Z;9.81;9.845;2566;2566
2026-06-08T08:44:32.0000000Z;9.81;9.839;2566;2566
2026-06-08T08:44:47.0000000Z;9.81;9.844;2566;2566
2026-06-08T08:44:51.0000000Z;9.81;9.839;2566;2566
2026-06-08T08:45:14.0000000Z;9.81;9.839;2566;2566
2026-06-08T08:45:26.0000000Z;9.81;9.839;2566;2566
2026-06-08T08:45:38.0000000Z;9.81;9.845;2566;2566
2026-06-08T08:45:46.0000000Z;9.81;9.849;2566;2566
2026-06-08T08:45:54.0000000Z;9.812;9.849;2566;2566
2026-06-08T08:46:25.0000000Z;9.812;9.849;2566;2566
2026-06-08T08:46:28.0000000Z;9.817;9.849;2566;2566
2026-06-08T08:46:30.0000000Z;9.817;9.849;2566;2566
2026-06-08T08:47:00.0000000Z;9.817;9.849;2566;2566
2026-06-08T08:47:06.0000000Z;9.815;9.849;2566;2566
2026-06-08T08:47:14.0000000Z;9.815;9.852;2566;2566
2026-06-08T08:47:16.0000000Z;9.812;9.852;2566;2566
2026-06-08T08:47:22.0000000Z;9.814;9.852;2566;2566
2026-06-08T08:47:32.0000000Z;9.814;9.853;2566;2566
2026-06-08T08:47:34.0000000Z;9.813;9.852;2566;2566
2026-06-08T08:47:44.0000000Z;9.811;9.852;2566;2566
2026-06-08T08:48:08.0000000Z;9.811;9.85;2566;2566
2026-06-08T08:48:22.0000000Z;9.811;9.848;2566;2566
2026-06-08T08:48:25.0000000Z;9.811;9.84;2566;2566
2026-06-08T08:48:28.0000000Z;9.81;9.84;2566;2566
2026-06-08T08:48:47.0000000Z;9.81;9.839;2566;2566
2026-06-08T08:48:50.0000000Z;9.81;9.839;2566;2566
2026-06-08T08:48:53.0000000Z;9.81;9.847;2566;2566
2026-06-08T08:49:01.0000000Z;9.813;9.847;2566;2566
2026-06-08T08:49:05.0000000Z;9.813;9.847;2566;2566
2026-06-08T08:49:06.0000000Z;9.814;9.847;2566;2566
2026-06-08T08:49:07.0000000Z;9.815;9.847;2566;2566
2026-06-08T08:49:08.0000000Z;9.814;9.847;2566;2566
2026-06-08T08:49:09.0000000Z;9.815;9.852;2566;2566
2026-06-08T08:49:12.0000000Z;9.817;9.852;2566;2566
2026-06-08T08:49:41.0000000Z;9.817;9.853;2566;2566
2026-06-08T08:49:42.0000000Z;9.817;9.85;2566;2566
2026-06-08T08:50:07.0000000Z;9.817;9.849;2566;2566
2026-06-08T08:50:08.0000000Z;9.817;9.85;2566;2566
2026-06-08T08:50:23.0000000Z;9.817;9.853;2566;2566
2026-06-08T08:50:32.0000000Z;9.819;9.853;2566;2566
2026-06-08T08:50:55.0000000Z;9.816;9.853;2566;2566
2026-06-08T08:50:56.0000000Z;9.816;9.85;2566;2566
2026-06-08T08:51:05.0000000Z;9.812;9.85;2566;2566
2026-06-08T08:51:09.0000000Z;9.812;9.852;2566;2566
2026-06-08T08:51:13.0000000Z;9.812;9.847;2566;2566
2026-06-08T08:51:15.0000000Z;9.81;9.84;2566;2566
2026-06-08T08:51:17.0000000Z;9.81;9.84;2566;2566
2026-06-08T08:51:19.0000000Z;9.81;9.847;2566;2566
2026-06-08T08:51:23.0000000Z;9.81;9.846;2566;2566
2026-06-08T08:51:29.0000000Z;9.81;9.851;2566;2566
2026-06-08T08:51:36.0000000Z;9.811;9.851;2566;2566
2026-06-08T08:52:01.0000000Z;9.815;9.849;2566;2566
2026-06-08T08:52:17.0000000Z;9.816;9.849;2566;2566
2026-06-08T08:52:20.0000000Z;9.817;9.849;2566;2566
2026-06-08T08:52:31.0000000Z;9.815;9.849;2566;2566
2026-06-08T08:53:01.0000000Z;9.815;9.849;2566;2566
2026-06-08T08:53:07.0000000Z;9.815;9.852;2566;2566
2026-06-08T08:53:31.0000000Z;9.813;9.852;2566;2566
2026-06-08T08:53:41.0000000Z;9.813;9.85;2566;2566
2026-06-08T08:53:42.0000000Z;9.811;9.85;2566;2566
2026-06-08T08:54:12.0000000Z;9.811;9.85;2566;2566
2026-06-08T08:54:15.0000000Z;9.811;9.848;2566;2566
2026-06-08T08:54:26.0000000Z;9.811;9.849;2566;2566
2026-06-08T08:54:31.0000000Z;9.813;9.849;2566;2566
2026-06-08T08:54:53.0000000Z;9.814;9.849;2566;2566
2026-06-08T08:55:06.0000000Z;9.812;9.849;2566;2566
2026-06-08T08:55:08.0000000Z;9.813;9.849;2566;2566
2026-06-08T08:55:16.0000000Z;9.81;9.849;2566;2566
2026-06-08T08:55:17.0000000Z;9.81;9.84;2566;2566
2026-06-08T08:55:35.0000000Z;9.81;9.839;2566;2566
2026-06-08T08:55:48.0000000Z;9.81;9.842;2566;2566
2026-06-08T08:56:19.0000000Z;9.81;9.842;2566;2566
2026-06-08T08:56:49.0000000Z;9.81;9.842;2566;2566
2026-06-08T08:57:03.0000000Z;9.81;9.839;2566;2566
2026-06-08T08:57:26.0000000Z;9.81;9.846;2566;2566
2026-06-08T08:57:42.0000000Z;9.812;9.85;2566;2566
2026-06-08T08:57:54.0000000Z;9.81;9.85;2566;2566
2026-06-08T08:58:11.0000000Z;9.81;9.847;2566;2566
2026-06-08T08:58:13.0000000Z;9.81;9.84;2566;2566
2026-06-08T08:58:20.0000000Z;9.81;9.846;2566;2566
2026-06-08T08:58:21.0000000Z;9.81;9.84;2566;2566
2026-06-08T08:58:30.0000000Z;9.81;9.846;2566;2566
2026-06-08T08:59:01.0000000Z;9.81;9.846;2566;2566
2026-06-08T08:59:31.0000000Z;9.81;9.846;2566;2566
2026-06-08T08:59:46.0000000Z;9.81;9.845;2566;2566
2026-06-08T08:59:49.0000000Z;9.81;9.84;2566;2566
2026-06-08T09:00:08.0000000Z;9.81;9.839;2566;2566
2026-06-08T09:00:14.0000000Z;9.81;9.846;2566;2566
2026-06-08T09:00:39.0000000Z;9.81;9.84;2566;2566
2026-06-08T09:00:44.0000000Z;9.81;9.839;2566;2566
2026-06-08T09:00:46.0000000Z;9.81;9.84;2566;2566
2026-06-08T09:00:48.0000000Z;9.81;9.846;2566;2566
2026-06-08T09:00:58.0000000Z;9.81;9.839;2566;2566
2026-06-08T09:01:10.0000000Z;9.81;9.841;2566;2566
2026-06-08T09:01:41.0000000Z;9.81;9.841;2566;2566
2026-06-08T09:01:54.0000000Z;9.81;9.845;2566;2566
2026-06-08T09:01:58.0000000Z;9.81;9.839;2566;2566
2026-06-08T09:02:08.0000000Z;9.81;9.845;2566;2566
2026-06-08T09:02:10.0000000Z;9.81;9.839;2566;2566
2026-06-08T09:02:20.0000000Z;9.81;9.841;2566;2566
2026-06-08T09:02:51.0000000Z;9.81;9.841;2566;2566
2026-06-08T09:03:02.0000000Z;9.81;9.839;2566;2566
2026-06-08T09:03:32.0000000Z;9.81;9.839;2566;2566
2026-06-08T09:03:53.0000000Z;9.811;9.839;2566;2566
2026-06-08T09:03:55.0000000Z;9.811;9.845;2566;2566
2026-06-08T09:04:05.0000000Z;9.811;9.849;2566;2566
2026-06-08T09:04:36.0000000Z;9.811;9.849;2566;2566
2026-06-08T09:04:50.0000000Z;9.813;9.849;2566;2566
2026-06-08T09:05:11.0000000Z;9.812;9.849;2566;2566
2026-06-08T09:05:19.0000000Z;9.812;9.84;2566;2566
2026-06-08T09:05:21.0000000Z;9.811;9.84;2566;2566
2026-06-08T09:05:23.0000000Z;9.812;9.84;2566;2566
2026-06-08T09:05:25.0000000Z;9.812;9.848;2566;2566
2026-06-08T09:05:26.0000000Z;9.812;9.84;2566;2566
2026-06-08T09:05:27.0000000Z;9.811;9.84;2566;2566
2026-06-08T09:05:28.0000000Z;9.812;9.84;2566;2566
2026-06-08T09:05:31.0000000Z;9.812;9.848;2566;2566
2026-06-08T09:05:40.0000000Z;9.812;9.84;2566;2566
2026-06-08T09:05:41.0000000Z;9.811;9.84;2566;2566
2026-06-08T09:05:43.0000000Z;9.81;9.84;2566;2566
2026-06-08T09:06:01.0000000Z;9.81;9.844;2566;2566
2026-06-08T09:06:22.0000000Z;9.81;9.841;2566;2566
2026-06-08T09:06:29.0000000Z;9.81;9.839;2566;2566
2026-06-08T09:06:36.0000000Z;9.81;9.83;2566;2566
2026-06-08T09:06:44.0000000Z;9.81;9.839;2566;2566
2026-06-08T09:06:50.0000000Z;9.81;9.84;2566;2566
2026-06-08T09:07:08.0000000Z;9.81;9.841;2566;2566
2026-06-08T09:07:38.0000000Z;9.81;9.841;2566;2566
2026-06-08T09:08:08.0000000Z;9.81;9.841;2566;2566
2026-06-08T09:08:39.0000000Z;9.81;9.841;2566;2566
2026-06-08T09:08:59.0000000Z;9.81;9.84;2566;2566
2026-06-08T09:09:05.0000000Z;9.81;9.83;2566;2566
2026-06-08T09:09:06.0000000Z;9.81;9.83;2566;2566
2026-06-08T09:09:19.0000000Z;9.81;9.841;2566;2566
2026-06-08T09:09:50.0000000Z;9.81;9.841;2566;2566
2026-06-08T09:09:56.0000000Z;9.81;9.842;2566;2566
2026-06-08T09:10:27.0000000Z;9.81;9.842;2566;2566
2026-06-08T09:10:57.0000000Z;9.81;9.842;2566;2566
2026-06-08T09:11:28.0000000Z;9.81;9.842;2566;2566
2026-06-08T09:11:59.0000000Z;9.81;9.842;2566;2566
2026-06-08T09:12:01.0000000Z;9.81;9.84;2566;2566
2026-06-08T09:12:31.0000000Z;9.81;9.84;2566;2566
2026-06-08T09:13:02.0000000Z;9.81;9.84;2566;2566
2026-06-08T09:13:32.0000000Z;9.81;9.84;2566;2566
2026-06-08T09:14:03.0000000Z;9.81;9.84;2566;2566
2026-06-08T09:14:34.0000000Z;9.81;9.84;2566;2566
2026-06-08T09:15:04.0000000Z;9.81;9.84;2566;2566
2026-06-08T09:15:35.0000000Z;9.81;9.84;2566;2566
2026-06-08T09:16:05.0000000Z;9.81;9.84;2566;2566
2026-06-08T09:16:36.0000000Z;9.81;9.84;2566;2566
2026-06-08T09:16:41.0000000Z;9.81;9.85;2566;2566
2026-06-08T09:16:45.0000000Z;9.812;9.85;2566;2566
2026-06-08T09:17:11.0000000Z;9.812;9.853;2566;2566
2026-06-08T09:17:42.0000000Z;9.812;9.853;2566;2566
2026-06-08T09:18:12.0000000Z;9.812;9.853;2566;2566
2026-06-08T09:18:43.0000000Z;9.812;9.853;2566;2566
2026-06-08T09:19:14.0000000Z;9.812;9.853;2566;2566
2026-06-08T09:19:44.0000000Z;9.812;9.853;2566;2566
2026-06-08T09:20:15.0000000Z;9.812;9.853;2566;2566
2026-06-08T09:20:31.0000000Z;9.819;9.853;2566;2566
2026-06-08T09:20:43.0000000Z;9.822;9.853;2566;2566
2026-06-08T09:21:14.0000000Z;9.822;9.853;2566;2566
2026-06-08T09:21:44.0000000Z;9.822;9.853;2566;2566
2026-06-08T09:21:57.0000000Z;9.832;9.853;2566;2566
2026-06-08T09:21:59.0000000Z;9.832;9.863;2566;2566
2026-06-08T09:22:03.0000000Z;9.837;9.863;2566;2566
2026-06-08T09:22:07.0000000Z;9.837;9.865;2566;2566
2026-06-08T09:22:11.0000000Z;9.837;9.866;2566;2566
2026-06-08T09:22:31.0000000Z;9.832;9.866;2566;2566
2026-06-08T09:22:35.0000000Z;9.832;9.869;2566;2566
2026-06-08T09:22:41.0000000Z;9.837;9.869;2566;2566
2026-06-08T09:22:43.0000000Z;9.838;9.869;2566;2566
2026-06-08T09:22:45.0000000Z;9.838;9.873;2566;2566
2026-06-08T09:23:14.0000000Z;9.838;9.873;2566;2566
2026-06-08T09:23:44.0000000Z;9.838;9.873;2566;2566
2026-06-08T09:24:03.0000000Z;9.832;9.873;2566;2566
2026-06-08T09:24:33.0000000Z;9.832;9.873;2566;2566
2026-06-08T09:24:53.0000000Z;9.838;9.874;2566;2566
2026-06-08T09:25:03.0000000Z;9.838;9.875;2566;2566
2026-06-08T09:25:12.0000000Z;9.838;9.87;2566;2566
2026-06-08T09:25:22.0000000Z;9.838;9.869;2566;2566
2026-06-08T09:25:49.0000000Z;9.838;9.875;2566;2566
2026-06-08T09:26:07.0000000Z;9.838;9.878;2566;2566
2026-06-08T09:26:28.0000000Z;9.838;9.876;2566;2566
2026-06-08T09:26:49.0000000Z;9.838;9.878;2566;2566
2026-06-08T09:26:50.0000000Z;9.851;9.878;2566;2566
2026-06-08T09:27:02.0000000Z;9.851;9.879;2566;2566
2026-06-08T09:27:14.0000000Z;9.842;9.879;2566;2566
2026-06-08T09:27:19.0000000Z;9.847;9.879;2566;2566
2026-06-08T09:27:30.0000000Z;9.849;9.879;2566;2566
2026-06-08T09:27:32.0000000Z;9.853;9.879;2566;2566
2026-06-08T09:28:03.0000000Z;9.853;9.879;2566;2566
2026-06-08T09:28:14.0000000Z;9.851;9.879;2566;2566
2026-06-08T09:28:44.0000000Z;9.851;9.879;2566;2566
2026-06-08T09:28:52.0000000Z;9.85;9.879;2566;2566
2026-06-08T09:29:04.0000000Z;9.848;9.879;2566;2566
2026-06-08T09:29:34.0000000Z;9.848;9.879;2566;2566
2026-06-08T09:29:35.0000000Z;9.856;9.879;2566;2566
2026-06-08T09:29:51.0000000Z;9.856;9.888;2566;2566
2026-06-08T09:30:11.0000000Z;9.855;9.888;2566;2566
2026-06-08T09:30:21.0000000Z;9.854;9.888;2566;2566
2026-06-08T09:30:50.0000000Z;9.854;9.888;2566;2566
2026-06-08T09:31:21.0000000Z;9.854;9.888;2566;2566
2026-06-08T09:31:22.0000000Z;9.86;9.888;2566;2566
2026-06-08T09:31:23.0000000Z;9.86;9.892;2566;2566
2026-06-08T09:31:54.0000000Z;9.86;9.892;2566;2566
2026-06-08T09:31:55.0000000Z;9.858;9.892;2566;2566
2026-06-08T09:32:05.0000000Z;9.857;9.892;2566;2566
2026-06-08T09:32:36.0000000Z;9.857;9.892;2566;2566
2026-06-08T09:32:53.0000000Z;9.861;9.892;2566;2566
2026-06-08T09:32:55.0000000Z;9.865;9.892;2566;2566
2026-06-08T09:32:56.0000000Z;9.865;9.898;2566;2566
2026-06-08T09:33:08.0000000Z;9.864;9.898;2566;2566
2026-06-08T09:33:28.0000000Z;9.861;9.898;2566;2566
2026-06-08T09:33:58.0000000Z;9.861;9.898;2566;2566
2026-06-08T09:34:00.0000000Z;9.863;9.898;2566;2566
2026-06-08T09:34:30.0000000Z;9.864;9.898;2566;2566
2026-06-08T09:34:46.0000000Z;9.864;9.9;2566;2566
2026-06-08T09:34:56.0000000Z;9.862;9.9;2566;2566
2026-06-08T09:35:18.0000000Z;9.861;9.9;2566;2566
2026-06-08T09:35:42.0000000Z;9.859;9.9;2566;2566
2026-06-08T09:35:51.0000000Z;9.86;9.9;2566;2566
2026-06-08T09:36:04.0000000Z;9.858;9.9;2566;2566
2026-06-08T09:36:12.0000000Z;9.855;9.9;2566;2566
2026-06-08T09:36:43.0000000Z;9.873;9.9;2566;2566
2026-06-08T09:36:44.0000000Z;9.873;9.921;2566;2566
2026-06-08T09:36:50.0000000Z;9.873;9.911;2566;2566
2026-06-08T09:36:52.0000000Z;9.863;9.911;2566;2566
2026-06-08T09:36:56.0000000Z;9.86;9.911;2566;2566
2026-06-08T09:37:05.0000000Z;9.861;9.91;2566;2566
2026-06-08T09:37:08.0000000Z;9.861;9.911;2566;2566
2026-06-08T09:37:11.0000000Z;9.861;9.897;2566;2566
2026-06-08T09:37:15.0000000Z;9.86;9.897;2566;2566
2026-06-08T09:37:20.0000000Z;9.861;9.897;2566;2566
2026-06-08T09:37:25.0000000Z;9.861;9.897;2566;2566
2026-06-08T09:37:30.0000000Z;9.863;9.897;2566;2566
2026-06-08T09:37:41.0000000Z;9.862;9.897;2566;2566
2026-06-08T09:38:11.0000000Z;9.862;9.897;2566;2566
2026-06-08T09:38:42.0000000Z;9.862;9.897;2566;2566
2026-06-08T09:39:11.0000000Z;9.862;9.891;2566;2566
2026-06-08T09:39:13.0000000Z;9.861;9.891;2566;2566
2026-06-08T09:39:35.0000000Z;9.861;9.892;2566;2566
2026-06-08T09:39:39.0000000Z;9.855;9.892;2566;2566
2026-06-08T09:40:10.0000000Z;9.855;9.892;2566;2566
2026-06-08T09:40:39.0000000Z;9.858;9.892;2566;2566
2026-06-08T09:40:42.0000000Z;9.858;9.895;2566;2566
2026-06-08T09:40:43.0000000Z;9.859;9.895;2566;2566
2026-06-08T09:41:14.0000000Z;9.859;9.895;2566;2566
2026-06-08T09:41:20.0000000Z;9.859;9.896;2566;2566
2026-06-08T09:41:23.0000000Z;9.863;9.896;2566;2566
2026-06-08T09:41:26.0000000Z;9.863;9.898;2566;2566
2026-06-08T09:41:36.0000000Z;9.862;9.898;2566;2566
2026-06-08T09:41:52.0000000Z;9.861;9.898;2566;2566
2026-06-08T09:41:55.0000000Z;9.861;9.896;2566;2566
2026-06-08T09:42:14.0000000Z;9.858;9.896;2566;2566
2026-06-08T09:42:36.0000000Z;9.859;9.896;2566;2566
2026-06-08T09:42:42.0000000Z;9.86;9.896;2566;2566
2026-06-08T09:42:56.0000000Z;9.86;9.897;2566;2566
2026-06-08T09:42:59.0000000Z;9.864;9.897;2566;2566
2026-06-08T09:43:00.0000000Z;9.864;9.898;2566;2566
2026-06-08T09:43:01.0000000Z;9.865;9.898;2566;2566
2026-06-08T09:43:26.0000000Z;9.868;9.898;2566;2566
2026-06-08T09:43:38.0000000Z;9.872;9.898;2566;2566
2026-06-08T09:44:08.0000000Z;9.872;9.898;2566;2566
2026-06-08T09:44:14.0000000Z;9.868;9.898;2566;2566
2026-06-08T09:44:40.0000000Z;9.867;9.898;2566;2566
2026-06-08T09:44:43.0000000Z;9.869;9.898;2566;2566
2026-06-08T09:45:13.0000000Z;9.869;9.898;2566;2566
2026-06-08T09:45:30.0000000Z;9.87;9.898;2566;2566
2026-06-08T09:45:40.0000000Z;9.87;9.906;2566;2566
2026-06-08T09:45:52.0000000Z;9.874;9.906;2566;2566
2026-06-08T09:45:54.0000000Z;9.874;9.909;2566;2566
2026-06-08T09:46:04.0000000Z;9.874;9.91;2566;2566
2026-06-08T09:46:10.0000000Z;9.874;9.911;2566;2566
2026-06-08T09:46:37.0000000Z;9.881;9.911;2566;2566
2026-06-08T09:47:07.0000000Z;9.881;9.911;2566;2566
2026-06-08T09:47:38.0000000Z;9.881;9.911;2566;2566
2026-06-08T09:48:09.0000000Z;9.881;9.911;2566;2566
2026-06-08T09:48:19.0000000Z;9.88;9.911;2566;2566
2026-06-08T09:48:29.0000000Z;9.878;9.911;2566;2566
2026-06-08T09:48:43.0000000Z;9.876;9.911;2566;2566
2026-06-08T09:48:59.0000000Z;9.874;9.911;2566;2566
2026-06-08T09:49:22.0000000Z;9.874;9.908;2566;2566
2026-06-08T09:49:45.0000000Z;9.874;9.911;2566;2566
2026-06-08T09:50:09.0000000Z;9.872;9.911;2566;2566
2026-06-08T09:50:16.0000000Z;9.874;9.911;2566;2566
2026-06-08T09:50:22.0000000Z;9.874;9.907;2566;2566
2026-06-08T09:50:38.0000000Z;9.872;9.907;2566;2566
2026-06-08T09:51:02.0000000Z;9.872;9.907;2566;2566
2026-06-08T09:51:29.0000000Z;9.876;9.907;2566;2566
2026-06-08T09:51:31.0000000Z;9.876;9.91;2566;2566
2026-06-08T09:51:41.0000000Z;9.874;9.91;2566;2566
2026-06-08T09:52:12.0000000Z;9.874;9.91;2566;2566
2026-06-08T09:52:13.0000000Z;9.874;9.911;2566;2566
2026-06-08T09:52:15.0000000Z;9.881;9.911;2566;2566
2026-06-08T09:52:46.0000000Z;9.881;9.911;2566;2566
2026-06-08T09:53:10.0000000Z;9.877;9.911;2566;2566
2026-06-08T09:53:19.0000000Z;9.882;9.911;2566;2566
2026-06-08T09:53:49.0000000Z;9.882;9.911;2566;2566
2026-06-08T09:54:19.0000000Z;9.882;9.911;2566;2566
2026-06-08T09:54:43.0000000Z;9.883;9.911;2566;2566
2026-06-08T09:54:45.0000000Z;9.884;9.911;2566;2566
2026-06-08T09:55:15.0000000Z;9.884;9.911;2566;2566
2026-06-08T09:55:46.0000000Z;9.884;9.911;2566;2566
2026-06-08T09:55:52.0000000Z;9.888;9.911;2566;2566
2026-06-08T09:55:54.0000000Z;9.888;9.921;2566;2566
2026-06-08T09:55:57.0000000Z;9.892;9.921;2566;2566
2026-06-08T09:56:00.0000000Z;9.892;9.923;2566;2566
2026-06-08T09:56:31.0000000Z;9.892;9.923;2566;2566
2026-06-08T09:56:50.0000000Z;9.889;9.923;2566;2566
2026-06-08T09:57:01.0000000Z;9.89;9.923;2566;2566
2026-06-08T09:57:12.0000000Z;9.888;9.923;2566;2566
2026-06-08T09:57:42.0000000Z;9.888;9.923;2566;2566
2026-06-08T09:58:13.0000000Z;9.888;9.923;2566;2566
2026-06-08T09:58:20.0000000Z;9.894;9.923;2566;2566
2026-06-08T09:58:25.0000000Z;9.894;9.924;2566;2566
2026-06-08T09:58:55.0000000Z;9.894;9.924;2566;2566
2026-06-08T09:59:26.0000000Z;9.894;9.924;2566;2566
2026-06-08T09:59:56.0000000Z;9.894;9.924;2566;2566
2026-06-08T10:00:00.0000000Z;9.901;9.924;2566;2566
2026-06-08T10:00:10.0000000Z;9.901;9.934;2566;2566
2026-06-08T10:00:11.0000000Z;9.9;9.934;2566;2566
2026-06-08T10:00:23.0000000Z;9.896;9.934;2566;2566
2026-06-08T10:00:24.0000000Z;9.897;9.934;2566;2566
2026-06-08T10:00:54.0000000Z;9.897;9.934;2566;2566
2026-06-08T10:01:24.0000000Z;9.897;9.934;2566;2566
2026-06-08T10:01:55.0000000Z;9.897;9.934;2566;2566
2026-06-08T10:02:02.0000000Z;9.896;9.934;2566;2566
2026-06-08T10:02:10.0000000Z;9.887;9.92;2566;2566
2026-06-08T10:02:16.0000000Z;9.881;9.924;2566;2566
2026-06-08T10:02:17.0000000Z;9.884;9.924;2566;2566
2026-06-08T10:02:22.0000000Z;9.883;9.924;2566;2566
2026-06-08T10:02:25.0000000Z;9.888;9.924;2566;2566
2026-06-08T10:02:36.0000000Z;9.886;9.919;2566;2566
2026-06-08T10:02:38.0000000Z;9.886;9.919;2566;2566
2026-06-08T10:02:40.0000000Z;9.886;9.92;2566;2566
2026-06-08T10:02:50.0000000Z;9.884;9.92;2566;2566
2026-06-08T10:02:55.0000000Z;9.888;9.92;2566;2566
2026-06-08T10:02:56.0000000Z;9.888;9.923;2566;2566
2026-06-08T10:03:00.0000000Z;9.888;9.924;2566;2566
2026-06-08T10:03:31.0000000Z;9.888;9.924;2566;2566
2026-06-08T10:03:38.0000000Z;9.898;9.924;2566;2566
2026-06-08T10:03:43.0000000Z;9.898;9.935;2566;2566
2026-06-08T10:03:49.0000000Z;9.898;9.936;2566;2566
2026-06-08T10:04:00.0000000Z;9.903;9.936;2566;2566
2026-06-08T10:04:15.0000000Z;9.902;9.936;2566;2566
2026-06-08T10:04:45.0000000Z;9.902;9.936;2566;2566
2026-06-08T10:05:15.0000000Z;9.902;9.936;2566;2566
2026-06-08T10:05:45.0000000Z;9.902;9.937;2566;2566
2026-06-08T10:06:14.0000000Z;9.902;9.936;2566;2566
2026-06-08T10:06:45.0000000Z;9.902;9.936;2566;2566
2026-06-08T10:07:06.0000000Z;9.911;9.936;2566;2566
2026-06-08T10:07:20.0000000Z;9.908;9.937;2566;2566
2026-06-08T10:07:50.0000000Z;9.908;9.937;2566;2566
2026-06-08T10:08:04.0000000Z;9.908;9.946;2566;2566
2026-06-08T10:08:35.0000000Z;9.908;9.946;2566;2566
2026-06-08T10:08:44.0000000Z;9.904;9.946;2566;2566
2026-06-08T10:08:46.0000000Z;9.911;9.946;2566;2566
2026-06-08T10:08:54.0000000Z;9.912;9.946;2566;2566
2026-06-08T10:09:18.0000000Z;9.912;9.949;2566;2566
2026-06-08T10:09:37.0000000Z;9.913;9.949;2566;2566
2026-06-08T10:09:42.0000000Z;9.913;9.946;2566;2566
2026-06-08T10:09:46.0000000Z;9.903;9.946;2566;2566
2026-06-08T10:09:50.0000000Z;9.907;9.946;2566;2566
2026-06-08T10:10:04.0000000Z;9.906;9.946;2566;2566
2026-06-08T10:10:16.0000000Z;9.905;9.946;2566;2566
2026-06-08T10:10:40.0000000Z;9.905;9.943;2566;2566
2026-06-08T10:10:41.0000000Z;9.909;9.945;2566;2566
2026-06-08T10:10:42.0000000Z;9.909;9.943;2566;2566
2026-06-08T10:10:44.0000000Z;9.909;9.945;2566;2566
2026-06-08T10:11:05.0000000Z;9.913;9.945;2566;2566
2026-06-08T10:11:06.0000000Z;9.913;9.949;2566;2566
2026-06-08T10:11:37.0000000Z;9.913;9.949;2566;2566
2026-06-08T10:11:44.0000000Z;9.913;9.95;2566;2566
2026-06-08T10:12:05.0000000Z;9.921;9.95;2566;2566
2026-06-08T10:12:33.0000000Z;9.919;9.95;2566;2566
2026-06-08T10:12:43.0000000Z;9.915;9.95;2566;2566
2026-06-08T10:13:13.0000000Z;9.915;9.95;2566;2566
2026-06-08T10:13:43.0000000Z;9.915;9.95;2566;2566
2026-06-08T10:14:11.0000000Z;9.915;9.949;2566;2566
2026-06-08T10:14:18.0000000Z;9.915;9.95;2566;2566
2026-06-08T10:14:48.0000000Z;9.915;9.95;2566;2566
2026-06-08T10:15:19.0000000Z;9.915;9.95;2566;2566
2026-06-08T10:15:49.0000000Z;9.915;9.95;2566;2566
2026-06-08T10:16:20.0000000Z;9.915;9.95;2566;2566
2026-06-08T10:16:28.0000000Z;9.912;9.95;2566;2566
2026-06-08T10:16:38.0000000Z;9.911;9.95;2566;2566
2026-06-08T10:16:48.0000000Z;9.908;9.95;2566;2566
2026-06-08T10:17:00.0000000Z;9.906;9.94;2566;2566
2026-06-08T10:17:02.0000000Z;9.905;9.94;2566;2566
2026-06-08T10:17:04.0000000Z;9.905;9.941;2566;2566
2026-06-08T10:17:26.0000000Z;9.901;9.941;2566;2566
2026-06-08T10:17:40.0000000Z;9.9;9.941;2566;2566
2026-06-08T10:18:00.0000000Z;9.902;9.941;2566;2566
2026-06-08T10:18:01.0000000Z;9.904;9.941;2566;2566
2026-06-08T10:18:31.0000000Z;9.904;9.941;2566;2566
2026-06-08T10:18:42.0000000Z;9.903;9.941;2566;2566
2026-06-08T10:18:56.0000000Z;9.902;9.941;2566;2566
2026-06-08T10:19:06.0000000Z;9.901;9.941;2566;2566
2026-06-08T10:19:10.0000000Z;9.902;9.941;2566;2566
2026-06-08T10:19:41.0000000Z;9.902;9.941;2566;2566
2026-06-08T10:20:11.0000000Z;9.902;9.941;2566;2566
2026-06-08T10:20:41.0000000Z;9.902;9.941;2566;2566
2026-06-08T10:21:12.0000000Z;9.9;9.941;2566;2566
2026-06-08T10:21:16.0000000Z;9.901;9.941;2566;2566
2026-06-08T10:21:17.0000000Z;9.902;9.941;2566;2566
2026-06-08T10:21:35.0000000Z;9.903;9.941;2566;2566
2026-06-08T10:22:06.0000000Z;9.903;9.941;2566;2566
2026-06-08T10:22:17.0000000Z;9.902;9.941;2566;2566
2026-06-08T10:22:45.0000000Z;9.902;9.941;2566;2566
2026-06-08T10:22:53.0000000Z;9.903;9.941;2566;2566
2026-06-08T10:22:55.0000000Z;9.904;9.941;2566;2566
2026-06-08T10:23:11.0000000Z;9.903;9.941;2566;2566
2026-06-08T10:23:29.0000000Z;9.902;9.941;2566;2566
2026-06-08T10:23:57.0000000Z;9.902;9.941;2566;2566
2026-06-08T10:24:18.0000000Z;9.903;9.941;2566;2566
2026-06-08T10:24:49.0000000Z;9.903;9.941;2566;2566
2026-06-08T10:24:55.0000000Z;9.901;9.941;2566;2566
2026-06-08T10:25:05.0000000Z;9.9;9.941;2566;2566
2026-06-08T10:25:18.0000000Z;9.901;9.941;2566;2566
2026-06-08T10:25:49.0000000Z;9.901;9.941;2566;2566
2026-06-08T10:26:19.0000000Z;9.901;9.941;2566;2566
2026-06-08T10:26:50.0000000Z;9.901;9.941;2566;2566
2026-06-08T10:27:20.0000000Z;9.901;9.941;2566;2566
2026-06-08T10:27:51.0000000Z;9.901;9.941;2566;2566
2026-06-08T10:28:12.0000000Z;9.901;9.929;2566;2566
2026-06-08T10:28:14.0000000Z;9.9;9.929;2566;2566
2026-06-08T10:28:16.0000000Z;9.9;9.93;2566;2566
2026-06-08T10:28:22.0000000Z;9.9;9.932;2566;2566
2026-06-08T10:28:52.0000000Z;9.9;9.932;2566;2566
2026-06-08T10:29:15.0000000Z;9.901;9.932;2566;2566
2026-06-08T10:29:16.0000000Z;9.901;9.936;2566;2566
2026-06-08T10:29:25.0000000Z;9.902;9.936;2566;2566
2026-06-08T10:29:26.0000000Z;9.902;9.937;2566;2566
2026-06-08T10:29:48.0000000Z;9.902;9.94;2566;2566
2026-06-08T10:30:01.0000000Z;9.904;9.94;2566;2566
2026-06-08T10:30:13.0000000Z;9.905;9.94;2566;2566
2026-06-08T10:30:43.0000000Z;9.905;9.94;2566;2566
2026-06-08T10:30:45.0000000Z;9.905;9.941;2566;2566
2026-06-08T10:31:13.0000000Z;9.906;9.941;2566;2566
2026-06-08T10:31:25.0000000Z;9.904;9.941;2566;2566
2026-06-08T10:31:56.0000000Z;9.904;9.941;2566;2566
2026-06-08T10:32:21.0000000Z;9.905;9.94;2566;2566
2026-06-08T10:32:23.0000000Z;9.904;9.94;2566;2566
2026-06-08T10:32:24.0000000Z;9.905;9.94;2566;2566
2026-06-08T10:32:26.0000000Z;9.902;9.94;2566;2566
2026-06-08T10:32:36.0000000Z;9.9;9.94;2566;2566
2026-06-08T10:33:06.0000000Z;9.9;9.94;2566;2566
2026-06-08T10:33:37.0000000Z;9.9;9.94;2566;2566
2026-06-08T10:34:07.0000000Z;9.9;9.94;2566;2566
2026-06-08T10:34:12.0000000Z;9.902;9.94;2566;2566
2026-06-08T10:34:14.0000000Z;9.902;9.942;2566;2566
2026-06-08T10:34:19.0000000Z;9.918;9.942;2566;2566
2026-06-08T10:34:26.0000000Z;9.914;9.942;2566;2566
2026-06-08T10:34:29.0000000Z;9.916;9.942;2566;2566
2026-06-08T10:34:34.0000000Z;9.917;9.942;2566;2566
2026-06-08T10:34:37.0000000Z;9.885;9.942;2566;2566
2026-06-08T10:34:52.0000000Z;9.887;9.942;2566;2566
2026-06-08T10:34:57.0000000Z;9.889;9.942;2566;2566
2026-06-08T10:34:58.0000000Z;9.89;9.942;2566;2566
2026-06-08T10:35:02.0000000Z;9.895;9.942;2566;2566
2026-06-08T10:35:06.0000000Z;9.888;9.942;2566;2566
2026-06-08T10:35:10.0000000Z;9.862;9.942;2566;2566
2026-06-08T10:35:13.0000000Z;9.867;9.942;2566;2566
2026-06-08T10:35:16.0000000Z;9.869;9.942;2566;2566
2026-06-08T10:35:18.0000000Z;9.871;9.942;2566;2566
2026-06-08T10:35:19.0000000Z;9.873;9.942;2566;2566
2026-06-08T10:35:20.0000000Z;9.875;9.942;2566;2566
2026-06-08T10:35:23.0000000Z;9.88;9.942;2566;2566
2026-06-08T10:35:26.0000000Z;9.882;9.942;2566;2566
2026-06-08T10:35:27.0000000Z;9.887;9.942;2566;2566
2026-06-08T10:35:28.0000000Z;9.889;9.942;2566;2566
2026-06-08T10:35:32.0000000Z;9.89;9.942;2566;2566
2026-06-08T10:35:34.0000000Z;9.892;9.942;2566;2566
2026-06-08T10:35:35.0000000Z;9.894;9.942;2566;2566
2026-06-08T10:35:37.0000000Z;9.896;9.942;2566;2566
2026-06-08T10:35:38.0000000Z;9.898;9.942;2566;2566
2026-06-08T10:35:40.0000000Z;9.901;9.942;2566;2566
2026-06-08T10:35:41.0000000Z;9.911;9.942;2566;2566
2026-06-08T10:35:43.0000000Z;9.913;9.942;2566;2566
2026-06-08T10:35:47.0000000Z;9.914;9.942;2566;2566
2026-06-08T10:35:51.0000000Z;9.921;9.942;2566;2566
2026-06-08T10:36:16.0000000Z;9.926;9.942;2566;2566
2026-06-08T10:36:34.0000000Z;9.928;9.942;2566;2566
2026-06-08T10:36:45.0000000Z;9.931;9.942;2566;2566
2026-06-08T10:36:59.0000000Z;9.928;9.942;2566;2566
2026-06-08T10:37:13.0000000Z;9.931;9.942;2566;2566
2026-06-08T10:37:30.0000000Z;9.928;9.942;2566;2566
2026-06-08T10:37:41.0000000Z;9.925;9.942;2566;2566
2026-06-08T10:38:11.0000000Z;9.925;9.942;2566;2566
2026-06-08T10:38:14.0000000Z;9.931;9.942;2566;2566
2026-06-08T10:38:27.0000000Z;9.924;9.942;2566;2566
2026-06-08T10:38:56.0000000Z;9.931;9.942;2566;2566
2026-06-08T10:39:09.0000000Z;9.928;9.942;2566;2566
2026-06-08T10:39:19.0000000Z;9.924;9.942;2566;2566
2026-06-08T10:39:50.0000000Z;9.924;9.942;2566;2566
2026-06-08T10:40:21.0000000Z;9.924;9.942;2566;2566
2026-06-08T10:40:31.0000000Z;9.925;9.942;2566;2566
2026-06-08T10:41:01.0000000Z;9.925;9.942;2566;2566
2026-06-08T10:41:21.0000000Z;9.931;9.942;2566;2566
2026-06-08T10:41:34.0000000Z;9.929;9.942;2566;2566
2026-06-08T10:42:04.0000000Z;9.929;9.942;2566;2566
2026-06-08T10:42:28.0000000Z;9.934;9.942;2566;2566
2026-06-08T10:42:36.0000000Z;9.934;9.97;2566;2566
2026-06-08T10:42:40.0000000Z;9.937;9.97;2566;2566
2026-06-08T10:42:50.0000000Z;9.938;9.97;2566;2566
2026-06-08T10:42:52.0000000Z;9.938;9.977;2566;2566
2026-06-08T10:42:56.0000000Z;9.938;9.979;2566;2566
2026-06-08T10:43:27.0000000Z;9.938;9.979;2566;2566
2026-06-08T10:43:58.0000000Z;9.938;9.979;2566;2566
2026-06-08T10:44:07.0000000Z;9.938;9.98;2566;2566
2026-06-08T10:44:09.0000000Z;9.938;9.981;2566;2566
2026-06-08T10:44:17.0000000Z;9.938;9.979;2566;2566
2026-06-08T10:44:48.0000000Z;9.938;9.979;2566;2566
2026-06-08T10:44:53.0000000Z;9.938;9.977;2566;2566
2026-06-08T10:45:01.0000000Z;9.934;9.977;2566;2566
2026-06-08T10:45:29.0000000Z;9.931;9.977;2566;2566
2026-06-08T10:45:31.0000000Z;9.932;9.977;2566;2566
2026-06-08T10:45:41.0000000Z;9.93;9.977;2566;2566
2026-06-08T10:45:51.0000000Z;9.932;9.977;2566;2566
2026-06-08T10:46:05.0000000Z;9.929;9.977;2566;2566
2026-06-08T10:46:35.0000000Z;9.929;9.977;2566;2566
2026-06-08T10:46:45.0000000Z;9.925;9.968;2566;2566
2026-06-08T10:46:55.0000000Z;9.925;9.967;2566;2566
2026-06-08T10:47:09.0000000Z;9.925;9.969;2566;2566
2026-06-08T10:47:13.0000000Z;9.925;9.967;2566;2566
2026-06-08T10:47:22.0000000Z;9.926;9.967;2566;2566
2026-06-08T10:47:39.0000000Z;9.926;9.965;2566;2566
2026-06-08T10:47:46.0000000Z;9.926;9.96;2566;2566
2026-06-08T10:47:47.0000000Z;9.925;9.96;2566;2566
2026-06-08T10:47:49.0000000Z;9.921;9.96;2566;2566
2026-06-08T10:47:51.0000000Z;9.921;9.963;2566;2566
2026-06-08T10:47:53.0000000Z;9.921;9.962;2566;2566
2026-06-08T10:48:00.0000000Z;9.922;9.962;2566;2566
2026-06-08T10:48:01.0000000Z;9.922;9.962;2566;2566
2026-06-08T10:48:03.0000000Z;9.921;9.962;2566;2566
2026-06-08T10:48:34.0000000Z;9.921;9.962;2566;2566
2026-06-08T10:49:05.0000000Z;9.921;9.962;2566;2566
2026-06-08T10:49:14.0000000Z;9.921;9.964;2566;2566
2026-06-08T10:49:40.0000000Z;9.921;9.964;2566;2566
2026-06-08T10:50:02.0000000Z;9.921;9.962;2566;2566
2026-06-08T10:50:32.0000000Z;9.921;9.962;2566;2566
2026-06-08T10:50:43.0000000Z;9.921;9.96;2566;2566
2026-06-08T10:51:02.0000000Z;9.917;9.96;2566;2566
2026-06-08T10:51:06.0000000Z;9.917;9.957;2566;2566
2026-06-08T10:51:36.0000000Z;9.917;9.957;2566;2566
2026-06-08T10:52:07.0000000Z;9.917;9.957;2566;2566
2026-06-08T10:52:37.0000000Z;9.917;9.957;2566;2566
2026-06-08T10:53:08.0000000Z;9.917;9.957;2566;2566
2026-06-08T10:53:38.0000000Z;9.917;9.957;2566;2566
2026-06-08T10:54:09.0000000Z;9.917;9.957;2566;2566
2026-06-08T10:54:25.0000000Z;9.917;9.954;2566;2566
2026-06-08T10:54:27.0000000Z;9.916;9.954;2566;2566
2026-06-08T10:54:58.0000000Z;9.916;9.954;2566;2566
2026-06-08T10:55:04.0000000Z;9.912;9.954;2566;2566
2026-06-08T10:55:30.0000000Z;9.912;9.952;2566;2566
2026-06-08T10:55:31.0000000Z;9.912;9.95;2566;2566
2026-06-08T10:55:34.0000000Z;9.906;9.95;2566;2566
2026-06-08T10:55:36.0000000Z;9.906;9.948;2566;2566
2026-06-08T10:56:06.0000000Z;9.906;9.948;2566;2566
2026-06-08T10:56:14.0000000Z;9.906;9.946;2566;2566
2026-06-08T10:56:20.0000000Z;9.906;9.945;2566;2566
2026-06-08T10:56:25.0000000Z;9.906;9.94;2566;2566
2026-06-08T10:56:27.0000000Z;9.906;9.945;2566;2566
2026-06-08T10:56:29.0000000Z;9.906;9.94;2566;2566
2026-06-08T10:56:30.0000000Z;9.906;9.94;2566;2566
2026-06-08T10:56:32.0000000Z;9.906;9.945;2566;2566
2026-06-08T10:56:35.0000000Z;9.906;9.94;2566;2566
2026-06-08T10:56:42.0000000Z;9.901;9.942;2566;2566
2026-06-08T10:57:13.0000000Z;9.901;9.942;2566;2566
2026-06-08T10:57:20.0000000Z;9.896;9.942;2566;2566
2026-06-08T10:57:31.0000000Z;9.896;9.936;2566;2566
2026-06-08T10:57:39.0000000Z;9.896;9.937;2566;2566
2026-06-08T10:57:40.0000000Z;9.896;9.93;2566;2566
2026-06-08T10:57:43.0000000Z;9.896;9.934;2566;2566
2026-06-08T10:57:45.0000000Z;9.895;9.934;2566;2566
2026-06-08T10:58:00.0000000Z;9.895;9.934;2566;2566
2026-06-08T10:58:09.0000000Z;9.895;9.935;2566;2566
2026-06-08T10:58:39.0000000Z;9.895;9.935;2566;2566
2026-06-08T10:58:41.0000000Z;9.895;9.937;2566;2566
2026-06-08T10:58:54.0000000Z;9.897;9.937;2566;2566
2026-06-08T10:59:24.0000000Z;9.897;9.937;2566;2566
2026-06-08T10:59:43.0000000Z;9.891;9.95;2566;2566
2026-06-08T10:59:44.0000000Z;9.891;9.94;2566;2566
2026-06-08T11:00:14.0000000Z;9.891;9.94;2566;2566
2026-06-08T11:00:44.0000000Z;9.89;9.94;2566;2566
2026-06-08T11:00:46.0000000Z;9.888;9.94;2566;2566
2026-06-08T11:01:06.0000000Z;9.889;9.94;2566;2566
2026-06-08T11:01:37.0000000Z;9.889;9.94;2566;2566
2026-06-08T11:01:54.0000000Z;9.887;9.94;2566;2566
2026-06-08T11:02:10.0000000Z;9.882;9.94;2566;2566
2026-06-08T11:02:20.0000000Z;9.885;9.931;2566;2566
2026-06-08T11:02:23.0000000Z;9.885;9.927;2566;2566
2026-06-08T11:02:46.0000000Z;9.891;9.93;2566;2566
2026-06-08T11:02:48.0000000Z;9.891;9.931;2566;2566
2026-06-08T11:03:13.0000000Z;9.893;9.931;2566;2566
2026-06-08T11:03:26.0000000Z;9.894;9.931;2566;2566
2026-06-08T11:03:34.0000000Z;9.896;9.931;2566;2566
2026-06-08T11:03:47.0000000Z;9.898;9.931;2566;2566
2026-06-08T11:03:48.0000000Z;9.898;9.936;2566;2566
2026-06-08T11:03:52.0000000Z;9.901;9.936;2566;2566
2026-06-08T11:03:54.0000000Z;9.901;9.939;2566;2566
2026-06-08T11:03:58.0000000Z;9.902;9.939;2566;2566
2026-06-08T11:04:04.0000000Z;9.901;9.939;2566;2566
2026-06-08T11:04:18.0000000Z;9.896;9.941;2566;2566
2026-06-08T11:04:49.0000000Z;9.896;9.941;2566;2566
2026-06-08T11:05:19.0000000Z;9.896;9.941;2566;2566
2026-06-08T11:05:22.0000000Z;9.896;9.944;2566;2566
2026-06-08T11:05:23.0000000Z;9.896;9.94;2566;2566
2026-06-08T11:05:24.0000000Z;9.896;9.944;2566;2566
2026-06-08T11:05:26.0000000Z;9.896;9.94;2566;2566
2026-06-08T11:05:30.0000000Z;9.896;9.944;2566;2566
2026-06-08T11:06:00.0000000Z;9.896;9.944;2566;2566
2026-06-08T11:06:13.0000000Z;9.896;9.94;2566;2566
2026-06-08T11:06:32.0000000Z;9.896;9.941;2566;2566
2026-06-08T11:07:02.0000000Z;9.896;9.941;2566;2566
2026-06-08T11:07:33.0000000Z;9.896;9.941;2566;2566
2026-06-08T11:08:04.0000000Z;9.896;9.941;2566;2566
2026-06-08T11:08:34.0000000Z;9.896;9.941;2566;2566
2026-06-08T11:09:05.0000000Z;9.896;9.941;2566;2566
2026-06-08T11:09:31.0000000Z;9.896;9.944;2566;2566
2026-06-08T11:09:52.0000000Z;9.911;9.944;2566;2566
2026-06-08T11:10:04.0000000Z;9.912;9.944;2566;2566
2026-06-08T11:10:15.0000000Z;9.908;9.944;2566;2566
2026-06-08T11:10:38.0000000Z;9.911;9.944;2566;2566
2026-06-08T11:10:48.0000000Z;9.9;9.944;2566;2566
2026-06-08T11:10:52.0000000Z;9.902;9.944;2566;2566
2026-06-08T11:11:12.0000000Z;9.92;9.963;2566;2566
2026-06-08T11:11:42.0000000Z;9.92;9.963;2566;2566
2026-06-08T11:11:50.0000000Z;9.919;9.963;2566;2566
2026-06-08T11:12:20.0000000Z;9.919;9.963;2566;2566
2026-06-08T11:12:51.0000000Z;9.919;9.963;2566;2566
2026-06-08T11:13:04.0000000Z;9.929;9.963;2566;2566
2026-06-08T11:13:05.0000000Z;9.928;9.963;2566;2566
2026-06-08T11:13:08.0000000Z;9.929;9.969;2566;2566
2026-06-08T11:13:20.0000000Z;9.929;9.967;2566;2566
2026-06-08T11:13:26.0000000Z;9.929;9.963;2566;2566
2026-06-08T11:13:36.0000000Z;9.925;9.963;2566;2566
2026-06-08T11:14:07.0000000Z;9.925;9.963;2566;2566
2026-06-08T11:14:11.0000000Z;9.927;9.963;2566;2566
2026-06-08T11:14:15.0000000Z;9.93;9.963;2566;2566
2026-06-08T11:14:16.0000000Z;9.925;9.963;2566;2566
2026-06-08T11:14:18.0000000Z;9.931;9.963;2566;2566
2026-06-08T11:14:20.0000000Z;9.925;9.963;2566;2566
2026-06-08T11:14:31.0000000Z;9.925;9.963;2566;2566
2026-06-08T11:15:02.0000000Z;9.925;9.963;2566;2566
2026-06-08T11:15:08.0000000Z;9.946;9.963;2566;2566
2026-06-08T11:15:13.0000000Z;9.948;9.963;2566;2566
2026-06-08T11:15:16.0000000Z;9.937;9.963;2566;2566
2026-06-08T11:15:19.0000000Z;9.951;9.963;2566;2566
2026-06-08T11:15:24.0000000Z;9.936;9.963;2566;2566
2026-06-08T11:15:26.0000000Z;9.951;9.963;2566;2566
2026-06-08T11:15:34.0000000Z;9.952;9.997;2566;2566
2026-06-08T11:15:37.0000000Z;9.954;9.997;2566;2566
2026-06-08T11:15:40.0000000Z;9.951;9.997;2566;2566
2026-06-08T11:15:55.0000000Z;9.938;9.997;2566;2566
2026-06-08T11:15:57.0000000Z;9.936;9.997;2566;2566
2026-06-08T11:15:59.0000000Z;9.951;9.997;2566;2566
2026-06-08T11:16:02.0000000Z;9.941;9.997;2566;2566
2026-06-08T11:16:05.0000000Z;9.937;9.997;2566;2566
2026-06-08T11:16:07.0000000Z;9.938;9.997;2566;2566
2026-06-08T11:16:10.0000000Z;9.937;9.997;2566;2566
2026-06-08T11:16:17.0000000Z;9.937;9.99;2566;2566
2026-06-08T11:16:33.0000000Z;9.936;9.99;2566;2566
2026-06-08T11:16:53.0000000Z;9.941;9.99;2566;2566
2026-06-08T11:16:54.0000000Z;9.942;9.99;2566;2566
2026-06-08T11:17:02.0000000Z;9.936;9.99;2566;2566
2026-06-08T11:17:04.0000000Z;9.942;9.99;2566;2566
2026-06-08T11:17:15.0000000Z;9.936;9.99;2566;2566
2026-06-08T11:17:16.0000000Z;9.936;9.99;2566;2566
2026-06-08T11:17:31.0000000Z;9.932;9.99;2566;2566
2026-06-08T11:17:37.0000000Z;9.932;9.98;2566;2566
2026-06-08T11:17:39.0000000Z;9.932;9.99;2566;2566
2026-06-08T11:17:47.0000000Z;9.932;9.996;2566;2566
2026-06-08T11:18:18.0000000Z;9.932;9.996;2566;2566
2026-06-08T11:18:21.0000000Z;9.937;9.978;2566;2566
2026-06-08T11:18:51.0000000Z;9.937;9.978;2566;2566
2026-06-08T11:19:03.0000000Z;9.939;9.978;2566;2566
2026-06-08T11:19:25.0000000Z;9.94;9.978;2566;2566
2026-06-08T11:19:27.0000000Z;9.942;9.978;2566;2566
2026-06-08T11:19:30.0000000Z;9.942;9.983;2566;2566
2026-06-08T11:19:47.0000000Z;9.945;9.983;2566;2566
2026-06-08T11:19:51.0000000Z;9.947;9.983;2566;2566
2026-06-08T11:19:52.0000000Z;9.947;9.987;2566;2566
2026-06-08T11:20:00.0000000Z;9.949;9.987;2566;2566
2026-06-08T11:20:17.0000000Z;9.95;9.987;2566;2566
2026-06-08T11:20:24.0000000Z;9.95;9.992;2566;2566
2026-06-08T11:20:33.0000000Z;9.955;9.992;2566;2566
2026-06-08T11:20:34.0000000Z;9.955;9.996;2566;2566
2026-06-08T11:20:47.0000000Z;9.957;9.996;2566;2566
2026-06-08T11:20:56.0000000Z;9.959;9.996;2566;2566
2026-06-08T11:21:00.0000000Z;9.959;10.006;2566;2566
2026-06-08T11:21:03.0000000Z;9.959;10;2566;2566
2026-06-08T11:21:33.0000000Z;9.959;10;2566;2566
2026-06-08T11:21:47.0000000Z;9.959;10.008;2566;2566
2026-06-08T11:22:17.0000000Z;9.959;10.008;2566;2566
2026-06-08T11:22:46.0000000Z;9.971;10.008;2566;2566
2026-06-08T11:22:48.0000000Z;9.972;10.008;2566;2566
2026-06-08T11:22:56.0000000Z;9.97;10.008;2566;2566
2026-06-08T11:22:57.0000000Z;9.97;10.014;2566;2566
2026-06-08T11:22:59.0000000Z;9.973;10.014;2566;2566
2026-06-08T11:23:12.0000000Z;9.969;10.014;2566;2566
2026-06-08T11:23:13.0000000Z;9.969;10.012;2566;2566
2026-06-08T11:23:44.0000000Z;9.969;10.012;2566;2566
2026-06-08T11:24:11.0000000Z;9.973;10.012;2566;2566
2026-06-08T11:24:41.0000000Z;9.973;10.014;2566;2566
2026-06-08T11:25:11.0000000Z;9.973;10.014;2566;2566
2026-06-08T11:25:42.0000000Z;9.973;10.014;2566;2566
2026-06-08T11:25:50.0000000Z;9.97;10.01;2566;2566
2026-06-08T11:25:58.0000000Z;9.969;10.01;2566;2566
2026-06-08T11:26:00.0000000Z;9.969;10.012;2566;2566
2026-06-08T11:26:08.0000000Z;9.968;10.012;2566;2566
2026-06-08T11:26:19.0000000Z;9.968;10.01;2566;2566
2026-06-08T11:26:50.0000000Z;9.968;10.01;2566;2566
2026-06-08T11:27:00.0000000Z;9.966;10;2566;2566
2026-06-08T11:27:03.0000000Z;9.966;10.01;2566;2566
2026-06-08T11:27:07.0000000Z;9.966;10.01;2566;2566
2026-06-08T11:27:10.0000000Z;9.966;10;2566;2566
2026-06-08T11:27:13.0000000Z;9.966;10.006;2566;2566
2026-06-08T11:27:17.0000000Z;9.966;10.008;2566;2566
2026-06-08T11:27:48.0000000Z;9.966;10.008;2566;2566
2026-06-08T11:28:02.0000000Z;9.966;10.01;2566;2566
2026-06-08T11:28:31.0000000Z;9.966;10;2566;2566
2026-06-08T11:28:32.0000000Z;9.966;10;2566;2566
2026-06-08T11:28:34.0000000Z;9.966;10.01;2566;2566
2026-06-08T11:29:00.0000000Z;9.966;10.006;2566;2566
2026-06-08T11:29:02.0000000Z;9.966;10;2566;2566
2026-06-08T11:29:04.0000000Z;9.966;10.006;2566;2566
2026-06-08T11:29:19.0000000Z;9.966;10.008;2566;2566
2026-06-08T11:29:46.0000000Z;9.966;10.008;2566;2566
2026-06-08T11:29:52.0000000Z;9.968;10.008;2566;2566
2026-06-08T11:30:16.0000000Z;9.966;10.008;2566;2566
2026-06-08T11:30:22.0000000Z;9.966;10;2566;2566
2026-06-08T11:30:23.0000000Z;9.966;10.008;2566;2566
2026-06-08T11:30:31.0000000Z;9.966;10.008;2566;2566
2026-06-08T11:30:42.0000000Z;9.966;10;2566;2566
2026-06-08T11:30:50.0000000Z;9.966;10.004;2566;2566
2026-06-08T11:30:53.0000000Z;9.965;10.004;2566;2566
2026-06-08T11:31:21.0000000Z;9.961;10.004;2566;2566
2026-06-08T11:31:50.0000000Z;9.968;10.004;2566;2566
2026-06-08T11:32:21.0000000Z;9.968;10.004;2566;2566
2026-06-08T11:32:25.0000000Z;9.967;10;2566;2566
2026-06-08T11:32:26.0000000Z;9.968;10.004;2566;2566
2026-06-08T11:32:31.0000000Z;9.968;10.004;2566;2566
2026-06-08T11:32:33.0000000Z;9.967;10;2566;2566
2026-06-08T11:32:43.0000000Z;9.968;10.004;2566;2566
2026-06-08T11:32:45.0000000Z;9.967;10;2566;2566
2026-06-08T11:32:46.0000000Z;9.968;10.004;2566;2566
2026-06-08T11:32:48.0000000Z;9.967;10;2566;2566
2026-06-08T11:33:02.0000000Z;9.964;10.006;2566;2566
2026-06-08T11:33:31.0000000Z;9.969;10.006;2566;2566
2026-06-08T11:33:42.0000000Z;9.969;10.012;2566;2566
2026-06-08T11:34:10.0000000Z;9.969;10.008;2566;2566
2026-06-08T11:34:40.0000000Z;9.969;10.008;2566;2566
2026-06-08T11:35:11.0000000Z;9.969;10.008;2566;2566
2026-06-08T11:35:42.0000000Z;9.969;10.008;2566;2566
2026-06-08T11:36:12.0000000Z;9.969;10.008;2566;2566
2026-06-08T11:36:30.0000000Z;9.962;10.008;2566;2566
2026-06-08T11:36:33.0000000Z;9.954;10.008;2566;2566
2026-06-08T11:36:43.0000000Z;9.955;10.008;2566;2566
2026-06-08T11:37:13.0000000Z;9.955;10.008;2566;2566
2026-06-08T11:37:44.0000000Z;9.955;10.008;2566;2566
2026-06-08T11:38:14.0000000Z;9.955;10.008;2566;2566
2026-06-08T11:38:45.0000000Z;9.955;10.008;2566;2566
2026-06-08T11:39:15.0000000Z;9.955;10.008;2566;2566
2026-06-08T11:39:46.0000000Z;9.955;10.008;2566;2566
2026-06-08T11:40:13.0000000Z;9.955;9.998;2566;2566
2026-06-08T11:40:19.0000000Z;9.955;9.996;2566;2566
2026-06-08T11:40:31.0000000Z;9.957;9.996;2566;2566
2026-06-08T11:40:34.0000000Z;9.957;10;2566;2566
2026-06-08T11:40:44.0000000Z;9.957;9.99;2566;2566
2026-06-08T11:41:14.0000000Z;9.957;9.99;2566;2566
2026-06-08T11:41:15.0000000Z;9.954;9.99;2566;2566
2026-06-08T11:41:23.0000000Z;9.954;9.991;2566;2566
2026-06-08T11:41:53.0000000Z;9.954;9.991;2566;2566
2026-06-08T11:42:13.0000000Z;9.947;9.991;2566;2566
2026-06-08T11:42:42.0000000Z;9.947;9.991;2566;2566
2026-06-08T11:43:12.0000000Z;9.947;9.991;2566;2566
2026-06-08T11:43:43.0000000Z;9.947;9.991;2566;2566
2026-06-08T11:44:13.0000000Z;9.947;9.991;2566;2566
2026-06-08T11:44:44.0000000Z;9.947;9.991;2566;2566
2026-06-08T11:45:14.0000000Z;9.947;9.991;2566;2566
2026-06-08T11:45:45.0000000Z;9.947;9.98;2566;2566
2026-06-08T11:45:58.0000000Z;9.947;9.98;2566;2566
2026-06-08T11:46:00.0000000Z;9.947;9.986;2566;2566
2026-06-08T11:46:02.0000000Z;9.947;9.98;2566;2566
2026-06-08T11:46:08.0000000Z;9.947;9.986;2566;2566
2026-06-08T11:46:09.0000000Z;9.947;9.98;2566;2566
2026-06-08T11:46:12.0000000Z;9.943;9.98;2566;2566
2026-06-08T11:46:43.0000000Z;9.943;9.98;2566;2566
2026-06-08T11:46:44.0000000Z;9.938;9.981;2566;2566
2026-06-08T11:46:47.0000000Z;9.938;9.98;2566;2566
2026-06-08T11:46:49.0000000Z;9.938;9.976;2566;2566
2026-06-08T11:46:51.0000000Z;9.938;9.97;2566;2566
2026-06-08T11:46:54.0000000Z;9.937;9.97;2566;2566
2026-06-08T11:47:00.0000000Z;9.933;9.97;2566;2566
2026-06-08T11:47:14.0000000Z;9.933;9.972;2566;2566
2026-06-08T11:47:45.0000000Z;9.933;9.972;2566;2566
2026-06-08T11:47:55.0000000Z;9.927;9.972;2566;2566
2026-06-08T11:48:25.0000000Z;9.927;9.972;2566;2566
2026-06-08T11:48:47.0000000Z;9.927;9.968;2566;2566
2026-06-08T11:48:50.0000000Z;9.927;9.96;2566;2566
2026-06-08T11:48:51.0000000Z;9.928;9.968;2566;2566
2026-06-08T11:48:53.0000000Z;9.928;9.968;2566;2566
2026-06-08T11:49:24.0000000Z;9.928;9.968;2566;2566
2026-06-08T11:49:39.0000000Z;9.928;9.97;2566;2566
2026-06-08T11:49:50.0000000Z;9.931;9.97;2566;2566
2026-06-08T11:49:54.0000000Z;9.932;9.97;2566;2566
2026-06-08T11:50:17.0000000Z;9.932;9.974;2566;2566
2026-06-08T11:50:47.0000000Z;9.932;9.974;2566;2566
2026-06-08T11:51:01.0000000Z;9.935;9.974;2566;2566
2026-06-08T11:51:16.0000000Z;9.935;9.978;2566;2566
2026-06-08T11:51:46.0000000Z;9.935;9.978;2566;2566
2026-06-08T11:52:17.0000000Z;9.935;9.978;2566;2566
2026-06-08T11:52:28.0000000Z;9.936;9.978;2566;2566
2026-06-08T11:52:36.0000000Z;9.936;9.97;2566;2566
2026-06-08T11:52:42.0000000Z;9.931;9.97;2566;2566
2026-06-08T11:52:44.0000000Z;9.931;9.972;2566;2566
2026-06-08T11:53:13.0000000Z;9.931;9.972;2566;2566
2026-06-08T11:53:28.0000000Z;9.927;9.972;2566;2566
2026-06-08T11:53:59.0000000Z;9.927;9.972;2566;2566
2026-06-08T11:54:11.0000000Z;9.929;9.972;2566;2566
2026-06-08T11:54:42.0000000Z;9.929;9.972;2566;2566
2026-06-08T11:55:12.0000000Z;9.929;9.972;2566;2566
2026-06-08T11:55:43.0000000Z;9.929;9.972;2566;2566
2026-06-08T11:56:13.0000000Z;9.929;9.972;2566;2566
2026-06-08T11:56:44.0000000Z;9.929;9.972;2566;2566
2026-06-08T11:57:14.0000000Z;9.929;9.972;2566;2566
2026-06-08T11:57:32.0000000Z;9.929;9.968;2566;2566
2026-06-08T11:57:34.0000000Z;9.929;9.96;2566;2566
2026-06-08T11:57:41.0000000Z;9.926;9.96;2566;2566
2026-06-08T11:58:08.0000000Z;9.927;9.968;2566;2566
2026-06-08T11:58:09.0000000Z;9.926;9.968;2566;2566
2026-06-08T11:58:14.0000000Z;9.922;9.968;2566;2566
2026-06-08T11:58:26.0000000Z;9.925;9.968;2566;2566
2026-06-08T11:58:57.0000000Z;9.925;9.968;2566;2566
2026-06-08T11:59:10.0000000Z;9.922;9.968;2566;2566
2026-06-08T11:59:11.0000000Z;9.922;9.968;2566;2566
2026-06-08T11:59:22.0000000Z;9.921;9.968;2566;2566
2026-06-08T11:59:52.0000000Z;9.921;9.968;2566;2566
2026-06-08T12:00:23.0000000Z;9.921;9.968;2566;2566
2026-06-08T12:00:43.0000000Z;9.927;9.968;2566;2566
2026-06-08T12:01:00.0000000Z;9.927;9.97;2566;2566
2026-06-08T12:01:02.0000000Z;9.927;9.972;2566;2566
2026-06-08T12:01:03.0000000Z;9.934;9.972;2566;2566
2026-06-08T12:01:26.0000000Z;9.928;9.972;2566;2566
2026-06-08T12:01:52.0000000Z;9.928;9.968;2566;2566
2026-06-08T12:02:23.0000000Z;9.928;9.968;2566;2566
2026-06-08T12:02:53.0000000Z;9.928;9.968;2566;2566
2026-06-08T12:03:24.0000000Z;9.928;9.968;2566;2566
2026-06-08T12:03:29.0000000Z;9.928;9.972;2566;2566
2026-06-08T12:03:54.0000000Z;9.928;9.97;2566;2566
2026-06-08T12:03:57.0000000Z;9.928;9.967;2566;2566
2026-06-08T12:04:17.0000000Z;9.924;9.967;2566;2566
2026-06-08T12:04:48.0000000Z;9.924;9.967;2566;2566
2026-06-08T12:05:19.0000000Z;9.924;9.967;2566;2566
2026-06-08T12:05:49.0000000Z;9.924;9.967;2566;2566
2026-06-08T12:06:20.0000000Z;9.924;9.967;2566;2566
2026-06-08T12:06:43.0000000Z;9.927;9.967;2566;2566
2026-06-08T12:07:01.0000000Z;9.93;9.967;2566;2566
2026-06-08T12:07:32.0000000Z;9.93;9.967;2566;2566
2026-06-08T12:08:03.0000000Z;9.93;9.967;2566;2566
2026-06-08T12:08:33.0000000Z;9.93;9.967;2566;2566
2026-06-08T12:09:04.0000000Z;9.93;9.967;2566;2566
2026-06-08T12:09:22.0000000Z;9.933;9.967;2566;2566
2026-06-08T12:09:23.0000000Z;9.934;9.967;2566;2566
2026-06-08T12:09:34.0000000Z;9.937;9.967;2566;2566
2026-06-08T12:09:36.0000000Z;9.938;9.967;2566;2566
2026-06-08T12:09:39.0000000Z;9.939;9.967;2566;2566
2026-06-08T12:10:10.0000000Z;9.939;9.967;2566;2566
2026-06-08T12:10:38.0000000Z;9.938;9.967;2566;2566
2026-06-08T12:10:55.0000000Z;9.938;9.97;2566;2566
2026-06-08T12:11:22.0000000Z;9.933;9.97;2566;2566
2026-06-08T12:11:50.0000000Z;9.933;9.97;2566;2566
2026-06-08T12:11:56.0000000Z;9.931;9.97;2566;2566
2026-06-08T12:12:08.0000000Z;9.933;9.97;2566;2566
2026-06-08T12:12:39.0000000Z;9.933;9.97;2566;2566
2026-06-08T12:12:56.0000000Z;9.935;9.97;2566;2566
2026-06-08T12:12:57.0000000Z;9.936;9.97;2566;2566
2026-06-08T12:13:27.0000000Z;9.936;9.97;2566;2566
2026-06-08T12:13:37.0000000Z;9.933;9.97;2566;2566
2026-06-08T12:13:48.0000000Z;9.931;9.97;2566;2566
2026-06-08T12:13:53.0000000Z;9.932;9.97;2566;2566
2026-06-08T12:14:00.0000000Z;9.929;9.97;2566;2566
2026-06-08T12:14:30.0000000Z;9.929;9.97;2566;2566
2026-06-08T12:15:01.0000000Z;9.929;9.97;2566;2566
2026-06-08T12:15:32.0000000Z;9.929;9.97;2566;2566
2026-06-08T12:16:02.0000000Z;9.929;9.97;2566;2566
2026-06-08T12:16:33.0000000Z;9.929;9.97;2566;2566
2026-06-08T12:17:03.0000000Z;9.929;9.97;2566;2566
2026-06-08T12:17:34.0000000Z;9.929;9.97;2566;2566
2026-06-08T12:17:50.0000000Z;9.932;9.97;2566;2566
2026-06-08T12:18:21.0000000Z;9.932;9.97;2566;2566
2026-06-08T12:18:51.0000000Z;9.932;9.97;2566;2566
2026-06-08T12:18:52.0000000Z;9.942;9.97;2566;2566
2026-06-08T12:18:57.0000000Z;9.943;9.97;2566;2566
2026-06-08T12:19:01.0000000Z;9.943;9.979;2566;2566
2026-06-08T12:19:32.0000000Z;9.943;9.979;2566;2566
2026-06-08T12:20:03.0000000Z;9.943;9.979;2566;2566
2026-06-08T12:20:33.0000000Z;9.943;9.979;2566;2566
2026-06-08T12:20:37.0000000Z;9.943;9.978;2566;2566
2026-06-08T12:21:08.0000000Z;9.943;9.978;2566;2566
2026-06-08T12:21:33.0000000Z;9.943;9.979;2566;2566
2026-06-08T12:21:53.0000000Z;9.948;9.979;2566;2566
2026-06-08T12:22:06.0000000Z;9.944;9.979;2566;2566
2026-06-08T12:22:29.0000000Z;9.944;9.978;2566;2566
2026-06-08T12:22:39.0000000Z;9.947;9.978;2566;2566
2026-06-08T12:23:09.0000000Z;9.947;9.978;2566;2566
2026-06-08T12:23:39.0000000Z;9.947;9.978;2566;2566
2026-06-08T12:24:10.0000000Z;9.947;9.978;2566;2566
2026-06-08T12:24:12.0000000Z;9.947;9.979;2566;2566
2026-06-08T12:24:36.0000000Z;9.947;9.979;2566;2566
2026-06-08T12:25:07.0000000Z;9.947;9.979;2566;2566
2026-06-08T12:25:31.0000000Z;9.945;9.979;2566;2566
2026-06-08T12:26:02.0000000Z;9.945;9.979;2566;2566
2026-06-08T12:26:32.0000000Z;9.945;9.979;2566;2566
2026-06-08T12:27:03.0000000Z;9.945;9.979;2566;2566
2026-06-08T12:27:33.0000000Z;9.945;9.979;2566;2566
2026-06-08T12:27:44.0000000Z;9.945;9.985;2566;2566
2026-06-08T12:28:02.0000000Z;9.945;9.988;2566;2566
2026-06-08T12:28:04.0000000Z;9.948;9.988;2566;2566
2026-06-08T12:28:30.0000000Z;9.948;9.991;2566;2566
2026-06-08T12:29:00.0000000Z;9.948;9.991;2566;2566
2026-06-08T12:29:31.0000000Z;9.948;9.991;2566;2566
2026-06-08T12:30:01.0000000Z;9.948;9.991;2566;2566
2026-06-08T12:30:20.0000000Z;9.952;9.991;2566;2566
2026-06-08T12:30:51.0000000Z;9.952;9.991;2566;2566
2026-06-08T12:31:19.0000000Z;9.952;9.99;2566;2566
2026-06-08T12:31:37.0000000Z;9.948;9.99;2566;2566
2026-06-08T12:32:07.0000000Z;9.948;9.99;2566;2566
2026-06-08T12:32:23.0000000Z;9.951;9.99;2566;2566
2026-06-08T12:32:53.0000000Z;9.951;9.99;2566;2566
2026-06-08T12:33:00.0000000Z;9.951;9.988;2566;2566
2026-06-08T12:33:01.0000000Z;9.948;9.987;2566;2566
2026-06-08T12:33:31.0000000Z;9.948;9.987;2566;2566
2026-06-08T12:34:02.0000000Z;9.948;9.987;2566;2566
2026-06-08T12:34:32.0000000Z;9.948;9.987;2566;2566
2026-06-08T12:35:03.0000000Z;9.948;9.987;2566;2566
2026-06-08T12:35:30.0000000Z;9.951;9.987;2566;2566
2026-06-08T12:35:44.0000000Z;9.951;9.99;2566;2566
2026-06-08T12:36:03.0000000Z;9.951;9.99;2566;2566
2026-06-08T12:36:33.0000000Z;9.951;9.99;2566;2566
2026-06-08T12:37:04.0000000Z;9.951;9.99;2566;2566
2026-06-08T12:37:35.0000000Z;9.951;9.99;2566;2566
2026-06-08T12:38:05.0000000Z;9.951;9.99;2566;2566
2026-06-08T12:38:27.0000000Z;9.951;9.991;2566;2566
2026-06-08T12:38:49.0000000Z;9.947;9.991;2566;2566
2026-06-08T12:39:18.0000000Z;9.947;9.991;2566;2566
2026-06-08T12:39:42.0000000Z;9.947;9.989;2566;2566
2026-06-08T12:39:43.0000000Z;9.942;9.989;2566;2566
2026-06-08T12:39:44.0000000Z;9.942;9.979;2566;2566
2026-06-08T12:39:47.0000000Z;9.942;9.983;2566;2566
2026-06-08T12:40:01.0000000Z;9.941;9.983;2566;2566
2026-06-08T12:40:05.0000000Z;9.942;9.983;2566;2566
2026-06-08T12:40:14.0000000Z;9.942;9.982;2566;2566
2026-06-08T12:40:23.0000000Z;9.942;9.979;2566;2566
2026-06-08T12:40:27.0000000Z;9.942;9.978;2566;2566
2026-06-08T12:40:57.0000000Z;9.942;9.978;2566;2566
2026-06-08T12:41:28.0000000Z;9.942;9.978;2566;2566
2026-06-08T12:41:58.0000000Z;9.942;9.978;2566;2566
2026-06-08T12:42:07.0000000Z;9.942;9.973;2566;2566
2026-06-08T12:42:37.0000000Z;9.942;9.973;2566;2566
2026-06-08T12:42:40.0000000Z;9.941;9.979;2566;2566
2026-06-08T12:42:43.0000000Z;9.941;9.97;2566;2566
2026-06-08T12:42:45.0000000Z;9.929;9.97;2566;2566
2026-06-08T12:42:47.0000000Z;9.929;9.979;2566;2566
2026-06-08T12:43:01.0000000Z;9.929;9.969;2566;2566
2026-06-08T12:43:03.0000000Z;9.929;9.968;2566;2566
2026-06-08T12:43:33.0000000Z;9.929;9.968;2566;2566
2026-06-08T12:44:03.0000000Z;9.929;9.968;2566;2566
2026-06-08T12:44:34.0000000Z;9.929;9.968;2566;2566
2026-06-08T12:44:35.0000000Z;9.929;9.971;2566;2566
2026-06-08T12:44:43.0000000Z;9.931;9.971;2566;2566
2026-06-08T12:44:57.0000000Z;9.929;9.971;2566;2566
2026-06-08T12:45:03.0000000Z;9.931;9.971;2566;2566
2026-06-08T12:45:34.0000000Z;9.931;9.971;2566;2566
2026-06-08T12:45:35.0000000Z;9.931;9.969;2566;2566
2026-06-08T12:45:36.0000000Z;9.931;9.975;2566;2566
2026-06-08T12:45:38.0000000Z;9.931;9.969;2566;2566
2026-06-08T12:45:54.0000000Z;9.932;9.969;2566;2566
2026-06-08T12:46:24.0000000Z;9.932;9.969;2566;2566
2026-06-08T12:46:31.0000000Z;9.929;9.969;2566;2566
2026-06-08T12:47:02.0000000Z;9.929;9.969;2566;2566
2026-06-08T12:47:24.0000000Z;9.929;9.963;2566;2566
2026-06-08T12:47:55.0000000Z;9.929;9.963;2566;2566
2026-06-08T12:48:25.0000000Z;9.929;9.963;2566;2566
2026-06-08T12:48:56.0000000Z;9.929;9.963;2566;2566
2026-06-08T12:49:26.0000000Z;9.929;9.963;2566;2566
2026-06-08T12:49:57.0000000Z;9.929;9.963;2566;2566
2026-06-08T12:50:28.0000000Z;9.929;9.963;2566;2566
2026-06-08T12:50:58.0000000Z;9.929;9.963;2566;2566
2026-06-08T12:51:03.0000000Z;9.929;9.959;2566;2566
2026-06-08T12:51:33.0000000Z;9.929;9.959;2566;2566
2026-06-08T12:51:57.0000000Z;9.929;9.95;2566;2566
2026-06-08T12:51:58.0000000Z;9.929;9.958;2566;2566
2026-06-08T12:52:20.0000000Z;9.929;9.95;2566;2566
2026-06-08T12:52:21.0000000Z;9.929;9.958;2566;2566
2026-06-08T12:52:23.0000000Z;9.929;9.958;2566;2566
2026-06-08T12:52:30.0000000Z;9.929;9.958;2566;2566
2026-06-08T12:53:00.0000000Z;9.929;9.958;2566;2566
2026-06-08T12:53:11.0000000Z;9.916;9.958;2566;2566
2026-06-08T12:53:42.0000000Z;9.916;9.958;2566;2566
2026-06-08T12:53:48.0000000Z;9.921;9.958;2566;2566
2026-06-08T12:53:57.0000000Z;9.921;9.959;2566;2566
2026-06-08T12:54:01.0000000Z;9.921;9.962;2566;2566
2026-06-08T12:54:06.0000000Z;9.924;9.962;2566;2566
2026-06-08T12:54:28.0000000Z;9.924;9.964;2566;2566
2026-06-08T12:54:43.0000000Z;9.924;9.959;2566;2566
2026-06-08T12:55:14.0000000Z;9.924;9.959;2566;2566
2026-06-08T12:55:26.0000000Z;9.924;9.962;2566;2566
2026-06-08T12:55:39.0000000Z;9.924;9.96;2566;2566
2026-06-08T12:55:40.0000000Z;9.919;9.96;2566;2566
2026-06-08T12:56:10.0000000Z;9.919;9.96;2566;2566
2026-06-08T12:56:40.0000000Z;9.919;9.96;2566;2566
2026-06-08T12:57:11.0000000Z;9.919;9.96;2566;2566
2026-06-08T12:57:41.0000000Z;9.919;9.96;2566;2566
2026-06-08T12:57:45.0000000Z;9.919;9.958;2566;2566
2026-06-08T12:58:16.0000000Z;9.919;9.958;2566;2566
2026-06-08T12:58:31.0000000Z;9.919;9.96;2566;2566
2026-06-08T12:58:39.0000000Z;9.918;9.96;2566;2566
2026-06-08T12:58:59.0000000Z;9.922;9.96;2566;2566
2026-06-08T12:59:29.0000000Z;9.922;9.96;2566;2566
2026-06-08T13:00:00.0000000Z;9.922;9.96;2566;2566
2026-06-08T13:00:13.0000000Z;9.922;9.962;2566;2566
2026-06-08T13:00:25.0000000Z;9.922;9.966;2566;2566
2026-06-08T13:00:31.0000000Z;9.928;9.966;2566;2566
2026-06-08T13:00:38.0000000Z;9.928;9.965;2566;2566
2026-06-08T13:00:43.0000000Z;9.933;9.965;2566;2566
2026-06-08T13:01:14.0000000Z;9.933;9.965;2566;2566
2026-06-08T13:01:44.0000000Z;9.933;9.965;2566;2566
2026-06-08T13:02:15.0000000Z;9.933;9.965;2566;2566
2026-06-08T13:02:24.0000000Z;9.932;9.965;2566;2566
2026-06-08T13:02:35.0000000Z;9.928;9.965;2566;2566
2026-06-08T13:03:06.0000000Z;9.928;9.965;2566;2566
2026-06-08T13:03:26.0000000Z;9.933;9.965;2566;2566
2026-06-08T13:03:39.0000000Z;9.936;9.965;2566;2566
2026-06-08T13:04:10.0000000Z;9.936;9.965;2566;2566
2026-06-08T13:04:40.0000000Z;9.936;9.965;2566;2566
2026-06-08T13:04:48.0000000Z;9.932;9.965;2566;2566
2026-06-08T13:04:50.0000000Z;9.937;9.965;2566;2566
2026-06-08T13:05:21.0000000Z;9.937;9.965;2566;2566
2026-06-08T13:05:52.0000000Z;9.937;9.965;2566;2566
2026-06-08T13:06:00.0000000Z;9.931;9.965;2566;2566
2026-06-08T13:06:29.0000000Z;9.931;9.965;2566;2566
2026-06-08T13:07:00.0000000Z;9.931;9.965;2566;2566
2026-06-08T13:07:31.0000000Z;9.931;9.965;2566;2566
2026-06-08T13:08:01.0000000Z;9.931;9.965;2566;2566
2026-06-08T13:08:32.0000000Z;9.931;9.965;2566;2566
2026-06-08T13:08:43.0000000Z;9.927;9.965;2566;2566
2026-06-08T13:08:53.0000000Z;9.931;9.965;2566;2566
2026-06-08T13:09:23.0000000Z;9.931;9.965;2566;2566
2026-06-08T13:09:54.0000000Z;9.931;9.965;2566;2566
2026-06-08T13:10:24.0000000Z;9.931;9.965;2566;2566
2026-06-08T13:10:55.0000000Z;9.931;9.965;2566;2566
2026-06-08T13:11:25.0000000Z;9.931;9.965;2566;2566
2026-06-08T13:11:56.0000000Z;9.931;9.965;2566;2566
2026-06-08T13:12:26.0000000Z;9.931;9.965;2566;2566
2026-06-08T13:12:54.0000000Z;9.928;9.965;2566;2566
2026-06-08T13:13:25.0000000Z;9.928;9.965;2566;2566
2026-06-08T13:13:55.0000000Z;9.928;9.965;2566;2566
2026-06-08T13:14:26.0000000Z;9.928;9.965;2566;2566
2026-06-08T13:14:56.0000000Z;9.928;9.965;2566;2566
2026-06-08T13:15:27.0000000Z;9.928;9.965;2566;2566
2026-06-08T13:15:35.0000000Z;9.923;9.965;2566;2566
2026-06-08T13:16:06.0000000Z;9.923;9.965;2566;2566
2026-06-08T13:16:07.0000000Z;9.923;9.959;2566;2566
2026-06-08T13:16:15.0000000Z;9.923;9.962;2566;2566
2026-06-08T13:16:45.0000000Z;9.923;9.962;2566;2566
2026-06-08T13:17:16.0000000Z;9.923;9.962;2566;2566
2026-06-08T13:17:19.0000000Z;9.923;9.965;2566;2566
2026-06-08T13:17:31.0000000Z;9.931;9.965;2566;2566
2026-06-08T13:17:46.0000000Z;9.928;9.965;2566;2566
2026-06-08T13:17:55.0000000Z;9.931;9.965;2566;2566
2026-06-08T13:18:02.0000000Z;9.933;9.965;2566;2566
2026-06-08T13:18:04.0000000Z;9.933;9.966;2566;2566
2026-06-08T13:18:34.0000000Z;9.933;9.966;2566;2566
2026-06-08T13:19:05.0000000Z;9.933;9.966;2566;2566
2026-06-08T13:19:35.0000000Z;9.933;9.966;2566;2566
2026-06-08T13:20:06.0000000Z;9.933;9.966;2566;2566
2026-06-08T13:20:36.0000000Z;9.933;9.966;2566;2566
2026-06-08T13:20:50.0000000Z;9.938;9.966;2566;2566
2026-06-08T13:20:59.0000000Z;9.938;9.978;2566;2566
2026-06-08T13:21:01.0000000Z;9.941;9.978;2566;2566
2026-06-08T13:21:31.0000000Z;9.941;9.978;2566;2566
2026-06-08T13:22:02.0000000Z;9.941;9.978;2566;2566
2026-06-08T13:22:32.0000000Z;9.941;9.978;2566;2566
2026-06-08T13:23:01.0000000Z;9.941;9.977;2566;2566
2026-06-08T13:23:31.0000000Z;9.941;9.977;2566;2566
2026-06-08T13:24:02.0000000Z;9.941;9.977;2566;2566
2026-06-08T13:24:32.0000000Z;9.941;9.977;2566;2566
2026-06-08T13:24:40.0000000Z;9.937;9.978;2566;2566
2026-06-08T13:25:10.0000000Z;9.937;9.978;2566;2566
2026-06-08T13:25:40.0000000Z;9.937;9.978;2566;2566
2026-06-08T13:26:11.0000000Z;9.937;9.978;2566;2566
2026-06-08T13:26:20.0000000Z;9.932;9.969;2566;2566
2026-06-08T13:26:28.0000000Z;9.932;9.972;2566;2566
2026-06-08T13:26:59.0000000Z;9.932;9.972;2566;2566
2026-06-08T13:27:29.0000000Z;9.932;9.972;2566;2566
2026-06-08T13:27:54.0000000Z;9.935;9.972;2566;2566
2026-06-08T13:28:25.0000000Z;9.935;9.972;2566;2566
2026-06-08T13:28:56.0000000Z;9.935;9.972;2566;2566
2026-06-08T13:29:11.0000000Z;9.935;9.977;2566;2566
2026-06-08T13:29:27.0000000Z;9.935;9.979;2566;2566
2026-06-08T13:29:51.0000000Z;9.935;9.978;2566;2566
2026-06-08T13:30:05.0000000Z;9.936;9.978;2566;2566
2026-06-08T13:30:07.0000000Z;9.936;9.979;2566;2566
2026-06-08T13:30:09.0000000Z;9.941;9.979;2566;2566
2026-06-08T13:30:39.0000000Z;9.941;9.979;2566;2566
2026-06-08T13:31:10.0000000Z;9.941;9.979;2566;2566
2026-06-08T13:31:14.0000000Z;9.937;9.979;2566;2566
2026-06-08T13:31:17.0000000Z;9.937;9.977;2566;2566
2026-06-08T13:31:19.0000000Z;9.937;9.97;2566;2566
2026-06-08T13:31:20.0000000Z;9.93;9.97;2566;2566
2026-06-08T13:31:26.0000000Z;9.93;9.973;2566;2566
2026-06-08T13:31:28.0000000Z;9.928;9.979;2566;2566
2026-06-08T13:31:32.0000000Z;9.928;9.978;2566;2566
2026-06-08T13:31:39.0000000Z;9.929;9.978;2566;2566
2026-06-08T13:31:41.0000000Z;9.929;9.969;2566;2566
2026-06-08T13:31:48.0000000Z;9.929;9.978;2566;2566
2026-06-08T13:31:52.0000000Z;9.929;9.969;2566;2566
2026-06-08T13:32:23.0000000Z;9.929;9.969;2566;2566
2026-06-08T13:32:53.0000000Z;9.929;9.969;2566;2566
2026-06-08T13:32:56.0000000Z;9.929;9.965;2566;2566
2026-06-08T13:32:58.0000000Z;9.929;9.964;2566;2566
2026-06-08T13:33:06.0000000Z;9.929;9.959;2566;2566
2026-06-08T13:33:07.0000000Z;9.915;9.959;2566;2566
2026-06-08T13:33:08.0000000Z;9.912;9.949;2566;2566
2026-06-08T13:33:11.0000000Z;9.912;9.951;2566;2566
2026-06-08T13:33:26.0000000Z;9.913;9.951;2566;2566
2026-06-08T13:33:31.0000000Z;9.912;9.955;2566;2566
2026-06-08T13:33:46.0000000Z;9.913;9.955;2566;2566
2026-06-08T13:33:49.0000000Z;9.913;9.949;2566;2566
2026-06-08T13:34:18.0000000Z;9.913;9.956;2566;2566
2026-06-08T13:34:20.0000000Z;9.913;9.955;2566;2566
2026-06-08T13:34:41.0000000Z;9.918;9.955;2566;2566
2026-06-08T13:34:45.0000000Z;9.92;9.955;2566;2566
2026-06-08T13:34:47.0000000Z;9.921;9.958;2566;2566
2026-06-08T13:34:51.0000000Z;9.921;9.961;2566;2566
2026-06-08T13:34:59.0000000Z;9.918;9.961;2566;2566
2026-06-08T13:35:01.0000000Z;9.918;9.96;2566;2566
2026-06-08T13:35:13.0000000Z;9.918;9.958;2566;2566
2026-06-08T13:35:29.0000000Z;9.921;9.96;2566;2566
2026-06-08T13:35:51.0000000Z;9.921;9.962;2566;2566
2026-06-08T13:36:02.0000000Z;9.927;9.962;2566;2566
2026-06-08T13:36:16.0000000Z;9.936;9.962;2566;2566
2026-06-08T13:36:30.0000000Z;9.932;9.962;2566;2566
2026-06-08T13:36:34.0000000Z;9.927;9.962;2566;2566
2026-06-08T13:36:48.0000000Z;9.928;9.962;2566;2566
2026-06-08T13:37:02.0000000Z;9.931;9.962;2566;2566
2026-06-08T13:37:16.0000000Z;9.928;9.962;2566;2566
2026-06-08T13:37:46.0000000Z;9.931;9.962;2566;2566
2026-06-08T13:37:58.0000000Z;9.929;9.962;2566;2566
2026-06-08T13:38:19.0000000Z;9.929;9.959;2566;2566
2026-06-08T13:38:23.0000000Z;9.927;9.959;2566;2566
2026-06-08T13:38:30.0000000Z;9.922;9.959;2566;2566
2026-06-08T13:38:40.0000000Z;9.923;9.959;2566;2566
2026-06-08T13:39:10.0000000Z;9.923;9.962;2566;2566
2026-06-08T13:39:14.0000000Z;9.923;9.96;2566;2566
2026-06-08T13:39:17.0000000Z;9.921;9.958;2566;2566
2026-06-08T13:39:18.0000000Z;9.916;9.949;2566;2566
2026-06-08T13:39:25.0000000Z;9.916;9.957;2566;2566
2026-06-08T13:39:29.0000000Z;9.919;9.957;2566;2566
2026-06-08T13:39:44.0000000Z;9.919;9.959;2566;2566
2026-06-08T13:39:53.0000000Z;9.919;9.96;2566;2566
2026-06-08T13:40:04.0000000Z;9.922;9.96;2566;2566
2026-06-08T13:40:07.0000000Z;9.922;9.962;2566;2566
2026-06-08T13:40:09.0000000Z;9.924;9.962;2566;2566
2026-06-08T13:40:15.0000000Z;9.927;9.962;2566;2566
2026-06-08T13:40:29.0000000Z;9.927;9.959;2566;2566
2026-06-08T13:40:34.0000000Z;9.927;9.962;2566;2566
2026-06-08T13:40:38.0000000Z;9.927;9.957;2566;2566
2026-06-08T13:40:53.0000000Z;9.917;9.957;2566;2566
2026-06-08T13:40:58.0000000Z;9.92;9.957;2566;2566
2026-06-08T13:41:04.0000000Z;9.92;9.95;2566;2566
2026-06-08T13:41:08.0000000Z;9.92;9.949;2566;2566
2026-06-08T13:41:14.0000000Z;9.912;9.949;2566;2566
2026-06-08T13:41:16.0000000Z;9.912;9.952;2566;2566
2026-06-08T13:41:20.0000000Z;9.913;9.952;2566;2566
2026-06-08T13:41:51.0000000Z;9.913;9.952;2566;2566
2026-06-08T13:42:00.0000000Z;9.913;9.946;2566;2566
2026-06-08T13:42:05.0000000Z;9.913;9.949;2566;2566
2026-06-08T13:42:08.0000000Z;9.913;9.951;2566;2566
2026-06-08T13:42:30.0000000Z;9.913;9.946;2566;2566
2026-06-08T13:43:01.0000000Z;9.913;9.946;2566;2566
2026-06-08T13:43:31.0000000Z;9.913;9.946;2566;2566
2026-06-08T13:43:41.0000000Z;9.913;9.95;2566;2566
2026-06-08T13:43:57.0000000Z;9.915;9.95;2566;2566
2026-06-08T13:44:15.0000000Z;9.915;9.955;2566;2566
2026-06-08T13:44:16.0000000Z;9.913;9.955;2566;2566
2026-06-08T13:44:18.0000000Z;9.913;9.949;2566;2566
2026-06-08T13:44:22.0000000Z;9.913;9.951;2566;2566
2026-06-08T13:44:24.0000000Z;9.913;9.949;2566;2566
2026-06-08T13:44:27.0000000Z;9.905;9.949;2566;2566
2026-06-08T13:44:33.0000000Z;9.905;9.943;2566;2566
2026-06-08T13:44:36.0000000Z;9.906;9.943;2566;2566
2026-06-08T13:45:07.0000000Z;9.906;9.943;2566;2566
2026-06-08T13:45:21.0000000Z;9.906;9.948;2566;2566
2026-06-08T13:45:42.0000000Z;9.911;9.948;2566;2566
2026-06-08T13:45:55.0000000Z;9.91;9.948;2566;2566
2026-06-08T13:45:58.0000000Z;9.915;9.948;2566;2566
2026-06-08T13:46:29.0000000Z;9.915;9.948;2566;2566
2026-06-08T13:46:42.0000000Z;9.915;9.949;2566;2566
2026-06-08T13:47:12.0000000Z;9.915;9.949;2566;2566
2026-06-08T13:47:15.0000000Z;9.918;9.949;2566;2566
2026-06-08T13:47:45.0000000Z;9.918;9.949;2566;2566
2026-06-08T13:48:04.0000000Z;9.918;9.958;2566;2566
2026-06-08T13:48:11.0000000Z;9.93;9.958;2566;2566
2026-06-08T13:48:17.0000000Z;9.94;9.958;2566;2566
2026-06-08T13:48:19.0000000Z;9.935;9.958;2566;2566
2026-06-08T13:48:22.0000000Z;9.943;9.958;2566;2566
2026-06-08T13:48:36.0000000Z;9.944;9.958;2566;2566
2026-06-08T13:48:45.0000000Z;9.939;9.958;2566;2566
2026-06-08T13:48:52.0000000Z;9.939;9.975;2566;2566
2026-06-08T13:49:15.0000000Z;9.944;9.975;2566;2566
2026-06-08T13:49:16.0000000Z;9.944;9.976;2566;2566
2026-06-08T13:49:39.0000000Z;9.949;9.976;2566;2566
2026-06-08T13:50:04.0000000Z;9.949;9.985;2566;2566
2026-06-08T13:50:33.0000000Z;9.949;9.988;2566;2566
2026-06-08T13:50:37.0000000Z;9.949;9.986;2566;2566
2026-06-08T13:50:40.0000000Z;9.948;9.986;2566;2566
2026-06-08T13:50:42.0000000Z;9.943;9.986;2566;2566
2026-06-08T13:50:44.0000000Z;9.944;9.986;2566;2566
2026-06-08T13:50:50.0000000Z;9.944;9.984;2566;2566
2026-06-08T13:50:59.0000000Z;9.944;9.979;2566;2566
2026-06-08T13:51:11.0000000Z;9.939;9.979;2566;2566
2026-06-08T13:51:21.0000000Z;9.939;9.983;2566;2566
2026-06-08T13:51:35.0000000Z;9.941;9.983;2566;2566
2026-06-08T13:52:06.0000000Z;9.941;9.983;2566;2566
2026-06-08T13:52:36.0000000Z;9.941;9.983;2566;2566
2026-06-08T13:53:06.0000000Z;9.941;9.983;2566;2566
2026-06-08T13:53:14.0000000Z;9.948;9.983;2566;2566
2026-06-08T13:53:16.0000000Z;9.951;9.983;2566;2566
2026-06-08T13:53:26.0000000Z;9.948;9.983;2566;2566
2026-06-08T13:53:41.0000000Z;9.947;9.983;2566;2566
2026-06-08T13:53:48.0000000Z;9.948;9.983;2566;2566
2026-06-08T13:54:05.0000000Z;9.942;9.983;2566;2566
2026-06-08T13:54:34.0000000Z;9.939;9.98;2566;2566
2026-06-08T13:55:04.0000000Z;9.939;9.98;2566;2566
2026-06-08T13:55:15.0000000Z;9.941;9.98;2566;2566
2026-06-08T13:55:16.0000000Z;9.941;9.983;2566;2566
2026-06-08T13:55:26.0000000Z;9.947;9.983;2566;2566
2026-06-08T13:55:53.0000000Z;9.942;9.983;2566;2566
2026-06-08T13:55:58.0000000Z;9.939;9.981;2566;2566
2026-06-08T13:56:08.0000000Z;9.939;9.98;2566;2566
2026-06-08T13:56:38.0000000Z;9.939;9.98;2566;2566
2026-06-08T13:56:39.0000000Z;9.941;9.98;2566;2566
2026-06-08T13:57:09.0000000Z;9.941;9.98;2566;2566
2026-06-08T13:57:23.0000000Z;9.942;9.98;2566;2566
2026-06-08T13:57:38.0000000Z;9.939;9.98;2566;2566
2026-06-08T13:57:47.0000000Z;9.941;9.98;2566;2566
2026-06-08T13:58:17.0000000Z;9.941;9.98;2566;2566
2026-06-08T13:58:48.0000000Z;9.941;9.98;2566;2566
2026-06-08T13:59:11.0000000Z;9.941;9.988;2566;2566
2026-06-08T13:59:33.0000000Z;9.939;9.988;2566;2566
2026-06-08T14:00:01.0000000Z;9.939;9.988;2566;2566
2026-06-08T14:00:17.0000000Z;9.939;9.986;2566;2566
2026-06-08T14:00:28.0000000Z;9.939;9.984;2566;2566
2026-06-08T14:00:35.0000000Z;9.939;9.973;2566;2566
2026-06-08T14:00:57.0000000Z;9.931;9.973;2566;2566
2026-06-08T14:01:10.0000000Z;9.927;9.973;2566;2566
2026-06-08T14:01:40.0000000Z;9.927;9.973;2566;2566
2026-06-08T14:01:59.0000000Z;9.93;9.973;2566;2566
2026-06-08T14:02:29.0000000Z;9.93;9.973;2566;2566
2026-06-08T14:02:40.0000000Z;9.927;9.973;2566;2566
2026-06-08T14:03:10.0000000Z;9.926;9.973;2566;2566
2026-06-08T14:03:24.0000000Z;9.928;9.973;2566;2566
2026-06-08T14:03:34.0000000Z;9.933;9.973;2566;2566
2026-06-08T14:03:40.0000000Z;9.934;9.973;2566;2566
2026-06-08T14:04:10.0000000Z;9.934;9.973;2566;2566
2026-06-08T14:04:30.0000000Z;9.941;9.973;2566;2566
2026-06-08T14:04:38.0000000Z;9.941;9.975;2566;2566
2026-06-08T14:05:03.0000000Z;9.941;9.975;2566;2566
2026-06-08T14:05:05.0000000Z;9.938;9.975;2566;2566
2026-06-08T14:05:13.0000000Z;9.939;9.975;2566;2566
2026-06-08T14:05:44.0000000Z;9.939;9.975;2566;2566
2026-06-08T14:06:14.0000000Z;9.939;9.975;2566;2566
2026-06-08T14:06:45.0000000Z;9.939;9.975;2566;2566
2026-06-08T14:07:15.0000000Z;9.939;9.975;2566;2566
2026-06-08T14:07:20.0000000Z;9.944;9.975;2566;2566
2026-06-08T14:07:51.0000000Z;9.944;9.975;2566;2566
2026-06-08T14:07:58.0000000Z;9.941;9.975;2566;2566
2026-06-08T14:08:21.0000000Z;9.943;9.975;2566;2566
2026-06-08T14:08:52.0000000Z;9.943;9.975;2566;2566
2026-06-08T14:09:14.0000000Z;9.941;9.975;2566;2566
2026-06-08T14:09:26.0000000Z;9.938;9.975;2566;2566
2026-06-08T14:09:28.0000000Z;9.941;9.975;2566;2566
2026-06-08T14:09:42.0000000Z;9.938;9.975;2566;2566
2026-06-08T14:09:43.0000000Z;9.941;9.975;2566;2566
2026-06-08T14:09:54.0000000Z;9.938;9.975;2566;2566
2026-06-08T14:10:03.0000000Z;9.941;9.975;2566;2566
2026-06-08T14:10:16.0000000Z;9.937;9.975;2566;2566
2026-06-08T14:10:18.0000000Z;9.932;9.975;2566;2566
2026-06-08T14:10:20.0000000Z;9.935;9.975;2566;2566
2026-06-08T14:10:26.0000000Z;9.936;9.975;2566;2566
2026-06-08T14:10:43.0000000Z;9.936;9.974;2566;2566
2026-06-08T14:11:06.0000000Z;9.933;9.974;2566;2566
2026-06-08T14:11:11.0000000Z;9.941;9.974;2566;2566
2026-06-08T14:11:13.0000000Z;9.941;9.975;2566;2566
2026-06-08T14:11:23.0000000Z;9.938;9.975;2566;2566
2026-06-08T14:11:25.0000000Z;9.941;9.975;2566;2566
2026-06-08T14:11:55.0000000Z;9.941;9.975;2566;2566
2026-06-08T14:12:15.0000000Z;9.942;9.975;2566;2566
2026-06-08T14:12:17.0000000Z;9.942;9.984;2566;2566
2026-06-08T14:12:31.0000000Z;9.943;9.984;2566;2566
2026-06-08T14:13:01.0000000Z;9.943;9.984;2566;2566
2026-06-08T14:13:31.0000000Z;9.943;9.984;2566;2566
2026-06-08T14:13:54.0000000Z;9.943;9.988;2566;2566
2026-06-08T14:13:57.0000000Z;9.946;9.988;2566;2566
2026-06-08T14:14:27.0000000Z;9.946;9.988;2566;2566
2026-06-08T14:14:58.0000000Z;9.946;9.988;2566;2566
2026-06-08T14:15:28.0000000Z;9.946;9.988;2566;2566
2026-06-08T14:15:53.0000000Z;9.949;9.988;2566;2566
2026-06-08T14:16:24.0000000Z;9.949;9.988;2566;2566
2026-06-08T14:16:55.0000000Z;9.949;9.988;2566;2566
2026-06-08T14:17:25.0000000Z;9.949;9.988;2566;2566
2026-06-08T14:17:33.0000000Z;9.949;9.986;2566;2566
2026-06-08T14:17:35.0000000Z;9.943;9.986;2566;2566
2026-06-08T14:17:37.0000000Z;9.943;9.984;2566;2566
2026-06-08T14:18:08.0000000Z;9.943;9.984;2566;2566
2026-06-08T14:18:35.0000000Z;9.943;9.982;2566;2566
2026-06-08T14:18:37.0000000Z;9.943;9.981;2566;2566
2026-06-08T14:18:39.0000000Z;9.938;9.981;2566;2566
2026-06-08T14:18:40.0000000Z;9.938;9.979;2566;2566
2026-06-08T14:18:44.0000000Z;9.939;9.979;2566;2566
2026-06-08T14:18:51.0000000Z;9.939;9.98;2566;2566
2026-06-08T14:18:58.0000000Z;9.939;9.978;2566;2566
2026-06-08T14:19:28.0000000Z;9.939;9.978;2566;2566
2026-06-08T14:19:49.0000000Z;9.939;9.974;2566;2566
2026-06-08T14:20:04.0000000Z;9.939;9.988;2566;2566
2026-06-08T14:20:12.0000000Z;9.939;9.986;2566;2566
2026-06-08T14:20:13.0000000Z;9.939;9.988;2566;2566
2026-06-08T14:20:14.0000000Z;9.939;9.986;2566;2566
2026-06-08T14:20:16.0000000Z;9.939;9.988;2566;2566
2026-06-08T14:20:21.0000000Z;9.939;9.986;2566;2566
2026-06-08T14:20:22.0000000Z;9.939;9.977;2566;2566
2026-06-08T14:20:52.0000000Z;9.939;9.977;2566;2566
2026-06-08T14:21:23.0000000Z;9.939;9.977;2566;2566
2026-06-08T14:21:53.0000000Z;9.939;9.977;2566;2566
2026-06-08T14:22:24.0000000Z;9.939;9.977;2566;2566
2026-06-08T14:22:35.0000000Z;9.939;9.965;2566;2566
2026-06-08T14:22:57.0000000Z;9.939;9.968;2566;2566
2026-06-08T14:23:27.0000000Z;9.939;9.968;2566;2566
2026-06-08T14:23:33.0000000Z;9.93;9.968;2566;2566
2026-06-08T14:23:58.0000000Z;9.93;9.968;2566;2566
2026-06-08T14:24:04.0000000Z;9.925;9.968;2566;2566
2026-06-08T14:24:27.0000000Z;9.925;9.965;2566;2566
2026-06-08T14:24:57.0000000Z;9.925;9.965;2566;2566
2026-06-08T14:25:00.0000000Z;9.925;9.967;2566;2566
2026-06-08T14:25:23.0000000Z;9.925;9.961;2566;2566
2026-06-08T14:25:30.0000000Z;9.925;9.958;2566;2566
2026-06-08T14:25:34.0000000Z;9.925;9.956;2566;2566
2026-06-08T14:25:45.0000000Z;9.925;9.96;2566;2566
2026-06-08T14:26:15.0000000Z;9.925;9.96;2566;2566
2026-06-08T14:26:45.0000000Z;9.925;9.96;2566;2566
2026-06-08T14:26:53.0000000Z;9.912;9.96;2566;2566
2026-06-08T14:27:00.0000000Z;9.913;9.96;2566;2566
2026-06-08T14:27:05.0000000Z;9.912;9.96;2566;2566
2026-06-08T14:27:24.0000000Z;9.912;9.96;2566;2566
2026-06-08T14:27:54.0000000Z;9.912;9.96;2566;2566
2026-06-08T14:28:13.0000000Z;9.912;9.959;2566;2566
2026-06-08T14:28:26.0000000Z;9.912;9.958;2566;2566
2026-06-08T14:28:33.0000000Z;9.912;9.957;2566;2566
2026-06-08T14:28:39.0000000Z;9.912;9.958;2566;2566
2026-06-08T14:28:40.0000000Z;9.912;9.957;2566;2566
2026-06-08T14:28:41.0000000Z;9.912;9.949;2566;2566
2026-06-08T14:29:12.0000000Z;9.912;9.949;2566;2566
2026-06-08T14:29:42.0000000Z;9.912;9.949;2566;2566
2026-06-08T14:30:13.0000000Z;9.912;9.949;2566;2566
2026-06-08T14:30:43.0000000Z;9.912;9.949;2566;2566
2026-06-08T14:31:14.0000000Z;9.912;9.949;2566;2566
2026-06-08T14:31:24.0000000Z;9.912;9.95;2566;2566
2026-06-08T14:31:54.0000000Z;9.912;9.95;2566;2566
2026-06-08T14:32:25.0000000Z;9.912;9.95;2566;2566
2026-06-08T14:32:55.0000000Z;9.912;9.95;2566;2566
2026-06-08T14:33:06.0000000Z;9.921;9.95;2566;2566
2026-06-08T14:33:09.0000000Z;9.921;9.955;2566;2566
2026-06-08T14:33:25.0000000Z;9.915;9.955;2566;2566
2026-06-08T14:33:54.0000000Z;9.915;9.955;2566;2566
2026-06-08T14:34:25.0000000Z;9.915;9.955;2566;2566
2026-06-08T14:34:41.0000000Z;9.915;9.956;2566;2566
2026-06-08T14:34:51.0000000Z;9.918;9.956;2566;2566
2026-06-08T14:34:53.0000000Z;9.918;9.958;2566;2566
2026-06-08T14:35:24.0000000Z;9.918;9.958;2566;2566
2026-06-08T14:35:38.0000000Z;9.918;9.96;2566;2566
2026-06-08T14:36:03.0000000Z;9.923;9.96;2566;2566
2026-06-08T14:36:05.0000000Z;9.931;9.96;2566;2566
2026-06-08T14:36:15.0000000Z;9.923;9.96;2566;2566
2026-06-08T14:36:24.0000000Z;9.931;9.96;2566;2566
2026-06-08T14:36:38.0000000Z;9.923;9.96;2566;2566
2026-06-08T14:36:44.0000000Z;9.926;9.96;2566;2566
2026-06-08T14:36:53.0000000Z;9.923;9.96;2566;2566
2026-06-08T14:37:00.0000000Z;9.922;9.96;2566;2566
2026-06-08T14:37:09.0000000Z;9.917;9.96;2566;2566
2026-06-08T14:37:39.0000000Z;9.917;9.96;2566;2566
2026-06-08T14:37:43.0000000Z;9.917;9.958;2566;2566
2026-06-08T14:37:46.0000000Z;9.917;9.956;2566;2566
2026-06-08T14:38:16.0000000Z;9.917;9.956;2566;2566
2026-06-08T14:38:39.0000000Z;9.917;9.958;2566;2566
2026-06-08T14:38:54.0000000Z;9.917;9.959;2566;2566
2026-06-08T14:39:13.0000000Z;9.92;9.959;2566;2566
2026-06-08T14:39:40.0000000Z;9.92;9.96;2566;2566
2026-06-08T14:39:50.0000000Z;9.918;9.96;2566;2566
2026-06-08T14:39:53.0000000Z;9.921;9.96;2566;2566
2026-06-08T14:39:56.0000000Z;9.923;9.96;2566;2566
2026-06-08T14:40:27.0000000Z;9.923;9.96;2566;2566
2026-06-08T14:40:29.0000000Z;9.925;9.96;2566;2566
2026-06-08T14:40:59.0000000Z;9.925;9.96;2566;2566
2026-06-08T14:41:01.0000000Z;9.926;9.96;2566;2566
2026-06-08T14:41:32.0000000Z;9.926;9.96;2566;2566
2026-06-08T14:41:40.0000000Z;9.927;9.96;2566;2566
2026-06-08T14:42:10.0000000Z;9.927;9.96;2566;2566
2026-06-08T14:42:17.0000000Z;9.923;9.96;2566;2566
2026-06-08T14:42:25.0000000Z;9.918;9.96;2566;2566
2026-06-08T14:42:31.0000000Z;9.918;9.959;2566;2566
2026-06-08T14:42:40.0000000Z;9.92;9.959;2566;2566
2026-06-08T14:42:58.0000000Z;9.922;9.959;2566;2566
2026-06-08T14:43:02.0000000Z;9.924;9.959;2566;2566
2026-06-08T14:43:05.0000000Z;9.924;9.96;2566;2566
2026-06-08T14:43:36.0000000Z;9.924;9.96;2566;2566
2026-06-08T14:44:06.0000000Z;9.926;9.96;2566;2566
2026-06-08T14:44:20.0000000Z;9.929;9.96;2566;2566
2026-06-08T14:44:33.0000000Z;9.931;9.96;2566;2566
2026-06-08T14:45:03.0000000Z;9.931;9.96;2566;2566
2026-06-08T14:45:22.0000000Z;9.937;9.96;2566;2566
2026-06-08T14:45:53.0000000Z;9.937;9.96;2566;2566
2026-06-08T14:46:23.0000000Z;9.937;9.96;2566;2566
2026-06-08T14:46:48.0000000Z;9.941;9.96;2566;2566
2026-06-08T14:47:19.0000000Z;9.941;9.96;2566;2566
2026-06-08T14:47:50.0000000Z;9.941;9.96;2566;2566
2026-06-08T14:47:54.0000000Z;9.927;9.96;2566;2566
2026-06-08T14:48:04.0000000Z;9.926;9.96;2566;2566
2026-06-08T14:48:35.0000000Z;9.926;9.96;2566;2566
2026-06-08T14:48:41.0000000Z;9.925;9.96;2566;2566
2026-06-08T14:49:11.0000000Z;9.925;9.96;2566;2566
2026-06-08T14:49:37.0000000Z;9.925;9.957;2566;2566
2026-06-08T14:50:01.0000000Z;9.925;9.956;2566;2566
2026-06-08T14:50:32.0000000Z;9.925;9.956;2566;2566
2026-06-08T14:51:02.0000000Z;9.925;9.956;2566;2566
2026-06-08T14:51:10.0000000Z;9.925;9.96;2566;2566
2026-06-08T14:51:40.0000000Z;9.925;9.96;2566;2566
2026-06-08T14:52:10.0000000Z;9.925;9.96;2566;2566
2026-06-08T14:52:41.0000000Z;9.925;9.96;2566;2566
2026-06-08T14:53:11.0000000Z;9.925;9.96;2566;2566
2026-06-08T14:53:42.0000000Z;9.925;9.96;2566;2566
2026-06-08T14:54:12.0000000Z;9.925;9.96;2566;2566
2026-06-08T14:54:43.0000000Z;9.925;9.96;2566;2566
2026-06-08T14:55:14.0000000Z;9.925;9.96;2566;2566
2026-06-08T14:55:44.0000000Z;9.925;9.96;2566;2566
2026-06-08T14:56:03.0000000Z;9.927;9.96;2566;2566
2026-06-08T14:56:33.0000000Z;9.927;9.96;2566;2566
2026-06-08T14:56:39.0000000Z;9.925;9.96;2566;2566
2026-06-08T14:57:10.0000000Z;9.925;9.96;2566;2566
2026-06-08T14:57:40.0000000Z;9.925;9.96;2566;2566
2026-06-08T14:58:11.0000000Z;9.925;9.96;2566;2566
2026-06-08T14:58:19.0000000Z;9.925;9.959;2566;2566
2026-06-08T14:58:49.0000000Z;9.925;9.959;2566;2566
2026-06-08T14:58:50.0000000Z;9.917;9.959;2566;2566
2026-06-08T14:59:20.0000000Z;9.917;9.959;2566;2566
2026-06-08T14:59:50.0000000Z;9.917;9.959;2566;2566
