2026-06-08T08:00:24.0000000Z;9.3558;9.4466;536;536
2026-06-08T08:00:54.0000000Z;9.3558;9.4466;536;536
2026-06-08T08:01:25.0000000Z;9.3558;9.4466;536;536
2026-06-08T08:01:55.0000000Z;9.3558;9.4466;536;536
2026-06-08T08:02:26.0000000Z;9.3558;9.4466;536;536
2026-06-08T08:02:56.0000000Z;9.3558;9.4466;536;536
2026-06-08T08:03:26.0000000Z;9.3558;9.4466;536;536
2026-06-08T08:03:57.0000000Z;9.3558;9.4466;536;536
2026-06-08T08:04:27.0000000Z;9.3558;9.4466;536;536
2026-06-08T08:04:58.0000000Z;9.3558;9.4466;536;536
2026-06-08T08:05:28.0000000Z;9.3558;9.4466;536;536
2026-06-08T08:05:59.0000000Z;9.3558;9.4466;536;536
2026-06-08T08:06:29.0000000Z;9.3558;9.4466;536;536
2026-06-08T08:07:00.0000000Z;9.3558;9.4466;536;536
2026-06-08T08:07:30.0000000Z;9.3558;9.4466;536;536
2026-06-08T08:08:01.0000000Z;9.3558;9.4466;536;536
2026-06-08T08:08:32.0000000Z;9.3558;9.4466;536;536
2026-06-08T08:09:02.0000000Z;9.3558;9.4466;536;536
2026-06-08T08:09:33.0000000Z;9.3558;9.4466;536;536
2026-06-08T08:09:55.0000000Z;9.3558;9.4464;536;536
2026-06-08T08:10:00.0000000Z;9.3558;9.442;536;536
2026-06-08T08:10:03.0000000Z;9.3512;9.442;536;536
2026-06-08T08:10:33.0000000Z;9.3512;9.442;536;536
2026-06-08T08:11:04.0000000Z;9.3512;9.442;536;536
2026-06-08T08:11:35.0000000Z;9.3512;9.442;536;536
2026-06-08T08:12:05.0000000Z;9.3512;9.442;536;536
2026-06-08T08:12:36.0000000Z;9.3512;9.442;536;536
2026-06-08T08:13:06.0000000Z;9.3512;9.442;536;536
2026-06-08T08:13:37.0000000Z;9.3512;9.442;536;536
2026-06-08T08:14:07.0000000Z;9.3512;9.442;536;536
2026-06-08T08:14:38.0000000Z;9.3512;9.442;536;536
2026-06-08T08:15:08.0000000Z;9.3512;9.442;536;536
2026-06-08T08:15:39.0000000Z;9.3512;9.442;536;536
2026-06-08T08:16:09.0000000Z;9.3512;9.442;536;536
2026-06-08T08:16:39.0000000Z;9.3558;9.442;536;536
2026-06-08T08:16:40.0000000Z;9.3558;9.4466;536;536
2026-06-08T08:17:11.0000000Z;9.3558;9.4466;536;536
2026-06-08T08:17:42.0000000Z;9.3558;9.4466;536;536
2026-06-08T08:18:12.0000000Z;9.3558;9.4466;536;536
2026-06-08T08:18:43.0000000Z;9.3558;9.4466;536;536
2026-06-08T08:19:13.0000000Z;9.3558;9.4466;536;536
2026-06-08T08:19:44.0000000Z;9.3558;9.4466;536;536
2026-06-08T08:20:14.0000000Z;9.3558;9.4466;536;536
2026-06-08T08:20:45.0000000Z;9.3558;9.4466;536;536
2026-06-08T08:21:16.0000000Z;9.3558;9.4466;536;536
2026-06-08T08:21:46.0000000Z;9.3558;9.4466;536;536
2026-06-08T08:22:17.0000000Z;9.3558;9.4466;536;536
2026-06-08T08:22:47.0000000Z;9.3558;9.4466;536;536
2026-06-08T08:23:18.0000000Z;9.3558;9.4466;536;536
2026-06-08T08:23:48.0000000Z;9.3558;9.4466;536;536
2026-06-08T08:24:19.0000000Z;9.3558;9.4466;536;536
2026-06-08T08:24:49.0000000Z;9.3558;9.4466;536;536
2026-06-08T08:25:20.0000000Z;9.3558;9.4466;536;536
2026-06-08T08:25:50.0000000Z;9.3558;9.4466;536;536
2026-06-08T08:26:21.0000000Z;9.3558;9.4466;536;536
2026-06-08T08:26:51.0000000Z;9.3558;9.4466;536;536
2026-06-08T08:27:22.0000000Z;9.3558;9.4466;536;536
2026-06-08T08:27:52.0000000Z;9.3558;9.4466;536;536
2026-06-08T08:28:23.0000000Z;9.3558;9.4466;536;536
2026-06-08T08:28:53.0000000Z;9.3558;9.4466;536;536
2026-06-08T08:29:24.0000000Z;9.3558;9.4466;536;536
2026-06-08T08:29:54.0000000Z;9.3558;9.4466;536;536
2026-06-08T08:30:25.0000000Z;9.3558;9.4466;536;536
2026-06-08T08:30:55.0000000Z;9.3558;9.4466;536;536
2026-06-08T08:31:26.0000000Z;9.3558;9.4466;536;536
2026-06-08T08:31:56.0000000Z;9.3558;9.4466;536;536
2026-06-08T08:32:27.0000000Z;9.3558;9.4466;536;536
2026-06-08T08:32:58.0000000Z;9.3558;9.4466;536;536
2026-06-08T08:33:28.0000000Z;9.3558;9.4466;536;536
2026-06-08T08:33:59.0000000Z;9.3558;9.4466;536;536
2026-06-08T08:34:29.0000000Z;9.3558;9.4466;536;536
2026-06-08T08:35:00.0000000Z;9.3558;9.4466;536;536
2026-06-08T08:35:30.0000000Z;9.3558;9.4466;536;536
2026-06-08T08:36:01.0000000Z;9.3558;9.4466;536;536
2026-06-08T08:36:31.0000000Z;9.3558;9.4466;536;536
2026-06-08T08:37:02.0000000Z;9.3558;9.4466;536;536
2026-06-08T08:37:32.0000000Z;9.3558;9.4466;536;536
2026-06-08T08:38:03.0000000Z;9.3558;9.4466;536;536
2026-06-08T08:38:34.0000000Z;9.3558;9.4466;536;536
2026-06-08T08:39:04.0000000Z;9.3558;9.4466;536;536
2026-06-08T08:39:35.0000000Z;9.3558;9.4466;536;536
2026-06-08T08:40:05.0000000Z;9.3558;9.4466;536;536
2026-06-08T08:40:36.0000000Z;9.3558;9.4466;536;536
2026-06-08T08:41:06.0000000Z;9.3558;9.4466;536;536
2026-06-08T08:41:37.0000000Z;9.3558;9.4466;536;536
2026-06-08T08:42:07.0000000Z;9.3558;9.4466;536;536
2026-06-08T08:42:37.0000000Z;9.3558;9.4466;536;536
2026-06-08T08:43:08.0000000Z;9.3558;9.4466;536;536
2026-06-08T08:43:39.0000000Z;9.3558;9.4466;536;536
2026-06-08T08:44:09.0000000Z;9.3558;9.4466;536;536
2026-06-08T08:44:40.0000000Z;9.3558;9.4466;536;536
2026-06-08T08:45:10.0000000Z;9.3558;9.4466;536;536
2026-06-08T08:45:41.0000000Z;9.3558;9.4466;536;536
2026-06-08T08:46:11.0000000Z;9.3558;9.4466;536;536
2026-06-08T08:46:42.0000000Z;9.3558;9.4466;536;536
2026-06-08T08:47:12.0000000Z;9.3558;9.4466;536;536
2026-06-08T08:47:43.0000000Z;9.3558;9.4466;536;536
2026-06-08T08:48:13.0000000Z;9.3558;9.4466;536;536
2026-06-08T08:48:44.0000000Z;9.3558;9.4466;536;536
2026-06-08T08:49:14.0000000Z;9.3558;9.4466;536;536
2026-06-08T08:49:45.0000000Z;9.3558;9.4466;536;536
2026-06-08T08:50:15.0000000Z;9.3558;9.4466;536;536
2026-06-08T08:50:46.0000000Z;9.3558;9.4466;536;536
2026-06-08T08:51:16.0000000Z;9.3558;9.4466;536;536
2026-06-08T08:51:47.0000000Z;9.3558;9.4466;536;536
2026-06-08T08:52:17.0000000Z;9.3558;9.4466;536;536
2026-06-08T08:52:48.0000000Z;9.3558;9.4466;536;536
2026-06-08T08:52:57.0000000Z;9.3604;9.4466;536;536
2026-06-08T08:52:59.0000000Z;9.3604;9.4512;536;536
2026-06-08T08:53:30.0000000Z;9.3604;9.4512;536;536
2026-06-08T08:54:00.0000000Z;9.3604;9.4512;536;536
2026-06-08T08:54:31.0000000Z;9.3604;9.4512;536;536
2026-06-08T08:55:02.0000000Z;9.3604;9.4512;536;536
2026-06-08T08:55:32.0000000Z;9.3604;9.4512;536;536
2026-06-08T08:56:03.0000000Z;9.3604;9.4512;536;536
2026-06-08T08:56:33.0000000Z;9.3604;9.4512;536;536
2026-06-08T08:57:04.0000000Z;9.3604;9.4512;536;536
2026-06-08T08:57:34.0000000Z;9.3604;9.4512;536;536
2026-06-08T08:58:05.0000000Z;9.3604;9.4512;536;536
2026-06-08T08:58:35.0000000Z;9.3604;9.4512;536;536
2026-06-08T08:59:06.0000000Z;9.3604;9.4512;536;536
2026-06-08T08:59:36.0000000Z;9.3604;9.4512;536;536
2026-06-08T09:00:07.0000000Z;9.3604;9.4512;536;536
2026-06-08T09:00:37.0000000Z;9.3604;9.4512;536;536
2026-06-08T09:01:08.0000000Z;9.3604;9.4512;536;536
2026-06-08T09:01:38.0000000Z;9.3604;9.4512;536;536
2026-06-08T09:02:09.0000000Z;9.3604;9.4512;536;536
2026-06-08T09:02:40.0000000Z;9.3604;9.4512;536;536
2026-06-08T09:03:10.0000000Z;9.3604;9.4512;536;536
2026-06-08T09:03:41.0000000Z;9.3604;9.4512;536;536
2026-06-08T09:04:11.0000000Z;9.3604;9.4512;536;536
2026-06-08T09:04:42.0000000Z;9.3604;9.4512;536;536
2026-06-08T09:05:12.0000000Z;9.3604;9.4512;536;536
2026-06-08T09:05:43.0000000Z;9.3604;9.4512;536;536
2026-06-08T09:06:13.0000000Z;9.3604;9.4512;536;536
2026-06-08T09:06:44.0000000Z;9.3604;9.4512;536;536
2026-06-08T09:07:14.0000000Z;9.3604;9.4512;536;536
2026-06-08T09:07:45.0000000Z;9.3604;9.4512;536;536
2026-06-08T09:08:15.0000000Z;9.3604;9.4512;536;536
2026-06-08T09:08:46.0000000Z;9.3604;9.4512;536;536
2026-06-08T09:09:17.0000000Z;9.3604;9.4512;536;536
2026-06-08T09:09:47.0000000Z;9.3604;9.4512;536;536
2026-06-08T09:10:18.0000000Z;9.3604;9.4512;536;536
2026-06-08T09:10:48.0000000Z;9.3604;9.4512;536;536
2026-06-08T09:11:19.0000000Z;9.3604;9.4512;536;536
2026-06-08T09:11:49.0000000Z;9.3604;9.4512;536;536
2026-06-08T09:12:20.0000000Z;9.3604;9.4512;536;536
2026-06-08T09:12:46.0000000Z;9.3604;9.4558;536;536
2026-06-08T09:13:16.0000000Z;9.3604;9.4558;536;536
2026-06-08T09:13:47.0000000Z;9.3604;9.4558;536;536
2026-06-08T09:14:17.0000000Z;9.3604;9.4558;536;536
2026-06-08T09:14:40.0000000Z;9.365;9.4558;536;536
2026-06-08T09:15:10.0000000Z;9.365;9.4558;536;536
2026-06-08T09:15:41.0000000Z;9.365;9.4558;536;536
2026-06-08T09:16:11.0000000Z;9.365;9.4558;536;536
2026-06-08T09:16:42.0000000Z;9.365;9.4558;536;536
2026-06-08T09:17:12.0000000Z;9.365;9.4558;536;536
2026-06-08T09:17:43.0000000Z;9.365;9.4558;536;536
2026-06-08T09:18:13.0000000Z;9.365;9.4558;536;536
2026-06-08T09:18:44.0000000Z;9.365;9.4558;536;536
2026-06-08T09:19:15.0000000Z;9.365;9.4558;536;536
2026-06-08T09:19:45.0000000Z;9.365;9.4558;536;536
2026-06-08T09:20:16.0000000Z;9.365;9.4558;536;536
2026-06-08T09:20:46.0000000Z;9.365;9.4558;536;536
2026-06-08T09:21:17.0000000Z;9.365;9.4558;536;536
2026-06-08T09:21:47.0000000Z;9.365;9.4558;536;536
2026-06-08T09:22:18.0000000Z;9.365;9.4558;536;536
2026-06-08T09:22:48.0000000Z;9.365;9.4558;536;536
2026-06-08T09:23:19.0000000Z;9.365;9.4558;536;536
2026-06-08T09:23:50.0000000Z;9.365;9.4558;536;536
2026-06-08T09:24:20.0000000Z;9.365;9.4558;536;536
2026-06-08T09:24:51.0000000Z;9.365;9.4558;536;536
2026-06-08T09:25:21.0000000Z;9.365;9.4558;536;536
2026-06-08T09:25:52.0000000Z;9.365;9.4558;536;536
2026-06-08T09:26:22.0000000Z;9.365;9.4558;536;536
2026-06-08T09:26:53.0000000Z;9.365;9.4558;536;536
2026-06-08T09:27:23.0000000Z;9.365;9.4558;536;536
2026-06-08T09:27:54.0000000Z;9.365;9.4558;536;536
2026-06-08T09:28:25.0000000Z;9.365;9.4558;536;536
2026-06-08T09:28:55.0000000Z;9.365;9.4558;536;536
2026-06-08T09:29:26.0000000Z;9.365;9.4558;536;536
2026-06-08T09:29:57.0000000Z;9.365;9.4558;536;536
2026-06-08T09:30:27.0000000Z;9.365;9.4558;536;536
2026-06-08T09:30:58.0000000Z;9.365;9.4558;536;536
2026-06-08T09:31:28.0000000Z;9.365;9.4558;536;536
2026-06-08T09:31:57.0000000Z;9.3696;9.4558;536;536
2026-06-08T09:31:58.0000000Z;9.3696;9.4604;536;536
2026-06-08T09:32:28.0000000Z;9.3696;9.4604;536;536
2026-06-08T09:32:59.0000000Z;9.3696;9.4604;536;536
2026-06-08T09:33:29.0000000Z;9.3696;9.4604;536;536
2026-06-08T09:34:00.0000000Z;9.3696;9.4604;536;536
2026-06-08T09:34:30.0000000Z;9.3696;9.4604;536;536
2026-06-08T09:35:01.0000000Z;9.3696;9.4604;536;536
2026-06-08T09:35:32.0000000Z;9.3696;9.4604;536;536
2026-06-08T09:36:02.0000000Z;9.3696;9.4604;536;536
2026-06-08T09:36:33.0000000Z;9.3696;9.4604;536;536
2026-06-08T09:37:03.0000000Z;9.3696;9.4604;536;536
2026-06-08T09:37:21.0000000Z;9.365;9.4604;536;536
2026-06-08T09:37:25.0000000Z;9.365;9.4558;536;536
2026-06-08T09:37:55.0000000Z;9.365;9.4558;536;536
2026-06-08T09:38:25.0000000Z;9.365;9.4558;536;536
2026-06-08T09:38:56.0000000Z;9.365;9.4558;536;536
2026-06-08T09:39:26.0000000Z;9.365;9.4558;536;536
2026-06-08T09:39:57.0000000Z;9.365;9.4558;536;536
2026-06-08T09:40:28.0000000Z;9.365;9.4558;536;536
2026-06-08T09:40:58.0000000Z;9.365;9.4558;536;536
2026-06-08T09:41:29.0000000Z;9.365;9.4558;536;536
2026-06-08T09:41:59.0000000Z;9.365;9.4558;536;536
2026-06-08T09:42:30.0000000Z;9.365;9.4558;536;536
2026-06-08T09:43:00.0000000Z;9.365;9.4558;536;536
2026-06-08T09:43:31.0000000Z;9.365;9.4558;536;536
2026-06-08T09:44:01.0000000Z;9.365;9.4558;536;536
2026-06-08T09:44:32.0000000Z;9.365;9.4558;536;536
2026-06-08T09:45:02.0000000Z;9.365;9.4558;536;536
2026-06-08T09:45:33.0000000Z;9.365;9.4558;536;536
2026-06-08T09:46:03.0000000Z;9.365;9.4558;536;536
2026-06-08T09:46:34.0000000Z;9.365;9.4558;536;536
2026-06-08T09:47:04.0000000Z;9.365;9.4558;536;536
2026-06-08T09:47:35.0000000Z;9.365;9.4558;536;536
2026-06-08T09:48:05.0000000Z;9.365;9.4558;536;536
2026-06-08T09:48:36.0000000Z;9.365;9.4558;536;536
2026-06-08T09:49:07.0000000Z;9.365;9.4558;536;536
2026-06-08T09:49:37.0000000Z;9.365;9.4558;536;536
2026-06-08T09:50:08.0000000Z;9.365;9.4558;536;536
2026-06-08T09:50:38.0000000Z;9.365;9.4558;536;536
2026-06-08T09:51:09.0000000Z;9.365;9.4558;536;536
2026-06-08T09:51:39.0000000Z;9.365;9.4558;536;536
2026-06-08T09:52:10.0000000Z;9.365;9.4558;536;536
2026-06-08T09:52:40.0000000Z;9.365;9.4558;536;536
2026-06-08T09:53:11.0000000Z;9.365;9.4558;536;536
2026-06-08T09:53:42.0000000Z;9.365;9.4558;536;536
2026-06-08T09:54:12.0000000Z;9.365;9.4558;536;536
2026-06-08T09:54:43.0000000Z;9.365;9.4558;536;536
2026-06-08T09:55:13.0000000Z;9.365;9.4558;536;536
2026-06-08T09:55:30.0000000Z;9.365;9.4556;536;536
2026-06-08T09:55:55.0000000Z;9.3604;9.4556;536;536
2026-06-08T09:55:58.0000000Z;9.3604;9.4512;536;536
2026-06-08T09:56:29.0000000Z;9.3604;9.4512;536;536
2026-06-08T09:56:59.0000000Z;9.3604;9.4512;536;536
2026-06-08T09:57:30.0000000Z;9.3604;9.4512;536;536
2026-06-08T09:58:00.0000000Z;9.3604;9.4512;536;536
2026-06-08T09:58:31.0000000Z;9.3604;9.4512;536;536
2026-06-08T09:59:01.0000000Z;9.3604;9.4512;536;536
2026-06-08T09:59:32.0000000Z;9.3604;9.4512;536;536
2026-06-08T10:00:03.0000000Z;9.3604;9.4512;536;536
2026-06-08T10:00:33.0000000Z;9.3604;9.4512;536;536
2026-06-08T10:01:04.0000000Z;9.3604;9.4512;536;536
2026-06-08T10:01:34.0000000Z;9.3604;9.4512;536;536
2026-06-08T10:02:05.0000000Z;9.3604;9.4512;536;536
2026-06-08T10:02:35.0000000Z;9.3604;9.4512;536;536
2026-06-08T10:03:06.0000000Z;9.3604;9.4512;536;536
2026-06-08T10:03:36.0000000Z;9.3604;9.4512;536;536
2026-06-08T10:04:07.0000000Z;9.3604;9.4512;536;536
2026-06-08T10:04:37.0000000Z;9.3604;9.4512;536;536
2026-06-08T10:05:08.0000000Z;9.3604;9.4512;536;536
2026-06-08T10:05:39.0000000Z;9.3604;9.4512;536;536
2026-06-08T10:06:09.0000000Z;9.3604;9.4512;536;536
2026-06-08T10:06:40.0000000Z;9.3604;9.4512;536;536
2026-06-08T10:07:10.0000000Z;9.3604;9.4512;536;536
2026-06-08T10:07:41.0000000Z;9.3604;9.4512;536;536
2026-06-08T10:08:11.0000000Z;9.3604;9.4512;536;536
2026-06-08T10:08:42.0000000Z;9.3604;9.4512;536;536
2026-06-08T10:09:12.0000000Z;9.3604;9.4512;536;536
2026-06-08T10:09:43.0000000Z;9.3604;9.4512;536;536
2026-06-08T10:10:13.0000000Z;9.3604;9.4512;536;536
2026-06-08T10:10:44.0000000Z;9.3604;9.4512;536;536
2026-06-08T10:11:14.0000000Z;9.3604;9.4512;536;536
2026-06-08T10:11:45.0000000Z;9.3604;9.4512;536;536
2026-06-08T10:12:16.0000000Z;9.3604;9.4512;536;536
2026-06-08T10:12:46.0000000Z;9.3604;9.4512;536;536
2026-06-08T10:13:17.0000000Z;9.3604;9.4512;536;536
2026-06-08T10:13:47.0000000Z;9.3604;9.4512;536;536
2026-06-08T10:14:18.0000000Z;9.3604;9.4512;536;536
2026-06-08T10:14:48.0000000Z;9.3604;9.4512;536;536
2026-06-08T10:15:19.0000000Z;9.3604;9.4512;536;536
2026-06-08T10:15:49.0000000Z;9.3604;9.4512;536;536
2026-06-08T10:16:20.0000000Z;9.3604;9.4512;536;536
2026-06-08T10:16:50.0000000Z;9.3604;9.4512;536;536
2026-06-08T10:17:21.0000000Z;9.3604;9.4512;536;536
2026-06-08T10:17:52.0000000Z;9.3604;9.4512;536;536
2026-06-08T10:18:22.0000000Z;9.3604;9.4512;536;536
2026-06-08T10:18:53.0000000Z;9.3604;9.4512;536;536
2026-06-08T10:19:23.0000000Z;9.3604;9.4512;536;536
2026-06-08T10:19:54.0000000Z;9.3604;9.4512;536;536
2026-06-08T10:20:24.0000000Z;9.3604;9.4512;536;536
2026-06-08T10:20:55.0000000Z;9.3604;9.4512;536;536
2026-06-08T10:21:25.0000000Z;9.3604;9.4512;536;536
2026-06-08T10:21:56.0000000Z;9.3604;9.4512;536;536
2026-06-08T10:22:19.0000000Z;9.3604;9.451;536;536
2026-06-08T10:22:50.0000000Z;9.3604;9.451;536;536
2026-06-08T10:23:20.0000000Z;9.3604;9.451;536;536
2026-06-08T10:23:51.0000000Z;9.3604;9.451;536;536
2026-06-08T10:24:21.0000000Z;9.3604;9.451;536;536
2026-06-08T10:24:52.0000000Z;9.3604;9.451;536;536
2026-06-08T10:25:23.0000000Z;9.3604;9.451;536;536
2026-06-08T10:25:45.0000000Z;9.3604;9.4466;536;536
2026-06-08T10:25:47.0000000Z;9.3558;9.4466;536;536
2026-06-08T10:26:17.0000000Z;9.3558;9.4466;536;536
2026-06-08T10:26:48.0000000Z;9.3558;9.4466;536;536
2026-06-08T10:27:18.0000000Z;9.3558;9.4466;536;536
2026-06-08T10:27:49.0000000Z;9.3558;9.4466;536;536
2026-06-08T10:28:20.0000000Z;9.3558;9.4466;536;536
2026-06-08T10:28:50.0000000Z;9.3558;9.4466;536;536
2026-06-08T10:29:21.0000000Z;9.3558;9.4466;536;536
2026-06-08T10:29:51.0000000Z;9.3558;9.4466;536;536
2026-06-08T10:30:22.0000000Z;9.3558;9.4466;536;536
2026-06-08T10:30:52.0000000Z;9.3558;9.4466;536;536
2026-06-08T10:31:23.0000000Z;9.3558;9.4466;536;536
2026-06-08T10:31:53.0000000Z;9.3558;9.4466;536;536
2026-06-08T10:32:24.0000000Z;9.3558;9.4466;536;536
2026-06-08T10:32:55.0000000Z;9.3558;9.4466;536;536
2026-06-08T10:33:25.0000000Z;9.3558;9.4466;536;536
2026-06-08T10:33:56.0000000Z;9.3558;9.4466;536;536
2026-06-08T10:34:25.0000000Z;9.3356;9.4466;536;536
2026-06-08T10:34:31.0000000Z;9.327;9.491;536;536
2026-06-08T10:34:35.0000000Z;9.3356;9.4466;536;536
2026-06-08T10:35:06.0000000Z;9.3356;9.4466;536;536
2026-06-08T10:35:36.0000000Z;9.3356;9.4466;536;536
2026-06-08T10:36:07.0000000Z;9.3356;9.4466;536;536
2026-06-08T10:36:37.0000000Z;9.3356;9.4466;536;536
2026-06-08T10:37:08.0000000Z;9.3356;9.4466;536;536
2026-06-08T10:37:20.0000000Z;9.3206;9.4842;536;536
2026-06-08T10:37:27.0000000Z;9.3366;9.4602;536;536
2026-06-08T10:37:57.0000000Z;9.3366;9.4602;536;536
2026-06-08T10:38:27.0000000Z;9.3366;9.4602;536;536
2026-06-08T10:38:58.0000000Z;9.3366;9.4602;536;536
2026-06-08T10:39:28.0000000Z;9.3366;9.4602;536;536
2026-06-08T10:39:59.0000000Z;9.3366;9.4602;536;536
2026-06-08T10:40:30.0000000Z;9.3366;9.4602;536;536
2026-06-08T10:41:00.0000000Z;9.3366;9.4602;536;536
2026-06-08T10:41:31.0000000Z;9.3366;9.4602;536;536
2026-06-08T10:42:01.0000000Z;9.3366;9.4602;536;536
2026-06-08T10:42:32.0000000Z;9.3366;9.4602;536;536
2026-06-08T10:43:03.0000000Z;9.3366;9.4602;536;536
2026-06-08T10:43:33.0000000Z;9.3366;9.4602;536;536
2026-06-08T10:44:04.0000000Z;9.3366;9.4602;536;536
2026-06-08T10:44:34.0000000Z;9.3366;9.4602;536;536
2026-06-08T10:45:05.0000000Z;9.3366;9.4602;536;536
2026-06-08T10:45:36.0000000Z;9.3366;9.4602;536;536
2026-06-08T10:46:06.0000000Z;9.3366;9.4602;536;536
2026-06-08T10:46:37.0000000Z;9.3366;9.4602;536;536
2026-06-08T10:47:07.0000000Z;9.3366;9.4602;536;536
2026-06-08T10:47:38.0000000Z;9.3366;9.4602;536;536
2026-06-08T10:48:08.0000000Z;9.3366;9.4602;536;536
2026-06-08T10:48:39.0000000Z;9.3366;9.4602;536;536
2026-06-08T10:49:10.0000000Z;9.3366;9.4602;536;536
2026-06-08T10:49:40.0000000Z;9.3366;9.4602;536;536
2026-06-08T10:50:11.0000000Z;9.3366;9.4602;536;536
2026-06-08T10:50:41.0000000Z;9.3366;9.4602;536;536
2026-06-08T10:51:12.0000000Z;9.3366;9.4602;536;536
2026-06-08T10:51:42.0000000Z;9.3366;9.4602;536;536
2026-06-08T10:52:13.0000000Z;9.3366;9.4602;536;536
2026-06-08T10:52:43.0000000Z;9.3366;9.4602;536;536
2026-06-08T10:53:14.0000000Z;9.3366;9.4602;536;536
2026-06-08T10:53:45.0000000Z;9.3366;9.4602;536;536
2026-06-08T10:54:15.0000000Z;9.3366;9.4602;536;536
2026-06-08T10:54:46.0000000Z;9.3366;9.4602;536;536
2026-06-08T10:55:16.0000000Z;9.3366;9.4602;536;536
2026-06-08T10:55:47.0000000Z;9.3366;9.4602;536;536
2026-06-08T10:56:18.0000000Z;9.3366;9.4602;536;536
2026-06-08T10:56:48.0000000Z;9.3366;9.4602;536;536
2026-06-08T10:57:19.0000000Z;9.3366;9.4602;536;536
2026-06-08T10:57:49.0000000Z;9.3366;9.4602;536;536
2026-06-08T10:58:20.0000000Z;9.3366;9.4602;536;536
2026-06-08T10:58:50.0000000Z;9.3366;9.4602;536;536
2026-06-08T10:59:21.0000000Z;9.3366;9.4602;536;536
2026-06-08T10:59:52.0000000Z;9.3366;9.4602;536;536
2026-06-08T11:00:22.0000000Z;9.3366;9.4602;536;536
2026-06-08T11:00:53.0000000Z;9.3366;9.4602;536;536
2026-06-08T11:01:23.0000000Z;9.3366;9.4602;536;536
2026-06-08T11:01:54.0000000Z;9.3366;9.4602;536;536
2026-06-08T11:02:25.0000000Z;9.3366;9.4602;536;536
2026-06-08T11:02:55.0000000Z;9.3366;9.4602;536;536
2026-06-08T11:03:26.0000000Z;9.3366;9.4602;536;536
2026-06-08T11:03:57.0000000Z;9.3366;9.4602;536;536
2026-06-08T11:04:27.0000000Z;9.3366;9.4602;536;536
2026-06-08T11:04:58.0000000Z;9.3366;9.4602;536;536
2026-06-08T11:05:28.0000000Z;9.3366;9.4602;536;536
2026-06-08T11:05:59.0000000Z;9.3366;9.4602;536;536
2026-06-08T11:06:30.0000000Z;9.3366;9.4602;536;536
2026-06-08T11:07:00.0000000Z;9.3366;9.4602;536;536
2026-06-08T11:07:31.0000000Z;9.3366;9.4602;536;536
2026-06-08T11:07:48.0000000Z;9.3368;9.46;536;536
2026-06-08T11:07:52.0000000Z;9.3514;9.442;536;536
2026-06-08T11:08:23.0000000Z;9.3514;9.442;536;536
2026-06-08T11:08:54.0000000Z;9.3514;9.442;536;536
2026-06-08T11:09:24.0000000Z;9.3514;9.442;536;536
2026-06-08T11:09:55.0000000Z;9.3514;9.442;536;536
2026-06-08T11:10:25.0000000Z;9.3514;9.442;536;536
2026-06-08T11:10:56.0000000Z;9.3514;9.442;536;536
2026-06-08T11:10:59.0000000Z;9.3406;9.442;536;536
2026-06-08T11:11:02.0000000Z;9.3468;9.442;536;536
2026-06-08T11:11:06.0000000Z;9.3468;9.4372;536;536
2026-06-08T11:11:36.0000000Z;9.3468;9.4372;536;536
2026-06-08T11:12:07.0000000Z;9.3468;9.4372;536;536
2026-06-08T11:12:37.0000000Z;9.3468;9.4372;536;536
2026-06-08T11:13:08.0000000Z;9.3468;9.4372;536;536
2026-06-08T11:13:38.0000000Z;9.3468;9.4372;536;536
2026-06-08T11:14:09.0000000Z;9.3468;9.4372;536;536
2026-06-08T11:14:39.0000000Z;9.3468;9.4372;536;536
2026-06-08T11:15:10.0000000Z;9.3468;9.4372;536;536
2026-06-08T11:15:16.0000000Z;9.3176;9.4814;536;536
2026-06-08T11:15:46.0000000Z;9.3176;9.4814;536;536
2026-06-08T11:16:17.0000000Z;9.3176;9.4814;536;536
2026-06-08T11:16:47.0000000Z;9.3176;9.4814;536;536
2026-06-08T11:17:18.0000000Z;9.3176;9.4814;536;536
2026-06-08T11:17:48.0000000Z;9.3176;9.4814;536;536
2026-06-08T11:18:19.0000000Z;9.3176;9.4814;536;536
2026-06-08T11:18:49.0000000Z;9.3176;9.4814;536;536
2026-06-08T11:19:20.0000000Z;9.3176;9.4814;536;536
2026-06-08T11:19:50.0000000Z;9.3176;9.4814;536;536
2026-06-08T11:20:21.0000000Z;9.3176;9.4814;536;536
2026-06-08T11:20:33.0000000Z;9.3178;9.4812;536;536
2026-06-08T11:20:44.0000000Z;9.3418;9.4324;536;536
2026-06-08T11:21:14.0000000Z;9.3418;9.4324;536;536
2026-06-08T11:21:45.0000000Z;9.3418;9.4324;536;536
2026-06-08T11:22:15.0000000Z;9.3418;9.4324;536;536
2026-06-08T11:22:46.0000000Z;9.3418;9.4324;536;536
2026-06-08T11:23:16.0000000Z;9.3418;9.4324;536;536
2026-06-08T11:23:47.0000000Z;9.3418;9.4324;536;536
2026-06-08T11:24:17.0000000Z;9.3418;9.4324;536;536
2026-06-08T11:24:48.0000000Z;9.3418;9.4324;536;536
2026-06-08T11:25:18.0000000Z;9.3418;9.4324;536;536
2026-06-08T11:25:49.0000000Z;9.3418;9.4324;536;536
2026-06-08T11:26:20.0000000Z;9.3418;9.4324;536;536
2026-06-08T11:26:50.0000000Z;9.3418;9.4324;536;536
2026-06-08T11:27:21.0000000Z;9.3418;9.4324;536;536
2026-06-08T11:27:51.0000000Z;9.3418;9.4324;536;536
2026-06-08T11:28:22.0000000Z;9.3418;9.4324;536;536
2026-06-08T11:28:52.0000000Z;9.3418;9.4324;536;536
2026-06-08T11:29:23.0000000Z;9.3418;9.4324;536;536
2026-06-08T11:29:53.0000000Z;9.3418;9.4324;536;536
2026-06-08T11:30:24.0000000Z;9.3418;9.4324;536;536
2026-06-08T11:30:54.0000000Z;9.3418;9.4324;536;536
2026-06-08T11:31:25.0000000Z;9.3418;9.4324;536;536
2026-06-08T11:31:55.0000000Z;9.3418;9.4324;536;536
2026-06-08T11:32:26.0000000Z;9.3418;9.4324;536;536
2026-06-08T11:32:57.0000000Z;9.3418;9.4324;536;536
2026-06-08T11:33:27.0000000Z;9.3418;9.4324;536;536
2026-06-08T11:33:58.0000000Z;9.3418;9.4324;536;536
2026-06-08T11:34:28.0000000Z;9.3418;9.4324;536;536
2026-06-08T11:34:59.0000000Z;9.3418;9.4324;536;536
2026-06-08T11:35:29.0000000Z;9.3418;9.4324;536;536
2026-06-08T11:36:00.0000000Z;9.3418;9.4324;536;536
2026-06-08T11:36:30.0000000Z;9.3418;9.4324;536;536
2026-06-08T11:37:01.0000000Z;9.3418;9.4324;536;536
2026-06-08T11:37:31.0000000Z;9.3418;9.4324;536;536
2026-06-08T11:38:02.0000000Z;9.3418;9.4324;536;536
2026-06-08T11:38:32.0000000Z;9.3418;9.4324;536;536
2026-06-08T11:39:03.0000000Z;9.3418;9.4324;536;536
2026-06-08T11:39:34.0000000Z;9.3418;9.4324;536;536
2026-06-08T11:40:04.0000000Z;9.3418;9.4324;536;536
2026-06-08T11:40:35.0000000Z;9.3418;9.4324;536;536
2026-06-08T11:41:03.0000000Z;9.3464;9.4324;536;536
2026-06-08T11:41:04.0000000Z;9.3464;9.437;536;536
2026-06-08T11:41:34.0000000Z;9.3464;9.437;536;536
2026-06-08T11:42:04.0000000Z;9.3464;9.437;536;536
2026-06-08T11:42:35.0000000Z;9.3464;9.437;536;536
2026-06-08T11:43:05.0000000Z;9.3464;9.437;536;536
2026-06-08T11:43:36.0000000Z;9.3464;9.437;536;536
2026-06-08T11:44:06.0000000Z;9.3464;9.437;536;536
2026-06-08T11:44:37.0000000Z;9.3464;9.437;536;536
2026-06-08T11:45:07.0000000Z;9.3464;9.437;536;536
2026-06-08T11:45:38.0000000Z;9.3464;9.437;536;536
2026-06-08T11:46:08.0000000Z;9.3464;9.437;536;536
2026-06-08T11:46:39.0000000Z;9.3464;9.437;536;536
2026-06-08T11:47:09.0000000Z;9.3464;9.437;536;536
2026-06-08T11:47:40.0000000Z;9.3464;9.437;536;536
2026-06-08T11:48:10.0000000Z;9.3464;9.437;536;536
2026-06-08T11:48:41.0000000Z;9.3464;9.437;536;536
2026-06-08T11:49:12.0000000Z;9.3464;9.437;536;536
2026-06-08T11:49:42.0000000Z;9.3464;9.437;536;536
2026-06-08T11:50:13.0000000Z;9.3464;9.437;536;536
2026-06-08T11:50:43.0000000Z;9.3464;9.437;536;536
2026-06-08T11:51:14.0000000Z;9.3464;9.437;536;536
2026-06-08T11:51:44.0000000Z;9.3464;9.437;536;536
2026-06-08T11:52:15.0000000Z;9.3464;9.437;536;536
2026-06-08T11:52:45.0000000Z;9.3464;9.437;536;536
2026-06-08T11:53:16.0000000Z;9.3464;9.437;536;536
2026-06-08T11:53:46.0000000Z;9.3464;9.437;536;536
2026-06-08T11:54:17.0000000Z;9.3464;9.437;536;536
2026-06-08T11:54:48.0000000Z;9.3464;9.437;536;536
2026-06-08T11:55:18.0000000Z;9.3464;9.437;536;536
2026-06-08T11:55:49.0000000Z;9.3464;9.437;536;536
2026-06-08T11:56:19.0000000Z;9.3464;9.437;536;536
2026-06-08T11:56:50.0000000Z;9.3464;9.437;536;536
2026-06-08T11:57:21.0000000Z;9.3464;9.437;536;536
2026-06-08T11:57:51.0000000Z;9.3464;9.437;536;536
2026-06-08T11:58:22.0000000Z;9.3464;9.437;536;536
2026-06-08T11:58:52.0000000Z;9.3464;9.437;536;536
2026-06-08T11:59:23.0000000Z;9.3464;9.437;536;536
2026-06-08T11:59:53.0000000Z;9.3464;9.437;536;536
2026-06-08T12:00:24.0000000Z;9.3464;9.437;536;536
2026-06-08T12:00:54.0000000Z;9.3464;9.437;536;536
2026-06-08T12:01:25.0000000Z;9.3464;9.437;536;536
2026-06-08T12:01:55.0000000Z;9.3464;9.437;536;536
2026-06-08T12:02:26.0000000Z;9.3464;9.437;536;536
2026-06-08T12:02:56.0000000Z;9.3464;9.437;536;536
2026-06-08T12:03:01.0000000Z;9.3464;9.4324;536;536
2026-06-08T12:03:02.0000000Z;9.3418;9.4324;536;536
2026-06-08T12:03:32.0000000Z;9.3418;9.4324;536;536
2026-06-08T12:04:02.0000000Z;9.3418;9.4324;536;536
2026-06-08T12:04:33.0000000Z;9.3418;9.4324;536;536
2026-06-08T12:05:04.0000000Z;9.3418;9.4324;536;536
2026-06-08T12:05:34.0000000Z;9.3418;9.4324;536;536
2026-06-08T12:06:05.0000000Z;9.3418;9.4324;536;536
2026-06-08T12:06:35.0000000Z;9.3418;9.4324;536;536
2026-06-08T12:07:06.0000000Z;9.3418;9.4324;536;536
2026-06-08T12:07:36.0000000Z;9.3418;9.4324;536;536
2026-06-08T12:08:07.0000000Z;9.3418;9.4324;536;536
2026-06-08T12:08:37.0000000Z;9.3418;9.4324;536;536
2026-06-08T12:09:08.0000000Z;9.3418;9.4324;536;536
2026-06-08T12:09:38.0000000Z;9.3418;9.4324;536;536
2026-06-08T12:10:09.0000000Z;9.3418;9.4324;536;536
2026-06-08T12:10:39.0000000Z;9.3418;9.4324;536;536
2026-06-08T12:11:10.0000000Z;9.3418;9.4324;536;536
2026-06-08T12:11:40.0000000Z;9.3418;9.4324;536;536
2026-06-08T12:12:11.0000000Z;9.3418;9.4324;536;536
2026-06-08T12:12:42.0000000Z;9.3418;9.4324;536;536
2026-06-08T12:13:12.0000000Z;9.3418;9.4324;536;536
2026-06-08T12:13:43.0000000Z;9.3418;9.4324;536;536
2026-06-08T12:14:13.0000000Z;9.3418;9.4324;536;536
2026-06-08T12:14:44.0000000Z;9.3418;9.4324;536;536
2026-06-08T12:15:14.0000000Z;9.3418;9.4324;536;536
2026-06-08T12:15:45.0000000Z;9.3418;9.4324;536;536
2026-06-08T12:16:15.0000000Z;9.3418;9.4324;536;536
2026-06-08T12:16:46.0000000Z;9.3418;9.4324;536;536
2026-06-08T12:17:17.0000000Z;9.3418;9.4324;536;536
2026-06-08T12:17:47.0000000Z;9.3418;9.4324;536;536
2026-06-08T12:18:18.0000000Z;9.3418;9.4324;536;536
2026-06-08T12:18:48.0000000Z;9.3418;9.4324;536;536
2026-06-08T12:19:19.0000000Z;9.3418;9.4324;536;536
2026-06-08T12:19:49.0000000Z;9.3418;9.4324;536;536
2026-06-08T12:20:20.0000000Z;9.3418;9.4324;536;536
2026-06-08T12:20:50.0000000Z;9.3418;9.4324;536;536
2026-06-08T12:21:21.0000000Z;9.3418;9.4324;536;536
2026-06-08T12:21:52.0000000Z;9.3418;9.4324;536;536
2026-06-08T12:22:22.0000000Z;9.3418;9.4324;536;536
2026-06-08T12:22:53.0000000Z;9.3418;9.4324;536;536
2026-06-08T12:23:21.0000000Z;9.3418;9.437;536;536
2026-06-08T12:23:22.0000000Z;9.3464;9.437;536;536
2026-06-08T12:23:53.0000000Z;9.3464;9.437;536;536
2026-06-08T12:24:23.0000000Z;9.3464;9.437;536;536
2026-06-08T12:24:54.0000000Z;9.3464;9.437;536;536
2026-06-08T12:25:24.0000000Z;9.3464;9.437;536;536
2026-06-08T12:25:55.0000000Z;9.3464;9.437;536;536
2026-06-08T12:26:25.0000000Z;9.3464;9.437;536;536
2026-06-08T12:26:56.0000000Z;9.3464;9.437;536;536
2026-06-08T12:27:26.0000000Z;9.3464;9.437;536;536
2026-06-08T12:27:57.0000000Z;9.3464;9.437;536;536
2026-06-08T12:28:27.0000000Z;9.3464;9.437;536;536
2026-06-08T12:28:58.0000000Z;9.3464;9.437;536;536
2026-06-08T12:29:29.0000000Z;9.3464;9.437;536;536
2026-06-08T12:29:59.0000000Z;9.3464;9.437;536;536
2026-06-08T12:30:30.0000000Z;9.3464;9.437;536;536
2026-06-08T12:31:00.0000000Z;9.3464;9.437;536;536
2026-06-08T12:31:31.0000000Z;9.3464;9.437;536;536
2026-06-08T12:32:01.0000000Z;9.3464;9.437;536;536
2026-06-08T12:32:32.0000000Z;9.3464;9.437;536;536
2026-06-08T12:33:03.0000000Z;9.3464;9.437;536;536
2026-06-08T12:33:33.0000000Z;9.3464;9.437;536;536
2026-06-08T12:34:04.0000000Z;9.3464;9.437;536;536
2026-06-08T12:34:34.0000000Z;9.3464;9.437;536;536
2026-06-08T12:35:05.0000000Z;9.3464;9.437;536;536
2026-06-08T12:35:35.0000000Z;9.3464;9.437;536;536
2026-06-08T12:36:06.0000000Z;9.3464;9.437;536;536
2026-06-08T12:36:36.0000000Z;9.3464;9.437;536;536
2026-06-08T12:37:07.0000000Z;9.3464;9.437;536;536
2026-06-08T12:37:38.0000000Z;9.3464;9.437;536;536
2026-06-08T12:38:08.0000000Z;9.3464;9.437;536;536
2026-06-08T12:38:39.0000000Z;9.3464;9.437;536;536
2026-06-08T12:39:09.0000000Z;9.3464;9.437;536;536
2026-06-08T12:39:40.0000000Z;9.3464;9.437;536;536
2026-06-08T12:40:10.0000000Z;9.3464;9.437;536;536
2026-06-08T12:40:41.0000000Z;9.3464;9.437;536;536
2026-06-08T12:41:12.0000000Z;9.3464;9.437;536;536
2026-06-08T12:41:42.0000000Z;9.3464;9.437;536;536
2026-06-08T12:42:13.0000000Z;9.3464;9.437;536;536
2026-06-08T12:42:43.0000000Z;9.3464;9.437;536;536
2026-06-08T12:42:45.0000000Z;9.3464;9.4368;536;536
2026-06-08T12:43:04.0000000Z;9.3464;9.437;536;536
2026-06-08T12:43:32.0000000Z;9.3464;9.437;536;536
2026-06-08T12:44:02.0000000Z;9.3464;9.437;536;536
2026-06-08T12:44:33.0000000Z;9.3464;9.437;536;536
2026-06-08T12:45:04.0000000Z;9.3464;9.437;536;536
2026-06-08T12:45:34.0000000Z;9.3464;9.437;536;536
2026-06-08T12:46:05.0000000Z;9.3464;9.437;536;536
2026-06-08T12:46:35.0000000Z;9.3464;9.437;536;536
2026-06-08T12:47:06.0000000Z;9.3464;9.437;536;536
2026-06-08T12:47:36.0000000Z;9.3464;9.437;536;536
2026-06-08T12:48:07.0000000Z;9.3464;9.437;536;536
2026-06-08T12:48:38.0000000Z;9.3464;9.437;536;536
2026-06-08T12:49:08.0000000Z;9.3464;9.437;536;536
2026-06-08T12:49:39.0000000Z;9.3464;9.437;536;536
2026-06-08T12:50:09.0000000Z;9.3464;9.437;536;536
2026-06-08T12:50:40.0000000Z;9.3464;9.437;536;536
2026-06-08T12:51:10.0000000Z;9.3464;9.437;536;536
2026-06-08T12:51:41.0000000Z;9.3464;9.437;536;536
2026-06-08T12:52:11.0000000Z;9.3464;9.437;536;536
2026-06-08T12:52:42.0000000Z;9.3464;9.437;536;536
2026-06-08T12:53:13.0000000Z;9.3464;9.437;536;536
2026-06-08T12:53:43.0000000Z;9.3464;9.437;536;536
2026-06-08T12:54:14.0000000Z;9.3464;9.437;536;536
2026-06-08T12:54:44.0000000Z;9.3464;9.437;536;536
2026-06-08T12:55:15.0000000Z;9.3464;9.437;536;536
2026-06-08T12:55:45.0000000Z;9.3464;9.437;536;536
2026-06-08T12:56:16.0000000Z;9.3464;9.437;536;536
2026-06-08T12:56:47.0000000Z;9.3464;9.437;536;536
2026-06-08T12:57:17.0000000Z;9.3464;9.437;536;536
2026-06-08T12:57:48.0000000Z;9.3464;9.437;536;536
2026-06-08T12:58:18.0000000Z;9.3464;9.437;536;536
2026-06-08T12:58:49.0000000Z;9.3464;9.437;536;536
2026-06-08T12:59:19.0000000Z;9.3464;9.437;536;536
2026-06-08T12:59:50.0000000Z;9.3464;9.437;536;536
2026-06-08T13:00:20.0000000Z;9.3464;9.437;536;536
2026-06-08T13:00:23.0000000Z;9.3418;9.437;536;536
2026-06-08T13:00:32.0000000Z;9.3418;9.4324;536;536
2026-06-08T13:01:03.0000000Z;9.3418;9.4324;536;536
2026-06-08T13:01:33.0000000Z;9.3418;9.4324;536;536
2026-06-08T13:02:04.0000000Z;9.3418;9.4324;536;536
2026-06-08T13:02:34.0000000Z;9.3418;9.4324;536;536
2026-06-08T13:03:05.0000000Z;9.3418;9.4324;536;536
2026-06-08T13:03:35.0000000Z;9.3418;9.4324;536;536
2026-06-08T13:04:06.0000000Z;9.3418;9.4324;536;536
2026-06-08T13:04:36.0000000Z;9.3418;9.4324;536;536
2026-06-08T13:05:07.0000000Z;9.3418;9.4324;536;536
2026-06-08T13:05:37.0000000Z;9.3418;9.4324;536;536
2026-06-08T13:06:08.0000000Z;9.3418;9.4324;536;536
2026-06-08T13:06:39.0000000Z;9.3418;9.4324;536;536
2026-06-08T13:07:09.0000000Z;9.3418;9.4324;536;536
2026-06-08T13:07:40.0000000Z;9.3418;9.4324;536;536
2026-06-08T13:08:10.0000000Z;9.3418;9.4324;536;536
2026-06-08T13:08:41.0000000Z;9.3418;9.4324;536;536
2026-06-08T13:09:11.0000000Z;9.3418;9.4324;536;536
2026-06-08T13:09:42.0000000Z;9.3418;9.4324;536;536
2026-06-08T13:10:12.0000000Z;9.3418;9.4324;536;536
2026-06-08T13:10:43.0000000Z;9.3418;9.4324;536;536
2026-06-08T13:11:13.0000000Z;9.3418;9.4324;536;536
2026-06-08T13:11:44.0000000Z;9.3418;9.4324;536;536
2026-06-08T13:12:14.0000000Z;9.3418;9.4324;536;536
2026-06-08T13:12:45.0000000Z;9.3418;9.4324;536;536
2026-06-08T13:13:15.0000000Z;9.3418;9.4324;536;536
2026-06-08T13:13:46.0000000Z;9.3418;9.4324;536;536
2026-06-08T13:14:17.0000000Z;9.3418;9.4324;536;536
2026-06-08T13:14:47.0000000Z;9.3418;9.4324;536;536
2026-06-08T13:15:18.0000000Z;9.3418;9.4324;536;536
2026-06-08T13:15:48.0000000Z;9.3418;9.4324;536;536
2026-06-08T13:16:19.0000000Z;9.3418;9.4324;536;536
2026-06-08T13:16:49.0000000Z;9.3418;9.4324;536;536
2026-06-08T13:17:20.0000000Z;9.3418;9.4324;536;536
2026-06-08T13:17:51.0000000Z;9.3418;9.4324;536;536
2026-06-08T13:18:21.0000000Z;9.3418;9.4324;536;536
2026-06-08T13:18:52.0000000Z;9.3418;9.4324;536;536
2026-06-08T13:19:22.0000000Z;9.3418;9.4324;536;536
2026-06-08T13:19:53.0000000Z;9.3418;9.4324;536;536
2026-06-08T13:20:23.0000000Z;9.3418;9.4324;536;536
2026-06-08T13:20:54.0000000Z;9.3418;9.4324;536;536
2026-06-08T13:21:24.0000000Z;9.3418;9.4324;536;536
2026-06-08T13:21:55.0000000Z;9.3418;9.4324;536;536
2026-06-08T13:22:25.0000000Z;9.3418;9.4324;536;536
2026-06-08T13:22:52.0000000Z;9.3082;9.4324;536;536
2026-06-08T13:22:53.0000000Z;9.3368;9.4278;536;536
2026-06-08T13:23:24.0000000Z;9.3368;9.4278;536;536
2026-06-08T13:23:55.0000000Z;9.3368;9.4278;536;536
2026-06-08T13:24:25.0000000Z;9.3368;9.4278;536;536
2026-06-08T13:24:56.0000000Z;9.3368;9.4278;536;536
2026-06-08T13:25:26.0000000Z;9.3368;9.4278;536;536
2026-06-08T13:25:57.0000000Z;9.3368;9.4278;536;536
2026-06-08T13:26:27.0000000Z;9.3368;9.4278;536;536
2026-06-08T13:26:58.0000000Z;9.3368;9.4278;536;536
2026-06-08T13:27:28.0000000Z;9.3368;9.4278;536;536
2026-06-08T13:27:59.0000000Z;9.3368;9.4278;536;536
2026-06-08T13:28:29.0000000Z;9.3368;9.4278;536;536
2026-06-08T13:29:00.0000000Z;9.3368;9.4278;536;536
2026-06-08T13:29:30.0000000Z;9.3368;9.4278;536;536
2026-06-08T13:30:01.0000000Z;9.3368;9.4278;536;536
2026-06-08T13:30:31.0000000Z;9.3368;9.4278;536;536
2026-06-08T13:31:02.0000000Z;9.3368;9.4278;536;536
2026-06-08T13:31:32.0000000Z;9.3368;9.4278;536;536
2026-06-08T13:32:03.0000000Z;9.3368;9.4278;536;536
2026-06-08T13:32:33.0000000Z;9.3368;9.4278;536;536
2026-06-08T13:33:04.0000000Z;9.3368;9.4278;536;536
2026-06-08T13:33:34.0000000Z;9.3368;9.4278;536;536
2026-06-08T13:34:05.0000000Z;9.3368;9.4278;536;536
2026-06-08T13:34:35.0000000Z;9.3368;9.4278;536;536
2026-06-08T13:35:05.0000000Z;9.3368;9.4278;536;536
2026-06-08T13:35:33.0000000Z;9.3414;9.4278;536;536
2026-06-08T13:36:03.0000000Z;9.3414;9.4278;536;536
2026-06-08T13:36:34.0000000Z;9.3414;9.4278;536;536
2026-06-08T13:37:04.0000000Z;9.3414;9.4278;536;536
2026-06-08T13:37:35.0000000Z;9.3414;9.4278;536;536
2026-06-08T13:38:05.0000000Z;9.3414;9.4278;536;536
2026-06-08T13:38:36.0000000Z;9.3414;9.4278;536;536
2026-06-08T13:39:06.0000000Z;9.3414;9.4278;536;536
2026-06-08T13:39:37.0000000Z;9.3414;9.4278;536;536
2026-06-08T13:40:07.0000000Z;9.3414;9.4278;536;536
2026-06-08T13:40:38.0000000Z;9.3414;9.4278;536;536
2026-06-08T13:41:08.0000000Z;9.3414;9.4278;536;536
2026-06-08T13:41:11.0000000Z;9.3414;9.4324;536;536
2026-06-08T13:41:42.0000000Z;9.3414;9.4324;536;536
2026-06-08T13:42:12.0000000Z;9.3414;9.4324;536;536
2026-06-08T13:42:43.0000000Z;9.3414;9.4324;536;536
2026-06-08T13:43:13.0000000Z;9.3414;9.4324;536;536
2026-06-08T13:43:44.0000000Z;9.3414;9.4324;536;536
2026-06-08T13:44:14.0000000Z;9.3414;9.4324;536;536
2026-06-08T13:44:45.0000000Z;9.3414;9.4324;536;536
2026-06-08T13:45:15.0000000Z;9.3414;9.4324;536;536
2026-06-08T13:45:46.0000000Z;9.3414;9.4324;536;536
2026-06-08T13:46:16.0000000Z;9.3414;9.4324;536;536
2026-06-08T13:46:46.0000000Z;9.3414;9.4324;536;536
2026-06-08T13:47:17.0000000Z;9.3414;9.4324;536;536
2026-06-08T13:47:47.0000000Z;9.3414;9.4324;536;536
2026-06-08T13:48:18.0000000Z;9.3414;9.4324;536;536
2026-06-08T13:48:48.0000000Z;9.3414;9.4324;536;536
2026-06-08T13:49:19.0000000Z;9.3414;9.4324;536;536
2026-06-08T13:49:49.0000000Z;9.3414;9.4324;536;536
2026-06-08T13:50:20.0000000Z;9.3414;9.4324;536;536
2026-06-08T13:50:50.0000000Z;9.3414;9.4324;536;536
2026-06-08T13:51:21.0000000Z;9.3414;9.4324;536;536
2026-06-08T13:51:51.0000000Z;9.3414;9.4324;536;536
2026-06-08T13:52:22.0000000Z;9.3414;9.4324;536;536
2026-06-08T13:52:52.0000000Z;9.3414;9.4324;536;536
2026-06-08T13:53:23.0000000Z;9.3414;9.4324;536;536
2026-06-08T13:53:53.0000000Z;9.3414;9.4324;536;536
2026-06-08T13:54:24.0000000Z;9.3414;9.4324;536;536
2026-06-08T13:54:54.0000000Z;9.3414;9.4324;536;536
2026-06-08T13:55:25.0000000Z;9.3414;9.4324;536;536
2026-06-08T13:55:55.0000000Z;9.3414;9.4324;536;536
2026-06-08T13:56:26.0000000Z;9.3414;9.4324;536;536
2026-06-08T13:56:56.0000000Z;9.3414;9.4324;536;536
2026-06-08T13:57:27.0000000Z;9.3414;9.4324;536;536
2026-06-08T13:57:57.0000000Z;9.3414;9.4324;536;536
2026-06-08T13:58:28.0000000Z;9.3414;9.4324;536;536
2026-06-08T13:58:58.0000000Z;9.3414;9.4324;536;536
2026-06-08T13:59:29.0000000Z;9.3414;9.4324;536;536
2026-06-08T13:59:59.0000000Z;9.3414;9.4324;536;536
2026-06-08T14:00:11.0000000Z;9.3084;9.4718;536;536
2026-06-08T14:00:14.0000000Z;9.3414;9.4324;536;536
2026-06-08T14:00:45.0000000Z;9.3414;9.4324;536;536
2026-06-08T14:01:15.0000000Z;9.3414;9.4324;536;536
2026-06-08T14:01:46.0000000Z;9.3414;9.4324;536;536
2026-06-08T14:02:16.0000000Z;9.3414;9.4324;536;536
2026-06-08T14:02:26.0000000Z;9.3082;9.472;536;536
2026-06-08T14:02:29.0000000Z;9.3414;9.4324;536;536
2026-06-08T14:02:59.0000000Z;9.3414;9.4324;536;536
2026-06-08T14:03:29.0000000Z;9.3414;9.4324;536;536
2026-06-08T14:04:00.0000000Z;9.3414;9.4324;536;536
2026-06-08T14:04:30.0000000Z;9.3414;9.4324;536;536
2026-06-08T14:05:01.0000000Z;9.3414;9.4324;536;536
2026-06-08T14:05:32.0000000Z;9.3414;9.4324;536;536
2026-06-08T14:06:02.0000000Z;9.3414;9.4324;536;536
2026-06-08T14:06:33.0000000Z;9.3414;9.4324;536;536
2026-06-08T14:07:03.0000000Z;9.3414;9.4324;536;536
2026-06-08T14:07:34.0000000Z;9.3414;9.4324;536;536
2026-06-08T14:08:00.0000000Z;9.3416;9.4324;536;536
2026-06-08T14:08:30.0000000Z;9.3416;9.4324;536;536
2026-06-08T14:09:01.0000000Z;9.3416;9.4324;536;536
2026-06-08T14:09:31.0000000Z;9.3416;9.4324;536;536
2026-06-08T14:10:02.0000000Z;9.3416;9.4324;536;536
2026-06-08T14:10:10.0000000Z;9.346;9.4324;536;536
2026-06-08T14:10:18.0000000Z;9.346;9.437;536;536
2026-06-08T14:10:48.0000000Z;9.346;9.437;536;536
2026-06-08T14:11:18.0000000Z;9.346;9.437;536;536
2026-06-08T14:11:49.0000000Z;9.346;9.437;536;536
2026-06-08T14:12:19.0000000Z;9.346;9.437;536;536
2026-06-08T14:12:50.0000000Z;9.346;9.437;536;536
2026-06-08T14:13:20.0000000Z;9.346;9.437;536;536
2026-06-08T14:13:51.0000000Z;9.346;9.437;536;536
2026-06-08T14:14:21.0000000Z;9.346;9.437;536;536
2026-06-08T14:14:52.0000000Z;9.346;9.437;536;536
2026-06-08T14:15:22.0000000Z;9.346;9.437;536;536
2026-06-08T14:15:53.0000000Z;9.346;9.437;536;536
2026-06-08T14:16:23.0000000Z;9.346;9.437;536;536
2026-06-08T14:16:54.0000000Z;9.346;9.437;536;536
2026-06-08T14:17:24.0000000Z;9.346;9.437;536;536
2026-06-08T14:17:55.0000000Z;9.346;9.437;536;536
2026-06-08T14:18:25.0000000Z;9.346;9.437;536;536
2026-06-08T14:18:56.0000000Z;9.346;9.437;536;536
2026-06-08T14:19:26.0000000Z;9.346;9.437;536;536
2026-06-08T14:19:56.0000000Z;9.346;9.437;536;536
2026-06-08T14:20:27.0000000Z;9.346;9.437;536;536
2026-06-08T14:20:57.0000000Z;9.346;9.437;536;536
2026-06-08T14:21:28.0000000Z;9.346;9.437;536;536
2026-06-08T14:21:58.0000000Z;9.346;9.437;536;536
2026-06-08T14:22:29.0000000Z;9.346;9.437;536;536
2026-06-08T14:22:59.0000000Z;9.346;9.437;536;536
2026-06-08T14:23:30.0000000Z;9.346;9.437;536;536
2026-06-08T14:24:01.0000000Z;9.346;9.437;536;536
2026-06-08T14:24:31.0000000Z;9.346;9.437;536;536
2026-06-08T14:25:02.0000000Z;9.346;9.437;536;536
2026-06-08T14:25:32.0000000Z;9.346;9.437;536;536
2026-06-08T14:26:03.0000000Z;9.346;9.437;536;536
2026-06-08T14:26:33.0000000Z;9.346;9.437;536;536
2026-06-08T14:27:04.0000000Z;9.346;9.437;536;536
2026-06-08T14:27:34.0000000Z;9.346;9.437;536;536
2026-06-08T14:28:05.0000000Z;9.346;9.437;536;536
2026-06-08T14:28:35.0000000Z;9.346;9.437;536;536
2026-06-08T14:29:06.0000000Z;9.346;9.437;536;536
2026-06-08T14:29:36.0000000Z;9.346;9.437;536;536
2026-06-08T14:30:07.0000000Z;9.346;9.437;536;536
2026-06-08T14:30:37.0000000Z;9.346;9.437;536;536
2026-06-08T14:31:08.0000000Z;9.346;9.437;536;536
2026-06-08T14:31:38.0000000Z;9.346;9.437;536;536
2026-06-08T14:32:09.0000000Z;9.346;9.437;536;536
2026-06-08T14:32:39.0000000Z;9.346;9.437;536;536
2026-06-08T14:33:10.0000000Z;9.346;9.437;536;536
2026-06-08T14:33:40.0000000Z;9.346;9.437;536;536
2026-06-08T14:34:11.0000000Z;9.346;9.437;536;536
2026-06-08T14:34:41.0000000Z;9.346;9.437;536;536
2026-06-08T14:35:12.0000000Z;9.346;9.437;536;536
2026-06-08T14:35:42.0000000Z;9.346;9.437;536;536
2026-06-08T14:36:13.0000000Z;9.346;9.437;536;536
2026-06-08T14:36:43.0000000Z;9.346;9.437;536;536
2026-06-08T14:37:14.0000000Z;9.346;9.437;536;536
2026-06-08T14:37:44.0000000Z;9.346;9.437;536;536
2026-06-08T14:38:15.0000000Z;9.346;9.437;536;536
2026-06-08T14:38:45.0000000Z;9.346;9.437;536;536
2026-06-08T14:39:16.0000000Z;9.346;9.437;536;536
2026-06-08T14:39:46.0000000Z;9.346;9.437;536;536
2026-06-08T14:40:17.0000000Z;9.346;9.437;536;536
2026-06-08T14:40:47.0000000Z;9.346;9.437;536;536
2026-06-08T14:41:18.0000000Z;9.346;9.437;536;536
2026-06-08T14:41:48.0000000Z;9.346;9.437;536;536
2026-06-08T14:42:19.0000000Z;9.346;9.437;536;536
2026-06-08T14:42:24.0000000Z;9.3462;9.437;536;536
2026-06-08T14:42:31.0000000Z;9.346;9.437;536;536
2026-06-08T14:43:02.0000000Z;9.346;9.437;536;536
2026-06-08T14:43:33.0000000Z;9.346;9.437;536;536
2026-06-08T14:44:03.0000000Z;9.346;9.437;536;536
2026-06-08T14:44:34.0000000Z;9.346;9.437;536;536
2026-06-08T14:45:04.0000000Z;9.346;9.437;536;536
2026-06-08T14:45:35.0000000Z;9.346;9.437;536;536
2026-06-08T14:46:05.0000000Z;9.346;9.437;536;536
2026-06-08T14:46:36.0000000Z;9.346;9.437;536;536
2026-06-08T14:47:06.0000000Z;9.346;9.437;536;536
2026-06-08T14:47:37.0000000Z;9.346;9.437;536;536
2026-06-08T14:48:07.0000000Z;9.346;9.437;536;536
2026-06-08T14:48:38.0000000Z;9.346;9.437;536;536
2026-06-08T14:49:08.0000000Z;9.346;9.437;536;536
2026-06-08T14:49:39.0000000Z;9.346;9.437;536;536
2026-06-08T14:50:09.0000000Z;9.346;9.437;536;536
2026-06-08T14:50:40.0000000Z;9.346;9.437;536;536
2026-06-08T14:51:10.0000000Z;9.346;9.437;536;536
2026-06-08T14:51:41.0000000Z;9.346;9.437;536;536
2026-06-08T14:52:11.0000000Z;9.346;9.437;536;536
2026-06-08T14:52:42.0000000Z;9.346;9.437;536;536
2026-06-08T14:53:12.0000000Z;9.346;9.437;536;536
2026-06-08T14:53:43.0000000Z;9.346;9.437;536;536
2026-06-08T14:53:45.0000000Z;9.346;9.4324;536;536
2026-06-08T14:54:16.0000000Z;9.346;9.4324;536;536
2026-06-08T14:54:46.0000000Z;9.346;9.4324;536;536
2026-06-08T14:55:17.0000000Z;9.346;9.4324;536;536
2026-06-08T14:55:47.0000000Z;9.346;9.4324;536;536
2026-06-08T14:56:18.0000000Z;9.346;9.4324;536;536
2026-06-08T14:56:48.0000000Z;9.346;9.4324;536;536
2026-06-08T14:57:19.0000000Z;9.346;9.4324;536;536
2026-06-08T14:57:49.0000000Z;9.346;9.4324;536;536
2026-06-08T14:58:20.0000000Z;9.346;9.4324;536;536
2026-06-08T14:58:50.0000000Z;9.346;9.4324;536;536
2026-06-08T14:59:21.0000000Z;9.346;9.4324;536;536
2026-06-08T14:59:45.0000000Z;9.3414;9.4324;536;536
