2026-06-08T08:00:09.0000000Z;33.145;33.245;3072;3072
2026-06-08T08:00:10.0000000Z;33.15;33.245;3072;3072
2026-06-08T08:00:40.0000000Z;33.15;33.245;3072;3072
2026-06-08T08:01:10.0000000Z;33.15;33.245;3072;3072
2026-06-08T08:01:41.0000000Z;33.15;33.245;3072;3072
2026-06-08T08:01:44.0000000Z;33.16;33.245;3072;3072
2026-06-08T08:01:56.0000000Z;33.145;33.245;3072;3072
2026-06-08T08:02:27.0000000Z;33.145;33.245;3072;3072
2026-06-08T08:02:38.0000000Z;33.145;33.23;3072;3072
2026-06-08T08:03:08.0000000Z;33.145;33.23;3072;3072
2026-06-08T08:03:10.0000000Z;33.16;33.23;3072;3072
2026-06-08T08:03:15.0000000Z;33.195;33.23;3072;3072
2026-06-08T08:03:31.0000000Z;33.195;33.215;3072;3072
2026-06-08T08:03:40.0000000Z;33.145;33.215;3072;3072
2026-06-08T08:03:48.0000000Z;33.12;33.215;3072;3072
2026-06-08T08:04:18.0000000Z;33.12;33.215;3072;3072
2026-06-08T08:04:26.0000000Z;33.13;33.215;3072;3072
2026-06-08T08:04:33.0000000Z;33.13;33.23;3072;3072
2026-06-08T08:05:00.0000000Z;33.155;33.23;3072;3072
2026-06-08T08:05:01.0000000Z;33.155;33.245;3072;3072
2026-06-08T08:05:23.0000000Z;33.145;33.245;3072;3072
2026-06-08T08:05:34.0000000Z;33.15;33.245;3072;3072
2026-06-08T08:05:35.0000000Z;33.145;33.245;3072;3072
2026-06-08T08:05:38.0000000Z;33.15;33.245;3072;3072
2026-06-08T08:06:08.0000000Z;33.15;33.245;3072;3072
2026-06-08T08:06:11.0000000Z;33.165;33.245;3072;3072
2026-06-08T08:06:16.0000000Z;33.165;33.24;3072;3072
2026-06-08T08:06:20.0000000Z;33.165;33.245;3072;3072
2026-06-08T08:06:24.0000000Z;33.155;33.245;3072;3072
2026-06-08T08:06:27.0000000Z;33.155;33.24;3072;3072
2026-06-08T08:06:30.0000000Z;33.155;33.245;3072;3072
2026-06-08T08:06:43.0000000Z;33.165;33.245;3072;3072
2026-06-08T08:06:44.0000000Z;33.165;33.245;3072;3072
2026-06-08T08:06:46.0000000Z;33.16;33.245;3072;3072
2026-06-08T08:06:49.0000000Z;33.165;33.245;3072;3072
2026-06-08T08:06:55.0000000Z;33.155;33.245;3072;3072
2026-06-08T08:07:02.0000000Z;33.155;33.245;3072;3072
2026-06-08T08:07:03.0000000Z;33.155;33.24;3072;3072
2026-06-08T08:07:05.0000000Z;33.155;33.245;3072;3072
2026-06-08T08:07:15.0000000Z;33.155;33.245;3072;3072
2026-06-08T08:07:22.0000000Z;33.155;33.24;3072;3072
2026-06-08T08:07:52.0000000Z;33.155;33.23;3072;3072
2026-06-08T08:07:54.0000000Z;33.135;33.23;3072;3072
2026-06-08T08:08:24.0000000Z;33.135;33.23;3072;3072
2026-06-08T08:08:49.0000000Z;33.145;33.23;3072;3072
2026-06-08T08:09:01.0000000Z;33.145;33.225;3072;3072
2026-06-08T08:09:02.0000000Z;33.135;33.225;3072;3072
2026-06-08T08:09:18.0000000Z;33.145;33.225;3072;3072
2026-06-08T08:09:19.0000000Z;33.145;33.225;3072;3072
2026-06-08T08:09:26.0000000Z;33.155;33.225;3072;3072
2026-06-08T08:09:31.0000000Z;33.165;33.225;3072;3072
2026-06-08T08:09:35.0000000Z;33.165;33.23;3072;3072
2026-06-08T08:09:45.0000000Z;33.135;33.23;3072;3072
2026-06-08T08:09:48.0000000Z;33.145;33.23;3072;3072
2026-06-08T08:09:55.0000000Z;33.145;33.235;3072;3072
2026-06-08T08:09:57.0000000Z;33.145;33.24;3072;3072
2026-06-08T08:09:58.0000000Z;33.145;33.245;3072;3072
2026-06-08T08:10:11.0000000Z;33.145;33.24;3072;3072
2026-06-08T08:10:42.0000000Z;33.145;33.24;3072;3072
2026-06-08T08:11:12.0000000Z;33.145;33.24;3072;3072
2026-06-08T08:11:43.0000000Z;33.145;33.24;3072;3072
2026-06-08T08:11:49.0000000Z;33.145;33.24;3072;3072
2026-06-08T08:11:50.0000000Z;33.145;33.245;3072;3072
2026-06-08T08:11:51.0000000Z;33.145;33.24;3072;3072
2026-06-08T08:12:09.0000000Z;33.16;33.24;3072;3072
2026-06-08T08:12:21.0000000Z;33.15;33.24;3072;3072
2026-06-08T08:12:37.0000000Z;33.15;33.235;3072;3072
2026-06-08T08:12:45.0000000Z;33.15;33.24;3072;3072
2026-06-08T08:12:55.0000000Z;33.15;33.23;3072;3072
2026-06-08T08:12:59.0000000Z;33.14;33.23;3072;3072
2026-06-08T08:13:30.0000000Z;33.14;33.23;3072;3072
2026-06-08T08:13:48.0000000Z;33.15;33.24;3072;3072
2026-06-08T08:14:11.0000000Z;33.16;33.24;3072;3072
2026-06-08T08:14:13.0000000Z;33.16;33.24;3072;3072
2026-06-08T08:14:16.0000000Z;33.17;33.24;3072;3072
2026-06-08T08:14:17.0000000Z;33.165;33.24;3072;3072
2026-06-08T08:14:21.0000000Z;33.17;33.24;3072;3072
2026-06-08T08:14:29.0000000Z;33.155;33.24;3072;3072
2026-06-08T08:14:39.0000000Z;33.15;33.24;3072;3072
2026-06-08T08:14:46.0000000Z;33.15;33.23;3072;3072
2026-06-08T08:14:51.0000000Z;33.135;33.23;3072;3072
2026-06-08T08:15:02.0000000Z;33.145;33.23;3072;3072
2026-06-08T08:15:16.0000000Z;33.135;33.23;3072;3072
2026-06-08T08:15:46.0000000Z;33.135;33.23;3072;3072
2026-06-08T08:16:17.0000000Z;33.135;33.23;3072;3072
2026-06-08T08:16:34.0000000Z;33.155;33.23;3072;3072
2026-06-08T08:16:35.0000000Z;33.155;33.245;3072;3072
2026-06-08T08:17:05.0000000Z;33.155;33.245;3072;3072
2026-06-08T08:17:36.0000000Z;33.155;33.245;3072;3072
2026-06-08T08:17:46.0000000Z;33.135;33.225;3072;3072
2026-06-08T08:17:51.0000000Z;33.135;33.23;3072;3072
2026-06-08T08:18:11.0000000Z;33.145;33.23;3072;3072
2026-06-08T08:18:15.0000000Z;33.145;33.225;3072;3072
2026-06-08T08:18:19.0000000Z;33.15;33.225;3072;3072
2026-06-08T08:18:20.0000000Z;33.155;33.225;3072;3072
2026-06-08T08:18:21.0000000Z;33.155;33.24;3072;3072
2026-06-08T08:18:25.0000000Z;33.165;33.24;3072;3072
2026-06-08T08:18:27.0000000Z;33.165;33.245;3072;3072
2026-06-08T08:18:37.0000000Z;33.155;33.245;3072;3072
2026-06-08T08:18:45.0000000Z;33.165;33.245;3072;3072
2026-06-08T08:18:53.0000000Z;33.17;33.245;3072;3072
2026-06-08T08:18:55.0000000Z;33.17;33.25;3072;3072
2026-06-08T08:18:56.0000000Z;33.17;33.245;3072;3072
2026-06-08T08:18:58.0000000Z;33.18;33.245;3072;3072
2026-06-08T08:18:59.0000000Z;33.18;33.25;3072;3072
2026-06-08T08:19:11.0000000Z;33.16;33.25;3072;3072
2026-06-08T08:19:19.0000000Z;33.17;33.25;3072;3072
2026-06-08T08:19:26.0000000Z;33.165;33.25;3072;3072
2026-06-08T08:19:31.0000000Z;33.16;33.25;3072;3072
2026-06-08T08:19:41.0000000Z;33.155;33.25;3072;3072
2026-06-08T08:19:51.0000000Z;33.165;33.25;3072;3072
2026-06-08T08:19:53.0000000Z;33.16;33.245;3072;3072
2026-06-08T08:19:58.0000000Z;33.165;33.245;3072;3072
2026-06-08T08:20:00.0000000Z;33.165;33.25;3072;3072
2026-06-08T08:20:04.0000000Z;33.155;33.25;3072;3072
2026-06-08T08:20:12.0000000Z;33.165;33.25;3072;3072
2026-06-08T08:20:24.0000000Z;33.155;33.25;3072;3072
2026-06-08T08:20:26.0000000Z;33.155;33.245;3072;3072
2026-06-08T08:20:36.0000000Z;33.155;33.25;3072;3072
2026-06-08T08:20:37.0000000Z;33.155;33.245;3072;3072
2026-06-08T08:20:41.0000000Z;33.155;33.24;3072;3072
2026-06-08T08:20:42.0000000Z;33.15;33.24;3072;3072
2026-06-08T08:20:46.0000000Z;33.155;33.24;3072;3072
2026-06-08T08:20:48.0000000Z;33.155;33.245;3072;3072
2026-06-08T08:20:50.0000000Z;33.155;33.24;3072;3072
2026-06-08T08:20:52.0000000Z;33.15;33.24;3072;3072
2026-06-08T08:20:55.0000000Z;33.155;33.24;3072;3072
2026-06-08T08:20:57.0000000Z;33.155;33.245;3072;3072
2026-06-08T08:21:27.0000000Z;33.155;33.245;3072;3072
2026-06-08T08:21:52.0000000Z;33.155;33.24;3072;3072
2026-06-08T08:21:53.0000000Z;33.155;33.25;3072;3072
2026-06-08T08:21:54.0000000Z;33.15;33.24;3072;3072
2026-06-08T08:21:56.0000000Z;33.16;33.25;3072;3072
2026-06-08T08:22:05.0000000Z;33.16;33.245;3072;3072
2026-06-08T08:22:16.0000000Z;33.155;33.245;3072;3072
2026-06-08T08:22:32.0000000Z;33.14;33.23;3072;3072
2026-06-08T08:22:45.0000000Z;33.145;33.23;3072;3072
2026-06-08T08:22:56.0000000Z;33.13;33.23;3072;3072
2026-06-08T08:23:12.0000000Z;33.13;33.225;3072;3072
2026-06-08T08:23:17.0000000Z;33.13;33.23;3072;3072
2026-06-08T08:23:26.0000000Z;33.145;33.23;3072;3072
2026-06-08T08:23:32.0000000Z;33.155;33.23;3072;3072
2026-06-08T08:23:45.0000000Z;33.135;33.23;3072;3072
2026-06-08T08:24:04.0000000Z;33.145;33.23;3072;3072
2026-06-08T08:24:12.0000000Z;33.15;33.23;3072;3072
2026-06-08T08:24:18.0000000Z;33.155;33.23;3072;3072
2026-06-08T08:24:24.0000000Z;33.135;33.23;3072;3072
2026-06-08T08:24:31.0000000Z;33.145;33.23;3072;3072
2026-06-08T08:24:42.0000000Z;33.13;33.23;3072;3072
2026-06-08T08:24:49.0000000Z;33.145;33.225;3072;3072
2026-06-08T08:24:50.0000000Z;33.145;33.23;3072;3072
2026-06-08T08:25:00.0000000Z;33.13;33.23;3072;3072
2026-06-08T08:25:14.0000000Z;33.145;33.23;3072;3072
2026-06-08T08:25:28.0000000Z;33.135;33.23;3072;3072
2026-06-08T08:25:46.0000000Z;33.145;33.23;3072;3072
2026-06-08T08:25:53.0000000Z;33.155;33.23;3072;3072
2026-06-08T08:26:04.0000000Z;33.135;33.23;3072;3072
2026-06-08T08:26:29.0000000Z;33.145;33.23;3072;3072
2026-06-08T08:26:30.0000000Z;33.145;33.225;3072;3072
2026-06-08T08:26:39.0000000Z;33.145;33.23;3072;3072
2026-06-08T08:26:44.0000000Z;33.135;33.23;3072;3072
2026-06-08T08:27:11.0000000Z;33.135;33.23;3072;3072
2026-06-08T08:27:37.0000000Z;33.145;33.23;3072;3072
2026-06-08T08:27:40.0000000Z;33.145;33.225;3072;3072
2026-06-08T08:27:50.0000000Z;33.13;33.23;3072;3072
2026-06-08T08:28:20.0000000Z;33.13;33.215;3072;3072
2026-06-08T08:28:34.0000000Z;33.145;33.215;3072;3072
2026-06-08T08:28:45.0000000Z;33.12;33.215;3072;3072
2026-06-08T08:28:57.0000000Z;33.13;33.215;3072;3072
2026-06-08T08:29:02.0000000Z;33.14;33.215;3072;3072
2026-06-08T08:29:13.0000000Z;33.12;33.215;3072;3072
2026-06-08T08:29:44.0000000Z;33.12;33.215;3072;3072
2026-06-08T08:30:15.0000000Z;33.12;33.215;3072;3072
2026-06-08T08:30:45.0000000Z;33.12;33.215;3072;3072
2026-06-08T08:31:16.0000000Z;33.12;33.215;3072;3072
2026-06-08T08:31:42.0000000Z;33.14;33.215;3072;3072
2026-06-08T08:31:46.0000000Z;33.14;33.23;3072;3072
2026-06-08T08:31:54.0000000Z;33.14;33.23;3072;3072
2026-06-08T08:32:24.0000000Z;33.14;33.23;3072;3072
2026-06-08T08:32:52.0000000Z;33.15;33.23;3072;3072
2026-06-08T08:33:05.0000000Z;33.14;33.23;3072;3072
2026-06-08T08:33:23.0000000Z;33.15;33.23;3072;3072
2026-06-08T08:33:35.0000000Z;33.14;33.23;3072;3072
2026-06-08T08:33:56.0000000Z;33.15;33.23;3072;3072
2026-06-08T08:34:08.0000000Z;33.145;33.23;3072;3072
2026-06-08T08:34:16.0000000Z;33.14;33.23;3072;3072
2026-06-08T08:34:20.0000000Z;33.15;33.23;3072;3072
2026-06-08T08:34:30.0000000Z;33.15;33.23;3072;3072
2026-06-08T08:34:35.0000000Z;33.14;33.23;3072;3072
2026-06-08T08:34:49.0000000Z;33.15;33.23;3072;3072
2026-06-08T08:35:07.0000000Z;33.15;33.245;3072;3072
2026-06-08T08:35:13.0000000Z;33.15;33.25;3072;3072
2026-06-08T08:35:29.0000000Z;33.15;33.24;3072;3072
2026-06-08T08:36:00.0000000Z;33.15;33.24;3072;3072
2026-06-08T08:36:30.0000000Z;33.15;33.235;3072;3072
2026-06-08T08:36:48.0000000Z;33.15;33.23;3072;3072
2026-06-08T08:37:10.0000000Z;33.165;33.23;3072;3072
2026-06-08T08:37:23.0000000Z;33.14;33.23;3072;3072
2026-06-08T08:37:30.0000000Z;33.15;33.23;3072;3072
2026-06-08T08:37:41.0000000Z;33.14;33.23;3072;3072
2026-06-08T08:37:57.0000000Z;33.14;33.235;3072;3072
2026-06-08T08:38:13.0000000Z;33.15;33.235;3072;3072
2026-06-08T08:38:29.0000000Z;33.14;33.235;3072;3072
2026-06-08T08:38:30.0000000Z;33.15;33.235;3072;3072
2026-06-08T08:38:44.0000000Z;33.14;33.235;3072;3072
2026-06-08T08:38:47.0000000Z;33.15;33.235;3072;3072
2026-06-08T08:38:55.0000000Z;33.16;33.235;3072;3072
2026-06-08T08:39:10.0000000Z;33.145;33.235;3072;3072
2026-06-08T08:39:17.0000000Z;33.135;33.235;3072;3072
2026-06-08T08:39:26.0000000Z;33.145;33.235;3072;3072
2026-06-08T08:39:55.0000000Z;33.145;33.23;3072;3072
2026-06-08T08:40:03.0000000Z;33.145;33.23;3072;3072
2026-06-08T08:40:04.0000000Z;33.145;33.235;3072;3072
2026-06-08T08:40:06.0000000Z;33.16;33.235;3072;3072
2026-06-08T08:40:18.0000000Z;33.135;33.23;3072;3072
2026-06-08T08:40:19.0000000Z;33.135;33.235;3072;3072
2026-06-08T08:40:48.0000000Z;33.135;33.235;3072;3072
2026-06-08T08:40:52.0000000Z;33.135;33.23;3072;3072
2026-06-08T08:41:03.0000000Z;33.15;33.23;3072;3072
2026-06-08T08:41:14.0000000Z;33.14;33.23;3072;3072
2026-06-08T08:41:45.0000000Z;33.15;33.23;3072;3072
2026-06-08T08:41:56.0000000Z;33.15;33.225;3072;3072
2026-06-08T08:41:57.0000000Z;33.14;33.225;3072;3072
2026-06-08T08:42:01.0000000Z;33.15;33.225;3072;3072
2026-06-08T08:42:05.0000000Z;33.15;33.23;3072;3072
2026-06-08T08:42:06.0000000Z;33.16;33.23;3072;3072
2026-06-08T08:42:10.0000000Z;33.16;33.225;3072;3072
2026-06-08T08:42:21.0000000Z;33.14;33.23;3072;3072
2026-06-08T08:42:30.0000000Z;33.15;33.23;3072;3072
2026-06-08T08:42:37.0000000Z;33.16;33.23;3072;3072
2026-06-08T08:42:42.0000000Z;33.17;33.23;3072;3072
2026-06-08T08:42:56.0000000Z;33.14;33.23;3072;3072
2026-06-08T08:43:05.0000000Z;33.14;33.225;3072;3072
2026-06-08T08:43:10.0000000Z;33.14;33.225;3072;3072
2026-06-08T08:43:12.0000000Z;33.14;33.23;3072;3072
2026-06-08T08:43:32.0000000Z;33.15;33.23;3072;3072
2026-06-08T08:43:39.0000000Z;33.15;33.23;3072;3072
2026-06-08T08:43:43.0000000Z;33.15;33.225;3072;3072
2026-06-08T08:43:44.0000000Z;33.15;33.23;3072;3072
2026-06-08T08:43:45.0000000Z;33.15;33.225;3072;3072
2026-06-08T08:43:49.0000000Z;33.14;33.225;3072;3072
2026-06-08T08:43:57.0000000Z;33.14;33.235;3072;3072
2026-06-08T08:44:02.0000000Z;33.14;33.225;3072;3072
2026-06-08T08:44:17.0000000Z;33.15;33.225;3072;3072
2026-06-08T08:44:19.0000000Z;33.15;33.235;3072;3072
2026-06-08T08:44:25.0000000Z;33.15;33.225;3072;3072
2026-06-08T08:44:30.0000000Z;33.15;33.23;3072;3072
2026-06-08T08:44:31.0000000Z;33.14;33.225;3072;3072
2026-06-08T08:44:33.0000000Z;33.14;33.23;3072;3072
2026-06-08T08:45:04.0000000Z;33.14;33.23;3072;3072
2026-06-08T08:45:35.0000000Z;33.14;33.23;3072;3072
2026-06-08T08:45:50.0000000Z;33.15;33.23;3072;3072
2026-06-08T08:45:55.0000000Z;33.15;33.215;3072;3072
2026-06-08T08:46:01.0000000Z;33.125;33.215;3072;3072
2026-06-08T08:46:07.0000000Z;33.135;33.215;3072;3072
2026-06-08T08:46:13.0000000Z;33.145;33.215;3072;3072
2026-06-08T08:46:20.0000000Z;33.155;33.215;3072;3072
2026-06-08T08:46:31.0000000Z;33.12;33.215;3072;3072
2026-06-08T08:46:54.0000000Z;33.13;33.215;3072;3072
2026-06-08T08:46:55.0000000Z;33.13;33.21;3072;3072
2026-06-08T08:47:03.0000000Z;33.13;33.215;3072;3072
2026-06-08T08:47:13.0000000Z;33.12;33.21;3072;3072
2026-06-08T08:47:14.0000000Z;33.12;33.215;3072;3072
2026-06-08T08:47:18.0000000Z;33.12;33.21;3072;3072
2026-06-08T08:47:19.0000000Z;33.12;33.215;3072;3072
2026-06-08T08:47:24.0000000Z;33.12;33.21;3072;3072
2026-06-08T08:47:32.0000000Z;33.12;33.215;3072;3072
2026-06-08T08:47:37.0000000Z;33.13;33.215;3072;3072
2026-06-08T08:47:48.0000000Z;33.12;33.215;3072;3072
2026-06-08T08:48:18.0000000Z;33.12;33.215;3072;3072
2026-06-08T08:48:49.0000000Z;33.12;33.215;3072;3072
2026-06-08T08:48:50.0000000Z;33.13;33.215;3072;3072
2026-06-08T08:49:01.0000000Z;33.12;33.215;3072;3072
2026-06-08T08:49:13.0000000Z;33.13;33.215;3072;3072
2026-06-08T08:49:19.0000000Z;33.14;33.215;3072;3072
2026-06-08T08:49:33.0000000Z;33.115;33.215;3072;3072
2026-06-08T08:49:49.0000000Z;33.13;33.215;3072;3072
2026-06-08T08:50:06.0000000Z;33.115;33.215;3072;3072
2026-06-08T08:50:37.0000000Z;33.115;33.215;3072;3072
2026-06-08T08:50:59.0000000Z;33.115;33.21;3072;3072
2026-06-08T08:51:07.0000000Z;33.115;33.215;3072;3072
2026-06-08T08:51:22.0000000Z;33.115;33.2;3072;3072
2026-06-08T08:51:53.0000000Z;33.115;33.2;3072;3072
2026-06-08T08:52:24.0000000Z;33.115;33.2;3072;3072
2026-06-08T08:52:31.0000000Z;33.13;33.2;3072;3072
2026-06-08T08:52:38.0000000Z;33.14;33.2;3072;3072
2026-06-08T08:52:52.0000000Z;33.1;33.2;3072;3072
2026-06-08T08:52:53.0000000Z;33.115;33.2;3072;3072
2026-06-08T08:53:07.0000000Z;33.1;33.2;3072;3072
2026-06-08T08:53:10.0000000Z;33.115;33.2;3072;3072
2026-06-08T08:53:17.0000000Z;33.115;33.215;3072;3072
2026-06-08T08:53:47.0000000Z;33.115;33.215;3072;3072
2026-06-08T08:54:10.0000000Z;33.13;33.215;3072;3072
2026-06-08T08:54:24.0000000Z;33.115;33.215;3072;3072
2026-06-08T08:54:29.0000000Z;33.13;33.215;3072;3072
2026-06-08T08:54:40.0000000Z;33.115;33.215;3072;3072
2026-06-08T08:54:51.0000000Z;33.13;33.215;3072;3072
2026-06-08T08:55:07.0000000Z;33.115;33.215;3072;3072
2026-06-08T08:55:37.0000000Z;33.115;33.215;3072;3072
2026-06-08T08:55:52.0000000Z;33.115;33.21;3072;3072
2026-06-08T08:56:22.0000000Z;33.115;33.21;3072;3072
2026-06-08T08:56:40.0000000Z;33.115;33.215;3072;3072
2026-06-08T08:56:42.0000000Z;33.115;33.21;3072;3072
2026-06-08T08:56:45.0000000Z;33.115;33.215;3072;3072
2026-06-08T08:56:46.0000000Z;33.115;33.21;3072;3072
2026-06-08T08:56:50.0000000Z;33.115;33.215;3072;3072
2026-06-08T08:56:51.0000000Z;33.115;33.21;3072;3072
2026-06-08T08:56:56.0000000Z;33.115;33.215;3072;3072
2026-06-08T08:57:00.0000000Z;33.115;33.21;3072;3072
2026-06-08T08:57:01.0000000Z;33.115;33.215;3072;3072
2026-06-08T08:57:10.0000000Z;33.115;33.21;3072;3072
2026-06-08T08:57:12.0000000Z;33.115;33.21;3072;3072
2026-06-08T08:57:14.0000000Z;33.115;33.215;3072;3072
2026-06-08T08:57:15.0000000Z;33.13;33.215;3072;3072
2026-06-08T08:57:32.0000000Z;33.115;33.215;3072;3072
2026-06-08T08:58:03.0000000Z;33.115;33.215;3072;3072
2026-06-08T08:58:33.0000000Z;33.115;33.215;3072;3072
2026-06-08T08:59:04.0000000Z;33.115;33.215;3072;3072
2026-06-08T08:59:27.0000000Z;33.125;33.215;3072;3072
2026-06-08T08:59:29.0000000Z;33.115;33.215;3072;3072
2026-06-08T08:59:55.0000000Z;33.115;33.215;3072;3072
2026-06-08T09:00:25.0000000Z;33.115;33.215;3072;3072
2026-06-08T09:00:39.0000000Z;33.13;33.215;3072;3072
2026-06-08T09:00:52.0000000Z;33.12;33.215;3072;3072
2026-06-08T09:01:22.0000000Z;33.12;33.215;3072;3072
2026-06-08T09:01:37.0000000Z;33.13;33.215;3072;3072
2026-06-08T09:01:49.0000000Z;33.115;33.215;3072;3072
2026-06-08T09:02:20.0000000Z;33.115;33.215;3072;3072
2026-06-08T09:02:46.0000000Z;33.13;33.215;3072;3072
2026-06-08T09:03:00.0000000Z;33.12;33.215;3072;3072
2026-06-08T09:03:11.0000000Z;33.13;33.215;3072;3072
2026-06-08T09:03:27.0000000Z;33.135;33.215;3072;3072
2026-06-08T09:03:29.0000000Z;33.135;33.23;3072;3072
2026-06-08T09:03:44.0000000Z;33.135;33.225;3072;3072
2026-06-08T09:03:53.0000000Z;33.135;33.23;3072;3072
2026-06-08T09:03:58.0000000Z;33.135;33.225;3072;3072
2026-06-08T09:04:00.0000000Z;33.135;33.23;3072;3072
2026-06-08T09:04:29.0000000Z;33.135;33.23;3072;3072
2026-06-08T09:04:42.0000000Z;33.135;33.225;3072;3072
2026-06-08T09:05:12.0000000Z;33.135;33.225;3072;3072
2026-06-08T09:05:15.0000000Z;33.145;33.225;3072;3072
2026-06-08T09:05:33.0000000Z;33.135;33.23;3072;3072
2026-06-08T09:05:37.0000000Z;33.135;33.225;3072;3072
2026-06-08T09:06:07.0000000Z;33.135;33.225;3072;3072
2026-06-08T09:06:19.0000000Z;33.135;33.23;3072;3072
2026-06-08T09:06:24.0000000Z;33.135;33.225;3072;3072
2026-06-08T09:06:27.0000000Z;33.135;33.23;3072;3072
2026-06-08T09:06:28.0000000Z;33.135;33.225;3072;3072
2026-06-08T09:06:38.0000000Z;33.135;33.215;3072;3072
2026-06-08T09:06:42.0000000Z;33.12;33.215;3072;3072
2026-06-08T09:07:12.0000000Z;33.12;33.215;3072;3072
2026-06-08T09:07:41.0000000Z;33.13;33.215;3072;3072
2026-06-08T09:07:52.0000000Z;33.115;33.215;3072;3072
2026-06-08T09:08:00.0000000Z;33.13;33.215;3072;3072
2026-06-08T09:08:13.0000000Z;33.115;33.215;3072;3072
2026-06-08T09:08:25.0000000Z;33.125;33.215;3072;3072
2026-06-08T09:08:55.0000000Z;33.125;33.215;3072;3072
2026-06-08T09:09:00.0000000Z;33.125;33.21;3072;3072
2026-06-08T09:09:03.0000000Z;33.125;33.215;3072;3072
2026-06-08T09:09:32.0000000Z;33.125;33.215;3072;3072
2026-06-08T09:10:02.0000000Z;33.125;33.215;3072;3072
2026-06-08T09:10:31.0000000Z;33.14;33.215;3072;3072
2026-06-08T09:10:37.0000000Z;33.15;33.215;3072;3072
2026-06-08T09:10:47.0000000Z;33.15;33.215;3072;3072
2026-06-08T09:10:53.0000000Z;33.12;33.215;3072;3072
2026-06-08T09:11:23.0000000Z;33.12;33.215;3072;3072
2026-06-08T09:11:54.0000000Z;33.12;33.215;3072;3072
2026-06-08T09:12:13.0000000Z;33.135;33.215;3072;3072
2026-06-08T09:12:14.0000000Z;33.135;33.225;3072;3072
2026-06-08T09:12:45.0000000Z;33.135;33.225;3072;3072
2026-06-08T09:12:52.0000000Z;33.145;33.225;3072;3072
2026-06-08T09:13:05.0000000Z;33.135;33.225;3072;3072
2026-06-08T09:13:13.0000000Z;33.145;33.225;3072;3072
2026-06-08T09:13:27.0000000Z;33.135;33.225;3072;3072
2026-06-08T09:13:33.0000000Z;33.145;33.225;3072;3072
2026-06-08T09:13:45.0000000Z;33.135;33.225;3072;3072
2026-06-08T09:13:51.0000000Z;33.135;33.23;3072;3072
2026-06-08T09:14:02.0000000Z;33.135;33.225;3072;3072
2026-06-08T09:14:03.0000000Z;33.135;33.23;3072;3072
2026-06-08T09:14:05.0000000Z;33.135;33.225;3072;3072
2026-06-08T09:14:11.0000000Z;33.145;33.225;3072;3072
2026-06-08T09:14:28.0000000Z;33.135;33.23;3072;3072
2026-06-08T09:14:29.0000000Z;33.135;33.23;3072;3072
2026-06-08T09:14:58.0000000Z;33.135;33.23;3072;3072
2026-06-08T09:14:59.0000000Z;33.145;33.23;3072;3072
2026-06-08T09:15:00.0000000Z;33.145;33.225;3072;3072
2026-06-08T09:15:10.0000000Z;33.135;33.23;3072;3072
2026-06-08T09:15:11.0000000Z;33.15;33.23;3072;3072
2026-06-08T09:15:12.0000000Z;33.15;33.24;3072;3072
2026-06-08T09:15:20.0000000Z;33.16;33.24;3072;3072
2026-06-08T09:15:31.0000000Z;33.15;33.24;3072;3072
2026-06-08T09:16:01.0000000Z;33.15;33.24;3072;3072
2026-06-08T09:16:32.0000000Z;33.15;33.24;3072;3072
2026-06-08T09:16:38.0000000Z;33.16;33.24;3072;3072
2026-06-08T09:16:48.0000000Z;33.15;33.24;3072;3072
2026-06-08T09:16:59.0000000Z;33.16;33.24;3072;3072
2026-06-08T09:17:10.0000000Z;33.15;33.24;3072;3072
2026-06-08T09:17:32.0000000Z;33.16;33.24;3072;3072
2026-06-08T09:17:34.0000000Z;33.17;33.24;3072;3072
2026-06-08T09:17:42.0000000Z;33.18;33.24;3072;3072
2026-06-08T09:17:43.0000000Z;33.175;33.24;3072;3072
2026-06-08T09:17:47.0000000Z;33.175;33.255;3072;3072
2026-06-08T09:17:53.0000000Z;33.17;33.255;3072;3072
2026-06-08T09:17:59.0000000Z;33.17;33.25;3072;3072
2026-06-08T09:18:00.0000000Z;33.17;33.255;3072;3072
2026-06-08T09:18:23.0000000Z;33.175;33.255;3072;3072
2026-06-08T09:18:35.0000000Z;33.175;33.25;3072;3072
2026-06-08T09:18:36.0000000Z;33.17;33.25;3072;3072
2026-06-08T09:18:50.0000000Z;33.17;33.255;3072;3072
2026-06-08T09:19:21.0000000Z;33.17;33.255;3072;3072
2026-06-08T09:19:28.0000000Z;33.18;33.255;3072;3072
2026-06-08T09:19:29.0000000Z;33.175;33.255;3072;3072
2026-06-08T09:19:40.0000000Z;33.17;33.255;3072;3072
2026-06-08T09:20:01.0000000Z;33.18;33.255;3072;3072
2026-06-08T09:20:02.0000000Z;33.175;33.255;3072;3072
2026-06-08T09:20:03.0000000Z;33.18;33.255;3072;3072
2026-06-08T09:20:07.0000000Z;33.175;33.255;3072;3072
2026-06-08T09:20:11.0000000Z;33.185;33.255;3072;3072
2026-06-08T09:20:19.0000000Z;33.195;33.255;3072;3072
2026-06-08T09:20:31.0000000Z;33.17;33.255;3072;3072
2026-06-08T09:20:44.0000000Z;33.18;33.255;3072;3072
2026-06-08T09:20:45.0000000Z;33.18;33.26;3072;3072
2026-06-08T09:20:47.0000000Z;33.18;33.26;3072;3072
2026-06-08T09:20:49.0000000Z;33.175;33.26;3072;3072
2026-06-08T09:20:52.0000000Z;33.18;33.26;3072;3072
2026-06-08T09:20:55.0000000Z;33.18;33.28;3072;3072
2026-06-08T09:20:56.0000000Z;33.185;33.27;3072;3072
2026-06-08T09:21:08.0000000Z;33.18;33.27;3072;3072
2026-06-08T09:21:38.0000000Z;33.18;33.27;3072;3072
2026-06-08T09:22:09.0000000Z;33.18;33.27;3072;3072
2026-06-08T09:22:12.0000000Z;33.18;33.275;3072;3072
2026-06-08T09:22:42.0000000Z;33.18;33.275;3072;3072
2026-06-08T09:22:49.0000000Z;33.18;33.28;3072;3072
2026-06-08T09:22:50.0000000Z;33.18;33.27;3072;3072
2026-06-08T09:23:10.0000000Z;33.19;33.27;3072;3072
2026-06-08T09:23:36.0000000Z;33.18;33.27;3072;3072
2026-06-08T09:24:06.0000000Z;33.18;33.27;3072;3072
2026-06-08T09:24:19.0000000Z;33.185;33.27;3072;3072
2026-06-08T09:24:50.0000000Z;33.185;33.27;3072;3072
2026-06-08T09:25:20.0000000Z;33.185;33.27;3072;3072
2026-06-08T09:25:51.0000000Z;33.185;33.27;3072;3072
2026-06-08T09:26:21.0000000Z;33.185;33.27;3072;3072
2026-06-08T09:26:52.0000000Z;33.185;33.27;3072;3072
2026-06-08T09:27:22.0000000Z;33.185;33.27;3072;3072
2026-06-08T09:27:53.0000000Z;33.185;33.27;3072;3072
2026-06-08T09:28:24.0000000Z;33.185;33.27;3072;3072
2026-06-08T09:28:26.0000000Z;33.19;33.27;3072;3072
2026-06-08T09:28:38.0000000Z;33.185;33.27;3072;3072
2026-06-08T09:29:09.0000000Z;33.185;33.27;3072;3072
2026-06-08T09:29:12.0000000Z;33.185;33.275;3072;3072
2026-06-08T09:29:13.0000000Z;33.185;33.27;3072;3072
2026-06-08T09:29:15.0000000Z;33.185;33.275;3072;3072
2026-06-08T09:29:45.0000000Z;33.185;33.275;3072;3072
2026-06-08T09:29:49.0000000Z;33.185;33.27;3072;3072
2026-06-08T09:29:53.0000000Z;33.185;33.275;3072;3072
2026-06-08T09:29:54.0000000Z;33.185;33.27;3072;3072
2026-06-08T09:29:55.0000000Z;33.185;33.275;3072;3072
2026-06-08T09:29:56.0000000Z;33.185;33.27;3072;3072
2026-06-08T09:30:04.0000000Z;33.19;33.275;3072;3072
2026-06-08T09:30:05.0000000Z;33.19;33.27;3072;3072
2026-06-08T09:30:16.0000000Z;33.185;33.27;3072;3072
2026-06-08T09:30:46.0000000Z;33.185;33.27;3072;3072
2026-06-08T09:31:17.0000000Z;33.185;33.27;3072;3072
2026-06-08T09:31:47.0000000Z;33.185;33.27;3072;3072
2026-06-08T09:31:49.0000000Z;33.18;33.27;3072;3072
2026-06-08T09:31:51.0000000Z;33.18;33.275;3072;3072
2026-06-08T09:31:52.0000000Z;33.185;33.275;3072;3072
2026-06-08T09:32:23.0000000Z;33.185;33.275;3072;3072
2026-06-08T09:32:25.0000000Z;33.185;33.27;3072;3072
2026-06-08T09:32:56.0000000Z;33.185;33.27;3072;3072
2026-06-08T09:33:05.0000000Z;33.185;33.275;3072;3072
2026-06-08T09:33:35.0000000Z;33.185;33.275;3072;3072
2026-06-08T09:33:46.0000000Z;33.19;33.275;3072;3072
2026-06-08T09:33:53.0000000Z;33.2;33.275;3072;3072
2026-06-08T09:33:54.0000000Z;33.2;33.27;3072;3072
2026-06-08T09:34:08.0000000Z;33.185;33.27;3072;3072
2026-06-08T09:34:39.0000000Z;33.185;33.27;3072;3072
2026-06-08T09:35:09.0000000Z;33.185;33.27;3072;3072
2026-06-08T09:35:40.0000000Z;33.185;33.27;3072;3072
2026-06-08T09:35:56.0000000Z;33.185;33.255;3072;3072
2026-06-08T09:36:00.0000000Z;33.17;33.255;3072;3072
2026-06-08T09:36:01.0000000Z;33.175;33.255;3072;3072
2026-06-08T09:36:02.0000000Z;33.18;33.255;3072;3072
2026-06-08T09:36:04.0000000Z;33.18;33.26;3072;3072
2026-06-08T09:36:09.0000000Z;33.19;33.26;3072;3072
2026-06-08T09:36:10.0000000Z;33.19;33.26;3072;3072
2026-06-08T09:36:14.0000000Z;33.185;33.26;3072;3072
2026-06-08T09:36:20.0000000Z;33.165;33.26;3072;3072
2026-06-08T09:36:36.0000000Z;33.18;33.26;3072;3072
2026-06-08T09:36:47.0000000Z;33.175;33.405;3072;3072
2026-06-08T09:36:53.0000000Z;33.08;33.405;3072;3072
2026-06-08T09:36:54.0000000Z;33.195;33.3;3072;3072
2026-06-08T09:37:01.0000000Z;33.2;33.295;3072;3072
2026-06-08T09:37:02.0000000Z;33.205;33.29;3072;3072
2026-06-08T09:37:21.0000000Z;33.115;33.405;3072;3072
2026-06-08T09:37:22.0000000Z;33.13;33.39;3072;3072
2026-06-08T09:37:35.0000000Z;33.14;33.38;3072;3072
2026-06-08T09:37:39.0000000Z;33.26;33.38;3072;3072
2026-06-08T09:37:46.0000000Z;33.26;33.37;3072;3072
2026-06-08T09:37:54.0000000Z;33.26;33.36;3072;3072
2026-06-08T09:38:16.0000000Z;33.26;33.35;3072;3072
2026-06-08T09:38:47.0000000Z;33.26;33.35;3072;3072
2026-06-08T09:39:06.0000000Z;33.26;33.345;3072;3072
2026-06-08T09:39:07.0000000Z;33.26;33.34;3072;3072
2026-06-08T09:39:14.0000000Z;33.26;33.33;3072;3072
2026-06-08T09:39:18.0000000Z;33.26;33.32;3072;3072
2026-06-08T09:39:34.0000000Z;33.26;33.405;3072;3072
2026-06-08T09:40:04.0000000Z;33.26;33.405;3072;3072
2026-06-08T09:40:05.0000000Z;33.26;33.39;3072;3072
2026-06-08T09:40:14.0000000Z;33.14;33.39;3072;3072
2026-06-08T09:40:16.0000000Z;33.14;33.38;3072;3072
2026-06-08T09:40:20.0000000Z;33.12;33.38;3072;3072
2026-06-08T09:40:26.0000000Z;33.13;33.37;3072;3072
2026-06-08T09:40:38.0000000Z;33.135;33.36;3072;3072
2026-06-08T09:40:39.0000000Z;33.14;33.36;3072;3072
2026-06-08T09:40:48.0000000Z;33.14;33.35;3072;3072
2026-06-08T09:40:51.0000000Z;33.125;33.35;3072;3072
2026-06-08T09:40:57.0000000Z;33.125;33.34;3072;3072
2026-06-08T09:41:01.0000000Z;33.12;33.34;3072;3072
2026-06-08T09:41:12.0000000Z;33.135;33.33;3072;3072
2026-06-08T09:41:25.0000000Z;33.145;33.32;3072;3072
2026-06-08T09:41:38.0000000Z;33.12;33.4;3072;3072
2026-06-08T09:41:39.0000000Z;33.13;33.4;3072;3072
2026-06-08T09:41:54.0000000Z;33.12;33.4;3072;3072
2026-06-08T09:42:24.0000000Z;33.12;33.4;3072;3072
2026-06-08T09:42:46.0000000Z;33.13;33.39;3072;3072
2026-06-08T09:43:16.0000000Z;33.13;33.39;3072;3072
2026-06-08T09:43:47.0000000Z;33.13;33.39;3072;3072
2026-06-08T09:43:55.0000000Z;33.13;33.38;3072;3072
2026-06-08T09:44:03.0000000Z;33.15;33.3;3072;3072
2026-06-08T09:44:34.0000000Z;33.15;33.3;3072;3072
2026-06-08T09:45:04.0000000Z;33.15;33.3;3072;3072
2026-06-08T09:45:29.0000000Z;33.15;33.29;3072;3072
2026-06-08T09:45:35.0000000Z;33.15;33.295;3072;3072
2026-06-08T09:45:42.0000000Z;33.16;33.295;3072;3072
2026-06-08T09:45:43.0000000Z;33.16;33.3;3072;3072
2026-06-08T09:46:02.0000000Z;33.17;33.3;3072;3072
2026-06-08T09:46:03.0000000Z;33.17;33.305;3072;3072
2026-06-08T09:46:13.0000000Z;33.18;33.305;3072;3072
2026-06-08T09:46:23.0000000Z;33.18;33.295;3072;3072
2026-06-08T09:46:24.0000000Z;33.16;33.295;3072;3072
2026-06-08T09:46:30.0000000Z;33.17;33.295;3072;3072
2026-06-08T09:46:41.0000000Z;33.18;33.295;3072;3072
2026-06-08T09:46:42.0000000Z;33.18;33.3;3072;3072
2026-06-08T09:46:52.0000000Z;33.16;33.3;3072;3072
2026-06-08T09:47:00.0000000Z;33.17;33.3;3072;3072
2026-06-08T09:47:31.0000000Z;33.17;33.3;3072;3072
2026-06-08T09:48:01.0000000Z;33.17;33.3;3072;3072
2026-06-08T09:48:32.0000000Z;33.17;33.3;3072;3072
2026-06-08T09:48:35.0000000Z;33.18;33.3;3072;3072
2026-06-08T09:48:46.0000000Z;33.17;33.3;3072;3072
2026-06-08T09:48:53.0000000Z;33.18;33.3;3072;3072
2026-06-08T09:48:54.0000000Z;33.18;33.305;3072;3072
2026-06-08T09:48:58.0000000Z;33.19;33.295;3072;3072
2026-06-08T09:49:18.0000000Z;33.17;33.305;3072;3072
2026-06-08T09:49:26.0000000Z;33.18;33.295;3072;3072
2026-06-08T09:49:51.0000000Z;33.175;33.295;3072;3072
2026-06-08T09:50:01.0000000Z;33.17;33.295;3072;3072
2026-06-08T09:50:06.0000000Z;33.18;33.285;3072;3072
2026-06-08T09:50:17.0000000Z;33.17;33.285;3072;3072
2026-06-08T09:50:32.0000000Z;33.17;33.3;3072;3072
2026-06-08T09:51:03.0000000Z;33.17;33.3;3072;3072
2026-06-08T09:51:33.0000000Z;33.17;33.3;3072;3072
2026-06-08T09:52:04.0000000Z;33.17;33.3;3072;3072
2026-06-08T09:52:34.0000000Z;33.17;33.3;3072;3072
2026-06-08T09:53:05.0000000Z;33.17;33.3;3072;3072
2026-06-08T09:53:36.0000000Z;33.17;33.3;3072;3072
2026-06-08T09:53:37.0000000Z;33.18;33.3;3072;3072
2026-06-08T09:53:48.0000000Z;33.18;33.295;3072;3072
2026-06-08T09:53:53.0000000Z;33.165;33.295;3072;3072
2026-06-08T09:53:58.0000000Z;33.175;33.295;3072;3072
2026-06-08T09:53:59.0000000Z;33.175;33.3;3072;3072
2026-06-08T09:54:30.0000000Z;33.175;33.3;3072;3072
2026-06-08T09:55:00.0000000Z;33.175;33.3;3072;3072
2026-06-08T09:55:31.0000000Z;33.175;33.3;3072;3072
2026-06-08T09:56:01.0000000Z;33.175;33.3;3072;3072
2026-06-08T09:56:32.0000000Z;33.175;33.3;3072;3072
2026-06-08T09:57:02.0000000Z;33.175;33.3;3072;3072
2026-06-08T09:57:33.0000000Z;33.175;33.3;3072;3072
2026-06-08T09:58:04.0000000Z;33.175;33.3;3072;3072
2026-06-08T09:58:12.0000000Z;33.185;33.3;3072;3072
2026-06-08T09:58:17.0000000Z;33.19;33.29;3072;3072
2026-06-08T09:58:22.0000000Z;33.19;33.285;3072;3072
2026-06-08T09:58:37.0000000Z;33.165;33.285;3072;3072
2026-06-08T09:59:08.0000000Z;33.165;33.285;3072;3072
2026-06-08T09:59:19.0000000Z;33.18;33.285;3072;3072
2026-06-08T09:59:32.0000000Z;33.17;33.285;3072;3072
2026-06-08T09:59:48.0000000Z;33.18;33.285;3072;3072
2026-06-08T10:00:00.0000000Z;33.17;33.285;3072;3072
2026-06-08T10:00:06.0000000Z;33.18;33.285;3072;3072
2026-06-08T10:00:22.0000000Z;33.17;33.285;3072;3072
2026-06-08T10:00:29.0000000Z;33.18;33.285;3072;3072
2026-06-08T10:00:43.0000000Z;33.17;33.285;3072;3072
2026-06-08T10:00:56.0000000Z;33.18;33.285;3072;3072
2026-06-08T10:01:09.0000000Z;33.17;33.285;3072;3072
2026-06-08T10:01:22.0000000Z;33.18;33.285;3072;3072
2026-06-08T10:01:37.0000000Z;33.17;33.285;3072;3072
2026-06-08T10:01:51.0000000Z;33.17;33.28;3072;3072
2026-06-08T10:01:58.0000000Z;33.17;33.285;3072;3072
2026-06-08T10:02:09.0000000Z;33.17;33.29;3072;3072
2026-06-08T10:02:12.0000000Z;33.16;33.29;3072;3072
2026-06-08T10:02:13.0000000Z;33.165;33.29;3072;3072
2026-06-08T10:02:31.0000000Z;33.165;33.28;3072;3072
2026-06-08T10:03:00.0000000Z;33.18;33.28;3072;3072
2026-06-08T10:03:13.0000000Z;33.17;33.28;3072;3072
2026-06-08T10:03:41.0000000Z;33.18;33.28;3072;3072
2026-06-08T10:03:43.0000000Z;33.18;33.285;3072;3072
2026-06-08T10:03:56.0000000Z;33.18;33.28;3072;3072
2026-06-08T10:03:57.0000000Z;33.17;33.28;3072;3072
2026-06-08T10:04:18.0000000Z;33.175;33.28;3072;3072
2026-06-08T10:04:24.0000000Z;33.185;33.28;3072;3072
2026-06-08T10:04:33.0000000Z;33.195;33.28;3072;3072
2026-06-08T10:04:34.0000000Z;33.195;33.285;3072;3072
2026-06-08T10:04:38.0000000Z;33.195;33.28;3072;3072
2026-06-08T10:04:39.0000000Z;33.195;33.285;3072;3072
2026-06-08T10:04:40.0000000Z;33.195;33.29;3072;3072
2026-06-08T10:04:44.0000000Z;33.17;33.29;3072;3072
2026-06-08T10:04:49.0000000Z;33.17;33.28;3072;3072
2026-06-08T10:05:00.0000000Z;33.185;33.285;3072;3072
2026-06-08T10:05:09.0000000Z;33.19;33.285;3072;3072
2026-06-08T10:05:23.0000000Z;33.17;33.29;3072;3072
2026-06-08T10:05:31.0000000Z;33.18;33.285;3072;3072
2026-06-08T10:05:43.0000000Z;33.175;33.285;3072;3072
2026-06-08T10:05:55.0000000Z;33.17;33.285;3072;3072
2026-06-08T10:05:57.0000000Z;33.18;33.285;3072;3072
2026-06-08T10:06:01.0000000Z;33.18;33.28;3072;3072
2026-06-08T10:06:03.0000000Z;33.185;33.285;3072;3072
2026-06-08T10:06:18.0000000Z;33.17;33.29;3072;3072
2026-06-08T10:06:29.0000000Z;33.17;33.275;3072;3072
2026-06-08T10:06:34.0000000Z;33.185;33.275;3072;3072
2026-06-08T10:06:36.0000000Z;33.185;33.285;3072;3072
2026-06-08T10:06:40.0000000Z;33.19;33.285;3072;3072
2026-06-08T10:06:54.0000000Z;33.17;33.285;3072;3072
2026-06-08T10:06:57.0000000Z;33.17;33.28;3072;3072
2026-06-08T10:07:11.0000000Z;33.17;33.29;3072;3072
2026-06-08T10:07:40.0000000Z;33.17;33.275;3072;3072
2026-06-08T10:07:59.0000000Z;33.185;33.275;3072;3072
2026-06-08T10:08:01.0000000Z;33.185;33.285;3072;3072
2026-06-08T10:08:09.0000000Z;33.185;33.29;3072;3072
2026-06-08T10:08:15.0000000Z;33.17;33.29;3072;3072
2026-06-08T10:08:32.0000000Z;33.18;33.285;3072;3072
2026-06-08T10:08:45.0000000Z;33.17;33.285;3072;3072
2026-06-08T10:08:49.0000000Z;33.18;33.285;3072;3072
2026-06-08T10:08:53.0000000Z;33.18;33.28;3072;3072
2026-06-08T10:09:12.0000000Z;33.17;33.285;3072;3072
2026-06-08T10:09:36.0000000Z;33.17;33.28;3072;3072
2026-06-08T10:09:54.0000000Z;33.17;33.275;3072;3072
2026-06-08T10:10:04.0000000Z;33.17;33.28;3072;3072
2026-06-08T10:10:35.0000000Z;33.17;33.28;3072;3072
2026-06-08T10:11:05.0000000Z;33.17;33.28;3072;3072
2026-06-08T10:11:36.0000000Z;33.17;33.28;3072;3072
2026-06-08T10:12:06.0000000Z;33.17;33.28;3072;3072
2026-06-08T10:12:37.0000000Z;33.17;33.28;3072;3072
2026-06-08T10:13:07.0000000Z;33.17;33.28;3072;3072
2026-06-08T10:13:35.0000000Z;33.17;33.275;3072;3072
2026-06-08T10:13:42.0000000Z;33.18;33.275;3072;3072
2026-06-08T10:13:44.0000000Z;33.18;33.28;3072;3072
2026-06-08T10:13:56.0000000Z;33.17;33.28;3072;3072
2026-06-08T10:14:27.0000000Z;33.17;33.28;3072;3072
2026-06-08T10:14:57.0000000Z;33.17;33.28;3072;3072
2026-06-08T10:15:28.0000000Z;33.17;33.28;3072;3072
2026-06-08T10:15:59.0000000Z;33.17;33.28;3072;3072
2026-06-08T10:16:29.0000000Z;33.17;33.28;3072;3072
2026-06-08T10:17:00.0000000Z;33.17;33.28;3072;3072
2026-06-08T10:17:30.0000000Z;33.17;33.28;3072;3072
2026-06-08T10:17:34.0000000Z;33.17;33.27;3072;3072
2026-06-08T10:17:36.0000000Z;33.16;33.27;3072;3072
2026-06-08T10:17:39.0000000Z;33.16;33.26;3072;3072
2026-06-08T10:17:49.0000000Z;33.17;33.26;3072;3072
2026-06-08T10:17:50.0000000Z;33.17;33.28;3072;3072
2026-06-08T10:18:02.0000000Z;33.155;33.28;3072;3072
2026-06-08T10:18:18.0000000Z;33.17;33.27;3072;3072
2026-06-08T10:18:29.0000000Z;33.17;33.265;3072;3072
2026-06-08T10:18:31.0000000Z;33.16;33.265;3072;3072
2026-06-08T10:18:44.0000000Z;33.17;33.265;3072;3072
2026-06-08T10:18:45.0000000Z;33.17;33.28;3072;3072
2026-06-08T10:18:55.0000000Z;33.16;33.28;3072;3072
2026-06-08T10:19:24.0000000Z;33.16;33.28;3072;3072
2026-06-08T10:19:55.0000000Z;33.16;33.28;3072;3072
2026-06-08T10:20:01.0000000Z;33.17;33.265;3072;3072
2026-06-08T10:20:11.0000000Z;33.17;33.255;3072;3072
2026-06-08T10:20:12.0000000Z;33.14;33.255;3072;3072
2026-06-08T10:20:42.0000000Z;33.14;33.255;3072;3072
2026-06-08T10:21:13.0000000Z;33.14;33.255;3072;3072
2026-06-08T10:21:35.0000000Z;33.15;33.255;3072;3072
2026-06-08T10:21:37.0000000Z;33.15;33.265;3072;3072
2026-06-08T10:21:45.0000000Z;33.15;33.255;3072;3072
2026-06-08T10:21:47.0000000Z;33.14;33.255;3072;3072
2026-06-08T10:22:18.0000000Z;33.14;33.255;3072;3072
2026-06-08T10:22:46.0000000Z;33.14;33.245;3072;3072
2026-06-08T10:22:47.0000000Z;33.135;33.245;3072;3072
2026-06-08T10:22:52.0000000Z;33.14;33.245;3072;3072
2026-06-08T10:22:58.0000000Z;33.15;33.245;3072;3072
2026-06-08T10:23:01.0000000Z;33.15;33.26;3072;3072
2026-06-08T10:23:13.0000000Z;33.135;33.265;3072;3072
2026-06-08T10:23:44.0000000Z;33.135;33.265;3072;3072
2026-06-08T10:23:56.0000000Z;33.135;33.255;3072;3072
2026-06-08T10:24:26.0000000Z;33.135;33.255;3072;3072
2026-06-08T10:24:57.0000000Z;33.135;33.255;3072;3072
2026-06-08T10:25:15.0000000Z;33.135;33.245;3072;3072
2026-06-08T10:25:25.0000000Z;33.135;33.26;3072;3072
2026-06-08T10:25:33.0000000Z;33.135;33.265;3072;3072
2026-06-08T10:25:42.0000000Z;33.15;33.255;3072;3072
2026-06-08T10:25:53.0000000Z;33.135;33.265;3072;3072
2026-06-08T10:26:24.0000000Z;33.135;33.265;3072;3072
2026-06-08T10:26:54.0000000Z;33.135;33.265;3072;3072
2026-06-08T10:27:25.0000000Z;33.135;33.265;3072;3072
2026-06-08T10:27:55.0000000Z;33.135;33.265;3072;3072
2026-06-08T10:28:26.0000000Z;33.135;33.265;3072;3072
2026-06-08T10:28:56.0000000Z;33.135;33.265;3072;3072
2026-06-08T10:29:27.0000000Z;33.135;33.265;3072;3072
2026-06-08T10:29:57.0000000Z;33.135;33.265;3072;3072
2026-06-08T10:30:28.0000000Z;33.135;33.265;3072;3072
2026-06-08T10:30:59.0000000Z;33.135;33.265;3072;3072
2026-06-08T10:31:29.0000000Z;33.135;33.265;3072;3072
2026-06-08T10:32:00.0000000Z;33.135;33.265;3072;3072
2026-06-08T10:32:30.0000000Z;33.135;33.265;3072;3072
2026-06-08T10:33:01.0000000Z;33.135;33.265;3072;3072
2026-06-08T10:33:31.0000000Z;33.135;33.265;3072;3072
2026-06-08T10:33:42.0000000Z;33.135;33.25;3072;3072
2026-06-08T10:33:48.0000000Z;33.135;33.27;3072;3072
2026-06-08T10:33:55.0000000Z;33.15;33.255;3072;3072
2026-06-08T10:33:58.0000000Z;33.15;33.26;3072;3072
2026-06-08T10:34:06.0000000Z;33.15;33.255;3072;3072
2026-06-08T10:34:08.0000000Z;33.14;33.255;3072;3072
2026-06-08T10:34:12.0000000Z;33.14;33.27;3072;3072
2026-06-08T10:34:23.0000000Z;33.17;33.27;3072;3072
2026-06-08T10:34:25.0000000Z;33.17;33.285;3072;3072
2026-06-08T10:34:31.0000000Z;33.17;33.29;3072;3072
2026-06-08T10:34:33.0000000Z;33.17;33.285;3072;3072
2026-06-08T10:34:35.0000000Z;33.16;33.285;3072;3072
2026-06-08T10:34:39.0000000Z;33.16;33.285;3072;3072
2026-06-08T10:34:46.0000000Z;33.17;33.285;3072;3072
2026-06-08T10:34:49.0000000Z;33.17;33.29;3072;3072
2026-06-08T10:34:52.0000000Z;33.18;33.29;3072;3072
2026-06-08T10:34:53.0000000Z;33.18;33.285;3072;3072
2026-06-08T10:34:57.0000000Z;33.19;33.29;3072;3072
2026-06-08T10:35:09.0000000Z;33.155;33.28;3072;3072
2026-06-08T10:35:40.0000000Z;33.155;33.28;3072;3072
2026-06-08T10:35:43.0000000Z;33.17;33.28;3072;3072
2026-06-08T10:35:53.0000000Z;33.18;33.28;3072;3072
2026-06-08T10:36:04.0000000Z;33.15;33.28;3072;3072
2026-06-08T10:36:13.0000000Z;33.165;33.27;3072;3072
2026-06-08T10:36:14.0000000Z;33.17;33.27;3072;3072
2026-06-08T10:36:24.0000000Z;33.16;33.28;3072;3072
2026-06-08T10:36:39.0000000Z;33.17;33.27;3072;3072
2026-06-08T10:36:42.0000000Z;33.17;33.29;3072;3072
2026-06-08T10:36:43.0000000Z;33.17;33.28;3072;3072
2026-06-08T10:36:44.0000000Z;33.18;33.29;3072;3072
2026-06-08T10:36:45.0000000Z;33.18;33.28;3072;3072
2026-06-08T10:36:53.0000000Z;33.19;33.28;3072;3072
2026-06-08T10:36:55.0000000Z;33.19;33.285;3072;3072
2026-06-08T10:37:07.0000000Z;33.16;33.285;3072;3072
2026-06-08T10:37:26.0000000Z;33.165;33.285;3072;3072
2026-06-08T10:37:27.0000000Z;33.17;33.285;3072;3072
2026-06-08T10:37:43.0000000Z;33.155;33.285;3072;3072
2026-06-08T10:38:11.0000000Z;33.155;33.285;3072;3072
2026-06-08T10:38:41.0000000Z;33.155;33.285;3072;3072
2026-06-08T10:38:42.0000000Z;33.155;33.28;3072;3072
2026-06-08T10:38:54.0000000Z;33.17;33.28;3072;3072
2026-06-08T10:38:56.0000000Z;33.17;33.285;3072;3072
2026-06-08T10:39:04.0000000Z;33.16;33.285;3072;3072
2026-06-08T10:39:35.0000000Z;33.16;33.285;3072;3072
2026-06-08T10:40:05.0000000Z;33.16;33.285;3072;3072
2026-06-08T10:40:36.0000000Z;33.16;33.285;3072;3072
2026-06-08T10:41:06.0000000Z;33.16;33.285;3072;3072
2026-06-08T10:41:37.0000000Z;33.16;33.285;3072;3072
2026-06-08T10:42:08.0000000Z;33.16;33.285;3072;3072
2026-06-08T10:42:17.0000000Z;33.16;33.28;3072;3072
2026-06-08T10:42:47.0000000Z;33.16;33.28;3072;3072
2026-06-08T10:43:09.0000000Z;33.17;33.28;3072;3072
2026-06-08T10:43:24.0000000Z;33.16;33.28;3072;3072
2026-06-08T10:43:50.0000000Z;33.16;33.28;3072;3072
2026-06-08T10:44:20.0000000Z;33.16;33.28;3072;3072
2026-06-08T10:44:51.0000000Z;33.16;33.28;3072;3072
2026-06-08T10:45:21.0000000Z;33.16;33.28;3072;3072
2026-06-08T10:45:52.0000000Z;33.16;33.28;3072;3072
2026-06-08T10:46:23.0000000Z;33.16;33.28;3072;3072
2026-06-08T10:46:53.0000000Z;33.16;33.28;3072;3072
2026-06-08T10:47:24.0000000Z;33.16;33.28;3072;3072
2026-06-08T10:47:54.0000000Z;33.16;33.28;3072;3072
2026-06-08T10:48:25.0000000Z;33.16;33.28;3072;3072
2026-06-08T10:48:55.0000000Z;33.16;33.28;3072;3072
2026-06-08T10:49:26.0000000Z;33.16;33.28;3072;3072
2026-06-08T10:49:56.0000000Z;33.16;33.28;3072;3072
2026-06-08T10:50:27.0000000Z;33.16;33.28;3072;3072
2026-06-08T10:50:58.0000000Z;33.16;33.28;3072;3072
2026-06-08T10:51:01.0000000Z;33.16;33.27;3072;3072
2026-06-08T10:51:07.0000000Z;33.135;33.27;3072;3072
2026-06-08T10:51:11.0000000Z;33.135;33.26;3072;3072
2026-06-08T10:51:12.0000000Z;33.135;33.265;3072;3072
2026-06-08T10:51:42.0000000Z;33.135;33.265;3072;3072
2026-06-08T10:52:12.0000000Z;33.15;33.265;3072;3072
2026-06-08T10:52:24.0000000Z;33.14;33.265;3072;3072
2026-06-08T10:52:55.0000000Z;33.14;33.255;3072;3072
2026-06-08T10:53:01.0000000Z;33.15;33.255;3072;3072
2026-06-08T10:53:03.0000000Z;33.15;33.255;3072;3072
2026-06-08T10:53:04.0000000Z;33.15;33.265;3072;3072
2026-06-08T10:53:06.0000000Z;33.16;33.265;3072;3072
2026-06-08T10:53:17.0000000Z;33.16;33.26;3072;3072
2026-06-08T10:53:18.0000000Z;33.16;33.265;3072;3072
2026-06-08T10:53:19.0000000Z;33.135;33.26;3072;3072
2026-06-08T10:53:20.0000000Z;33.16;33.26;3072;3072
2026-06-08T10:53:31.0000000Z;33.16;33.28;3072;3072
2026-06-08T10:53:59.0000000Z;33.16;33.28;3072;3072
2026-06-08T10:54:29.0000000Z;33.16;33.28;3072;3072
2026-06-08T10:55:00.0000000Z;33.16;33.28;3072;3072
2026-06-08T10:55:31.0000000Z;33.16;33.28;3072;3072
2026-06-08T10:56:01.0000000Z;33.16;33.28;3072;3072
2026-06-08T10:56:32.0000000Z;33.16;33.28;3072;3072
2026-06-08T10:57:02.0000000Z;33.16;33.28;3072;3072
2026-06-08T10:57:15.0000000Z;33.17;33.265;3072;3072
2026-06-08T10:57:26.0000000Z;33.17;33.25;3072;3072
2026-06-08T10:57:27.0000000Z;33.135;33.25;3072;3072
2026-06-08T10:57:43.0000000Z;33.135;33.26;3072;3072
2026-06-08T10:58:12.0000000Z;33.15;33.255;3072;3072
2026-06-08T10:58:18.0000000Z;33.15;33.26;3072;3072
2026-06-08T10:58:19.0000000Z;33.16;33.26;3072;3072
2026-06-08T10:58:27.0000000Z;33.17;33.26;3072;3072
2026-06-08T10:58:28.0000000Z;33.17;33.265;3072;3072
2026-06-08T10:58:40.0000000Z;33.135;33.265;3072;3072
2026-06-08T10:59:07.0000000Z;33.15;33.265;3072;3072
2026-06-08T10:59:11.0000000Z;33.14;33.265;3072;3072
2026-06-08T10:59:29.0000000Z;33.14;33.265;3072;3072
2026-06-08T11:00:00.0000000Z;33.14;33.265;3072;3072
2026-06-08T11:00:02.0000000Z;33.14;33.27;3072;3072
2026-06-08T11:00:10.0000000Z;33.14;33.26;3072;3072
2026-06-08T11:00:31.0000000Z;33.14;33.24;3072;3072
2026-06-08T11:00:32.0000000Z;33.115;33.24;3072;3072
2026-06-08T11:00:34.0000000Z;33.115;33.235;3072;3072
2026-06-08T11:01:04.0000000Z;33.115;33.235;3072;3072
2026-06-08T11:01:35.0000000Z;33.115;33.235;3072;3072
2026-06-08T11:02:05.0000000Z;33.115;33.235;3072;3072
2026-06-08T11:02:36.0000000Z;33.115;33.235;3072;3072
2026-06-08T11:03:07.0000000Z;33.115;33.235;3072;3072
2026-06-08T11:03:37.0000000Z;33.115;33.235;3072;3072
2026-06-08T11:04:00.0000000Z;33.125;33.235;3072;3072
2026-06-08T11:04:05.0000000Z;33.125;33.24;3072;3072
2026-06-08T11:04:15.0000000Z;33.11;33.24;3072;3072
2026-06-08T11:04:25.0000000Z;33.135;33.24;3072;3072
2026-06-08T11:04:30.0000000Z;33.145;33.24;3072;3072
2026-06-08T11:04:31.0000000Z;33.145;33.255;3072;3072
2026-06-08T11:04:41.0000000Z;33.135;33.255;3072;3072
2026-06-08T11:05:11.0000000Z;33.145;33.245;3072;3072
2026-06-08T11:05:20.0000000Z;33.15;33.245;3072;3072
2026-06-08T11:05:24.0000000Z;33.15;33.255;3072;3072
2026-06-08T11:05:34.0000000Z;33.135;33.255;3072;3072
2026-06-08T11:06:05.0000000Z;33.135;33.255;3072;3072
2026-06-08T11:06:36.0000000Z;33.135;33.255;3072;3072
2026-06-08T11:07:06.0000000Z;33.135;33.255;3072;3072
2026-06-08T11:07:37.0000000Z;33.135;33.255;3072;3072
2026-06-08T11:07:47.0000000Z;33.145;33.255;3072;3072
2026-06-08T11:07:59.0000000Z;33.135;33.255;3072;3072
2026-06-08T11:08:27.0000000Z;33.145;33.255;3072;3072
2026-06-08T11:08:39.0000000Z;33.135;33.255;3072;3072
2026-06-08T11:09:03.0000000Z;33.145;33.255;3072;3072
2026-06-08T11:09:04.0000000Z;33.145;33.26;3072;3072
2026-06-08T11:09:14.0000000Z;33.135;33.26;3072;3072
2026-06-08T11:09:21.0000000Z;33.145;33.26;3072;3072
2026-06-08T11:09:32.0000000Z;33.135;33.26;3072;3072
2026-06-08T11:09:59.0000000Z;33.145;33.26;3072;3072
2026-06-08T11:10:04.0000000Z;33.155;33.26;3072;3072
2026-06-08T11:10:17.0000000Z;33.135;33.26;3072;3072
2026-06-08T11:10:38.0000000Z;33.145;33.26;3072;3072
2026-06-08T11:10:49.0000000Z;33.125;33.265;3072;3072
2026-06-08T11:10:51.0000000Z;33.24;33.265;3072;3072
2026-06-08T11:10:58.0000000Z;33.255;33.265;3072;3072
2026-06-08T11:11:04.0000000Z;33.26;33.3;3072;3072
2026-06-08T11:11:10.0000000Z;33.26;33.295;3072;3072
2026-06-08T11:11:40.0000000Z;33.26;33.295;3072;3072
2026-06-08T11:11:50.0000000Z;33.275;33.295;3072;3072
2026-06-08T11:12:05.0000000Z;33.27;33.295;3072;3072
2026-06-08T11:12:13.0000000Z;33.275;33.295;3072;3072
2026-06-08T11:12:15.0000000Z;33.27;33.295;3072;3072
2026-06-08T11:12:46.0000000Z;33.27;33.295;3072;3072
2026-06-08T11:12:53.0000000Z;33.285;33.295;3072;3072
2026-06-08T11:13:14.0000000Z;33.165;33.295;3072;3072
2026-06-08T11:13:31.0000000Z;33.175;33.295;3072;3072
2026-06-08T11:13:47.0000000Z;33.185;33.29;3072;3072
2026-06-08T11:13:48.0000000Z;33.185;33.295;3072;3072
2026-06-08T11:13:58.0000000Z;33.185;33.29;3072;3072
2026-06-08T11:14:02.0000000Z;33.175;33.29;3072;3072
2026-06-08T11:14:07.0000000Z;33.185;33.29;3072;3072
2026-06-08T11:14:09.0000000Z;33.185;33.295;3072;3072
2026-06-08T11:14:13.0000000Z;33.16;33.295;3072;3072
2026-06-08T11:14:39.0000000Z;33.16;33.295;3072;3072
2026-06-08T11:14:51.0000000Z;33.165;33.295;3072;3072
2026-06-08T11:15:00.0000000Z;33.175;33.295;3072;3072
2026-06-08T11:15:08.0000000Z;33.2;33.295;3072;3072
2026-06-08T11:15:15.0000000Z;33.21;33.32;3072;3072
2026-06-08T11:15:37.0000000Z;33.2;33.325;3072;3072
2026-06-08T11:15:41.0000000Z;33.21;33.325;3072;3072
2026-06-08T11:15:45.0000000Z;33.22;33.325;3072;3072
2026-06-08T11:15:47.0000000Z;33.22;33.32;3072;3072
2026-06-08T11:15:48.0000000Z;33.22;33.325;3072;3072
2026-06-08T11:15:58.0000000Z;33.195;33.325;3072;3072
2026-06-08T11:16:08.0000000Z;33.21;33.32;3072;3072
2026-06-08T11:16:11.0000000Z;33.21;33.315;3072;3072
2026-06-08T11:16:22.0000000Z;33.2;33.315;3072;3072
2026-06-08T11:16:28.0000000Z;33.2;33.32;3072;3072
2026-06-08T11:16:29.0000000Z;33.205;33.32;3072;3072
2026-06-08T11:16:31.0000000Z;33.21;33.315;3072;3072
2026-06-08T11:16:39.0000000Z;33.2;33.315;3072;3072
2026-06-08T11:16:40.0000000Z;33.21;33.315;3072;3072
2026-06-08T11:16:42.0000000Z;33.2;33.315;3072;3072
2026-06-08T11:16:47.0000000Z;33.21;33.315;3072;3072
2026-06-08T11:17:01.0000000Z;33.2;33.315;3072;3072
2026-06-08T11:17:31.0000000Z;33.2;33.315;3072;3072
2026-06-08T11:18:01.0000000Z;33.2;33.315;3072;3072
2026-06-08T11:18:32.0000000Z;33.2;33.315;3072;3072
2026-06-08T11:18:49.0000000Z;33.21;33.315;3072;3072
2026-06-08T11:19:00.0000000Z;33.195;33.315;3072;3072
2026-06-08T11:19:06.0000000Z;33.21;33.315;3072;3072
2026-06-08T11:19:09.0000000Z;33.21;33.325;3072;3072
2026-06-08T11:19:38.0000000Z;33.215;33.325;3072;3072
2026-06-08T11:19:41.0000000Z;33.215;33.315;3072;3072
2026-06-08T11:19:44.0000000Z;33.225;33.325;3072;3072
2026-06-08T11:19:45.0000000Z;33.225;33.32;3072;3072
2026-06-08T11:19:57.0000000Z;33.22;33.32;3072;3072
2026-06-08T11:20:05.0000000Z;33.205;33.32;3072;3072
2026-06-08T11:20:13.0000000Z;33.205;33.325;3072;3072
2026-06-08T11:20:14.0000000Z;33.205;33.32;3072;3072
2026-06-08T11:20:15.0000000Z;33.2;33.32;3072;3072
2026-06-08T11:20:16.0000000Z;33.2;33.315;3072;3072
2026-06-08T11:20:18.0000000Z;33.2;33.32;3072;3072
2026-06-08T11:20:20.0000000Z;33.2;33.315;3072;3072
2026-06-08T11:20:21.0000000Z;33.215;33.32;3072;3072
2026-06-08T11:20:22.0000000Z;33.215;33.315;3072;3072
2026-06-08T11:20:40.0000000Z;33.2;33.315;3072;3072
2026-06-08T11:20:57.0000000Z;33.21;33.315;3072;3072
2026-06-08T11:21:06.0000000Z;33.215;33.315;3072;3072
2026-06-08T11:21:16.0000000Z;33.215;33.315;3072;3072
2026-06-08T11:21:18.0000000Z;33.2;33.32;3072;3072
2026-06-08T11:21:20.0000000Z;33.2;33.315;3072;3072
2026-06-08T11:21:28.0000000Z;33.21;33.315;3072;3072
2026-06-08T11:21:39.0000000Z;33.21;33.315;3072;3072
2026-06-08T11:21:40.0000000Z;33.21;33.32;3072;3072
2026-06-08T11:21:41.0000000Z;33.2;33.32;3072;3072
2026-06-08T11:21:47.0000000Z;33.2;33.325;3072;3072
2026-06-08T11:21:54.0000000Z;33.21;33.325;3072;3072
2026-06-08T11:21:55.0000000Z;33.21;33.325;3072;3072
2026-06-08T11:21:56.0000000Z;33.21;33.32;3072;3072
2026-06-08T11:22:01.0000000Z;33.215;33.32;3072;3072
2026-06-08T11:22:15.0000000Z;33.21;33.32;3072;3072
2026-06-08T11:22:23.0000000Z;33.215;33.32;3072;3072
2026-06-08T11:22:41.0000000Z;33.2;33.32;3072;3072
2026-06-08T11:22:43.0000000Z;33.21;33.32;3072;3072
2026-06-08T11:22:50.0000000Z;33.215;33.32;3072;3072
2026-06-08T11:23:02.0000000Z;33.2;33.32;3072;3072
2026-06-08T11:23:09.0000000Z;33.21;33.32;3072;3072
2026-06-08T11:23:36.0000000Z;33.205;33.32;3072;3072
2026-06-08T11:23:44.0000000Z;33.2;33.32;3072;3072
2026-06-08T11:23:55.0000000Z;33.21;33.32;3072;3072
2026-06-08T11:24:07.0000000Z;33.2;33.32;3072;3072
2026-06-08T11:24:13.0000000Z;33.21;33.32;3072;3072
2026-06-08T11:24:23.0000000Z;33.2;33.32;3072;3072
2026-06-08T11:24:34.0000000Z;33.21;33.32;3072;3072
2026-06-08T11:24:37.0000000Z;33.21;33.315;3072;3072
2026-06-08T11:24:39.0000000Z;33.21;33.325;3072;3072
2026-06-08T11:24:40.0000000Z;33.21;33.31;3072;3072
2026-06-08T11:24:42.0000000Z;33.21;33.325;3072;3072
2026-06-08T11:24:43.0000000Z;33.21;33.315;3072;3072
2026-06-08T11:24:45.0000000Z;33.2;33.315;3072;3072
2026-06-08T11:24:48.0000000Z;33.21;33.315;3072;3072
2026-06-08T11:24:49.0000000Z;33.21;33.32;3072;3072
2026-06-08T11:24:57.0000000Z;33.21;33.315;3072;3072
2026-06-08T11:24:59.0000000Z;33.21;33.32;3072;3072
2026-06-08T11:25:01.0000000Z;33.2;33.315;3072;3072
2026-06-08T11:25:02.0000000Z;33.21;33.32;3072;3072
2026-06-08T11:25:03.0000000Z;33.21;33.32;3072;3072
2026-06-08T11:25:09.0000000Z;33.215;33.32;3072;3072
2026-06-08T11:25:10.0000000Z;33.215;33.32;3072;3072
2026-06-08T11:25:22.0000000Z;33.195;33.32;3072;3072
2026-06-08T11:25:44.0000000Z;33.195;33.31;3072;3072
2026-06-08T11:25:46.0000000Z;33.195;33.32;3072;3072
2026-06-08T11:25:47.0000000Z;33.195;33.315;3072;3072
2026-06-08T11:25:59.0000000Z;33.195;33.32;3072;3072
2026-06-08T11:26:01.0000000Z;33.195;33.315;3072;3072
2026-06-08T11:26:02.0000000Z;33.195;33.32;3072;3072
2026-06-08T11:26:03.0000000Z;33.195;33.315;3072;3072
2026-06-08T11:26:29.0000000Z;33.195;33.32;3072;3072
2026-06-08T11:26:59.0000000Z;33.195;33.32;3072;3072
2026-06-08T11:27:06.0000000Z;33.195;33.325;3072;3072
2026-06-08T11:27:07.0000000Z;33.195;33.32;3072;3072
2026-06-08T11:27:14.0000000Z;33.195;33.325;3072;3072
2026-06-08T11:27:15.0000000Z;33.195;33.32;3072;3072
2026-06-08T11:27:46.0000000Z;33.195;33.32;3072;3072
2026-06-08T11:27:50.0000000Z;33.195;33.32;3072;3072
2026-06-08T11:28:14.0000000Z;33.195;33.325;3072;3072
2026-06-08T11:28:15.0000000Z;33.195;33.32;3072;3072
2026-06-08T11:28:17.0000000Z;33.195;33.325;3072;3072
2026-06-08T11:28:18.0000000Z;33.195;33.32;3072;3072
2026-06-08T11:28:37.0000000Z;33.195;33.315;3072;3072
2026-06-08T11:28:50.0000000Z;33.195;33.32;3072;3072
2026-06-08T11:28:53.0000000Z;33.195;33.32;3072;3072
2026-06-08T11:29:07.0000000Z;33.195;33.325;3072;3072
2026-06-08T11:29:08.0000000Z;33.195;33.32;3072;3072
2026-06-08T11:29:09.0000000Z;33.215;33.33;3072;3072
2026-06-08T11:29:18.0000000Z;33.225;33.33;3072;3072
2026-06-08T11:29:19.0000000Z;33.225;33.335;3072;3072
2026-06-08T11:29:30.0000000Z;33.215;33.335;3072;3072
2026-06-08T11:29:47.0000000Z;33.225;33.335;3072;3072
2026-06-08T11:30:03.0000000Z;33.225;33.33;3072;3072
2026-06-08T11:30:10.0000000Z;33.215;33.33;3072;3072
2026-06-08T11:30:20.0000000Z;33.215;33.335;3072;3072
2026-06-08T11:30:39.0000000Z;33.215;33.345;3072;3072
2026-06-08T11:30:51.0000000Z;33.225;33.345;3072;3072
2026-06-08T11:30:56.0000000Z;33.23;33.345;3072;3072
2026-06-08T11:31:13.0000000Z;33.23;33.34;3072;3072
2026-06-08T11:31:14.0000000Z;33.23;33.345;3072;3072
2026-06-08T11:31:15.0000000Z;33.23;33.34;3072;3072
2026-06-08T11:31:22.0000000Z;33.245;33.34;3072;3072
2026-06-08T11:31:26.0000000Z;33.255;33.34;3072;3072
2026-06-08T11:31:31.0000000Z;33.255;33.355;3072;3072
2026-06-08T11:31:39.0000000Z;33.24;33.355;3072;3072
2026-06-08T11:32:10.0000000Z;33.24;33.355;3072;3072
2026-06-08T11:32:40.0000000Z;33.24;33.355;3072;3072
2026-06-08T11:33:11.0000000Z;33.24;33.355;3072;3072
2026-06-08T11:33:41.0000000Z;33.24;33.355;3072;3072
2026-06-08T11:34:12.0000000Z;33.24;33.355;3072;3072
2026-06-08T11:34:42.0000000Z;33.24;33.355;3072;3072
2026-06-08T11:35:13.0000000Z;33.24;33.355;3072;3072
2026-06-08T11:35:44.0000000Z;33.24;33.355;3072;3072
2026-06-08T11:36:14.0000000Z;33.24;33.355;3072;3072
2026-06-08T11:36:45.0000000Z;33.24;33.355;3072;3072
2026-06-08T11:37:15.0000000Z;33.24;33.355;3072;3072
2026-06-08T11:37:23.0000000Z;33.25;33.355;3072;3072
2026-06-08T11:37:25.0000000Z;33.25;33.355;3072;3072
2026-06-08T11:37:28.0000000Z;33.26;33.355;3072;3072
2026-06-08T11:37:33.0000000Z;33.26;33.36;3072;3072
2026-06-08T11:37:35.0000000Z;33.27;33.36;3072;3072
2026-06-08T11:37:47.0000000Z;33.24;33.36;3072;3072
2026-06-08T11:37:50.0000000Z;33.25;33.36;3072;3072
2026-06-08T11:38:03.0000000Z;33.235;33.36;3072;3072
2026-06-08T11:38:21.0000000Z;33.25;33.36;3072;3072
2026-06-08T11:38:34.0000000Z;33.235;33.36;3072;3072
2026-06-08T11:38:38.0000000Z;33.25;33.36;3072;3072
2026-06-08T11:38:50.0000000Z;33.235;33.36;3072;3072
2026-06-08T11:39:02.0000000Z;33.245;33.36;3072;3072
2026-06-08T11:39:03.0000000Z;33.25;33.36;3072;3072
2026-06-08T11:39:14.0000000Z;33.235;33.36;3072;3072
2026-06-08T11:39:28.0000000Z;33.25;33.36;3072;3072
2026-06-08T11:39:35.0000000Z;33.26;33.36;3072;3072
2026-06-08T11:39:47.0000000Z;33.24;33.36;3072;3072
2026-06-08T11:39:52.0000000Z;33.25;33.36;3072;3072
2026-06-08T11:39:53.0000000Z;33.25;33.36;3072;3072
2026-06-08T11:40:05.0000000Z;33.245;33.36;3072;3072
2026-06-08T11:40:11.0000000Z;33.255;33.36;3072;3072
2026-06-08T11:40:19.0000000Z;33.265;33.36;3072;3072
2026-06-08T11:40:31.0000000Z;33.245;33.36;3072;3072
2026-06-08T11:40:39.0000000Z;33.255;33.36;3072;3072
2026-06-08T11:40:49.0000000Z;33.265;33.36;3072;3072
2026-06-08T11:41:00.0000000Z;33.26;33.375;3072;3072
2026-06-08T11:41:31.0000000Z;33.26;33.375;3072;3072
2026-06-08T11:42:01.0000000Z;33.26;33.375;3072;3072
2026-06-08T11:42:32.0000000Z;33.26;33.375;3072;3072
2026-06-08T11:43:02.0000000Z;33.26;33.375;3072;3072
2026-06-08T11:43:33.0000000Z;33.26;33.375;3072;3072
2026-06-08T11:44:03.0000000Z;33.26;33.375;3072;3072
2026-06-08T11:44:34.0000000Z;33.26;33.375;3072;3072
2026-06-08T11:45:04.0000000Z;33.26;33.375;3072;3072
2026-06-08T11:45:35.0000000Z;33.26;33.375;3072;3072
2026-06-08T11:46:05.0000000Z;33.26;33.375;3072;3072
2026-06-08T11:46:06.0000000Z;33.26;33.355;3072;3072
2026-06-08T11:46:37.0000000Z;33.26;33.355;3072;3072
2026-06-08T11:47:07.0000000Z;33.26;33.355;3072;3072
2026-06-08T11:47:22.0000000Z;33.26;33.345;3072;3072
2026-06-08T11:47:23.0000000Z;33.235;33.345;3072;3072
2026-06-08T11:47:53.0000000Z;33.235;33.345;3072;3072
2026-06-08T11:48:24.0000000Z;33.235;33.345;3072;3072
2026-06-08T11:48:54.0000000Z;33.235;33.345;3072;3072
2026-06-08T11:49:25.0000000Z;33.235;33.345;3072;3072
2026-06-08T11:49:55.0000000Z;33.235;33.345;3072;3072
2026-06-08T11:50:01.0000000Z;33.235;33.34;3072;3072
2026-06-08T11:50:02.0000000Z;33.235;33.335;3072;3072
2026-06-08T11:50:13.0000000Z;33.235;33.355;3072;3072
2026-06-08T11:50:43.0000000Z;33.235;33.355;3072;3072
2026-06-08T11:51:14.0000000Z;33.235;33.355;3072;3072
2026-06-08T11:51:44.0000000Z;33.235;33.355;3072;3072
2026-06-08T11:52:15.0000000Z;33.235;33.355;3072;3072
2026-06-08T11:52:45.0000000Z;33.235;33.355;3072;3072
2026-06-08T11:53:16.0000000Z;33.235;33.355;3072;3072
2026-06-08T11:53:46.0000000Z;33.235;33.355;3072;3072
2026-06-08T11:54:17.0000000Z;33.235;33.355;3072;3072
2026-06-08T11:54:48.0000000Z;33.235;33.355;3072;3072
2026-06-08T11:55:18.0000000Z;33.235;33.355;3072;3072
2026-06-08T11:55:49.0000000Z;33.235;33.355;3072;3072
2026-06-08T11:56:19.0000000Z;33.235;33.355;3072;3072
2026-06-08T11:56:50.0000000Z;33.235;33.355;3072;3072
2026-06-08T11:57:21.0000000Z;33.235;33.355;3072;3072
2026-06-08T11:57:51.0000000Z;33.235;33.355;3072;3072
2026-06-08T11:58:22.0000000Z;33.235;33.355;3072;3072
2026-06-08T11:58:52.0000000Z;33.235;33.355;3072;3072
2026-06-08T11:59:23.0000000Z;33.235;33.355;3072;3072
2026-06-08T11:59:50.0000000Z;33.235;33.345;3072;3072
2026-06-08T12:00:00.0000000Z;33.245;33.345;3072;3072
2026-06-08T12:00:04.0000000Z;33.245;33.36;3072;3072
2026-06-08T12:00:10.0000000Z;33.245;33.355;3072;3072
2026-06-08T12:00:12.0000000Z;33.24;33.355;3072;3072
2026-06-08T12:00:21.0000000Z;33.24;33.345;3072;3072
2026-06-08T12:00:22.0000000Z;33.235;33.345;3072;3072
2026-06-08T12:00:53.0000000Z;33.235;33.345;3072;3072
2026-06-08T12:01:03.0000000Z;33.235;33.36;3072;3072
2026-06-08T12:01:34.0000000Z;33.235;33.36;3072;3072
2026-06-08T12:01:40.0000000Z;33.215;33.335;3072;3072
2026-06-08T12:01:42.0000000Z;33.215;33.34;3072;3072
2026-06-08T12:02:13.0000000Z;33.215;33.34;3072;3072
2026-06-08T12:02:31.0000000Z;33.235;33.34;3072;3072
2026-06-08T12:02:34.0000000Z;33.235;33.36;3072;3072
2026-06-08T12:02:41.0000000Z;33.245;33.36;3072;3072
2026-06-08T12:02:51.0000000Z;33.245;33.35;3072;3072
2026-06-08T12:02:53.0000000Z;33.235;33.35;3072;3072
2026-06-08T12:03:23.0000000Z;33.235;33.35;3072;3072
2026-06-08T12:03:53.0000000Z;33.235;33.35;3072;3072
2026-06-08T12:04:24.0000000Z;33.235;33.35;3072;3072
2026-06-08T12:04:54.0000000Z;33.235;33.35;3072;3072
2026-06-08T12:05:25.0000000Z;33.235;33.35;3072;3072
2026-06-08T12:05:55.0000000Z;33.235;33.35;3072;3072
2026-06-08T12:06:26.0000000Z;33.235;33.35;3072;3072
2026-06-08T12:06:57.0000000Z;33.235;33.35;3072;3072
2026-06-08T12:07:27.0000000Z;33.235;33.35;3072;3072
2026-06-08T12:07:58.0000000Z;33.235;33.35;3072;3072
2026-06-08T12:08:28.0000000Z;33.235;33.35;3072;3072
2026-06-08T12:08:59.0000000Z;33.235;33.35;3072;3072
2026-06-08T12:09:07.0000000Z;33.245;33.35;3072;3072
2026-06-08T12:09:10.0000000Z;33.255;33.35;3072;3072
2026-06-08T12:09:12.0000000Z;33.255;33.36;3072;3072
2026-06-08T12:09:18.0000000Z;33.265;33.36;3072;3072
2026-06-08T12:09:28.0000000Z;33.255;33.36;3072;3072
2026-06-08T12:09:29.0000000Z;33.265;33.37;3072;3072
2026-06-08T12:09:33.0000000Z;33.255;33.37;3072;3072
2026-06-08T12:10:03.0000000Z;33.255;33.37;3072;3072
2026-06-08T12:10:33.0000000Z;33.255;33.37;3072;3072
2026-06-08T12:11:04.0000000Z;33.255;33.37;3072;3072
2026-06-08T12:11:34.0000000Z;33.255;33.37;3072;3072
2026-06-08T12:12:05.0000000Z;33.255;33.37;3072;3072
2026-06-08T12:12:35.0000000Z;33.255;33.37;3072;3072
2026-06-08T12:13:06.0000000Z;33.255;33.37;3072;3072
2026-06-08T12:13:37.0000000Z;33.255;33.37;3072;3072
2026-06-08T12:14:07.0000000Z;33.255;33.37;3072;3072
2026-06-08T12:14:38.0000000Z;33.255;33.37;3072;3072
2026-06-08T12:15:08.0000000Z;33.255;33.37;3072;3072
2026-06-08T12:15:39.0000000Z;33.255;33.37;3072;3072
2026-06-08T12:16:09.0000000Z;33.255;33.37;3072;3072
2026-06-08T12:16:40.0000000Z;33.255;33.37;3072;3072
2026-06-08T12:17:10.0000000Z;33.255;33.37;3072;3072
2026-06-08T12:17:41.0000000Z;33.255;33.37;3072;3072
2026-06-08T12:18:11.0000000Z;33.255;33.37;3072;3072
2026-06-08T12:18:42.0000000Z;33.255;33.37;3072;3072
2026-06-08T12:19:13.0000000Z;33.255;33.37;3072;3072
2026-06-08T12:19:16.0000000Z;33.28;33.37;3072;3072
2026-06-08T12:19:17.0000000Z;33.28;33.405;3072;3072
2026-06-08T12:19:18.0000000Z;33.28;33.4;3072;3072
2026-06-08T12:19:44.0000000Z;33.28;33.39;3072;3072
2026-06-08T12:20:00.0000000Z;33.28;33.385;3072;3072
2026-06-08T12:20:12.0000000Z;33.28;33.4;3072;3072
2026-06-08T12:20:42.0000000Z;33.28;33.4;3072;3072
2026-06-08T12:21:11.0000000Z;33.28;33.41;3072;3072
2026-06-08T12:21:15.0000000Z;33.28;33.39;3072;3072
2026-06-08T12:21:25.0000000Z;33.29;33.39;3072;3072
2026-06-08T12:21:31.0000000Z;33.29;33.4;3072;3072
2026-06-08T12:21:35.0000000Z;33.29;33.39;3072;3072
2026-06-08T12:21:46.0000000Z;33.29;33.4;3072;3072
2026-06-08T12:21:49.0000000Z;33.28;33.4;3072;3072
2026-06-08T12:22:20.0000000Z;33.28;33.4;3072;3072
2026-06-08T12:22:51.0000000Z;33.28;33.4;3072;3072
2026-06-08T12:23:21.0000000Z;33.28;33.4;3072;3072
2026-06-08T12:23:52.0000000Z;33.28;33.4;3072;3072
2026-06-08T12:24:22.0000000Z;33.28;33.4;3072;3072
2026-06-08T12:24:53.0000000Z;33.28;33.4;3072;3072
2026-06-08T12:25:23.0000000Z;33.28;33.4;3072;3072
2026-06-08T12:25:54.0000000Z;33.28;33.4;3072;3072
2026-06-08T12:26:24.0000000Z;33.28;33.4;3072;3072
2026-06-08T12:26:55.0000000Z;33.28;33.4;3072;3072
2026-06-08T12:27:09.0000000Z;33.285;33.39;3072;3072
2026-06-08T12:27:18.0000000Z;33.295;33.39;3072;3072
2026-06-08T12:27:21.0000000Z;33.295;33.4;3072;3072
2026-06-08T12:27:28.0000000Z;33.295;33.395;3072;3072
2026-06-08T12:27:31.0000000Z;33.285;33.395;3072;3072
2026-06-08T12:27:39.0000000Z;33.285;33.4;3072;3072
2026-06-08T12:28:09.0000000Z;33.285;33.4;3072;3072
2026-06-08T12:28:40.0000000Z;33.285;33.4;3072;3072
2026-06-08T12:29:10.0000000Z;33.285;33.4;3072;3072
2026-06-08T12:29:41.0000000Z;33.285;33.4;3072;3072
2026-06-08T12:30:11.0000000Z;33.285;33.4;3072;3072
2026-06-08T12:30:19.0000000Z;33.3;33.4;3072;3072
2026-06-08T12:30:29.0000000Z;33.3;33.425;3072;3072
2026-06-08T12:30:58.0000000Z;33.3;33.425;3072;3072
2026-06-08T12:31:29.0000000Z;33.3;33.425;3072;3072
2026-06-08T12:31:32.0000000Z;33.31;33.42;3072;3072
2026-06-08T12:31:54.0000000Z;33.3;33.425;3072;3072
2026-06-08T12:32:20.0000000Z;33.3;33.425;3072;3072
2026-06-08T12:32:38.0000000Z;33.32;33.425;3072;3072
2026-06-08T12:32:39.0000000Z;33.32;33.445;3072;3072
2026-06-08T12:33:10.0000000Z;33.32;33.445;3072;3072
2026-06-08T12:33:40.0000000Z;33.32;33.445;3072;3072
2026-06-08T12:34:11.0000000Z;33.32;33.445;3072;3072
2026-06-08T12:34:41.0000000Z;33.32;33.445;3072;3072
2026-06-08T12:35:12.0000000Z;33.32;33.445;3072;3072
2026-06-08T12:35:42.0000000Z;33.32;33.445;3072;3072
2026-06-08T12:36:13.0000000Z;33.32;33.445;3072;3072
2026-06-08T12:36:44.0000000Z;33.32;33.445;3072;3072
2026-06-08T12:37:14.0000000Z;33.32;33.445;3072;3072
2026-06-08T12:37:45.0000000Z;33.32;33.445;3072;3072
2026-06-08T12:38:15.0000000Z;33.32;33.445;3072;3072
2026-06-08T12:38:46.0000000Z;33.32;33.445;3072;3072
2026-06-08T12:39:17.0000000Z;33.32;33.445;3072;3072
2026-06-08T12:39:47.0000000Z;33.32;33.445;3072;3072
2026-06-08T12:40:03.0000000Z;33.32;33.435;3072;3072
2026-06-08T12:40:04.0000000Z;33.315;33.435;3072;3072
2026-06-08T12:40:11.0000000Z;33.32;33.435;3072;3072
2026-06-08T12:40:14.0000000Z;33.32;33.445;3072;3072
2026-06-08T12:40:15.0000000Z;33.32;33.435;3072;3072
2026-06-08T12:40:22.0000000Z;33.295;33.435;3072;3072
2026-06-08T12:40:50.0000000Z;33.305;33.425;3072;3072
2026-06-08T12:41:03.0000000Z;33.315;33.425;3072;3072
2026-06-08T12:41:07.0000000Z;33.315;33.455;3072;3072
2026-06-08T12:41:09.0000000Z;33.325;33.44;3072;3072
2026-06-08T12:41:39.0000000Z;33.325;33.44;3072;3072
2026-06-08T12:42:10.0000000Z;33.325;33.44;3072;3072
2026-06-08T12:42:30.0000000Z;33.325;33.435;3072;3072
2026-06-08T12:42:38.0000000Z;33.315;33.45;3072;3072
2026-06-08T12:42:58.0000000Z;33.33;33.44;3072;3072
2026-06-08T12:43:10.0000000Z;33.32;33.44;3072;3072
2026-06-08T12:43:28.0000000Z;33.32;33.435;3072;3072
2026-06-08T12:43:39.0000000Z;33.33;33.435;3072;3072
2026-06-08T12:43:43.0000000Z;33.33;33.44;3072;3072
2026-06-08T12:43:45.0000000Z;33.33;33.445;3072;3072
2026-06-08T12:43:49.0000000Z;33.33;33.435;3072;3072
2026-06-08T12:43:55.0000000Z;33.32;33.435;3072;3072
2026-06-08T12:43:59.0000000Z;33.33;33.435;3072;3072
2026-06-08T12:44:07.0000000Z;33.33;33.44;3072;3072
2026-06-08T12:44:13.0000000Z;33.32;33.44;3072;3072
2026-06-08T12:44:43.0000000Z;33.32;33.44;3072;3072
2026-06-08T12:45:14.0000000Z;33.32;33.44;3072;3072
2026-06-08T12:45:44.0000000Z;33.32;33.44;3072;3072
2026-06-08T12:46:15.0000000Z;33.32;33.44;3072;3072
2026-06-08T12:46:46.0000000Z;33.32;33.44;3072;3072
2026-06-08T12:47:16.0000000Z;33.32;33.44;3072;3072
2026-06-08T12:47:47.0000000Z;33.32;33.44;3072;3072
2026-06-08T12:47:55.0000000Z;33.32;33.435;3072;3072
2026-06-08T12:48:05.0000000Z;33.33;33.435;3072;3072
2026-06-08T12:48:07.0000000Z;33.33;33.44;3072;3072
2026-06-08T12:48:19.0000000Z;33.32;33.44;3072;3072
2026-06-08T12:48:50.0000000Z;33.32;33.44;3072;3072
2026-06-08T12:49:20.0000000Z;33.32;33.44;3072;3072
2026-06-08T12:49:51.0000000Z;33.32;33.44;3072;3072
2026-06-08T12:50:21.0000000Z;33.32;33.44;3072;3072
2026-06-08T12:50:52.0000000Z;33.32;33.44;3072;3072
2026-06-08T12:51:23.0000000Z;33.32;33.44;3072;3072
2026-06-08T12:51:53.0000000Z;33.32;33.44;3072;3072
2026-06-08T12:52:24.0000000Z;33.32;33.44;3072;3072
2026-06-08T12:52:54.0000000Z;33.32;33.44;3072;3072
2026-06-08T12:53:25.0000000Z;33.32;33.44;3072;3072
2026-06-08T12:53:55.0000000Z;33.32;33.44;3072;3072
2026-06-08T12:54:26.0000000Z;33.32;33.44;3072;3072
2026-06-08T12:54:57.0000000Z;33.32;33.44;3072;3072
2026-06-08T12:55:27.0000000Z;33.32;33.44;3072;3072
2026-06-08T12:55:58.0000000Z;33.32;33.44;3072;3072
2026-06-08T12:56:28.0000000Z;33.32;33.44;3072;3072
2026-06-08T12:56:59.0000000Z;33.32;33.44;3072;3072
2026-06-08T12:57:29.0000000Z;33.32;33.44;3072;3072
2026-06-08T12:58:00.0000000Z;33.32;33.44;3072;3072
2026-06-08T12:58:30.0000000Z;33.32;33.44;3072;3072
2026-06-08T12:59:01.0000000Z;33.32;33.44;3072;3072
2026-06-08T12:59:31.0000000Z;33.32;33.44;3072;3072
2026-06-08T13:00:02.0000000Z;33.32;33.44;3072;3072
2026-06-08T13:00:32.0000000Z;33.32;33.435;3072;3072
2026-06-08T13:00:41.0000000Z;33.33;33.435;3072;3072
2026-06-08T13:00:45.0000000Z;33.33;33.44;3072;3072
2026-06-08T13:00:57.0000000Z;33.32;33.44;3072;3072
2026-06-08T13:01:27.0000000Z;33.32;33.44;3072;3072
2026-06-08T13:01:58.0000000Z;33.32;33.44;3072;3072
2026-06-08T13:02:28.0000000Z;33.32;33.44;3072;3072
2026-06-08T13:02:29.0000000Z;33.32;33.435;3072;3072
2026-06-08T13:02:41.0000000Z;33.32;33.44;3072;3072
2026-06-08T13:03:11.0000000Z;33.32;33.44;3072;3072
2026-06-08T13:03:41.0000000Z;33.32;33.44;3072;3072
2026-06-08T13:04:12.0000000Z;33.32;33.44;3072;3072
2026-06-08T13:04:42.0000000Z;33.32;33.44;3072;3072
2026-06-08T13:05:13.0000000Z;33.32;33.44;3072;3072
2026-06-08T13:05:44.0000000Z;33.32;33.44;3072;3072
2026-06-08T13:05:52.0000000Z;33.32;33.42;3072;3072
2026-06-08T13:05:58.0000000Z;33.295;33.42;3072;3072
2026-06-08T13:06:28.0000000Z;33.295;33.42;3072;3072
2026-06-08T13:06:59.0000000Z;33.295;33.42;3072;3072
2026-06-08T13:07:30.0000000Z;33.295;33.42;3072;3072
2026-06-08T13:08:00.0000000Z;33.295;33.42;3072;3072
2026-06-08T13:08:31.0000000Z;33.295;33.42;3072;3072
2026-06-08T13:09:01.0000000Z;33.295;33.42;3072;3072
2026-06-08T13:09:32.0000000Z;33.295;33.42;3072;3072
2026-06-08T13:10:02.0000000Z;33.295;33.42;3072;3072
2026-06-08T13:10:33.0000000Z;33.295;33.42;3072;3072
2026-06-08T13:11:03.0000000Z;33.295;33.42;3072;3072
2026-06-08T13:11:34.0000000Z;33.295;33.42;3072;3072
2026-06-08T13:12:04.0000000Z;33.295;33.42;3072;3072
2026-06-08T13:12:35.0000000Z;33.295;33.42;3072;3072
2026-06-08T13:13:05.0000000Z;33.295;33.42;3072;3072
2026-06-08T13:13:36.0000000Z;33.295;33.42;3072;3072
2026-06-08T13:14:06.0000000Z;33.295;33.42;3072;3072
2026-06-08T13:14:37.0000000Z;33.295;33.42;3072;3072
2026-06-08T13:15:08.0000000Z;33.295;33.42;3072;3072
2026-06-08T13:15:38.0000000Z;33.295;33.42;3072;3072
2026-06-08T13:16:09.0000000Z;33.295;33.42;3072;3072
2026-06-08T13:16:39.0000000Z;33.295;33.42;3072;3072
2026-06-08T13:17:10.0000000Z;33.295;33.42;3072;3072
2026-06-08T13:17:40.0000000Z;33.295;33.42;3072;3072
2026-06-08T13:18:11.0000000Z;33.295;33.42;3072;3072
2026-06-08T13:18:41.0000000Z;33.295;33.42;3072;3072
2026-06-08T13:19:12.0000000Z;33.295;33.42;3072;3072
2026-06-08T13:19:43.0000000Z;33.295;33.42;3072;3072
2026-06-08T13:20:13.0000000Z;33.295;33.42;3072;3072
2026-06-08T13:20:44.0000000Z;33.295;33.42;3072;3072
2026-06-08T13:20:51.0000000Z;33.305;33.415;3072;3072
2026-06-08T13:21:03.0000000Z;33.295;33.42;3072;3072
2026-06-08T13:21:33.0000000Z;33.295;33.42;3072;3072
2026-06-08T13:21:55.0000000Z;33.305;33.42;3072;3072
2026-06-08T13:22:04.0000000Z;33.305;33.41;3072;3072
2026-06-08T13:22:06.0000000Z;33.295;33.41;3072;3072
2026-06-08T13:22:16.0000000Z;33.295;33.405;3072;3072
2026-06-08T13:22:26.0000000Z;33.305;33.42;3072;3072
2026-06-08T13:22:37.0000000Z;33.295;33.425;3072;3072
2026-06-08T13:23:07.0000000Z;33.295;33.425;3072;3072
2026-06-08T13:23:37.0000000Z;33.295;33.425;3072;3072
2026-06-08T13:24:07.0000000Z;33.295;33.4;3072;3072
2026-06-08T13:24:10.0000000Z;33.28;33.4;3072;3072
2026-06-08T13:24:11.0000000Z;33.29;33.395;3072;3072
2026-06-08T13:24:22.0000000Z;33.28;33.405;3072;3072
2026-06-08T13:24:53.0000000Z;33.28;33.405;3072;3072
2026-06-08T13:25:23.0000000Z;33.28;33.405;3072;3072
2026-06-08T13:25:54.0000000Z;33.28;33.405;3072;3072
2026-06-08T13:26:24.0000000Z;33.28;33.405;3072;3072
2026-06-08T13:26:55.0000000Z;33.28;33.405;3072;3072
2026-06-08T13:27:25.0000000Z;33.28;33.405;3072;3072
2026-06-08T13:27:40.0000000Z;33.28;33.36;3072;3072
2026-06-08T13:27:41.0000000Z;33.255;33.36;3072;3072
2026-06-08T13:27:51.0000000Z;33.23;33.36;3072;3072
2026-06-08T13:28:03.0000000Z;33.23;33.37;3072;3072
2026-06-08T13:28:12.0000000Z;33.22;33.47;3072;3072
2026-06-08T13:28:43.0000000Z;33.22;33.47;3072;3072
2026-06-08T13:29:13.0000000Z;33.22;33.47;3072;3072
2026-06-08T13:29:14.0000000Z;33.17;33.49;3072;3072
2026-06-08T13:29:21.0000000Z;33.17;33.485;3072;3072
2026-06-08T13:29:23.0000000Z;33.17;33.48;3072;3072
2026-06-08T13:29:25.0000000Z;33.165;33.48;3072;3072
2026-06-08T13:29:31.0000000Z;33.165;33.475;3072;3072
2026-06-08T13:29:37.0000000Z;33.16;33.475;3072;3072
2026-06-08T13:29:43.0000000Z;33.16;33.48;3072;3072
2026-06-08T13:29:46.0000000Z;33.16;33.475;3072;3072
2026-06-08T13:29:52.0000000Z;33.16;33.47;3072;3072
2026-06-08T13:30:05.0000000Z;33.155;33.715;3072;3072
2026-06-08T13:30:14.0000000Z;32.905;33.575;3072;3072
2026-06-08T13:30:16.0000000Z;32.915;33.585;3072;3072
2026-06-08T13:30:18.0000000Z;32.91;33.58;3072;3072
2026-06-08T13:30:22.0000000Z;32.915;33.585;3072;3072
2026-06-08T13:30:30.0000000Z;32.925;33.595;3072;3072
2026-06-08T13:30:32.0000000Z;32.915;33.585;3072;3072
2026-06-08T13:30:38.0000000Z;32.92;33.59;3072;3072
2026-06-08T13:30:42.0000000Z;32.925;33.595;3072;3072
2026-06-08T13:30:44.0000000Z;32.925;33.6;3072;3072
2026-06-08T13:30:46.0000000Z;32.93;33.6;3072;3072
2026-06-08T13:30:52.0000000Z;32.93;33.605;3072;3072
2026-06-08T13:30:54.0000000Z;32.93;33.6;3072;3072
2026-06-08T13:30:56.0000000Z;32.925;33.6;3072;3072
2026-06-08T13:30:58.0000000Z;32.93;33.6;3072;3072
2026-06-08T13:31:00.0000000Z;32.935;33.605;3072;3072
2026-06-08T13:31:03.0000000Z;32.93;33.605;3072;3072
2026-06-08T13:31:04.0000000Z;32.93;33.515;3072;3072
2026-06-08T13:31:09.0000000Z;32.935;33.515;3072;3072
2026-06-08T13:31:11.0000000Z;32.94;33.515;3072;3072
2026-06-08T13:31:14.0000000Z;32.945;33.515;3072;3072
2026-06-08T13:31:16.0000000Z;32.94;33.515;3072;3072
2026-06-08T13:31:17.0000000Z;32.945;33.615;3072;3072
2026-06-08T13:31:19.0000000Z;32.94;33.61;3072;3072
2026-06-08T13:31:21.0000000Z;32.945;33.615;3072;3072
2026-06-08T13:31:27.0000000Z;32.94;33.61;3072;3072
2026-06-08T13:31:29.0000000Z;32.935;33.605;3072;3072
2026-06-08T13:31:31.0000000Z;32.935;33.61;3072;3072
2026-06-08T13:31:33.0000000Z;32.93;33.605;3072;3072
2026-06-08T13:31:35.0000000Z;32.935;33.605;3072;3072
2026-06-08T13:31:37.0000000Z;32.935;33.61;3072;3072
2026-06-08T13:31:39.0000000Z;32.94;33.61;3072;3072
2026-06-08T13:31:41.0000000Z;32.935;33.61;3072;3072
2026-06-08T13:31:43.0000000Z;32.935;33.605;3072;3072
2026-06-08T13:31:46.0000000Z;33.145;33.465;3072;3072
2026-06-08T13:31:52.0000000Z;33.055;33.535;3072;3072
2026-06-08T13:31:54.0000000Z;33.055;33.53;3072;3072
2026-06-08T13:31:56.0000000Z;33.05;33.53;3072;3072
2026-06-08T13:32:01.0000000Z;33.05;33.525;3072;3072
2026-06-08T13:32:02.0000000Z;33.05;33.535;3072;3072
2026-06-08T13:32:20.0000000Z;33.065;33.545;3072;3072
2026-06-08T13:32:24.0000000Z;33.07;33.55;3072;3072
2026-06-08T13:32:26.0000000Z;33.065;33.545;3072;3072
2026-06-08T13:32:30.0000000Z;33.06;33.54;3072;3072
2026-06-08T13:32:32.0000000Z;33.06;33.545;3072;3072
2026-06-08T13:32:34.0000000Z;33.06;33.54;3072;3072
2026-06-08T13:32:40.0000000Z;33.12;33.435;3072;3072
2026-06-08T13:32:45.0000000Z;33.205;33.335;3072;3072
2026-06-08T13:32:46.0000000Z;33.205;33.33;3072;3072
2026-06-08T13:33:13.0000000Z;33.205;33.335;3072;3072
2026-06-08T13:33:33.0000000Z;33.205;33.31;3072;3072
2026-06-08T13:33:37.0000000Z;33.19;33.31;3072;3072
2026-06-08T13:33:54.0000000Z;33.19;33.305;3072;3072
2026-06-08T13:34:09.0000000Z;33.175;33.305;3072;3072
2026-06-08T13:34:27.0000000Z;33.175;33.285;3072;3072
2026-06-08T13:34:31.0000000Z;33.16;33.285;3072;3072
2026-06-08T13:34:57.0000000Z;33.16;33.285;3072;3072
2026-06-08T13:35:00.0000000Z;33.16;33.26;3072;3072
2026-06-08T13:35:10.0000000Z;33.13;33.26;3072;3072
2026-06-08T13:35:12.0000000Z;33.14;33.26;3072;3072
2026-06-08T13:35:22.0000000Z;33.14;33.255;3072;3072
2026-06-08T13:35:52.0000000Z;33.155;33.255;3072;3072
2026-06-08T13:35:57.0000000Z;33.155;33.28;3072;3072
2026-06-08T13:36:27.0000000Z;33.155;33.28;3072;3072
2026-06-08T13:36:57.0000000Z;33.155;33.28;3072;3072
2026-06-08T13:36:58.0000000Z;33.155;33.255;3072;3072
2026-06-08T13:37:02.0000000Z;33.135;33.255;3072;3072
2026-06-08T13:37:32.0000000Z;33.135;33.255;3072;3072
2026-06-08T13:38:02.0000000Z;33.135;33.255;3072;3072
2026-06-08T13:38:15.0000000Z;32.86;33.34;3072;3072
2026-06-08T13:38:16.0000000Z;33.15;33.285;3072;3072
2026-06-08T13:38:21.0000000Z;33.17;33.285;3072;3072
2026-06-08T13:38:25.0000000Z;33.175;33.295;3072;3072
2026-06-08T13:38:49.0000000Z;33.175;33.285;3072;3072
2026-06-08T13:38:54.0000000Z;33.145;33.285;3072;3072
2026-06-08T13:38:58.0000000Z;33.15;33.265;3072;3072
2026-06-08T13:39:28.0000000Z;33.15;33.265;3072;3072
2026-06-08T13:39:50.0000000Z;33.15;33.255;3072;3072
2026-06-08T13:39:54.0000000Z;33.13;33.26;3072;3072
2026-06-08T13:40:25.0000000Z;33.13;33.26;3072;3072
2026-06-08T13:40:31.0000000Z;33.135;33.255;3072;3072
2026-06-08T13:40:40.0000000Z;33.14;33.25;3072;3072
2026-06-08T13:40:53.0000000Z;33.13;33.25;3072;3072
2026-06-08T13:41:24.0000000Z;33.13;33.25;3072;3072
2026-06-08T13:41:33.0000000Z;33.15;33.245;3072;3072
2026-06-08T13:41:38.0000000Z;33.15;33.275;3072;3072
2026-06-08T13:42:08.0000000Z;33.15;33.275;3072;3072
2026-06-08T13:42:37.0000000Z;33.17;33.27;3072;3072
2026-06-08T13:42:45.0000000Z;33.22;33.27;3072;3072
2026-06-08T13:42:51.0000000Z;33.22;33.295;3072;3072
2026-06-08T13:43:12.0000000Z;33.22;33.315;3072;3072
2026-06-08T13:43:24.0000000Z;33.22;33.335;3072;3072
2026-06-08T13:43:48.0000000Z;33.22;33.315;3072;3072
2026-06-08T13:44:08.0000000Z;33.22;33.305;3072;3072
2026-06-08T13:44:39.0000000Z;33.22;33.305;3072;3072
2026-06-08T13:45:09.0000000Z;33.22;33.305;3072;3072
2026-06-08T13:45:39.0000000Z;33.22;33.305;3072;3072
2026-06-08T13:46:10.0000000Z;33.235;33.305;3072;3072
2026-06-08T13:46:13.0000000Z;33.235;33.34;3072;3072
2026-06-08T13:46:21.0000000Z;33.235;33.355;3072;3072
2026-06-08T13:46:51.0000000Z;33.235;33.355;3072;3072
2026-06-08T13:47:22.0000000Z;33.235;33.355;3072;3072
2026-06-08T13:47:27.0000000Z;33.22;33.34;3072;3072
2026-06-08T13:47:56.0000000Z;33.22;33.34;3072;3072
2026-06-08T13:48:27.0000000Z;33.22;33.34;3072;3072
2026-06-08T13:48:29.0000000Z;33.22;33.32;3072;3072
2026-06-08T13:48:42.0000000Z;33.22;33.31;3072;3072
2026-06-08T13:48:58.0000000Z;33.22;33.325;3072;3072
2026-06-08T13:49:02.0000000Z;33.22;33.305;3072;3072
2026-06-08T13:49:33.0000000Z;33.22;33.305;3072;3072
2026-06-08T13:50:04.0000000Z;33.22;33.305;3072;3072
2026-06-08T13:50:34.0000000Z;33.22;33.305;3072;3072
2026-06-08T13:50:55.0000000Z;33.22;33.295;3072;3072
2026-06-08T13:51:26.0000000Z;33.22;33.295;3072;3072
2026-06-08T13:51:31.0000000Z;33.22;33.285;3072;3072
2026-06-08T13:51:45.0000000Z;33.22;33.33;3072;3072
2026-06-08T13:51:50.0000000Z;33.22;33.315;3072;3072
2026-06-08T13:52:21.0000000Z;33.22;33.315;3072;3072
2026-06-08T13:52:41.0000000Z;33.22;33.305;3072;3072
2026-06-08T13:52:57.0000000Z;33.22;33.33;3072;3072
2026-06-08T13:53:00.0000000Z;33.22;33.32;3072;3072
2026-06-08T13:53:31.0000000Z;33.23;33.32;3072;3072
2026-06-08T13:53:35.0000000Z;33.23;33.355;3072;3072
2026-06-08T13:53:42.0000000Z;33.24;33.345;3072;3072
2026-06-08T13:53:55.0000000Z;33.235;33.355;3072;3072
2026-06-08T13:54:26.0000000Z;33.235;33.355;3072;3072
2026-06-08T13:54:27.0000000Z;33.24;33.35;3072;3072
2026-06-08T13:54:38.0000000Z;33.235;33.355;3072;3072
2026-06-08T13:55:08.0000000Z;33.235;33.355;3072;3072
2026-06-08T13:55:16.0000000Z;33.235;33.34;3072;3072
2026-06-08T13:55:17.0000000Z;33.225;33.34;3072;3072
2026-06-08T13:55:27.0000000Z;33.225;33.33;3072;3072
2026-06-08T13:55:29.0000000Z;33.24;33.33;3072;3072
2026-06-08T13:55:50.0000000Z;33.24;33.315;3072;3072
2026-06-08T13:55:51.0000000Z;33.22;33.315;3072;3072
2026-06-08T13:55:58.0000000Z;33.22;33.3;3072;3072
2026-06-08T13:56:04.0000000Z;33.22;33.295;3072;3072
2026-06-08T13:56:18.0000000Z;33.22;33.275;3072;3072
2026-06-08T13:56:49.0000000Z;33.22;33.295;3072;3072
2026-06-08T13:57:18.0000000Z;33.22;33.275;3072;3072
2026-06-08T13:57:33.0000000Z;33.22;33.26;3072;3072
2026-06-08T13:57:39.0000000Z;33.22;33.245;3072;3072
2026-06-08T13:58:09.0000000Z;33.22;33.245;3072;3072
2026-06-08T13:58:20.0000000Z;33.16;33.245;3072;3072
2026-06-08T13:58:22.0000000Z;33.15;33.245;3072;3072
2026-06-08T13:58:23.0000000Z;33.15;33.225;3072;3072
2026-06-08T13:58:36.0000000Z;33.13;33.225;3072;3072
2026-06-08T13:58:37.0000000Z;33.13;33.21;3072;3072
2026-06-08T13:58:43.0000000Z;33.115;33.21;3072;3072
2026-06-08T13:59:02.0000000Z;33.135;33.21;3072;3072
2026-06-08T13:59:08.0000000Z;33.135;33.23;3072;3072
2026-06-08T13:59:24.0000000Z;33.15;33.23;3072;3072
2026-06-08T13:59:28.0000000Z;33.15;33.245;3072;3072
2026-06-08T13:59:48.0000000Z;33.15;33.23;3072;3072
2026-06-08T13:59:50.0000000Z;33.135;33.23;3072;3072
2026-06-08T14:00:00.0000000Z;33.115;33.21;3072;3072
2026-06-08T14:00:30.0000000Z;33.115;33.21;3072;3072
2026-06-08T14:01:01.0000000Z;33.135;33.21;3072;3072
2026-06-08T14:01:04.0000000Z;33.135;33.23;3072;3072
2026-06-08T14:01:34.0000000Z;33.135;33.23;3072;3072
2026-06-08T14:01:52.0000000Z;33.15;33.23;3072;3072
2026-06-08T14:01:54.0000000Z;33.15;33.245;3072;3072
2026-06-08T14:02:07.0000000Z;33.165;33.255;3072;3072
2026-06-08T14:02:37.0000000Z;33.165;33.255;3072;3072
2026-06-08T14:03:03.0000000Z;33.165;33.24;3072;3072
2026-06-08T14:03:07.0000000Z;33.145;33.24;3072;3072
2026-06-08T14:03:13.0000000Z;33.15;33.24;3072;3072
2026-06-08T14:03:20.0000000Z;33.165;33.24;3072;3072
2026-06-08T14:03:24.0000000Z;33.165;33.255;3072;3072
2026-06-08T14:03:34.0000000Z;33.185;33.255;3072;3072
2026-06-08T14:03:36.0000000Z;33.185;33.27;3072;3072
2026-06-08T14:03:52.0000000Z;33.185;33.255;3072;3072
2026-06-08T14:03:55.0000000Z;33.165;33.255;3072;3072
2026-06-08T14:04:10.0000000Z;33.165;33.245;3072;3072
2026-06-08T14:04:15.0000000Z;33.15;33.245;3072;3072
2026-06-08T14:04:46.0000000Z;33.15;33.245;3072;3072
2026-06-08T14:05:16.0000000Z;33.15;33.245;3072;3072
2026-06-08T14:05:47.0000000Z;33.15;33.245;3072;3072
2026-06-08T14:05:52.0000000Z;33.15;33.225;3072;3072
2026-06-08T14:05:54.0000000Z;33.13;33.225;3072;3072
2026-06-08T14:06:04.0000000Z;33.145;33.225;3072;3072
2026-06-08T14:06:07.0000000Z;33.145;33.245;3072;3072
2026-06-08T14:06:09.0000000Z;33.155;33.245;3072;3072
2026-06-08T14:06:11.0000000Z;33.155;33.26;3072;3072
2026-06-08T14:06:13.0000000Z;33.16;33.25;3072;3072
2026-06-08T14:06:29.0000000Z;33.175;33.25;3072;3072
2026-06-08T14:06:40.0000000Z;33.175;33.265;3072;3072
2026-06-08T14:06:48.0000000Z;33.19;33.265;3072;3072
2026-06-08T14:06:50.0000000Z;33.19;33.28;3072;3072
2026-06-08T14:07:20.0000000Z;33.19;33.28;3072;3072
2026-06-08T14:07:35.0000000Z;33.19;33.27;3072;3072
2026-06-08T14:07:36.0000000Z;33.175;33.27;3072;3072
2026-06-08T14:08:07.0000000Z;33.175;33.27;3072;3072
2026-06-08T14:08:24.0000000Z;33.175;33.255;3072;3072
2026-06-08T14:08:29.0000000Z;33.165;33.255;3072;3072
2026-06-08T14:08:55.0000000Z;33.175;33.255;3072;3072
2026-06-08T14:08:56.0000000Z;33.175;33.275;3072;3072
2026-06-08T14:09:05.0000000Z;33.175;33.27;3072;3072
2026-06-08T14:09:27.0000000Z;33.19;33.28;3072;3072
2026-06-08T14:09:58.0000000Z;33.19;33.28;3072;3072
2026-06-08T14:10:28.0000000Z;33.19;33.28;3072;3072
2026-06-08T14:10:47.0000000Z;33.19;33.27;3072;3072
2026-06-08T14:10:51.0000000Z;33.175;33.27;3072;3072
2026-06-08T14:11:21.0000000Z;33.175;33.27;3072;3072
2026-06-08T14:11:51.0000000Z;33.19;33.27;3072;3072
2026-06-08T14:11:52.0000000Z;33.19;33.28;3072;3072
2026-06-08T14:12:22.0000000Z;33.19;33.28;3072;3072
2026-06-08T14:12:45.0000000Z;33.19;33.265;3072;3072
2026-06-08T14:12:47.0000000Z;33.17;33.265;3072;3072
2026-06-08T14:13:17.0000000Z;33.17;33.265;3072;3072
2026-06-08T14:13:48.0000000Z;33.17;33.265;3072;3072
2026-06-08T14:13:52.0000000Z;33.19;33.265;3072;3072
2026-06-08T14:13:54.0000000Z;33.19;33.29;3072;3072
2026-06-08T14:14:02.0000000Z;33.19;33.28;3072;3072
2026-06-08T14:14:19.0000000Z;33.205;33.28;3072;3072
2026-06-08T14:14:23.0000000Z;33.205;33.3;3072;3072
2026-06-08T14:14:35.0000000Z;33.205;33.285;3072;3072
2026-06-08T14:14:37.0000000Z;33.19;33.285;3072;3072
2026-06-08T14:15:08.0000000Z;33.19;33.285;3072;3072
2026-06-08T14:15:09.0000000Z;33.19;33.265;3072;3072
2026-06-08T14:15:13.0000000Z;33.17;33.265;3072;3072
2026-06-08T14:15:44.0000000Z;33.17;33.25;3072;3072
2026-06-08T14:15:52.0000000Z;33.16;33.25;3072;3072
2026-06-08T14:15:54.0000000Z;33.155;33.25;3072;3072
2026-06-08T14:16:25.0000000Z;33.155;33.25;3072;3072
2026-06-08T14:16:56.0000000Z;33.155;33.25;3072;3072
2026-06-08T14:17:26.0000000Z;33.155;33.25;3072;3072
2026-06-08T14:17:44.0000000Z;33.17;33.25;3072;3072
2026-06-08T14:17:48.0000000Z;33.17;33.265;3072;3072
2026-06-08T14:18:08.0000000Z;33.185;33.265;3072;3072
2026-06-08T14:18:17.0000000Z;33.185;33.285;3072;3072
2026-06-08T14:18:19.0000000Z;33.185;33.28;3072;3072
2026-06-08T14:18:34.0000000Z;33.185;33.265;3072;3072
2026-06-08T14:18:37.0000000Z;33.165;33.265;3072;3072
2026-06-08T14:18:44.0000000Z;33.17;33.265;3072;3072
2026-06-08T14:19:15.0000000Z;33.17;33.265;3072;3072
2026-06-08T14:19:33.0000000Z;33.17;33.25;3072;3072
2026-06-08T14:19:38.0000000Z;33.155;33.25;3072;3072
2026-06-08T14:20:02.0000000Z;33.17;33.25;3072;3072
2026-06-08T14:20:06.0000000Z;33.17;33.265;3072;3072
2026-06-08T14:20:11.0000000Z;33.19;33.265;3072;3072
2026-06-08T14:20:17.0000000Z;33.19;33.28;3072;3072
2026-06-08T14:20:47.0000000Z;33.19;33.28;3072;3072
2026-06-08T14:20:55.0000000Z;33.19;33.27;3072;3072
2026-06-08T14:20:58.0000000Z;33.17;33.27;3072;3072
2026-06-08T14:21:03.0000000Z;33.175;33.265;3072;3072
2026-06-08T14:21:33.0000000Z;33.175;33.265;3072;3072
2026-06-08T14:22:04.0000000Z;33.175;33.265;3072;3072
2026-06-08T14:22:34.0000000Z;33.175;33.265;3072;3072
2026-06-08T14:22:45.0000000Z;33.175;33.25;3072;3072
2026-06-08T14:22:47.0000000Z;33.155;33.25;3072;3072
2026-06-08T14:23:14.0000000Z;33.175;33.25;3072;3072
2026-06-08T14:23:18.0000000Z;33.175;33.27;3072;3072
2026-06-08T14:23:40.0000000Z;33.19;33.27;3072;3072
2026-06-08T14:23:42.0000000Z;33.19;33.28;3072;3072
2026-06-08T14:23:59.0000000Z;33.205;33.28;3072;3072
2026-06-08T14:24:00.0000000Z;33.205;33.295;3072;3072
2026-06-08T14:24:19.0000000Z;33.205;33.3;3072;3072
2026-06-08T14:24:49.0000000Z;33.205;33.3;3072;3072
2026-06-08T14:25:20.0000000Z;33.205;33.3;3072;3072
2026-06-08T14:25:50.0000000Z;33.205;33.3;3072;3072
2026-06-08T14:25:56.0000000Z;33.22;33.3;3072;3072
2026-06-08T14:26:09.0000000Z;33.22;33.315;3072;3072
2026-06-08T14:26:22.0000000Z;33.235;33.315;3072;3072
2026-06-08T14:26:25.0000000Z;33.235;33.325;3072;3072
2026-06-08T14:26:33.0000000Z;33.235;33.33;3072;3072
2026-06-08T14:27:04.0000000Z;33.235;33.33;3072;3072
2026-06-08T14:27:34.0000000Z;33.235;33.33;3072;3072
2026-06-08T14:28:05.0000000Z;33.235;33.33;3072;3072
2026-06-08T14:28:14.0000000Z;33.235;33.315;3072;3072
2026-06-08T14:28:15.0000000Z;33.22;33.315;3072;3072
2026-06-08T14:28:45.0000000Z;33.22;33.315;3072;3072
2026-06-08T14:29:16.0000000Z;33.22;33.315;3072;3072
2026-06-08T14:29:46.0000000Z;33.22;33.315;3072;3072
2026-06-08T14:30:17.0000000Z;33.22;33.315;3072;3072
2026-06-08T14:30:25.0000000Z;33.24;33.315;3072;3072
2026-06-08T14:30:27.0000000Z;33.24;33.34;3072;3072
2026-06-08T14:30:35.0000000Z;33.24;33.335;3072;3072
2026-06-08T14:31:06.0000000Z;33.24;33.335;3072;3072
2026-06-08T14:31:36.0000000Z;33.24;33.335;3072;3072
2026-06-08T14:32:07.0000000Z;33.24;33.335;3072;3072
2026-06-08T14:32:37.0000000Z;33.24;33.335;3072;3072
2026-06-08T14:33:08.0000000Z;33.24;33.335;3072;3072
2026-06-08T14:33:38.0000000Z;33.24;33.335;3072;3072
2026-06-08T14:34:09.0000000Z;33.24;33.335;3072;3072
2026-06-08T14:34:39.0000000Z;33.24;33.335;3072;3072
2026-06-08T14:35:10.0000000Z;33.24;33.335;3072;3072
2026-06-08T14:35:40.0000000Z;33.24;33.335;3072;3072
2026-06-08T14:35:43.0000000Z;33.255;33.335;3072;3072
2026-06-08T14:35:44.0000000Z;33.255;33.35;3072;3072
2026-06-08T14:36:15.0000000Z;33.255;33.35;3072;3072
2026-06-08T14:36:27.0000000Z;33.275;33.35;3072;3072
2026-06-08T14:36:29.0000000Z;33.275;33.365;3072;3072
2026-06-08T14:36:37.0000000Z;33.275;33.37;3072;3072
2026-06-08T14:36:56.0000000Z;33.29;33.37;3072;3072
2026-06-08T14:37:01.0000000Z;33.29;33.385;3072;3072
2026-06-08T14:37:29.0000000Z;33.29;33.37;3072;3072
2026-06-08T14:37:32.0000000Z;33.275;33.37;3072;3072
2026-06-08T14:38:02.0000000Z;33.275;33.37;3072;3072
2026-06-08T14:38:33.0000000Z;33.275;33.37;3072;3072
2026-06-08T14:39:03.0000000Z;33.275;33.37;3072;3072
2026-06-08T14:39:34.0000000Z;33.275;33.37;3072;3072
2026-06-08T14:39:52.0000000Z;33.27;33.37;3072;3072
2026-06-08T14:39:56.0000000Z;33.27;33.375;3072;3072
2026-06-08T14:39:59.0000000Z;33.275;33.36;3072;3072
2026-06-08T14:40:12.0000000Z;33.275;33.37;3072;3072
2026-06-08T14:40:43.0000000Z;33.275;33.37;3072;3072
2026-06-08T14:40:47.0000000Z;33.29;33.37;3072;3072
2026-06-08T14:40:53.0000000Z;33.29;33.385;3072;3072
2026-06-08T14:41:14.0000000Z;33.29;33.37;3072;3072
2026-06-08T14:41:16.0000000Z;33.275;33.37;3072;3072
2026-06-08T14:41:37.0000000Z;33.275;33.355;3072;3072
2026-06-08T14:41:39.0000000Z;33.255;33.355;3072;3072
2026-06-08T14:41:48.0000000Z;33.26;33.355;3072;3072
2026-06-08T14:42:19.0000000Z;33.26;33.355;3072;3072
2026-06-08T14:42:20.0000000Z;33.26;33.34;3072;3072
2026-06-08T14:42:21.0000000Z;33.245;33.34;3072;3072
2026-06-08T14:42:52.0000000Z;33.245;33.34;3072;3072
2026-06-08T14:43:23.0000000Z;33.245;33.34;3072;3072
2026-06-08T14:43:39.0000000Z;33.245;33.32;3072;3072
2026-06-08T14:43:41.0000000Z;33.23;33.32;3072;3072
2026-06-08T14:44:09.0000000Z;33.23;33.32;3072;3072
2026-06-08T14:44:25.0000000Z;33.24;33.32;3072;3072
2026-06-08T14:44:27.0000000Z;33.24;33.335;3072;3072
2026-06-08T14:44:58.0000000Z;33.24;33.335;3072;3072
2026-06-08T14:45:04.0000000Z;33.26;33.335;3072;3072
2026-06-08T14:45:06.0000000Z;33.26;33.355;3072;3072
2026-06-08T14:45:19.0000000Z;33.275;33.355;3072;3072
2026-06-08T14:45:22.0000000Z;33.275;33.37;3072;3072
2026-06-08T14:45:53.0000000Z;33.275;33.37;3072;3072
2026-06-08T14:45:55.0000000Z;33.29;33.385;3072;3072
2026-06-08T14:46:26.0000000Z;33.29;33.385;3072;3072
2026-06-08T14:46:37.0000000Z;33.305;33.4;3072;3072
2026-06-08T14:46:59.0000000Z;33.32;33.4;3072;3072
2026-06-08T14:47:00.0000000Z;33.32;33.415;3072;3072
2026-06-08T14:47:31.0000000Z;33.32;33.415;3072;3072
2026-06-08T14:47:51.0000000Z;33.32;33.42;3072;3072
2026-06-08T14:47:59.0000000Z;33.32;33.415;3072;3072
2026-06-08T14:48:30.0000000Z;33.32;33.415;3072;3072
2026-06-08T14:49:00.0000000Z;33.32;33.415;3072;3072
2026-06-08T14:49:31.0000000Z;33.32;33.415;3072;3072
2026-06-08T14:50:01.0000000Z;33.32;33.415;3072;3072
2026-06-08T14:50:32.0000000Z;33.32;33.415;3072;3072
2026-06-08T14:50:35.0000000Z;33.32;33.4;3072;3072
2026-06-08T14:50:37.0000000Z;33.305;33.4;3072;3072
2026-06-08T14:51:08.0000000Z;33.305;33.4;3072;3072
2026-06-08T14:51:35.0000000Z;33.325;33.4;3072;3072
2026-06-08T14:51:37.0000000Z;33.325;33.42;3072;3072
2026-06-08T14:52:07.0000000Z;33.325;33.42;3072;3072
2026-06-08T14:52:25.0000000Z;33.34;33.42;3072;3072
2026-06-08T14:52:28.0000000Z;33.34;33.435;3072;3072
2026-06-08T14:52:58.0000000Z;33.34;33.435;3072;3072
2026-06-08T14:53:29.0000000Z;33.34;33.435;3072;3072
2026-06-08T14:53:43.0000000Z;33.34;33.42;3072;3072
2026-06-08T14:53:45.0000000Z;33.325;33.42;3072;3072
2026-06-08T14:54:16.0000000Z;33.325;33.42;3072;3072
2026-06-08T14:54:46.0000000Z;33.325;33.42;3072;3072
2026-06-08T14:55:17.0000000Z;33.325;33.42;3072;3072
2026-06-08T14:55:47.0000000Z;33.325;33.42;3072;3072
2026-06-08T14:56:12.0000000Z;33.325;33.4;3072;3072
2026-06-08T14:56:15.0000000Z;33.305;33.4;3072;3072
2026-06-08T14:56:45.0000000Z;33.305;33.4;3072;3072
2026-06-08T14:57:03.0000000Z;33.32;33.4;3072;3072
2026-06-08T14:57:05.0000000Z;33.32;33.415;3072;3072
2026-06-08T14:57:35.0000000Z;33.32;33.415;3072;3072
2026-06-08T14:58:06.0000000Z;33.32;33.415;3072;3072
2026-06-08T14:58:34.0000000Z;33.34;33.435;3072;3072
2026-06-08T14:59:05.0000000Z;33.34;33.435;3072;3072
2026-06-08T14:59:29.0000000Z;33.335;33.44;3072;3072
2026-06-08T14:59:59.0000000Z;33.335;33.44;3072;3072
