2026-06-08T08:00:28.0000000Z;5.683;5.696;17849;17849
2026-06-08T08:00:58.0000000Z;5.683;5.696;17849;17849
2026-06-08T08:01:29.0000000Z;5.683;5.696;17849;17849
2026-06-08T08:01:59.0000000Z;5.683;5.696;17849;17849
2026-06-08T08:02:30.0000000Z;5.683;5.696;17849;17849
2026-06-08T08:02:49.0000000Z;5.683;5.695;17849;17849
2026-06-08T08:03:19.0000000Z;5.683;5.695;17849;17849
2026-06-08T08:03:50.0000000Z;5.683;5.695;17849;17849
2026-06-08T08:04:20.0000000Z;5.683;5.695;17849;17849
2026-06-08T08:04:51.0000000Z;5.683;5.695;17849;17849
2026-06-08T08:05:21.0000000Z;5.683;5.695;17849;17849
2026-06-08T08:05:52.0000000Z;5.683;5.695;17849;17849
2026-06-08T08:06:22.0000000Z;5.683;5.695;17849;17849
2026-06-08T08:06:53.0000000Z;5.683;5.695;17849;17849
2026-06-08T08:07:23.0000000Z;5.683;5.695;17849;17849
2026-06-08T08:07:54.0000000Z;5.683;5.695;17849;17849
2026-06-08T08:08:24.0000000Z;5.683;5.695;17849;17849
2026-06-08T08:08:55.0000000Z;5.683;5.695;17849;17849
2026-06-08T08:09:25.0000000Z;5.683;5.695;17849;17849
2026-06-08T08:09:56.0000000Z;5.683;5.695;17849;17849
2026-06-08T08:10:26.0000000Z;5.683;5.695;17849;17849
2026-06-08T08:10:57.0000000Z;5.683;5.695;17849;17849
2026-06-08T08:11:27.0000000Z;5.683;5.695;17849;17849
2026-06-08T08:11:58.0000000Z;5.683;5.695;17849;17849
2026-06-08T08:12:28.0000000Z;5.683;5.695;17849;17849
2026-06-08T08:12:59.0000000Z;5.683;5.695;17849;17849
2026-06-08T08:13:30.0000000Z;5.683;5.695;17849;17849
2026-06-08T08:13:35.0000000Z;5.684;5.695;17849;17849
2026-06-08T08:14:05.0000000Z;5.684;5.695;17849;17849
2026-06-08T08:14:29.0000000Z;5.683;5.695;17849;17849
2026-06-08T08:14:59.0000000Z;5.683;5.695;17849;17849
2026-06-08T08:15:29.0000000Z;5.683;5.698;17849;17849
2026-06-08T08:15:53.0000000Z;5.684;5.698;17849;17849
2026-06-08T08:16:21.0000000Z;5.683;5.698;17849;17849
2026-06-08T08:16:52.0000000Z;5.683;5.698;17849;17849
2026-06-08T08:17:23.0000000Z;5.683;5.698;17849;17849
2026-06-08T08:17:53.0000000Z;5.683;5.698;17849;17849
2026-06-08T08:18:24.0000000Z;5.683;5.698;17849;17849
2026-06-08T08:18:49.0000000Z;5.684;5.698;17849;17849
2026-06-08T08:19:20.0000000Z;5.684;5.698;17849;17849
2026-06-08T08:19:50.0000000Z;5.684;5.698;17849;17849
2026-06-08T08:20:04.0000000Z;5.685;5.698;17849;17849
2026-06-08T08:20:34.0000000Z;5.685;5.698;17849;17849
2026-06-08T08:21:04.0000000Z;5.685;5.698;17849;17849
2026-06-08T08:21:35.0000000Z;5.685;5.698;17849;17849
2026-06-08T08:22:05.0000000Z;5.685;5.698;17849;17849
2026-06-08T08:22:36.0000000Z;5.685;5.698;17849;17849
2026-06-08T08:23:06.0000000Z;5.685;5.698;17849;17849
2026-06-08T08:23:37.0000000Z;5.685;5.698;17849;17849
2026-06-08T08:24:07.0000000Z;5.685;5.698;17849;17849
2026-06-08T08:24:38.0000000Z;5.685;5.698;17849;17849
2026-06-08T08:25:08.0000000Z;5.685;5.698;17849;17849
2026-06-08T08:25:39.0000000Z;5.685;5.698;17849;17849
2026-06-08T08:26:09.0000000Z;5.685;5.698;17849;17849
2026-06-08T08:26:40.0000000Z;5.685;5.698;17849;17849
2026-06-08T08:27:10.0000000Z;5.685;5.698;17849;17849
2026-06-08T08:27:41.0000000Z;5.685;5.698;17849;17849
2026-06-08T08:28:12.0000000Z;5.685;5.698;17849;17849
2026-06-08T08:28:42.0000000Z;5.685;5.698;17849;17849
2026-06-08T08:29:13.0000000Z;5.685;5.698;17849;17849
2026-06-08T08:29:43.0000000Z;5.685;5.698;17849;17849
2026-06-08T08:30:14.0000000Z;5.685;5.698;17849;17849
2026-06-08T08:30:44.0000000Z;5.685;5.698;17849;17849
2026-06-08T08:31:15.0000000Z;5.685;5.698;17849;17849
2026-06-08T08:31:45.0000000Z;5.685;5.698;17849;17849
2026-06-08T08:32:16.0000000Z;5.685;5.698;17849;17849
2026-06-08T08:32:46.0000000Z;5.685;5.698;17849;17849
2026-06-08T08:33:17.0000000Z;5.685;5.698;17849;17849
2026-06-08T08:33:47.0000000Z;5.685;5.698;17849;17849
2026-06-08T08:34:18.0000000Z;5.685;5.698;17849;17849
2026-06-08T08:34:48.0000000Z;5.685;5.698;17849;17849
2026-06-08T08:35:19.0000000Z;5.685;5.698;17849;17849
2026-06-08T08:35:50.0000000Z;5.685;5.698;17849;17849
2026-06-08T08:36:07.0000000Z;5.686;5.698;17849;17849
2026-06-08T08:36:10.0000000Z;5.685;5.698;17849;17849
2026-06-08T08:36:39.0000000Z;5.685;5.698;17849;17849
2026-06-08T08:37:10.0000000Z;5.685;5.698;17849;17849
2026-06-08T08:37:41.0000000Z;5.685;5.698;17849;17849
2026-06-08T08:38:11.0000000Z;5.685;5.698;17849;17849
2026-06-08T08:38:42.0000000Z;5.685;5.698;17849;17849
2026-06-08T08:39:12.0000000Z;5.685;5.698;17849;17849
2026-06-08T08:39:43.0000000Z;5.685;5.698;17849;17849
2026-06-08T08:40:13.0000000Z;5.685;5.698;17849;17849
2026-06-08T08:40:25.0000000Z;5.685;5.697;17849;17849
2026-06-08T08:40:33.0000000Z;5.685;5.698;17849;17849
2026-06-08T08:41:01.0000000Z;5.685;5.698;17849;17849
2026-06-08T08:41:06.0000000Z;5.685;5.694;17849;17849
2026-06-08T08:41:37.0000000Z;5.685;5.694;17849;17849
2026-06-08T08:42:05.0000000Z;5.685;5.695;17849;17849
2026-06-08T08:42:34.0000000Z;5.685;5.695;17849;17849
2026-06-08T08:43:05.0000000Z;5.685;5.695;17849;17849
2026-06-08T08:43:36.0000000Z;5.685;5.695;17849;17849
2026-06-08T08:44:06.0000000Z;5.685;5.695;17849;17849
2026-06-08T08:44:37.0000000Z;5.685;5.695;17849;17849
2026-06-08T08:44:45.0000000Z;5.685;5.694;17849;17849
2026-06-08T08:44:56.0000000Z;5.685;5.695;17849;17849
2026-06-08T08:44:59.0000000Z;5.685;5.694;17849;17849
2026-06-08T08:45:00.0000000Z;5.685;5.695;17849;17849
2026-06-08T08:45:05.0000000Z;5.685;5.694;17849;17849
2026-06-08T08:45:10.0000000Z;5.685;5.695;17849;17849
2026-06-08T08:45:40.0000000Z;5.685;5.695;17849;17849
2026-06-08T08:46:10.0000000Z;5.685;5.695;17849;17849
2026-06-08T08:46:41.0000000Z;5.685;5.695;17849;17849
2026-06-08T08:47:11.0000000Z;5.685;5.695;17849;17849
2026-06-08T08:47:42.0000000Z;5.685;5.695;17849;17849
2026-06-08T08:48:12.0000000Z;5.685;5.695;17849;17849
2026-06-08T08:48:43.0000000Z;5.685;5.695;17849;17849
2026-06-08T08:49:13.0000000Z;5.685;5.695;17849;17849
2026-06-08T08:49:44.0000000Z;5.685;5.695;17849;17849
2026-06-08T08:50:14.0000000Z;5.685;5.695;17849;17849
2026-06-08T08:50:45.0000000Z;5.685;5.695;17849;17849
2026-06-08T08:51:10.0000000Z;5.685;5.694;17849;17849
2026-06-08T08:51:32.0000000Z;5.685;5.695;17849;17849
2026-06-08T08:51:45.0000000Z;5.685;5.694;17849;17849
2026-06-08T08:52:15.0000000Z;5.685;5.694;17849;17849
2026-06-08T08:52:46.0000000Z;5.685;5.694;17849;17849
2026-06-08T08:52:54.0000000Z;5.685;5.695;17849;17849
2026-06-08T08:52:59.0000000Z;5.685;5.694;17849;17849
2026-06-08T08:53:09.0000000Z;5.689;5.694;17849;17849
2026-06-08T08:53:17.0000000Z;5.689;5.695;17849;17849
2026-06-08T08:53:24.0000000Z;5.689;5.694;17849;17849
2026-06-08T08:53:38.0000000Z;5.689;5.695;17849;17849
2026-06-08T08:53:41.0000000Z;5.689;5.694;17849;17849
2026-06-08T08:54:12.0000000Z;5.689;5.694;17849;17849
2026-06-08T08:54:13.0000000Z;5.689;5.695;17849;17849
2026-06-08T08:54:18.0000000Z;5.689;5.694;17849;17849
2026-06-08T08:54:33.0000000Z;5.689;5.695;17849;17849
2026-06-08T08:55:04.0000000Z;5.689;5.695;17849;17849
2026-06-08T08:55:34.0000000Z;5.689;5.695;17849;17849
2026-06-08T08:56:05.0000000Z;5.689;5.695;17849;17849
2026-06-08T08:56:35.0000000Z;5.689;5.695;17849;17849
2026-06-08T08:57:06.0000000Z;5.689;5.695;17849;17849
2026-06-08T08:57:36.0000000Z;5.689;5.695;17849;17849
2026-06-08T08:58:07.0000000Z;5.689;5.695;17849;17849
2026-06-08T08:58:37.0000000Z;5.689;5.695;17849;17849
2026-06-08T08:59:08.0000000Z;5.689;5.695;17849;17849
2026-06-08T08:59:18.0000000Z;5.689;5.698;17849;17849
2026-06-08T08:59:48.0000000Z;5.689;5.698;17849;17849
2026-06-08T09:00:01.0000000Z;5.689;5.697;17849;17849
2026-06-08T09:00:06.0000000Z;5.689;5.698;17849;17849
2026-06-08T09:00:37.0000000Z;5.689;5.698;17849;17849
2026-06-08T09:01:08.0000000Z;5.689;5.698;17849;17849
2026-06-08T09:01:38.0000000Z;5.689;5.698;17849;17849
2026-06-08T09:02:09.0000000Z;5.689;5.698;17849;17849
2026-06-08T09:02:40.0000000Z;5.689;5.698;17849;17849
2026-06-08T09:03:10.0000000Z;5.689;5.698;17849;17849
2026-06-08T09:03:41.0000000Z;5.689;5.698;17849;17849
2026-06-08T09:04:11.0000000Z;5.689;5.698;17849;17849
2026-06-08T09:04:42.0000000Z;5.689;5.698;17849;17849
2026-06-08T09:05:12.0000000Z;5.689;5.698;17849;17849
2026-06-08T09:05:43.0000000Z;5.689;5.698;17849;17849
2026-06-08T09:06:13.0000000Z;5.689;5.698;17849;17849
2026-06-08T09:06:44.0000000Z;5.689;5.698;17849;17849
2026-06-08T09:07:14.0000000Z;5.689;5.698;17849;17849
2026-06-08T09:07:45.0000000Z;5.689;5.698;17849;17849
2026-06-08T09:08:15.0000000Z;5.689;5.698;17849;17849
2026-06-08T09:08:46.0000000Z;5.689;5.698;17849;17849
2026-06-08T09:09:17.0000000Z;5.689;5.698;17849;17849
2026-06-08T09:09:47.0000000Z;5.689;5.698;17849;17849
2026-06-08T09:10:18.0000000Z;5.689;5.698;17849;17849
2026-06-08T09:10:48.0000000Z;5.689;5.698;17849;17849
2026-06-08T09:11:19.0000000Z;5.689;5.698;17849;17849
2026-06-08T09:11:49.0000000Z;5.689;5.698;17849;17849
2026-06-08T09:12:20.0000000Z;5.689;5.698;17849;17849
2026-06-08T09:12:51.0000000Z;5.689;5.698;17849;17849
2026-06-08T09:13:21.0000000Z;5.689;5.698;17849;17849
2026-06-08T09:13:52.0000000Z;5.689;5.698;17849;17849
2026-06-08T09:14:22.0000000Z;5.689;5.698;17849;17849
2026-06-08T09:14:53.0000000Z;5.689;5.698;17849;17849
2026-06-08T09:15:23.0000000Z;5.689;5.698;17849;17849
2026-06-08T09:15:54.0000000Z;5.689;5.698;17849;17849
2026-06-08T09:16:25.0000000Z;5.689;5.698;17849;17849
2026-06-08T09:16:55.0000000Z;5.689;5.698;17849;17849
2026-06-08T09:17:00.0000000Z;5.689;5.704;17849;17849
2026-06-08T09:17:16.0000000Z;5.689;5.702;17849;17849
2026-06-08T09:17:22.0000000Z;5.689;5.703;17849;17849
2026-06-08T09:17:52.0000000Z;5.689;5.703;17849;17849
2026-06-08T09:18:23.0000000Z;5.689;5.703;17849;17849
2026-06-08T09:18:53.0000000Z;5.689;5.703;17849;17849
2026-06-08T09:19:24.0000000Z;5.689;5.703;17849;17849
2026-06-08T09:19:54.0000000Z;5.689;5.703;17849;17849
2026-06-08T09:20:25.0000000Z;5.689;5.703;17849;17849
2026-06-08T09:20:40.0000000Z;5.69;5.703;17849;17849
2026-06-08T09:21:10.0000000Z;5.69;5.703;17849;17849
2026-06-08T09:21:40.0000000Z;5.69;5.703;17849;17849
2026-06-08T09:22:11.0000000Z;5.69;5.703;17849;17849
2026-06-08T09:22:17.0000000Z;5.691;5.703;17849;17849
2026-06-08T09:22:20.0000000Z;5.692;5.703;17849;17849
2026-06-08T09:22:50.0000000Z;5.692;5.703;17849;17849
2026-06-08T09:23:21.0000000Z;5.692;5.703;17849;17849
2026-06-08T09:23:52.0000000Z;5.692;5.703;17849;17849
2026-06-08T09:24:22.0000000Z;5.692;5.703;17849;17849
2026-06-08T09:24:53.0000000Z;5.692;5.703;17849;17849
2026-06-08T09:25:23.0000000Z;5.692;5.703;17849;17849
2026-06-08T09:25:54.0000000Z;5.692;5.703;17849;17849
2026-06-08T09:26:13.0000000Z;5.693;5.703;17849;17849
2026-06-08T09:26:44.0000000Z;5.693;5.703;17849;17849
2026-06-08T09:27:14.0000000Z;5.693;5.703;17849;17849
2026-06-08T09:27:45.0000000Z;5.693;5.703;17849;17849
2026-06-08T09:27:50.0000000Z;5.694;5.703;17849;17849
2026-06-08T09:28:21.0000000Z;5.694;5.703;17849;17849
2026-06-08T09:28:51.0000000Z;5.694;5.703;17849;17849
2026-06-08T09:29:22.0000000Z;5.694;5.703;17849;17849
2026-06-08T09:29:52.0000000Z;5.694;5.703;17849;17849
2026-06-08T09:30:23.0000000Z;5.694;5.703;17849;17849
2026-06-08T09:30:53.0000000Z;5.694;5.703;17849;17849
2026-06-08T09:31:24.0000000Z;5.694;5.703;17849;17849
2026-06-08T09:31:55.0000000Z;5.694;5.703;17849;17849
2026-06-08T09:32:25.0000000Z;5.694;5.703;17849;17849
2026-06-08T09:32:56.0000000Z;5.694;5.703;17849;17849
2026-06-08T09:33:26.0000000Z;5.694;5.703;17849;17849
2026-06-08T09:33:57.0000000Z;5.694;5.703;17849;17849
2026-06-08T09:34:14.0000000Z;5.694;5.704;17849;17849
2026-06-08T09:34:45.0000000Z;5.694;5.704;17849;17849
2026-06-08T09:35:15.0000000Z;5.694;5.704;17849;17849
2026-06-08T09:35:46.0000000Z;5.694;5.704;17849;17849
2026-06-08T09:36:17.0000000Z;5.694;5.704;17849;17849
2026-06-08T09:36:47.0000000Z;5.696;5.704;17849;17849
2026-06-08T09:36:49.0000000Z;5.696;5.706;17849;17849
2026-06-08T09:37:02.0000000Z;5.697;5.706;17849;17849
2026-06-08T09:37:13.0000000Z;5.697;5.713;17849;17849
2026-06-08T09:37:14.0000000Z;5.697;5.707;17849;17849
2026-06-08T09:37:17.0000000Z;5.697;5.707;17849;17849
2026-06-08T09:37:19.0000000Z;5.697;5.708;17849;17849
2026-06-08T09:37:49.0000000Z;5.697;5.708;17849;17849
2026-06-08T09:38:16.0000000Z;5.697;5.707;17849;17849
2026-06-08T09:38:47.0000000Z;5.697;5.707;17849;17849
2026-06-08T09:39:01.0000000Z;5.697;5.706;17849;17849
2026-06-08T09:39:07.0000000Z;5.697;5.707;17849;17849
2026-06-08T09:39:38.0000000Z;5.697;5.707;17849;17849
2026-06-08T09:40:08.0000000Z;5.697;5.707;17849;17849
2026-06-08T09:40:39.0000000Z;5.697;5.707;17849;17849
2026-06-08T09:41:09.0000000Z;5.697;5.707;17849;17849
2026-06-08T09:41:40.0000000Z;5.697;5.707;17849;17849
2026-06-08T09:42:10.0000000Z;5.697;5.707;17849;17849
2026-06-08T09:42:41.0000000Z;5.697;5.707;17849;17849
2026-06-08T09:43:11.0000000Z;5.697;5.707;17849;17849
2026-06-08T09:43:42.0000000Z;5.697;5.707;17849;17849
2026-06-08T09:44:12.0000000Z;5.697;5.707;17849;17849
2026-06-08T09:44:43.0000000Z;5.697;5.707;17849;17849
2026-06-08T09:45:13.0000000Z;5.697;5.707;17849;17849
2026-06-08T09:45:44.0000000Z;5.697;5.707;17849;17849
2026-06-08T09:46:15.0000000Z;5.697;5.707;17849;17849
2026-06-08T09:46:45.0000000Z;5.697;5.707;17849;17849
2026-06-08T09:47:16.0000000Z;5.697;5.707;17849;17849
2026-06-08T09:47:46.0000000Z;5.697;5.707;17849;17849
2026-06-08T09:48:17.0000000Z;5.697;5.707;17849;17849
2026-06-08T09:48:47.0000000Z;5.697;5.707;17849;17849
2026-06-08T09:49:18.0000000Z;5.697;5.707;17849;17849
2026-06-08T09:49:48.0000000Z;5.697;5.707;17849;17849
2026-06-08T09:50:19.0000000Z;5.697;5.707;17849;17849
2026-06-08T09:50:49.0000000Z;5.697;5.707;17849;17849
2026-06-08T09:51:20.0000000Z;5.697;5.707;17849;17849
2026-06-08T09:51:50.0000000Z;5.697;5.707;17849;17849
2026-06-08T09:52:21.0000000Z;5.697;5.707;17849;17849
2026-06-08T09:52:52.0000000Z;5.697;5.707;17849;17849
2026-06-08T09:53:22.0000000Z;5.697;5.707;17849;17849
2026-06-08T09:53:53.0000000Z;5.697;5.707;17849;17849
2026-06-08T09:54:23.0000000Z;5.697;5.707;17849;17849
2026-06-08T09:54:54.0000000Z;5.697;5.707;17849;17849
2026-06-08T09:55:25.0000000Z;5.697;5.707;17849;17849
2026-06-08T09:55:55.0000000Z;5.697;5.707;17849;17849
2026-06-08T09:56:26.0000000Z;5.697;5.707;17849;17849
2026-06-08T09:56:56.0000000Z;5.697;5.707;17849;17849
2026-06-08T09:57:27.0000000Z;5.697;5.707;17849;17849
2026-06-08T09:57:57.0000000Z;5.697;5.707;17849;17849
2026-06-08T09:58:06.0000000Z;5.697;5.708;17849;17849
2026-06-08T09:58:36.0000000Z;5.697;5.708;17849;17849
2026-06-08T09:59:07.0000000Z;5.697;5.708;17849;17849
2026-06-08T09:59:37.0000000Z;5.697;5.708;17849;17849
2026-06-08T10:00:08.0000000Z;5.697;5.708;17849;17849
2026-06-08T10:00:38.0000000Z;5.697;5.708;17849;17849
2026-06-08T10:01:09.0000000Z;5.697;5.708;17849;17849
2026-06-08T10:01:39.0000000Z;5.697;5.708;17849;17849
2026-06-08T10:01:46.0000000Z;5.697;5.704;17849;17849
2026-06-08T10:02:07.0000000Z;5.697;5.7;17849;17849
2026-06-08T10:02:38.0000000Z;5.697;5.7;17849;17849
2026-06-08T10:03:03.0000000Z;5.697;5.704;17849;17849
2026-06-08T10:03:33.0000000Z;5.697;5.704;17849;17849
2026-06-08T10:04:04.0000000Z;5.697;5.704;17849;17849
2026-06-08T10:04:34.0000000Z;5.697;5.704;17849;17849
2026-06-08T10:05:05.0000000Z;5.697;5.704;17849;17849
2026-06-08T10:05:36.0000000Z;5.697;5.704;17849;17849
2026-06-08T10:06:06.0000000Z;5.697;5.704;17849;17849
2026-06-08T10:06:37.0000000Z;5.697;5.704;17849;17849
2026-06-08T10:07:07.0000000Z;5.697;5.704;17849;17849
2026-06-08T10:07:38.0000000Z;5.697;5.704;17849;17849
2026-06-08T10:08:08.0000000Z;5.697;5.704;17849;17849
2026-06-08T10:08:39.0000000Z;5.697;5.704;17849;17849
2026-06-08T10:09:09.0000000Z;5.697;5.704;17849;17849
2026-06-08T10:09:40.0000000Z;5.697;5.704;17849;17849
2026-06-08T10:10:10.0000000Z;5.697;5.704;17849;17849
2026-06-08T10:10:41.0000000Z;5.697;5.704;17849;17849
2026-06-08T10:11:11.0000000Z;5.697;5.704;17849;17849
2026-06-08T10:11:42.0000000Z;5.697;5.704;17849;17849
2026-06-08T10:12:13.0000000Z;5.697;5.704;17849;17849
2026-06-08T10:12:43.0000000Z;5.697;5.704;17849;17849
2026-06-08T10:13:14.0000000Z;5.697;5.704;17849;17849
2026-06-08T10:13:44.0000000Z;5.697;5.704;17849;17849
2026-06-08T10:14:15.0000000Z;5.697;5.704;17849;17849
2026-06-08T10:14:45.0000000Z;5.697;5.704;17849;17849
2026-06-08T10:15:16.0000000Z;5.697;5.704;17849;17849
2026-06-08T10:15:46.0000000Z;5.697;5.704;17849;17849
2026-06-08T10:16:17.0000000Z;5.697;5.704;17849;17849
2026-06-08T10:16:47.0000000Z;5.697;5.704;17849;17849
2026-06-08T10:17:18.0000000Z;5.697;5.704;17849;17849
2026-06-08T10:17:45.0000000Z;5.697;5.7;17849;17849
2026-06-08T10:18:16.0000000Z;5.697;5.7;17849;17849
2026-06-08T10:18:47.0000000Z;5.697;5.7;17849;17849
2026-06-08T10:19:17.0000000Z;5.697;5.7;17849;17849
2026-06-08T10:19:48.0000000Z;5.697;5.7;17849;17849
2026-06-08T10:20:18.0000000Z;5.697;5.7;17849;17849
2026-06-08T10:20:49.0000000Z;5.697;5.7;17849;17849
2026-06-08T10:21:19.0000000Z;5.697;5.7;17849;17849
2026-06-08T10:21:50.0000000Z;5.697;5.7;17849;17849
2026-06-08T10:22:20.0000000Z;5.697;5.7;17849;17849
2026-06-08T10:22:51.0000000Z;5.696;5.697;17849;17849
2026-06-08T10:22:53.0000000Z;5.683;5.697;17849;17849
2026-06-08T10:22:54.0000000Z;5.683;5.698;17849;17849
2026-06-08T10:23:24.0000000Z;5.683;5.698;17849;17849
2026-06-08T10:23:55.0000000Z;5.683;5.698;17849;17849
2026-06-08T10:24:12.0000000Z;5.678;5.698;17849;17849
2026-06-08T10:24:16.0000000Z;5.686;5.698;17849;17849
2026-06-08T10:24:26.0000000Z;5.685;5.698;17849;17849
2026-06-08T10:24:42.0000000Z;5.678;5.698;17849;17849
2026-06-08T10:25:12.0000000Z;5.678;5.698;17849;17849
2026-06-08T10:25:43.0000000Z;5.678;5.698;17849;17849
2026-06-08T10:26:13.0000000Z;5.678;5.698;17849;17849
2026-06-08T10:26:44.0000000Z;5.678;5.698;17849;17849
2026-06-08T10:27:14.0000000Z;5.678;5.698;17849;17849
2026-06-08T10:27:32.0000000Z;5.684;5.698;17849;17849
2026-06-08T10:28:02.0000000Z;5.684;5.698;17849;17849
2026-06-08T10:28:33.0000000Z;5.684;5.698;17849;17849
2026-06-08T10:29:03.0000000Z;5.684;5.698;17849;17849
2026-06-08T10:29:23.0000000Z;5.684;5.702;17849;17849
2026-06-08T10:29:54.0000000Z;5.684;5.702;17849;17849
2026-06-08T10:30:25.0000000Z;5.684;5.702;17849;17849
2026-06-08T10:30:55.0000000Z;5.684;5.702;17849;17849
2026-06-08T10:31:26.0000000Z;5.684;5.702;17849;17849
2026-06-08T10:31:57.0000000Z;5.684;5.702;17849;17849
2026-06-08T10:32:27.0000000Z;5.684;5.702;17849;17849
2026-06-08T10:32:58.0000000Z;5.684;5.702;17849;17849
2026-06-08T10:33:28.0000000Z;5.684;5.702;17849;17849
2026-06-08T10:33:45.0000000Z;5.689;5.702;17849;17849
2026-06-08T10:33:50.0000000Z;5.688;5.702;17849;17849
2026-06-08T10:34:17.0000000Z;5.69;5.702;17849;17849
2026-06-08T10:34:22.0000000Z;5.69;5.705;17849;17849
2026-06-08T10:34:30.0000000Z;5.69;5.709;17849;17849
2026-06-08T10:34:33.0000000Z;5.677;5.728;17849;17849
2026-06-08T10:34:40.0000000Z;5.683;5.727;17849;17849
2026-06-08T10:34:54.0000000Z;5.683;5.725;17849;17849
2026-06-08T10:34:57.0000000Z;5.679;5.725;17849;17849
2026-06-08T10:34:58.0000000Z;5.68;5.725;17849;17849
2026-06-08T10:35:01.0000000Z;5.691;5.725;17849;17849
2026-06-08T10:35:03.0000000Z;5.691;5.716;17849;17849
2026-06-08T10:35:05.0000000Z;5.685;5.716;17849;17849
2026-06-08T10:35:07.0000000Z;5.689;5.715;17849;17849
2026-06-08T10:35:10.0000000Z;5.689;5.714;17849;17849
2026-06-08T10:35:41.0000000Z;5.689;5.714;17849;17849
2026-06-08T10:35:59.0000000Z;5.689;5.713;17849;17849
2026-06-08T10:36:10.0000000Z;5.689;5.712;17849;17849
2026-06-08T10:36:16.0000000Z;5.689;5.711;17849;17849
2026-06-08T10:36:19.0000000Z;5.689;5.712;17849;17849
2026-06-08T10:36:49.0000000Z;5.689;5.713;17849;17849
2026-06-08T10:37:20.0000000Z;5.689;5.713;17849;17849
2026-06-08T10:37:51.0000000Z;5.689;5.713;17849;17849
2026-06-08T10:38:00.0000000Z;5.692;5.713;17849;17849
2026-06-08T10:38:30.0000000Z;5.692;5.713;17849;17849
2026-06-08T10:39:01.0000000Z;5.692;5.713;17849;17849
2026-06-08T10:39:32.0000000Z;5.692;5.713;17849;17849
2026-06-08T10:40:02.0000000Z;5.692;5.713;17849;17849
2026-06-08T10:40:33.0000000Z;5.692;5.713;17849;17849
2026-06-08T10:41:03.0000000Z;5.692;5.713;17849;17849
2026-06-08T10:41:34.0000000Z;5.692;5.713;17849;17849
2026-06-08T10:42:04.0000000Z;5.692;5.713;17849;17849
2026-06-08T10:42:35.0000000Z;5.692;5.713;17849;17849
2026-06-08T10:43:06.0000000Z;5.692;5.713;17849;17849
2026-06-08T10:43:36.0000000Z;5.692;5.713;17849;17849
2026-06-08T10:44:07.0000000Z;5.692;5.713;17849;17849
2026-06-08T10:44:37.0000000Z;5.692;5.713;17849;17849
2026-06-08T10:45:08.0000000Z;5.692;5.713;17849;17849
2026-06-08T10:45:39.0000000Z;5.692;5.713;17849;17849
2026-06-08T10:46:09.0000000Z;5.692;5.713;17849;17849
2026-06-08T10:46:40.0000000Z;5.692;5.713;17849;17849
2026-06-08T10:47:10.0000000Z;5.692;5.713;17849;17849
2026-06-08T10:47:17.0000000Z;5.692;5.711;17849;17849
2026-06-08T10:47:47.0000000Z;5.692;5.711;17849;17849
2026-06-08T10:48:18.0000000Z;5.692;5.711;17849;17849
2026-06-08T10:48:26.0000000Z;5.692;5.712;17849;17849
2026-06-08T10:48:28.0000000Z;5.692;5.711;17849;17849
2026-06-08T10:48:58.0000000Z;5.692;5.711;17849;17849
2026-06-08T10:49:29.0000000Z;5.692;5.711;17849;17849
2026-06-08T10:50:00.0000000Z;5.692;5.711;17849;17849
2026-06-08T10:50:02.0000000Z;5.693;5.711;17849;17849
2026-06-08T10:50:18.0000000Z;5.692;5.711;17849;17849
2026-06-08T10:50:48.0000000Z;5.692;5.711;17849;17849
2026-06-08T10:51:02.0000000Z;5.693;5.711;17849;17849
2026-06-08T10:51:06.0000000Z;5.692;5.711;17849;17849
2026-06-08T10:51:10.0000000Z;5.693;5.711;17849;17849
2026-06-08T10:51:12.0000000Z;5.692;5.711;17849;17849
2026-06-08T10:51:17.0000000Z;5.693;5.711;17849;17849
2026-06-08T10:51:22.0000000Z;5.692;5.711;17849;17849
2026-06-08T10:51:25.0000000Z;5.693;5.711;17849;17849
2026-06-08T10:51:56.0000000Z;5.693;5.711;17849;17849
2026-06-08T10:52:26.0000000Z;5.693;5.711;17849;17849
2026-06-08T10:52:47.0000000Z;5.692;5.711;17849;17849
2026-06-08T10:53:02.0000000Z;5.693;5.711;17849;17849
2026-06-08T10:53:09.0000000Z;5.692;5.711;17849;17849
2026-06-08T10:53:12.0000000Z;5.693;5.711;17849;17849
2026-06-08T10:53:43.0000000Z;5.693;5.711;17849;17849
2026-06-08T10:54:13.0000000Z;5.693;5.711;17849;17849
2026-06-08T10:54:44.0000000Z;5.693;5.711;17849;17849
2026-06-08T10:55:14.0000000Z;5.693;5.711;17849;17849
2026-06-08T10:55:15.0000000Z;5.692;5.711;17849;17849
2026-06-08T10:55:32.0000000Z;5.693;5.711;17849;17849
2026-06-08T10:56:02.0000000Z;5.693;5.711;17849;17849
2026-06-08T10:56:33.0000000Z;5.693;5.711;17849;17849
2026-06-08T10:57:03.0000000Z;5.693;5.711;17849;17849
2026-06-08T10:57:34.0000000Z;5.693;5.711;17849;17849
2026-06-08T10:58:05.0000000Z;5.693;5.711;17849;17849
2026-06-08T10:58:35.0000000Z;5.693;5.711;17849;17849
2026-06-08T10:59:06.0000000Z;5.693;5.711;17849;17849
2026-06-08T10:59:36.0000000Z;5.693;5.711;17849;17849
2026-06-08T11:00:07.0000000Z;5.693;5.711;17849;17849
2026-06-08T11:00:37.0000000Z;5.693;5.711;17849;17849
2026-06-08T11:00:48.0000000Z;5.693;5.709;17849;17849
2026-06-08T11:01:18.0000000Z;5.693;5.709;17849;17849
2026-06-08T11:01:49.0000000Z;5.693;5.709;17849;17849
2026-06-08T11:02:20.0000000Z;5.693;5.709;17849;17849
2026-06-08T11:02:50.0000000Z;5.693;5.709;17849;17849
2026-06-08T11:03:21.0000000Z;5.693;5.709;17849;17849
2026-06-08T11:03:24.0000000Z;5.693;5.711;17849;17849
2026-06-08T11:03:25.0000000Z;5.693;5.709;17849;17849
2026-06-08T11:03:34.0000000Z;5.693;5.711;17849;17849
2026-06-08T11:03:50.0000000Z;5.693;5.703;17849;17849
2026-06-08T11:04:20.0000000Z;5.693;5.703;17849;17849
2026-06-08T11:04:51.0000000Z;5.693;5.703;17849;17849
2026-06-08T11:05:21.0000000Z;5.693;5.703;17849;17849
2026-06-08T11:05:52.0000000Z;5.693;5.703;17849;17849
2026-06-08T11:06:23.0000000Z;5.693;5.703;17849;17849
2026-06-08T11:06:53.0000000Z;5.693;5.703;17849;17849
2026-06-08T11:07:24.0000000Z;5.693;5.703;17849;17849
2026-06-08T11:07:55.0000000Z;5.693;5.703;17849;17849
2026-06-08T11:08:25.0000000Z;5.693;5.703;17849;17849
2026-06-08T11:08:45.0000000Z;5.693;5.707;17849;17849
2026-06-08T11:09:13.0000000Z;5.693;5.707;17849;17849
2026-06-08T11:09:44.0000000Z;5.693;5.707;17849;17849
2026-06-08T11:10:14.0000000Z;5.693;5.707;17849;17849
2026-06-08T11:10:45.0000000Z;5.693;5.707;17849;17849
2026-06-08T11:10:52.0000000Z;5.688;5.707;17849;17849
2026-06-08T11:10:54.0000000Z;5.689;5.707;17849;17849
2026-06-08T11:10:58.0000000Z;5.694;5.711;17849;17849
2026-06-08T11:11:03.0000000Z;5.694;5.715;17849;17849
2026-06-08T11:11:12.0000000Z;5.697;5.715;17849;17849
2026-06-08T11:11:40.0000000Z;5.697;5.715;17849;17849
2026-06-08T11:11:42.0000000Z;5.698;5.715;17849;17849
2026-06-08T11:11:56.0000000Z;5.699;5.715;17849;17849
2026-06-08T11:12:27.0000000Z;5.699;5.715;17849;17849
2026-06-08T11:12:42.0000000Z;5.698;5.715;17849;17849
2026-06-08T11:13:05.0000000Z;5.701;5.715;17849;17849
2026-06-08T11:13:06.0000000Z;5.702;5.715;17849;17849
2026-06-08T11:13:13.0000000Z;5.702;5.719;17849;17849
2026-06-08T11:13:30.0000000Z;5.702;5.715;17849;17849
2026-06-08T11:13:32.0000000Z;5.703;5.715;17849;17849
2026-06-08T11:14:03.0000000Z;5.703;5.715;17849;17849
2026-06-08T11:14:29.0000000Z;5.703;5.719;17849;17849
2026-06-08T11:15:00.0000000Z;5.703;5.719;17849;17849
2026-06-08T11:15:11.0000000Z;5.708;5.719;17849;17849
2026-06-08T11:15:19.0000000Z;5.708;5.729;17849;17849
2026-06-08T11:15:39.0000000Z;5.71;5.729;17849;17849
2026-06-08T11:16:10.0000000Z;5.71;5.729;17849;17849
2026-06-08T11:16:40.0000000Z;5.71;5.729;17849;17849
2026-06-08T11:17:05.0000000Z;5.71;5.727;17849;17849
2026-06-08T11:17:07.0000000Z;5.71;5.726;17849;17849
2026-06-08T11:17:37.0000000Z;5.71;5.726;17849;17849
2026-06-08T11:18:06.0000000Z;5.71;5.73;17849;17849
2026-06-08T11:18:18.0000000Z;5.71;5.728;17849;17849
2026-06-08T11:18:39.0000000Z;5.71;5.727;17849;17849
2026-06-08T11:19:00.0000000Z;5.71;5.728;17849;17849
2026-06-08T11:19:05.0000000Z;5.711;5.728;17849;17849
2026-06-08T11:19:20.0000000Z;5.711;5.73;17849;17849
2026-06-08T11:19:26.0000000Z;5.711;5.728;17849;17849
2026-06-08T11:19:50.0000000Z;5.711;5.727;17849;17849
2026-06-08T11:19:52.0000000Z;5.71;5.727;17849;17849
2026-06-08T11:20:08.0000000Z;5.711;5.727;17849;17849
2026-06-08T11:20:29.0000000Z;5.711;5.725;17849;17849
2026-06-08T11:20:40.0000000Z;5.711;5.727;17849;17849
2026-06-08T11:21:10.0000000Z;5.711;5.727;17849;17849
2026-06-08T11:21:15.0000000Z;5.711;5.725;17849;17849
2026-06-08T11:21:16.0000000Z;5.71;5.725;17849;17849
2026-06-08T11:21:35.0000000Z;5.71;5.726;17849;17849
2026-06-08T11:21:36.0000000Z;5.711;5.726;17849;17849
2026-06-08T11:21:55.0000000Z;5.71;5.727;17849;17849
2026-06-08T11:21:56.0000000Z;5.711;5.727;17849;17849
2026-06-08T11:22:26.0000000Z;5.711;5.727;17849;17849
2026-06-08T11:22:31.0000000Z;5.71;5.729;17849;17849
2026-06-08T11:22:36.0000000Z;5.71;5.726;17849;17849
2026-06-08T11:22:40.0000000Z;5.711;5.726;17849;17849
2026-06-08T11:23:01.0000000Z;5.71;5.726;17849;17849
2026-06-08T11:23:07.0000000Z;5.71;5.728;17849;17849
2026-06-08T11:23:38.0000000Z;5.71;5.728;17849;17849
2026-06-08T11:24:08.0000000Z;5.71;5.728;17849;17849
2026-06-08T11:24:13.0000000Z;5.71;5.728;17849;17849
2026-06-08T11:24:15.0000000Z;5.706;5.728;17849;17849
2026-06-08T11:24:46.0000000Z;5.706;5.728;17849;17849
2026-06-08T11:24:50.0000000Z;5.706;5.726;17849;17849
2026-06-08T11:25:21.0000000Z;5.706;5.726;17849;17849
2026-06-08T11:25:51.0000000Z;5.706;5.726;17849;17849
2026-06-08T11:26:22.0000000Z;5.706;5.726;17849;17849
2026-06-08T11:26:52.0000000Z;5.706;5.726;17849;17849
2026-06-08T11:27:23.0000000Z;5.706;5.726;17849;17849
2026-06-08T11:27:53.0000000Z;5.706;5.726;17849;17849
2026-06-08T11:28:24.0000000Z;5.706;5.726;17849;17849
2026-06-08T11:28:54.0000000Z;5.706;5.726;17849;17849
2026-06-08T11:29:25.0000000Z;5.706;5.726;17849;17849
2026-06-08T11:29:55.0000000Z;5.706;5.726;17849;17849
2026-06-08T11:30:03.0000000Z;5.708;5.726;17849;17849
2026-06-08T11:30:33.0000000Z;5.708;5.726;17849;17849
2026-06-08T11:30:53.0000000Z;5.708;5.728;17849;17849
2026-06-08T11:31:05.0000000Z;5.708;5.726;17849;17849
2026-06-08T11:31:11.0000000Z;5.708;5.727;17849;17849
2026-06-08T11:31:42.0000000Z;5.708;5.727;17849;17849
2026-06-08T11:32:13.0000000Z;5.708;5.727;17849;17849
2026-06-08T11:32:33.0000000Z;5.708;5.726;17849;17849
2026-06-08T11:32:36.0000000Z;5.708;5.727;17849;17849
2026-06-08T11:33:06.0000000Z;5.708;5.727;17849;17849
2026-06-08T11:33:36.0000000Z;5.708;5.727;17849;17849
2026-06-08T11:34:07.0000000Z;5.708;5.727;17849;17849
2026-06-08T11:34:37.0000000Z;5.708;5.727;17849;17849
2026-06-08T11:35:08.0000000Z;5.708;5.727;17849;17849
2026-06-08T11:35:38.0000000Z;5.708;5.727;17849;17849
2026-06-08T11:36:09.0000000Z;5.708;5.727;17849;17849
2026-06-08T11:36:40.0000000Z;5.708;5.727;17849;17849
2026-06-08T11:37:10.0000000Z;5.708;5.727;17849;17849
2026-06-08T11:37:41.0000000Z;5.708;5.727;17849;17849
2026-06-08T11:38:11.0000000Z;5.708;5.727;17849;17849
2026-06-08T11:38:42.0000000Z;5.708;5.727;17849;17849
2026-06-08T11:39:12.0000000Z;5.708;5.727;17849;17849
2026-06-08T11:39:43.0000000Z;5.708;5.727;17849;17849
2026-06-08T11:40:13.0000000Z;5.708;5.727;17849;17849
2026-06-08T11:40:44.0000000Z;5.708;5.727;17849;17849
2026-06-08T11:41:14.0000000Z;5.708;5.727;17849;17849
2026-06-08T11:41:45.0000000Z;5.708;5.727;17849;17849
2026-06-08T11:42:15.0000000Z;5.708;5.727;17849;17849
2026-06-08T11:42:46.0000000Z;5.708;5.727;17849;17849
2026-06-08T11:43:16.0000000Z;5.708;5.727;17849;17849
2026-06-08T11:43:47.0000000Z;5.708;5.727;17849;17849
2026-06-08T11:43:49.0000000Z;5.708;5.734;17849;17849
2026-06-08T11:43:54.0000000Z;5.708;5.732;17849;17849
2026-06-08T11:44:09.0000000Z;5.708;5.733;17849;17849
2026-06-08T11:44:37.0000000Z;5.708;5.732;17849;17849
2026-06-08T11:45:07.0000000Z;5.708;5.732;17849;17849
2026-06-08T11:45:31.0000000Z;5.72;5.732;17849;17849
2026-06-08T11:46:01.0000000Z;5.72;5.732;17849;17849
2026-06-08T11:46:32.0000000Z;5.72;5.732;17849;17849
2026-06-08T11:47:01.0000000Z;5.72;5.731;17849;17849
2026-06-08T11:47:32.0000000Z;5.72;5.731;17849;17849
2026-06-08T11:48:02.0000000Z;5.72;5.731;17849;17849
2026-06-08T11:48:33.0000000Z;5.72;5.731;17849;17849
2026-06-08T11:49:03.0000000Z;5.72;5.731;17849;17849
2026-06-08T11:49:34.0000000Z;5.72;5.731;17849;17849
2026-06-08T11:50:05.0000000Z;5.72;5.731;17849;17849
2026-06-08T11:50:35.0000000Z;5.72;5.731;17849;17849
2026-06-08T11:51:06.0000000Z;5.72;5.731;17849;17849
2026-06-08T11:51:14.0000000Z;5.72;5.729;17849;17849
2026-06-08T11:51:19.0000000Z;5.72;5.73;17849;17849
2026-06-08T11:51:50.0000000Z;5.72;5.73;17849;17849
2026-06-08T11:52:12.0000000Z;5.72;5.731;17849;17849
2026-06-08T11:52:42.0000000Z;5.72;5.731;17849;17849
2026-06-08T11:53:13.0000000Z;5.72;5.731;17849;17849
2026-06-08T11:53:43.0000000Z;5.72;5.731;17849;17849
2026-06-08T11:54:14.0000000Z;5.72;5.731;17849;17849
2026-06-08T11:54:44.0000000Z;5.72;5.73;17849;17849
2026-06-08T11:55:14.0000000Z;5.72;5.73;17849;17849
2026-06-08T11:55:31.0000000Z;5.72;5.729;17849;17849
2026-06-08T11:55:47.0000000Z;5.702;5.729;17849;17849
2026-06-08T11:56:15.0000000Z;5.702;5.728;17849;17849
2026-06-08T11:56:23.0000000Z;5.702;5.729;17849;17849
2026-06-08T11:56:53.0000000Z;5.702;5.729;17849;17849
2026-06-08T11:57:20.0000000Z;5.702;5.728;17849;17849
2026-06-08T11:57:27.0000000Z;5.702;5.729;17849;17849
2026-06-08T11:57:57.0000000Z;5.702;5.729;17849;17849
2026-06-08T11:58:21.0000000Z;5.702;5.728;17849;17849
2026-06-08T11:58:51.0000000Z;5.702;5.728;17849;17849
2026-06-08T11:59:22.0000000Z;5.702;5.729;17849;17849
2026-06-08T11:59:31.0000000Z;5.702;5.726;17849;17849
2026-06-08T11:59:54.0000000Z;5.702;5.724;17849;17849
2026-06-08T12:00:04.0000000Z;5.702;5.73;17849;17849
2026-06-08T12:00:34.0000000Z;5.702;5.73;17849;17849
2026-06-08T12:00:56.0000000Z;5.702;5.729;17849;17849
2026-06-08T12:01:23.0000000Z;5.707;5.729;17849;17849
2026-06-08T12:01:36.0000000Z;5.705;5.729;17849;17849
2026-06-08T12:01:40.0000000Z;5.703;5.729;17849;17849
2026-06-08T12:01:41.0000000Z;5.704;5.729;17849;17849
2026-06-08T12:01:42.0000000Z;5.704;5.732;17849;17849
2026-06-08T12:01:53.0000000Z;5.704;5.731;17849;17849
2026-06-08T12:01:56.0000000Z;5.702;5.731;17849;17849
2026-06-08T12:02:27.0000000Z;5.702;5.731;17849;17849
2026-06-08T12:02:57.0000000Z;5.702;5.731;17849;17849
2026-06-08T12:03:28.0000000Z;5.702;5.731;17849;17849
2026-06-08T12:03:55.0000000Z;5.702;5.731;17849;17849
2026-06-08T12:04:13.0000000Z;5.698;5.731;17849;17849
2026-06-08T12:04:14.0000000Z;5.702;5.731;17849;17849
2026-06-08T12:04:30.0000000Z;5.703;5.731;17849;17849
2026-06-08T12:04:33.0000000Z;5.702;5.731;17849;17849
2026-06-08T12:04:51.0000000Z;5.703;5.731;17849;17849
2026-06-08T12:04:57.0000000Z;5.702;5.731;17849;17849
2026-06-08T12:05:22.0000000Z;5.702;5.724;17849;17849
2026-06-08T12:05:23.0000000Z;5.702;5.718;17849;17849
2026-06-08T12:05:36.0000000Z;5.702;5.717;17849;17849
2026-06-08T12:05:51.0000000Z;5.702;5.718;17849;17849
2026-06-08T12:05:56.0000000Z;5.702;5.715;17849;17849
2026-06-08T12:06:10.0000000Z;5.701;5.715;17849;17849
2026-06-08T12:06:11.0000000Z;5.702;5.715;17849;17849
2026-06-08T12:06:41.0000000Z;5.702;5.715;17849;17849
2026-06-08T12:07:12.0000000Z;5.702;5.715;17849;17849
2026-06-08T12:07:14.0000000Z;5.703;5.715;17849;17849
2026-06-08T12:07:44.0000000Z;5.703;5.715;17849;17849
2026-06-08T12:08:08.0000000Z;5.703;5.718;17849;17849
2026-06-08T12:08:38.0000000Z;5.703;5.718;17849;17849
2026-06-08T12:09:09.0000000Z;5.703;5.718;17849;17849
2026-06-08T12:09:39.0000000Z;5.703;5.718;17849;17849
2026-06-08T12:10:10.0000000Z;5.703;5.718;17849;17849
2026-06-08T12:10:40.0000000Z;5.703;5.718;17849;17849
2026-06-08T12:11:11.0000000Z;5.703;5.718;17849;17849
2026-06-08T12:11:41.0000000Z;5.703;5.718;17849;17849
2026-06-08T12:12:12.0000000Z;5.703;5.718;17849;17849
2026-06-08T12:12:43.0000000Z;5.703;5.718;17849;17849
2026-06-08T12:13:13.0000000Z;5.703;5.718;17849;17849
2026-06-08T12:13:44.0000000Z;5.703;5.718;17849;17849
2026-06-08T12:14:14.0000000Z;5.703;5.718;17849;17849
2026-06-08T12:14:45.0000000Z;5.703;5.718;17849;17849
2026-06-08T12:15:15.0000000Z;5.703;5.718;17849;17849
2026-06-08T12:15:46.0000000Z;5.703;5.718;17849;17849
2026-06-08T12:16:16.0000000Z;5.703;5.718;17849;17849
2026-06-08T12:16:47.0000000Z;5.703;5.718;17849;17849
2026-06-08T12:17:18.0000000Z;5.703;5.718;17849;17849
2026-06-08T12:17:48.0000000Z;5.703;5.718;17849;17849
2026-06-08T12:18:19.0000000Z;5.703;5.718;17849;17849
2026-06-08T12:18:49.0000000Z;5.703;5.718;17849;17849
2026-06-08T12:19:20.0000000Z;5.703;5.718;17849;17849
2026-06-08T12:19:41.0000000Z;5.705;5.718;17849;17849
2026-06-08T12:20:02.0000000Z;5.704;5.718;17849;17849
2026-06-08T12:20:32.0000000Z;5.704;5.718;17849;17849
2026-06-08T12:20:34.0000000Z;5.705;5.718;17849;17849
2026-06-08T12:20:46.0000000Z;5.705;5.721;17849;17849
2026-06-08T12:21:01.0000000Z;5.707;5.721;17849;17849
2026-06-08T12:21:31.0000000Z;5.707;5.721;17849;17849
2026-06-08T12:22:02.0000000Z;5.707;5.721;17849;17849
2026-06-08T12:22:32.0000000Z;5.707;5.721;17849;17849
2026-06-08T12:23:03.0000000Z;5.707;5.721;17849;17849
2026-06-08T12:23:33.0000000Z;5.707;5.721;17849;17849
2026-06-08T12:24:04.0000000Z;5.707;5.721;17849;17849
2026-06-08T12:24:34.0000000Z;5.707;5.721;17849;17849
2026-06-08T12:25:05.0000000Z;5.707;5.721;17849;17849
2026-06-08T12:25:35.0000000Z;5.707;5.721;17849;17849
2026-06-08T12:26:06.0000000Z;5.707;5.721;17849;17849
2026-06-08T12:26:36.0000000Z;5.707;5.721;17849;17849
2026-06-08T12:27:07.0000000Z;5.707;5.721;17849;17849
2026-06-08T12:27:37.0000000Z;5.707;5.721;17849;17849
2026-06-08T12:28:08.0000000Z;5.707;5.721;17849;17849
2026-06-08T12:28:39.0000000Z;5.707;5.721;17849;17849
2026-06-08T12:29:09.0000000Z;5.707;5.721;17849;17849
2026-06-08T12:29:40.0000000Z;5.707;5.721;17849;17849
2026-06-08T12:29:45.0000000Z;5.708;5.721;17849;17849
2026-06-08T12:29:46.0000000Z;5.708;5.721;17849;17849
2026-06-08T12:29:48.0000000Z;5.704;5.721;17849;17849
2026-06-08T12:30:14.0000000Z;5.707;5.724;17849;17849
2026-06-08T12:30:33.0000000Z;5.709;5.724;17849;17849
2026-06-08T12:31:03.0000000Z;5.709;5.724;17849;17849
2026-06-08T12:31:34.0000000Z;5.709;5.724;17849;17849
2026-06-08T12:32:04.0000000Z;5.709;5.724;17849;17849
2026-06-08T12:32:35.0000000Z;5.709;5.724;17849;17849
2026-06-08T12:33:06.0000000Z;5.709;5.724;17849;17849
2026-06-08T12:33:12.0000000Z;5.711;5.724;17849;17849
2026-06-08T12:33:42.0000000Z;5.711;5.724;17849;17849
2026-06-08T12:34:13.0000000Z;5.711;5.724;17849;17849
2026-06-08T12:34:43.0000000Z;5.711;5.724;17849;17849
2026-06-08T12:35:14.0000000Z;5.711;5.724;17849;17849
2026-06-08T12:35:44.0000000Z;5.711;5.724;17849;17849
2026-06-08T12:36:15.0000000Z;5.711;5.724;17849;17849
2026-06-08T12:36:46.0000000Z;5.711;5.724;17849;17849
2026-06-08T12:37:16.0000000Z;5.711;5.724;17849;17849
2026-06-08T12:37:47.0000000Z;5.711;5.724;17849;17849
2026-06-08T12:38:17.0000000Z;5.711;5.724;17849;17849
2026-06-08T12:38:48.0000000Z;5.711;5.724;17849;17849
2026-06-08T12:39:19.0000000Z;5.711;5.724;17849;17849
2026-06-08T12:39:49.0000000Z;5.711;5.724;17849;17849
2026-06-08T12:40:20.0000000Z;5.711;5.724;17849;17849
2026-06-08T12:40:50.0000000Z;5.711;5.724;17849;17849
2026-06-08T12:41:21.0000000Z;5.711;5.724;17849;17849
2026-06-08T12:41:51.0000000Z;5.711;5.724;17849;17849
2026-06-08T12:41:57.0000000Z;5.711;5.723;17849;17849
2026-06-08T12:42:27.0000000Z;5.711;5.723;17849;17849
2026-06-08T12:42:32.0000000Z;5.711;5.724;17849;17849
2026-06-08T12:42:38.0000000Z;5.711;5.727;17849;17849
2026-06-08T12:42:41.0000000Z;5.711;5.723;17849;17849
2026-06-08T12:42:44.0000000Z;5.71;5.723;17849;17849
2026-06-08T12:43:15.0000000Z;5.71;5.723;17849;17849
2026-06-08T12:43:45.0000000Z;5.71;5.723;17849;17849
2026-06-08T12:44:16.0000000Z;5.71;5.723;17849;17849
2026-06-08T12:44:46.0000000Z;5.71;5.723;17849;17849
2026-06-08T12:45:17.0000000Z;5.71;5.723;17849;17849
2026-06-08T12:45:47.0000000Z;5.71;5.723;17849;17849
2026-06-08T12:46:18.0000000Z;5.71;5.723;17849;17849
2026-06-08T12:46:49.0000000Z;5.71;5.723;17849;17849
2026-06-08T12:47:19.0000000Z;5.71;5.723;17849;17849
2026-06-08T12:47:50.0000000Z;5.71;5.723;17849;17849
2026-06-08T12:48:07.0000000Z;5.71;5.721;17849;17849
2026-06-08T12:48:38.0000000Z;5.71;5.721;17849;17849
2026-06-08T12:49:08.0000000Z;5.71;5.721;17849;17849
2026-06-08T12:49:39.0000000Z;5.71;5.721;17849;17849
2026-06-08T12:50:09.0000000Z;5.71;5.721;17849;17849
2026-06-08T12:50:40.0000000Z;5.71;5.721;17849;17849
2026-06-08T12:50:59.0000000Z;5.709;5.721;17849;17849
2026-06-08T12:51:29.0000000Z;5.709;5.721;17849;17849
2026-06-08T12:51:59.0000000Z;5.709;5.721;17849;17849
2026-06-08T12:52:30.0000000Z;5.709;5.721;17849;17849
2026-06-08T12:53:00.0000000Z;5.709;5.721;17849;17849
2026-06-08T12:53:31.0000000Z;5.709;5.721;17849;17849
2026-06-08T12:54:01.0000000Z;5.709;5.721;17849;17849
2026-06-08T12:54:32.0000000Z;5.709;5.721;17849;17849
2026-06-08T12:55:03.0000000Z;5.709;5.721;17849;17849
2026-06-08T12:55:33.0000000Z;5.709;5.721;17849;17849
2026-06-08T12:55:36.0000000Z;5.709;5.724;17849;17849
2026-06-08T12:56:05.0000000Z;5.709;5.724;17849;17849
2026-06-08T12:56:35.0000000Z;5.709;5.724;17849;17849
2026-06-08T12:56:47.0000000Z;5.709;5.722;17849;17849
2026-06-08T12:57:18.0000000Z;5.709;5.722;17849;17849
2026-06-08T12:57:49.0000000Z;5.709;5.722;17849;17849
2026-06-08T12:57:52.0000000Z;5.709;5.72;17849;17849
2026-06-08T12:58:03.0000000Z;5.707;5.72;17849;17849
2026-06-08T12:58:28.0000000Z;5.709;5.72;17849;17849
2026-06-08T12:58:59.0000000Z;5.709;5.72;17849;17849
2026-06-08T12:59:29.0000000Z;5.709;5.72;17849;17849
2026-06-08T12:59:47.0000000Z;5.707;5.72;17849;17849
2026-06-08T13:00:18.0000000Z;5.707;5.72;17849;17849
2026-06-08T13:00:25.0000000Z;5.708;5.72;17849;17849
2026-06-08T13:00:26.0000000Z;5.708;5.721;17849;17849
2026-06-08T13:00:57.0000000Z;5.708;5.721;17849;17849
2026-06-08T13:01:27.0000000Z;5.708;5.721;17849;17849
2026-06-08T13:01:58.0000000Z;5.708;5.721;17849;17849
2026-06-08T13:02:28.0000000Z;5.708;5.721;17849;17849
2026-06-08T13:02:59.0000000Z;5.708;5.721;17849;17849
2026-06-08T13:03:29.0000000Z;5.708;5.721;17849;17849
2026-06-08T13:04:00.0000000Z;5.708;5.721;17849;17849
2026-06-08T13:04:30.0000000Z;5.708;5.721;17849;17849
2026-06-08T13:05:01.0000000Z;5.708;5.721;17849;17849
2026-06-08T13:05:28.0000000Z;5.708;5.719;17849;17849
2026-06-08T13:05:59.0000000Z;5.708;5.719;17849;17849
2026-06-08T13:06:29.0000000Z;5.708;5.719;17849;17849
2026-06-08T13:07:00.0000000Z;5.708;5.719;17849;17849
2026-06-08T13:07:31.0000000Z;5.708;5.719;17849;17849
2026-06-08T13:08:01.0000000Z;5.708;5.719;17849;17849
2026-06-08T13:08:32.0000000Z;5.708;5.719;17849;17849
2026-06-08T13:09:02.0000000Z;5.708;5.719;17849;17849
2026-06-08T13:09:04.0000000Z;5.708;5.721;17849;17849
2026-06-08T13:09:35.0000000Z;5.708;5.721;17849;17849
2026-06-08T13:10:05.0000000Z;5.708;5.721;17849;17849
2026-06-08T13:10:24.0000000Z;5.708;5.719;17849;17849
2026-06-08T13:10:55.0000000Z;5.708;5.719;17849;17849
2026-06-08T13:11:25.0000000Z;5.708;5.719;17849;17849
2026-06-08T13:11:56.0000000Z;5.708;5.719;17849;17849
2026-06-08T13:12:26.0000000Z;5.708;5.719;17849;17849
2026-06-08T13:12:37.0000000Z;5.705;5.719;17849;17849
2026-06-08T13:13:07.0000000Z;5.705;5.719;17849;17849
2026-06-08T13:13:38.0000000Z;5.705;5.719;17849;17849
2026-06-08T13:14:08.0000000Z;5.705;5.719;17849;17849
2026-06-08T13:14:39.0000000Z;5.705;5.719;17849;17849
2026-06-08T13:15:10.0000000Z;5.705;5.719;17849;17849
2026-06-08T13:15:40.0000000Z;5.705;5.719;17849;17849
2026-06-08T13:16:11.0000000Z;5.705;5.719;17849;17849
2026-06-08T13:16:26.0000000Z;5.707;5.719;17849;17849
2026-06-08T13:16:50.0000000Z;5.705;5.719;17849;17849
2026-06-08T13:17:07.0000000Z;5.705;5.717;17849;17849
2026-06-08T13:17:37.0000000Z;5.705;5.717;17849;17849
2026-06-08T13:18:08.0000000Z;5.705;5.717;17849;17849
2026-06-08T13:18:14.0000000Z;5.705;5.719;17849;17849
2026-06-08T13:18:44.0000000Z;5.705;5.719;17849;17849
2026-06-08T13:19:15.0000000Z;5.705;5.719;17849;17849
2026-06-08T13:19:29.0000000Z;5.705;5.717;17849;17849
2026-06-08T13:19:53.0000000Z;5.705;5.719;17849;17849
2026-06-08T13:20:23.0000000Z;5.705;5.719;17849;17849
2026-06-08T13:20:31.0000000Z;5.705;5.721;17849;17849
2026-06-08T13:21:02.0000000Z;5.705;5.721;17849;17849
2026-06-08T13:21:32.0000000Z;5.705;5.721;17849;17849
2026-06-08T13:22:03.0000000Z;5.705;5.721;17849;17849
2026-06-08T13:22:04.0000000Z;5.705;5.723;17849;17849
2026-06-08T13:22:08.0000000Z;5.708;5.723;17849;17849
2026-06-08T13:22:38.0000000Z;5.708;5.723;17849;17849
2026-06-08T13:22:53.0000000Z;5.708;5.721;17849;17849
2026-06-08T13:23:23.0000000Z;5.708;5.721;17849;17849
2026-06-08T13:23:54.0000000Z;5.708;5.721;17849;17849
2026-06-08T13:24:09.0000000Z;5.708;5.719;17849;17849
2026-06-08T13:24:15.0000000Z;5.706;5.719;17849;17849
2026-06-08T13:24:46.0000000Z;5.706;5.719;17849;17849
2026-06-08T13:24:51.0000000Z;5.705;5.719;17849;17849
2026-06-08T13:25:01.0000000Z;5.706;5.719;17849;17849
2026-06-08T13:25:04.0000000Z;5.706;5.721;17849;17849
2026-06-08T13:25:24.0000000Z;5.706;5.723;17849;17849
2026-06-08T13:25:27.0000000Z;5.706;5.721;17849;17849
2026-06-08T13:25:58.0000000Z;5.706;5.721;17849;17849
2026-06-08T13:26:28.0000000Z;5.706;5.721;17849;17849
2026-06-08T13:26:59.0000000Z;5.706;5.721;17849;17849
2026-06-08T13:27:29.0000000Z;5.706;5.721;17849;17849
2026-06-08T13:28:00.0000000Z;5.705;5.721;17849;17849
2026-06-08T13:28:31.0000000Z;5.705;5.721;17849;17849
2026-06-08T13:29:02.0000000Z;5.705;5.721;17849;17849
2026-06-08T13:29:07.0000000Z;5.691;5.745;17849;17849
2026-06-08T13:29:38.0000000Z;5.691;5.745;17849;17849
2026-06-08T13:30:08.0000000Z;5.691;5.745;17849;17849
2026-06-08T13:30:09.0000000Z;5.69;5.734;17849;17849
2026-06-08T13:30:11.0000000Z;5.691;5.734;17849;17849
2026-06-08T13:30:14.0000000Z;5.691;5.735;17849;17849
2026-06-08T13:30:16.0000000Z;5.691;5.734;17849;17849
2026-06-08T13:30:19.0000000Z;5.692;5.734;17849;17849
2026-06-08T13:30:23.0000000Z;5.692;5.745;17849;17849
2026-06-08T13:30:27.0000000Z;5.692;5.744;17849;17849
2026-06-08T13:30:29.0000000Z;5.69;5.744;17849;17849
2026-06-08T13:30:31.0000000Z;5.69;5.745;17849;17849
2026-06-08T13:30:32.0000000Z;5.691;5.745;17849;17849
2026-06-08T13:30:39.0000000Z;5.69;5.745;17849;17849
2026-06-08T13:30:40.0000000Z;5.691;5.744;17849;17849
2026-06-08T13:30:59.0000000Z;5.692;5.744;17849;17849
2026-06-08T13:31:10.0000000Z;5.693;5.744;17849;17849
2026-06-08T13:31:17.0000000Z;5.691;5.744;17849;17849
2026-06-08T13:31:31.0000000Z;5.691;5.745;17849;17849
2026-06-08T13:31:39.0000000Z;5.691;5.744;17849;17849
2026-06-08T13:32:01.0000000Z;5.693;5.744;17849;17849
2026-06-08T13:32:04.0000000Z;5.699;5.744;17849;17849
2026-06-08T13:32:12.0000000Z;5.695;5.744;17849;17849
2026-06-08T13:32:13.0000000Z;5.699;5.744;17849;17849
2026-06-08T13:32:28.0000000Z;5.702;5.744;17849;17849
2026-06-08T13:32:40.0000000Z;5.7;5.744;17849;17849
2026-06-08T13:32:47.0000000Z;5.701;5.744;17849;17849
2026-06-08T13:32:50.0000000Z;5.701;5.744;17849;17849
2026-06-08T13:32:52.0000000Z;5.7;5.744;17849;17849
2026-06-08T13:33:23.0000000Z;5.7;5.744;17849;17849
2026-06-08T13:33:32.0000000Z;5.7;5.731;17849;17849
2026-06-08T13:33:36.0000000Z;5.697;5.731;17849;17849
2026-06-08T13:33:44.0000000Z;5.695;5.731;17849;17849
2026-06-08T13:34:08.0000000Z;5.695;5.711;17849;17849
2026-06-08T13:34:10.0000000Z;5.693;5.704;17849;17849
2026-06-08T13:34:14.0000000Z;5.693;5.702;17849;17849
2026-06-08T13:34:18.0000000Z;5.691;5.702;17849;17849
2026-06-08T13:34:19.0000000Z;5.691;5.7;17849;17849
2026-06-08T13:34:33.0000000Z;5.691;5.698;17849;17849
2026-06-08T13:34:35.0000000Z;5.687;5.698;17849;17849
2026-06-08T13:34:40.0000000Z;5.687;5.696;17849;17849
2026-06-08T13:34:45.0000000Z;5.685;5.696;17849;17849
2026-06-08T13:34:51.0000000Z;5.685;5.694;17849;17849
2026-06-08T13:34:57.0000000Z;5.685;5.696;17849;17849
2026-06-08T13:35:07.0000000Z;5.685;5.698;17849;17849
2026-06-08T13:35:09.0000000Z;5.687;5.696;17849;17849
2026-06-08T13:35:15.0000000Z;5.687;5.698;17849;17849
2026-06-08T13:35:19.0000000Z;5.687;5.696;17849;17849
2026-06-08T13:35:23.0000000Z;5.685;5.696;17849;17849
2026-06-08T13:35:29.0000000Z;5.685;5.698;17849;17849
2026-06-08T13:35:47.0000000Z;5.685;5.7;17849;17849
2026-06-08T13:35:55.0000000Z;5.685;5.702;17849;17849
2026-06-08T13:36:03.0000000Z;5.693;5.704;17849;17849
2026-06-08T13:36:07.0000000Z;5.693;5.706;17849;17849
2026-06-08T13:36:10.0000000Z;5.693;5.702;17849;17849
2026-06-08T13:36:15.0000000Z;5.692;5.702;17849;17849
2026-06-08T13:36:23.0000000Z;5.692;5.704;17849;17849
2026-06-08T13:36:25.0000000Z;5.692;5.702;17849;17849
2026-06-08T13:36:32.0000000Z;5.693;5.702;17849;17849
2026-06-08T13:36:41.0000000Z;5.692;5.702;17849;17849
2026-06-08T13:36:49.0000000Z;5.692;5.704;17849;17849
2026-06-08T13:36:57.0000000Z;5.692;5.702;17849;17849
2026-06-08T13:37:13.0000000Z;5.691;5.702;17849;17849
2026-06-08T13:37:16.0000000Z;5.691;5.7;17849;17849
2026-06-08T13:37:20.0000000Z;5.691;5.698;17849;17849
2026-06-08T13:37:21.0000000Z;5.689;5.698;17849;17849
2026-06-08T13:37:25.0000000Z;5.688;5.698;17849;17849
2026-06-08T13:37:51.0000000Z;5.688;5.696;17849;17849
2026-06-08T13:37:53.0000000Z;5.688;5.696;17849;17849
2026-06-08T13:37:55.0000000Z;5.688;5.698;17849;17849
2026-06-08T13:38:06.0000000Z;5.688;5.698;17849;17849
2026-06-08T13:38:16.0000000Z;5.688;5.7;17849;17849
2026-06-08T13:38:25.0000000Z;5.688;5.698;17849;17849
2026-06-08T13:38:32.0000000Z;5.688;5.7;17849;17849
2026-06-08T13:38:42.0000000Z;5.688;5.698;17849;17849
2026-06-08T13:38:48.0000000Z;5.688;5.696;17849;17849
2026-06-08T13:39:02.0000000Z;5.686;5.696;17849;17849
2026-06-08T13:39:15.0000000Z;5.686;5.694;17849;17849
2026-06-08T13:39:18.0000000Z;5.685;5.696;17849;17849
2026-06-08T13:39:26.0000000Z;5.685;5.698;17849;17849
2026-06-08T13:39:36.0000000Z;5.685;5.696;17849;17849
2026-06-08T13:39:50.0000000Z;5.685;5.694;17849;17849
2026-06-08T13:40:08.0000000Z;5.685;5.696;17849;17849
2026-06-08T13:40:26.0000000Z;5.685;5.694;17849;17849
2026-06-08T13:40:38.0000000Z;5.685;5.696;17849;17849
2026-06-08T13:40:43.0000000Z;5.685;5.694;17849;17849
2026-06-08T13:40:52.0000000Z;5.684;5.694;17849;17849
2026-06-08T13:40:58.0000000Z;5.685;5.694;17849;17849
2026-06-08T13:41:02.0000000Z;5.685;5.696;17849;17849
2026-06-08T13:41:03.0000000Z;5.685;5.694;17849;17849
2026-06-08T13:41:09.0000000Z;5.684;5.694;17849;17849
2026-06-08T13:41:25.0000000Z;5.684;5.696;17849;17849
2026-06-08T13:41:34.0000000Z;5.688;5.696;17849;17849
2026-06-08T13:41:35.0000000Z;5.688;5.698;17849;17849
2026-06-08T13:42:05.0000000Z;5.688;5.698;17849;17849
2026-06-08T13:42:13.0000000Z;5.688;5.7;17849;17849
2026-06-08T13:42:15.0000000Z;5.688;5.698;17849;17849
2026-06-08T13:42:17.0000000Z;5.689;5.698;17849;17849
2026-06-08T13:42:19.0000000Z;5.689;5.7;17849;17849
2026-06-08T13:42:23.0000000Z;5.689;5.698;17849;17849
2026-06-08T13:42:37.0000000Z;5.689;5.7;17849;17849
2026-06-08T13:42:42.0000000Z;5.689;5.698;17849;17849
2026-06-08T13:42:59.0000000Z;5.689;5.7;17849;17849
2026-06-08T13:43:11.0000000Z;5.689;5.702;17849;17849
2026-06-08T13:43:17.0000000Z;5.694;5.704;17849;17849
2026-06-08T13:43:23.0000000Z;5.694;5.702;17849;17849
2026-06-08T13:43:41.0000000Z;5.694;5.704;17849;17849
2026-06-08T13:43:46.0000000Z;5.694;5.702;17849;17849
2026-06-08T13:44:08.0000000Z;5.694;5.7;17849;17849
2026-06-08T13:44:09.0000000Z;5.691;5.7;17849;17849
2026-06-08T13:44:19.0000000Z;5.691;5.698;17849;17849
2026-06-08T13:44:21.0000000Z;5.689;5.698;17849;17849
2026-06-08T13:44:23.0000000Z;5.69;5.698;17849;17849
2026-06-08T13:44:24.0000000Z;5.69;5.7;17849;17849
2026-06-08T13:44:34.0000000Z;5.69;5.702;17849;17849
2026-06-08T13:44:38.0000000Z;5.689;5.702;17849;17849
2026-06-08T13:44:40.0000000Z;5.69;5.702;17849;17849
2026-06-08T13:44:52.0000000Z;5.69;5.7;17849;17849
2026-06-08T13:45:01.0000000Z;5.694;5.702;17849;17849
2026-06-08T13:45:04.0000000Z;5.694;5.702;17849;17849
2026-06-08T13:45:16.0000000Z;5.694;5.704;17849;17849
2026-06-08T13:45:22.0000000Z;5.693;5.704;17849;17849
2026-06-08T13:45:37.0000000Z;5.693;5.702;17849;17849
2026-06-08T13:45:46.0000000Z;5.693;5.704;17849;17849
2026-06-08T13:46:08.0000000Z;5.693;5.706;17849;17849
2026-06-08T13:46:22.0000000Z;5.693;5.708;17849;17849
2026-06-08T13:46:35.0000000Z;5.693;5.706;17849;17849
2026-06-08T13:46:50.0000000Z;5.693;5.708;17849;17849
2026-06-08T13:47:01.0000000Z;5.693;5.706;17849;17849
2026-06-08T13:47:19.0000000Z;5.694;5.706;17849;17849
2026-06-08T13:47:37.0000000Z;5.694;5.704;17849;17849
2026-06-08T13:47:57.0000000Z;5.694;5.702;17849;17849
2026-06-08T13:48:01.0000000Z;5.694;5.704;17849;17849
2026-06-08T13:48:10.0000000Z;5.694;5.702;17849;17849
2026-06-08T13:48:19.0000000Z;5.694;5.704;17849;17849
2026-06-08T13:48:21.0000000Z;5.693;5.704;17849;17849
2026-06-08T13:48:26.0000000Z;5.693;5.702;17849;17849
2026-06-08T13:48:38.0000000Z;5.693;5.7;17849;17849
2026-06-08T13:48:41.0000000Z;5.691;5.7;17849;17849
2026-06-08T13:49:12.0000000Z;5.691;5.7;17849;17849
2026-06-08T13:49:18.0000000Z;5.692;5.7;17849;17849
2026-06-08T13:49:21.0000000Z;5.692;5.702;17849;17849
2026-06-08T13:49:23.0000000Z;5.692;5.7;17849;17849
2026-06-08T13:49:25.0000000Z;5.691;5.7;17849;17849
2026-06-08T13:49:30.0000000Z;5.692;5.7;17849;17849
2026-06-08T13:49:31.0000000Z;5.692;5.702;17849;17849
2026-06-08T13:49:43.0000000Z;5.691;5.702;17849;17849
2026-06-08T13:49:48.0000000Z;5.692;5.702;17849;17849
2026-06-08T13:50:11.0000000Z;5.691;5.702;17849;17849
2026-06-08T13:50:13.0000000Z;5.691;5.7;17849;17849
2026-06-08T13:50:21.0000000Z;5.691;5.7;17849;17849
2026-06-08T13:50:51.0000000Z;5.691;5.698;17849;17849
2026-06-08T13:50:53.0000000Z;5.688;5.698;17849;17849
2026-06-08T13:51:05.0000000Z;5.688;5.7;17849;17849
2026-06-08T13:51:17.0000000Z;5.687;5.702;17849;17849
2026-06-08T13:51:18.0000000Z;5.687;5.7;17849;17849
2026-06-08T13:51:23.0000000Z;5.689;5.7;17849;17849
2026-06-08T13:51:32.0000000Z;5.691;5.702;17849;17849
2026-06-08T13:51:37.0000000Z;5.694;5.702;17849;17849
2026-06-08T13:51:39.0000000Z;5.694;5.704;17849;17849
2026-06-08T13:51:47.0000000Z;5.694;5.702;17849;17849
2026-06-08T13:52:10.0000000Z;5.694;5.704;17849;17849
2026-06-08T13:52:20.0000000Z;5.694;5.702;17849;17849
2026-06-08T13:52:24.0000000Z;5.694;5.704;17849;17849
2026-06-08T13:52:46.0000000Z;5.694;5.706;17849;17849
2026-06-08T13:53:04.0000000Z;5.693;5.706;17849;17849
2026-06-08T13:53:06.0000000Z;5.693;5.708;17849;17849
2026-06-08T13:53:07.0000000Z;5.693;5.706;17849;17849
2026-06-08T13:53:16.0000000Z;5.694;5.706;17849;17849
2026-06-08T13:53:32.0000000Z;5.694;5.708;17849;17849
2026-06-08T13:53:40.0000000Z;5.697;5.708;17849;17849
2026-06-08T13:53:58.0000000Z;5.699;5.708;17849;17849
2026-06-08T13:54:15.0000000Z;5.699;5.71;17849;17849
2026-06-08T13:54:21.0000000Z;5.698;5.71;17849;17849
2026-06-08T13:54:40.0000000Z;5.698;5.708;17849;17849
2026-06-08T13:54:48.0000000Z;5.698;5.706;17849;17849
2026-06-08T13:55:19.0000000Z;5.698;5.706;17849;17849
2026-06-08T13:55:21.0000000Z;5.697;5.706;17849;17849
2026-06-08T13:55:24.0000000Z;5.696;5.706;17849;17849
2026-06-08T13:55:47.0000000Z;5.696;5.704;17849;17849
2026-06-08T13:55:51.0000000Z;5.692;5.704;17849;17849
2026-06-08T13:55:53.0000000Z;5.694;5.702;17849;17849
2026-06-08T13:55:59.0000000Z;5.694;5.7;17849;17849
2026-06-08T13:56:01.0000000Z;5.692;5.7;17849;17849
2026-06-08T13:56:07.0000000Z;5.693;5.7;17849;17849
2026-06-08T13:56:11.0000000Z;5.693;5.702;17849;17849
2026-06-08T13:56:12.0000000Z;5.693;5.7;17849;17849
2026-06-08T13:56:17.0000000Z;5.691;5.7;17849;17849
2026-06-08T13:56:18.0000000Z;5.691;5.698;17849;17849
2026-06-08T13:56:19.0000000Z;5.689;5.698;17849;17849
2026-06-08T13:56:21.0000000Z;5.689;5.7;17849;17849
2026-06-08T13:56:25.0000000Z;5.688;5.7;17849;17849
2026-06-08T13:56:46.0000000Z;5.689;5.7;17849;17849
2026-06-08T13:56:48.0000000Z;5.689;5.702;17849;17849
2026-06-08T13:56:49.0000000Z;5.69;5.702;17849;17849
2026-06-08T13:56:50.0000000Z;5.69;5.7;17849;17849
2026-06-08T13:56:56.0000000Z;5.69;5.702;17849;17849
2026-06-08T13:57:12.0000000Z;5.69;5.7;17849;17849
2026-06-08T13:57:18.0000000Z;5.69;5.698;17849;17849
2026-06-08T13:57:20.0000000Z;5.689;5.698;17849;17849
2026-06-08T13:57:24.0000000Z;5.688;5.698;17849;17849
2026-06-08T13:57:30.0000000Z;5.688;5.696;17849;17849
2026-06-08T13:57:35.0000000Z;5.688;5.694;17849;17849
2026-06-08T13:57:36.0000000Z;5.687;5.694;17849;17849
2026-06-08T13:57:40.0000000Z;5.682;5.694;17849;17849
2026-06-08T13:57:48.0000000Z;5.684;5.694;17849;17849
2026-06-08T13:57:56.0000000Z;5.684;5.692;17849;17849
2026-06-08T13:57:58.0000000Z;5.682;5.692;17849;17849
2026-06-08T13:58:04.0000000Z;5.682;5.694;17849;17849
2026-06-08T13:58:05.0000000Z;5.682;5.692;17849;17849
2026-06-08T13:58:14.0000000Z;5.682;5.694;17849;17849
2026-06-08T13:58:21.0000000Z;5.682;5.692;17849;17849
2026-06-08T13:58:38.0000000Z;5.682;5.69;17849;17849
2026-06-08T13:58:44.0000000Z;5.682;5.692;17849;17849
2026-06-08T13:58:56.0000000Z;5.682;5.694;17849;17849
2026-06-08T13:59:27.0000000Z;5.682;5.694;17849;17849
2026-06-08T13:59:49.0000000Z;5.682;5.692;17849;17849
2026-06-08T13:59:55.0000000Z;5.68;5.692;17849;17849
2026-06-08T14:00:25.0000000Z;5.68;5.692;17849;17849
2026-06-08T14:00:32.0000000Z;5.68;5.694;17849;17849
2026-06-08T14:00:39.0000000Z;5.68;5.692;17849;17849
2026-06-08T14:00:53.0000000Z;5.68;5.694;17849;17849
2026-06-08T14:00:57.0000000Z;5.68;5.696;17849;17849
2026-06-08T14:01:03.0000000Z;5.686;5.696;17849;17849
2026-06-08T14:01:05.0000000Z;5.686;5.698;17849;17849
2026-06-08T14:01:06.0000000Z;5.686;5.696;17849;17849
2026-06-08T14:01:35.0000000Z;5.688;5.696;17849;17849
2026-06-08T14:01:39.0000000Z;5.688;5.698;17849;17849
2026-06-08T14:01:55.0000000Z;5.688;5.7;17849;17849
2026-06-08T14:01:58.0000000Z;5.689;5.7;17849;17849
2026-06-08T14:02:07.0000000Z;5.689;5.702;17849;17849
2026-06-08T14:02:26.0000000Z;5.689;5.7;17849;17849
2026-06-08T14:02:49.0000000Z;5.689;5.698;17849;17849
2026-06-08T14:03:02.0000000Z;5.686;5.698;17849;17849
2026-06-08T14:03:10.0000000Z;5.688;5.698;17849;17849
2026-06-08T14:03:20.0000000Z;5.687;5.7;17849;17849
2026-06-08T14:03:26.0000000Z;5.687;5.698;17849;17849
2026-06-08T14:03:32.0000000Z;5.687;5.7;17849;17849
2026-06-08T14:03:49.0000000Z;5.687;5.698;17849;17849
2026-06-08T14:03:51.0000000Z;5.687;5.696;17849;17849
2026-06-08T14:04:04.0000000Z;5.687;5.698;17849;17849
2026-06-08T14:04:06.0000000Z;5.687;5.696;17849;17849
2026-06-08T14:04:11.0000000Z;5.687;5.694;17849;17849
2026-06-08T14:04:16.0000000Z;5.686;5.696;17849;17849
2026-06-08T14:04:47.0000000Z;5.686;5.696;17849;17849
2026-06-08T14:04:57.0000000Z;5.686;5.694;17849;17849
2026-06-08T14:05:02.0000000Z;5.685;5.694;17849;17849
2026-06-08T14:05:30.0000000Z;5.685;5.694;17849;17849
2026-06-08T14:06:01.0000000Z;5.685;5.694;17849;17849
2026-06-08T14:06:05.0000000Z;5.685;5.696;17849;17849
2026-06-08T14:06:08.0000000Z;5.685;5.698;17849;17849
2026-06-08T14:06:35.0000000Z;5.687;5.698;17849;17849
2026-06-08T14:06:37.0000000Z;5.687;5.7;17849;17849
2026-06-08T14:06:47.0000000Z;5.687;5.702;17849;17849
2026-06-08T14:06:52.0000000Z;5.687;5.7;17849;17849
2026-06-08T14:06:55.0000000Z;5.687;5.702;17849;17849
2026-06-08T14:07:22.0000000Z;5.692;5.702;17849;17849
2026-06-08T14:07:34.0000000Z;5.692;5.7;17849;17849
2026-06-08T14:07:41.0000000Z;5.691;5.7;17849;17849
2026-06-08T14:07:53.0000000Z;5.693;5.702;17849;17849
2026-06-08T14:08:23.0000000Z;5.693;5.7;17849;17849
2026-06-08T14:08:25.0000000Z;5.691;5.7;17849;17849
2026-06-08T14:08:31.0000000Z;5.692;5.7;17849;17849
2026-06-08T14:08:37.0000000Z;5.692;5.702;17849;17849
2026-06-08T14:08:40.0000000Z;5.693;5.702;17849;17849
2026-06-08T14:08:44.0000000Z;5.693;5.7;17849;17849
2026-06-08T14:08:54.0000000Z;5.693;5.702;17849;17849
2026-06-08T14:08:57.0000000Z;5.697;5.702;17849;17849
2026-06-08T14:09:04.0000000Z;5.697;5.704;17849;17849
2026-06-08T14:09:34.0000000Z;5.697;5.704;17849;17849
2026-06-08T14:09:40.0000000Z;5.698;5.704;17849;17849
2026-06-08T14:09:42.0000000Z;5.698;5.706;17849;17849
2026-06-08T14:09:46.0000000Z;5.697;5.706;17849;17849
2026-06-08T14:10:02.0000000Z;5.697;5.704;17849;17849
2026-06-08T14:10:04.0000000Z;5.697;5.704;17849;17849
2026-06-08T14:10:06.0000000Z;5.697;5.706;17849;17849
2026-06-08T14:10:18.0000000Z;5.697;5.704;17849;17849
2026-06-08T14:10:37.0000000Z;5.697;5.702;17849;17849
2026-06-08T14:10:53.0000000Z;5.697;5.7;17849;17849
2026-06-08T14:10:56.0000000Z;5.697;5.702;17849;17849
2026-06-08T14:11:22.0000000Z;5.697;5.7;17849;17849
2026-06-08T14:11:23.0000000Z;5.697;5.702;17849;17849
2026-06-08T14:11:32.0000000Z;5.697;5.704;17849;17849
2026-06-08T14:11:36.0000000Z;5.697;5.702;17849;17849
2026-06-08T14:11:55.0000000Z;5.697;5.704;17849;17849
2026-06-08T14:12:05.0000000Z;5.697;5.702;17849;17849
2026-06-08T14:12:21.0000000Z;5.697;5.704;17849;17849
2026-06-08T14:12:34.0000000Z;5.697;5.702;17849;17849
2026-06-08T14:12:43.0000000Z;5.697;5.7;17849;17849
2026-06-08T14:12:53.0000000Z;5.697;5.702;17849;17849
2026-06-08T14:13:07.0000000Z;5.697;5.7;17849;17849
2026-06-08T14:13:37.0000000Z;5.697;5.7;17849;17849
2026-06-08T14:13:49.0000000Z;5.697;5.702;17849;17849
2026-06-08T14:14:17.0000000Z;5.697;5.704;17849;17849
2026-06-08T14:14:29.0000000Z;5.697;5.702;17849;17849
2026-06-08T14:14:36.0000000Z;5.697;5.7;17849;17849
2026-06-08T14:14:49.0000000Z;5.697;5.702;17849;17849
2026-06-08T14:15:10.0000000Z;5.697;5.7;17849;17849
2026-06-08T14:15:40.0000000Z;5.697;5.7;17849;17849
2026-06-08T14:15:43.0000000Z;5.697;5.698;17849;17849
2026-06-08T14:15:55.0000000Z;5.696;5.697;17849;17849
2026-06-08T14:15:56.0000000Z;5.688;5.697;17849;17849
2026-06-08T14:16:06.0000000Z;5.688;5.698;17849;17849
2026-06-08T14:16:18.0000000Z;5.687;5.698;17849;17849
2026-06-08T14:16:22.0000000Z;5.687;5.7;17849;17849
2026-06-08T14:16:24.0000000Z;5.687;5.698;17849;17849
2026-06-08T14:16:40.0000000Z;5.687;5.696;17849;17849
2026-06-08T14:17:11.0000000Z;5.687;5.696;17849;17849
2026-06-08T14:17:20.0000000Z;5.687;5.698;17849;17849
2026-06-08T14:17:43.0000000Z;5.687;5.7;17849;17849
2026-06-08T14:18:11.0000000Z;5.687;5.702;17849;17849
2026-06-08T14:18:12.0000000Z;5.687;5.7;17849;17849
2026-06-08T14:18:33.0000000Z;5.687;5.698;17849;17849
2026-06-08T14:18:51.0000000Z;5.687;5.7;17849;17849
2026-06-08T14:18:59.0000000Z;5.687;5.698;17849;17849
2026-06-08T14:19:21.0000000Z;5.686;5.698;17849;17849
2026-06-08T14:19:22.0000000Z;5.687;5.698;17849;17849
2026-06-08T14:19:39.0000000Z;5.686;5.698;17849;17849
2026-06-08T14:19:41.0000000Z;5.687;5.698;17849;17849
2026-06-08T14:19:49.0000000Z;5.688;5.698;17849;17849
2026-06-08T14:20:08.0000000Z;5.688;5.7;17849;17849
2026-06-08T14:20:09.0000000Z;5.687;5.7;17849;17849
2026-06-08T14:20:27.0000000Z;5.687;5.702;17849;17849
2026-06-08T14:20:33.0000000Z;5.687;5.7;17849;17849
2026-06-08T14:20:39.0000000Z;5.687;5.702;17849;17849
2026-06-08T14:20:41.0000000Z;5.689;5.702;17849;17849
2026-06-08T14:20:44.0000000Z;5.689;5.7;17849;17849
2026-06-08T14:20:54.0000000Z;5.689;5.698;17849;17849
2026-06-08T14:21:14.0000000Z;5.689;5.696;17849;17849
2026-06-08T14:21:16.0000000Z;5.688;5.696;17849;17849
2026-06-08T14:21:20.0000000Z;5.688;5.698;17849;17849
2026-06-08T14:21:36.0000000Z;5.688;5.7;17849;17849
2026-06-08T14:21:46.0000000Z;5.688;5.698;17849;17849
2026-06-08T14:21:50.0000000Z;5.688;5.7;17849;17849
2026-06-08T14:22:08.0000000Z;5.688;5.698;17849;17849
2026-06-08T14:22:21.0000000Z;5.687;5.698;17849;17849
2026-06-08T14:22:31.0000000Z;5.687;5.696;17849;17849
2026-06-08T14:22:36.0000000Z;5.687;5.698;17849;17849
2026-06-08T14:22:49.0000000Z;5.687;5.696;17849;17849
2026-06-08T14:22:56.0000000Z;5.687;5.698;17849;17849
2026-06-08T14:23:13.0000000Z;5.689;5.698;17849;17849
2026-06-08T14:23:14.0000000Z;5.689;5.7;17849;17849
2026-06-08T14:23:24.0000000Z;5.687;5.7;17849;17849
2026-06-08T14:23:26.0000000Z;5.689;5.7;17849;17849
2026-06-08T14:23:32.0000000Z;5.689;5.702;17849;17849
2026-06-08T14:23:36.0000000Z;5.689;5.7;17849;17849
2026-06-08T14:23:41.0000000Z;5.689;5.702;17849;17849
2026-06-08T14:23:54.0000000Z;5.692;5.702;17849;17849
2026-06-08T14:24:04.0000000Z;5.694;5.704;17849;17849
2026-06-08T14:24:22.0000000Z;5.693;5.704;17849;17849
2026-06-08T14:24:32.0000000Z;5.693;5.702;17849;17849
2026-06-08T14:24:40.0000000Z;5.693;5.704;17849;17849
2026-06-08T14:25:09.0000000Z;5.693;5.704;17849;17849
2026-06-08T14:25:39.0000000Z;5.693;5.706;17849;17849
2026-06-08T14:26:03.0000000Z;5.695;5.706;17849;17849
2026-06-08T14:26:17.0000000Z;5.695;5.708;17849;17849
2026-06-08T14:26:18.0000000Z;5.697;5.708;17849;17849
2026-06-08T14:26:21.0000000Z;5.699;5.708;17849;17849
2026-06-08T14:26:23.0000000Z;5.699;5.71;17849;17849
2026-06-08T14:26:37.0000000Z;5.699;5.708;17849;17849
2026-06-08T14:26:39.0000000Z;5.699;5.706;17849;17849
2026-06-08T14:26:49.0000000Z;5.699;5.707;17849;17849
2026-06-08T14:27:20.0000000Z;5.698;5.707;17849;17849
2026-06-08T14:27:21.0000000Z;5.698;5.709;17849;17849
2026-06-08T14:27:28.0000000Z;5.698;5.707;17849;17849
2026-06-08T14:27:49.0000000Z;5.698;5.709;17849;17849
2026-06-08T14:28:02.0000000Z;5.698;5.707;17849;17849
2026-06-08T14:28:17.0000000Z;5.698;5.705;17849;17849
2026-06-08T14:28:20.0000000Z;5.696;5.705;17849;17849
2026-06-08T14:28:23.0000000Z;5.696;5.703;17849;17849
2026-06-08T14:28:24.0000000Z;5.693;5.703;17849;17849
2026-06-08T14:28:38.0000000Z;5.693;5.705;17849;17849
2026-06-08T14:29:06.0000000Z;5.693;5.705;17849;17849
2026-06-08T14:29:36.0000000Z;5.693;5.705;17849;17849
2026-06-08T14:29:54.0000000Z;5.693;5.703;17849;17849
2026-06-08T14:30:08.0000000Z;5.693;5.704;17849;17849
2026-06-08T14:30:20.0000000Z;5.693;5.705;17849;17849
2026-06-08T14:30:48.0000000Z;5.693;5.706;17849;17849
2026-06-08T14:30:52.0000000Z;5.695;5.706;17849;17849
2026-06-08T14:30:53.0000000Z;5.695;5.705;17849;17849
2026-06-08T14:31:24.0000000Z;5.695;5.705;17849;17849
2026-06-08T14:31:30.0000000Z;5.695;5.704;17849;17849
2026-06-08T14:31:35.0000000Z;5.695;5.705;17849;17849
2026-06-08T14:32:01.0000000Z;5.695;5.704;17849;17849
2026-06-08T14:32:11.0000000Z;5.695;5.705;17849;17849
2026-06-08T14:32:20.0000000Z;5.692;5.706;17849;17849
2026-06-08T14:32:42.0000000Z;5.695;5.706;17849;17849
2026-06-08T14:32:55.0000000Z;5.695;5.705;17849;17849
2026-06-08T14:33:17.0000000Z;5.695;5.706;17849;17849
2026-06-08T14:33:22.0000000Z;5.695;5.705;17849;17849
2026-06-08T14:33:52.0000000Z;5.695;5.705;17849;17849
2026-06-08T14:34:23.0000000Z;5.695;5.705;17849;17849
2026-06-08T14:34:34.0000000Z;5.695;5.706;17849;17849
2026-06-08T14:34:46.0000000Z;5.695;5.707;17849;17849
2026-06-08T14:34:50.0000000Z;5.697;5.707;17849;17849
2026-06-08T14:34:56.0000000Z;5.699;5.707;17849;17849
2026-06-08T14:35:04.0000000Z;5.699;5.707;17849;17849
2026-06-08T14:35:16.0000000Z;5.699;5.708;17849;17849
2026-06-08T14:35:17.0000000Z;5.699;5.707;17849;17849
2026-06-08T14:35:20.0000000Z;5.698;5.707;17849;17849
2026-06-08T14:35:29.0000000Z;5.698;5.708;17849;17849
2026-06-08T14:35:40.0000000Z;5.698;5.709;17849;17849
2026-06-08T14:35:44.0000000Z;5.698;5.71;17849;17849
2026-06-08T14:35:56.0000000Z;5.698;5.711;17849;17849
2026-06-08T14:36:12.0000000Z;5.698;5.71;17849;17849
2026-06-08T14:36:16.0000000Z;5.698;5.711;17849;17849
2026-06-08T14:36:20.0000000Z;5.698;5.712;17849;17849
2026-06-08T14:36:24.0000000Z;5.7;5.712;17849;17849
2026-06-08T14:36:26.0000000Z;5.703;5.712;17849;17849
2026-06-08T14:36:28.0000000Z;5.703;5.713;17849;17849
2026-06-08T14:36:30.0000000Z;5.705;5.713;17849;17849
2026-06-08T14:36:34.0000000Z;5.705;5.714;17849;17849
2026-06-08T14:36:42.0000000Z;5.705;5.715;17849;17849
2026-06-08T14:36:44.0000000Z;5.705;5.714;17849;17849
2026-06-08T14:37:15.0000000Z;5.705;5.714;17849;17849
2026-06-08T14:37:16.0000000Z;5.704;5.714;17849;17849
2026-06-08T14:37:25.0000000Z;5.704;5.713;17849;17849
2026-06-08T14:37:28.0000000Z;5.704;5.712;17849;17849
2026-06-08T14:37:40.0000000Z;5.704;5.711;17849;17849
2026-06-08T14:37:55.0000000Z;5.704;5.712;17849;17849
2026-06-08T14:37:57.0000000Z;5.702;5.712;17849;17849
2026-06-08T14:38:18.0000000Z;5.702;5.711;17849;17849
2026-06-08T14:38:21.0000000Z;5.702;5.712;17849;17849
2026-06-08T14:38:51.0000000Z;5.702;5.712;17849;17849
2026-06-08T14:38:53.0000000Z;5.702;5.713;17849;17849
2026-06-08T14:39:08.0000000Z;5.702;5.712;17849;17849
2026-06-08T14:39:13.0000000Z;5.702;5.713;17849;17849
2026-06-08T14:39:19.0000000Z;5.702;5.714;17849;17849
2026-06-08T14:39:25.0000000Z;5.702;5.713;17849;17849
2026-06-08T14:39:31.0000000Z;5.702;5.714;17849;17849
2026-06-08T14:39:37.0000000Z;5.702;5.715;17849;17849
2026-06-08T14:39:46.0000000Z;5.702;5.712;17849;17849
2026-06-08T14:39:53.0000000Z;5.654;5.761;17849;17849
2026-06-08T14:39:55.0000000Z;5.702;5.714;17849;17849
2026-06-08T14:40:05.0000000Z;5.702;5.715;17849;17849
2026-06-08T14:40:23.0000000Z;5.702;5.716;17849;17849
2026-06-08T14:40:24.0000000Z;5.702;5.715;17849;17849
2026-06-08T14:40:31.0000000Z;5.702;5.716;17849;17849
2026-06-08T14:40:49.0000000Z;5.702;5.715;17849;17849
2026-06-08T14:41:10.0000000Z;5.702;5.714;17849;17849
2026-06-08T14:41:15.0000000Z;5.702;5.713;17849;17849
2026-06-08T14:41:26.0000000Z;5.702;5.714;17849;17849
2026-06-08T14:41:33.0000000Z;5.702;5.713;17849;17849
2026-06-08T14:41:36.0000000Z;5.702;5.712;17849;17849
2026-06-08T14:41:46.0000000Z;5.702;5.713;17849;17849
2026-06-08T14:41:57.0000000Z;5.702;5.712;17849;17849
2026-06-08T14:42:07.0000000Z;5.702;5.712;17849;17849
2026-06-08T14:42:08.0000000Z;5.702;5.711;17849;17849
2026-06-08T14:42:11.0000000Z;5.702;5.712;17849;17849
2026-06-08T14:42:13.0000000Z;5.702;5.711;17849;17849
2026-06-08T14:42:16.0000000Z;5.702;5.71;17849;17849
2026-06-08T14:42:20.0000000Z;5.702;5.709;17849;17849
2026-06-08T14:42:49.0000000Z;5.702;5.708;17849;17849
2026-06-08T14:42:52.0000000Z;5.696;5.707;17849;17849
2026-06-08T14:42:53.0000000Z;5.696;5.708;17849;17849
2026-06-08T14:43:00.0000000Z;5.696;5.709;17849;17849
2026-06-08T14:43:10.0000000Z;5.696;5.708;17849;17849
2026-06-08T14:43:24.0000000Z;5.696;5.709;17849;17849
2026-06-08T14:43:38.0000000Z;5.696;5.708;17849;17849
2026-06-08T14:43:53.0000000Z;5.696;5.707;17849;17849
2026-06-08T14:43:59.0000000Z;5.696;5.708;17849;17849
2026-06-08T14:44:02.0000000Z;5.696;5.709;17849;17849
2026-06-08T14:44:08.0000000Z;5.696;5.71;17849;17849
2026-06-08T14:44:16.0000000Z;5.696;5.711;17849;17849
2026-06-08T14:44:39.0000000Z;5.696;5.712;17849;17849
2026-06-08T14:44:47.0000000Z;5.696;5.712;17849;17849
2026-06-08T14:45:02.0000000Z;5.702;5.712;17849;17849
2026-06-08T14:45:03.0000000Z;5.702;5.713;17849;17849
2026-06-08T14:45:15.0000000Z;5.702;5.714;17849;17849
2026-06-08T14:45:19.0000000Z;5.702;5.715;17849;17849
2026-06-08T14:45:26.0000000Z;5.702;5.714;17849;17849
2026-06-08T14:45:33.0000000Z;5.702;5.715;17849;17849
2026-06-08T14:45:52.0000000Z;5.702;5.716;17849;17849
2026-06-08T14:46:01.0000000Z;5.702;5.715;17849;17849
2026-06-08T14:46:05.0000000Z;5.702;5.716;17849;17849
2026-06-08T14:46:11.0000000Z;5.702;5.717;17849;17849
2026-06-08T14:46:19.0000000Z;5.702;5.718;17849;17849
2026-06-08T14:46:47.0000000Z;5.708;5.718;17849;17849
2026-06-08T14:46:49.0000000Z;5.708;5.719;17849;17849
2026-06-08T14:46:53.0000000Z;5.708;5.72;17849;17849
2026-06-08T14:47:03.0000000Z;5.708;5.719;17849;17849
2026-06-08T14:47:11.0000000Z;5.708;5.72;17849;17849
2026-06-08T14:47:42.0000000Z;5.708;5.72;17849;17849
2026-06-08T14:47:45.0000000Z;5.708;5.719;17849;17849
2026-06-08T14:47:47.0000000Z;5.708;5.72;17849;17849
2026-06-08T14:47:55.0000000Z;5.708;5.721;17849;17849
2026-06-08T14:47:57.0000000Z;5.708;5.72;17849;17849
2026-06-08T14:48:08.0000000Z;5.708;5.719;17849;17849
2026-06-08T14:48:26.0000000Z;5.708;5.72;17849;17849
2026-06-08T14:48:30.0000000Z;5.708;5.719;17849;17849
2026-06-08T14:48:41.0000000Z;5.708;5.72;17849;17849
2026-06-08T14:48:43.0000000Z;5.708;5.719;17849;17849
2026-06-08T14:48:52.0000000Z;5.708;5.72;17849;17849
2026-06-08T14:48:55.0000000Z;5.708;5.719;17849;17849
2026-06-08T14:48:57.0000000Z;5.708;5.72;17849;17849
2026-06-08T14:48:58.0000000Z;5.708;5.719;17849;17849
2026-06-08T14:49:00.0000000Z;5.708;5.72;17849;17849
2026-06-08T14:49:20.0000000Z;5.708;5.719;17849;17849
2026-06-08T14:49:21.0000000Z;5.708;5.72;17849;17849
2026-06-08T14:49:24.0000000Z;5.708;5.719;17849;17849
2026-06-08T14:49:55.0000000Z;5.708;5.719;17849;17849
2026-06-08T14:49:56.0000000Z;5.708;5.718;17849;17849
2026-06-08T14:50:21.0000000Z;5.708;5.717;17849;17849
2026-06-08T14:50:32.0000000Z;5.708;5.716;17849;17849
2026-06-08T14:50:38.0000000Z;5.708;5.716;17849;17849
2026-06-08T14:50:40.0000000Z;5.708;5.717;17849;17849
2026-06-08T14:50:42.0000000Z;5.708;5.716;17849;17849
2026-06-08T14:50:54.0000000Z;5.708;5.717;17849;17849
2026-06-08T14:50:55.0000000Z;5.708;5.716;17849;17849
2026-06-08T14:50:58.0000000Z;5.708;5.717;17849;17849
2026-06-08T14:51:04.0000000Z;5.708;5.716;17849;17849
2026-06-08T14:51:12.0000000Z;5.708;5.717;17849;17849
2026-06-08T14:51:14.0000000Z;5.708;5.716;17849;17849
2026-06-08T14:51:16.0000000Z;5.708;5.717;17849;17849
2026-06-08T14:51:18.0000000Z;5.708;5.716;17849;17849
2026-06-08T14:51:19.0000000Z;5.708;5.717;17849;17849
2026-06-08T14:51:35.0000000Z;5.708;5.718;17849;17849
2026-06-08T14:51:37.0000000Z;5.708;5.719;17849;17849
2026-06-08T14:52:01.0000000Z;5.708;5.719;17849;17849
2026-06-08T14:52:02.0000000Z;5.708;5.72;17849;17849
2026-06-08T14:52:04.0000000Z;5.708;5.719;17849;17849
2026-06-08T14:52:11.0000000Z;5.708;5.72;17849;17849
2026-06-08T14:52:19.0000000Z;5.708;5.721;17849;17849
2026-06-08T14:52:29.0000000Z;5.708;5.722;17849;17849
2026-06-08T14:52:31.0000000Z;5.708;5.721;17849;17849
2026-06-08T14:52:39.0000000Z;5.708;5.722;17849;17849
2026-06-08T14:52:47.0000000Z;5.708;5.721;17849;17849
2026-06-08T14:52:51.0000000Z;5.708;5.722;17849;17849
2026-06-08T14:53:03.0000000Z;5.708;5.721;17849;17849
2026-06-08T14:53:22.0000000Z;5.708;5.72;17849;17849
2026-06-08T14:53:42.0000000Z;5.708;5.719;17849;17849
2026-06-08T14:53:47.0000000Z;5.708;5.72;17849;17849
2026-06-08T14:54:03.0000000Z;5.708;5.721;17849;17849
2026-06-08T14:54:08.0000000Z;5.708;5.72;17849;17849
2026-06-08T14:54:18.0000000Z;5.708;5.719;17849;17849
2026-06-08T14:54:34.0000000Z;5.708;5.718;17849;17849
2026-06-08T14:54:41.0000000Z;5.708;5.719;17849;17849
2026-06-08T14:55:06.0000000Z;5.708;5.72;17849;17849
2026-06-08T14:55:07.0000000Z;5.708;5.719;17849;17849
2026-06-08T14:55:18.0000000Z;5.708;5.718;17849;17849
2026-06-08T14:55:29.0000000Z;5.708;5.719;17849;17849
2026-06-08T14:55:45.0000000Z;5.708;5.718;17849;17849
2026-06-08T14:55:51.0000000Z;5.708;5.719;17849;17849
2026-06-08T14:56:09.0000000Z;5.708;5.718;17849;17849
2026-06-08T14:56:17.0000000Z;5.708;5.717;17849;17849
2026-06-08T14:56:27.0000000Z;5.708;5.716;17849;17849
2026-06-08T14:56:29.0000000Z;5.708;5.717;17849;17849
2026-06-08T14:56:31.0000000Z;5.708;5.718;17849;17849
2026-06-08T14:56:37.0000000Z;5.708;5.717;17849;17849
2026-06-08T14:56:39.0000000Z;5.708;5.718;17849;17849
2026-06-08T14:56:45.0000000Z;5.708;5.719;17849;17849
2026-06-08T14:56:57.0000000Z;5.708;5.72;17849;17849
2026-06-08T14:57:00.0000000Z;5.708;5.719;17849;17849
2026-06-08T14:57:01.0000000Z;5.708;5.72;17849;17849
2026-06-08T14:57:05.0000000Z;5.708;5.719;17849;17849
2026-06-08T14:57:06.0000000Z;5.708;5.72;17849;17849
2026-06-08T14:57:24.0000000Z;5.708;5.721;17849;17849
2026-06-08T14:57:26.0000000Z;5.708;5.72;17849;17849
2026-06-08T14:57:30.0000000Z;5.708;5.721;17849;17849
2026-06-08T14:57:40.0000000Z;5.708;5.722;17849;17849
2026-06-08T14:57:56.0000000Z;5.708;5.721;17849;17849
2026-06-08T14:58:02.0000000Z;5.708;5.722;17849;17849
2026-06-08T14:58:05.0000000Z;5.708;5.721;17849;17849
2026-06-08T14:58:10.0000000Z;5.708;5.722;17849;17849
2026-06-08T14:58:40.0000000Z;5.708;5.722;17849;17849
2026-06-08T14:58:45.0000000Z;5.708;5.721;17849;17849
2026-06-08T14:58:52.0000000Z;5.708;5.722;17849;17849
2026-06-08T14:59:02.0000000Z;5.708;5.723;17849;17849
2026-06-08T14:59:06.0000000Z;5.708;5.722;17849;17849
2026-06-08T14:59:18.0000000Z;5.708;5.721;17849;17849
2026-06-08T14:59:28.0000000Z;5.708;5.722;17849;17849
2026-06-08T14:59:42.0000000Z;5.708;5.723;17849;17849
2026-06-08T14:59:44.0000000Z;5.708;5.722;17849;17849
