2026-06-08T08:00:03.0000000Z;31.26;31.35;3267;3267
2026-06-08T08:00:33.0000000Z;31.26;31.35;3267;3267
2026-06-08T08:01:03.0000000Z;31.26;31.35;3267;3267
2026-06-08T08:01:34.0000000Z;31.26;31.35;3267;3267
2026-06-08T08:02:04.0000000Z;31.26;31.35;3267;3267
2026-06-08T08:02:35.0000000Z;31.26;31.35;3267;3267
2026-06-08T08:03:01.0000000Z;31.26;31.335;3267;3267
2026-06-08T08:03:15.0000000Z;31.26;31.3;3267;3267
2026-06-08T08:03:38.0000000Z;31.26;31.335;3267;3267
2026-06-08T08:04:08.0000000Z;31.26;31.335;3267;3267
2026-06-08T08:04:39.0000000Z;31.26;31.335;3267;3267
2026-06-08T08:05:09.0000000Z;31.26;31.335;3267;3267
2026-06-08T08:05:40.0000000Z;31.26;31.335;3267;3267
2026-06-08T08:06:10.0000000Z;31.26;31.335;3267;3267
2026-06-08T08:06:41.0000000Z;31.26;31.335;3267;3267
2026-06-08T08:07:11.0000000Z;31.26;31.335;3267;3267
2026-06-08T08:07:42.0000000Z;31.26;31.335;3267;3267
2026-06-08T08:08:12.0000000Z;31.26;31.335;3267;3267
2026-06-08T08:08:43.0000000Z;31.26;31.335;3267;3267
2026-06-08T08:08:53.0000000Z;31.26;31.32;3267;3267
2026-06-08T08:09:23.0000000Z;31.26;31.32;3267;3267
2026-06-08T08:09:54.0000000Z;31.26;31.32;3267;3267
2026-06-08T08:10:03.0000000Z;31.26;31.335;3267;3267
2026-06-08T08:10:31.0000000Z;31.26;31.32;3267;3267
2026-06-08T08:11:02.0000000Z;31.26;31.32;3267;3267
2026-06-08T08:11:32.0000000Z;31.26;31.32;3267;3267
2026-06-08T08:12:03.0000000Z;31.26;31.32;3267;3267
2026-06-08T08:12:33.0000000Z;31.26;31.32;3267;3267
2026-06-08T08:13:04.0000000Z;31.26;31.32;3267;3267
2026-06-08T08:13:20.0000000Z;31.26;31.335;3267;3267
2026-06-08T08:13:50.0000000Z;31.26;31.335;3267;3267
2026-06-08T08:14:21.0000000Z;31.26;31.335;3267;3267
2026-06-08T08:14:51.0000000Z;31.26;31.335;3267;3267
2026-06-08T08:15:22.0000000Z;31.26;31.335;3267;3267
2026-06-08T08:15:52.0000000Z;31.26;31.335;3267;3267
2026-06-08T08:16:23.0000000Z;31.26;31.335;3267;3267
2026-06-08T08:16:53.0000000Z;31.26;31.335;3267;3267
2026-06-08T08:17:24.0000000Z;31.26;31.335;3267;3267
2026-06-08T08:17:54.0000000Z;31.26;31.335;3267;3267
2026-06-08T08:18:25.0000000Z;31.26;31.335;3267;3267
2026-06-08T08:18:55.0000000Z;31.26;31.335;3267;3267
2026-06-08T08:19:26.0000000Z;31.26;31.335;3267;3267
2026-06-08T08:19:42.0000000Z;31.26;31.35;3267;3267
2026-06-08T08:20:01.0000000Z;31.26;31.33;3267;3267
2026-06-08T08:20:31.0000000Z;31.26;31.33;3267;3267
2026-06-08T08:21:01.0000000Z;31.26;31.33;3267;3267
2026-06-08T08:21:32.0000000Z;31.26;31.33;3267;3267
2026-06-08T08:22:02.0000000Z;31.26;31.33;3267;3267
2026-06-08T08:22:33.0000000Z;31.26;31.33;3267;3267
2026-06-08T08:23:03.0000000Z;31.26;31.33;3267;3267
2026-06-08T08:23:34.0000000Z;31.26;31.33;3267;3267
2026-06-08T08:24:04.0000000Z;31.26;31.33;3267;3267
2026-06-08T08:24:35.0000000Z;31.26;31.33;3267;3267
2026-06-08T08:25:05.0000000Z;31.26;31.33;3267;3267
2026-06-08T08:25:36.0000000Z;31.26;31.33;3267;3267
2026-06-08T08:26:06.0000000Z;31.26;31.33;3267;3267
2026-06-08T08:26:37.0000000Z;31.26;31.33;3267;3267
2026-06-08T08:27:07.0000000Z;31.26;31.33;3267;3267
2026-06-08T08:27:38.0000000Z;31.26;31.33;3267;3267
2026-06-08T08:28:00.0000000Z;31.26;31.315;3267;3267
2026-06-08T08:28:31.0000000Z;31.26;31.315;3267;3267
2026-06-08T08:28:43.0000000Z;31.26;31.33;3267;3267
2026-06-08T08:29:14.0000000Z;31.26;31.33;3267;3267
2026-06-08T08:29:44.0000000Z;31.26;31.33;3267;3267
2026-06-08T08:30:15.0000000Z;31.26;31.33;3267;3267
2026-06-08T08:30:45.0000000Z;31.26;31.33;3267;3267
2026-06-08T08:31:16.0000000Z;31.26;31.33;3267;3267
2026-06-08T08:31:46.0000000Z;31.26;31.33;3267;3267
2026-06-08T08:32:17.0000000Z;31.26;31.33;3267;3267
2026-06-08T08:32:47.0000000Z;31.26;31.33;3267;3267
2026-06-08T08:33:18.0000000Z;31.26;31.33;3267;3267
2026-06-08T08:33:48.0000000Z;31.26;31.33;3267;3267
2026-06-08T08:34:19.0000000Z;31.26;31.33;3267;3267
2026-06-08T08:34:50.0000000Z;31.26;31.33;3267;3267
2026-06-08T08:35:20.0000000Z;31.26;31.33;3267;3267
2026-06-08T08:35:51.0000000Z;31.26;31.33;3267;3267
2026-06-08T08:36:21.0000000Z;31.26;31.33;3267;3267
2026-06-08T08:36:52.0000000Z;31.26;31.33;3267;3267
2026-06-08T08:37:09.0000000Z;31.26;31.315;3267;3267
2026-06-08T08:37:40.0000000Z;31.26;31.315;3267;3267
2026-06-08T08:38:10.0000000Z;31.26;31.315;3267;3267
2026-06-08T08:38:41.0000000Z;31.26;31.315;3267;3267
2026-06-08T08:39:11.0000000Z;31.26;31.315;3267;3267
2026-06-08T08:39:42.0000000Z;31.26;31.315;3267;3267
2026-06-08T08:40:12.0000000Z;31.26;31.315;3267;3267
2026-06-08T08:40:43.0000000Z;31.26;31.315;3267;3267
2026-06-08T08:41:13.0000000Z;31.26;31.315;3267;3267
2026-06-08T08:41:44.0000000Z;31.26;31.315;3267;3267
2026-06-08T08:42:14.0000000Z;31.26;31.315;3267;3267
2026-06-08T08:42:45.0000000Z;31.26;31.315;3267;3267
2026-06-08T08:43:15.0000000Z;31.26;31.315;3267;3267
2026-06-08T08:43:46.0000000Z;31.26;31.315;3267;3267
2026-06-08T08:44:16.0000000Z;31.26;31.315;3267;3267
2026-06-08T08:44:47.0000000Z;31.26;31.315;3267;3267
2026-06-08T08:45:17.0000000Z;31.26;31.315;3267;3267
2026-06-08T08:45:48.0000000Z;31.26;31.315;3267;3267
2026-06-08T08:46:18.0000000Z;31.26;31.315;3267;3267
2026-06-08T08:46:49.0000000Z;31.26;31.315;3267;3267
2026-06-08T08:47:19.0000000Z;31.26;31.315;3267;3267
2026-06-08T08:47:50.0000000Z;31.26;31.315;3267;3267
2026-06-08T08:48:20.0000000Z;31.26;31.315;3267;3267
2026-06-08T08:48:51.0000000Z;31.26;31.315;3267;3267
2026-06-08T08:49:13.0000000Z;31.26;31.325;3267;3267
2026-06-08T08:49:44.0000000Z;31.26;31.325;3267;3267
2026-06-08T08:50:14.0000000Z;31.26;31.325;3267;3267
2026-06-08T08:50:45.0000000Z;31.26;31.325;3267;3267
2026-06-08T08:51:07.0000000Z;31.26;31.31;3267;3267
2026-06-08T08:51:38.0000000Z;31.26;31.31;3267;3267
2026-06-08T08:52:08.0000000Z;31.26;31.31;3267;3267
2026-06-08T08:52:39.0000000Z;31.26;31.31;3267;3267
2026-06-08T08:52:46.0000000Z;31.26;31.33;3267;3267
2026-06-08T08:53:16.0000000Z;31.26;31.33;3267;3267
2026-06-08T08:53:47.0000000Z;31.26;31.33;3267;3267
2026-06-08T08:54:18.0000000Z;31.26;31.33;3267;3267
2026-06-08T08:54:48.0000000Z;31.26;31.33;3267;3267
2026-06-08T08:55:19.0000000Z;31.26;31.33;3267;3267
2026-06-08T08:55:49.0000000Z;31.26;31.33;3267;3267
2026-06-08T08:56:20.0000000Z;31.26;31.33;3267;3267
2026-06-08T08:56:50.0000000Z;31.26;31.33;3267;3267
2026-06-08T08:57:21.0000000Z;31.26;31.33;3267;3267
2026-06-08T08:57:52.0000000Z;31.26;31.33;3267;3267
2026-06-08T08:58:22.0000000Z;31.26;31.33;3267;3267
2026-06-08T08:58:52.0000000Z;31.26;31.33;3267;3267
2026-06-08T08:59:00.0000000Z;31.26;31.345;3267;3267
2026-06-08T08:59:30.0000000Z;31.26;31.345;3267;3267
2026-06-08T09:00:01.0000000Z;31.26;31.345;3267;3267
2026-06-08T09:00:31.0000000Z;31.26;31.345;3267;3267
2026-06-08T09:01:02.0000000Z;31.26;31.345;3267;3267
2026-06-08T09:01:32.0000000Z;31.26;31.345;3267;3267
2026-06-08T09:02:03.0000000Z;31.26;31.345;3267;3267
2026-06-08T09:02:33.0000000Z;31.26;31.345;3267;3267
2026-06-08T09:02:47.0000000Z;31.265;31.345;3267;3267
2026-06-08T09:02:48.0000000Z;31.265;31.36;3267;3267
2026-06-08T09:03:12.0000000Z;31.26;31.36;3267;3267
2026-06-08T09:03:13.0000000Z;31.265;31.36;3267;3267
2026-06-08T09:03:27.0000000Z;31.265;31.36;3267;3267
2026-06-08T09:03:43.0000000Z;31.26;31.36;3267;3267
2026-06-08T09:04:12.0000000Z;31.265;31.36;3267;3267
2026-06-08T09:04:13.0000000Z;31.26;31.36;3267;3267
2026-06-08T09:04:14.0000000Z;31.265;31.36;3267;3267
2026-06-08T09:04:16.0000000Z;31.26;31.36;3267;3267
2026-06-08T09:04:46.0000000Z;31.26;31.36;3267;3267
2026-06-08T09:05:13.0000000Z;31.265;31.36;3267;3267
2026-06-08T09:05:25.0000000Z;31.26;31.36;3267;3267
2026-06-08T09:05:27.0000000Z;31.26;31.36;3267;3267
2026-06-08T09:05:28.0000000Z;31.265;31.36;3267;3267
2026-06-08T09:05:29.0000000Z;31.26;31.36;3267;3267
2026-06-08T09:05:59.0000000Z;31.26;31.36;3267;3267
2026-06-08T09:06:01.0000000Z;31.26;31.34;3267;3267
2026-06-08T09:06:32.0000000Z;31.26;31.34;3267;3267
2026-06-08T09:07:02.0000000Z;31.26;31.34;3267;3267
2026-06-08T09:07:33.0000000Z;31.26;31.34;3267;3267
2026-06-08T09:08:03.0000000Z;31.26;31.34;3267;3267
2026-06-08T09:08:34.0000000Z;31.26;31.34;3267;3267
2026-06-08T09:09:04.0000000Z;31.26;31.34;3267;3267
2026-06-08T09:09:35.0000000Z;31.26;31.34;3267;3267
2026-06-08T09:10:06.0000000Z;31.26;31.34;3267;3267
2026-06-08T09:10:36.0000000Z;31.26;31.34;3267;3267
2026-06-08T09:11:07.0000000Z;31.26;31.34;3267;3267
2026-06-08T09:11:37.0000000Z;31.26;31.34;3267;3267
2026-06-08T09:12:08.0000000Z;31.26;31.34;3267;3267
2026-06-08T09:12:38.0000000Z;31.26;31.34;3267;3267
2026-06-08T09:13:09.0000000Z;31.26;31.34;3267;3267
2026-06-08T09:13:40.0000000Z;31.26;31.34;3267;3267
2026-06-08T09:13:47.0000000Z;31.265;31.34;3267;3267
2026-06-08T09:13:53.0000000Z;31.265;31.355;3267;3267
2026-06-08T09:14:23.0000000Z;31.265;31.355;3267;3267
2026-06-08T09:14:54.0000000Z;31.265;31.355;3267;3267
2026-06-08T09:15:24.0000000Z;31.265;31.355;3267;3267
2026-06-08T09:15:55.0000000Z;31.265;31.355;3267;3267
2026-06-08T09:16:26.0000000Z;31.265;31.355;3267;3267
2026-06-08T09:16:56.0000000Z;31.265;31.355;3267;3267
2026-06-08T09:17:27.0000000Z;31.265;31.355;3267;3267
2026-06-08T09:17:57.0000000Z;31.265;31.355;3267;3267
2026-06-08T09:18:28.0000000Z;31.265;31.355;3267;3267
2026-06-08T09:18:58.0000000Z;31.265;31.355;3267;3267
2026-06-08T09:19:29.0000000Z;31.265;31.355;3267;3267
2026-06-08T09:19:59.0000000Z;31.265;31.355;3267;3267
2026-06-08T09:20:30.0000000Z;31.265;31.355;3267;3267
2026-06-08T09:21:01.0000000Z;31.265;31.355;3267;3267
2026-06-08T09:21:31.0000000Z;31.265;31.355;3267;3267
2026-06-08T09:22:02.0000000Z;31.265;31.355;3267;3267
2026-06-08T09:22:32.0000000Z;31.265;31.355;3267;3267
2026-06-08T09:23:03.0000000Z;31.265;31.355;3267;3267
2026-06-08T09:23:33.0000000Z;31.265;31.355;3267;3267
2026-06-08T09:24:04.0000000Z;31.265;31.355;3267;3267
2026-06-08T09:24:34.0000000Z;31.265;31.355;3267;3267
2026-06-08T09:25:05.0000000Z;31.265;31.355;3267;3267
2026-06-08T09:25:35.0000000Z;31.265;31.355;3267;3267
2026-06-08T09:26:06.0000000Z;31.265;31.355;3267;3267
2026-06-08T09:26:37.0000000Z;31.265;31.355;3267;3267
2026-06-08T09:27:07.0000000Z;31.265;31.355;3267;3267
2026-06-08T09:27:38.0000000Z;31.265;31.355;3267;3267
2026-06-08T09:28:08.0000000Z;31.265;31.355;3267;3267
2026-06-08T09:28:39.0000000Z;31.265;31.355;3267;3267
2026-06-08T09:29:10.0000000Z;31.265;31.355;3267;3267
2026-06-08T09:29:40.0000000Z;31.265;31.355;3267;3267
2026-06-08T09:30:11.0000000Z;31.265;31.355;3267;3267
2026-06-08T09:30:41.0000000Z;31.265;31.355;3267;3267
2026-06-08T09:31:12.0000000Z;31.265;31.355;3267;3267
2026-06-08T09:31:42.0000000Z;31.265;31.355;3267;3267
2026-06-08T09:32:13.0000000Z;31.265;31.355;3267;3267
2026-06-08T09:32:44.0000000Z;31.265;31.355;3267;3267
2026-06-08T09:33:14.0000000Z;31.265;31.355;3267;3267
2026-06-08T09:33:40.0000000Z;31.28;31.355;3267;3267
2026-06-08T09:33:42.0000000Z;31.28;31.37;3267;3267
2026-06-08T09:34:12.0000000Z;31.28;31.37;3267;3267
2026-06-08T09:34:43.0000000Z;31.28;31.37;3267;3267
2026-06-08T09:35:13.0000000Z;31.28;31.37;3267;3267
2026-06-08T09:35:39.0000000Z;31.28;31.355;3267;3267
2026-06-08T09:35:42.0000000Z;31.265;31.355;3267;3267
2026-06-08T09:36:12.0000000Z;31.265;31.355;3267;3267
2026-06-08T09:36:41.0000000Z;31.275;31.355;3267;3267
2026-06-08T09:36:47.0000000Z;31.275;31.375;3267;3267
2026-06-08T09:36:49.0000000Z;31.29;31.375;3267;3267
2026-06-08T09:36:53.0000000Z;31.29;31.39;3267;3267
2026-06-08T09:36:59.0000000Z;31.26;31.415;3267;3267
2026-06-08T09:37:03.0000000Z;31.26;31.455;3267;3267
2026-06-08T09:37:05.0000000Z;31.265;31.455;3267;3267
2026-06-08T09:37:13.0000000Z;31.265;31.43;3267;3267
2026-06-08T09:37:21.0000000Z;31.26;31.43;3267;3267
2026-06-08T09:37:41.0000000Z;31.26;31.425;3267;3267
2026-06-08T09:38:11.0000000Z;31.26;31.425;3267;3267
2026-06-08T09:38:42.0000000Z;31.26;31.425;3267;3267
2026-06-08T09:39:12.0000000Z;31.26;31.425;3267;3267
2026-06-08T09:39:43.0000000Z;31.26;31.425;3267;3267
2026-06-08T09:40:13.0000000Z;31.26;31.425;3267;3267
2026-06-08T09:40:44.0000000Z;31.26;31.425;3267;3267
2026-06-08T09:41:14.0000000Z;31.26;31.425;3267;3267
2026-06-08T09:41:45.0000000Z;31.26;31.425;3267;3267
2026-06-08T09:42:15.0000000Z;31.26;31.425;3267;3267
2026-06-08T09:42:46.0000000Z;31.26;31.425;3267;3267
2026-06-08T09:43:16.0000000Z;31.26;31.425;3267;3267
2026-06-08T09:43:47.0000000Z;31.26;31.425;3267;3267
2026-06-08T09:44:05.0000000Z;31.26;31.41;3267;3267
2026-06-08T09:44:36.0000000Z;31.26;31.41;3267;3267
2026-06-08T09:45:06.0000000Z;31.26;31.41;3267;3267
2026-06-08T09:45:37.0000000Z;31.26;31.41;3267;3267
2026-06-08T09:46:07.0000000Z;31.26;31.41;3267;3267
2026-06-08T09:46:38.0000000Z;31.26;31.41;3267;3267
2026-06-08T09:47:08.0000000Z;31.26;31.41;3267;3267
2026-06-08T09:47:39.0000000Z;31.26;31.41;3267;3267
2026-06-08T09:48:10.0000000Z;31.26;31.41;3267;3267
2026-06-08T09:48:40.0000000Z;31.26;31.41;3267;3267
2026-06-08T09:49:11.0000000Z;31.26;31.41;3267;3267
2026-06-08T09:49:41.0000000Z;31.26;31.41;3267;3267
2026-06-08T09:50:12.0000000Z;31.26;31.41;3267;3267
2026-06-08T09:50:42.0000000Z;31.26;31.41;3267;3267
2026-06-08T09:51:13.0000000Z;31.26;31.41;3267;3267
2026-06-08T09:51:43.0000000Z;31.26;31.41;3267;3267
2026-06-08T09:52:14.0000000Z;31.26;31.41;3267;3267
2026-06-08T09:52:45.0000000Z;31.26;31.41;3267;3267
2026-06-08T09:53:15.0000000Z;31.26;31.41;3267;3267
2026-06-08T09:53:46.0000000Z;31.26;31.41;3267;3267
2026-06-08T09:54:16.0000000Z;31.26;31.41;3267;3267
2026-06-08T09:54:47.0000000Z;31.26;31.41;3267;3267
2026-06-08T09:55:17.0000000Z;31.26;31.41;3267;3267
2026-06-08T09:55:48.0000000Z;31.26;31.41;3267;3267
2026-06-08T09:56:19.0000000Z;31.26;31.41;3267;3267
2026-06-08T09:56:49.0000000Z;31.26;31.41;3267;3267
2026-06-08T09:57:08.0000000Z;31.275;31.37;3267;3267
2026-06-08T09:57:39.0000000Z;31.275;31.37;3267;3267
2026-06-08T09:58:10.0000000Z;31.275;31.37;3267;3267
2026-06-08T09:58:40.0000000Z;31.275;31.37;3267;3267
2026-06-08T09:59:05.0000000Z;31.26;31.385;3267;3267
2026-06-08T09:59:35.0000000Z;31.26;31.385;3267;3267
2026-06-08T10:00:06.0000000Z;31.26;31.385;3267;3267
2026-06-08T10:00:36.0000000Z;31.26;31.385;3267;3267
2026-06-08T10:01:07.0000000Z;31.26;31.385;3267;3267
2026-06-08T10:01:37.0000000Z;31.26;31.385;3267;3267
2026-06-08T10:02:08.0000000Z;31.26;31.385;3267;3267
2026-06-08T10:02:09.0000000Z;31.26;31.365;3267;3267
2026-06-08T10:02:39.0000000Z;31.26;31.365;3267;3267
2026-06-08T10:03:10.0000000Z;31.26;31.365;3267;3267
2026-06-08T10:03:41.0000000Z;31.26;31.365;3267;3267
2026-06-08T10:03:43.0000000Z;31.26;31.38;3267;3267
2026-06-08T10:04:14.0000000Z;31.26;31.38;3267;3267
2026-06-08T10:04:45.0000000Z;31.26;31.38;3267;3267
2026-06-08T10:05:15.0000000Z;31.26;31.38;3267;3267
2026-06-08T10:05:46.0000000Z;31.26;31.38;3267;3267
2026-06-08T10:06:16.0000000Z;31.26;31.38;3267;3267
2026-06-08T10:06:18.0000000Z;31.26;31.385;3267;3267
2026-06-08T10:06:48.0000000Z;31.26;31.385;3267;3267
2026-06-08T10:07:18.0000000Z;31.26;31.385;3267;3267
2026-06-08T10:07:49.0000000Z;31.26;31.385;3267;3267
2026-06-08T10:08:19.0000000Z;31.26;31.385;3267;3267
2026-06-08T10:08:50.0000000Z;31.26;31.385;3267;3267
2026-06-08T10:09:20.0000000Z;31.26;31.385;3267;3267
2026-06-08T10:09:51.0000000Z;31.26;31.385;3267;3267
2026-06-08T10:10:21.0000000Z;31.26;31.385;3267;3267
2026-06-08T10:10:52.0000000Z;31.26;31.385;3267;3267
2026-06-08T10:11:23.0000000Z;31.26;31.385;3267;3267
2026-06-08T10:11:53.0000000Z;31.26;31.385;3267;3267
2026-06-08T10:12:24.0000000Z;31.26;31.385;3267;3267
2026-06-08T10:12:54.0000000Z;31.26;31.385;3267;3267
2026-06-08T10:13:25.0000000Z;31.26;31.385;3267;3267
2026-06-08T10:13:55.0000000Z;31.26;31.385;3267;3267
2026-06-08T10:14:13.0000000Z;31.26;31.36;3267;3267
2026-06-08T10:14:44.0000000Z;31.26;31.36;3267;3267
2026-06-08T10:15:15.0000000Z;31.26;31.36;3267;3267
2026-06-08T10:15:45.0000000Z;31.26;31.36;3267;3267
2026-06-08T10:16:16.0000000Z;31.26;31.36;3267;3267
2026-06-08T10:16:46.0000000Z;31.26;31.36;3267;3267
2026-06-08T10:17:17.0000000Z;31.26;31.36;3267;3267
2026-06-08T10:17:47.0000000Z;31.26;31.36;3267;3267
2026-06-08T10:18:18.0000000Z;31.26;31.36;3267;3267
2026-06-08T10:18:49.0000000Z;31.26;31.36;3267;3267
2026-06-08T10:19:19.0000000Z;31.26;31.36;3267;3267
2026-06-08T10:19:50.0000000Z;31.26;31.36;3267;3267
2026-06-08T10:20:10.0000000Z;31.26;31.34;3267;3267
2026-06-08T10:20:40.0000000Z;31.26;31.34;3267;3267
2026-06-08T10:21:11.0000000Z;31.26;31.34;3267;3267
2026-06-08T10:21:41.0000000Z;31.26;31.34;3267;3267
2026-06-08T10:22:12.0000000Z;31.26;31.34;3267;3267
2026-06-08T10:22:43.0000000Z;31.26;31.34;3267;3267
2026-06-08T10:23:13.0000000Z;31.26;31.34;3267;3267
2026-06-08T10:23:44.0000000Z;31.26;31.34;3267;3267
2026-06-08T10:24:14.0000000Z;31.26;31.34;3267;3267
2026-06-08T10:24:45.0000000Z;31.26;31.34;3267;3267
2026-06-08T10:25:15.0000000Z;31.26;31.34;3267;3267
2026-06-08T10:25:46.0000000Z;31.26;31.34;3267;3267
2026-06-08T10:26:16.0000000Z;31.26;31.34;3267;3267
2026-06-08T10:26:47.0000000Z;31.26;31.34;3267;3267
2026-06-08T10:27:17.0000000Z;31.26;31.34;3267;3267
2026-06-08T10:27:48.0000000Z;31.26;31.34;3267;3267
2026-06-08T10:28:19.0000000Z;31.26;31.34;3267;3267
2026-06-08T10:28:49.0000000Z;31.26;31.34;3267;3267
2026-06-08T10:29:20.0000000Z;31.26;31.34;3267;3267
2026-06-08T10:29:50.0000000Z;31.26;31.34;3267;3267
2026-06-08T10:30:21.0000000Z;31.26;31.34;3267;3267
2026-06-08T10:30:51.0000000Z;31.26;31.34;3267;3267
2026-06-08T10:31:22.0000000Z;31.26;31.34;3267;3267
2026-06-08T10:31:52.0000000Z;31.26;31.34;3267;3267
2026-06-08T10:32:23.0000000Z;31.26;31.34;3267;3267
2026-06-08T10:32:54.0000000Z;31.26;31.34;3267;3267
2026-06-08T10:33:24.0000000Z;31.26;31.34;3267;3267
2026-06-08T10:33:55.0000000Z;31.26;31.34;3267;3267
2026-06-08T10:34:18.0000000Z;31.26;31.425;3267;3267
2026-06-08T10:34:25.0000000Z;31.26;31.365;3267;3267
2026-06-08T10:34:56.0000000Z;31.26;31.365;3267;3267
2026-06-08T10:35:26.0000000Z;31.26;31.365;3267;3267
2026-06-08T10:35:57.0000000Z;31.26;31.365;3267;3267
2026-06-08T10:36:01.0000000Z;31.26;31.36;3267;3267
2026-06-08T10:36:04.0000000Z;31.26;31.345;3267;3267
2026-06-08T10:36:35.0000000Z;31.26;31.345;3267;3267
2026-06-08T10:37:06.0000000Z;31.26;31.345;3267;3267
2026-06-08T10:37:36.0000000Z;31.26;31.345;3267;3267
2026-06-08T10:38:07.0000000Z;31.26;31.345;3267;3267
2026-06-08T10:38:37.0000000Z;31.26;31.345;3267;3267
2026-06-08T10:39:08.0000000Z;31.26;31.345;3267;3267
2026-06-08T10:39:39.0000000Z;31.26;31.345;3267;3267
2026-06-08T10:40:09.0000000Z;31.26;31.345;3267;3267
2026-06-08T10:40:40.0000000Z;31.26;31.345;3267;3267
2026-06-08T10:41:10.0000000Z;31.26;31.345;3267;3267
2026-06-08T10:41:41.0000000Z;31.26;31.345;3267;3267
2026-06-08T10:42:12.0000000Z;31.26;31.345;3267;3267
2026-06-08T10:42:42.0000000Z;31.26;31.345;3267;3267
2026-06-08T10:43:13.0000000Z;31.26;31.345;3267;3267
2026-06-08T10:43:43.0000000Z;31.26;31.345;3267;3267
2026-06-08T10:44:14.0000000Z;31.26;31.345;3267;3267
2026-06-08T10:44:45.0000000Z;31.26;31.345;3267;3267
2026-06-08T10:45:15.0000000Z;31.26;31.345;3267;3267
2026-06-08T10:45:46.0000000Z;31.26;31.345;3267;3267
2026-06-08T10:46:16.0000000Z;31.26;31.345;3267;3267
2026-06-08T10:46:47.0000000Z;31.26;31.345;3267;3267
2026-06-08T10:47:18.0000000Z;31.26;31.345;3267;3267
2026-06-08T10:47:48.0000000Z;31.26;31.345;3267;3267
2026-06-08T10:48:19.0000000Z;31.26;31.345;3267;3267
2026-06-08T10:48:49.0000000Z;31.26;31.345;3267;3267
2026-06-08T10:49:20.0000000Z;31.26;31.345;3267;3267
2026-06-08T10:49:50.0000000Z;31.26;31.345;3267;3267
2026-06-08T10:50:21.0000000Z;31.26;31.345;3267;3267
2026-06-08T10:50:52.0000000Z;31.26;31.345;3267;3267
2026-06-08T10:51:22.0000000Z;31.26;31.345;3267;3267
2026-06-08T10:51:53.0000000Z;31.26;31.345;3267;3267
2026-06-08T10:52:23.0000000Z;31.26;31.345;3267;3267
2026-06-08T10:52:54.0000000Z;31.26;31.345;3267;3267
2026-06-08T10:53:24.0000000Z;31.26;31.345;3267;3267
2026-06-08T10:53:55.0000000Z;31.26;31.345;3267;3267
2026-06-08T10:54:25.0000000Z;31.26;31.345;3267;3267
2026-06-08T10:54:56.0000000Z;31.26;31.345;3267;3267
2026-06-08T10:55:27.0000000Z;31.26;31.345;3267;3267
2026-06-08T10:55:57.0000000Z;31.26;31.345;3267;3267
2026-06-08T10:56:28.0000000Z;31.26;31.345;3267;3267
2026-06-08T10:56:58.0000000Z;31.26;31.345;3267;3267
2026-06-08T10:57:29.0000000Z;31.26;31.345;3267;3267
2026-06-08T10:58:00.0000000Z;31.26;31.345;3267;3267
2026-06-08T10:58:30.0000000Z;31.26;31.345;3267;3267
2026-06-08T10:59:01.0000000Z;31.26;31.345;3267;3267
2026-06-08T10:59:31.0000000Z;31.26;31.345;3267;3267
2026-06-08T11:00:02.0000000Z;31.26;31.345;3267;3267
2026-06-08T11:00:32.0000000Z;31.26;31.345;3267;3267
2026-06-08T11:01:03.0000000Z;31.26;31.345;3267;3267
2026-06-08T11:01:34.0000000Z;31.26;31.345;3267;3267
2026-06-08T11:02:04.0000000Z;31.26;31.345;3267;3267
2026-06-08T11:02:35.0000000Z;31.26;31.345;3267;3267
2026-06-08T11:03:06.0000000Z;31.26;31.345;3267;3267
2026-06-08T11:03:36.0000000Z;31.26;31.345;3267;3267
2026-06-08T11:04:07.0000000Z;31.26;31.345;3267;3267
2026-06-08T11:04:37.0000000Z;31.26;31.345;3267;3267
2026-06-08T11:05:08.0000000Z;31.26;31.345;3267;3267
2026-06-08T11:05:39.0000000Z;31.26;31.345;3267;3267
2026-06-08T11:06:09.0000000Z;31.26;31.345;3267;3267
2026-06-08T11:06:40.0000000Z;31.26;31.345;3267;3267
2026-06-08T11:07:11.0000000Z;31.26;31.345;3267;3267
2026-06-08T11:07:41.0000000Z;31.26;31.345;3267;3267
2026-06-08T11:08:12.0000000Z;31.26;31.345;3267;3267
2026-06-08T11:08:43.0000000Z;31.26;31.345;3267;3267
2026-06-08T11:09:13.0000000Z;31.26;31.345;3267;3267
2026-06-08T11:09:44.0000000Z;31.26;31.345;3267;3267
2026-06-08T11:10:14.0000000Z;31.26;31.345;3267;3267
2026-06-08T11:10:45.0000000Z;31.26;31.345;3267;3267
2026-06-08T11:10:58.0000000Z;31.26;31.365;3267;3267
2026-06-08T11:11:04.0000000Z;31.26;31.385;3267;3267
2026-06-08T11:11:10.0000000Z;31.265;31.38;3267;3267
2026-06-08T11:11:22.0000000Z;31.265;31.385;3267;3267
2026-06-08T11:11:50.0000000Z;31.27;31.385;3267;3267
2026-06-08T11:12:21.0000000Z;31.27;31.385;3267;3267
2026-06-08T11:12:49.0000000Z;31.295;31.38;3267;3267
2026-06-08T11:13:20.0000000Z;31.295;31.38;3267;3267
2026-06-08T11:13:51.0000000Z;31.295;31.38;3267;3267
2026-06-08T11:14:13.0000000Z;31.29;31.38;3267;3267
2026-06-08T11:14:44.0000000Z;31.29;31.38;3267;3267
2026-06-08T11:14:51.0000000Z;31.295;31.38;3267;3267
2026-06-08T11:15:08.0000000Z;31.315;31.38;3267;3267
2026-06-08T11:15:15.0000000Z;31.315;31.385;3267;3267
2026-06-08T11:15:17.0000000Z;31.3;31.425;3267;3267
2026-06-08T11:15:47.0000000Z;31.3;31.425;3267;3267
2026-06-08T11:16:01.0000000Z;31.3;31.41;3267;3267
2026-06-08T11:16:06.0000000Z;31.28;31.41;3267;3267
2026-06-08T11:16:36.0000000Z;31.28;31.41;3267;3267
2026-06-08T11:17:07.0000000Z;31.28;31.41;3267;3267
2026-06-08T11:17:28.0000000Z;31.28;31.405;3267;3267
2026-06-08T11:17:59.0000000Z;31.28;31.405;3267;3267
2026-06-08T11:18:13.0000000Z;31.28;31.385;3267;3267
2026-06-08T11:18:22.0000000Z;31.26;31.385;3267;3267
2026-06-08T11:18:52.0000000Z;31.26;31.385;3267;3267
2026-06-08T11:19:23.0000000Z;31.26;31.385;3267;3267
2026-06-08T11:19:53.0000000Z;31.26;31.385;3267;3267
2026-06-08T11:20:24.0000000Z;31.26;31.385;3267;3267
2026-06-08T11:20:54.0000000Z;31.26;31.385;3267;3267
2026-06-08T11:21:25.0000000Z;31.26;31.385;3267;3267
2026-06-08T11:21:55.0000000Z;31.26;31.385;3267;3267
2026-06-08T11:22:25.0000000Z;31.26;31.385;3267;3267
2026-06-08T11:22:56.0000000Z;31.26;31.385;3267;3267
2026-06-08T11:23:26.0000000Z;31.26;31.385;3267;3267
2026-06-08T11:23:57.0000000Z;31.26;31.385;3267;3267
2026-06-08T11:24:28.0000000Z;31.26;31.385;3267;3267
2026-06-08T11:24:58.0000000Z;31.26;31.385;3267;3267
2026-06-08T11:25:29.0000000Z;31.26;31.385;3267;3267
2026-06-08T11:25:59.0000000Z;31.26;31.385;3267;3267
2026-06-08T11:26:30.0000000Z;31.26;31.385;3267;3267
2026-06-08T11:27:00.0000000Z;31.26;31.385;3267;3267
2026-06-08T11:27:31.0000000Z;31.26;31.385;3267;3267
2026-06-08T11:28:01.0000000Z;31.26;31.385;3267;3267
2026-06-08T11:28:32.0000000Z;31.26;31.385;3267;3267
2026-06-08T11:29:02.0000000Z;31.26;31.385;3267;3267
2026-06-08T11:29:33.0000000Z;31.26;31.385;3267;3267
2026-06-08T11:30:03.0000000Z;31.26;31.385;3267;3267
2026-06-08T11:30:34.0000000Z;31.26;31.385;3267;3267
2026-06-08T11:30:52.0000000Z;31.285;31.385;3267;3267
2026-06-08T11:30:53.0000000Z;31.285;31.405;3267;3267
2026-06-08T11:31:23.0000000Z;31.285;31.405;3267;3267
2026-06-08T11:31:31.0000000Z;31.285;31.41;3267;3267
2026-06-08T11:32:02.0000000Z;31.285;31.41;3267;3267
2026-06-08T11:32:32.0000000Z;31.285;31.41;3267;3267
2026-06-08T11:33:03.0000000Z;31.285;31.41;3267;3267
2026-06-08T11:33:33.0000000Z;31.285;31.41;3267;3267
2026-06-08T11:34:04.0000000Z;31.285;31.41;3267;3267
2026-06-08T11:34:34.0000000Z;31.285;31.41;3267;3267
2026-06-08T11:35:05.0000000Z;31.285;31.41;3267;3267
2026-06-08T11:35:35.0000000Z;31.285;31.41;3267;3267
2026-06-08T11:36:06.0000000Z;31.285;31.41;3267;3267
2026-06-08T11:36:36.0000000Z;31.285;31.41;3267;3267
2026-06-08T11:37:07.0000000Z;31.285;31.41;3267;3267
2026-06-08T11:37:38.0000000Z;31.285;31.41;3267;3267
2026-06-08T11:38:08.0000000Z;31.285;31.41;3267;3267
2026-06-08T11:38:39.0000000Z;31.285;31.41;3267;3267
2026-06-08T11:39:09.0000000Z;31.285;31.41;3267;3267
2026-06-08T11:39:40.0000000Z;31.285;31.41;3267;3267
2026-06-08T11:40:10.0000000Z;31.285;31.41;3267;3267
2026-06-08T11:40:41.0000000Z;31.285;31.41;3267;3267
2026-06-08T11:41:11.0000000Z;31.285;31.41;3267;3267
2026-06-08T11:41:42.0000000Z;31.285;31.41;3267;3267
2026-06-08T11:42:12.0000000Z;31.285;31.41;3267;3267
2026-06-08T11:42:43.0000000Z;31.285;31.41;3267;3267
2026-06-08T11:43:13.0000000Z;31.285;31.41;3267;3267
2026-06-08T11:43:44.0000000Z;31.285;31.41;3267;3267
2026-06-08T11:44:14.0000000Z;31.285;31.41;3267;3267
2026-06-08T11:44:45.0000000Z;31.285;31.41;3267;3267
2026-06-08T11:45:15.0000000Z;31.285;31.41;3267;3267
2026-06-08T11:45:46.0000000Z;31.285;31.41;3267;3267
2026-06-08T11:46:17.0000000Z;31.285;31.41;3267;3267
2026-06-08T11:46:47.0000000Z;31.285;31.41;3267;3267
2026-06-08T11:47:18.0000000Z;31.285;31.41;3267;3267
2026-06-08T11:47:48.0000000Z;31.285;31.41;3267;3267
2026-06-08T11:48:19.0000000Z;31.285;31.41;3267;3267
2026-06-08T11:48:49.0000000Z;31.285;31.41;3267;3267
2026-06-08T11:49:20.0000000Z;31.285;31.41;3267;3267
2026-06-08T11:49:50.0000000Z;31.285;31.41;3267;3267
2026-06-08T11:50:21.0000000Z;31.285;31.41;3267;3267
2026-06-08T11:50:51.0000000Z;31.285;31.41;3267;3267
2026-06-08T11:51:22.0000000Z;31.285;31.41;3267;3267
2026-06-08T11:51:52.0000000Z;31.285;31.41;3267;3267
2026-06-08T11:52:23.0000000Z;31.285;31.41;3267;3267
2026-06-08T11:52:53.0000000Z;31.285;31.41;3267;3267
2026-06-08T11:53:01.0000000Z;31.285;31.39;3267;3267
2026-06-08T11:53:02.0000000Z;31.265;31.39;3267;3267
2026-06-08T11:53:33.0000000Z;31.265;31.39;3267;3267
2026-06-08T11:54:04.0000000Z;31.265;31.39;3267;3267
2026-06-08T11:54:34.0000000Z;31.265;31.39;3267;3267
2026-06-08T11:55:05.0000000Z;31.265;31.39;3267;3267
2026-06-08T11:55:36.0000000Z;31.265;31.39;3267;3267
2026-06-08T11:56:06.0000000Z;31.265;31.39;3267;3267
2026-06-08T11:56:37.0000000Z;31.265;31.39;3267;3267
2026-06-08T11:57:07.0000000Z;31.265;31.39;3267;3267
2026-06-08T11:57:38.0000000Z;31.265;31.39;3267;3267
2026-06-08T11:58:08.0000000Z;31.265;31.39;3267;3267
2026-06-08T11:58:39.0000000Z;31.265;31.39;3267;3267
2026-06-08T11:59:10.0000000Z;31.265;31.39;3267;3267
2026-06-08T11:59:40.0000000Z;31.265;31.39;3267;3267
2026-06-08T12:00:11.0000000Z;31.265;31.39;3267;3267
2026-06-08T12:00:41.0000000Z;31.265;31.39;3267;3267
2026-06-08T12:01:11.0000000Z;31.265;31.39;3267;3267
2026-06-08T12:01:42.0000000Z;31.265;31.39;3267;3267
2026-06-08T12:02:13.0000000Z;31.265;31.39;3267;3267
2026-06-08T12:02:43.0000000Z;31.265;31.39;3267;3267
2026-06-08T12:03:14.0000000Z;31.265;31.39;3267;3267
2026-06-08T12:03:44.0000000Z;31.265;31.39;3267;3267
2026-06-08T12:04:15.0000000Z;31.265;31.39;3267;3267
2026-06-08T12:04:45.0000000Z;31.265;31.39;3267;3267
2026-06-08T12:05:16.0000000Z;31.265;31.39;3267;3267
2026-06-08T12:05:21.0000000Z;31.29;31.38;3267;3267
2026-06-08T12:05:51.0000000Z;31.29;31.38;3267;3267
2026-06-08T12:06:22.0000000Z;31.29;31.38;3267;3267
2026-06-08T12:06:52.0000000Z;31.29;31.38;3267;3267
2026-06-08T12:07:23.0000000Z;31.29;31.38;3267;3267
2026-06-08T12:07:54.0000000Z;31.29;31.38;3267;3267
2026-06-08T12:08:24.0000000Z;31.29;31.38;3267;3267
2026-06-08T12:08:55.0000000Z;31.29;31.38;3267;3267
2026-06-08T12:09:25.0000000Z;31.29;31.38;3267;3267
2026-06-08T12:09:56.0000000Z;31.29;31.38;3267;3267
2026-06-08T12:10:26.0000000Z;31.29;31.38;3267;3267
2026-06-08T12:10:57.0000000Z;31.29;31.38;3267;3267
2026-06-08T12:11:27.0000000Z;31.29;31.38;3267;3267
2026-06-08T12:11:29.0000000Z;31.31;31.38;3267;3267
2026-06-08T12:11:30.0000000Z;31.31;31.4;3267;3267
2026-06-08T12:12:00.0000000Z;31.31;31.4;3267;3267
2026-06-08T12:12:30.0000000Z;31.31;31.4;3267;3267
2026-06-08T12:13:01.0000000Z;31.31;31.4;3267;3267
2026-06-08T12:13:31.0000000Z;31.31;31.4;3267;3267
2026-06-08T12:14:02.0000000Z;31.31;31.4;3267;3267
2026-06-08T12:14:32.0000000Z;31.31;31.4;3267;3267
2026-06-08T12:15:03.0000000Z;31.31;31.4;3267;3267
2026-06-08T12:15:34.0000000Z;31.31;31.4;3267;3267
2026-06-08T12:16:04.0000000Z;31.31;31.4;3267;3267
2026-06-08T12:16:35.0000000Z;31.31;31.4;3267;3267
2026-06-08T12:17:05.0000000Z;31.31;31.4;3267;3267
2026-06-08T12:17:36.0000000Z;31.31;31.4;3267;3267
2026-06-08T12:18:06.0000000Z;31.31;31.4;3267;3267
2026-06-08T12:18:37.0000000Z;31.31;31.4;3267;3267
2026-06-08T12:19:07.0000000Z;31.31;31.4;3267;3267
2026-06-08T12:19:38.0000000Z;31.31;31.4;3267;3267
2026-06-08T12:20:09.0000000Z;31.31;31.4;3267;3267
2026-06-08T12:20:39.0000000Z;31.31;31.4;3267;3267
2026-06-08T12:21:10.0000000Z;31.31;31.4;3267;3267
2026-06-08T12:21:40.0000000Z;31.31;31.4;3267;3267
2026-06-08T12:22:11.0000000Z;31.31;31.4;3267;3267
2026-06-08T12:22:42.0000000Z;31.31;31.4;3267;3267
2026-06-08T12:23:12.0000000Z;31.31;31.4;3267;3267
2026-06-08T12:23:43.0000000Z;31.31;31.4;3267;3267
2026-06-08T12:24:13.0000000Z;31.31;31.4;3267;3267
2026-06-08T12:24:44.0000000Z;31.31;31.4;3267;3267
2026-06-08T12:25:14.0000000Z;31.31;31.4;3267;3267
2026-06-08T12:25:45.0000000Z;31.31;31.4;3267;3267
2026-06-08T12:26:15.0000000Z;31.31;31.4;3267;3267
2026-06-08T12:26:46.0000000Z;31.31;31.4;3267;3267
2026-06-08T12:27:16.0000000Z;31.31;31.4;3267;3267
2026-06-08T12:27:47.0000000Z;31.31;31.4;3267;3267
2026-06-08T12:28:17.0000000Z;31.31;31.4;3267;3267
2026-06-08T12:28:48.0000000Z;31.31;31.4;3267;3267
2026-06-08T12:29:18.0000000Z;31.31;31.4;3267;3267
2026-06-08T12:29:49.0000000Z;31.31;31.4;3267;3267
2026-06-08T12:30:19.0000000Z;31.31;31.4;3267;3267
2026-06-08T12:30:50.0000000Z;31.31;31.4;3267;3267
2026-06-08T12:31:21.0000000Z;31.31;31.4;3267;3267
2026-06-08T12:31:51.0000000Z;31.31;31.4;3267;3267
2026-06-08T12:32:22.0000000Z;31.31;31.4;3267;3267
2026-06-08T12:32:52.0000000Z;31.31;31.4;3267;3267
2026-06-08T12:33:23.0000000Z;31.31;31.4;3267;3267
2026-06-08T12:33:54.0000000Z;31.31;31.4;3267;3267
2026-06-08T12:34:24.0000000Z;31.31;31.4;3267;3267
2026-06-08T12:34:55.0000000Z;31.31;31.4;3267;3267
2026-06-08T12:35:25.0000000Z;31.31;31.4;3267;3267
2026-06-08T12:35:56.0000000Z;31.31;31.4;3267;3267
2026-06-08T12:36:26.0000000Z;31.31;31.4;3267;3267
2026-06-08T12:36:57.0000000Z;31.31;31.4;3267;3267
2026-06-08T12:37:23.0000000Z;31.325;31.4;3267;3267
2026-06-08T12:37:54.0000000Z;31.325;31.4;3267;3267
2026-06-08T12:38:24.0000000Z;31.325;31.4;3267;3267
2026-06-08T12:38:55.0000000Z;31.325;31.4;3267;3267
2026-06-08T12:39:26.0000000Z;31.325;31.4;3267;3267
2026-06-08T12:39:56.0000000Z;31.325;31.4;3267;3267
2026-06-08T12:40:04.0000000Z;31.32;31.4;3267;3267
2026-06-08T12:40:12.0000000Z;31.325;31.4;3267;3267
2026-06-08T12:40:30.0000000Z;31.31;31.4;3267;3267
2026-06-08T12:40:58.0000000Z;31.31;31.4;3267;3267
2026-06-08T12:41:02.0000000Z;31.33;31.4;3267;3267
2026-06-08T12:41:33.0000000Z;31.33;31.4;3267;3267
2026-06-08T12:42:03.0000000Z;31.33;31.4;3267;3267
2026-06-08T12:42:34.0000000Z;31.33;31.4;3267;3267
2026-06-08T12:42:38.0000000Z;31.325;31.42;3267;3267
2026-06-08T12:42:42.0000000Z;31.325;31.41;3267;3267
2026-06-08T12:42:58.0000000Z;31.33;31.41;3267;3267
2026-06-08T12:43:29.0000000Z;31.33;31.41;3267;3267
2026-06-08T12:43:59.0000000Z;31.33;31.41;3267;3267
2026-06-08T12:44:30.0000000Z;31.33;31.41;3267;3267
2026-06-08T12:45:00.0000000Z;31.33;31.41;3267;3267
2026-06-08T12:45:31.0000000Z;31.33;31.41;3267;3267
2026-06-08T12:46:02.0000000Z;31.33;31.41;3267;3267
2026-06-08T12:46:32.0000000Z;31.33;31.41;3267;3267
2026-06-08T12:47:03.0000000Z;31.33;31.41;3267;3267
2026-06-08T12:47:33.0000000Z;31.33;31.41;3267;3267
2026-06-08T12:48:04.0000000Z;31.33;31.41;3267;3267
2026-06-08T12:48:34.0000000Z;31.33;31.41;3267;3267
2026-06-08T12:49:05.0000000Z;31.33;31.41;3267;3267
2026-06-08T12:49:36.0000000Z;31.33;31.41;3267;3267
2026-06-08T12:50:06.0000000Z;31.33;31.41;3267;3267
2026-06-08T12:50:37.0000000Z;31.33;31.41;3267;3267
2026-06-08T12:51:07.0000000Z;31.33;31.41;3267;3267
2026-06-08T12:51:38.0000000Z;31.33;31.41;3267;3267
2026-06-08T12:52:08.0000000Z;31.33;31.41;3267;3267
2026-06-08T12:52:39.0000000Z;31.33;31.41;3267;3267
2026-06-08T12:53:10.0000000Z;31.33;31.41;3267;3267
2026-06-08T12:53:40.0000000Z;31.33;31.41;3267;3267
2026-06-08T12:54:11.0000000Z;31.33;31.41;3267;3267
2026-06-08T12:54:41.0000000Z;31.33;31.41;3267;3267
2026-06-08T12:55:12.0000000Z;31.33;31.41;3267;3267
2026-06-08T12:55:42.0000000Z;31.33;31.41;3267;3267
2026-06-08T12:56:13.0000000Z;31.33;31.41;3267;3267
2026-06-08T12:56:44.0000000Z;31.33;31.41;3267;3267
2026-06-08T12:57:14.0000000Z;31.33;31.41;3267;3267
2026-06-08T12:57:45.0000000Z;31.33;31.41;3267;3267
2026-06-08T12:58:15.0000000Z;31.33;31.41;3267;3267
2026-06-08T12:58:46.0000000Z;31.33;31.41;3267;3267
2026-06-08T12:59:16.0000000Z;31.33;31.41;3267;3267
2026-06-08T12:59:47.0000000Z;31.33;31.41;3267;3267
2026-06-08T13:00:17.0000000Z;31.33;31.41;3267;3267
2026-06-08T13:00:48.0000000Z;31.33;31.41;3267;3267
2026-06-08T13:01:05.0000000Z;31.325;31.41;3267;3267
2026-06-08T13:01:35.0000000Z;31.325;31.41;3267;3267
2026-06-08T13:02:06.0000000Z;31.325;31.41;3267;3267
2026-06-08T13:02:36.0000000Z;31.325;31.41;3267;3267
2026-06-08T13:03:07.0000000Z;31.325;31.41;3267;3267
2026-06-08T13:03:37.0000000Z;31.325;31.41;3267;3267
2026-06-08T13:04:08.0000000Z;31.325;31.41;3267;3267
2026-06-08T13:04:38.0000000Z;31.325;31.41;3267;3267
2026-06-08T13:05:09.0000000Z;31.325;31.41;3267;3267
2026-06-08T13:05:40.0000000Z;31.325;31.41;3267;3267
2026-06-08T13:06:10.0000000Z;31.325;31.41;3267;3267
2026-06-08T13:06:41.0000000Z;31.325;31.41;3267;3267
2026-06-08T13:07:11.0000000Z;31.325;31.41;3267;3267
2026-06-08T13:07:42.0000000Z;31.325;31.41;3267;3267
2026-06-08T13:08:12.0000000Z;31.325;31.41;3267;3267
2026-06-08T13:08:43.0000000Z;31.325;31.41;3267;3267
2026-06-08T13:09:13.0000000Z;31.325;31.41;3267;3267
2026-06-08T13:09:44.0000000Z;31.325;31.41;3267;3267
2026-06-08T13:10:14.0000000Z;31.325;31.41;3267;3267
2026-06-08T13:10:20.0000000Z;31.355;31.41;3267;3267
2026-06-08T13:10:51.0000000Z;31.355;31.41;3267;3267
2026-06-08T13:10:58.0000000Z;31.355;31.43;3267;3267
2026-06-08T13:11:28.0000000Z;31.355;31.43;3267;3267
2026-06-08T13:11:59.0000000Z;31.355;31.43;3267;3267
2026-06-08T13:12:30.0000000Z;31.355;31.43;3267;3267
2026-06-08T13:13:00.0000000Z;31.355;31.43;3267;3267
2026-06-08T13:13:31.0000000Z;31.355;31.43;3267;3267
2026-06-08T13:14:01.0000000Z;31.355;31.43;3267;3267
2026-06-08T13:14:32.0000000Z;31.355;31.43;3267;3267
2026-06-08T13:15:02.0000000Z;31.355;31.43;3267;3267
2026-06-08T13:15:33.0000000Z;31.355;31.43;3267;3267
2026-06-08T13:16:04.0000000Z;31.355;31.43;3267;3267
2026-06-08T13:16:34.0000000Z;31.355;31.43;3267;3267
2026-06-08T13:17:05.0000000Z;31.355;31.43;3267;3267
2026-06-08T13:17:35.0000000Z;31.355;31.43;3267;3267
2026-06-08T13:18:06.0000000Z;31.355;31.43;3267;3267
2026-06-08T13:18:36.0000000Z;31.355;31.43;3267;3267
2026-06-08T13:19:07.0000000Z;31.355;31.43;3267;3267
2026-06-08T13:19:37.0000000Z;31.355;31.43;3267;3267
2026-06-08T13:20:08.0000000Z;31.355;31.43;3267;3267
2026-06-08T13:20:38.0000000Z;31.355;31.43;3267;3267
2026-06-08T13:21:09.0000000Z;31.355;31.43;3267;3267
2026-06-08T13:21:39.0000000Z;31.355;31.43;3267;3267
2026-06-08T13:22:10.0000000Z;31.355;31.43;3267;3267
2026-06-08T13:22:41.0000000Z;31.355;31.43;3267;3267
2026-06-08T13:23:11.0000000Z;31.355;31.43;3267;3267
2026-06-08T13:23:23.0000000Z;31.345;31.43;3267;3267
2026-06-08T13:23:53.0000000Z;31.345;31.43;3267;3267
2026-06-08T13:24:23.0000000Z;31.345;31.43;3267;3267
2026-06-08T13:24:54.0000000Z;31.345;31.43;3267;3267
2026-06-08T13:25:24.0000000Z;31.345;31.43;3267;3267
2026-06-08T13:25:55.0000000Z;31.345;31.43;3267;3267
2026-06-08T13:26:25.0000000Z;31.345;31.43;3267;3267
2026-06-08T13:26:56.0000000Z;31.345;31.43;3267;3267
2026-06-08T13:27:26.0000000Z;31.345;31.43;3267;3267
2026-06-08T13:27:51.0000000Z;31.34;31.43;3267;3267
2026-06-08T13:28:22.0000000Z;31.34;31.43;3267;3267
2026-06-08T13:28:53.0000000Z;31.34;31.43;3267;3267
2026-06-08T13:29:06.0000000Z;31.26;31.65;3267;3267
2026-06-08T13:29:08.0000000Z;31.26;31.67;3267;3267
2026-06-08T13:29:39.0000000Z;31.26;31.67;3267;3267
2026-06-08T13:30:09.0000000Z;31.26;31.67;3267;3267
2026-06-08T13:30:39.0000000Z;31.26;31.67;3267;3267
2026-06-08T13:31:10.0000000Z;31.26;31.67;3267;3267
2026-06-08T13:31:40.0000000Z;31.26;31.67;3267;3267
2026-06-08T13:32:11.0000000Z;31.26;31.67;3267;3267
2026-06-08T13:32:41.0000000Z;31.26;31.67;3267;3267
2026-06-08T13:32:42.0000000Z;31.34;31.47;3267;3267
2026-06-08T13:33:13.0000000Z;31.34;31.47;3267;3267
2026-06-08T13:33:41.0000000Z;31.34;31.45;3267;3267
2026-06-08T13:33:45.0000000Z;31.32;31.45;3267;3267
2026-06-08T13:34:01.0000000Z;31.32;31.43;3267;3267
2026-06-08T13:34:09.0000000Z;31.33;31.425;3267;3267
2026-06-08T13:34:23.0000000Z;31.31;31.405;3267;3267
2026-06-08T13:34:53.0000000Z;31.31;31.405;3267;3267
2026-06-08T13:35:04.0000000Z;31.31;31.39;3267;3267
2026-06-08T13:35:34.0000000Z;31.31;31.39;3267;3267
2026-06-08T13:36:04.0000000Z;31.31;31.39;3267;3267
2026-06-08T13:36:14.0000000Z;31.31;31.385;3267;3267
2026-06-08T13:36:17.0000000Z;31.295;31.385;3267;3267
2026-06-08T13:36:47.0000000Z;31.295;31.385;3267;3267
2026-06-08T13:37:18.0000000Z;31.295;31.385;3267;3267
2026-06-08T13:37:46.0000000Z;31.275;31.365;3267;3267
2026-06-08T13:38:16.0000000Z;31.275;31.365;3267;3267
2026-06-08T13:38:47.0000000Z;31.275;31.365;3267;3267
2026-06-08T13:39:17.0000000Z;31.275;31.365;3267;3267
2026-06-08T13:39:48.0000000Z;31.275;31.365;3267;3267
2026-06-08T13:40:19.0000000Z;31.275;31.365;3267;3267
2026-06-08T13:40:49.0000000Z;31.275;31.365;3267;3267
2026-06-08T13:41:19.0000000Z;31.275;31.365;3267;3267
2026-06-08T13:41:50.0000000Z;31.275;31.365;3267;3267
2026-06-08T13:42:20.0000000Z;31.275;31.365;3267;3267
2026-06-08T13:42:33.0000000Z;31.28;31.365;3267;3267
2026-06-08T13:43:03.0000000Z;31.28;31.365;3267;3267
2026-06-08T13:43:12.0000000Z;31.285;31.365;3267;3267
2026-06-08T13:43:18.0000000Z;31.28;31.365;3267;3267
2026-06-08T13:43:36.0000000Z;31.285;31.365;3267;3267
2026-06-08T13:43:38.0000000Z;31.3;31.365;3267;3267
2026-06-08T13:44:09.0000000Z;31.3;31.365;3267;3267
2026-06-08T13:44:37.0000000Z;31.305;31.365;3267;3267
2026-06-08T13:44:38.0000000Z;31.3;31.365;3267;3267
2026-06-08T13:44:42.0000000Z;31.305;31.385;3267;3267
2026-06-08T13:44:43.0000000Z;31.3;31.385;3267;3267
2026-06-08T13:45:12.0000000Z;31.305;31.385;3267;3267
2026-06-08T13:45:14.0000000Z;31.3;31.385;3267;3267
2026-06-08T13:45:16.0000000Z;31.305;31.385;3267;3267
2026-06-08T13:45:24.0000000Z;31.32;31.385;3267;3267
2026-06-08T13:45:25.0000000Z;31.325;31.385;3267;3267
2026-06-08T13:45:34.0000000Z;31.32;31.385;3267;3267
2026-06-08T13:45:46.0000000Z;31.325;31.385;3267;3267
2026-06-08T13:45:58.0000000Z;31.32;31.385;3267;3267
2026-06-08T13:46:05.0000000Z;31.325;31.385;3267;3267
2026-06-08T13:46:13.0000000Z;31.325;31.405;3267;3267
2026-06-08T13:46:19.0000000Z;31.32;31.405;3267;3267
2026-06-08T13:46:21.0000000Z;31.325;31.405;3267;3267
2026-06-08T13:46:23.0000000Z;31.32;31.405;3267;3267
2026-06-08T13:46:24.0000000Z;31.325;31.405;3267;3267
2026-06-08T13:46:26.0000000Z;31.32;31.405;3267;3267
2026-06-08T13:46:27.0000000Z;31.325;31.405;3267;3267
2026-06-08T13:46:28.0000000Z;31.32;31.405;3267;3267
2026-06-08T13:46:29.0000000Z;31.325;31.405;3267;3267
2026-06-08T13:46:30.0000000Z;31.325;31.405;3267;3267
2026-06-08T13:46:31.0000000Z;31.32;31.405;3267;3267
2026-06-08T13:46:32.0000000Z;31.325;31.405;3267;3267
2026-06-08T13:46:34.0000000Z;31.32;31.405;3267;3267
2026-06-08T13:46:51.0000000Z;31.325;31.405;3267;3267
2026-06-08T13:46:54.0000000Z;31.325;31.405;3267;3267
2026-06-08T13:47:01.0000000Z;31.32;31.405;3267;3267
2026-06-08T13:47:27.0000000Z;31.325;31.405;3267;3267
2026-06-08T13:47:32.0000000Z;31.32;31.405;3267;3267
2026-06-08T13:47:35.0000000Z;31.325;31.405;3267;3267
2026-06-08T13:47:39.0000000Z;31.32;31.405;3267;3267
2026-06-08T13:47:43.0000000Z;31.325;31.405;3267;3267
2026-06-08T13:47:44.0000000Z;31.32;31.405;3267;3267
2026-06-08T13:47:48.0000000Z;31.325;31.405;3267;3267
2026-06-08T13:47:56.0000000Z;31.32;31.405;3267;3267
2026-06-08T13:48:00.0000000Z;31.325;31.405;3267;3267
2026-06-08T13:48:15.0000000Z;31.32;31.405;3267;3267
2026-06-08T13:48:20.0000000Z;31.325;31.405;3267;3267
2026-06-08T13:48:25.0000000Z;31.32;31.405;3267;3267
2026-06-08T13:48:56.0000000Z;31.32;31.405;3267;3267
2026-06-08T13:49:27.0000000Z;31.32;31.405;3267;3267
2026-06-08T13:49:57.0000000Z;31.32;31.405;3267;3267
2026-06-08T13:50:28.0000000Z;31.32;31.405;3267;3267
2026-06-08T13:50:52.0000000Z;31.315;31.405;3267;3267
2026-06-08T13:51:23.0000000Z;31.315;31.405;3267;3267
2026-06-08T13:51:38.0000000Z;31.32;31.405;3267;3267
2026-06-08T13:52:09.0000000Z;31.32;31.405;3267;3267
2026-06-08T13:52:11.0000000Z;31.325;31.405;3267;3267
2026-06-08T13:52:12.0000000Z;31.325;31.405;3267;3267
2026-06-08T13:52:16.0000000Z;31.32;31.405;3267;3267
2026-06-08T13:52:17.0000000Z;31.32;31.405;3267;3267
2026-06-08T13:52:21.0000000Z;31.325;31.405;3267;3267
2026-06-08T13:52:23.0000000Z;31.32;31.405;3267;3267
2026-06-08T13:52:24.0000000Z;31.325;31.405;3267;3267
2026-06-08T13:52:30.0000000Z;31.325;31.405;3267;3267
2026-06-08T13:52:32.0000000Z;31.32;31.405;3267;3267
2026-06-08T13:52:35.0000000Z;31.325;31.405;3267;3267
2026-06-08T13:53:05.0000000Z;31.325;31.405;3267;3267
2026-06-08T13:53:06.0000000Z;31.34;31.405;3267;3267
2026-06-08T13:53:37.0000000Z;31.34;31.405;3267;3267
2026-06-08T13:53:47.0000000Z;31.345;31.405;3267;3267
2026-06-08T13:53:49.0000000Z;31.34;31.405;3267;3267
2026-06-08T13:53:58.0000000Z;31.345;31.405;3267;3267
2026-06-08T13:54:29.0000000Z;31.345;31.405;3267;3267
2026-06-08T13:54:59.0000000Z;31.345;31.405;3267;3267
2026-06-08T13:55:27.0000000Z;31.335;31.405;3267;3267
2026-06-08T13:55:29.0000000Z;31.36;31.405;3267;3267
2026-06-08T13:55:37.0000000Z;31.36;31.43;3267;3267
2026-06-08T13:56:07.0000000Z;31.36;31.43;3267;3267
2026-06-08T13:56:18.0000000Z;31.345;31.43;3267;3267
2026-06-08T13:56:47.0000000Z;31.345;31.43;3267;3267
2026-06-08T13:57:17.0000000Z;31.345;31.43;3267;3267
2026-06-08T13:57:19.0000000Z;31.335;31.43;3267;3267
2026-06-08T13:57:33.0000000Z;31.335;31.41;3267;3267
2026-06-08T13:57:45.0000000Z;31.32;31.41;3267;3267
2026-06-08T13:58:16.0000000Z;31.32;31.41;3267;3267
2026-06-08T13:58:47.0000000Z;31.32;31.41;3267;3267
2026-06-08T13:59:17.0000000Z;31.32;31.41;3267;3267
2026-06-08T13:59:48.0000000Z;31.32;31.41;3267;3267
2026-06-08T14:00:18.0000000Z;31.32;31.41;3267;3267
2026-06-08T14:00:21.0000000Z;31.32;31.4;3267;3267
2026-06-08T14:00:52.0000000Z;31.32;31.4;3267;3267
2026-06-08T14:00:57.0000000Z;31.32;31.41;3267;3267
2026-06-08T14:01:04.0000000Z;31.34;31.41;3267;3267
2026-06-08T14:01:06.0000000Z;31.34;31.43;3267;3267
2026-06-08T14:01:37.0000000Z;31.34;31.43;3267;3267
2026-06-08T14:01:50.0000000Z;31.35;31.43;3267;3267
2026-06-08T14:02:06.0000000Z;31.36;31.43;3267;3267
2026-06-08T14:02:37.0000000Z;31.36;31.43;3267;3267
2026-06-08T14:02:55.0000000Z;31.345;31.43;3267;3267
2026-06-08T14:03:22.0000000Z;31.345;31.43;3267;3267
2026-06-08T14:03:53.0000000Z;31.345;31.43;3267;3267
2026-06-08T14:04:23.0000000Z;31.345;31.43;3267;3267
2026-06-08T14:04:53.0000000Z;31.34;31.43;3267;3267
2026-06-08T14:05:24.0000000Z;31.34;31.43;3267;3267
2026-06-08T14:05:55.0000000Z;31.34;31.43;3267;3267
2026-06-08T14:06:25.0000000Z;31.34;31.43;3267;3267
2026-06-08T14:06:26.0000000Z;31.35;31.43;3267;3267
2026-06-08T14:06:56.0000000Z;31.35;31.43;3267;3267
2026-06-08T14:07:12.0000000Z;31.365;31.43;3267;3267
2026-06-08T14:07:24.0000000Z;31.365;31.44;3267;3267
2026-06-08T14:07:54.0000000Z;31.365;31.44;3267;3267
2026-06-08T14:08:24.0000000Z;31.365;31.44;3267;3267
2026-06-08T14:08:55.0000000Z;31.365;31.44;3267;3267
2026-06-08T14:09:07.0000000Z;31.38;31.44;3267;3267
2026-06-08T14:09:37.0000000Z;31.38;31.44;3267;3267
2026-06-08T14:09:43.0000000Z;31.38;31.465;3267;3267
2026-06-08T14:10:10.0000000Z;31.395;31.465;3267;3267
2026-06-08T14:10:41.0000000Z;31.395;31.465;3267;3267
2026-06-08T14:11:09.0000000Z;31.375;31.465;3267;3267
2026-06-08T14:11:40.0000000Z;31.375;31.465;3267;3267
2026-06-08T14:12:10.0000000Z;31.375;31.465;3267;3267
2026-06-08T14:12:41.0000000Z;31.375;31.465;3267;3267
2026-06-08T14:13:11.0000000Z;31.375;31.465;3267;3267
2026-06-08T14:13:12.0000000Z;31.375;31.46;3267;3267
2026-06-08T14:13:15.0000000Z;31.37;31.46;3267;3267
2026-06-08T14:13:46.0000000Z;31.37;31.46;3267;3267
2026-06-08T14:14:16.0000000Z;31.37;31.46;3267;3267
2026-06-08T14:14:47.0000000Z;31.37;31.46;3267;3267
2026-06-08T14:15:13.0000000Z;31.35;31.44;3267;3267
2026-06-08T14:15:44.0000000Z;31.35;31.44;3267;3267
2026-06-08T14:16:15.0000000Z;31.35;31.44;3267;3267
2026-06-08T14:16:45.0000000Z;31.35;31.44;3267;3267
2026-06-08T14:17:16.0000000Z;31.35;31.44;3267;3267
2026-06-08T14:17:46.0000000Z;31.35;31.44;3267;3267
2026-06-08T14:18:03.0000000Z;31.36;31.44;3267;3267
2026-06-08T14:18:33.0000000Z;31.36;31.44;3267;3267
2026-06-08T14:19:04.0000000Z;31.36;31.44;3267;3267
2026-06-08T14:19:34.0000000Z;31.36;31.44;3267;3267
2026-06-08T14:20:05.0000000Z;31.36;31.44;3267;3267
2026-06-08T14:20:09.0000000Z;31.375;31.44;3267;3267
2026-06-08T14:20:40.0000000Z;31.375;31.44;3267;3267
2026-06-08T14:21:11.0000000Z;31.375;31.44;3267;3267
2026-06-08T14:21:41.0000000Z;31.375;31.44;3267;3267
2026-06-08T14:22:12.0000000Z;31.375;31.44;3267;3267
2026-06-08T14:22:42.0000000Z;31.375;31.44;3267;3267
2026-06-08T14:22:47.0000000Z;31.36;31.44;3267;3267
2026-06-08T14:23:18.0000000Z;31.36;31.44;3267;3267
2026-06-08T14:23:48.0000000Z;31.36;31.44;3267;3267
2026-06-08T14:23:59.0000000Z;31.37;31.44;3267;3267
2026-06-08T14:24:00.0000000Z;31.37;31.46;3267;3267
2026-06-08T14:24:05.0000000Z;31.375;31.46;3267;3267
2026-06-08T14:24:09.0000000Z;31.375;31.465;3267;3267
2026-06-08T14:24:39.0000000Z;31.375;31.465;3267;3267
2026-06-08T14:25:10.0000000Z;31.375;31.465;3267;3267
2026-06-08T14:25:40.0000000Z;31.375;31.465;3267;3267
2026-06-08T14:26:11.0000000Z;31.375;31.465;3267;3267
2026-06-08T14:26:14.0000000Z;31.395;31.465;3267;3267
2026-06-08T14:26:44.0000000Z;31.395;31.465;3267;3267
2026-06-08T14:27:15.0000000Z;31.395;31.465;3267;3267
2026-06-08T14:27:45.0000000Z;31.395;31.465;3267;3267
2026-06-08T14:28:15.0000000Z;31.375;31.465;3267;3267
2026-06-08T14:28:45.0000000Z;31.375;31.465;3267;3267
2026-06-08T14:29:16.0000000Z;31.375;31.465;3267;3267
2026-06-08T14:29:46.0000000Z;31.375;31.465;3267;3267
2026-06-08T14:30:17.0000000Z;31.375;31.465;3267;3267
2026-06-08T14:30:47.0000000Z;31.375;31.465;3267;3267
2026-06-08T14:31:08.0000000Z;31.375;31.46;3267;3267
2026-06-08T14:31:10.0000000Z;31.37;31.46;3267;3267
2026-06-08T14:31:40.0000000Z;31.37;31.46;3267;3267
2026-06-08T14:32:11.0000000Z;31.37;31.46;3267;3267
2026-06-08T14:32:41.0000000Z;31.37;31.46;3267;3267
2026-06-08T14:33:12.0000000Z;31.37;31.46;3267;3267
2026-06-08T14:33:42.0000000Z;31.37;31.46;3267;3267
2026-06-08T14:34:13.0000000Z;31.37;31.46;3267;3267
2026-06-08T14:34:43.0000000Z;31.37;31.46;3267;3267
2026-06-08T14:34:50.0000000Z;31.375;31.46;3267;3267
2026-06-08T14:34:51.0000000Z;31.375;31.465;3267;3267
2026-06-08T14:35:22.0000000Z;31.375;31.465;3267;3267
2026-06-08T14:35:52.0000000Z;31.375;31.465;3267;3267
2026-06-08T14:36:23.0000000Z;31.375;31.465;3267;3267
2026-06-08T14:36:34.0000000Z;31.39;31.465;3267;3267
2026-06-08T14:37:04.0000000Z;31.39;31.465;3267;3267
2026-06-08T14:37:35.0000000Z;31.39;31.465;3267;3267
2026-06-08T14:37:46.0000000Z;31.375;31.465;3267;3267
2026-06-08T14:38:17.0000000Z;31.375;31.465;3267;3267
2026-06-08T14:38:47.0000000Z;31.375;31.465;3267;3267
2026-06-08T14:39:18.0000000Z;31.375;31.465;3267;3267
2026-06-08T14:39:48.0000000Z;31.375;31.465;3267;3267
2026-06-08T14:39:53.0000000Z;31.375;31.46;3267;3267
2026-06-08T14:40:10.0000000Z;31.39;31.46;3267;3267
2026-06-08T14:40:40.0000000Z;31.39;31.46;3267;3267
2026-06-08T14:41:11.0000000Z;31.39;31.46;3267;3267
2026-06-08T14:41:41.0000000Z;31.39;31.46;3267;3267
2026-06-08T14:42:01.0000000Z;31.375;31.46;3267;3267
2026-06-08T14:42:21.0000000Z;31.37;31.46;3267;3267
2026-06-08T14:42:52.0000000Z;31.37;31.46;3267;3267
2026-06-08T14:43:23.0000000Z;31.37;31.46;3267;3267
2026-06-08T14:43:53.0000000Z;31.37;31.44;3267;3267
2026-06-08T14:44:24.0000000Z;31.37;31.44;3267;3267
2026-06-08T14:44:40.0000000Z;31.37;31.46;3267;3267
2026-06-08T14:45:10.0000000Z;31.37;31.46;3267;3267
2026-06-08T14:45:14.0000000Z;31.375;31.46;3267;3267
2026-06-08T14:45:44.0000000Z;31.375;31.46;3267;3267
2026-06-08T14:46:14.0000000Z;31.375;31.46;3267;3267
2026-06-08T14:46:45.0000000Z;31.375;31.46;3267;3267
2026-06-08T14:46:48.0000000Z;31.39;31.46;3267;3267
2026-06-08T14:47:18.0000000Z;31.39;31.46;3267;3267
2026-06-08T14:47:34.0000000Z;31.405;31.46;3267;3267
2026-06-08T14:47:51.0000000Z;31.405;31.485;3267;3267
2026-06-08T14:48:21.0000000Z;31.405;31.485;3267;3267
2026-06-08T14:48:52.0000000Z;31.405;31.485;3267;3267
2026-06-08T14:49:23.0000000Z;31.405;31.485;3267;3267
2026-06-08T14:49:53.0000000Z;31.405;31.485;3267;3267
2026-06-08T14:50:03.0000000Z;31.39;31.485;3267;3267
2026-06-08T14:50:34.0000000Z;31.39;31.485;3267;3267
2026-06-08T14:51:04.0000000Z;31.39;31.485;3267;3267
2026-06-08T14:51:11.0000000Z;31.39;31.48;3267;3267
2026-06-08T14:51:37.0000000Z;31.39;31.485;3267;3267
2026-06-08T14:52:07.0000000Z;31.39;31.485;3267;3267
2026-06-08T14:52:38.0000000Z;31.39;31.485;3267;3267
2026-06-08T14:53:08.0000000Z;31.39;31.485;3267;3267
2026-06-08T14:53:23.0000000Z;31.39;31.48;3267;3267
2026-06-08T14:53:54.0000000Z;31.39;31.48;3267;3267
2026-06-08T14:54:25.0000000Z;31.39;31.48;3267;3267
2026-06-08T14:54:55.0000000Z;31.39;31.48;3267;3267
2026-06-08T14:55:26.0000000Z;31.39;31.48;3267;3267
2026-06-08T14:55:56.0000000Z;31.39;31.48;3267;3267
2026-06-08T14:56:27.0000000Z;31.39;31.48;3267;3267
2026-06-08T14:56:57.0000000Z;31.39;31.48;3267;3267
2026-06-08T14:57:28.0000000Z;31.39;31.48;3267;3267
2026-06-08T14:57:58.0000000Z;31.39;31.48;3267;3267
2026-06-08T14:58:02.0000000Z;31.405;31.48;3267;3267
2026-06-08T14:58:10.0000000Z;31.405;31.485;3267;3267
2026-06-08T14:58:40.0000000Z;31.405;31.485;3267;3267
2026-06-08T14:59:03.0000000Z;31.42;31.485;3267;3267
2026-06-08T14:59:33.0000000Z;31.42;31.485;3267;3267
