2026-06-08T08:00:14.0000000Z;119.66;119.9;2271;2271
2026-06-08T08:00:31.0000000Z;119.66;119.84;2271;2271
2026-06-08T08:01:02.0000000Z;119.66;119.84;2271;2271
2026-06-08T08:01:21.0000000Z;119.66;119.88;2271;2271
2026-06-08T08:01:52.0000000Z;119.66;119.88;2271;2271
2026-06-08T08:02:22.0000000Z;119.66;119.88;2271;2271
2026-06-08T08:02:53.0000000Z;119.66;119.88;2271;2271
2026-06-08T08:03:22.0000000Z;119.54;119.88;2271;2271
2026-06-08T08:03:24.0000000Z;119.6;119.88;2271;2271
2026-06-08T08:03:54.0000000Z;119.6;119.88;2271;2271
2026-06-08T08:04:17.0000000Z;119.56;119.84;2271;2271
2026-06-08T08:04:47.0000000Z;119.56;119.84;2271;2271
2026-06-08T08:05:17.0000000Z;119.56;119.84;2271;2271
2026-06-08T08:05:48.0000000Z;119.56;119.84;2271;2271
2026-06-08T08:06:18.0000000Z;119.56;119.84;2271;2271
2026-06-08T08:06:49.0000000Z;119.56;119.84;2271;2271
2026-06-08T08:07:19.0000000Z;119.56;119.84;2271;2271
2026-06-08T08:07:50.0000000Z;119.56;119.84;2271;2271
2026-06-08T08:08:20.0000000Z;119.56;119.84;2271;2271
2026-06-08T08:08:51.0000000Z;119.56;119.84;2271;2271
2026-06-08T08:09:21.0000000Z;119.56;119.84;2271;2271
2026-06-08T08:09:52.0000000Z;119.56;119.84;2271;2271
2026-06-08T08:10:22.0000000Z;119.56;119.84;2271;2271
2026-06-08T08:10:53.0000000Z;119.56;119.84;2271;2271
2026-06-08T08:11:23.0000000Z;119.56;119.84;2271;2271
2026-06-08T08:11:54.0000000Z;119.56;119.84;2271;2271
2026-06-08T08:12:24.0000000Z;119.56;119.84;2271;2271
2026-06-08T08:12:55.0000000Z;119.56;119.84;2271;2271
2026-06-08T08:13:26.0000000Z;119.56;119.84;2271;2271
2026-06-08T08:13:56.0000000Z;119.56;119.84;2271;2271
2026-06-08T08:14:27.0000000Z;119.56;119.84;2271;2271
2026-06-08T08:14:57.0000000Z;119.56;119.84;2271;2271
2026-06-08T08:15:28.0000000Z;119.56;119.84;2271;2271
2026-06-08T08:15:44.0000000Z;119.56;119.8;2271;2271
2026-06-08T08:16:14.0000000Z;119.56;119.8;2271;2271
2026-06-08T08:16:18.0000000Z;119.56;119.82;2271;2271
2026-06-08T08:16:48.0000000Z;119.56;119.82;2271;2271
2026-06-08T08:17:18.0000000Z;119.56;119.82;2271;2271
2026-06-08T08:17:49.0000000Z;119.56;119.82;2271;2271
2026-06-08T08:18:20.0000000Z;119.56;119.82;2271;2271
2026-06-08T08:18:46.0000000Z;119.56;119.84;2271;2271
2026-06-08T08:19:16.0000000Z;119.56;119.84;2271;2271
2026-06-08T08:19:47.0000000Z;119.56;119.84;2271;2271
2026-06-08T08:20:18.0000000Z;119.56;119.84;2271;2271
2026-06-08T08:20:48.0000000Z;119.56;119.84;2271;2271
2026-06-08T08:21:19.0000000Z;119.56;119.84;2271;2271
2026-06-08T08:21:49.0000000Z;119.56;119.84;2271;2271
2026-06-08T08:22:20.0000000Z;119.56;119.84;2271;2271
2026-06-08T08:22:50.0000000Z;119.56;119.84;2271;2271
2026-06-08T08:22:55.0000000Z;119.5;119.84;2271;2271
2026-06-08T08:22:57.0000000Z;119.54;119.82;2271;2271
2026-06-08T08:23:11.0000000Z;119.54;119.8;2271;2271
2026-06-08T08:23:42.0000000Z;119.54;119.8;2271;2271
2026-06-08T08:24:12.0000000Z;119.54;119.8;2271;2271
2026-06-08T08:24:16.0000000Z;119.54;119.82;2271;2271
2026-06-08T08:24:46.0000000Z;119.54;119.82;2271;2271
2026-06-08T08:25:17.0000000Z;119.54;119.82;2271;2271
2026-06-08T08:25:44.0000000Z;119.5;119.82;2271;2271
2026-06-08T08:25:46.0000000Z;119.52;119.8;2271;2271
2026-06-08T08:26:16.0000000Z;119.52;119.8;2271;2271
2026-06-08T08:26:40.0000000Z;119.52;119.82;2271;2271
2026-06-08T08:27:10.0000000Z;119.52;119.82;2271;2271
2026-06-08T08:27:41.0000000Z;119.52;119.82;2271;2271
2026-06-08T08:28:12.0000000Z;119.52;119.82;2271;2271
2026-06-08T08:28:42.0000000Z;119.52;119.82;2271;2271
2026-06-08T08:29:13.0000000Z;119.52;119.82;2271;2271
2026-06-08T08:29:43.0000000Z;119.52;119.82;2271;2271
2026-06-08T08:30:14.0000000Z;119.52;119.82;2271;2271
2026-06-08T08:30:44.0000000Z;119.52;119.82;2271;2271
2026-06-08T08:31:15.0000000Z;119.52;119.82;2271;2271
2026-06-08T08:31:45.0000000Z;119.5;119.84;2271;2271
2026-06-08T08:31:47.0000000Z;119.54;119.84;2271;2271
2026-06-08T08:31:51.0000000Z;119.54;119.82;2271;2271
2026-06-08T08:32:22.0000000Z;119.54;119.82;2271;2271
2026-06-08T08:32:52.0000000Z;119.54;119.82;2271;2271
2026-06-08T08:33:14.0000000Z;119.52;119.82;2271;2271
2026-06-08T08:33:44.0000000Z;119.52;119.82;2271;2271
2026-06-08T08:34:15.0000000Z;119.52;119.82;2271;2271
2026-06-08T08:34:45.0000000Z;119.52;119.82;2271;2271
2026-06-08T08:35:16.0000000Z;119.52;119.82;2271;2271
2026-06-08T08:35:46.0000000Z;119.52;119.82;2271;2271
2026-06-08T08:36:17.0000000Z;119.52;119.82;2271;2271
2026-06-08T08:36:48.0000000Z;119.52;119.82;2271;2271
2026-06-08T08:37:18.0000000Z;119.52;119.82;2271;2271
2026-06-08T08:37:49.0000000Z;119.52;119.82;2271;2271
2026-06-08T08:38:19.0000000Z;119.52;119.82;2271;2271
2026-06-08T08:38:50.0000000Z;119.52;119.82;2271;2271
2026-06-08T08:39:08.0000000Z;119.52;119.8;2271;2271
2026-06-08T08:39:39.0000000Z;119.52;119.8;2271;2271
2026-06-08T08:40:09.0000000Z;119.52;119.8;2271;2271
2026-06-08T08:40:32.0000000Z;119.54;119.8;2271;2271
2026-06-08T08:40:44.0000000Z;119.54;119.82;2271;2271
2026-06-08T08:40:50.0000000Z;119.48;119.82;2271;2271
2026-06-08T08:40:54.0000000Z;119.52;119.82;2271;2271
2026-06-08T08:41:24.0000000Z;119.52;119.82;2271;2271
2026-06-08T08:41:48.0000000Z;119.52;119.8;2271;2271
2026-06-08T08:42:18.0000000Z;119.52;119.8;2271;2271
2026-06-08T08:42:40.0000000Z;119.52;119.82;2271;2271
2026-06-08T08:42:42.0000000Z;119.52;119.76;2271;2271
2026-06-08T08:43:13.0000000Z;119.52;119.76;2271;2271
2026-06-08T08:43:44.0000000Z;119.52;119.76;2271;2271
2026-06-08T08:43:51.0000000Z;119.52;119.8;2271;2271
2026-06-08T08:44:21.0000000Z;119.52;119.8;2271;2271
2026-06-08T08:44:52.0000000Z;119.52;119.8;2271;2271
2026-06-08T08:45:22.0000000Z;119.52;119.8;2271;2271
2026-06-08T08:45:53.0000000Z;119.52;119.8;2271;2271
2026-06-08T08:46:24.0000000Z;119.52;119.8;2271;2271
2026-06-08T08:46:37.0000000Z;119.52;119.78;2271;2271
2026-06-08T08:47:08.0000000Z;119.52;119.78;2271;2271
2026-06-08T08:47:10.0000000Z;119.52;119.74;2271;2271
2026-06-08T08:47:40.0000000Z;119.52;119.74;2271;2271
2026-06-08T08:48:10.0000000Z;119.52;119.78;2271;2271
2026-06-08T08:48:41.0000000Z;119.52;119.78;2271;2271
2026-06-08T08:49:11.0000000Z;119.52;119.78;2271;2271
2026-06-08T08:49:42.0000000Z;119.52;119.78;2271;2271
2026-06-08T08:50:10.0000000Z;119.52;119.74;2271;2271
2026-06-08T08:50:27.0000000Z;119.4;119.74;2271;2271
2026-06-08T08:50:29.0000000Z;119.48;119.74;2271;2271
2026-06-08T08:50:59.0000000Z;119.48;119.74;2271;2271
2026-06-08T08:51:30.0000000Z;119.48;119.74;2271;2271
2026-06-08T08:52:00.0000000Z;119.48;119.74;2271;2271
2026-06-08T08:52:31.0000000Z;119.48;119.74;2271;2271
2026-06-08T08:52:49.0000000Z;119.48;119.78;2271;2271
2026-06-08T08:53:20.0000000Z;119.48;119.78;2271;2271
2026-06-08T08:53:50.0000000Z;119.48;119.78;2271;2271
2026-06-08T08:54:21.0000000Z;119.48;119.78;2271;2271
2026-06-08T08:54:51.0000000Z;119.48;119.78;2271;2271
2026-06-08T08:55:22.0000000Z;119.48;119.78;2271;2271
2026-06-08T08:55:52.0000000Z;119.48;119.78;2271;2271
2026-06-08T08:56:23.0000000Z;119.48;119.78;2271;2271
2026-06-08T08:56:53.0000000Z;119.48;119.78;2271;2271
2026-06-08T08:57:20.0000000Z;119.5;119.78;2271;2271
2026-06-08T08:57:44.0000000Z;119.48;119.78;2271;2271
2026-06-08T08:58:15.0000000Z;119.48;119.78;2271;2271
2026-06-08T08:58:45.0000000Z;119.48;119.78;2271;2271
2026-06-08T08:59:16.0000000Z;119.48;119.78;2271;2271
2026-06-08T08:59:46.0000000Z;119.48;119.78;2271;2271
2026-06-08T09:00:17.0000000Z;119.48;119.78;2271;2271
2026-06-08T09:00:48.0000000Z;119.48;119.78;2271;2271
2026-06-08T09:01:18.0000000Z;119.48;119.78;2271;2271
2026-06-08T09:01:49.0000000Z;119.48;119.78;2271;2271
2026-06-08T09:01:57.0000000Z;119.5;119.78;2271;2271
2026-06-08T09:02:27.0000000Z;119.5;119.78;2271;2271
2026-06-08T09:02:58.0000000Z;119.5;119.78;2271;2271
2026-06-08T09:03:02.0000000Z;119.52;119.78;2271;2271
2026-06-08T09:03:32.0000000Z;119.52;119.78;2271;2271
2026-06-08T09:04:00.0000000Z;119.48;119.78;2271;2271
2026-06-08T09:04:30.0000000Z;119.48;119.78;2271;2271
2026-06-08T09:05:01.0000000Z;119.48;119.78;2271;2271
2026-06-08T09:05:04.0000000Z;119.5;119.78;2271;2271
2026-06-08T09:05:35.0000000Z;119.5;119.78;2271;2271
2026-06-08T09:05:48.0000000Z;119.48;119.78;2271;2271
2026-06-08T09:06:18.0000000Z;119.48;119.78;2271;2271
2026-06-08T09:06:49.0000000Z;119.48;119.78;2271;2271
2026-06-08T09:07:19.0000000Z;119.48;119.78;2271;2271
2026-06-08T09:07:50.0000000Z;119.48;119.78;2271;2271
2026-06-08T09:08:21.0000000Z;119.48;119.78;2271;2271
2026-06-08T09:08:51.0000000Z;119.48;119.78;2271;2271
2026-06-08T09:09:22.0000000Z;119.48;119.78;2271;2271
2026-06-08T09:09:52.0000000Z;119.48;119.78;2271;2271
2026-06-08T09:10:23.0000000Z;119.48;119.78;2271;2271
2026-06-08T09:10:53.0000000Z;119.48;119.78;2271;2271
2026-06-08T09:11:24.0000000Z;119.48;119.78;2271;2271
2026-06-08T09:11:55.0000000Z;119.48;119.78;2271;2271
2026-06-08T09:12:25.0000000Z;119.48;119.78;2271;2271
2026-06-08T09:12:56.0000000Z;119.48;119.78;2271;2271
2026-06-08T09:13:26.0000000Z;119.48;119.78;2271;2271
2026-06-08T09:13:57.0000000Z;119.48;119.78;2271;2271
2026-06-08T09:14:27.0000000Z;119.48;119.78;2271;2271
2026-06-08T09:14:58.0000000Z;119.48;119.78;2271;2271
2026-06-08T09:15:29.0000000Z;119.48;119.78;2271;2271
2026-06-08T09:15:59.0000000Z;119.48;119.78;2271;2271
2026-06-08T09:16:30.0000000Z;119.48;119.78;2271;2271
2026-06-08T09:17:00.0000000Z;119.48;119.78;2271;2271
2026-06-08T09:17:31.0000000Z;119.48;119.78;2271;2271
2026-06-08T09:18:01.0000000Z;119.48;119.78;2271;2271
2026-06-08T09:18:32.0000000Z;119.48;119.78;2271;2271
2026-06-08T09:19:02.0000000Z;119.48;119.78;2271;2271
2026-06-08T09:19:33.0000000Z;119.48;119.78;2271;2271
2026-06-08T09:19:50.0000000Z;119.5;119.78;2271;2271
2026-06-08T09:20:20.0000000Z;119.5;119.78;2271;2271
2026-06-08T09:20:50.0000000Z;119.5;119.78;2271;2271
2026-06-08T09:21:21.0000000Z;119.5;119.78;2271;2271
2026-06-08T09:21:51.0000000Z;119.5;119.78;2271;2271
2026-06-08T09:22:22.0000000Z;119.5;119.78;2271;2271
2026-06-08T09:22:52.0000000Z;119.5;119.78;2271;2271
2026-06-08T09:23:23.0000000Z;119.5;119.78;2271;2271
2026-06-08T09:23:54.0000000Z;119.5;119.78;2271;2271
2026-06-08T09:24:24.0000000Z;119.5;119.78;2271;2271
2026-06-08T09:24:29.0000000Z;119.48;119.8;2271;2271
2026-06-08T09:24:31.0000000Z;119.48;119.76;2271;2271
2026-06-08T09:25:02.0000000Z;119.48;119.76;2271;2271
2026-06-08T09:25:32.0000000Z;119.48;119.76;2271;2271
2026-06-08T09:26:03.0000000Z;119.48;119.76;2271;2271
2026-06-08T09:26:34.0000000Z;119.48;119.76;2271;2271
2026-06-08T09:27:04.0000000Z;119.48;119.76;2271;2271
2026-06-08T09:27:35.0000000Z;119.48;119.76;2271;2271
2026-06-08T09:28:05.0000000Z;119.48;119.76;2271;2271
2026-06-08T09:28:36.0000000Z;119.48;119.76;2271;2271
2026-06-08T09:29:07.0000000Z;119.48;119.76;2271;2271
2026-06-08T09:29:37.0000000Z;119.48;119.76;2271;2271
2026-06-08T09:30:08.0000000Z;119.48;119.76;2271;2271
2026-06-08T09:30:38.0000000Z;119.48;119.76;2271;2271
2026-06-08T09:31:09.0000000Z;119.48;119.76;2271;2271
2026-06-08T09:31:39.0000000Z;119.48;119.76;2271;2271
2026-06-08T09:32:10.0000000Z;119.48;119.76;2271;2271
2026-06-08T09:32:40.0000000Z;119.48;119.76;2271;2271
2026-06-08T09:33:11.0000000Z;119.48;119.76;2271;2271
2026-06-08T09:33:42.0000000Z;119.48;119.76;2271;2271
2026-06-08T09:34:12.0000000Z;119.48;119.76;2271;2271
2026-06-08T09:34:43.0000000Z;119.48;119.76;2271;2271
2026-06-08T09:35:13.0000000Z;119.48;119.76;2271;2271
2026-06-08T09:35:44.0000000Z;119.48;119.76;2271;2271
2026-06-08T09:36:15.0000000Z;119.48;119.76;2271;2271
2026-06-08T09:36:42.0000000Z;119.44;119.8;2271;2271
2026-06-08T09:36:46.0000000Z;119.44;119.74;2271;2271
2026-06-08T09:36:48.0000000Z;119.48;119.84;2271;2271
2026-06-08T09:36:50.0000000Z;119.48;119.78;2271;2271
2026-06-08T09:37:06.0000000Z;119.48;119.76;2271;2271
2026-06-08T09:37:14.0000000Z;119.46;119.78;2271;2271
2026-06-08T09:37:18.0000000Z;119.16;120.06;2271;2271
2026-06-08T09:37:22.0000000Z;119.18;120.06;2271;2271
2026-06-08T09:37:53.0000000Z;119.18;120.06;2271;2271
2026-06-08T09:38:08.0000000Z;119.16;120.06;2271;2271
2026-06-08T09:38:39.0000000Z;119.16;120.06;2271;2271
2026-06-08T09:39:09.0000000Z;119.16;120.06;2271;2271
2026-06-08T09:39:40.0000000Z;119.16;120.06;2271;2271
2026-06-08T09:40:10.0000000Z;119.16;120.06;2271;2271
2026-06-08T09:40:41.0000000Z;119.16;120.06;2271;2271
2026-06-08T09:41:11.0000000Z;119.16;120.06;2271;2271
2026-06-08T09:41:42.0000000Z;119.16;120.06;2271;2271
2026-06-08T09:42:01.0000000Z;119.34;119.96;2271;2271
2026-06-08T09:42:32.0000000Z;119.34;119.96;2271;2271
2026-06-08T09:42:35.0000000Z;119.38;119.94;2271;2271
2026-06-08T09:43:06.0000000Z;119.38;119.94;2271;2271
2026-06-08T09:43:07.0000000Z;119.44;119.92;2271;2271
2026-06-08T09:43:35.0000000Z;119.48;119.9;2271;2271
2026-06-08T09:44:06.0000000Z;119.48;119.9;2271;2271
2026-06-08T09:44:37.0000000Z;119.48;119.9;2271;2271
2026-06-08T09:44:46.0000000Z;119.48;119.76;2271;2271
2026-06-08T09:45:14.0000000Z;119.5;119.76;2271;2271
2026-06-08T09:45:38.0000000Z;119.52;119.76;2271;2271
2026-06-08T09:46:02.0000000Z;119.54;119.76;2271;2271
2026-06-08T09:46:33.0000000Z;119.54;119.76;2271;2271
2026-06-08T09:46:44.0000000Z;119.52;119.76;2271;2271
2026-06-08T09:47:15.0000000Z;119.52;119.76;2271;2271
2026-06-08T09:47:45.0000000Z;119.52;119.76;2271;2271
2026-06-08T09:48:16.0000000Z;119.52;119.76;2271;2271
2026-06-08T09:48:23.0000000Z;119.54;119.76;2271;2271
2026-06-08T09:48:53.0000000Z;119.54;119.76;2271;2271
2026-06-08T09:48:55.0000000Z;119.52;119.76;2271;2271
2026-06-08T09:49:25.0000000Z;119.52;119.76;2271;2271
2026-06-08T09:49:55.0000000Z;119.52;119.76;2271;2271
2026-06-08T09:50:26.0000000Z;119.52;119.76;2271;2271
2026-06-08T09:50:57.0000000Z;119.52;119.76;2271;2271
2026-06-08T09:51:27.0000000Z;119.52;119.76;2271;2271
2026-06-08T09:51:58.0000000Z;119.52;119.76;2271;2271
2026-06-08T09:52:00.0000000Z;119.5;119.76;2271;2271
2026-06-08T09:52:30.0000000Z;119.5;119.76;2271;2271
2026-06-08T09:52:35.0000000Z;119.52;119.76;2271;2271
2026-06-08T09:52:39.0000000Z;119.5;119.76;2271;2271
2026-06-08T09:53:10.0000000Z;119.5;119.76;2271;2271
2026-06-08T09:53:41.0000000Z;119.5;119.76;2271;2271
2026-06-08T09:54:11.0000000Z;119.5;119.76;2271;2271
2026-06-08T09:54:42.0000000Z;119.5;119.76;2271;2271
2026-06-08T09:55:12.0000000Z;119.5;119.76;2271;2271
2026-06-08T09:55:43.0000000Z;119.5;119.76;2271;2271
2026-06-08T09:55:58.0000000Z;119.52;119.76;2271;2271
2026-06-08T09:56:29.0000000Z;119.52;119.76;2271;2271
2026-06-08T09:56:59.0000000Z;119.52;119.76;2271;2271
2026-06-08T09:57:30.0000000Z;119.52;119.76;2271;2271
2026-06-08T09:58:00.0000000Z;119.52;119.76;2271;2271
2026-06-08T09:58:31.0000000Z;119.52;119.76;2271;2271
2026-06-08T09:59:01.0000000Z;119.52;119.76;2271;2271
2026-06-08T09:59:32.0000000Z;119.52;119.76;2271;2271
2026-06-08T10:00:01.0000000Z;119.54;119.76;2271;2271
2026-06-08T10:00:31.0000000Z;119.54;119.76;2271;2271
2026-06-08T10:01:02.0000000Z;119.54;119.76;2271;2271
2026-06-08T10:01:32.0000000Z;119.54;119.76;2271;2271
2026-06-08T10:02:00.0000000Z;119.54;119.88;2271;2271
2026-06-08T10:02:02.0000000Z;119.54;119.86;2271;2271
2026-06-08T10:02:04.0000000Z;119.52;119.8;2271;2271
2026-06-08T10:02:06.0000000Z;119.52;119.78;2271;2271
2026-06-08T10:02:08.0000000Z;119.5;119.78;2271;2271
2026-06-08T10:02:16.0000000Z;119.52;119.78;2271;2271
2026-06-08T10:02:47.0000000Z;119.52;119.78;2271;2271
2026-06-08T10:02:48.0000000Z;119.56;119.78;2271;2271
2026-06-08T10:03:18.0000000Z;119.56;119.78;2271;2271
2026-06-08T10:03:46.0000000Z;119.54;119.78;2271;2271
2026-06-08T10:04:16.0000000Z;119.54;119.78;2271;2271
2026-06-08T10:04:47.0000000Z;119.54;119.78;2271;2271
2026-06-08T10:05:17.0000000Z;119.54;119.78;2271;2271
2026-06-08T10:05:34.0000000Z;119.56;119.78;2271;2271
2026-06-08T10:06:05.0000000Z;119.56;119.78;2271;2271
2026-06-08T10:06:36.0000000Z;119.56;119.78;2271;2271
2026-06-08T10:07:06.0000000Z;119.56;119.78;2271;2271
2026-06-08T10:07:37.0000000Z;119.56;119.78;2271;2271
2026-06-08T10:08:07.0000000Z;119.56;119.78;2271;2271
2026-06-08T10:08:38.0000000Z;119.56;119.78;2271;2271
2026-06-08T10:09:08.0000000Z;119.56;119.78;2271;2271
2026-06-08T10:09:39.0000000Z;119.56;119.78;2271;2271
2026-06-08T10:09:55.0000000Z;119.52;119.78;2271;2271
2026-06-08T10:10:25.0000000Z;119.52;119.78;2271;2271
2026-06-08T10:10:51.0000000Z;119.54;119.78;2271;2271
2026-06-08T10:11:22.0000000Z;119.54;119.78;2271;2271
2026-06-08T10:11:48.0000000Z;119.56;119.78;2271;2271
2026-06-08T10:12:19.0000000Z;119.56;119.78;2271;2271
2026-06-08T10:12:49.0000000Z;119.56;119.78;2271;2271
2026-06-08T10:13:20.0000000Z;119.56;119.78;2271;2271
2026-06-08T10:13:50.0000000Z;119.56;119.78;2271;2271
2026-06-08T10:14:21.0000000Z;119.56;119.78;2271;2271
2026-06-08T10:14:51.0000000Z;119.56;119.78;2271;2271
2026-06-08T10:15:22.0000000Z;119.56;119.78;2271;2271
2026-06-08T10:15:52.0000000Z;119.56;119.78;2271;2271
2026-06-08T10:16:23.0000000Z;119.56;119.78;2271;2271
2026-06-08T10:16:27.0000000Z;119.54;119.78;2271;2271
2026-06-08T10:16:58.0000000Z;119.54;119.78;2271;2271
2026-06-08T10:17:28.0000000Z;119.54;119.78;2271;2271
2026-06-08T10:17:59.0000000Z;119.54;119.78;2271;2271
2026-06-08T10:18:29.0000000Z;119.54;119.78;2271;2271
2026-06-08T10:18:45.0000000Z;119.52;119.78;2271;2271
2026-06-08T10:19:16.0000000Z;119.52;119.78;2271;2271
2026-06-08T10:19:47.0000000Z;119.52;119.78;2271;2271
2026-06-08T10:20:17.0000000Z;119.52;119.78;2271;2271
2026-06-08T10:20:48.0000000Z;119.52;119.78;2271;2271
2026-06-08T10:21:18.0000000Z;119.52;119.78;2271;2271
2026-06-08T10:21:49.0000000Z;119.52;119.78;2271;2271
2026-06-08T10:22:19.0000000Z;119.52;119.78;2271;2271
2026-06-08T10:22:50.0000000Z;119.52;119.78;2271;2271
2026-06-08T10:23:04.0000000Z;119.5;119.78;2271;2271
2026-06-08T10:23:28.0000000Z;119.52;119.78;2271;2271
2026-06-08T10:23:48.0000000Z;119.54;119.78;2271;2271
2026-06-08T10:24:19.0000000Z;119.54;119.78;2271;2271
2026-06-08T10:24:50.0000000Z;119.54;119.78;2271;2271
2026-06-08T10:25:01.0000000Z;119.52;119.78;2271;2271
2026-06-08T10:25:21.0000000Z;119.54;119.78;2271;2271
2026-06-08T10:25:51.0000000Z;119.54;119.78;2271;2271
2026-06-08T10:26:22.0000000Z;119.54;119.78;2271;2271
2026-06-08T10:26:52.0000000Z;119.54;119.78;2271;2271
2026-06-08T10:27:23.0000000Z;119.54;119.78;2271;2271
2026-06-08T10:27:51.0000000Z;119.56;119.78;2271;2271
2026-06-08T10:28:22.0000000Z;119.56;119.78;2271;2271
2026-06-08T10:28:52.0000000Z;119.56;119.78;2271;2271
2026-06-08T10:29:18.0000000Z;119.56;119.9;2271;2271
2026-06-08T10:29:20.0000000Z;119.56;119.78;2271;2271
2026-06-08T10:29:50.0000000Z;119.56;119.78;2271;2271
2026-06-08T10:30:00.0000000Z;119.56;119.9;2271;2271
2026-06-08T10:30:02.0000000Z;119.56;119.78;2271;2271
2026-06-08T10:30:24.0000000Z;119.52;119.78;2271;2271
2026-06-08T10:30:44.0000000Z;119.54;119.78;2271;2271
2026-06-08T10:31:08.0000000Z;119.56;119.78;2271;2271
2026-06-08T10:31:39.0000000Z;119.56;119.78;2271;2271
2026-06-08T10:32:10.0000000Z;119.56;119.78;2271;2271
2026-06-08T10:32:40.0000000Z;119.56;119.78;2271;2271
2026-06-08T10:33:11.0000000Z;119.56;119.78;2271;2271
2026-06-08T10:33:42.0000000Z;119.56;119.78;2271;2271
2026-06-08T10:34:12.0000000Z;119.56;119.78;2271;2271
2026-06-08T10:34:14.0000000Z;119.6;119.78;2271;2271
2026-06-08T10:34:15.0000000Z;119.62;119.78;2271;2271
2026-06-08T10:34:17.0000000Z;119.68;119.8;2271;2271
2026-06-08T10:34:21.0000000Z;119.7;119.8;2271;2271
2026-06-08T10:34:31.0000000Z;119.5;119.8;2271;2271
2026-06-08T10:34:35.0000000Z;119.68;120.02;2271;2271
2026-06-08T10:34:41.0000000Z;119.64;120;2271;2271
2026-06-08T10:35:01.0000000Z;119.54;119.9;2271;2271
2026-06-08T10:35:32.0000000Z;119.54;119.9;2271;2271
2026-06-08T10:35:48.0000000Z;119.52;119.88;2271;2271
2026-06-08T10:35:52.0000000Z;119.42;119.98;2271;2271
2026-06-08T10:36:00.0000000Z;119.44;119.98;2271;2271
2026-06-08T10:36:02.0000000Z;119.44;119.96;2271;2271
2026-06-08T10:36:32.0000000Z;119.44;119.96;2271;2271
2026-06-08T10:36:46.0000000Z;119.52;120.04;2271;2271
2026-06-08T10:37:16.0000000Z;119.52;120.04;2271;2271
2026-06-08T10:37:46.0000000Z;119.52;120.04;2271;2271
2026-06-08T10:38:12.0000000Z;119.5;120;2271;2271
2026-06-08T10:38:42.0000000Z;119.5;120;2271;2271
2026-06-08T10:38:44.0000000Z;119.52;120.04;2271;2271
2026-06-08T10:38:54.0000000Z;119.54;120.04;2271;2271
2026-06-08T10:39:25.0000000Z;119.54;120.04;2271;2271
2026-06-08T10:39:56.0000000Z;119.54;120.04;2271;2271
2026-06-08T10:40:27.0000000Z;119.54;120.04;2271;2271
2026-06-08T10:40:56.0000000Z;119.54;120;2271;2271
2026-06-08T10:41:06.0000000Z;119.58;120;2271;2271
2026-06-08T10:41:24.0000000Z;119.62;119.94;2271;2271
2026-06-08T10:41:45.0000000Z;119.6;119.94;2271;2271
2026-06-08T10:42:15.0000000Z;119.6;119.94;2271;2271
2026-06-08T10:42:25.0000000Z;119.6;119.92;2271;2271
2026-06-08T10:42:55.0000000Z;119.6;119.92;2271;2271
2026-06-08T10:43:25.0000000Z;119.6;119.94;2271;2271
2026-06-08T10:43:56.0000000Z;119.6;119.94;2271;2271
2026-06-08T10:44:26.0000000Z;119.6;119.94;2271;2271
2026-06-08T10:44:47.0000000Z;119.6;119.92;2271;2271
2026-06-08T10:45:16.0000000Z;119.6;119.94;2271;2271
2026-06-08T10:45:30.0000000Z;119.6;119.88;2271;2271
2026-06-08T10:45:50.0000000Z;119.62;119.9;2271;2271
2026-06-08T10:46:21.0000000Z;119.62;119.9;2271;2271
2026-06-08T10:46:51.0000000Z;119.62;119.9;2271;2271
2026-06-08T10:47:18.0000000Z;119.6;119.9;2271;2271
2026-06-08T10:47:48.0000000Z;119.6;119.9;2271;2271
2026-06-08T10:48:19.0000000Z;119.6;119.9;2271;2271
2026-06-08T10:48:26.0000000Z;119.62;119.9;2271;2271
2026-06-08T10:48:54.0000000Z;119.6;119.9;2271;2271
2026-06-08T10:49:25.0000000Z;119.6;119.9;2271;2271
2026-06-08T10:49:45.0000000Z;119.62;119.9;2271;2271
2026-06-08T10:50:15.0000000Z;119.62;119.9;2271;2271
2026-06-08T10:50:45.0000000Z;119.62;119.9;2271;2271
2026-06-08T10:51:16.0000000Z;119.62;119.9;2271;2271
2026-06-08T10:51:46.0000000Z;119.62;119.9;2271;2271
2026-06-08T10:52:17.0000000Z;119.62;119.9;2271;2271
2026-06-08T10:52:48.0000000Z;119.62;119.9;2271;2271
2026-06-08T10:53:18.0000000Z;119.62;119.9;2271;2271
2026-06-08T10:53:49.0000000Z;119.62;119.9;2271;2271
2026-06-08T10:54:19.0000000Z;119.62;119.9;2271;2271
2026-06-08T10:54:50.0000000Z;119.62;119.9;2271;2271
2026-06-08T10:55:20.0000000Z;119.62;119.9;2271;2271
2026-06-08T10:55:51.0000000Z;119.62;119.9;2271;2271
2026-06-08T10:56:22.0000000Z;119.62;119.9;2271;2271
2026-06-08T10:56:44.0000000Z;119.62;119.88;2271;2271
2026-06-08T10:57:15.0000000Z;119.62;119.88;2271;2271
2026-06-08T10:57:22.0000000Z;119.6;119.88;2271;2271
2026-06-08T10:57:52.0000000Z;119.6;119.88;2271;2271
2026-06-08T10:58:23.0000000Z;119.6;119.88;2271;2271
2026-06-08T10:58:25.0000000Z;119.6;119.9;2271;2271
2026-06-08T10:58:31.0000000Z;119.62;119.9;2271;2271
2026-06-08T10:59:01.0000000Z;119.62;119.9;2271;2271
2026-06-08T10:59:31.0000000Z;119.62;119.9;2271;2271
2026-06-08T11:00:02.0000000Z;119.62;119.9;2271;2271
2026-06-08T11:00:32.0000000Z;119.62;119.9;2271;2271
2026-06-08T11:00:55.0000000Z;119.6;119.88;2271;2271
2026-06-08T11:01:26.0000000Z;119.6;119.88;2271;2271
2026-06-08T11:01:56.0000000Z;119.6;119.88;2271;2271
2026-06-08T11:02:27.0000000Z;119.6;119.88;2271;2271
2026-06-08T11:02:57.0000000Z;119.6;119.88;2271;2271
2026-06-08T11:03:26.0000000Z;119.6;119.9;2271;2271
2026-06-08T11:03:32.0000000Z;119.6;119.88;2271;2271
2026-06-08T11:03:34.0000000Z;119.6;119.9;2271;2271
2026-06-08T11:03:40.0000000Z;119.6;119.88;2271;2271
2026-06-08T11:03:44.0000000Z;119.62;119.88;2271;2271
2026-06-08T11:04:14.0000000Z;119.62;119.88;2271;2271
2026-06-08T11:04:45.0000000Z;119.62;119.88;2271;2271
2026-06-08T11:05:15.0000000Z;119.62;119.88;2271;2271
2026-06-08T11:05:20.0000000Z;119.62;119.9;2271;2271
2026-06-08T11:05:38.0000000Z;119.6;119.9;2271;2271
2026-06-08T11:05:40.0000000Z;119.62;119.9;2271;2271
2026-06-08T11:06:10.0000000Z;119.62;119.9;2271;2271
2026-06-08T11:06:28.0000000Z;119.6;119.9;2271;2271
2026-06-08T11:06:58.0000000Z;119.6;119.9;2271;2271
2026-06-08T11:07:29.0000000Z;119.6;119.9;2271;2271
2026-06-08T11:08:00.0000000Z;119.6;119.9;2271;2271
2026-06-08T11:08:30.0000000Z;119.6;119.9;2271;2271
2026-06-08T11:09:01.0000000Z;119.6;119.9;2271;2271
2026-06-08T11:09:31.0000000Z;119.6;119.9;2271;2271
2026-06-08T11:10:02.0000000Z;119.6;119.9;2271;2271
2026-06-08T11:10:07.0000000Z;119.62;119.9;2271;2271
2026-06-08T11:10:38.0000000Z;119.62;119.9;2271;2271
2026-06-08T11:10:45.0000000Z;119.64;119.9;2271;2271
2026-06-08T11:10:51.0000000Z;119.66;119.9;2271;2271
2026-06-08T11:11:03.0000000Z;119.74;120.1;2271;2271
2026-06-08T11:11:05.0000000Z;119.64;119.92;2271;2271
2026-06-08T11:11:13.0000000Z;119.7;119.92;2271;2271
2026-06-08T11:11:28.0000000Z;119.7;120.04;2271;2271
2026-06-08T11:11:33.0000000Z;119.58;120.14;2271;2271
2026-06-08T11:11:45.0000000Z;119.52;120.1;2271;2271
2026-06-08T11:11:51.0000000Z;119.38;120.18;2271;2271
2026-06-08T11:12:22.0000000Z;119.38;120.18;2271;2271
2026-06-08T11:12:46.0000000Z;119.48;120.26;2271;2271
2026-06-08T11:13:16.0000000Z;119.48;120.26;2271;2271
2026-06-08T11:13:47.0000000Z;119.48;120.26;2271;2271
2026-06-08T11:14:17.0000000Z;119.48;120.26;2271;2271
2026-06-08T11:14:48.0000000Z;119.48;120.26;2271;2271
2026-06-08T11:14:58.0000000Z;119.56;120.26;2271;2271
2026-06-08T11:15:02.0000000Z;119.54;120.26;2271;2271
2026-06-08T11:15:06.0000000Z;119.34;120.26;2271;2271
2026-06-08T11:15:10.0000000Z;119.62;120.26;2271;2271
2026-06-08T11:15:20.0000000Z;119.62;120.42;2271;2271
2026-06-08T11:15:50.0000000Z;119.56;120.36;2271;2271
2026-06-08T11:15:52.0000000Z;119.5;120.3;2271;2271
2026-06-08T11:16:23.0000000Z;119.5;120.3;2271;2271
2026-06-08T11:16:47.0000000Z;119.58;120.38;2271;2271
2026-06-08T11:17:17.0000000Z;119.58;120.38;2271;2271
2026-06-08T11:17:47.0000000Z;119.58;120.38;2271;2271
2026-06-08T11:18:18.0000000Z;119.58;120.38;2271;2271
2026-06-08T11:18:48.0000000Z;119.58;120.38;2271;2271
2026-06-08T11:19:19.0000000Z;119.58;120.38;2271;2271
2026-06-08T11:19:49.0000000Z;119.58;120.38;2271;2271
2026-06-08T11:20:20.0000000Z;119.58;120.38;2271;2271
2026-06-08T11:20:50.0000000Z;119.58;120.38;2271;2271
2026-06-08T11:21:20.0000000Z;119.58;120.38;2271;2271
2026-06-08T11:21:51.0000000Z;119.58;120.38;2271;2271
2026-06-08T11:22:21.0000000Z;119.58;120.38;2271;2271
2026-06-08T11:22:28.0000000Z;119.68;120.24;2271;2271
2026-06-08T11:22:58.0000000Z;119.68;120.24;2271;2271
2026-06-08T11:23:29.0000000Z;119.68;120.24;2271;2271
2026-06-08T11:23:59.0000000Z;119.68;120.24;2271;2271
2026-06-08T11:24:30.0000000Z;119.68;120.24;2271;2271
2026-06-08T11:24:32.0000000Z;119.78;120.24;2271;2271
2026-06-08T11:25:02.0000000Z;119.74;120.18;2271;2271
2026-06-08T11:25:33.0000000Z;119.74;120.18;2271;2271
2026-06-08T11:25:49.0000000Z;119.74;120.2;2271;2271
2026-06-08T11:26:03.0000000Z;119.76;120.16;2271;2271
2026-06-08T11:26:31.0000000Z;119.76;120.12;2271;2271
2026-06-08T11:26:39.0000000Z;119.78;120.12;2271;2271
2026-06-08T11:26:47.0000000Z;119.8;120.14;2271;2271
2026-06-08T11:27:18.0000000Z;119.8;120.14;2271;2271
2026-06-08T11:27:48.0000000Z;119.8;120.14;2271;2271
2026-06-08T11:28:19.0000000Z;119.8;120.14;2271;2271
2026-06-08T11:28:33.0000000Z;119.78;120.12;2271;2271
2026-06-08T11:28:43.0000000Z;119.76;120.12;2271;2271
2026-06-08T11:28:49.0000000Z;119.78;120.12;2271;2271
2026-06-08T11:28:55.0000000Z;119.76;120.12;2271;2271
2026-06-08T11:29:01.0000000Z;119.78;120.12;2271;2271
2026-06-08T11:29:11.0000000Z;119.76;120.12;2271;2271
2026-06-08T11:29:35.0000000Z;119.8;120.16;2271;2271
2026-06-08T11:30:06.0000000Z;119.8;120.16;2271;2271
2026-06-08T11:30:37.0000000Z;119.8;120.16;2271;2271
2026-06-08T11:31:08.0000000Z;119.8;120.16;2271;2271
2026-06-08T11:31:38.0000000Z;119.8;120.16;2271;2271
2026-06-08T11:32:09.0000000Z;119.8;120.16;2271;2271
2026-06-08T11:32:39.0000000Z;119.8;120.16;2271;2271
2026-06-08T11:33:10.0000000Z;119.8;120.16;2271;2271
2026-06-08T11:33:26.0000000Z;119.82;120.1;2271;2271
2026-06-08T11:33:57.0000000Z;119.82;120.1;2271;2271
2026-06-08T11:34:27.0000000Z;119.82;120.1;2271;2271
2026-06-08T11:34:58.0000000Z;119.82;120.1;2271;2271
2026-06-08T11:35:28.0000000Z;119.82;120.1;2271;2271
2026-06-08T11:35:59.0000000Z;119.82;120.1;2271;2271
2026-06-08T11:36:29.0000000Z;119.82;120.1;2271;2271
2026-06-08T11:37:00.0000000Z;119.82;120.1;2271;2271
2026-06-08T11:37:30.0000000Z;119.82;120.1;2271;2271
2026-06-08T11:38:01.0000000Z;119.82;120.1;2271;2271
2026-06-08T11:38:31.0000000Z;119.82;120.1;2271;2271
2026-06-08T11:39:02.0000000Z;119.82;120.1;2271;2271
2026-06-08T11:39:33.0000000Z;119.82;120.1;2271;2271
2026-06-08T11:40:03.0000000Z;119.82;120.1;2271;2271
2026-06-08T11:40:34.0000000Z;119.82;120.1;2271;2271
2026-06-08T11:41:04.0000000Z;119.82;120.1;2271;2271
2026-06-08T11:41:35.0000000Z;119.82;120.1;2271;2271
2026-06-08T11:42:05.0000000Z;119.82;120.1;2271;2271
2026-06-08T11:42:12.0000000Z;119.84;120.1;2271;2271
2026-06-08T11:42:16.0000000Z;119.86;120.1;2271;2271
2026-06-08T11:42:47.0000000Z;119.86;120.1;2271;2271
2026-06-08T11:43:17.0000000Z;119.86;120.1;2271;2271
2026-06-08T11:43:48.0000000Z;119.86;120.1;2271;2271
2026-06-08T11:44:18.0000000Z;119.86;120.1;2271;2271
2026-06-08T11:44:49.0000000Z;119.86;120.1;2271;2271
2026-06-08T11:45:20.0000000Z;119.86;120.1;2271;2271
2026-06-08T11:45:38.0000000Z;119.88;120.1;2271;2271
2026-06-08T11:45:55.0000000Z;119.86;120.1;2271;2271
2026-06-08T11:46:25.0000000Z;119.86;120.1;2271;2271
2026-06-08T11:46:55.0000000Z;119.86;120.1;2271;2271
2026-06-08T11:47:25.0000000Z;119.82;120.1;2271;2271
2026-06-08T11:47:55.0000000Z;119.82;120.1;2271;2271
2026-06-08T11:48:26.0000000Z;119.82;120.1;2271;2271
2026-06-08T11:48:56.0000000Z;119.82;120.1;2271;2271
2026-06-08T11:49:27.0000000Z;119.82;120.1;2271;2271
2026-06-08T11:49:32.0000000Z;119.84;120.1;2271;2271
2026-06-08T11:50:03.0000000Z;119.84;120.1;2271;2271
2026-06-08T11:50:33.0000000Z;119.84;120.1;2271;2271
2026-06-08T11:51:04.0000000Z;119.84;120.1;2271;2271
2026-06-08T11:51:34.0000000Z;119.84;120.1;2271;2271
2026-06-08T11:52:05.0000000Z;119.84;120.1;2271;2271
2026-06-08T11:52:35.0000000Z;119.82;120.1;2271;2271
2026-06-08T11:53:05.0000000Z;119.82;120.1;2271;2271
2026-06-08T11:53:35.0000000Z;119.82;120.1;2271;2271
2026-06-08T11:53:55.0000000Z;119.84;120.1;2271;2271
2026-06-08T11:54:25.0000000Z;119.84;120.1;2271;2271
2026-06-08T11:54:56.0000000Z;119.84;120.1;2271;2271
2026-06-08T11:55:27.0000000Z;119.84;120.1;2271;2271
2026-06-08T11:55:57.0000000Z;119.84;120.1;2271;2271
2026-06-08T11:56:28.0000000Z;119.84;120.1;2271;2271
2026-06-08T11:56:58.0000000Z;119.84;120.1;2271;2271
2026-06-08T11:57:29.0000000Z;119.84;120.1;2271;2271
2026-06-08T11:57:59.0000000Z;119.84;120.1;2271;2271
2026-06-08T11:58:30.0000000Z;119.84;120.1;2271;2271
2026-06-08T11:59:00.0000000Z;119.84;120.1;2271;2271
2026-06-08T11:59:31.0000000Z;119.84;120.1;2271;2271
2026-06-08T12:00:01.0000000Z;119.84;120.1;2271;2271
2026-06-08T12:00:18.0000000Z;119.82;120.1;2271;2271
2026-06-08T12:00:49.0000000Z;119.82;120.1;2271;2271
2026-06-08T12:00:50.0000000Z;119.84;120.1;2271;2271
2026-06-08T12:00:55.0000000Z;119.86;120.1;2271;2271
2026-06-08T12:01:25.0000000Z;119.86;120.1;2271;2271
2026-06-08T12:01:55.0000000Z;119.86;120.1;2271;2271
2026-06-08T12:01:59.0000000Z;119.82;120.1;2271;2271
2026-06-08T12:02:30.0000000Z;119.82;120.1;2271;2271
2026-06-08T12:02:57.0000000Z;119.82;120.18;2271;2271
2026-06-08T12:02:59.0000000Z;119.84;120.18;2271;2271
2026-06-08T12:03:01.0000000Z;119.82;120.18;2271;2271
2026-06-08T12:03:32.0000000Z;119.82;120.18;2271;2271
2026-06-08T12:04:02.0000000Z;119.82;120.18;2271;2271
2026-06-08T12:04:33.0000000Z;119.82;120.18;2271;2271
2026-06-08T12:04:55.0000000Z;119.8;120.14;2271;2271
2026-06-08T12:05:11.0000000Z;119.82;120.18;2271;2271
2026-06-08T12:05:42.0000000Z;119.82;120.18;2271;2271
2026-06-08T12:05:47.0000000Z;119.78;120.14;2271;2271
2026-06-08T12:06:18.0000000Z;119.78;120.14;2271;2271
2026-06-08T12:06:40.0000000Z;119.8;120.14;2271;2271
2026-06-08T12:06:46.0000000Z;119.78;120.14;2271;2271
2026-06-08T12:07:16.0000000Z;119.78;120.14;2271;2271
2026-06-08T12:07:46.0000000Z;119.78;120.14;2271;2271
2026-06-08T12:07:56.0000000Z;119.8;120.14;2271;2271
2026-06-08T12:08:04.0000000Z;119.78;120.14;2271;2271
2026-06-08T12:08:20.0000000Z;119.8;120.14;2271;2271
2026-06-08T12:08:24.0000000Z;119.78;120.14;2271;2271
2026-06-08T12:08:26.0000000Z;119.8;120.14;2271;2271
2026-06-08T12:08:28.0000000Z;119.78;120.14;2271;2271
2026-06-08T12:08:30.0000000Z;119.8;120.1;2271;2271
2026-06-08T12:09:01.0000000Z;119.8;120.1;2271;2271
2026-06-08T12:09:31.0000000Z;119.8;120.1;2271;2271
2026-06-08T12:09:55.0000000Z;119.82;120.1;2271;2271
2026-06-08T12:10:26.0000000Z;119.82;120.1;2271;2271
2026-06-08T12:10:55.0000000Z;119.8;120.1;2271;2271
2026-06-08T12:11:19.0000000Z;119.8;120.08;2271;2271
2026-06-08T12:11:49.0000000Z;119.8;120.08;2271;2271
2026-06-08T12:12:19.0000000Z;119.8;120.08;2271;2271
2026-06-08T12:12:50.0000000Z;119.8;120.08;2271;2271
2026-06-08T12:13:20.0000000Z;119.8;120.08;2271;2271
2026-06-08T12:13:51.0000000Z;119.8;120.08;2271;2271
2026-06-08T12:14:21.0000000Z;119.8;120.08;2271;2271
2026-06-08T12:14:52.0000000Z;119.8;120.08;2271;2271
2026-06-08T12:15:22.0000000Z;119.8;120.08;2271;2271
2026-06-08T12:15:50.0000000Z;119.8;120.06;2271;2271
2026-06-08T12:15:54.0000000Z;119.8;120.04;2271;2271
2026-06-08T12:16:08.0000000Z;119.8;120.06;2271;2271
2026-06-08T12:16:39.0000000Z;119.8;120.06;2271;2271
2026-06-08T12:17:04.0000000Z;119.8;120.02;2271;2271
2026-06-08T12:17:35.0000000Z;119.8;120.02;2271;2271
2026-06-08T12:18:05.0000000Z;119.8;120.02;2271;2271
2026-06-08T12:18:36.0000000Z;119.8;120.02;2271;2271
2026-06-08T12:18:44.0000000Z;119.8;120.06;2271;2271
2026-06-08T12:19:15.0000000Z;119.8;120.06;2271;2271
2026-06-08T12:19:45.0000000Z;119.8;120.06;2271;2271
2026-06-08T12:20:16.0000000Z;119.8;120.06;2271;2271
2026-06-08T12:20:37.0000000Z;119.8;120.08;2271;2271
2026-06-08T12:21:07.0000000Z;119.8;120.08;2271;2271
2026-06-08T12:21:37.0000000Z;119.8;120.08;2271;2271
2026-06-08T12:21:57.0000000Z;119.8;120.06;2271;2271
2026-06-08T12:22:27.0000000Z;119.8;120.06;2271;2271
2026-06-08T12:22:33.0000000Z;119.8;120.08;2271;2271
2026-06-08T12:23:04.0000000Z;119.8;120.08;2271;2271
2026-06-08T12:23:34.0000000Z;119.8;120.08;2271;2271
2026-06-08T12:24:05.0000000Z;119.8;120.08;2271;2271
2026-06-08T12:24:35.0000000Z;119.8;120.08;2271;2271
2026-06-08T12:25:06.0000000Z;119.8;120.08;2271;2271
2026-06-08T12:25:36.0000000Z;119.8;120.08;2271;2271
2026-06-08T12:26:07.0000000Z;119.8;120.08;2271;2271
2026-06-08T12:26:37.0000000Z;119.8;120.08;2271;2271
2026-06-08T12:27:08.0000000Z;119.8;120.08;2271;2271
2026-06-08T12:27:38.0000000Z;119.8;120.08;2271;2271
2026-06-08T12:28:09.0000000Z;119.8;120.08;2271;2271
2026-06-08T12:28:40.0000000Z;119.8;120.08;2271;2271
2026-06-08T12:29:10.0000000Z;119.8;120.08;2271;2271
2026-06-08T12:29:41.0000000Z;119.8;120.08;2271;2271
2026-06-08T12:30:11.0000000Z;119.8;120.08;2271;2271
2026-06-08T12:30:42.0000000Z;119.8;120.08;2271;2271
2026-06-08T12:31:12.0000000Z;119.8;120.08;2271;2271
2026-06-08T12:31:43.0000000Z;119.8;120.08;2271;2271
2026-06-08T12:32:14.0000000Z;119.8;120.08;2271;2271
2026-06-08T12:32:44.0000000Z;119.8;120.08;2271;2271
2026-06-08T12:33:15.0000000Z;119.8;120.08;2271;2271
2026-06-08T12:33:45.0000000Z;119.8;120.08;2271;2271
2026-06-08T12:34:16.0000000Z;119.8;120.08;2271;2271
2026-06-08T12:34:46.0000000Z;119.8;120.08;2271;2271
2026-06-08T12:35:17.0000000Z;119.8;120.08;2271;2271
2026-06-08T12:35:47.0000000Z;119.8;120.08;2271;2271
2026-06-08T12:36:18.0000000Z;119.8;120.08;2271;2271
2026-06-08T12:36:49.0000000Z;119.8;120.08;2271;2271
2026-06-08T12:36:52.0000000Z;119.8;120.04;2271;2271
2026-06-08T12:37:23.0000000Z;119.8;120.04;2271;2271
2026-06-08T12:37:54.0000000Z;119.8;120.04;2271;2271
2026-06-08T12:38:24.0000000Z;119.8;120.04;2271;2271
2026-06-08T12:38:55.0000000Z;119.8;120.04;2271;2271
2026-06-08T12:39:26.0000000Z;119.8;120.04;2271;2271
2026-06-08T12:39:56.0000000Z;119.8;120.04;2271;2271
2026-06-08T12:40:01.0000000Z;119.7;120.06;2271;2271
2026-06-08T12:40:07.0000000Z;119.74;120.06;2271;2271
2026-06-08T12:40:38.0000000Z;119.74;120.06;2271;2271
2026-06-08T12:41:08.0000000Z;119.74;120.06;2271;2271
2026-06-08T12:41:09.0000000Z;119.74;120.04;2271;2271
2026-06-08T12:41:40.0000000Z;119.74;120.04;2271;2271
2026-06-08T12:42:11.0000000Z;119.74;120.04;2271;2271
2026-06-08T12:42:41.0000000Z;119.74;120.04;2271;2271
2026-06-08T12:42:51.0000000Z;119.72;120.08;2271;2271
2026-06-08T12:43:12.0000000Z;119.66;120.16;2271;2271
2026-06-08T12:43:42.0000000Z;119.66;120.16;2271;2271
2026-06-08T12:44:12.0000000Z;119.66;120.16;2271;2271
2026-06-08T12:44:40.0000000Z;119.7;120;2271;2271
2026-06-08T12:44:46.0000000Z;119.64;120.18;2271;2271
2026-06-08T12:44:50.0000000Z;119.68;120;2271;2271
2026-06-08T12:45:20.0000000Z;119.68;120;2271;2271
2026-06-08T12:45:51.0000000Z;119.68;120;2271;2271
2026-06-08T12:46:21.0000000Z;119.68;120;2271;2271
2026-06-08T12:46:52.0000000Z;119.68;120;2271;2271
2026-06-08T12:47:22.0000000Z;119.68;120;2271;2271
2026-06-08T12:47:51.0000000Z;119.7;120;2271;2271
2026-06-08T12:48:21.0000000Z;119.7;120;2271;2271
2026-06-08T12:48:52.0000000Z;119.7;120;2271;2271
2026-06-08T12:49:09.0000000Z;119.72;119.98;2271;2271
2026-06-08T12:49:40.0000000Z;119.72;119.98;2271;2271
2026-06-08T12:50:10.0000000Z;119.72;119.98;2271;2271
2026-06-08T12:50:17.0000000Z;119.7;119.98;2271;2271
2026-06-08T12:50:48.0000000Z;119.7;119.98;2271;2271
2026-06-08T12:51:18.0000000Z;119.7;119.98;2271;2271
2026-06-08T12:51:49.0000000Z;119.7;119.98;2271;2271
2026-06-08T12:52:20.0000000Z;119.7;119.98;2271;2271
2026-06-08T12:52:50.0000000Z;119.7;119.98;2271;2271
2026-06-08T12:53:21.0000000Z;119.7;119.98;2271;2271
2026-06-08T12:53:51.0000000Z;119.7;119.98;2271;2271
2026-06-08T12:54:22.0000000Z;119.7;119.98;2271;2271
2026-06-08T12:54:53.0000000Z;119.7;119.98;2271;2271
2026-06-08T12:55:23.0000000Z;119.7;119.98;2271;2271
2026-06-08T12:55:54.0000000Z;119.7;119.98;2271;2271
2026-06-08T12:56:24.0000000Z;119.7;119.98;2271;2271
2026-06-08T12:56:55.0000000Z;119.7;119.98;2271;2271
2026-06-08T12:57:25.0000000Z;119.68;119.98;2271;2271
2026-06-08T12:57:56.0000000Z;119.68;119.98;2271;2271
2026-06-08T12:58:26.0000000Z;119.68;119.98;2271;2271
2026-06-08T12:58:57.0000000Z;119.68;119.98;2271;2271
2026-06-08T12:59:14.0000000Z;119.66;120;2271;2271
2026-06-08T12:59:15.0000000Z;119.68;119.96;2271;2271
2026-06-08T12:59:46.0000000Z;119.68;119.96;2271;2271
2026-06-08T13:00:16.0000000Z;119.68;119.96;2271;2271
2026-06-08T13:00:21.0000000Z;119.7;119.96;2271;2271
2026-06-08T13:00:29.0000000Z;119.68;119.96;2271;2271
2026-06-08T13:01:00.0000000Z;119.68;119.96;2271;2271
2026-06-08T13:01:30.0000000Z;119.68;119.96;2271;2271
2026-06-08T13:02:01.0000000Z;119.68;119.96;2271;2271
2026-06-08T13:02:06.0000000Z;119.66;119.96;2271;2271
2026-06-08T13:02:36.0000000Z;119.66;119.96;2271;2271
2026-06-08T13:02:48.0000000Z;119.68;119.96;2271;2271
2026-06-08T13:03:18.0000000Z;119.68;119.96;2271;2271
2026-06-08T13:03:28.0000000Z;119.7;119.96;2271;2271
2026-06-08T13:03:59.0000000Z;119.7;119.96;2271;2271
2026-06-08T13:04:29.0000000Z;119.7;119.96;2271;2271
2026-06-08T13:05:00.0000000Z;119.7;119.96;2271;2271
2026-06-08T13:05:30.0000000Z;119.7;119.96;2271;2271
2026-06-08T13:06:01.0000000Z;119.7;119.96;2271;2271
2026-06-08T13:06:32.0000000Z;119.7;119.96;2271;2271
2026-06-08T13:06:37.0000000Z;119.72;119.96;2271;2271
2026-06-08T13:07:07.0000000Z;119.72;119.96;2271;2271
2026-06-08T13:07:38.0000000Z;119.72;119.96;2271;2271
2026-06-08T13:07:41.0000000Z;119.7;119.96;2271;2271
2026-06-08T13:08:11.0000000Z;119.7;119.96;2271;2271
2026-06-08T13:08:42.0000000Z;119.7;119.96;2271;2271
2026-06-08T13:08:47.0000000Z;119.72;119.96;2271;2271
2026-06-08T13:09:17.0000000Z;119.72;119.96;2271;2271
2026-06-08T13:09:48.0000000Z;119.72;119.96;2271;2271
2026-06-08T13:10:18.0000000Z;119.72;119.96;2271;2271
2026-06-08T13:10:30.0000000Z;119.7;119.96;2271;2271
2026-06-08T13:11:00.0000000Z;119.7;119.96;2271;2271
2026-06-08T13:11:31.0000000Z;119.7;119.96;2271;2271
2026-06-08T13:12:01.0000000Z;119.7;119.96;2271;2271
2026-06-08T13:12:32.0000000Z;119.7;119.96;2271;2271
2026-06-08T13:13:02.0000000Z;119.7;119.96;2271;2271
2026-06-08T13:13:33.0000000Z;119.7;119.96;2271;2271
2026-06-08T13:13:59.0000000Z;119.72;119.96;2271;2271
2026-06-08T13:14:29.0000000Z;119.72;119.96;2271;2271
2026-06-08T13:14:59.0000000Z;119.72;119.96;2271;2271
2026-06-08T13:15:30.0000000Z;119.72;119.96;2271;2271
2026-06-08T13:15:55.0000000Z;119.7;119.96;2271;2271
2026-06-08T13:16:26.0000000Z;119.7;119.96;2271;2271
2026-06-08T13:16:27.0000000Z;119.68;119.96;2271;2271
2026-06-08T13:16:29.0000000Z;119.7;119.96;2271;2271
2026-06-08T13:17:00.0000000Z;119.7;119.96;2271;2271
2026-06-08T13:17:30.0000000Z;119.7;119.96;2271;2271
2026-06-08T13:18:01.0000000Z;119.7;119.96;2271;2271
2026-06-08T13:18:08.0000000Z;119.68;119.96;2271;2271
2026-06-08T13:18:14.0000000Z;119.7;119.96;2271;2271
2026-06-08T13:18:44.0000000Z;119.7;119.96;2271;2271
2026-06-08T13:19:04.0000000Z;119.68;119.96;2271;2271
2026-06-08T13:19:28.0000000Z;119.7;119.96;2271;2271
2026-06-08T13:19:59.0000000Z;119.7;119.96;2271;2271
2026-06-08T13:20:29.0000000Z;119.7;119.96;2271;2271
2026-06-08T13:20:57.0000000Z;119.72;119.96;2271;2271
2026-06-08T13:21:17.0000000Z;119.7;119.96;2271;2271
2026-06-08T13:21:21.0000000Z;119.72;119.96;2271;2271
2026-06-08T13:21:52.0000000Z;119.72;119.96;2271;2271
2026-06-08T13:22:22.0000000Z;119.72;119.96;2271;2271
2026-06-08T13:22:53.0000000Z;119.72;119.96;2271;2271
2026-06-08T13:22:57.0000000Z;119.7;119.96;2271;2271
2026-06-08T13:23:27.0000000Z;119.7;119.96;2271;2271
2026-06-08T13:23:47.0000000Z;119.72;119.96;2271;2271
2026-06-08T13:24:18.0000000Z;119.72;119.96;2271;2271
2026-06-08T13:24:49.0000000Z;119.72;119.96;2271;2271
2026-06-08T13:25:19.0000000Z;119.72;119.96;2271;2271
2026-06-08T13:25:50.0000000Z;119.72;119.96;2271;2271
2026-06-08T13:26:20.0000000Z;119.72;119.96;2271;2271
2026-06-08T13:26:48.0000000Z;119.74;119.96;2271;2271
2026-06-08T13:26:50.0000000Z;119.76;119.96;2271;2271
2026-06-08T13:27:20.0000000Z;119.76;119.96;2271;2271
2026-06-08T13:27:51.0000000Z;119.76;119.96;2271;2271
2026-06-08T13:28:21.0000000Z;119.76;119.96;2271;2271
2026-06-08T13:28:49.0000000Z;119.72;119.96;2271;2271
2026-06-08T13:29:19.0000000Z;119.72;119.96;2271;2271
2026-06-08T13:29:47.0000000Z;119.66;119.96;2271;2271
2026-06-08T13:30:17.0000000Z;119.66;119.96;2271;2271
2026-06-08T13:30:48.0000000Z;119.66;119.96;2271;2271
2026-06-08T13:31:18.0000000Z;119.66;119.96;2271;2271
2026-06-08T13:31:49.0000000Z;119.66;119.96;2271;2271
2026-06-08T13:32:19.0000000Z;119.66;119.96;2271;2271
2026-06-08T13:32:49.0000000Z;119.74;119.96;2271;2271
2026-06-08T13:33:20.0000000Z;119.74;119.96;2271;2271
2026-06-08T13:33:50.0000000Z;119.74;119.96;2271;2271
2026-06-08T13:34:21.0000000Z;119.74;119.96;2271;2271
2026-06-08T13:34:51.0000000Z;119.74;119.96;2271;2271
2026-06-08T13:35:22.0000000Z;119.74;119.96;2271;2271
2026-06-08T13:35:52.0000000Z;119.74;119.96;2271;2271
2026-06-08T13:36:23.0000000Z;119.74;119.96;2271;2271
2026-06-08T13:36:50.0000000Z;119.78;119.96;2271;2271
2026-06-08T13:37:21.0000000Z;119.78;119.96;2271;2271
2026-06-08T13:37:51.0000000Z;119.78;119.96;2271;2271
2026-06-08T13:38:22.0000000Z;119.78;119.96;2271;2271
2026-06-08T13:38:52.0000000Z;119.78;119.96;2271;2271
2026-06-08T13:39:23.0000000Z;119.78;119.96;2271;2271
2026-06-08T13:39:53.0000000Z;119.78;119.96;2271;2271
2026-06-08T13:40:24.0000000Z;119.78;119.96;2271;2271
2026-06-08T13:40:54.0000000Z;119.78;119.96;2271;2271
2026-06-08T13:41:18.0000000Z;119.76;119.96;2271;2271
2026-06-08T13:41:48.0000000Z;119.76;119.96;2271;2271
2026-06-08T13:42:18.0000000Z;119.76;119.96;2271;2271
2026-06-08T13:42:49.0000000Z;119.76;119.96;2271;2271
2026-06-08T13:43:02.0000000Z;119.72;120.08;2271;2271
2026-06-08T13:43:04.0000000Z;119.72;120;2271;2271
2026-06-08T13:43:34.0000000Z;119.72;120;2271;2271
2026-06-08T13:44:05.0000000Z;119.72;120;2271;2271
2026-06-08T13:44:35.0000000Z;119.72;120;2271;2271
2026-06-08T13:44:40.0000000Z;119.76;120;2271;2271
2026-06-08T13:45:09.0000000Z;119.76;120.02;2271;2271
2026-06-08T13:45:39.0000000Z;119.76;120.02;2271;2271
2026-06-08T13:45:57.0000000Z;119.72;120.02;2271;2271
2026-06-08T13:46:27.0000000Z;119.72;120.02;2271;2271
2026-06-08T13:46:57.0000000Z;119.72;120.02;2271;2271
2026-06-08T13:47:28.0000000Z;119.72;120.02;2271;2271
2026-06-08T13:47:58.0000000Z;119.72;120.02;2271;2271
2026-06-08T13:48:29.0000000Z;119.72;120.02;2271;2271
2026-06-08T13:48:59.0000000Z;119.72;120.02;2271;2271
2026-06-08T13:49:30.0000000Z;119.72;120.02;2271;2271
2026-06-08T13:50:00.0000000Z;119.72;120.02;2271;2271
2026-06-08T13:50:31.0000000Z;119.72;120.02;2271;2271
2026-06-08T13:50:44.0000000Z;119.74;120.02;2271;2271
2026-06-08T13:50:45.0000000Z;119.76;120.02;2271;2271
2026-06-08T13:50:53.0000000Z;119.72;120.02;2271;2271
2026-06-08T13:51:24.0000000Z;119.72;120.02;2271;2271
2026-06-08T13:51:52.0000000Z;119.74;120.02;2271;2271
2026-06-08T13:52:23.0000000Z;119.74;120.02;2271;2271
2026-06-08T13:52:53.0000000Z;119.74;120.02;2271;2271
2026-06-08T13:53:24.0000000Z;119.74;120.02;2271;2271
2026-06-08T13:53:54.0000000Z;119.74;120.02;2271;2271
2026-06-08T13:54:24.0000000Z;119.72;120.02;2271;2271
2026-06-08T13:54:53.0000000Z;119.72;120.02;2271;2271
2026-06-08T13:55:24.0000000Z;119.72;120.02;2271;2271
2026-06-08T13:55:54.0000000Z;119.72;120.02;2271;2271
2026-06-08T13:56:09.0000000Z;119.72;120;2271;2271
2026-06-08T13:56:11.0000000Z;119.72;120.02;2271;2271
2026-06-08T13:56:33.0000000Z;119.7;120.02;2271;2271
2026-06-08T13:56:35.0000000Z;119.72;120.02;2271;2271
2026-06-08T13:57:05.0000000Z;119.72;120.02;2271;2271
2026-06-08T13:57:36.0000000Z;119.72;120.02;2271;2271
2026-06-08T13:58:06.0000000Z;119.72;120.02;2271;2271
2026-06-08T13:58:37.0000000Z;119.72;120.02;2271;2271
2026-06-08T13:59:07.0000000Z;119.72;120.02;2271;2271
2026-06-08T13:59:38.0000000Z;119.72;120.02;2271;2271
2026-06-08T14:00:04.0000000Z;119.72;120;2271;2271
2026-06-08T14:00:33.0000000Z;119.72;120;2271;2271
2026-06-08T14:01:03.0000000Z;119.72;120;2271;2271
2026-06-08T14:01:22.0000000Z;119.74;120;2271;2271
2026-06-08T14:01:53.0000000Z;119.74;120;2271;2271
2026-06-08T14:02:23.0000000Z;119.74;120;2271;2271
2026-06-08T14:02:46.0000000Z;119.72;120;2271;2271
2026-06-08T14:03:00.0000000Z;119.7;120;2271;2271
2026-06-08T14:03:30.0000000Z;119.7;120;2271;2271
2026-06-08T14:03:48.0000000Z;119.72;120;2271;2271
2026-06-08T14:04:18.0000000Z;119.72;120;2271;2271
2026-06-08T14:04:28.0000000Z;119.7;120;2271;2271
2026-06-08T14:04:38.0000000Z;119.72;120;2271;2271
2026-06-08T14:05:02.0000000Z;119.7;120;2271;2271
2026-06-08T14:05:33.0000000Z;119.7;120;2271;2271
2026-06-08T14:06:03.0000000Z;119.7;120;2271;2271
2026-06-08T14:06:07.0000000Z;119.72;120;2271;2271
2026-06-08T14:06:38.0000000Z;119.72;120;2271;2271
2026-06-08T14:06:40.0000000Z;119.7;120;2271;2271
2026-06-08T14:07:10.0000000Z;119.7;120;2271;2271
2026-06-08T14:07:41.0000000Z;119.7;120;2271;2271
2026-06-08T14:08:01.0000000Z;119.7;119.98;2271;2271
2026-06-08T14:08:21.0000000Z;119.7;120;2271;2271
2026-06-08T14:08:46.0000000Z;119.7;119.98;2271;2271
2026-06-08T14:08:47.0000000Z;119.7;120;2271;2271
2026-06-08T14:09:18.0000000Z;119.7;120;2271;2271
2026-06-08T14:09:49.0000000Z;119.7;120;2271;2271
2026-06-08T14:10:19.0000000Z;119.7;120;2271;2271
2026-06-08T14:10:50.0000000Z;119.7;120;2271;2271
2026-06-08T14:11:20.0000000Z;119.7;120;2271;2271
2026-06-08T14:11:51.0000000Z;119.7;120;2271;2271
2026-06-08T14:12:21.0000000Z;119.7;120;2271;2271
2026-06-08T14:12:38.0000000Z;119.7;119.92;2271;2271
2026-06-08T14:13:09.0000000Z;119.7;119.92;2271;2271
2026-06-08T14:13:40.0000000Z;119.7;119.92;2271;2271
2026-06-08T14:14:10.0000000Z;119.7;119.92;2271;2271
2026-06-08T14:14:40.0000000Z;119.7;119.92;2271;2271
2026-06-08T14:15:11.0000000Z;119.7;119.92;2271;2271
2026-06-08T14:15:38.0000000Z;119.7;119.9;2271;2271
2026-06-08T14:16:09.0000000Z;119.7;119.9;2271;2271
2026-06-08T14:16:39.0000000Z;119.7;119.9;2271;2271
2026-06-08T14:17:10.0000000Z;119.7;119.9;2271;2271
2026-06-08T14:17:40.0000000Z;119.7;119.9;2271;2271
2026-06-08T14:18:11.0000000Z;119.7;119.92;2271;2271
2026-06-08T14:18:41.0000000Z;119.7;119.92;2271;2271
2026-06-08T14:19:12.0000000Z;119.7;119.92;2271;2271
2026-06-08T14:19:42.0000000Z;119.7;119.92;2271;2271
2026-06-08T14:20:13.0000000Z;119.7;119.92;2271;2271
2026-06-08T14:20:43.0000000Z;119.7;119.92;2271;2271
2026-06-08T14:20:46.0000000Z;119.7;119.88;2271;2271
2026-06-08T14:21:16.0000000Z;119.7;119.88;2271;2271
2026-06-08T14:21:46.0000000Z;119.7;119.88;2271;2271
2026-06-08T14:22:17.0000000Z;119.7;119.88;2271;2271
2026-06-08T14:22:47.0000000Z;119.7;119.88;2271;2271
2026-06-08T14:23:18.0000000Z;119.7;119.88;2271;2271
2026-06-08T14:23:48.0000000Z;119.7;119.88;2271;2271
2026-06-08T14:24:19.0000000Z;119.7;119.88;2271;2271
2026-06-08T14:24:23.0000000Z;119.7;119.86;2271;2271
2026-06-08T14:24:54.0000000Z;119.7;119.86;2271;2271
2026-06-08T14:25:24.0000000Z;119.7;119.86;2271;2271
2026-06-08T14:25:50.0000000Z;119.7;119.88;2271;2271
2026-06-08T14:26:20.0000000Z;119.7;119.88;2271;2271
2026-06-08T14:26:50.0000000Z;119.7;119.88;2271;2271
2026-06-08T14:27:21.0000000Z;119.7;119.88;2271;2271
2026-06-08T14:27:51.0000000Z;119.7;119.88;2271;2271
2026-06-08T14:28:22.0000000Z;119.7;119.88;2271;2271
2026-06-08T14:28:52.0000000Z;119.7;119.88;2271;2271
2026-06-08T14:29:23.0000000Z;119.7;119.88;2271;2271
2026-06-08T14:29:53.0000000Z;119.7;119.88;2271;2271
2026-06-08T14:30:24.0000000Z;119.7;119.88;2271;2271
2026-06-08T14:30:49.0000000Z;119.7;119.84;2271;2271
2026-06-08T14:31:19.0000000Z;119.7;119.84;2271;2271
2026-06-08T14:31:49.0000000Z;119.7;119.84;2271;2271
2026-06-08T14:32:20.0000000Z;119.7;119.84;2271;2271
2026-06-08T14:32:50.0000000Z;119.7;119.84;2271;2271
2026-06-08T14:33:21.0000000Z;119.7;119.84;2271;2271
2026-06-08T14:33:39.0000000Z;119.7;119.82;2271;2271
2026-06-08T14:34:10.0000000Z;119.7;119.82;2271;2271
2026-06-08T14:34:40.0000000Z;119.7;119.82;2271;2271
2026-06-08T14:34:56.0000000Z;119.7;119.84;2271;2271
2026-06-08T14:35:26.0000000Z;119.7;119.84;2271;2271
2026-06-08T14:35:56.0000000Z;119.7;119.84;2271;2271
2026-06-08T14:36:27.0000000Z;119.7;119.84;2271;2271
2026-06-08T14:36:57.0000000Z;119.7;119.84;2271;2271
2026-06-08T14:37:28.0000000Z;119.7;119.84;2271;2271
2026-06-08T14:37:45.0000000Z;119.7;119.82;2271;2271
2026-06-08T14:37:48.0000000Z;119.62;119.82;2271;2271
2026-06-08T14:38:19.0000000Z;119.62;119.82;2271;2271
2026-06-08T14:38:49.0000000Z;119.62;119.82;2271;2271
2026-06-08T14:38:59.0000000Z;119.62;119.84;2271;2271
2026-06-08T14:39:29.0000000Z;119.62;119.84;2271;2271
2026-06-08T14:39:59.0000000Z;119.62;119.78;2271;2271
2026-06-08T14:40:07.0000000Z;119.62;119.8;2271;2271
2026-06-08T14:40:25.0000000Z;119.44;119.8;2271;2271
2026-06-08T14:40:29.0000000Z;119.62;119.8;2271;2271
2026-06-08T14:40:59.0000000Z;119.62;119.8;2271;2271
2026-06-08T14:41:29.0000000Z;119.62;119.94;2271;2271
2026-06-08T14:41:59.0000000Z;119.62;119.94;2271;2271
2026-06-08T14:42:30.0000000Z;119.62;119.94;2271;2271
2026-06-08T14:43:00.0000000Z;119.62;119.94;2271;2271
2026-06-08T14:43:31.0000000Z;119.62;119.94;2271;2271
2026-06-08T14:44:01.0000000Z;119.62;119.94;2271;2271
2026-06-08T14:44:32.0000000Z;119.62;119.94;2271;2271
2026-06-08T14:45:02.0000000Z;119.62;119.94;2271;2271
2026-06-08T14:45:33.0000000Z;119.62;119.94;2271;2271
2026-06-08T14:46:03.0000000Z;119.62;119.94;2271;2271
2026-06-08T14:46:34.0000000Z;119.62;119.94;2271;2271
2026-06-08T14:47:04.0000000Z;119.62;119.94;2271;2271
2026-06-08T14:47:35.0000000Z;119.62;119.94;2271;2271
2026-06-08T14:48:05.0000000Z;119.62;119.94;2271;2271
2026-06-08T14:48:36.0000000Z;119.62;119.94;2271;2271
2026-06-08T14:49:06.0000000Z;119.62;119.94;2271;2271
2026-06-08T14:49:37.0000000Z;119.62;119.94;2271;2271
2026-06-08T14:49:53.0000000Z;119.62;119.8;2271;2271
2026-06-08T14:50:24.0000000Z;119.62;119.8;2271;2271
2026-06-08T14:50:54.0000000Z;119.62;119.8;2271;2271
2026-06-08T14:51:24.0000000Z;119.62;119.8;2271;2271
2026-06-08T14:51:55.0000000Z;119.62;119.8;2271;2271
2026-06-08T14:52:25.0000000Z;119.62;119.8;2271;2271
2026-06-08T14:52:56.0000000Z;119.62;119.8;2271;2271
2026-06-08T14:53:27.0000000Z;119.62;119.8;2271;2271
2026-06-08T14:53:57.0000000Z;119.62;119.8;2271;2271
2026-06-08T14:54:00.0000000Z;119.62;119.78;2271;2271
2026-06-08T14:54:31.0000000Z;119.62;119.78;2271;2271
2026-06-08T14:55:01.0000000Z;119.62;119.78;2271;2271
2026-06-08T14:55:32.0000000Z;119.62;119.78;2271;2271
2026-06-08T14:56:02.0000000Z;119.62;119.78;2271;2271
2026-06-08T14:56:33.0000000Z;119.62;119.78;2271;2271
2026-06-08T14:57:03.0000000Z;119.62;119.78;2271;2271
2026-06-08T14:57:17.0000000Z;119.62;119.8;2271;2271
2026-06-08T14:57:47.0000000Z;119.62;119.8;2271;2271
2026-06-08T14:58:13.0000000Z;119.62;119.78;2271;2271
2026-06-08T14:58:43.0000000Z;119.62;119.78;2271;2271
2026-06-08T14:59:03.0000000Z;119.62;119.8;2271;2271
2026-06-08T14:59:34.0000000Z;119.62;119.8;2271;2271
2026-06-08T14:59:49.0000000Z;119.62;119.76;2271;2271
