2026-06-08T08:00:01.0000000Z;35.395;35.56;2858;2858
2026-06-08T08:00:32.0000000Z;35.395;35.56;2858;2858
2026-06-08T08:01:02.0000000Z;35.395;35.56;2858;2858
2026-06-08T08:01:33.0000000Z;35.395;35.56;2858;2858
2026-06-08T08:01:35.0000000Z;35.395;35.52;2858;2858
2026-06-08T08:01:38.0000000Z;35.375;35.52;2858;2858
2026-06-08T08:02:08.0000000Z;35.375;35.52;2858;2858
2026-06-08T08:02:39.0000000Z;35.375;35.52;2858;2858
2026-06-08T08:03:09.0000000Z;35.375;35.52;2858;2858
2026-06-08T08:03:15.0000000Z;35.375;35.45;2858;2858
2026-06-08T08:03:38.0000000Z;35.375;35.52;2858;2858
2026-06-08T08:04:08.0000000Z;35.375;35.52;2858;2858
2026-06-08T08:04:39.0000000Z;35.375;35.52;2858;2858
2026-06-08T08:05:09.0000000Z;35.375;35.52;2858;2858
2026-06-08T08:05:40.0000000Z;35.375;35.52;2858;2858
2026-06-08T08:06:10.0000000Z;35.375;35.52;2858;2858
2026-06-08T08:06:41.0000000Z;35.375;35.52;2858;2858
2026-06-08T08:07:11.0000000Z;35.375;35.52;2858;2858
2026-06-08T08:07:42.0000000Z;35.375;35.52;2858;2858
2026-06-08T08:08:12.0000000Z;35.375;35.52;2858;2858
2026-06-08T08:08:43.0000000Z;35.375;35.52;2858;2858
2026-06-08T08:09:13.0000000Z;35.375;35.52;2858;2858
2026-06-08T08:09:44.0000000Z;35.375;35.52;2858;2858
2026-06-08T08:10:14.0000000Z;35.375;35.52;2858;2858
2026-06-08T08:10:45.0000000Z;35.375;35.52;2858;2858
2026-06-08T08:11:15.0000000Z;35.375;35.52;2858;2858
2026-06-08T08:11:46.0000000Z;35.375;35.52;2858;2858
2026-06-08T08:12:16.0000000Z;35.375;35.52;2858;2858
2026-06-08T08:12:47.0000000Z;35.375;35.52;2858;2858
2026-06-08T08:13:17.0000000Z;35.375;35.52;2858;2858
2026-06-08T08:13:48.0000000Z;35.375;35.52;2858;2858
2026-06-08T08:14:18.0000000Z;35.375;35.52;2858;2858
2026-06-08T08:14:49.0000000Z;35.375;35.52;2858;2858
2026-06-08T08:15:20.0000000Z;35.375;35.52;2858;2858
2026-06-08T08:15:50.0000000Z;35.375;35.52;2858;2858
2026-06-08T08:16:21.0000000Z;35.375;35.52;2858;2858
2026-06-08T08:16:51.0000000Z;35.375;35.52;2858;2858
2026-06-08T08:17:22.0000000Z;35.375;35.52;2858;2858
2026-06-08T08:17:52.0000000Z;35.375;35.52;2858;2858
2026-06-08T08:18:23.0000000Z;35.375;35.52;2858;2858
2026-06-08T08:18:53.0000000Z;35.375;35.52;2858;2858
2026-06-08T08:19:24.0000000Z;35.375;35.52;2858;2858
2026-06-08T08:19:54.0000000Z;35.375;35.52;2858;2858
2026-06-08T08:20:25.0000000Z;35.375;35.52;2858;2858
2026-06-08T08:20:55.0000000Z;35.375;35.52;2858;2858
2026-06-08T08:21:26.0000000Z;35.375;35.52;2858;2858
2026-06-08T08:21:56.0000000Z;35.375;35.52;2858;2858
2026-06-08T08:22:27.0000000Z;35.375;35.52;2858;2858
2026-06-08T08:22:57.0000000Z;35.375;35.52;2858;2858
2026-06-08T08:23:00.0000000Z;35.375;35.485;2858;2858
2026-06-08T08:23:02.0000000Z;35.335;35.485;2858;2858
2026-06-08T08:23:33.0000000Z;35.335;35.485;2858;2858
2026-06-08T08:24:03.0000000Z;35.335;35.485;2858;2858
2026-06-08T08:24:34.0000000Z;35.335;35.485;2858;2858
2026-06-08T08:25:04.0000000Z;35.335;35.485;2858;2858
2026-06-08T08:25:35.0000000Z;35.335;35.485;2858;2858
2026-06-08T08:26:05.0000000Z;35.335;35.485;2858;2858
2026-06-08T08:26:36.0000000Z;35.335;35.485;2858;2858
2026-06-08T08:27:06.0000000Z;35.335;35.485;2858;2858
2026-06-08T08:27:37.0000000Z;35.335;35.485;2858;2858
2026-06-08T08:28:08.0000000Z;35.335;35.485;2858;2858
2026-06-08T08:28:38.0000000Z;35.335;35.485;2858;2858
2026-06-08T08:29:08.0000000Z;35.335;35.485;2858;2858
2026-06-08T08:29:39.0000000Z;35.335;35.485;2858;2858
2026-06-08T08:30:10.0000000Z;35.335;35.485;2858;2858
2026-06-08T08:30:40.0000000Z;35.335;35.485;2858;2858
2026-06-08T08:31:11.0000000Z;35.335;35.485;2858;2858
2026-06-08T08:31:41.0000000Z;35.335;35.485;2858;2858
2026-06-08T08:32:12.0000000Z;35.335;35.485;2858;2858
2026-06-08T08:32:42.0000000Z;35.335;35.485;2858;2858
2026-06-08T08:33:13.0000000Z;35.335;35.485;2858;2858
2026-06-08T08:33:43.0000000Z;35.335;35.485;2858;2858
2026-06-08T08:34:14.0000000Z;35.335;35.485;2858;2858
2026-06-08T08:34:44.0000000Z;35.335;35.485;2858;2858
2026-06-08T08:35:15.0000000Z;35.335;35.485;2858;2858
2026-06-08T08:35:45.0000000Z;35.335;35.485;2858;2858
2026-06-08T08:36:16.0000000Z;35.335;35.485;2858;2858
2026-06-08T08:36:47.0000000Z;35.335;35.485;2858;2858
2026-06-08T08:37:17.0000000Z;35.335;35.485;2858;2858
2026-06-08T08:37:48.0000000Z;35.335;35.485;2858;2858
2026-06-08T08:38:18.0000000Z;35.335;35.485;2858;2858
2026-06-08T08:38:49.0000000Z;35.335;35.485;2858;2858
2026-06-08T08:39:19.0000000Z;35.335;35.485;2858;2858
2026-06-08T08:39:50.0000000Z;35.335;35.485;2858;2858
2026-06-08T08:40:20.0000000Z;35.335;35.485;2858;2858
2026-06-08T08:40:51.0000000Z;35.335;35.485;2858;2858
2026-06-08T08:41:21.0000000Z;35.335;35.485;2858;2858
2026-06-08T08:41:52.0000000Z;35.335;35.485;2858;2858
2026-06-08T08:42:22.0000000Z;35.335;35.485;2858;2858
2026-06-08T08:42:53.0000000Z;35.335;35.485;2858;2858
2026-06-08T08:43:23.0000000Z;35.335;35.485;2858;2858
2026-06-08T08:43:54.0000000Z;35.335;35.485;2858;2858
2026-06-08T08:44:24.0000000Z;35.335;35.485;2858;2858
2026-06-08T08:44:55.0000000Z;35.335;35.485;2858;2858
2026-06-08T08:45:26.0000000Z;35.335;35.485;2858;2858
2026-06-08T08:45:56.0000000Z;35.335;35.485;2858;2858
2026-06-08T08:46:27.0000000Z;35.335;35.485;2858;2858
2026-06-08T08:46:57.0000000Z;35.335;35.485;2858;2858
2026-06-08T08:47:28.0000000Z;35.335;35.485;2858;2858
2026-06-08T08:47:58.0000000Z;35.335;35.485;2858;2858
2026-06-08T08:48:29.0000000Z;35.335;35.485;2858;2858
2026-06-08T08:48:59.0000000Z;35.335;35.485;2858;2858
2026-06-08T08:49:30.0000000Z;35.335;35.485;2858;2858
2026-06-08T08:50:00.0000000Z;35.335;35.485;2858;2858
2026-06-08T08:50:31.0000000Z;35.335;35.485;2858;2858
2026-06-08T08:51:01.0000000Z;35.335;35.485;2858;2858
2026-06-08T08:51:32.0000000Z;35.335;35.485;2858;2858
2026-06-08T08:52:02.0000000Z;35.335;35.485;2858;2858
2026-06-08T08:52:33.0000000Z;35.335;35.485;2858;2858
2026-06-08T08:53:03.0000000Z;35.335;35.485;2858;2858
2026-06-08T08:53:34.0000000Z;35.335;35.485;2858;2858
2026-06-08T08:54:04.0000000Z;35.335;35.485;2858;2858
2026-06-08T08:54:35.0000000Z;35.335;35.485;2858;2858
2026-06-08T08:55:06.0000000Z;35.335;35.485;2858;2858
2026-06-08T08:55:36.0000000Z;35.335;35.485;2858;2858
2026-06-08T08:56:07.0000000Z;35.335;35.485;2858;2858
2026-06-08T08:56:37.0000000Z;35.335;35.485;2858;2858
2026-06-08T08:57:08.0000000Z;35.335;35.485;2858;2858
2026-06-08T08:57:38.0000000Z;35.335;35.485;2858;2858
2026-06-08T08:58:09.0000000Z;35.335;35.485;2858;2858
2026-06-08T08:58:39.0000000Z;35.335;35.485;2858;2858
2026-06-08T08:59:10.0000000Z;35.335;35.485;2858;2858
2026-06-08T08:59:40.0000000Z;35.335;35.485;2858;2858
2026-06-08T09:00:11.0000000Z;35.335;35.485;2858;2858
2026-06-08T09:00:41.0000000Z;35.335;35.485;2858;2858
2026-06-08T09:01:12.0000000Z;35.335;35.485;2858;2858
2026-06-08T09:01:43.0000000Z;35.335;35.485;2858;2858
2026-06-08T09:02:13.0000000Z;35.335;35.485;2858;2858
2026-06-08T09:02:44.0000000Z;35.335;35.485;2858;2858
2026-06-08T09:03:14.0000000Z;35.335;35.485;2858;2858
2026-06-08T09:03:45.0000000Z;35.335;35.485;2858;2858
2026-06-08T09:04:08.0000000Z;35.355;35.485;2858;2858
2026-06-08T09:04:38.0000000Z;35.355;35.485;2858;2858
2026-06-08T09:05:08.0000000Z;35.355;35.485;2858;2858
2026-06-08T09:05:39.0000000Z;35.355;35.485;2858;2858
2026-06-08T09:06:09.0000000Z;35.355;35.485;2858;2858
2026-06-08T09:06:40.0000000Z;35.355;35.485;2858;2858
2026-06-08T09:07:10.0000000Z;35.335;35.485;2858;2858
2026-06-08T09:07:41.0000000Z;35.335;35.485;2858;2858
2026-06-08T09:08:11.0000000Z;35.335;35.485;2858;2858
2026-06-08T09:08:42.0000000Z;35.335;35.485;2858;2858
2026-06-08T09:09:13.0000000Z;35.335;35.485;2858;2858
2026-06-08T09:09:43.0000000Z;35.335;35.485;2858;2858
2026-06-08T09:10:14.0000000Z;35.335;35.485;2858;2858
2026-06-08T09:10:44.0000000Z;35.335;35.485;2858;2858
2026-06-08T09:11:15.0000000Z;35.335;35.485;2858;2858
2026-06-08T09:11:45.0000000Z;35.335;35.485;2858;2858
2026-06-08T09:12:16.0000000Z;35.335;35.485;2858;2858
2026-06-08T09:12:47.0000000Z;35.335;35.485;2858;2858
2026-06-08T09:13:17.0000000Z;35.335;35.485;2858;2858
2026-06-08T09:13:48.0000000Z;35.335;35.485;2858;2858
2026-06-08T09:14:18.0000000Z;35.335;35.485;2858;2858
2026-06-08T09:14:49.0000000Z;35.335;35.485;2858;2858
2026-06-08T09:15:19.0000000Z;35.335;35.485;2858;2858
2026-06-08T09:15:50.0000000Z;35.335;35.485;2858;2858
2026-06-08T09:16:20.0000000Z;35.335;35.485;2858;2858
2026-06-08T09:16:51.0000000Z;35.335;35.485;2858;2858
2026-06-08T09:17:21.0000000Z;35.335;35.485;2858;2858
2026-06-08T09:17:52.0000000Z;35.335;35.485;2858;2858
2026-06-08T09:18:23.0000000Z;35.335;35.485;2858;2858
2026-06-08T09:18:53.0000000Z;35.335;35.485;2858;2858
2026-06-08T09:19:24.0000000Z;35.335;35.485;2858;2858
2026-06-08T09:19:54.0000000Z;35.335;35.485;2858;2858
2026-06-08T09:20:25.0000000Z;35.335;35.485;2858;2858
2026-06-08T09:20:55.0000000Z;35.335;35.485;2858;2858
2026-06-08T09:21:08.0000000Z;35.35;35.485;2858;2858
2026-06-08T09:21:38.0000000Z;35.35;35.485;2858;2858
2026-06-08T09:22:09.0000000Z;35.35;35.485;2858;2858
2026-06-08T09:22:39.0000000Z;35.35;35.485;2858;2858
2026-06-08T09:22:46.0000000Z;35.38;35.485;2858;2858
2026-06-08T09:22:49.0000000Z;35.38;35.53;2858;2858
2026-06-08T09:23:20.0000000Z;35.38;35.53;2858;2858
2026-06-08T09:23:51.0000000Z;35.38;35.53;2858;2858
2026-06-08T09:24:21.0000000Z;35.38;35.53;2858;2858
2026-06-08T09:24:52.0000000Z;35.38;35.53;2858;2858
2026-06-08T09:25:22.0000000Z;35.38;35.53;2858;2858
2026-06-08T09:25:53.0000000Z;35.38;35.53;2858;2858
2026-06-08T09:26:23.0000000Z;35.38;35.53;2858;2858
2026-06-08T09:26:54.0000000Z;35.38;35.53;2858;2858
2026-06-08T09:27:25.0000000Z;35.38;35.53;2858;2858
2026-06-08T09:27:55.0000000Z;35.38;35.53;2858;2858
2026-06-08T09:28:26.0000000Z;35.38;35.53;2858;2858
2026-06-08T09:28:56.0000000Z;35.38;35.53;2858;2858
2026-06-08T09:29:27.0000000Z;35.38;35.53;2858;2858
2026-06-08T09:29:58.0000000Z;35.38;35.53;2858;2858
2026-06-08T09:30:28.0000000Z;35.38;35.53;2858;2858
2026-06-08T09:30:59.0000000Z;35.38;35.53;2858;2858
2026-06-08T09:31:29.0000000Z;35.38;35.53;2858;2858
2026-06-08T09:32:00.0000000Z;35.38;35.53;2858;2858
2026-06-08T09:32:30.0000000Z;35.38;35.53;2858;2858
2026-06-08T09:33:01.0000000Z;35.38;35.53;2858;2858
2026-06-08T09:33:31.0000000Z;35.38;35.53;2858;2858
2026-06-08T09:34:02.0000000Z;35.38;35.53;2858;2858
2026-06-08T09:34:25.0000000Z;35.38;35.5;2858;2858
2026-06-08T09:34:27.0000000Z;35.345;35.5;2858;2858
2026-06-08T09:34:57.0000000Z;35.345;35.5;2858;2858
2026-06-08T09:35:28.0000000Z;35.345;35.5;2858;2858
2026-06-08T09:35:58.0000000Z;35.345;35.5;2858;2858
2026-06-08T09:36:29.0000000Z;35.345;35.5;2858;2858
2026-06-08T09:36:43.0000000Z;35.505;35.51;2858;2858
2026-06-08T09:36:47.0000000Z;35.505;35.65;2858;2858
2026-06-08T09:36:50.0000000Z;35.505;35.565;2858;2858
2026-06-08T09:36:57.0000000Z;35.415;35.565;2858;2858
2026-06-08T09:37:26.0000000Z;35.415;35.565;2858;2858
2026-06-08T09:37:38.0000000Z;35.415;35.49;2858;2858
2026-06-08T09:38:08.0000000Z;35.415;35.49;2858;2858
2026-06-08T09:38:16.0000000Z;35.365;35.49;2858;2858
2026-06-08T09:38:47.0000000Z;35.365;35.49;2858;2858
2026-06-08T09:39:14.0000000Z;35.395;35.49;2858;2858
2026-06-08T09:39:45.0000000Z;35.395;35.49;2858;2858
2026-06-08T09:40:14.0000000Z;35.375;35.52;2858;2858
2026-06-08T09:40:45.0000000Z;35.375;35.52;2858;2858
2026-06-08T09:41:15.0000000Z;35.375;35.52;2858;2858
2026-06-08T09:41:46.0000000Z;35.375;35.52;2858;2858
2026-06-08T09:42:16.0000000Z;35.375;35.52;2858;2858
2026-06-08T09:42:47.0000000Z;35.375;35.52;2858;2858
2026-06-08T09:43:17.0000000Z;35.375;35.52;2858;2858
2026-06-08T09:43:29.0000000Z;35.4;35.52;2858;2858
2026-06-08T09:43:59.0000000Z;35.4;35.52;2858;2858
2026-06-08T09:44:02.0000000Z;35.42;35.52;2858;2858
2026-06-08T09:44:04.0000000Z;35.42;35.565;2858;2858
2026-06-08T09:44:34.0000000Z;35.42;35.565;2858;2858
2026-06-08T09:45:04.0000000Z;35.42;35.565;2858;2858
2026-06-08T09:45:35.0000000Z;35.42;35.565;2858;2858
2026-06-08T09:46:05.0000000Z;35.42;35.565;2858;2858
2026-06-08T09:46:36.0000000Z;35.42;35.565;2858;2858
2026-06-08T09:47:06.0000000Z;35.42;35.565;2858;2858
2026-06-08T09:47:37.0000000Z;35.42;35.565;2858;2858
2026-06-08T09:48:08.0000000Z;35.42;35.565;2858;2858
2026-06-08T09:48:38.0000000Z;35.42;35.565;2858;2858
2026-06-08T09:49:09.0000000Z;35.42;35.565;2858;2858
2026-06-08T09:49:39.0000000Z;35.42;35.565;2858;2858
2026-06-08T09:50:10.0000000Z;35.42;35.565;2858;2858
2026-06-08T09:50:40.0000000Z;35.42;35.565;2858;2858
2026-06-08T09:51:11.0000000Z;35.42;35.565;2858;2858
2026-06-08T09:51:41.0000000Z;35.42;35.565;2858;2858
2026-06-08T09:52:12.0000000Z;35.42;35.565;2858;2858
2026-06-08T09:52:43.0000000Z;35.42;35.565;2858;2858
2026-06-08T09:53:13.0000000Z;35.42;35.565;2858;2858
2026-06-08T09:53:44.0000000Z;35.42;35.565;2858;2858
2026-06-08T09:54:14.0000000Z;35.42;35.565;2858;2858
2026-06-08T09:54:45.0000000Z;35.42;35.565;2858;2858
2026-06-08T09:55:15.0000000Z;35.42;35.565;2858;2858
2026-06-08T09:55:46.0000000Z;35.42;35.565;2858;2858
2026-06-08T09:56:17.0000000Z;35.42;35.565;2858;2858
2026-06-08T09:56:47.0000000Z;35.42;35.565;2858;2858
2026-06-08T09:57:18.0000000Z;35.42;35.565;2858;2858
2026-06-08T09:57:48.0000000Z;35.42;35.565;2858;2858
2026-06-08T09:58:19.0000000Z;35.42;35.565;2858;2858
2026-06-08T09:58:49.0000000Z;35.42;35.565;2858;2858
2026-06-08T09:59:20.0000000Z;35.42;35.565;2858;2858
2026-06-08T09:59:50.0000000Z;35.42;35.565;2858;2858
2026-06-08T10:00:21.0000000Z;35.42;35.565;2858;2858
2026-06-08T10:00:52.0000000Z;35.42;35.565;2858;2858
2026-06-08T10:01:22.0000000Z;35.42;35.565;2858;2858
2026-06-08T10:01:53.0000000Z;35.42;35.565;2858;2858
2026-06-08T10:02:05.0000000Z;35.42;35.54;2858;2858
2026-06-08T10:02:09.0000000Z;35.38;35.54;2858;2858
2026-06-08T10:02:38.0000000Z;35.38;35.54;2858;2858
2026-06-08T10:03:02.0000000Z;35.42;35.54;2858;2858
2026-06-08T10:03:04.0000000Z;35.42;35.565;2858;2858
2026-06-08T10:03:35.0000000Z;35.42;35.565;2858;2858
2026-06-08T10:04:06.0000000Z;35.42;35.565;2858;2858
2026-06-08T10:04:36.0000000Z;35.42;35.565;2858;2858
2026-06-08T10:05:07.0000000Z;35.42;35.565;2858;2858
2026-06-08T10:05:38.0000000Z;35.42;35.565;2858;2858
2026-06-08T10:06:08.0000000Z;35.42;35.565;2858;2858
2026-06-08T10:06:39.0000000Z;35.42;35.565;2858;2858
2026-06-08T10:07:09.0000000Z;35.42;35.565;2858;2858
2026-06-08T10:07:40.0000000Z;35.42;35.565;2858;2858
2026-06-08T10:08:10.0000000Z;35.42;35.565;2858;2858
2026-06-08T10:08:41.0000000Z;35.42;35.565;2858;2858
2026-06-08T10:09:11.0000000Z;35.42;35.565;2858;2858
2026-06-08T10:09:42.0000000Z;35.42;35.565;2858;2858
2026-06-08T10:10:12.0000000Z;35.42;35.565;2858;2858
2026-06-08T10:10:43.0000000Z;35.42;35.565;2858;2858
2026-06-08T10:11:13.0000000Z;35.42;35.565;2858;2858
2026-06-08T10:11:44.0000000Z;35.42;35.565;2858;2858
2026-06-08T10:12:15.0000000Z;35.42;35.565;2858;2858
2026-06-08T10:12:45.0000000Z;35.42;35.565;2858;2858
2026-06-08T10:13:16.0000000Z;35.42;35.565;2858;2858
2026-06-08T10:13:46.0000000Z;35.42;35.565;2858;2858
2026-06-08T10:14:17.0000000Z;35.42;35.565;2858;2858
2026-06-08T10:14:47.0000000Z;35.42;35.565;2858;2858
2026-06-08T10:15:18.0000000Z;35.42;35.565;2858;2858
2026-06-08T10:15:48.0000000Z;35.42;35.565;2858;2858
2026-06-08T10:16:19.0000000Z;35.42;35.565;2858;2858
2026-06-08T10:16:49.0000000Z;35.42;35.565;2858;2858
2026-06-08T10:16:59.0000000Z;35.42;35.54;2858;2858
2026-06-08T10:17:01.0000000Z;35.405;35.54;2858;2858
2026-06-08T10:17:31.0000000Z;35.405;35.54;2858;2858
2026-06-08T10:18:02.0000000Z;35.405;35.54;2858;2858
2026-06-08T10:18:32.0000000Z;35.405;35.54;2858;2858
2026-06-08T10:19:03.0000000Z;35.405;35.54;2858;2858
2026-06-08T10:19:33.0000000Z;35.405;35.54;2858;2858
2026-06-08T10:20:04.0000000Z;35.405;35.54;2858;2858
2026-06-08T10:20:34.0000000Z;35.405;35.54;2858;2858
2026-06-08T10:21:05.0000000Z;35.405;35.54;2858;2858
2026-06-08T10:21:35.0000000Z;35.405;35.54;2858;2858
2026-06-08T10:22:06.0000000Z;35.405;35.54;2858;2858
2026-06-08T10:22:36.0000000Z;35.405;35.54;2858;2858
2026-06-08T10:22:51.0000000Z;35.375;35.54;2858;2858
2026-06-08T10:23:21.0000000Z;35.375;35.54;2858;2858
2026-06-08T10:23:52.0000000Z;35.375;35.54;2858;2858
2026-06-08T10:24:15.0000000Z;35.38;35.54;2858;2858
2026-06-08T10:24:46.0000000Z;35.38;35.54;2858;2858
2026-06-08T10:25:16.0000000Z;35.38;35.54;2858;2858
2026-06-08T10:25:47.0000000Z;35.38;35.54;2858;2858
2026-06-08T10:26:17.0000000Z;35.38;35.54;2858;2858
2026-06-08T10:26:48.0000000Z;35.38;35.54;2858;2858
2026-06-08T10:27:18.0000000Z;35.38;35.54;2858;2858
2026-06-08T10:27:49.0000000Z;35.38;35.54;2858;2858
2026-06-08T10:28:20.0000000Z;35.38;35.54;2858;2858
2026-06-08T10:28:50.0000000Z;35.38;35.54;2858;2858
2026-06-08T10:29:21.0000000Z;35.38;35.54;2858;2858
2026-06-08T10:29:51.0000000Z;35.38;35.54;2858;2858
2026-06-08T10:30:22.0000000Z;35.38;35.54;2858;2858
2026-06-08T10:30:52.0000000Z;35.38;35.54;2858;2858
2026-06-08T10:31:23.0000000Z;35.38;35.54;2858;2858
2026-06-08T10:31:54.0000000Z;35.38;35.54;2858;2858
2026-06-08T10:32:24.0000000Z;35.38;35.54;2858;2858
2026-06-08T10:32:55.0000000Z;35.38;35.54;2858;2858
2026-06-08T10:33:25.0000000Z;35.38;35.54;2858;2858
2026-06-08T10:33:46.0000000Z;35.415;35.54;2858;2858
2026-06-08T10:33:48.0000000Z;35.415;35.56;2858;2858
2026-06-08T10:34:18.0000000Z;35.415;35.56;2858;2858
2026-06-08T10:34:19.0000000Z;35.44;35.56;2858;2858
2026-06-08T10:34:20.0000000Z;35.44;35.605;2858;2858
2026-06-08T10:34:29.0000000Z;35.48;35.605;2858;2858
2026-06-08T10:34:31.0000000Z;35.48;35.625;2858;2858
2026-06-08T10:34:37.0000000Z;35.43;35.67;2858;2858
2026-06-08T10:35:07.0000000Z;35.43;35.67;2858;2858
2026-06-08T10:35:37.0000000Z;35.43;35.67;2858;2858
2026-06-08T10:36:08.0000000Z;35.43;35.59;2858;2858
2026-06-08T10:36:33.0000000Z;35.45;35.59;2858;2858
2026-06-08T10:36:34.0000000Z;35.45;35.595;2858;2858
2026-06-08T10:37:05.0000000Z;35.45;35.595;2858;2858
2026-06-08T10:37:32.0000000Z;35.45;35.57;2858;2858
2026-06-08T10:37:35.0000000Z;35.43;35.57;2858;2858
2026-06-08T10:38:06.0000000Z;35.43;35.57;2858;2858
2026-06-08T10:38:36.0000000Z;35.45;35.57;2858;2858
2026-06-08T10:38:38.0000000Z;35.45;35.595;2858;2858
2026-06-08T10:39:09.0000000Z;35.45;35.595;2858;2858
2026-06-08T10:39:40.0000000Z;35.45;35.595;2858;2858
2026-06-08T10:40:10.0000000Z;35.45;35.595;2858;2858
2026-06-08T10:40:41.0000000Z;35.45;35.595;2858;2858
2026-06-08T10:41:12.0000000Z;35.45;35.595;2858;2858
2026-06-08T10:41:42.0000000Z;35.45;35.595;2858;2858
2026-06-08T10:42:13.0000000Z;35.45;35.595;2858;2858
2026-06-08T10:42:43.0000000Z;35.45;35.595;2858;2858
2026-06-08T10:43:14.0000000Z;35.45;35.595;2858;2858
2026-06-08T10:43:44.0000000Z;35.45;35.595;2858;2858
2026-06-08T10:44:15.0000000Z;35.45;35.595;2858;2858
2026-06-08T10:44:46.0000000Z;35.45;35.595;2858;2858
2026-06-08T10:45:16.0000000Z;35.45;35.595;2858;2858
2026-06-08T10:45:44.0000000Z;35.45;35.57;2858;2858
2026-06-08T10:45:46.0000000Z;35.43;35.57;2858;2858
2026-06-08T10:46:16.0000000Z;35.43;35.57;2858;2858
2026-06-08T10:46:47.0000000Z;35.43;35.57;2858;2858
2026-06-08T10:47:18.0000000Z;35.43;35.57;2858;2858
2026-06-08T10:47:48.0000000Z;35.43;35.57;2858;2858
2026-06-08T10:48:19.0000000Z;35.43;35.57;2858;2858
2026-06-08T10:48:49.0000000Z;35.43;35.57;2858;2858
2026-06-08T10:49:20.0000000Z;35.43;35.57;2858;2858
2026-06-08T10:49:50.0000000Z;35.43;35.57;2858;2858
2026-06-08T10:50:21.0000000Z;35.43;35.57;2858;2858
2026-06-08T10:50:52.0000000Z;35.43;35.57;2858;2858
2026-06-08T10:51:22.0000000Z;35.43;35.57;2858;2858
2026-06-08T10:51:53.0000000Z;35.43;35.57;2858;2858
2026-06-08T10:52:23.0000000Z;35.43;35.57;2858;2858
2026-06-08T10:52:54.0000000Z;35.43;35.57;2858;2858
2026-06-08T10:53:24.0000000Z;35.43;35.57;2858;2858
2026-06-08T10:53:55.0000000Z;35.43;35.57;2858;2858
2026-06-08T10:54:25.0000000Z;35.43;35.57;2858;2858
2026-06-08T10:54:56.0000000Z;35.43;35.57;2858;2858
2026-06-08T10:55:27.0000000Z;35.43;35.57;2858;2858
2026-06-08T10:55:57.0000000Z;35.43;35.57;2858;2858
2026-06-08T10:56:28.0000000Z;35.43;35.57;2858;2858
2026-06-08T10:56:58.0000000Z;35.43;35.57;2858;2858
2026-06-08T10:57:29.0000000Z;35.43;35.57;2858;2858
2026-06-08T10:57:43.0000000Z;35.405;35.57;2858;2858
2026-06-08T10:58:14.0000000Z;35.405;35.57;2858;2858
2026-06-08T10:58:44.0000000Z;35.405;35.57;2858;2858
2026-06-08T10:59:15.0000000Z;35.405;35.57;2858;2858
2026-06-08T10:59:46.0000000Z;35.405;35.57;2858;2858
2026-06-08T11:00:16.0000000Z;35.405;35.57;2858;2858
2026-06-08T11:00:47.0000000Z;35.405;35.57;2858;2858
2026-06-08T11:01:17.0000000Z;35.405;35.57;2858;2858
2026-06-08T11:01:48.0000000Z;35.405;35.57;2858;2858
2026-06-08T11:02:19.0000000Z;35.405;35.57;2858;2858
2026-06-08T11:02:49.0000000Z;35.405;35.57;2858;2858
2026-06-08T11:03:20.0000000Z;35.405;35.57;2858;2858
2026-06-08T11:03:50.0000000Z;35.405;35.57;2858;2858
2026-06-08T11:04:21.0000000Z;35.405;35.57;2858;2858
2026-06-08T11:04:40.0000000Z;35.445;35.56;2858;2858
2026-06-08T11:04:43.0000000Z;35.47;35.56;2858;2858
2026-06-08T11:04:50.0000000Z;35.49;35.56;2858;2858
2026-06-08T11:04:53.0000000Z;35.47;35.56;2858;2858
2026-06-08T11:05:22.0000000Z;35.47;35.56;2858;2858
2026-06-08T11:05:53.0000000Z;35.47;35.56;2858;2858
2026-06-08T11:06:24.0000000Z;35.47;35.56;2858;2858
2026-06-08T11:06:33.0000000Z;35.455;35.56;2858;2858
2026-06-08T11:07:03.0000000Z;35.455;35.56;2858;2858
2026-06-08T11:07:34.0000000Z;35.455;35.56;2858;2858
2026-06-08T11:08:05.0000000Z;35.455;35.56;2858;2858
2026-06-08T11:08:35.0000000Z;35.455;35.56;2858;2858
2026-06-08T11:09:06.0000000Z;35.455;35.56;2858;2858
2026-06-08T11:09:37.0000000Z;35.455;35.56;2858;2858
2026-06-08T11:09:42.0000000Z;35.47;35.56;2858;2858
2026-06-08T11:10:12.0000000Z;35.47;35.56;2858;2858
2026-06-08T11:10:38.0000000Z;35.485;35.56;2858;2858
2026-06-08T11:10:39.0000000Z;35.505;35.56;2858;2858
2026-06-08T11:10:43.0000000Z;35.505;35.59;2858;2858
2026-06-08T11:10:58.0000000Z;35.525;35.59;2858;2858
2026-06-08T11:11:02.0000000Z;35.54;35.625;2858;2858
2026-06-08T11:11:04.0000000Z;35.575;35.66;2858;2858
2026-06-08T11:11:14.0000000Z;35.53;35.63;2858;2858
2026-06-08T11:11:38.0000000Z;35.53;35.605;2858;2858
2026-06-08T11:11:50.0000000Z;35.535;35.635;2858;2858
2026-06-08T11:12:21.0000000Z;35.535;35.635;2858;2858
2026-06-08T11:12:25.0000000Z;35.55;35.635;2858;2858
2026-06-08T11:12:35.0000000Z;35.535;35.635;2858;2858
2026-06-08T11:12:54.0000000Z;35.555;35.635;2858;2858
2026-06-08T11:13:24.0000000Z;35.555;35.635;2858;2858
2026-06-08T11:13:55.0000000Z;35.555;35.635;2858;2858
2026-06-08T11:14:25.0000000Z;35.555;35.635;2858;2858
2026-06-08T11:14:50.0000000Z;35.57;35.635;2858;2858
2026-06-08T11:14:57.0000000Z;35.57;35.66;2858;2858
2026-06-08T11:15:01.0000000Z;35.59;35.66;2858;2858
2026-06-08T11:15:08.0000000Z;35.62;35.66;2858;2858
2026-06-08T11:15:16.0000000Z;35.62;35.705;2858;2858
2026-06-08T11:15:17.0000000Z;35.52;35.77;2858;2858
2026-06-08T11:15:19.0000000Z;35.55;35.695;2858;2858
2026-06-08T11:15:49.0000000Z;35.55;35.695;2858;2858
2026-06-08T11:16:11.0000000Z;35.55;35.67;2858;2858
2026-06-08T11:16:14.0000000Z;35.52;35.67;2858;2858
2026-06-08T11:16:44.0000000Z;35.52;35.67;2858;2858
2026-06-08T11:17:01.0000000Z;35.505;35.67;2858;2858
2026-06-08T11:17:31.0000000Z;35.505;35.67;2858;2858
2026-06-08T11:18:01.0000000Z;35.505;35.67;2858;2858
2026-06-08T11:18:32.0000000Z;35.505;35.67;2858;2858
2026-06-08T11:19:02.0000000Z;35.505;35.67;2858;2858
2026-06-08T11:19:33.0000000Z;35.505;35.67;2858;2858
2026-06-08T11:19:55.0000000Z;35.55;35.67;2858;2858
2026-06-08T11:19:57.0000000Z;35.55;35.695;2858;2858
2026-06-08T11:20:26.0000000Z;35.55;35.695;2858;2858
2026-06-08T11:20:41.0000000Z;35.55;35.67;2858;2858
2026-06-08T11:20:42.0000000Z;35.505;35.67;2858;2858
2026-06-08T11:21:12.0000000Z;35.505;35.67;2858;2858
2026-06-08T11:21:35.0000000Z;35.545;35.67;2858;2858
2026-06-08T11:21:39.0000000Z;35.545;35.69;2858;2858
2026-06-08T11:22:09.0000000Z;35.545;35.69;2858;2858
2026-06-08T11:22:40.0000000Z;35.545;35.69;2858;2858
2026-06-08T11:23:10.0000000Z;35.545;35.69;2858;2858
2026-06-08T11:23:41.0000000Z;35.545;35.69;2858;2858
2026-06-08T11:24:11.0000000Z;35.545;35.69;2858;2858
2026-06-08T11:24:42.0000000Z;35.545;35.69;2858;2858
2026-06-08T11:25:12.0000000Z;35.545;35.69;2858;2858
2026-06-08T11:25:21.0000000Z;35.545;35.645;2858;2858
2026-06-08T11:25:28.0000000Z;35.515;35.645;2858;2858
2026-06-08T11:25:58.0000000Z;35.515;35.645;2858;2858
2026-06-08T11:26:29.0000000Z;35.515;35.645;2858;2858
2026-06-08T11:26:48.0000000Z;35.54;35.645;2858;2858
2026-06-08T11:26:51.0000000Z;35.54;35.685;2858;2858
2026-06-08T11:27:22.0000000Z;35.54;35.685;2858;2858
2026-06-08T11:27:52.0000000Z;35.54;35.685;2858;2858
2026-06-08T11:28:23.0000000Z;35.54;35.685;2858;2858
2026-06-08T11:28:53.0000000Z;35.54;35.685;2858;2858
2026-06-08T11:29:24.0000000Z;35.54;35.685;2858;2858
2026-06-08T11:29:54.0000000Z;35.54;35.685;2858;2858
2026-06-08T11:30:25.0000000Z;35.54;35.685;2858;2858
2026-06-08T11:30:55.0000000Z;35.54;35.685;2858;2858
2026-06-08T11:31:26.0000000Z;35.54;35.685;2858;2858
2026-06-08T11:31:56.0000000Z;35.54;35.685;2858;2858
2026-06-08T11:32:27.0000000Z;35.54;35.685;2858;2858
2026-06-08T11:32:36.0000000Z;35.565;35.685;2858;2858
2026-06-08T11:32:41.0000000Z;35.565;35.73;2858;2858
2026-06-08T11:33:11.0000000Z;35.565;35.73;2858;2858
2026-06-08T11:33:41.0000000Z;35.565;35.73;2858;2858
2026-06-08T11:34:12.0000000Z;35.565;35.73;2858;2858
2026-06-08T11:34:42.0000000Z;35.565;35.73;2858;2858
2026-06-08T11:35:13.0000000Z;35.565;35.73;2858;2858
2026-06-08T11:35:44.0000000Z;35.565;35.73;2858;2858
2026-06-08T11:36:14.0000000Z;35.565;35.73;2858;2858
2026-06-08T11:36:45.0000000Z;35.565;35.73;2858;2858
2026-06-08T11:37:15.0000000Z;35.565;35.73;2858;2858
2026-06-08T11:37:46.0000000Z;35.565;35.73;2858;2858
2026-06-08T11:38:16.0000000Z;35.565;35.73;2858;2858
2026-06-08T11:38:47.0000000Z;35.565;35.73;2858;2858
2026-06-08T11:39:17.0000000Z;35.565;35.73;2858;2858
2026-06-08T11:39:48.0000000Z;35.565;35.73;2858;2858
2026-06-08T11:40:18.0000000Z;35.565;35.73;2858;2858
2026-06-08T11:40:49.0000000Z;35.565;35.73;2858;2858
2026-06-08T11:41:19.0000000Z;35.565;35.73;2858;2858
2026-06-08T11:41:50.0000000Z;35.565;35.73;2858;2858
2026-06-08T11:42:20.0000000Z;35.565;35.73;2858;2858
2026-06-08T11:42:51.0000000Z;35.565;35.73;2858;2858
2026-06-08T11:43:22.0000000Z;35.565;35.73;2858;2858
2026-06-08T11:43:52.0000000Z;35.565;35.73;2858;2858
2026-06-08T11:44:23.0000000Z;35.565;35.73;2858;2858
2026-06-08T11:44:40.0000000Z;35.565;35.69;2858;2858
2026-06-08T11:44:43.0000000Z;35.56;35.69;2858;2858
2026-06-08T11:45:13.0000000Z;35.56;35.69;2858;2858
2026-06-08T11:45:44.0000000Z;35.56;35.69;2858;2858
2026-06-08T11:46:15.0000000Z;35.56;35.69;2858;2858
2026-06-08T11:46:45.0000000Z;35.56;35.69;2858;2858
2026-06-08T11:47:06.0000000Z;35.565;35.69;2858;2858
2026-06-08T11:47:13.0000000Z;35.545;35.69;2858;2858
2026-06-08T11:47:43.0000000Z;35.545;35.69;2858;2858
2026-06-08T11:48:14.0000000Z;35.545;35.69;2858;2858
2026-06-08T11:48:44.0000000Z;35.545;35.69;2858;2858
2026-06-08T11:49:15.0000000Z;35.545;35.69;2858;2858
2026-06-08T11:49:45.0000000Z;35.545;35.69;2858;2858
2026-06-08T11:50:16.0000000Z;35.545;35.69;2858;2858
2026-06-08T11:50:46.0000000Z;35.545;35.69;2858;2858
2026-06-08T11:51:17.0000000Z;35.545;35.69;2858;2858
2026-06-08T11:51:47.0000000Z;35.545;35.69;2858;2858
2026-06-08T11:52:18.0000000Z;35.545;35.69;2858;2858
2026-06-08T11:52:48.0000000Z;35.545;35.69;2858;2858
2026-06-08T11:53:19.0000000Z;35.545;35.69;2858;2858
2026-06-08T11:53:50.0000000Z;35.545;35.69;2858;2858
2026-06-08T11:54:20.0000000Z;35.545;35.69;2858;2858
2026-06-08T11:54:51.0000000Z;35.545;35.69;2858;2858
2026-06-08T11:55:21.0000000Z;35.545;35.69;2858;2858
2026-06-08T11:55:52.0000000Z;35.545;35.69;2858;2858
2026-06-08T11:56:22.0000000Z;35.545;35.69;2858;2858
2026-06-08T11:56:42.0000000Z;35.57;35.69;2858;2858
2026-06-08T11:56:47.0000000Z;35.57;35.735;2858;2858
2026-06-08T11:57:17.0000000Z;35.57;35.735;2858;2858
2026-06-08T11:57:48.0000000Z;35.57;35.735;2858;2858
2026-06-08T11:58:19.0000000Z;35.57;35.735;2858;2858
2026-06-08T11:58:49.0000000Z;35.57;35.735;2858;2858
2026-06-08T11:59:20.0000000Z;35.57;35.735;2858;2858
2026-06-08T11:59:50.0000000Z;35.57;35.735;2858;2858
2026-06-08T12:00:21.0000000Z;35.57;35.735;2858;2858
2026-06-08T12:00:51.0000000Z;35.57;35.735;2858;2858
2026-06-08T12:01:22.0000000Z;35.57;35.735;2858;2858
2026-06-08T12:01:52.0000000Z;35.57;35.735;2858;2858
2026-06-08T12:02:23.0000000Z;35.57;35.735;2858;2858
2026-06-08T12:02:53.0000000Z;35.57;35.735;2858;2858
2026-06-08T12:03:24.0000000Z;35.57;35.735;2858;2858
2026-06-08T12:03:54.0000000Z;35.57;35.735;2858;2858
2026-06-08T12:04:25.0000000Z;35.57;35.735;2858;2858
2026-06-08T12:04:55.0000000Z;35.57;35.735;2858;2858
2026-06-08T12:05:22.0000000Z;35.615;35.725;2858;2858
2026-06-08T12:05:24.0000000Z;35.645;35.725;2858;2858
2026-06-08T12:05:41.0000000Z;35.63;35.725;2858;2858
2026-06-08T12:05:58.0000000Z;35.63;35.69;2858;2858
2026-06-08T12:06:04.0000000Z;35.61;35.69;2858;2858
2026-06-08T12:06:34.0000000Z;35.61;35.69;2858;2858
2026-06-08T12:06:38.0000000Z;35.625;35.69;2858;2858
2026-06-08T12:07:08.0000000Z;35.625;35.69;2858;2858
2026-06-08T12:07:15.0000000Z;35.61;35.69;2858;2858
2026-06-08T12:07:36.0000000Z;35.625;35.69;2858;2858
2026-06-08T12:08:07.0000000Z;35.625;35.69;2858;2858
2026-06-08T12:08:36.0000000Z;35.64;35.69;2858;2858
2026-06-08T12:08:38.0000000Z;35.64;35.72;2858;2858
2026-06-08T12:08:58.0000000Z;35.64;35.695;2858;2858
2026-06-08T12:09:04.0000000Z;35.62;35.695;2858;2858
2026-06-08T12:09:16.0000000Z;35.635;35.695;2858;2858
2026-06-08T12:09:23.0000000Z;35.625;35.695;2858;2858
2026-06-08T12:09:31.0000000Z;35.635;35.695;2858;2858
2026-06-08T12:10:01.0000000Z;35.635;35.695;2858;2858
2026-06-08T12:10:31.0000000Z;35.635;35.695;2858;2858
2026-06-08T12:10:32.0000000Z;35.635;35.72;2858;2858
2026-06-08T12:11:02.0000000Z;35.635;35.72;2858;2858
2026-06-08T12:11:14.0000000Z;35.62;35.72;2858;2858
2026-06-08T12:11:20.0000000Z;35.62;35.685;2858;2858
2026-06-08T12:11:22.0000000Z;35.605;35.685;2858;2858
2026-06-08T12:11:33.0000000Z;35.625;35.685;2858;2858
2026-06-08T12:12:03.0000000Z;35.625;35.685;2858;2858
2026-06-08T12:12:16.0000000Z;35.635;35.685;2858;2858
2026-06-08T12:12:47.0000000Z;35.635;35.685;2858;2858
2026-06-08T12:12:53.0000000Z;35.62;35.685;2858;2858
2026-06-08T12:13:07.0000000Z;35.63;35.685;2858;2858
2026-06-08T12:13:36.0000000Z;35.615;35.685;2858;2858
2026-06-08T12:13:43.0000000Z;35.625;35.685;2858;2858
2026-06-08T12:13:57.0000000Z;35.615;35.685;2858;2858
2026-06-08T12:14:00.0000000Z;35.61;35.685;2858;2858
2026-06-08T12:14:01.0000000Z;35.615;35.685;2858;2858
2026-06-08T12:14:06.0000000Z;35.62;35.685;2858;2858
2026-06-08T12:14:21.0000000Z;35.61;35.685;2858;2858
2026-06-08T12:14:33.0000000Z;35.615;35.685;2858;2858
2026-06-08T12:14:47.0000000Z;35.62;35.685;2858;2858
2026-06-08T12:14:50.0000000Z;35.625;35.685;2858;2858
2026-06-08T12:14:57.0000000Z;35.615;35.685;2858;2858
2026-06-08T12:15:02.0000000Z;35.62;35.685;2858;2858
2026-06-08T12:15:22.0000000Z;35.61;35.685;2858;2858
2026-06-08T12:15:23.0000000Z;35.62;35.685;2858;2858
2026-06-08T12:15:32.0000000Z;35.61;35.685;2858;2858
2026-06-08T12:15:45.0000000Z;35.62;35.685;2858;2858
2026-06-08T12:16:00.0000000Z;35.61;35.685;2858;2858
2026-06-08T12:16:06.0000000Z;35.615;35.685;2858;2858
2026-06-08T12:16:14.0000000Z;35.625;35.685;2858;2858
2026-06-08T12:16:23.0000000Z;35.61;35.685;2858;2858
2026-06-08T12:16:32.0000000Z;35.62;35.685;2858;2858
2026-06-08T12:16:34.0000000Z;35.63;35.685;2858;2858
2026-06-08T12:16:37.0000000Z;35.62;35.685;2858;2858
2026-06-08T12:16:42.0000000Z;35.625;35.685;2858;2858
2026-06-08T12:16:50.0000000Z;35.635;35.685;2858;2858
2026-06-08T12:16:53.0000000Z;35.63;35.685;2858;2858
2026-06-08T12:16:59.0000000Z;35.625;35.685;2858;2858
2026-06-08T12:17:07.0000000Z;35.61;35.685;2858;2858
2026-06-08T12:17:10.0000000Z;35.625;35.685;2858;2858
2026-06-08T12:17:41.0000000Z;35.625;35.685;2858;2858
2026-06-08T12:18:06.0000000Z;35.615;35.685;2858;2858
2026-06-08T12:18:15.0000000Z;35.625;35.685;2858;2858
2026-06-08T12:18:22.0000000Z;35.635;35.685;2858;2858
2026-06-08T12:18:24.0000000Z;35.625;35.685;2858;2858
2026-06-08T12:18:28.0000000Z;35.63;35.685;2858;2858
2026-06-08T12:18:58.0000000Z;35.63;35.685;2858;2858
2026-06-08T12:19:05.0000000Z;35.625;35.685;2858;2858
2026-06-08T12:19:15.0000000Z;35.615;35.685;2858;2858
2026-06-08T12:19:26.0000000Z;35.63;35.685;2858;2858
2026-06-08T12:19:35.0000000Z;35.62;35.685;2858;2858
2026-06-08T12:20:06.0000000Z;35.62;35.685;2858;2858
2026-06-08T12:20:36.0000000Z;35.62;35.685;2858;2858
2026-06-08T12:21:06.0000000Z;35.635;35.685;2858;2858
2026-06-08T12:21:11.0000000Z;35.635;35.715;2858;2858
2026-06-08T12:21:41.0000000Z;35.635;35.715;2858;2858
2026-06-08T12:22:12.0000000Z;35.635;35.715;2858;2858
2026-06-08T12:22:43.0000000Z;35.635;35.715;2858;2858
2026-06-08T12:23:13.0000000Z;35.635;35.715;2858;2858
2026-06-08T12:23:31.0000000Z;35.615;35.715;2858;2858
2026-06-08T12:23:44.0000000Z;35.63;35.715;2858;2858
2026-06-08T12:24:15.0000000Z;35.63;35.715;2858;2858
2026-06-08T12:24:46.0000000Z;35.63;35.715;2858;2858
2026-06-08T12:25:16.0000000Z;35.63;35.715;2858;2858
2026-06-08T12:25:47.0000000Z;35.63;35.715;2858;2858
2026-06-08T12:26:17.0000000Z;35.63;35.715;2858;2858
2026-06-08T12:26:48.0000000Z;35.63;35.715;2858;2858
2026-06-08T12:27:18.0000000Z;35.63;35.715;2858;2858
2026-06-08T12:27:49.0000000Z;35.63;35.715;2858;2858
2026-06-08T12:28:19.0000000Z;35.63;35.715;2858;2858
2026-06-08T12:28:50.0000000Z;35.63;35.715;2858;2858
2026-06-08T12:29:20.0000000Z;35.63;35.715;2858;2858
2026-06-08T12:29:51.0000000Z;35.63;35.715;2858;2858
2026-06-08T12:29:52.0000000Z;35.645;35.715;2858;2858
2026-06-08T12:29:53.0000000Z;35.63;35.715;2858;2858
2026-06-08T12:30:15.0000000Z;35.645;35.715;2858;2858
2026-06-08T12:30:46.0000000Z;35.645;35.715;2858;2858
2026-06-08T12:30:47.0000000Z;35.66;35.715;2858;2858
2026-06-08T12:31:17.0000000Z;35.66;35.715;2858;2858
2026-06-08T12:31:42.0000000Z;35.645;35.715;2858;2858
2026-06-08T12:31:57.0000000Z;35.655;35.715;2858;2858
2026-06-08T12:32:27.0000000Z;35.655;35.715;2858;2858
2026-06-08T12:32:52.0000000Z;35.665;35.715;2858;2858
2026-06-08T12:33:23.0000000Z;35.665;35.715;2858;2858
2026-06-08T12:33:34.0000000Z;35.65;35.715;2858;2858
2026-06-08T12:34:05.0000000Z;35.65;35.715;2858;2858
2026-06-08T12:34:33.0000000Z;35.635;35.715;2858;2858
2026-06-08T12:34:49.0000000Z;35.645;35.715;2858;2858
2026-06-08T12:35:19.0000000Z;35.645;35.715;2858;2858
2026-06-08T12:35:50.0000000Z;35.645;35.715;2858;2858
2026-06-08T12:36:13.0000000Z;35.665;35.715;2858;2858
2026-06-08T12:36:17.0000000Z;35.645;35.715;2858;2858
2026-06-08T12:36:48.0000000Z;35.645;35.715;2858;2858
2026-06-08T12:37:06.0000000Z;35.655;35.715;2858;2858
2026-06-08T12:37:37.0000000Z;35.655;35.715;2858;2858
2026-06-08T12:38:07.0000000Z;35.655;35.715;2858;2858
2026-06-08T12:38:38.0000000Z;35.655;35.715;2858;2858
2026-06-08T12:39:08.0000000Z;35.655;35.715;2858;2858
2026-06-08T12:39:39.0000000Z;35.655;35.715;2858;2858
2026-06-08T12:40:09.0000000Z;35.655;35.715;2858;2858
2026-06-08T12:40:10.0000000Z;35.65;35.715;2858;2858
2026-06-08T12:40:20.0000000Z;35.645;35.715;2858;2858
2026-06-08T12:40:50.0000000Z;35.645;35.715;2858;2858
2026-06-08T12:41:21.0000000Z;35.645;35.715;2858;2858
2026-06-08T12:41:47.0000000Z;35.635;35.715;2858;2858
2026-06-08T12:42:18.0000000Z;35.635;35.715;2858;2858
2026-06-08T12:42:38.0000000Z;35.68;35.715;2858;2858
2026-06-08T12:42:41.0000000Z;35.645;35.715;2858;2858
2026-06-08T12:42:42.0000000Z;35.645;35.72;2858;2858
2026-06-08T12:42:59.0000000Z;35.655;35.72;2858;2858
2026-06-08T12:43:30.0000000Z;35.655;35.72;2858;2858
2026-06-08T12:44:00.0000000Z;35.655;35.72;2858;2858
2026-06-08T12:44:15.0000000Z;35.645;35.72;2858;2858
2026-06-08T12:44:45.0000000Z;35.645;35.72;2858;2858
2026-06-08T12:45:16.0000000Z;35.645;35.72;2858;2858
2026-06-08T12:45:46.0000000Z;35.645;35.72;2858;2858
2026-06-08T12:46:17.0000000Z;35.645;35.72;2858;2858
2026-06-08T12:46:45.0000000Z;35.63;35.72;2858;2858
2026-06-08T12:46:57.0000000Z;35.64;35.72;2858;2858
2026-06-08T12:47:27.0000000Z;35.64;35.72;2858;2858
2026-06-08T12:47:38.0000000Z;35.625;35.72;2858;2858
2026-06-08T12:47:49.0000000Z;35.635;35.72;2858;2858
2026-06-08T12:48:19.0000000Z;35.635;35.72;2858;2858
2026-06-08T12:48:50.0000000Z;35.635;35.72;2858;2858
2026-06-08T12:49:10.0000000Z;35.645;35.72;2858;2858
2026-06-08T12:49:41.0000000Z;35.645;35.72;2858;2858
2026-06-08T12:50:11.0000000Z;35.645;35.72;2858;2858
2026-06-08T12:50:42.0000000Z;35.645;35.72;2858;2858
2026-06-08T12:50:55.0000000Z;35.63;35.72;2858;2858
2026-06-08T12:51:07.0000000Z;35.63;35.695;2858;2858
2026-06-08T12:51:11.0000000Z;35.615;35.695;2858;2858
2026-06-08T12:51:16.0000000Z;35.625;35.695;2858;2858
2026-06-08T12:51:47.0000000Z;35.625;35.695;2858;2858
2026-06-08T12:52:17.0000000Z;35.625;35.695;2858;2858
2026-06-08T12:52:48.0000000Z;35.625;35.695;2858;2858
2026-06-08T12:53:19.0000000Z;35.625;35.695;2858;2858
2026-06-08T12:53:34.0000000Z;35.635;35.695;2858;2858
2026-06-08T12:53:40.0000000Z;35.635;35.695;2858;2858
2026-06-08T12:54:11.0000000Z;35.635;35.695;2858;2858
2026-06-08T12:54:36.0000000Z;35.645;35.695;2858;2858
2026-06-08T12:54:43.0000000Z;35.645;35.72;2858;2858
2026-06-08T12:54:47.0000000Z;35.635;35.72;2858;2858
2026-06-08T12:55:17.0000000Z;35.635;35.72;2858;2858
2026-06-08T12:55:23.0000000Z;35.625;35.72;2858;2858
2026-06-08T12:55:51.0000000Z;35.635;35.72;2858;2858
2026-06-08T12:56:22.0000000Z;35.635;35.72;2858;2858
2026-06-08T12:56:53.0000000Z;35.635;35.72;2858;2858
2026-06-08T12:57:03.0000000Z;35.625;35.72;2858;2858
2026-06-08T12:57:04.0000000Z;35.635;35.72;2858;2858
2026-06-08T12:57:29.0000000Z;35.625;35.72;2858;2858
2026-06-08T12:57:38.0000000Z;35.635;35.72;2858;2858
2026-06-08T12:57:40.0000000Z;35.625;35.695;2858;2858
2026-06-08T12:57:41.0000000Z;35.62;35.695;2858;2858
2026-06-08T12:57:46.0000000Z;35.63;35.695;2858;2858
2026-06-08T12:58:16.0000000Z;35.63;35.695;2858;2858
2026-06-08T12:58:47.0000000Z;35.63;35.695;2858;2858
2026-06-08T12:59:01.0000000Z;35.64;35.695;2858;2858
2026-06-08T12:59:31.0000000Z;35.64;35.695;2858;2858
2026-06-08T13:00:02.0000000Z;35.64;35.695;2858;2858
2026-06-08T13:00:05.0000000Z;35.63;35.695;2858;2858
2026-06-08T13:00:26.0000000Z;35.655;35.73;2858;2858
2026-06-08T13:00:56.0000000Z;35.655;35.73;2858;2858
2026-06-08T13:00:59.0000000Z;35.64;35.73;2858;2858
2026-06-08T13:01:29.0000000Z;35.64;35.73;2858;2858
2026-06-08T13:01:31.0000000Z;35.63;35.73;2858;2858
2026-06-08T13:01:46.0000000Z;35.63;35.705;2858;2858
2026-06-08T13:01:56.0000000Z;35.64;35.705;2858;2858
2026-06-08T13:02:26.0000000Z;35.64;35.705;2858;2858
2026-06-08T13:02:57.0000000Z;35.64;35.705;2858;2858
2026-06-08T13:03:12.0000000Z;35.65;35.705;2858;2858
2026-06-08T13:03:42.0000000Z;35.65;35.705;2858;2858
2026-06-08T13:04:04.0000000Z;35.64;35.705;2858;2858
2026-06-08T13:04:14.0000000Z;35.63;35.705;2858;2858
2026-06-08T13:04:15.0000000Z;35.64;35.705;2858;2858
2026-06-08T13:04:30.0000000Z;35.63;35.705;2858;2858
2026-06-08T13:04:59.0000000Z;35.64;35.705;2858;2858
2026-06-08T13:05:01.0000000Z;35.64;35.705;2858;2858
2026-06-08T13:05:03.0000000Z;35.63;35.705;2858;2858
2026-06-08T13:05:33.0000000Z;35.62;35.705;2858;2858
2026-06-08T13:05:35.0000000Z;35.63;35.705;2858;2858
2026-06-08T13:05:45.0000000Z;35.62;35.705;2858;2858
2026-06-08T13:05:46.0000000Z;35.63;35.705;2858;2858
2026-06-08T13:05:49.0000000Z;35.63;35.705;2858;2858
2026-06-08T13:06:04.0000000Z;35.62;35.705;2858;2858
2026-06-08T13:06:26.0000000Z;35.63;35.705;2858;2858
2026-06-08T13:06:32.0000000Z;35.62;35.705;2858;2858
2026-06-08T13:06:47.0000000Z;35.63;35.705;2858;2858
2026-06-08T13:06:52.0000000Z;35.62;35.705;2858;2858
2026-06-08T13:07:03.0000000Z;35.63;35.705;2858;2858
2026-06-08T13:07:11.0000000Z;35.62;35.705;2858;2858
2026-06-08T13:07:41.0000000Z;35.62;35.705;2858;2858
2026-06-08T13:08:11.0000000Z;35.62;35.705;2858;2858
2026-06-08T13:08:19.0000000Z;35.63;35.705;2858;2858
2026-06-08T13:08:42.0000000Z;35.62;35.705;2858;2858
2026-06-08T13:08:47.0000000Z;35.63;35.705;2858;2858
2026-06-08T13:09:02.0000000Z;35.64;35.705;2858;2858
2026-06-08T13:09:29.0000000Z;35.63;35.705;2858;2858
2026-06-08T13:09:59.0000000Z;35.63;35.705;2858;2858
2026-06-08T13:10:21.0000000Z;35.62;35.705;2858;2858
2026-06-08T13:10:52.0000000Z;35.62;35.705;2858;2858
2026-06-08T13:11:22.0000000Z;35.62;35.705;2858;2858
2026-06-08T13:11:53.0000000Z;35.62;35.705;2858;2858
2026-06-08T13:12:23.0000000Z;35.62;35.705;2858;2858
2026-06-08T13:12:54.0000000Z;35.62;35.705;2858;2858
2026-06-08T13:13:22.0000000Z;35.63;35.705;2858;2858
2026-06-08T13:13:26.0000000Z;35.62;35.705;2858;2858
2026-06-08T13:13:57.0000000Z;35.62;35.705;2858;2858
2026-06-08T13:14:28.0000000Z;35.62;35.705;2858;2858
2026-06-08T13:14:58.0000000Z;35.62;35.705;2858;2858
2026-06-08T13:15:29.0000000Z;35.62;35.705;2858;2858
2026-06-08T13:15:59.0000000Z;35.61;35.705;2858;2858
2026-06-08T13:16:29.0000000Z;35.61;35.705;2858;2858
2026-06-08T13:17:00.0000000Z;35.61;35.705;2858;2858
2026-06-08T13:17:30.0000000Z;35.61;35.705;2858;2858
2026-06-08T13:18:01.0000000Z;35.61;35.705;2858;2858
2026-06-08T13:18:06.0000000Z;35.62;35.705;2858;2858
2026-06-08T13:18:36.0000000Z;35.62;35.705;2858;2858
2026-06-08T13:19:07.0000000Z;35.62;35.705;2858;2858
2026-06-08T13:19:37.0000000Z;35.62;35.705;2858;2858
2026-06-08T13:19:51.0000000Z;35.63;35.705;2858;2858
2026-06-08T13:20:12.0000000Z;35.64;35.705;2858;2858
2026-06-08T13:20:41.0000000Z;35.65;35.705;2858;2858
2026-06-08T13:20:52.0000000Z;35.66;35.705;2858;2858
2026-06-08T13:20:53.0000000Z;35.66;35.735;2858;2858
2026-06-08T13:21:22.0000000Z;35.66;35.735;2858;2858
2026-06-08T13:21:27.0000000Z;35.67;35.735;2858;2858
2026-06-08T13:21:36.0000000Z;35.65;35.735;2858;2858
2026-06-08T13:21:48.0000000Z;35.66;35.735;2858;2858
2026-06-08T13:22:02.0000000Z;35.67;35.735;2858;2858
2026-06-08T13:22:32.0000000Z;35.67;35.735;2858;2858
2026-06-08T13:22:51.0000000Z;35.68;35.735;2858;2858
2026-06-08T13:23:09.0000000Z;35.665;35.735;2858;2858
2026-06-08T13:23:27.0000000Z;35.655;35.735;2858;2858
2026-06-08T13:23:30.0000000Z;35.665;35.735;2858;2858
2026-06-08T13:23:37.0000000Z;35.655;35.735;2858;2858
2026-06-08T13:24:08.0000000Z;35.655;35.735;2858;2858
2026-06-08T13:24:38.0000000Z;35.655;35.735;2858;2858
2026-06-08T13:25:03.0000000Z;35.645;35.735;2858;2858
2026-06-08T13:25:06.0000000Z;35.655;35.735;2858;2858
2026-06-08T13:25:22.0000000Z;35.665;35.735;2858;2858
2026-06-08T13:25:27.0000000Z;35.65;35.735;2858;2858
2026-06-08T13:25:58.0000000Z;35.65;35.735;2858;2858
2026-06-08T13:26:04.0000000Z;35.67;35.735;2858;2858
2026-06-08T13:26:08.0000000Z;35.66;35.735;2858;2858
2026-06-08T13:26:28.0000000Z;35.65;35.735;2858;2858
2026-06-08T13:26:59.0000000Z;35.65;35.735;2858;2858
2026-06-08T13:27:05.0000000Z;35.535;35.8;2858;2858
2026-06-08T13:27:34.0000000Z;35.535;35.8;2858;2858
2026-06-08T13:28:05.0000000Z;35.535;35.8;2858;2858
2026-06-08T13:28:35.0000000Z;35.535;35.8;2858;2858
2026-06-08T13:29:06.0000000Z;35.535;35.8;2858;2858
2026-06-08T13:29:35.0000000Z;35.53;35.8;2858;2858
2026-06-08T13:29:37.0000000Z;35.535;35.8;2858;2858
2026-06-08T13:29:47.0000000Z;35.53;35.8;2858;2858
2026-06-08T13:30:05.0000000Z;35.53;35.73;2858;2858
2026-06-08T13:30:07.0000000Z;35.455;35.73;2858;2858
2026-06-08T13:30:37.0000000Z;35.455;35.73;2858;2858
2026-06-08T13:31:08.0000000Z;35.455;35.73;2858;2858
2026-06-08T13:31:38.0000000Z;35.455;35.73;2858;2858
2026-06-08T13:32:09.0000000Z;35.455;35.73;2858;2858
2026-06-08T13:32:21.0000000Z;35.46;35.73;2858;2858
2026-06-08T13:32:51.0000000Z;35.46;35.73;2858;2858
2026-06-08T13:33:12.0000000Z;35.47;35.73;2858;2858
2026-06-08T13:33:25.0000000Z;35.46;35.73;2858;2858
2026-06-08T13:33:37.0000000Z;35.455;35.73;2858;2858
2026-06-08T13:34:08.0000000Z;35.455;35.73;2858;2858
2026-06-08T13:34:27.0000000Z;35.455;35.66;2858;2858
2026-06-08T13:34:31.0000000Z;35.395;35.66;2858;2858
2026-06-08T13:34:33.0000000Z;35.39;35.66;2858;2858
2026-06-08T13:35:03.0000000Z;35.39;35.66;2858;2858
2026-06-08T13:35:34.0000000Z;35.39;35.66;2858;2858
2026-06-08T13:36:04.0000000Z;35.39;35.66;2858;2858
2026-06-08T13:36:35.0000000Z;35.39;35.66;2858;2858
2026-06-08T13:36:54.0000000Z;35.395;35.66;2858;2858
2026-06-08T13:37:24.0000000Z;35.39;35.66;2858;2858
2026-06-08T13:37:54.0000000Z;35.39;35.66;2858;2858
2026-06-08T13:38:25.0000000Z;35.39;35.66;2858;2858
2026-06-08T13:38:55.0000000Z;35.39;35.66;2858;2858
2026-06-08T13:39:26.0000000Z;35.39;35.66;2858;2858
2026-06-08T13:39:56.0000000Z;35.39;35.66;2858;2858
2026-06-08T13:40:27.0000000Z;35.39;35.66;2858;2858
2026-06-08T13:40:57.0000000Z;35.39;35.66;2858;2858
2026-06-08T13:41:11.0000000Z;35.39;35.59;2858;2858
2026-06-08T13:41:13.0000000Z;35.325;35.59;2858;2858
2026-06-08T13:41:42.0000000Z;35.325;35.59;2858;2858
2026-06-08T13:42:07.0000000Z;35.39;35.59;2858;2858
2026-06-08T13:42:11.0000000Z;35.39;35.66;2858;2858
2026-06-08T13:42:41.0000000Z;35.39;35.66;2858;2858
2026-06-08T13:43:11.0000000Z;35.39;35.66;2858;2858
2026-06-08T13:43:42.0000000Z;35.39;35.66;2858;2858
2026-06-08T13:44:12.0000000Z;35.39;35.66;2858;2858
2026-06-08T13:44:43.0000000Z;35.39;35.66;2858;2858
2026-06-08T13:45:09.0000000Z;35.395;35.66;2858;2858
2026-06-08T13:45:34.0000000Z;35.405;35.66;2858;2858
2026-06-08T13:45:47.0000000Z;35.395;35.66;2858;2858
2026-06-08T13:46:17.0000000Z;35.395;35.66;2858;2858
2026-06-08T13:46:47.0000000Z;35.395;35.66;2858;2858
2026-06-08T13:47:02.0000000Z;35.405;35.66;2858;2858
2026-06-08T13:47:20.0000000Z;35.415;35.66;2858;2858
2026-06-08T13:47:31.0000000Z;35.405;35.66;2858;2858
2026-06-08T13:47:38.0000000Z;35.415;35.66;2858;2858
2026-06-08T13:48:01.0000000Z;35.405;35.66;2858;2858
2026-06-08T13:48:04.0000000Z;35.415;35.66;2858;2858
2026-06-08T13:48:31.0000000Z;35.425;35.66;2858;2858
2026-06-08T13:48:46.0000000Z;35.415;35.66;2858;2858
2026-06-08T13:49:14.0000000Z;35.42;35.66;2858;2858
2026-06-08T13:49:31.0000000Z;35.415;35.66;2858;2858
2026-06-08T13:49:54.0000000Z;35.405;35.66;2858;2858
2026-06-08T13:49:58.0000000Z;35.415;35.66;2858;2858
2026-06-08T13:50:04.0000000Z;35.505;35.615;2858;2858
2026-06-08T13:50:07.0000000Z;35.545;35.615;2858;2858
2026-06-08T13:50:36.0000000Z;35.535;35.615;2858;2858
2026-06-08T13:50:48.0000000Z;35.525;35.615;2858;2858
2026-06-08T13:50:54.0000000Z;35.525;35.585;2858;2858
2026-06-08T13:50:56.0000000Z;35.515;35.585;2858;2858
2026-06-08T13:50:58.0000000Z;35.5;35.585;2858;2858
2026-06-08T13:50:59.0000000Z;35.51;35.585;2858;2858
2026-06-08T13:51:04.0000000Z;35.52;35.585;2858;2858
2026-06-08T13:51:06.0000000Z;35.53;35.585;2858;2858
2026-06-08T13:51:17.0000000Z;35.54;35.585;2858;2858
2026-06-08T13:51:20.0000000Z;35.53;35.585;2858;2858
2026-06-08T13:51:22.0000000Z;35.54;35.585;2858;2858
2026-06-08T13:51:33.0000000Z;35.55;35.615;2858;2858
2026-06-08T13:51:37.0000000Z;35.56;35.615;2858;2858
2026-06-08T13:51:40.0000000Z;35.55;35.615;2858;2858
2026-06-08T13:51:47.0000000Z;35.54;35.615;2858;2858
2026-06-08T13:51:49.0000000Z;35.53;35.615;2858;2858
2026-06-08T13:51:52.0000000Z;35.54;35.615;2858;2858
2026-06-08T13:51:57.0000000Z;35.55;35.615;2858;2858
2026-06-08T13:52:05.0000000Z;35.535;35.615;2858;2858
2026-06-08T13:52:06.0000000Z;35.545;35.615;2858;2858
2026-06-08T13:52:09.0000000Z;35.555;35.615;2858;2858
2026-06-08T13:52:22.0000000Z;35.565;35.615;2858;2858
2026-06-08T13:52:30.0000000Z;35.555;35.615;2858;2858
2026-06-08T13:52:41.0000000Z;35.575;35.615;2858;2858
2026-06-08T13:52:42.0000000Z;35.575;35.645;2858;2858
2026-06-08T13:52:48.0000000Z;35.555;35.645;2858;2858
2026-06-08T13:52:49.0000000Z;35.565;35.645;2858;2858
2026-06-08T13:52:53.0000000Z;35.575;35.645;2858;2858
2026-06-08T13:53:02.0000000Z;35.585;35.645;2858;2858
2026-06-08T13:53:32.0000000Z;35.585;35.645;2858;2858
2026-06-08T13:53:34.0000000Z;35.595;35.645;2858;2858
2026-06-08T13:53:55.0000000Z;35.585;35.645;2858;2858
2026-06-08T13:54:12.0000000Z;35.575;35.645;2858;2858
2026-06-08T13:54:15.0000000Z;35.59;35.645;2858;2858
2026-06-08T13:54:24.0000000Z;35.58;35.645;2858;2858
2026-06-08T13:54:25.0000000Z;35.59;35.645;2858;2858
2026-06-08T13:54:40.0000000Z;35.58;35.645;2858;2858
2026-06-08T13:54:44.0000000Z;35.57;35.645;2858;2858
2026-06-08T13:54:54.0000000Z;35.58;35.645;2858;2858
2026-06-08T13:55:12.0000000Z;35.59;35.645;2858;2858
2026-06-08T13:55:41.0000000Z;35.58;35.645;2858;2858
2026-06-08T13:55:51.0000000Z;35.57;35.645;2858;2858
2026-06-08T13:56:06.0000000Z;35.56;35.645;2858;2858
2026-06-08T13:56:15.0000000Z;35.56;35.62;2858;2858
2026-06-08T13:56:18.0000000Z;35.55;35.62;2858;2858
2026-06-08T13:56:21.0000000Z;35.555;35.62;2858;2858
2026-06-08T13:56:37.0000000Z;35.565;35.62;2858;2858
2026-06-08T13:56:42.0000000Z;35.555;35.62;2858;2858
2026-06-08T13:56:51.0000000Z;35.545;35.62;2858;2858
2026-06-08T13:56:56.0000000Z;35.555;35.62;2858;2858
2026-06-08T13:56:59.0000000Z;35.545;35.62;2858;2858
2026-06-08T13:57:13.0000000Z;35.55;35.62;2858;2858
2026-06-08T13:57:19.0000000Z;35.55;35.62;2858;2858
2026-06-08T13:57:23.0000000Z;35.54;35.62;2858;2858
2026-06-08T13:57:39.0000000Z;35.54;35.59;2858;2858
2026-06-08T13:57:45.0000000Z;35.52;35.59;2858;2858
2026-06-08T13:57:46.0000000Z;35.53;35.59;2858;2858
2026-06-08T13:58:16.0000000Z;35.54;35.59;2858;2858
2026-06-08T13:58:24.0000000Z;35.53;35.59;2858;2858
2026-06-08T13:58:30.0000000Z;35.54;35.59;2858;2858
2026-06-08T13:58:38.0000000Z;35.53;35.59;2858;2858
2026-06-08T13:58:43.0000000Z;35.54;35.59;2858;2858
2026-06-08T13:58:49.0000000Z;35.55;35.59;2858;2858
2026-06-08T13:58:51.0000000Z;35.55;35.62;2858;2858
2026-06-08T13:58:53.0000000Z;35.56;35.62;2858;2858
2026-06-08T13:59:17.0000000Z;35.55;35.62;2858;2858
2026-06-08T13:59:38.0000000Z;35.56;35.62;2858;2858
2026-06-08T13:59:50.0000000Z;35.55;35.62;2858;2858
2026-06-08T13:59:54.0000000Z;35.535;35.62;2858;2858
2026-06-08T14:00:03.0000000Z;35.545;35.62;2858;2858
2026-06-08T14:00:19.0000000Z;35.535;35.62;2858;2858
2026-06-08T14:00:26.0000000Z;35.545;35.62;2858;2858
2026-06-08T14:00:31.0000000Z;35.56;35.62;2858;2858
2026-06-08T14:00:33.0000000Z;35.57;35.62;2858;2858
2026-06-08T14:00:35.0000000Z;35.57;35.62;2858;2858
2026-06-08T14:00:37.0000000Z;35.56;35.62;2858;2858
2026-06-08T14:00:47.0000000Z;35.55;35.62;2858;2858
2026-06-08T14:00:55.0000000Z;35.56;35.62;2858;2858
2026-06-08T14:00:58.0000000Z;35.57;35.62;2858;2858
2026-06-08T14:01:05.0000000Z;35.58;35.62;2858;2858
2026-06-08T14:01:06.0000000Z;35.58;35.65;2858;2858
2026-06-08T14:01:17.0000000Z;35.59;35.65;2858;2858
2026-06-08T14:01:19.0000000Z;35.58;35.65;2858;2858
2026-06-08T14:01:21.0000000Z;35.59;35.65;2858;2858
2026-06-08T14:01:25.0000000Z;35.58;35.65;2858;2858
2026-06-08T14:01:26.0000000Z;35.59;35.65;2858;2858
2026-06-08T14:01:33.0000000Z;35.6;35.65;2858;2858
2026-06-08T14:01:40.0000000Z;35.61;35.65;2858;2858
2026-06-08T14:01:44.0000000Z;35.62;35.68;2858;2858
2026-06-08T14:01:50.0000000Z;35.63;35.68;2858;2858
2026-06-08T14:01:55.0000000Z;35.64;35.68;2858;2858
2026-06-08T14:01:58.0000000Z;35.64;35.71;2858;2858
2026-06-08T14:02:02.0000000Z;35.65;35.71;2858;2858
2026-06-08T14:02:15.0000000Z;35.64;35.71;2858;2858
2026-06-08T14:02:31.0000000Z;35.63;35.71;2858;2858
2026-06-08T14:02:32.0000000Z;35.64;35.71;2858;2858
2026-06-08T14:02:55.0000000Z;35.63;35.71;2858;2858
2026-06-08T14:03:02.0000000Z;35.62;35.71;2858;2858
2026-06-08T14:03:07.0000000Z;35.63;35.71;2858;2858
2026-06-08T14:03:12.0000000Z;35.62;35.71;2858;2858
2026-06-08T14:03:20.0000000Z;35.63;35.71;2858;2858
2026-06-08T14:03:33.0000000Z;35.64;35.71;2858;2858
2026-06-08T14:03:51.0000000Z;35.63;35.71;2858;2858
2026-06-08T14:03:55.0000000Z;35.62;35.71;2858;2858
2026-06-08T14:04:05.0000000Z;35.63;35.71;2858;2858
2026-06-08T14:04:07.0000000Z;35.62;35.71;2858;2858
2026-06-08T14:04:08.0000000Z;35.62;35.68;2858;2858
2026-06-08T14:04:15.0000000Z;35.61;35.68;2858;2858
2026-06-08T14:04:25.0000000Z;35.6;35.68;2858;2858
2026-06-08T14:04:35.0000000Z;35.61;35.68;2858;2858
2026-06-08T14:04:41.0000000Z;35.6;35.68;2858;2858
2026-06-08T14:05:02.0000000Z;35.59;35.68;2858;2858
2026-06-08T14:05:07.0000000Z;35.59;35.655;2858;2858
2026-06-08T14:05:13.0000000Z;35.6;35.655;2858;2858
2026-06-08T14:05:44.0000000Z;35.6;35.655;2858;2858
2026-06-08T14:05:48.0000000Z;35.59;35.655;2858;2858
2026-06-08T14:05:54.0000000Z;35.58;35.655;2858;2858
2026-06-08T14:05:56.0000000Z;35.59;35.655;2858;2858
2026-06-08T14:06:04.0000000Z;35.6;35.655;2858;2858
2026-06-08T14:06:23.0000000Z;35.61;35.655;2858;2858
2026-06-08T14:06:25.0000000Z;35.61;35.68;2858;2858
2026-06-08T14:06:40.0000000Z;35.605;35.68;2858;2858
2026-06-08T14:06:41.0000000Z;35.615;35.68;2858;2858
2026-06-08T14:06:52.0000000Z;35.625;35.68;2858;2858
2026-06-08T14:06:58.0000000Z;35.635;35.68;2858;2858
2026-06-08T14:07:02.0000000Z;35.625;35.68;2858;2858
2026-06-08T14:07:11.0000000Z;35.635;35.68;2858;2858
2026-06-08T14:07:24.0000000Z;35.635;35.71;2858;2858
2026-06-08T14:07:46.0000000Z;35.625;35.71;2858;2858
2026-06-08T14:08:04.0000000Z;35.64;35.71;2858;2858
2026-06-08T14:08:13.0000000Z;35.63;35.71;2858;2858
2026-06-08T14:08:24.0000000Z;35.63;35.685;2858;2858
2026-06-08T14:08:29.0000000Z;35.62;35.685;2858;2858
2026-06-08T14:08:30.0000000Z;35.63;35.685;2858;2858
2026-06-08T14:08:37.0000000Z;35.64;35.685;2858;2858
2026-06-08T14:08:38.0000000Z;35.64;35.715;2858;2858
2026-06-08T14:08:53.0000000Z;35.65;35.715;2858;2858
2026-06-08T14:09:07.0000000Z;35.66;35.715;2858;2858
2026-06-08T14:09:19.0000000Z;35.65;35.715;2858;2858
2026-06-08T14:09:24.0000000Z;35.66;35.715;2858;2858
2026-06-08T14:09:47.0000000Z;35.67;35.715;2858;2858
2026-06-08T14:09:54.0000000Z;35.66;35.715;2858;2858
2026-06-08T14:10:06.0000000Z;35.67;35.715;2858;2858
2026-06-08T14:10:20.0000000Z;35.66;35.715;2858;2858
2026-06-08T14:10:28.0000000Z;35.65;35.715;2858;2858
2026-06-08T14:10:40.0000000Z;35.64;35.715;2858;2858
2026-06-08T14:10:41.0000000Z;35.65;35.715;2858;2858
2026-06-08T14:11:02.0000000Z;35.66;35.715;2858;2858
2026-06-08T14:11:04.0000000Z;35.65;35.715;2858;2858
2026-06-08T14:11:08.0000000Z;35.66;35.715;2858;2858
2026-06-08T14:11:13.0000000Z;35.65;35.715;2858;2858
2026-06-08T14:11:23.0000000Z;35.64;35.715;2858;2858
2026-06-08T14:11:26.0000000Z;35.65;35.715;2858;2858
2026-06-08T14:11:51.0000000Z;35.66;35.715;2858;2858
2026-06-08T14:12:06.0000000Z;35.65;35.715;2858;2858
2026-06-08T14:12:10.0000000Z;35.64;35.715;2858;2858
2026-06-08T14:12:16.0000000Z;35.65;35.715;2858;2858
2026-06-08T14:12:39.0000000Z;35.64;35.715;2858;2858
2026-06-08T14:12:40.0000000Z;35.65;35.715;2858;2858
2026-06-08T14:12:47.0000000Z;35.64;35.715;2858;2858
2026-06-08T14:12:51.0000000Z;35.65;35.715;2858;2858
2026-06-08T14:13:01.0000000Z;35.64;35.715;2858;2858
2026-06-08T14:13:11.0000000Z;35.63;35.715;2858;2858
2026-06-08T14:13:12.0000000Z;35.63;35.69;2858;2858
2026-06-08T14:13:15.0000000Z;35.62;35.69;2858;2858
2026-06-08T14:13:21.0000000Z;35.63;35.69;2858;2858
2026-06-08T14:13:50.0000000Z;35.62;35.69;2858;2858
2026-06-08T14:13:52.0000000Z;35.64;35.69;2858;2858
2026-06-08T14:14:03.0000000Z;35.645;35.69;2858;2858
2026-06-08T14:14:11.0000000Z;35.635;35.715;2858;2858
2026-06-08T14:14:12.0000000Z;35.645;35.715;2858;2858
2026-06-08T14:14:37.0000000Z;35.635;35.715;2858;2858
2026-06-08T14:14:47.0000000Z;35.625;35.715;2858;2858
2026-06-08T14:15:02.0000000Z;35.625;35.69;2858;2858
2026-06-08T14:15:09.0000000Z;35.615;35.69;2858;2858
2026-06-08T14:15:18.0000000Z;35.595;35.69;2858;2858
2026-06-08T14:15:29.0000000Z;35.605;35.69;2858;2858
2026-06-08T14:15:42.0000000Z;35.605;35.66;2858;2858
2026-06-08T14:15:44.0000000Z;35.595;35.66;2858;2858
2026-06-08T14:15:52.0000000Z;35.585;35.66;2858;2858
2026-06-08T14:16:04.0000000Z;35.595;35.66;2858;2858
2026-06-08T14:16:08.0000000Z;35.605;35.66;2858;2858
2026-06-08T14:16:19.0000000Z;35.595;35.66;2858;2858
2026-06-08T14:16:21.0000000Z;35.605;35.66;2858;2858
2026-06-08T14:16:27.0000000Z;35.595;35.66;2858;2858
2026-06-08T14:16:56.0000000Z;35.595;35.66;2858;2858
2026-06-08T14:17:01.0000000Z;35.585;35.66;2858;2858
2026-06-08T14:17:10.0000000Z;35.595;35.66;2858;2858
2026-06-08T14:17:19.0000000Z;35.605;35.66;2858;2858
2026-06-08T14:17:25.0000000Z;35.595;35.66;2858;2858
2026-06-08T14:17:35.0000000Z;35.605;35.66;2858;2858
2026-06-08T14:17:42.0000000Z;35.625;35.66;2858;2858
2026-06-08T14:17:44.0000000Z;35.625;35.69;2858;2858
2026-06-08T14:17:48.0000000Z;35.615;35.69;2858;2858
2026-06-08T14:17:58.0000000Z;35.625;35.69;2858;2858
2026-06-08T14:18:09.0000000Z;35.635;35.69;2858;2858
2026-06-08T14:18:12.0000000Z;35.625;35.69;2858;2858
2026-06-08T14:18:25.0000000Z;35.615;35.69;2858;2858
2026-06-08T14:18:27.0000000Z;35.625;35.69;2858;2858
2026-06-08T14:18:37.0000000Z;35.615;35.69;2858;2858
2026-06-08T14:18:47.0000000Z;35.605;35.69;2858;2858
2026-06-08T14:18:48.0000000Z;35.615;35.69;2858;2858
2026-06-08T14:19:05.0000000Z;35.605;35.69;2858;2858
2026-06-08T14:19:18.0000000Z;35.605;35.66;2858;2858
2026-06-08T14:19:19.0000000Z;35.595;35.66;2858;2858
2026-06-08T14:19:26.0000000Z;35.605;35.66;2858;2858
2026-06-08T14:19:34.0000000Z;35.585;35.66;2858;2858
2026-06-08T14:19:44.0000000Z;35.595;35.66;2858;2858
2026-06-08T14:19:57.0000000Z;35.605;35.66;2858;2858
2026-06-08T14:20:07.0000000Z;35.615;35.66;2858;2858
2026-06-08T14:20:10.0000000Z;35.625;35.66;2858;2858
2026-06-08T14:20:11.0000000Z;35.625;35.69;2858;2858
2026-06-08T14:20:36.0000000Z;35.615;35.69;2858;2858
2026-06-08T14:20:47.0000000Z;35.605;35.69;2858;2858
2026-06-08T14:20:56.0000000Z;35.595;35.665;2858;2858
2026-06-08T14:21:01.0000000Z;35.605;35.665;2858;2858
2026-06-08T14:21:03.0000000Z;35.595;35.665;2858;2858
2026-06-08T14:21:04.0000000Z;35.605;35.665;2858;2858
2026-06-08T14:21:12.0000000Z;35.595;35.665;2858;2858
2026-06-08T14:21:22.0000000Z;35.585;35.665;2858;2858
2026-06-08T14:21:31.0000000Z;35.595;35.665;2858;2858
2026-06-08T14:21:35.0000000Z;35.605;35.665;2858;2858
2026-06-08T14:21:48.0000000Z;35.595;35.665;2858;2858
2026-06-08T14:22:07.0000000Z;35.605;35.665;2858;2858
2026-06-08T14:22:09.0000000Z;35.605;35.665;2858;2858
2026-06-08T14:22:21.0000000Z;35.585;35.665;2858;2858
2026-06-08T14:22:29.0000000Z;35.575;35.665;2858;2858
2026-06-08T14:22:33.0000000Z;35.575;35.635;2858;2858
2026-06-08T14:22:46.0000000Z;35.565;35.635;2858;2858
2026-06-08T14:22:58.0000000Z;35.575;35.635;2858;2858
2026-06-08T14:23:03.0000000Z;35.585;35.635;2858;2858
2026-06-08T14:23:05.0000000Z;35.585;35.635;2858;2858
2026-06-08T14:23:29.0000000Z;35.595;35.635;2858;2858
2026-06-08T14:23:30.0000000Z;35.585;35.635;2858;2858
2026-06-08T14:23:57.0000000Z;35.595;35.635;2858;2858
2026-06-08T14:24:00.0000000Z;35.595;35.665;2858;2858
2026-06-08T14:24:09.0000000Z;35.605;35.665;2858;2858
2026-06-08T14:24:33.0000000Z;35.595;35.665;2858;2858
2026-06-08T14:24:35.0000000Z;35.585;35.665;2858;2858
2026-06-08T14:24:36.0000000Z;35.6;35.665;2858;2858
2026-06-08T14:24:42.0000000Z;35.61;35.665;2858;2858
2026-06-08T14:24:53.0000000Z;35.615;35.665;2858;2858
2026-06-08T14:24:57.0000000Z;35.605;35.665;2858;2858
2026-06-08T14:25:01.0000000Z;35.61;35.665;2858;2858
2026-06-08T14:25:18.0000000Z;35.615;35.665;2858;2858
2026-06-08T14:25:26.0000000Z;35.61;35.665;2858;2858
2026-06-08T14:25:36.0000000Z;35.62;35.665;2858;2858
2026-06-08T14:25:42.0000000Z;35.62;35.69;2858;2858
2026-06-08T14:25:43.0000000Z;35.63;35.69;2858;2858
2026-06-08T14:25:50.0000000Z;35.625;35.69;2858;2858
2026-06-08T14:25:54.0000000Z;35.63;35.69;2858;2858
2026-06-08T14:26:14.0000000Z;35.635;35.69;2858;2858
2026-06-08T14:26:25.0000000Z;35.645;35.69;2858;2858
2026-06-08T14:26:37.0000000Z;35.64;35.69;2858;2858
2026-06-08T14:26:41.0000000Z;35.62;35.69;2858;2858
2026-06-08T14:26:44.0000000Z;35.625;35.69;2858;2858
2026-06-08T14:26:52.0000000Z;35.63;35.69;2858;2858
2026-06-08T14:27:01.0000000Z;35.635;35.69;2858;2858
2026-06-08T14:27:18.0000000Z;35.64;35.69;2858;2858
2026-06-08T14:27:22.0000000Z;35.645;35.69;2858;2858
2026-06-08T14:27:30.0000000Z;35.635;35.69;2858;2858
2026-06-08T14:27:49.0000000Z;35.64;35.69;2858;2858
2026-06-08T14:27:50.0000000Z;35.645;35.69;2858;2858
2026-06-08T14:27:54.0000000Z;35.64;35.69;2858;2858
2026-06-08T14:28:02.0000000Z;35.635;35.69;2858;2858
2026-06-08T14:28:06.0000000Z;35.625;35.69;2858;2858
2026-06-08T14:28:13.0000000Z;35.615;35.69;2858;2858
2026-06-08T14:28:23.0000000Z;35.605;35.69;2858;2858
2026-06-08T14:28:32.0000000Z;35.615;35.69;2858;2858
2026-06-08T14:28:43.0000000Z;35.62;35.69;2858;2858
2026-06-08T14:28:49.0000000Z;35.625;35.69;2858;2858
2026-06-08T14:29:00.0000000Z;35.63;35.69;2858;2858
2026-06-08T14:29:15.0000000Z;35.64;35.69;2858;2858
2026-06-08T14:29:32.0000000Z;35.645;35.69;2858;2858
2026-06-08T14:29:42.0000000Z;35.635;35.69;2858;2858
2026-06-08T14:29:50.0000000Z;35.64;35.69;2858;2858
2026-06-08T14:29:52.0000000Z;35.635;35.69;2858;2858
2026-06-08T14:30:02.0000000Z;35.63;35.69;2858;2858
2026-06-08T14:30:11.0000000Z;35.625;35.69;2858;2858
2026-06-08T14:30:12.0000000Z;35.635;35.69;2858;2858
2026-06-08T14:30:17.0000000Z;35.64;35.69;2858;2858
2026-06-08T14:30:34.0000000Z;35.645;35.69;2858;2858
2026-06-08T14:30:36.0000000Z;35.65;35.69;2858;2858
2026-06-08T14:30:39.0000000Z;35.64;35.69;2858;2858
2026-06-08T14:30:43.0000000Z;35.63;35.69;2858;2858
2026-06-08T14:30:44.0000000Z;35.635;35.69;2858;2858
2026-06-08T14:30:47.0000000Z;35.64;35.69;2858;2858
2026-06-08T14:30:51.0000000Z;35.645;35.69;2858;2858
2026-06-08T14:30:59.0000000Z;35.64;35.69;2858;2858
2026-06-08T14:31:01.0000000Z;35.635;35.69;2858;2858
2026-06-08T14:31:10.0000000Z;35.625;35.69;2858;2858
2026-06-08T14:31:11.0000000Z;35.635;35.69;2858;2858
2026-06-08T14:31:24.0000000Z;35.64;35.69;2858;2858
2026-06-08T14:31:43.0000000Z;35.645;35.69;2858;2858
2026-06-08T14:32:02.0000000Z;35.65;35.69;2858;2858
2026-06-08T14:32:03.0000000Z;35.645;35.69;2858;2858
2026-06-08T14:32:04.0000000Z;35.64;35.69;2858;2858
2026-06-08T14:32:08.0000000Z;35.645;35.69;2858;2858
2026-06-08T14:32:09.0000000Z;35.65;35.69;2858;2858
2026-06-08T14:32:23.0000000Z;35.66;35.725;2858;2858
2026-06-08T14:32:32.0000000Z;35.665;35.725;2858;2858
2026-06-08T14:32:40.0000000Z;35.67;35.725;2858;2858
2026-06-08T14:32:41.0000000Z;35.665;35.725;2858;2858
2026-06-08T14:32:43.0000000Z;35.66;35.725;2858;2858
2026-06-08T14:32:47.0000000Z;35.665;35.725;2858;2858
2026-06-08T14:32:48.0000000Z;35.67;35.725;2858;2858
2026-06-08T14:32:50.0000000Z;35.665;35.725;2858;2858
2026-06-08T14:33:11.0000000Z;35.67;35.725;2858;2858
2026-06-08T14:33:18.0000000Z;35.675;35.725;2858;2858
2026-06-08T14:33:26.0000000Z;35.665;35.725;2858;2858
2026-06-08T14:33:30.0000000Z;35.675;35.725;2858;2858
2026-06-08T14:34:00.0000000Z;35.67;35.725;2858;2858
2026-06-08T14:34:25.0000000Z;35.665;35.725;2858;2858
2026-06-08T14:34:41.0000000Z;35.66;35.725;2858;2858
2026-06-08T14:34:51.0000000Z;35.675;35.725;2858;2858
2026-06-08T14:34:58.0000000Z;35.68;35.725;2858;2858
2026-06-08T14:35:13.0000000Z;35.675;35.725;2858;2858
2026-06-08T14:35:31.0000000Z;35.68;35.725;2858;2858
2026-06-08T14:35:42.0000000Z;35.685;35.725;2858;2858
2026-06-08T14:35:44.0000000Z;35.685;35.75;2858;2858
2026-06-08T14:36:08.0000000Z;35.69;35.75;2858;2858
2026-06-08T14:36:14.0000000Z;35.68;35.75;2858;2858
2026-06-08T14:36:20.0000000Z;35.7;35.75;2858;2858
2026-06-08T14:36:38.0000000Z;35.71;35.75;2858;2858
2026-06-08T14:36:43.0000000Z;35.71;35.78;2858;2858
2026-06-08T14:36:49.0000000Z;35.705;35.78;2858;2858
2026-06-08T14:36:54.0000000Z;35.71;35.78;2858;2858
2026-06-08T14:37:07.0000000Z;35.705;35.78;2858;2858
2026-06-08T14:37:20.0000000Z;35.705;35.78;2858;2858
2026-06-08T14:37:24.0000000Z;35.7;35.78;2858;2858
2026-06-08T14:37:26.0000000Z;35.695;35.78;2858;2858
2026-06-08T14:37:32.0000000Z;35.69;35.75;2858;2858
2026-06-08T14:37:46.0000000Z;35.675;35.75;2858;2858
2026-06-08T14:38:00.0000000Z;35.68;35.75;2858;2858
2026-06-08T14:38:16.0000000Z;35.685;35.75;2858;2858
2026-06-08T14:38:18.0000000Z;35.68;35.75;2858;2858
2026-06-08T14:38:20.0000000Z;35.685;35.75;2858;2858
2026-06-08T14:38:21.0000000Z;35.69;35.75;2858;2858
2026-06-08T14:38:39.0000000Z;35.685;35.75;2858;2858
2026-06-08T14:38:51.0000000Z;35.69;35.75;2858;2858
2026-06-08T14:39:17.0000000Z;35.685;35.75;2858;2858
2026-06-08T14:39:20.0000000Z;35.69;35.75;2858;2858
2026-06-08T14:39:21.0000000Z;35.685;35.75;2858;2858
2026-06-08T14:39:22.0000000Z;35.69;35.75;2858;2858
2026-06-08T14:39:37.0000000Z;35.7;35.75;2858;2858
2026-06-08T14:39:38.0000000Z;35.705;35.75;2858;2858
2026-06-08T14:39:52.0000000Z;35.68;35.75;2858;2858
2026-06-08T14:39:53.0000000Z;35.69;35.75;2858;2858
2026-06-08T14:40:07.0000000Z;35.7;35.75;2858;2858
2026-06-08T14:40:33.0000000Z;35.69;35.75;2858;2858
2026-06-08T14:40:39.0000000Z;35.7;35.75;2858;2858
2026-06-08T14:40:44.0000000Z;35.705;35.75;2858;2858
2026-06-08T14:40:53.0000000Z;35.695;35.75;2858;2858
2026-06-08T14:41:00.0000000Z;35.685;35.75;2858;2858
2026-06-08T14:41:08.0000000Z;35.69;35.75;2858;2858
2026-06-08T14:41:16.0000000Z;35.68;35.75;2858;2858
2026-06-08T14:41:18.0000000Z;35.67;35.75;2858;2858
2026-06-08T14:41:25.0000000Z;35.68;35.75;2858;2858
2026-06-08T14:41:37.0000000Z;35.675;35.75;2858;2858
2026-06-08T14:41:39.0000000Z;35.67;35.75;2858;2858
2026-06-08T14:41:46.0000000Z;35.685;35.75;2858;2858
2026-06-08T14:41:48.0000000Z;35.675;35.75;2858;2858
2026-06-08T14:41:53.0000000Z;35.68;35.75;2858;2858
2026-06-08T14:42:01.0000000Z;35.67;35.75;2858;2858
2026-06-08T14:42:09.0000000Z;35.665;35.75;2858;2858
2026-06-08T14:42:15.0000000Z;35.66;35.72;2858;2858
2026-06-08T14:42:23.0000000Z;35.65;35.72;2858;2858
2026-06-08T14:42:46.0000000Z;35.645;35.72;2858;2858
2026-06-08T14:42:54.0000000Z;35.64;35.72;2858;2858
2026-06-08T14:43:01.0000000Z;35.65;35.72;2858;2858
2026-06-08T14:43:16.0000000Z;35.645;35.72;2858;2858
2026-06-08T14:43:46.0000000Z;35.645;35.72;2858;2858
2026-06-08T14:43:57.0000000Z;35.64;35.72;2858;2858
2026-06-08T14:44:00.0000000Z;35.645;35.72;2858;2858
2026-06-08T14:44:16.0000000Z;35.655;35.72;2858;2858
2026-06-08T14:44:44.0000000Z;35.665;35.72;2858;2858
2026-06-08T14:45:03.0000000Z;35.675;35.72;2858;2858
2026-06-08T14:45:10.0000000Z;35.675;35.75;2858;2858
2026-06-08T14:45:14.0000000Z;35.685;35.75;2858;2858
2026-06-08T14:45:18.0000000Z;35.69;35.75;2858;2858
2026-06-08T14:45:38.0000000Z;35.68;35.75;2858;2858
2026-06-08T14:45:40.0000000Z;35.69;35.75;2858;2858
2026-06-08T14:45:48.0000000Z;35.68;35.75;2858;2858
2026-06-08T14:45:49.0000000Z;35.685;35.75;2858;2858
2026-06-08T14:46:10.0000000Z;35.69;35.75;2858;2858
2026-06-08T14:46:22.0000000Z;35.695;35.75;2858;2858
2026-06-08T14:46:33.0000000Z;35.7;35.75;2858;2858
2026-06-08T14:46:40.0000000Z;35.705;35.75;2858;2858
2026-06-08T14:46:41.0000000Z;35.705;35.75;2858;2858
2026-06-08T14:46:48.0000000Z;35.715;35.75;2858;2858
2026-06-08T14:46:50.0000000Z;35.715;35.78;2858;2858
2026-06-08T14:46:58.0000000Z;35.71;35.78;2858;2858
2026-06-08T14:47:12.0000000Z;35.715;35.78;2858;2858
2026-06-08T14:47:20.0000000Z;35.71;35.78;2858;2858
2026-06-08T14:47:47.0000000Z;35.695;35.78;2858;2858
2026-06-08T14:47:49.0000000Z;35.72;35.78;2858;2858
2026-06-08T14:47:55.0000000Z;35.71;35.78;2858;2858
2026-06-08T14:48:00.0000000Z;35.705;35.78;2858;2858
2026-06-08T14:48:05.0000000Z;35.7;35.78;2858;2858
2026-06-08T14:48:15.0000000Z;35.705;35.78;2858;2858
2026-06-08T14:48:33.0000000Z;35.7;35.78;2858;2858
2026-06-08T14:48:45.0000000Z;35.7;35.75;2858;2858
2026-06-08T14:48:47.0000000Z;35.69;35.75;2858;2858
2026-06-08T14:49:15.0000000Z;35.69;35.75;2858;2858
2026-06-08T14:49:20.0000000Z;35.68;35.75;2858;2858
2026-06-08T14:49:24.0000000Z;35.69;35.75;2858;2858
2026-06-08T14:49:26.0000000Z;35.685;35.75;2858;2858
2026-06-08T14:49:30.0000000Z;35.69;35.75;2858;2858
2026-06-08T14:49:32.0000000Z;35.68;35.75;2858;2858
2026-06-08T14:49:50.0000000Z;35.685;35.75;2858;2858
2026-06-08T14:49:55.0000000Z;35.68;35.75;2858;2858
2026-06-08T14:49:59.0000000Z;35.675;35.75;2858;2858
2026-06-08T14:50:01.0000000Z;35.67;35.75;2858;2858
2026-06-08T14:50:03.0000000Z;35.675;35.75;2858;2858
2026-06-08T14:50:05.0000000Z;35.68;35.75;2858;2858
2026-06-08T14:50:09.0000000Z;35.675;35.75;2858;2858
2026-06-08T14:50:17.0000000Z;35.665;35.75;2858;2858
2026-06-08T14:50:27.0000000Z;35.67;35.75;2858;2858
2026-06-08T14:50:29.0000000Z;35.675;35.75;2858;2858
2026-06-08T14:50:30.0000000Z;35.67;35.75;2858;2858
2026-06-08T14:50:31.0000000Z;35.665;35.75;2858;2858
2026-06-08T14:50:40.0000000Z;35.665;35.72;2858;2858
2026-06-08T14:50:41.0000000Z;35.66;35.72;2858;2858
2026-06-08T14:50:42.0000000Z;35.665;35.72;2858;2858
2026-06-08T14:50:43.0000000Z;35.665;35.72;2858;2858
2026-06-08T14:50:48.0000000Z;35.67;35.72;2858;2858
2026-06-08T14:50:54.0000000Z;35.675;35.72;2858;2858
2026-06-08T14:50:55.0000000Z;35.67;35.72;2858;2858
2026-06-08T14:50:56.0000000Z;35.675;35.72;2858;2858
2026-06-08T14:50:58.0000000Z;35.67;35.72;2858;2858
2026-06-08T14:51:02.0000000Z;35.675;35.72;2858;2858
2026-06-08T14:51:08.0000000Z;35.68;35.72;2858;2858
2026-06-08T14:51:19.0000000Z;35.685;35.72;2858;2858
2026-06-08T14:51:21.0000000Z;35.685;35.75;2858;2858
2026-06-08T14:51:26.0000000Z;35.69;35.75;2858;2858
2026-06-08T14:51:35.0000000Z;35.695;35.75;2858;2858
2026-06-08T14:51:45.0000000Z;35.69;35.75;2858;2858
2026-06-08T14:51:48.0000000Z;35.695;35.75;2858;2858
2026-06-08T14:52:05.0000000Z;35.69;35.75;2858;2858
2026-06-08T14:52:06.0000000Z;35.695;35.75;2858;2858
2026-06-08T14:52:36.0000000Z;35.69;35.75;2858;2858
2026-06-08T14:52:57.0000000Z;35.695;35.75;2858;2858
2026-06-08T14:53:05.0000000Z;35.69;35.75;2858;2858
2026-06-08T14:53:07.0000000Z;35.695;35.75;2858;2858
2026-06-08T14:53:15.0000000Z;35.69;35.75;2858;2858
2026-06-08T14:53:21.0000000Z;35.685;35.75;2858;2858
2026-06-08T14:53:25.0000000Z;35.68;35.75;2858;2858
2026-06-08T14:53:34.0000000Z;35.685;35.75;2858;2858
2026-06-08T14:53:41.0000000Z;35.69;35.75;2858;2858
2026-06-08T14:53:45.0000000Z;35.685;35.75;2858;2858
2026-06-08T14:53:46.0000000Z;35.69;35.75;2858;2858
2026-06-08T14:53:54.0000000Z;35.695;35.75;2858;2858
2026-06-08T14:54:21.0000000Z;35.685;35.75;2858;2858
2026-06-08T14:54:24.0000000Z;35.695;35.75;2858;2858
2026-06-08T14:54:32.0000000Z;35.69;35.75;2858;2858
2026-06-08T14:54:35.0000000Z;35.685;35.75;2858;2858
2026-06-08T14:54:39.0000000Z;35.69;35.75;2858;2858
2026-06-08T14:54:48.0000000Z;35.685;35.75;2858;2858
2026-06-08T14:55:12.0000000Z;35.68;35.75;2858;2858
2026-06-08T14:55:15.0000000Z;35.685;35.75;2858;2858
2026-06-08T14:55:22.0000000Z;35.675;35.75;2858;2858
2026-06-08T14:55:41.0000000Z;35.68;35.75;2858;2858
2026-06-08T14:55:44.0000000Z;35.675;35.75;2858;2858
2026-06-08T14:55:50.0000000Z;35.67;35.75;2858;2858
2026-06-08T14:55:52.0000000Z;35.675;35.75;2858;2858
2026-06-08T14:56:13.0000000Z;35.67;35.75;2858;2858
2026-06-08T14:56:21.0000000Z;35.67;35.75;2858;2858
2026-06-08T14:56:25.0000000Z;35.665;35.75;2858;2858
2026-06-08T14:56:31.0000000Z;35.67;35.75;2858;2858
2026-06-08T14:56:37.0000000Z;35.665;35.75;2858;2858
2026-06-08T14:56:40.0000000Z;35.67;35.75;2858;2858
2026-06-08T14:56:44.0000000Z;35.675;35.75;2858;2858
2026-06-08T14:57:04.0000000Z;35.68;35.75;2858;2858
2026-06-08T14:57:15.0000000Z;35.675;35.75;2858;2858
2026-06-08T14:57:33.0000000Z;35.68;35.75;2858;2858
2026-06-08T14:57:37.0000000Z;35.69;35.75;2858;2858
2026-06-08T14:57:48.0000000Z;35.7;35.75;2858;2858
2026-06-08T14:58:18.0000000Z;35.7;35.75;2858;2858
2026-06-08T14:58:27.0000000Z;35.705;35.75;2858;2858
2026-06-08T14:58:41.0000000Z;35.71;35.75;2858;2858
2026-06-08T14:58:55.0000000Z;35.715;35.75;2858;2858
2026-06-08T14:59:00.0000000Z;35.715;35.78;2858;2858
2026-06-08T14:59:05.0000000Z;35.72;35.78;2858;2858
2026-06-08T14:59:20.0000000Z;35.715;35.78;2858;2858
2026-06-08T14:59:29.0000000Z;35.71;35.78;2858;2858
2026-06-08T14:59:38.0000000Z;35.715;35.78;2858;2858
