2026-06-08T08:00:24.0000000Z;33.81;33.92;754;754
2026-06-08T08:00:54.0000000Z;33.81;33.92;754;754
2026-06-08T08:01:25.0000000Z;33.81;33.92;754;754
2026-06-08T08:01:55.0000000Z;33.81;33.92;754;754
2026-06-08T08:02:26.0000000Z;33.81;33.92;754;754
2026-06-08T08:02:56.0000000Z;33.81;33.92;754;754
2026-06-08T08:03:25.0000000Z;33.81;33.905;754;754
2026-06-08T08:03:55.0000000Z;33.81;33.905;754;754
2026-06-08T08:04:25.0000000Z;33.81;33.905;754;754
2026-06-08T08:04:51.0000000Z;33.795;33.905;754;754
2026-06-08T08:05:15.0000000Z;33.795;33.905;754;754
2026-06-08T08:05:46.0000000Z;33.795;33.905;754;754
2026-06-08T08:06:16.0000000Z;33.795;33.905;754;754
2026-06-08T08:06:47.0000000Z;33.795;33.905;754;754
2026-06-08T08:07:17.0000000Z;33.795;33.905;754;754
2026-06-08T08:07:48.0000000Z;33.795;33.905;754;754
2026-06-08T08:08:18.0000000Z;33.795;33.905;754;754
2026-06-08T08:08:49.0000000Z;33.795;33.905;754;754
2026-06-08T08:09:19.0000000Z;33.795;33.905;754;754
2026-06-08T08:09:50.0000000Z;33.795;33.905;754;754
2026-06-08T08:10:20.0000000Z;33.795;33.905;754;754
2026-06-08T08:10:51.0000000Z;33.795;33.905;754;754
2026-06-08T08:11:21.0000000Z;33.795;33.905;754;754
2026-06-08T08:11:52.0000000Z;33.795;33.905;754;754
2026-06-08T08:12:22.0000000Z;33.795;33.905;754;754
2026-06-08T08:12:53.0000000Z;33.795;33.905;754;754
2026-06-08T08:13:24.0000000Z;33.795;33.905;754;754
2026-06-08T08:13:54.0000000Z;33.795;33.905;754;754
2026-06-08T08:14:25.0000000Z;33.795;33.905;754;754
2026-06-08T08:14:55.0000000Z;33.795;33.905;754;754
2026-06-08T08:15:26.0000000Z;33.795;33.905;754;754
2026-06-08T08:15:56.0000000Z;33.795;33.905;754;754
2026-06-08T08:16:27.0000000Z;33.795;33.905;754;754
2026-06-08T08:16:57.0000000Z;33.795;33.905;754;754
2026-06-08T08:17:28.0000000Z;33.795;33.905;754;754
2026-06-08T08:17:58.0000000Z;33.795;33.905;754;754
2026-06-08T08:18:29.0000000Z;33.795;33.905;754;754
2026-06-08T08:18:59.0000000Z;33.795;33.905;754;754
2026-06-08T08:19:30.0000000Z;33.795;33.905;754;754
2026-06-08T08:20:00.0000000Z;33.795;33.905;754;754
2026-06-08T08:20:31.0000000Z;33.795;33.905;754;754
2026-06-08T08:21:01.0000000Z;33.795;33.905;754;754
2026-06-08T08:21:32.0000000Z;33.795;33.905;754;754
2026-06-08T08:22:02.0000000Z;33.795;33.905;754;754
2026-06-08T08:22:33.0000000Z;33.795;33.905;754;754
2026-06-08T08:22:38.0000000Z;33.81;33.905;754;754
2026-06-08T08:23:08.0000000Z;33.81;33.905;754;754
2026-06-08T08:23:23.0000000Z;33.795;33.905;754;754
2026-06-08T08:23:53.0000000Z;33.795;33.905;754;754
2026-06-08T08:24:24.0000000Z;33.795;33.905;754;754
2026-06-08T08:24:54.0000000Z;33.795;33.905;754;754
2026-06-08T08:25:25.0000000Z;33.795;33.905;754;754
2026-06-08T08:25:55.0000000Z;33.795;33.905;754;754
2026-06-08T08:26:26.0000000Z;33.795;33.905;754;754
2026-06-08T08:26:56.0000000Z;33.795;33.905;754;754
2026-06-08T08:27:27.0000000Z;33.795;33.905;754;754
2026-06-08T08:27:57.0000000Z;33.795;33.905;754;754
2026-06-08T08:28:28.0000000Z;33.795;33.905;754;754
2026-06-08T08:28:58.0000000Z;33.795;33.905;754;754
2026-06-08T08:29:29.0000000Z;33.795;33.905;754;754
2026-06-08T08:29:59.0000000Z;33.795;33.905;754;754
2026-06-08T08:30:30.0000000Z;33.795;33.905;754;754
2026-06-08T08:31:00.0000000Z;33.795;33.905;754;754
2026-06-08T08:31:31.0000000Z;33.795;33.905;754;754
2026-06-08T08:32:02.0000000Z;33.795;33.905;754;754
2026-06-08T08:32:32.0000000Z;33.795;33.905;754;754
2026-06-08T08:33:03.0000000Z;33.795;33.905;754;754
2026-06-08T08:33:33.0000000Z;33.795;33.905;754;754
2026-06-08T08:34:04.0000000Z;33.795;33.905;754;754
2026-06-08T08:34:34.0000000Z;33.795;33.905;754;754
2026-06-08T08:35:05.0000000Z;33.795;33.905;754;754
2026-06-08T08:35:35.0000000Z;33.795;33.905;754;754
2026-06-08T08:36:06.0000000Z;33.795;33.905;754;754
2026-06-08T08:36:36.0000000Z;33.795;33.905;754;754
2026-06-08T08:37:07.0000000Z;33.795;33.905;754;754
2026-06-08T08:37:38.0000000Z;33.795;33.905;754;754
2026-06-08T08:38:08.0000000Z;33.795;33.905;754;754
2026-06-08T08:38:39.0000000Z;33.795;33.905;754;754
2026-06-08T08:39:09.0000000Z;33.795;33.905;754;754
2026-06-08T08:39:40.0000000Z;33.795;33.905;754;754
2026-06-08T08:40:10.0000000Z;33.795;33.905;754;754
2026-06-08T08:40:41.0000000Z;33.795;33.905;754;754
2026-06-08T08:41:11.0000000Z;33.795;33.905;754;754
2026-06-08T08:41:42.0000000Z;33.795;33.905;754;754
2026-06-08T08:42:12.0000000Z;33.795;33.905;754;754
2026-06-08T08:42:21.0000000Z;33.81;33.905;754;754
2026-06-08T08:42:52.0000000Z;33.81;33.905;754;754
2026-06-08T08:43:07.0000000Z;33.81;33.92;754;754
2026-06-08T08:43:38.0000000Z;33.81;33.92;754;754
2026-06-08T08:44:08.0000000Z;33.81;33.92;754;754
2026-06-08T08:44:39.0000000Z;33.81;33.92;754;754
2026-06-08T08:45:09.0000000Z;33.81;33.92;754;754
2026-06-08T08:45:21.0000000Z;33.81;33.905;754;754
2026-06-08T08:45:43.0000000Z;33.795;33.905;754;754
2026-06-08T08:46:13.0000000Z;33.795;33.905;754;754
2026-06-08T08:46:44.0000000Z;33.795;33.905;754;754
2026-06-08T08:47:14.0000000Z;33.795;33.905;754;754
2026-06-08T08:47:45.0000000Z;33.795;33.905;754;754
2026-06-08T08:48:15.0000000Z;33.795;33.905;754;754
2026-06-08T08:48:46.0000000Z;33.795;33.905;754;754
2026-06-08T08:49:05.0000000Z;33.81;33.905;754;754
2026-06-08T08:49:36.0000000Z;33.81;33.905;754;754
2026-06-08T08:50:06.0000000Z;33.81;33.905;754;754
2026-06-08T08:50:22.0000000Z;33.81;33.92;754;754
2026-06-08T08:50:53.0000000Z;33.81;33.92;754;754
2026-06-08T08:51:24.0000000Z;33.81;33.92;754;754
2026-06-08T08:51:54.0000000Z;33.81;33.92;754;754
2026-06-08T08:51:59.0000000Z;33.81;33.905;754;754
2026-06-08T08:52:30.0000000Z;33.81;33.905;754;754
2026-06-08T08:53:00.0000000Z;33.81;33.905;754;754
2026-06-08T08:53:23.0000000Z;33.81;33.92;754;754
2026-06-08T08:53:53.0000000Z;33.81;33.92;754;754
2026-06-08T08:54:24.0000000Z;33.81;33.92;754;754
2026-06-08T08:54:54.0000000Z;33.81;33.92;754;754
2026-06-08T08:55:25.0000000Z;33.81;33.92;754;754
2026-06-08T08:55:56.0000000Z;33.81;33.92;754;754
2026-06-08T08:56:26.0000000Z;33.81;33.92;754;754
2026-06-08T08:56:57.0000000Z;33.81;33.92;754;754
2026-06-08T08:57:27.0000000Z;33.81;33.92;754;754
2026-06-08T08:57:58.0000000Z;33.81;33.92;754;754
2026-06-08T08:58:28.0000000Z;33.81;33.92;754;754
2026-06-08T08:58:59.0000000Z;33.81;33.92;754;754
2026-06-08T08:59:29.0000000Z;33.81;33.92;754;754
2026-06-08T09:00:00.0000000Z;33.81;33.92;754;754
2026-06-08T09:00:30.0000000Z;33.81;33.92;754;754
2026-06-08T09:01:01.0000000Z;33.81;33.92;754;754
2026-06-08T09:01:31.0000000Z;33.81;33.92;754;754
2026-06-08T09:02:02.0000000Z;33.81;33.92;754;754
2026-06-08T09:02:32.0000000Z;33.81;33.92;754;754
2026-06-08T09:03:03.0000000Z;33.81;33.92;754;754
2026-06-08T09:03:33.0000000Z;33.81;33.92;754;754
2026-06-08T09:04:04.0000000Z;33.81;33.92;754;754
2026-06-08T09:04:35.0000000Z;33.81;33.92;754;754
2026-06-08T09:05:05.0000000Z;33.81;33.92;754;754
2026-06-08T09:05:36.0000000Z;33.81;33.92;754;754
2026-06-08T09:06:06.0000000Z;33.81;33.92;754;754
2026-06-08T09:06:37.0000000Z;33.81;33.92;754;754
2026-06-08T09:07:07.0000000Z;33.81;33.92;754;754
2026-06-08T09:07:38.0000000Z;33.81;33.92;754;754
2026-06-08T09:08:08.0000000Z;33.81;33.92;754;754
2026-06-08T09:08:39.0000000Z;33.81;33.92;754;754
2026-06-08T09:09:10.0000000Z;33.81;33.92;754;754
2026-06-08T09:09:40.0000000Z;33.81;33.92;754;754
2026-06-08T09:10:11.0000000Z;33.81;33.92;754;754
2026-06-08T09:10:41.0000000Z;33.81;33.92;754;754
2026-06-08T09:11:12.0000000Z;33.81;33.92;754;754
2026-06-08T09:11:42.0000000Z;33.81;33.92;754;754
2026-06-08T09:12:13.0000000Z;33.81;33.92;754;754
2026-06-08T09:12:44.0000000Z;33.81;33.92;754;754
2026-06-08T09:12:48.0000000Z;33.825;33.92;754;754
2026-06-08T09:13:18.0000000Z;33.825;33.92;754;754
2026-06-08T09:13:21.0000000Z;33.825;33.935;754;754
2026-06-08T09:13:52.0000000Z;33.825;33.935;754;754
2026-06-08T09:14:22.0000000Z;33.825;33.935;754;754
2026-06-08T09:14:53.0000000Z;33.825;33.935;754;754
2026-06-08T09:15:23.0000000Z;33.825;33.935;754;754
2026-06-08T09:15:54.0000000Z;33.825;33.935;754;754
2026-06-08T09:16:25.0000000Z;33.825;33.935;754;754
2026-06-08T09:16:55.0000000Z;33.825;33.935;754;754
2026-06-08T09:17:26.0000000Z;33.825;33.935;754;754
2026-06-08T09:17:56.0000000Z;33.825;33.935;754;754
2026-06-08T09:18:27.0000000Z;33.825;33.935;754;754
2026-06-08T09:18:57.0000000Z;33.825;33.935;754;754
2026-06-08T09:19:28.0000000Z;33.825;33.935;754;754
2026-06-08T09:19:58.0000000Z;33.825;33.935;754;754
2026-06-08T09:20:29.0000000Z;33.825;33.935;754;754
2026-06-08T09:21:00.0000000Z;33.825;33.935;754;754
2026-06-08T09:21:30.0000000Z;33.825;33.935;754;754
2026-06-08T09:22:01.0000000Z;33.825;33.935;754;754
2026-06-08T09:22:21.0000000Z;33.84;33.935;754;754
2026-06-08T09:22:51.0000000Z;33.84;33.935;754;754
2026-06-08T09:23:22.0000000Z;33.84;33.935;754;754
2026-06-08T09:23:53.0000000Z;33.84;33.935;754;754
2026-06-08T09:24:23.0000000Z;33.84;33.935;754;754
2026-06-08T09:24:54.0000000Z;33.84;33.935;754;754
2026-06-08T09:25:24.0000000Z;33.84;33.935;754;754
2026-06-08T09:25:55.0000000Z;33.84;33.935;754;754
2026-06-08T09:26:25.0000000Z;33.84;33.935;754;754
2026-06-08T09:26:56.0000000Z;33.84;33.935;754;754
2026-06-08T09:27:23.0000000Z;33.84;33.95;754;754
2026-06-08T09:27:53.0000000Z;33.84;33.95;754;754
2026-06-08T09:28:24.0000000Z;33.84;33.95;754;754
2026-06-08T09:28:54.0000000Z;33.84;33.95;754;754
2026-06-08T09:29:25.0000000Z;33.84;33.95;754;754
2026-06-08T09:29:56.0000000Z;33.84;33.95;754;754
2026-06-08T09:30:26.0000000Z;33.84;33.95;754;754
2026-06-08T09:30:57.0000000Z;33.84;33.95;754;754
2026-06-08T09:31:27.0000000Z;33.84;33.95;754;754
2026-06-08T09:31:58.0000000Z;33.84;33.95;754;754
2026-06-08T09:32:28.0000000Z;33.84;33.95;754;754
2026-06-08T09:32:59.0000000Z;33.84;33.95;754;754
2026-06-08T09:33:29.0000000Z;33.84;33.95;754;754
2026-06-08T09:34:00.0000000Z;33.84;33.95;754;754
2026-06-08T09:34:30.0000000Z;33.84;33.95;754;754
2026-06-08T09:35:01.0000000Z;33.84;33.95;754;754
2026-06-08T09:35:32.0000000Z;33.84;33.95;754;754
2026-06-08T09:36:02.0000000Z;33.84;33.95;754;754
2026-06-08T09:36:33.0000000Z;33.84;33.95;754;754
2026-06-08T09:36:41.0000000Z;33.855;33.95;754;754
2026-06-08T09:36:42.0000000Z;33.855;33.965;754;754
2026-06-08T09:37:11.0000000Z;33.855;33.965;754;754
2026-06-08T09:37:22.0000000Z;33.855;33.945;754;754
2026-06-08T09:37:24.0000000Z;33.84;33.945;754;754
2026-06-08T09:37:55.0000000Z;33.84;33.945;754;754
2026-06-08T09:38:23.0000000Z;33.825;33.945;754;754
2026-06-08T09:38:53.0000000Z;33.825;33.945;754;754
2026-06-08T09:39:06.0000000Z;33.825;33.93;754;754
2026-06-08T09:39:37.0000000Z;33.825;33.93;754;754
2026-06-08T09:40:07.0000000Z;33.825;33.93;754;754
2026-06-08T09:40:38.0000000Z;33.825;33.93;754;754
2026-06-08T09:41:08.0000000Z;33.825;33.93;754;754
2026-06-08T09:41:21.0000000Z;33.825;33.945;754;754
2026-06-08T09:41:52.0000000Z;33.825;33.945;754;754
2026-06-08T09:42:22.0000000Z;33.825;33.945;754;754
2026-06-08T09:42:40.0000000Z;33.84;33.945;754;754
2026-06-08T09:43:10.0000000Z;33.84;33.945;754;754
2026-06-08T09:43:41.0000000Z;33.84;33.945;754;754
2026-06-08T09:44:11.0000000Z;33.84;33.945;754;754
2026-06-08T09:44:42.0000000Z;33.84;33.945;754;754
2026-06-08T09:45:12.0000000Z;33.84;33.945;754;754
2026-06-08T09:45:43.0000000Z;33.84;33.945;754;754
2026-06-08T09:46:14.0000000Z;33.84;33.945;754;754
2026-06-08T09:46:44.0000000Z;33.84;33.945;754;754
2026-06-08T09:47:15.0000000Z;33.84;33.945;754;754
2026-06-08T09:47:45.0000000Z;33.84;33.945;754;754
2026-06-08T09:48:16.0000000Z;33.84;33.945;754;754
2026-06-08T09:48:46.0000000Z;33.84;33.945;754;754
2026-06-08T09:49:17.0000000Z;33.84;33.945;754;754
2026-06-08T09:49:47.0000000Z;33.84;33.945;754;754
2026-06-08T09:50:18.0000000Z;33.84;33.945;754;754
2026-06-08T09:50:48.0000000Z;33.84;33.945;754;754
2026-06-08T09:51:19.0000000Z;33.84;33.945;754;754
2026-06-08T09:51:49.0000000Z;33.84;33.945;754;754
2026-06-08T09:52:20.0000000Z;33.84;33.945;754;754
2026-06-08T09:52:51.0000000Z;33.84;33.945;754;754
2026-06-08T09:53:21.0000000Z;33.84;33.945;754;754
2026-06-08T09:53:52.0000000Z;33.84;33.945;754;754
2026-06-08T09:54:22.0000000Z;33.84;33.945;754;754
2026-06-08T09:54:53.0000000Z;33.84;33.945;754;754
2026-06-08T09:55:24.0000000Z;33.84;33.945;754;754
2026-06-08T09:55:54.0000000Z;33.84;33.945;754;754
2026-06-08T09:56:21.0000000Z;33.84;33.93;754;754
2026-06-08T09:56:23.0000000Z;33.825;33.93;754;754
2026-06-08T09:56:52.0000000Z;33.825;33.93;754;754
2026-06-08T09:57:23.0000000Z;33.825;33.93;754;754
2026-06-08T09:57:53.0000000Z;33.825;33.93;754;754
2026-06-08T09:58:24.0000000Z;33.825;33.93;754;754
2026-06-08T09:58:54.0000000Z;33.825;33.93;754;754
2026-06-08T09:59:25.0000000Z;33.825;33.93;754;754
2026-06-08T09:59:55.0000000Z;33.825;33.93;754;754
2026-06-08T10:00:26.0000000Z;33.825;33.93;754;754
2026-06-08T10:00:57.0000000Z;33.825;33.93;754;754
2026-06-08T10:01:27.0000000Z;33.825;33.93;754;754
2026-06-08T10:01:58.0000000Z;33.825;33.93;754;754
2026-06-08T10:02:28.0000000Z;33.825;33.93;754;754
2026-06-08T10:02:59.0000000Z;33.825;33.93;754;754
2026-06-08T10:03:29.0000000Z;33.825;33.93;754;754
2026-06-08T10:04:00.0000000Z;33.825;33.93;754;754
2026-06-08T10:04:30.0000000Z;33.825;33.93;754;754
2026-06-08T10:05:01.0000000Z;33.825;33.93;754;754
2026-06-08T10:05:31.0000000Z;33.825;33.93;754;754
2026-06-08T10:06:02.0000000Z;33.825;33.93;754;754
2026-06-08T10:06:33.0000000Z;33.825;33.93;754;754
2026-06-08T10:07:03.0000000Z;33.825;33.93;754;754
2026-06-08T10:07:34.0000000Z;33.825;33.93;754;754
2026-06-08T10:08:04.0000000Z;33.825;33.93;754;754
2026-06-08T10:08:35.0000000Z;33.825;33.93;754;754
2026-06-08T10:09:05.0000000Z;33.825;33.93;754;754
2026-06-08T10:09:36.0000000Z;33.825;33.93;754;754
2026-06-08T10:10:06.0000000Z;33.825;33.93;754;754
2026-06-08T10:10:37.0000000Z;33.825;33.93;754;754
2026-06-08T10:11:07.0000000Z;33.825;33.93;754;754
2026-06-08T10:11:38.0000000Z;33.825;33.93;754;754
2026-06-08T10:12:08.0000000Z;33.825;33.93;754;754
2026-06-08T10:12:39.0000000Z;33.825;33.93;754;754
2026-06-08T10:13:09.0000000Z;33.825;33.93;754;754
2026-06-08T10:13:40.0000000Z;33.825;33.93;754;754
2026-06-08T10:14:11.0000000Z;33.825;33.93;754;754
2026-06-08T10:14:13.0000000Z;33.81;33.93;754;754
2026-06-08T10:14:43.0000000Z;33.81;33.93;754;754
2026-06-08T10:15:14.0000000Z;33.81;33.93;754;754
2026-06-08T10:15:44.0000000Z;33.81;33.93;754;754
2026-06-08T10:16:15.0000000Z;33.81;33.93;754;754
2026-06-08T10:16:45.0000000Z;33.81;33.93;754;754
2026-06-08T10:16:58.0000000Z;33.81;33.915;754;754
2026-06-08T10:17:28.0000000Z;33.81;33.915;754;754
2026-06-08T10:17:59.0000000Z;33.81;33.915;754;754
2026-06-08T10:18:29.0000000Z;33.81;33.915;754;754
2026-06-08T10:19:00.0000000Z;33.81;33.915;754;754
2026-06-08T10:19:30.0000000Z;33.81;33.915;754;754
2026-06-08T10:20:01.0000000Z;33.81;33.915;754;754
2026-06-08T10:20:31.0000000Z;33.81;33.915;754;754
2026-06-08T10:21:02.0000000Z;33.81;33.915;754;754
2026-06-08T10:21:32.0000000Z;33.81;33.915;754;754
2026-06-08T10:22:03.0000000Z;33.81;33.915;754;754
2026-06-08T10:22:33.0000000Z;33.81;33.915;754;754
2026-06-08T10:22:47.0000000Z;33.795;33.915;754;754
2026-06-08T10:22:52.0000000Z;33.795;33.9;754;754
2026-06-08T10:23:23.0000000Z;33.795;33.9;754;754
2026-06-08T10:23:54.0000000Z;33.795;33.9;754;754
2026-06-08T10:24:24.0000000Z;33.795;33.9;754;754
2026-06-08T10:24:55.0000000Z;33.795;33.9;754;754
2026-06-08T10:25:26.0000000Z;33.795;33.9;754;754
2026-06-08T10:25:56.0000000Z;33.795;33.9;754;754
2026-06-08T10:26:27.0000000Z;33.795;33.9;754;754
2026-06-08T10:26:57.0000000Z;33.795;33.9;754;754
2026-06-08T10:27:28.0000000Z;33.795;33.9;754;754
2026-06-08T10:27:58.0000000Z;33.795;33.9;754;754
2026-06-08T10:28:29.0000000Z;33.795;33.9;754;754
2026-06-08T10:28:59.0000000Z;33.795;33.9;754;754
2026-06-08T10:29:24.0000000Z;33.795;33.915;754;754
2026-06-08T10:29:55.0000000Z;33.795;33.915;754;754
2026-06-08T10:30:26.0000000Z;33.795;33.915;754;754
2026-06-08T10:30:57.0000000Z;33.795;33.915;754;754
2026-06-08T10:31:27.0000000Z;33.795;33.915;754;754
2026-06-08T10:31:58.0000000Z;33.795;33.915;754;754
2026-06-08T10:32:28.0000000Z;33.795;33.915;754;754
2026-06-08T10:32:59.0000000Z;33.795;33.915;754;754
2026-06-08T10:33:29.0000000Z;33.795;33.915;754;754
2026-06-08T10:34:00.0000000Z;33.795;33.915;754;754
2026-06-08T10:34:11.0000000Z;33.81;33.915;754;754
2026-06-08T10:34:19.0000000Z;33.81;33.93;754;754
2026-06-08T10:34:23.0000000Z;33.81;33.905;754;754
2026-06-08T10:34:29.0000000Z;33.795;33.905;754;754
2026-06-08T10:34:56.0000000Z;33.795;33.905;754;754
2026-06-08T10:35:20.0000000Z;33.775;33.92;754;754
2026-06-08T10:35:50.0000000Z;33.775;33.92;754;754
2026-06-08T10:36:21.0000000Z;33.775;33.92;754;754
2026-06-08T10:36:52.0000000Z;33.775;33.92;754;754
2026-06-08T10:37:22.0000000Z;33.775;33.92;754;754
2026-06-08T10:37:53.0000000Z;33.775;33.92;754;754
2026-06-08T10:38:23.0000000Z;33.775;33.92;754;754
2026-06-08T10:38:42.0000000Z;33.79;33.92;754;754
2026-06-08T10:39:13.0000000Z;33.79;33.92;754;754
2026-06-08T10:39:44.0000000Z;33.79;33.92;754;754
2026-06-08T10:40:14.0000000Z;33.79;33.92;754;754
2026-06-08T10:40:45.0000000Z;33.79;33.92;754;754
2026-06-08T10:40:46.0000000Z;33.79;33.935;754;754
2026-06-08T10:41:17.0000000Z;33.79;33.935;754;754
2026-06-08T10:41:47.0000000Z;33.79;33.935;754;754
2026-06-08T10:42:18.0000000Z;33.79;33.935;754;754
2026-06-08T10:42:48.0000000Z;33.79;33.935;754;754
2026-06-08T10:43:19.0000000Z;33.79;33.935;754;754
2026-06-08T10:43:50.0000000Z;33.79;33.935;754;754
2026-06-08T10:44:20.0000000Z;33.79;33.935;754;754
2026-06-08T10:44:51.0000000Z;33.79;33.935;754;754
2026-06-08T10:45:21.0000000Z;33.79;33.935;754;754
2026-06-08T10:45:36.0000000Z;33.79;33.92;754;754
2026-06-08T10:46:06.0000000Z;33.79;33.92;754;754
2026-06-08T10:46:37.0000000Z;33.79;33.92;754;754
2026-06-08T10:47:07.0000000Z;33.79;33.92;754;754
2026-06-08T10:47:19.0000000Z;33.775;33.92;754;754
2026-06-08T10:47:49.0000000Z;33.775;33.92;754;754
2026-06-08T10:48:20.0000000Z;33.775;33.92;754;754
2026-06-08T10:48:50.0000000Z;33.775;33.92;754;754
2026-06-08T10:49:21.0000000Z;33.775;33.92;754;754
2026-06-08T10:49:51.0000000Z;33.775;33.92;754;754
2026-06-08T10:50:22.0000000Z;33.775;33.92;754;754
2026-06-08T10:50:53.0000000Z;33.775;33.92;754;754
2026-06-08T10:51:23.0000000Z;33.775;33.92;754;754
2026-06-08T10:51:54.0000000Z;33.775;33.92;754;754
2026-06-08T10:52:24.0000000Z;33.775;33.92;754;754
2026-06-08T10:52:55.0000000Z;33.775;33.92;754;754
2026-06-08T10:53:25.0000000Z;33.775;33.92;754;754
2026-06-08T10:53:56.0000000Z;33.775;33.92;754;754
2026-06-08T10:54:26.0000000Z;33.775;33.92;754;754
2026-06-08T10:54:57.0000000Z;33.775;33.92;754;754
2026-06-08T10:55:28.0000000Z;33.775;33.92;754;754
2026-06-08T10:55:58.0000000Z;33.775;33.92;754;754
2026-06-08T10:56:29.0000000Z;33.775;33.92;754;754
2026-06-08T10:56:59.0000000Z;33.775;33.92;754;754
2026-06-08T10:57:30.0000000Z;33.775;33.92;754;754
2026-06-08T10:58:01.0000000Z;33.775;33.92;754;754
2026-06-08T10:58:31.0000000Z;33.775;33.92;754;754
2026-06-08T10:59:02.0000000Z;33.775;33.92;754;754
2026-06-08T10:59:32.0000000Z;33.775;33.92;754;754
2026-06-08T10:59:48.0000000Z;33.775;33.94;754;754
2026-06-08T10:59:50.0000000Z;33.76;33.94;754;754
2026-06-08T11:00:20.0000000Z;33.76;33.94;754;754
2026-06-08T11:00:31.0000000Z;33.775;33.92;754;754
2026-06-08T11:00:56.0000000Z;33.79;33.9;754;754
2026-06-08T11:01:27.0000000Z;33.79;33.9;754;754
2026-06-08T11:01:57.0000000Z;33.79;33.9;754;754
2026-06-08T11:02:28.0000000Z;33.79;33.9;754;754
2026-06-08T11:02:58.0000000Z;33.79;33.9;754;754
2026-06-08T11:03:29.0000000Z;33.79;33.9;754;754
2026-06-08T11:04:00.0000000Z;33.79;33.9;754;754
2026-06-08T11:04:30.0000000Z;33.79;33.9;754;754
2026-06-08T11:05:01.0000000Z;33.79;33.9;754;754
2026-06-08T11:05:32.0000000Z;33.79;33.9;754;754
2026-06-08T11:06:02.0000000Z;33.79;33.9;754;754
2026-06-08T11:06:33.0000000Z;33.79;33.9;754;754
2026-06-08T11:07:03.0000000Z;33.79;33.9;754;754
2026-06-08T11:07:34.0000000Z;33.79;33.9;754;754
2026-06-08T11:08:05.0000000Z;33.79;33.9;754;754
2026-06-08T11:08:35.0000000Z;33.79;33.9;754;754
2026-06-08T11:09:06.0000000Z;33.79;33.9;754;754
2026-06-08T11:09:37.0000000Z;33.79;33.9;754;754
2026-06-08T11:10:07.0000000Z;33.79;33.9;754;754
2026-06-08T11:10:38.0000000Z;33.79;33.9;754;754
2026-06-08T11:10:49.0000000Z;33.79;33.82;754;754
2026-06-08T11:10:53.0000000Z;33.805;33.82;754;754
2026-06-08T11:11:05.0000000Z;33.82;33.85;754;754
2026-06-08T11:11:07.0000000Z;33.82;33.93;754;754
2026-06-08T11:11:09.0000000Z;33.82;33.925;754;754
2026-06-08T11:11:23.0000000Z;33.795;33.905;754;754
2026-06-08T11:11:54.0000000Z;33.795;33.905;754;754
2026-06-08T11:12:24.0000000Z;33.795;33.905;754;754
2026-06-08T11:12:55.0000000Z;33.795;33.905;754;754
2026-06-08T11:13:13.0000000Z;33.81;33.915;754;754
2026-06-08T11:13:15.0000000Z;33.81;33.92;754;754
2026-06-08T11:13:46.0000000Z;33.81;33.92;754;754
2026-06-08T11:14:16.0000000Z;33.81;33.92;754;754
2026-06-08T11:14:47.0000000Z;33.81;33.92;754;754
2026-06-08T11:15:04.0000000Z;33.825;33.92;754;754
2026-06-08T11:15:24.0000000Z;33.81;33.92;754;754
2026-06-08T11:15:50.0000000Z;33.79;33.935;754;754
2026-06-08T11:16:21.0000000Z;33.79;33.935;754;754
2026-06-08T11:16:51.0000000Z;33.79;33.935;754;754
2026-06-08T11:17:08.0000000Z;33.79;33.92;754;754
2026-06-08T11:17:39.0000000Z;33.79;33.92;754;754
2026-06-08T11:18:09.0000000Z;33.79;33.92;754;754
2026-06-08T11:18:40.0000000Z;33.79;33.92;754;754
2026-06-08T11:19:11.0000000Z;33.79;33.92;754;754
2026-06-08T11:19:41.0000000Z;33.79;33.92;754;754
2026-06-08T11:19:55.0000000Z;33.79;33.935;754;754
2026-06-08T11:20:21.0000000Z;33.79;33.91;754;754
2026-06-08T11:20:23.0000000Z;33.77;33.91;754;754
2026-06-08T11:20:53.0000000Z;33.77;33.91;754;754
2026-06-08T11:21:23.0000000Z;33.77;33.91;754;754
2026-06-08T11:21:54.0000000Z;33.77;33.91;754;754
2026-06-08T11:22:24.0000000Z;33.77;33.91;754;754
2026-06-08T11:22:55.0000000Z;33.77;33.91;754;754
2026-06-08T11:23:25.0000000Z;33.77;33.91;754;754
2026-06-08T11:23:56.0000000Z;33.77;33.91;754;754
2026-06-08T11:24:27.0000000Z;33.77;33.91;754;754
2026-06-08T11:24:57.0000000Z;33.77;33.91;754;754
2026-06-08T11:25:28.0000000Z;33.77;33.91;754;754
2026-06-08T11:25:58.0000000Z;33.77;33.91;754;754
2026-06-08T11:26:29.0000000Z;33.77;33.91;754;754
2026-06-08T11:26:48.0000000Z;33.77;33.925;754;754
2026-06-08T11:26:49.0000000Z;33.785;33.925;754;754
2026-06-08T11:27:20.0000000Z;33.785;33.925;754;754
2026-06-08T11:27:50.0000000Z;33.785;33.925;754;754
2026-06-08T11:28:21.0000000Z;33.785;33.925;754;754
2026-06-08T11:28:51.0000000Z;33.785;33.925;754;754
2026-06-08T11:29:22.0000000Z;33.785;33.925;754;754
2026-06-08T11:29:52.0000000Z;33.785;33.925;754;754
2026-06-08T11:30:23.0000000Z;33.785;33.925;754;754
2026-06-08T11:30:53.0000000Z;33.785;33.925;754;754
2026-06-08T11:31:24.0000000Z;33.785;33.925;754;754
2026-06-08T11:31:54.0000000Z;33.785;33.925;754;754
2026-06-08T11:32:25.0000000Z;33.77;33.925;754;754
2026-06-08T11:32:56.0000000Z;33.77;33.925;754;754
2026-06-08T11:33:02.0000000Z;33.77;33.91;754;754
2026-06-08T11:33:32.0000000Z;33.77;33.91;754;754
2026-06-08T11:34:03.0000000Z;33.77;33.91;754;754
2026-06-08T11:34:33.0000000Z;33.77;33.91;754;754
2026-06-08T11:35:04.0000000Z;33.77;33.91;754;754
2026-06-08T11:35:34.0000000Z;33.77;33.91;754;754
2026-06-08T11:36:05.0000000Z;33.77;33.91;754;754
2026-06-08T11:36:35.0000000Z;33.77;33.91;754;754
2026-06-08T11:37:06.0000000Z;33.77;33.91;754;754
2026-06-08T11:37:21.0000000Z;33.785;33.91;754;754
2026-06-08T11:37:22.0000000Z;33.785;33.925;754;754
2026-06-08T11:37:52.0000000Z;33.785;33.925;754;754
2026-06-08T11:38:22.0000000Z;33.785;33.925;754;754
2026-06-08T11:38:53.0000000Z;33.785;33.925;754;754
2026-06-08T11:39:23.0000000Z;33.785;33.925;754;754
2026-06-08T11:39:54.0000000Z;33.785;33.925;754;754
2026-06-08T11:40:24.0000000Z;33.785;33.925;754;754
2026-06-08T11:40:55.0000000Z;33.785;33.925;754;754
2026-06-08T11:41:25.0000000Z;33.785;33.925;754;754
2026-06-08T11:41:56.0000000Z;33.785;33.925;754;754
2026-06-08T11:42:27.0000000Z;33.785;33.925;754;754
2026-06-08T11:42:57.0000000Z;33.785;33.925;754;754
2026-06-08T11:43:28.0000000Z;33.785;33.925;754;754
2026-06-08T11:43:58.0000000Z;33.785;33.925;754;754
2026-06-08T11:44:29.0000000Z;33.785;33.925;754;754
2026-06-08T11:44:59.0000000Z;33.785;33.925;754;754
2026-06-08T11:45:30.0000000Z;33.785;33.925;754;754
2026-06-08T11:46:00.0000000Z;33.785;33.925;754;754
2026-06-08T11:46:31.0000000Z;33.785;33.925;754;754
2026-06-08T11:47:01.0000000Z;33.785;33.925;754;754
2026-06-08T11:47:32.0000000Z;33.785;33.925;754;754
2026-06-08T11:48:02.0000000Z;33.785;33.925;754;754
2026-06-08T11:48:33.0000000Z;33.785;33.925;754;754
2026-06-08T11:49:03.0000000Z;33.785;33.925;754;754
2026-06-08T11:49:34.0000000Z;33.785;33.925;754;754
2026-06-08T11:50:05.0000000Z;33.785;33.925;754;754
2026-06-08T11:50:35.0000000Z;33.785;33.925;754;754
2026-06-08T11:51:06.0000000Z;33.785;33.925;754;754
2026-06-08T11:51:36.0000000Z;33.785;33.925;754;754
2026-06-08T11:52:07.0000000Z;33.785;33.925;754;754
2026-06-08T11:52:37.0000000Z;33.785;33.925;754;754
2026-06-08T11:53:08.0000000Z;33.785;33.925;754;754
2026-06-08T11:53:38.0000000Z;33.785;33.925;754;754
2026-06-08T11:54:09.0000000Z;33.785;33.925;754;754
2026-06-08T11:54:40.0000000Z;33.785;33.925;754;754
2026-06-08T11:55:10.0000000Z;33.785;33.925;754;754
2026-06-08T11:55:41.0000000Z;33.785;33.925;754;754
2026-06-08T11:56:11.0000000Z;33.785;33.925;754;754
2026-06-08T11:56:42.0000000Z;33.785;33.925;754;754
2026-06-08T11:57:12.0000000Z;33.785;33.925;754;754
2026-06-08T11:57:22.0000000Z;33.77;33.925;754;754
2026-06-08T11:57:53.0000000Z;33.77;33.925;754;754
2026-06-08T11:58:24.0000000Z;33.77;33.925;754;754
2026-06-08T11:58:54.0000000Z;33.77;33.925;754;754
2026-06-08T11:59:25.0000000Z;33.77;33.925;754;754
2026-06-08T11:59:55.0000000Z;33.77;33.925;754;754
2026-06-08T12:00:26.0000000Z;33.77;33.925;754;754
2026-06-08T12:00:53.0000000Z;33.785;33.925;754;754
2026-06-08T12:01:24.0000000Z;33.785;33.925;754;754
2026-06-08T12:01:37.0000000Z;33.785;33.91;754;754
2026-06-08T12:01:42.0000000Z;33.77;33.91;754;754
2026-06-08T12:02:10.0000000Z;33.77;33.91;754;754
2026-06-08T12:02:40.0000000Z;33.77;33.91;754;754
2026-06-08T12:03:11.0000000Z;33.77;33.91;754;754
2026-06-08T12:03:41.0000000Z;33.77;33.91;754;754
2026-06-08T12:04:12.0000000Z;33.77;33.91;754;754
2026-06-08T12:04:42.0000000Z;33.77;33.91;754;754
2026-06-08T12:05:13.0000000Z;33.77;33.91;754;754
2026-06-08T12:05:43.0000000Z;33.77;33.91;754;754
2026-06-08T12:06:14.0000000Z;33.77;33.91;754;754
2026-06-08T12:06:44.0000000Z;33.77;33.91;754;754
2026-06-08T12:07:15.0000000Z;33.77;33.91;754;754
2026-06-08T12:07:45.0000000Z;33.77;33.91;754;754
2026-06-08T12:08:16.0000000Z;33.77;33.91;754;754
2026-06-08T12:08:47.0000000Z;33.77;33.91;754;754
2026-06-08T12:09:17.0000000Z;33.77;33.91;754;754
2026-06-08T12:09:48.0000000Z;33.77;33.91;754;754
2026-06-08T12:10:18.0000000Z;33.77;33.91;754;754
2026-06-08T12:10:21.0000000Z;33.785;33.91;754;754
2026-06-08T12:10:23.0000000Z;33.785;33.925;754;754
2026-06-08T12:10:51.0000000Z;33.785;33.925;754;754
2026-06-08T12:11:21.0000000Z;33.785;33.925;754;754
2026-06-08T12:11:52.0000000Z;33.785;33.925;754;754
2026-06-08T12:12:22.0000000Z;33.785;33.925;754;754
2026-06-08T12:12:53.0000000Z;33.785;33.925;754;754
2026-06-08T12:13:23.0000000Z;33.785;33.925;754;754
2026-06-08T12:13:54.0000000Z;33.785;33.925;754;754
2026-06-08T12:14:24.0000000Z;33.785;33.925;754;754
2026-06-08T12:14:55.0000000Z;33.785;33.925;754;754
2026-06-08T12:15:26.0000000Z;33.785;33.925;754;754
2026-06-08T12:15:56.0000000Z;33.785;33.925;754;754
2026-06-08T12:16:27.0000000Z;33.785;33.925;754;754
2026-06-08T12:16:57.0000000Z;33.785;33.925;754;754
2026-06-08T12:17:28.0000000Z;33.785;33.925;754;754
2026-06-08T12:17:58.0000000Z;33.785;33.925;754;754
2026-06-08T12:18:29.0000000Z;33.785;33.925;754;754
2026-06-08T12:18:59.0000000Z;33.785;33.925;754;754
2026-06-08T12:19:30.0000000Z;33.785;33.925;754;754
2026-06-08T12:20:00.0000000Z;33.785;33.925;754;754
2026-06-08T12:20:31.0000000Z;33.785;33.925;754;754
2026-06-08T12:21:02.0000000Z;33.785;33.925;754;754
2026-06-08T12:21:32.0000000Z;33.785;33.925;754;754
2026-06-08T12:22:03.0000000Z;33.785;33.925;754;754
2026-06-08T12:22:33.0000000Z;33.785;33.925;754;754
2026-06-08T12:23:04.0000000Z;33.785;33.925;754;754
2026-06-08T12:23:34.0000000Z;33.785;33.925;754;754
2026-06-08T12:24:05.0000000Z;33.785;33.925;754;754
2026-06-08T12:24:35.0000000Z;33.785;33.925;754;754
2026-06-08T12:25:06.0000000Z;33.785;33.925;754;754
2026-06-08T12:25:36.0000000Z;33.785;33.925;754;754
2026-06-08T12:26:07.0000000Z;33.785;33.925;754;754
2026-06-08T12:26:37.0000000Z;33.785;33.925;754;754
2026-06-08T12:27:08.0000000Z;33.785;33.925;754;754
2026-06-08T12:27:38.0000000Z;33.785;33.925;754;754
2026-06-08T12:28:09.0000000Z;33.785;33.925;754;754
2026-06-08T12:28:40.0000000Z;33.785;33.925;754;754
2026-06-08T12:29:10.0000000Z;33.785;33.925;754;754
2026-06-08T12:29:20.0000000Z;33.74;33.98;754;754
2026-06-08T12:29:50.0000000Z;33.74;33.98;754;754
2026-06-08T12:30:20.0000000Z;33.74;33.98;754;754
2026-06-08T12:30:46.0000000Z;33.795;33.935;754;754
2026-06-08T12:31:16.0000000Z;33.795;33.935;754;754
2026-06-08T12:31:47.0000000Z;33.795;33.935;754;754
2026-06-08T12:32:18.0000000Z;33.795;33.935;754;754
2026-06-08T12:32:48.0000000Z;33.795;33.935;754;754
2026-06-08T12:33:19.0000000Z;33.795;33.935;754;754
2026-06-08T12:33:49.0000000Z;33.795;33.935;754;754
2026-06-08T12:34:20.0000000Z;33.795;33.935;754;754
2026-06-08T12:34:50.0000000Z;33.795;33.935;754;754
2026-06-08T12:35:21.0000000Z;33.795;33.935;754;754
2026-06-08T12:35:52.0000000Z;33.795;33.935;754;754
2026-06-08T12:36:22.0000000Z;33.795;33.935;754;754
2026-06-08T12:36:53.0000000Z;33.795;33.935;754;754
2026-06-08T12:37:23.0000000Z;33.795;33.935;754;754
2026-06-08T12:37:54.0000000Z;33.795;33.935;754;754
2026-06-08T12:38:24.0000000Z;33.795;33.935;754;754
2026-06-08T12:38:55.0000000Z;33.795;33.935;754;754
2026-06-08T12:39:26.0000000Z;33.795;33.935;754;754
2026-06-08T12:39:56.0000000Z;33.795;33.935;754;754
2026-06-08T12:40:27.0000000Z;33.795;33.935;754;754
2026-06-08T12:40:57.0000000Z;33.795;33.935;754;754
2026-06-08T12:41:28.0000000Z;33.795;33.935;754;754
2026-06-08T12:41:58.0000000Z;33.795;33.935;754;754
2026-06-08T12:42:29.0000000Z;33.795;33.935;754;754
2026-06-08T12:42:59.0000000Z;33.795;33.935;754;754
2026-06-08T12:43:30.0000000Z;33.795;33.935;754;754
2026-06-08T12:44:00.0000000Z;33.795;33.935;754;754
2026-06-08T12:44:31.0000000Z;33.795;33.935;754;754
2026-06-08T12:45:01.0000000Z;33.795;33.935;754;754
2026-06-08T12:45:32.0000000Z;33.795;33.935;754;754
2026-06-08T12:46:03.0000000Z;33.795;33.935;754;754
2026-06-08T12:46:33.0000000Z;33.795;33.935;754;754
2026-06-08T12:47:04.0000000Z;33.795;33.935;754;754
2026-06-08T12:47:34.0000000Z;33.795;33.935;754;754
2026-06-08T12:48:05.0000000Z;33.795;33.935;754;754
2026-06-08T12:48:36.0000000Z;33.795;33.935;754;754
2026-06-08T12:49:06.0000000Z;33.795;33.935;754;754
2026-06-08T12:49:37.0000000Z;33.795;33.935;754;754
2026-06-08T12:50:07.0000000Z;33.795;33.935;754;754
2026-06-08T12:50:38.0000000Z;33.795;33.935;754;754
2026-06-08T12:51:08.0000000Z;33.795;33.935;754;754
2026-06-08T12:51:39.0000000Z;33.795;33.935;754;754
2026-06-08T12:52:09.0000000Z;33.795;33.935;754;754
2026-06-08T12:52:40.0000000Z;33.795;33.935;754;754
2026-06-08T12:53:11.0000000Z;33.795;33.935;754;754
2026-06-08T12:53:41.0000000Z;33.795;33.935;754;754
2026-06-08T12:54:12.0000000Z;33.795;33.935;754;754
2026-06-08T12:54:42.0000000Z;33.795;33.935;754;754
2026-06-08T12:55:13.0000000Z;33.795;33.935;754;754
2026-06-08T12:55:43.0000000Z;33.795;33.935;754;754
2026-06-08T12:56:14.0000000Z;33.795;33.935;754;754
2026-06-08T12:56:45.0000000Z;33.795;33.935;754;754
2026-06-08T12:57:15.0000000Z;33.795;33.935;754;754
2026-06-08T12:57:46.0000000Z;33.795;33.935;754;754
2026-06-08T12:58:16.0000000Z;33.795;33.935;754;754
2026-06-08T12:58:47.0000000Z;33.795;33.935;754;754
2026-06-08T12:59:17.0000000Z;33.795;33.935;754;754
2026-06-08T12:59:48.0000000Z;33.795;33.935;754;754
2026-06-08T13:00:18.0000000Z;33.795;33.935;754;754
2026-06-08T13:00:22.0000000Z;33.795;33.92;754;754
2026-06-08T13:00:23.0000000Z;33.78;33.92;754;754
2026-06-08T13:00:54.0000000Z;33.78;33.92;754;754
2026-06-08T13:01:24.0000000Z;33.78;33.92;754;754
2026-06-08T13:01:55.0000000Z;33.78;33.92;754;754
2026-06-08T13:02:25.0000000Z;33.78;33.92;754;754
2026-06-08T13:02:56.0000000Z;33.78;33.92;754;754
2026-06-08T13:03:26.0000000Z;33.78;33.92;754;754
2026-06-08T13:03:57.0000000Z;33.78;33.92;754;754
2026-06-08T13:04:27.0000000Z;33.78;33.92;754;754
2026-06-08T13:04:58.0000000Z;33.78;33.92;754;754
2026-06-08T13:05:28.0000000Z;33.78;33.92;754;754
2026-06-08T13:05:59.0000000Z;33.78;33.92;754;754
2026-06-08T13:06:29.0000000Z;33.78;33.92;754;754
2026-06-08T13:07:00.0000000Z;33.78;33.92;754;754
2026-06-08T13:07:31.0000000Z;33.78;33.92;754;754
2026-06-08T13:08:01.0000000Z;33.78;33.92;754;754
2026-06-08T13:08:32.0000000Z;33.78;33.92;754;754
2026-06-08T13:09:02.0000000Z;33.78;33.92;754;754
2026-06-08T13:09:33.0000000Z;33.78;33.92;754;754
2026-06-08T13:10:03.0000000Z;33.78;33.92;754;754
2026-06-08T13:10:34.0000000Z;33.78;33.92;754;754
2026-06-08T13:11:04.0000000Z;33.78;33.92;754;754
2026-06-08T13:11:35.0000000Z;33.78;33.92;754;754
2026-06-08T13:12:05.0000000Z;33.78;33.92;754;754
2026-06-08T13:12:36.0000000Z;33.78;33.92;754;754
2026-06-08T13:13:06.0000000Z;33.78;33.92;754;754
2026-06-08T13:13:37.0000000Z;33.78;33.92;754;754
2026-06-08T13:14:07.0000000Z;33.78;33.92;754;754
2026-06-08T13:14:38.0000000Z;33.78;33.92;754;754
2026-06-08T13:15:09.0000000Z;33.78;33.92;754;754
2026-06-08T13:15:39.0000000Z;33.78;33.92;754;754
2026-06-08T13:16:10.0000000Z;33.78;33.92;754;754
2026-06-08T13:16:40.0000000Z;33.78;33.92;754;754
2026-06-08T13:17:11.0000000Z;33.78;33.92;754;754
2026-06-08T13:17:41.0000000Z;33.78;33.92;754;754
2026-06-08T13:18:12.0000000Z;33.78;33.92;754;754
2026-06-08T13:18:42.0000000Z;33.78;33.92;754;754
2026-06-08T13:19:13.0000000Z;33.78;33.92;754;754
2026-06-08T13:19:44.0000000Z;33.78;33.92;754;754
2026-06-08T13:20:14.0000000Z;33.78;33.92;754;754
2026-06-08T13:20:45.0000000Z;33.78;33.92;754;754
2026-06-08T13:21:15.0000000Z;33.78;33.92;754;754
2026-06-08T13:21:46.0000000Z;33.78;33.92;754;754
2026-06-08T13:22:16.0000000Z;33.78;33.92;754;754
2026-06-08T13:22:47.0000000Z;33.78;33.92;754;754
2026-06-08T13:23:17.0000000Z;33.78;33.92;754;754
2026-06-08T13:23:21.0000000Z;33.78;33.905;754;754
2026-06-08T13:23:22.0000000Z;33.765;33.905;754;754
2026-06-08T13:23:53.0000000Z;33.765;33.905;754;754
2026-06-08T13:24:23.0000000Z;33.765;33.905;754;754
2026-06-08T13:24:54.0000000Z;33.765;33.905;754;754
2026-06-08T13:25:24.0000000Z;33.765;33.905;754;754
2026-06-08T13:25:55.0000000Z;33.765;33.905;754;754
2026-06-08T13:26:25.0000000Z;33.765;33.905;754;754
2026-06-08T13:26:56.0000000Z;33.765;33.905;754;754
2026-06-08T13:27:26.0000000Z;33.765;33.905;754;754
2026-06-08T13:27:57.0000000Z;33.765;33.905;754;754
2026-06-08T13:28:27.0000000Z;33.765;33.905;754;754
2026-06-08T13:28:58.0000000Z;33.765;33.905;754;754
2026-06-08T13:29:28.0000000Z;33.765;33.905;754;754
2026-06-08T13:29:33.0000000Z;33.74;33.905;754;754
2026-06-08T13:30:04.0000000Z;33.74;33.905;754;754
2026-06-08T13:30:16.0000000Z;33.74;33.92;754;754
2026-06-08T13:30:46.0000000Z;33.77;33.92;754;754
2026-06-08T13:31:01.0000000Z;33.785;33.895;754;754
2026-06-08T13:31:32.0000000Z;33.785;33.895;754;754
2026-06-08T13:32:03.0000000Z;33.785;33.895;754;754
2026-06-08T13:32:33.0000000Z;33.785;33.895;754;754
2026-06-08T13:32:36.0000000Z;33.75;33.925;754;754
2026-06-08T13:33:07.0000000Z;33.75;33.925;754;754
2026-06-08T13:33:23.0000000Z;33.755;33.92;754;754
2026-06-08T13:33:40.0000000Z;33.74;33.92;754;754
2026-06-08T13:33:43.0000000Z;33.74;33.905;754;754
2026-06-08T13:34:14.0000000Z;33.74;33.905;754;754
2026-06-08T13:34:25.0000000Z;33.725;33.905;754;754
2026-06-08T13:34:41.0000000Z;33.725;33.89;754;754
2026-06-08T13:35:12.0000000Z;33.725;33.89;754;754
2026-06-08T13:35:42.0000000Z;33.725;33.89;754;754
2026-06-08T13:36:12.0000000Z;33.725;33.89;754;754
2026-06-08T13:36:43.0000000Z;33.725;33.89;754;754
2026-06-08T13:37:13.0000000Z;33.725;33.89;754;754
2026-06-08T13:37:44.0000000Z;33.725;33.89;754;754
2026-06-08T13:38:14.0000000Z;33.725;33.89;754;754
2026-06-08T13:38:45.0000000Z;33.725;33.89;754;754
2026-06-08T13:39:15.0000000Z;33.725;33.89;754;754
2026-06-08T13:39:46.0000000Z;33.725;33.89;754;754
2026-06-08T13:40:16.0000000Z;33.725;33.89;754;754
2026-06-08T13:40:28.0000000Z;33.71;33.89;754;754
2026-06-08T13:40:51.0000000Z;33.71;33.875;754;754
2026-06-08T13:41:22.0000000Z;33.71;33.89;754;754
2026-06-08T13:41:24.0000000Z;33.725;33.89;754;754
2026-06-08T13:41:55.0000000Z;33.725;33.89;754;754
2026-06-08T13:42:26.0000000Z;33.725;33.89;754;754
2026-06-08T13:42:56.0000000Z;33.725;33.89;754;754
2026-06-08T13:43:10.0000000Z;33.74;33.89;754;754
2026-06-08T13:43:14.0000000Z;33.74;33.905;754;754
2026-06-08T13:43:43.0000000Z;33.74;33.905;754;754
2026-06-08T13:44:13.0000000Z;33.74;33.905;754;754
2026-06-08T13:44:44.0000000Z;33.74;33.905;754;754
2026-06-08T13:45:14.0000000Z;33.74;33.905;754;754
2026-06-08T13:45:44.0000000Z;33.74;33.905;754;754
2026-06-08T13:46:07.0000000Z;33.75;33.905;754;754
2026-06-08T13:46:11.0000000Z;33.75;33.925;754;754
2026-06-08T13:46:13.0000000Z;33.755;33.92;754;754
2026-06-08T13:46:43.0000000Z;33.755;33.92;754;754
2026-06-08T13:47:14.0000000Z;33.755;33.92;754;754
2026-06-08T13:47:44.0000000Z;33.755;33.92;754;754
2026-06-08T13:48:11.0000000Z;33.755;33.905;754;754
2026-06-08T13:48:13.0000000Z;33.74;33.905;754;754
2026-06-08T13:48:44.0000000Z;33.74;33.905;754;754
2026-06-08T13:49:15.0000000Z;33.74;33.905;754;754
2026-06-08T13:49:45.0000000Z;33.74;33.905;754;754
2026-06-08T13:50:16.0000000Z;33.74;33.905;754;754
2026-06-08T13:50:46.0000000Z;33.74;33.905;754;754
2026-06-08T13:51:17.0000000Z;33.74;33.905;754;754
2026-06-08T13:51:47.0000000Z;33.74;33.905;754;754
2026-06-08T13:52:18.0000000Z;33.74;33.905;754;754
2026-06-08T13:52:48.0000000Z;33.74;33.905;754;754
2026-06-08T13:52:50.0000000Z;33.75;33.92;754;754
2026-06-08T13:52:55.0000000Z;33.755;33.92;754;754
2026-06-08T13:53:26.0000000Z;33.755;33.92;754;754
2026-06-08T13:53:56.0000000Z;33.755;33.92;754;754
2026-06-08T13:54:27.0000000Z;33.755;33.92;754;754
2026-06-08T13:54:57.0000000Z;33.755;33.92;754;754
2026-06-08T13:55:28.0000000Z;33.755;33.92;754;754
2026-06-08T13:55:58.0000000Z;33.755;33.92;754;754
2026-06-08T13:56:01.0000000Z;33.75;33.92;754;754
2026-06-08T13:56:06.0000000Z;33.755;33.92;754;754
2026-06-08T13:56:13.0000000Z;33.755;33.905;754;754
2026-06-08T13:56:15.0000000Z;33.74;33.905;754;754
2026-06-08T13:56:45.0000000Z;33.74;33.905;754;754
2026-06-08T13:57:15.0000000Z;33.74;33.905;754;754
2026-06-08T13:57:37.0000000Z;33.72;33.895;754;754
2026-06-08T13:57:39.0000000Z;33.725;33.89;754;754
2026-06-08T13:58:09.0000000Z;33.725;33.89;754;754
2026-06-08T13:58:40.0000000Z;33.725;33.89;754;754
2026-06-08T13:59:10.0000000Z;33.725;33.89;754;754
2026-06-08T13:59:41.0000000Z;33.725;33.89;754;754
2026-06-08T13:59:48.0000000Z;33.69;33.925;754;754
2026-06-08T14:00:18.0000000Z;33.69;33.925;754;754
2026-06-08T14:00:49.0000000Z;33.69;33.925;754;754
2026-06-08T14:01:01.0000000Z;33.715;33.91;754;754
2026-06-08T14:01:16.0000000Z;33.735;33.91;754;754
2026-06-08T14:01:21.0000000Z;33.735;33.895;754;754
2026-06-08T14:01:52.0000000Z;33.735;33.895;754;754
2026-06-08T14:02:08.0000000Z;33.735;33.91;754;754
2026-06-08T14:02:39.0000000Z;33.735;33.91;754;754
2026-06-08T14:02:49.0000000Z;33.735;33.895;754;754
2026-06-08T14:03:20.0000000Z;33.735;33.895;754;754
2026-06-08T14:03:51.0000000Z;33.735;33.895;754;754
2026-06-08T14:04:21.0000000Z;33.735;33.895;754;754
2026-06-08T14:04:52.0000000Z;33.735;33.895;754;754
2026-06-08T14:05:22.0000000Z;33.735;33.895;754;754
2026-06-08T14:05:53.0000000Z;33.735;33.895;754;754
2026-06-08T14:06:09.0000000Z;33.735;33.91;754;754
2026-06-08T14:06:40.0000000Z;33.735;33.91;754;754
2026-06-08T14:06:41.0000000Z;33.75;33.91;754;754
2026-06-08T14:07:11.0000000Z;33.75;33.91;754;754
2026-06-08T14:07:42.0000000Z;33.75;33.91;754;754
2026-06-08T14:08:12.0000000Z;33.75;33.91;754;754
2026-06-08T14:08:43.0000000Z;33.75;33.91;754;754
2026-06-08T14:09:13.0000000Z;33.75;33.91;754;754
2026-06-08T14:09:42.0000000Z;33.75;33.925;754;754
2026-06-08T14:10:12.0000000Z;33.75;33.925;754;754
2026-06-08T14:10:43.0000000Z;33.75;33.925;754;754
2026-06-08T14:11:13.0000000Z;33.75;33.925;754;754
2026-06-08T14:11:44.0000000Z;33.75;33.925;754;754
2026-06-08T14:12:14.0000000Z;33.75;33.925;754;754
2026-06-08T14:12:43.0000000Z;33.75;33.91;754;754
2026-06-08T14:13:11.0000000Z;33.75;33.915;754;754
2026-06-08T14:13:12.0000000Z;33.75;33.91;754;754
2026-06-08T14:13:43.0000000Z;33.75;33.91;754;754
2026-06-08T14:14:13.0000000Z;33.75;33.91;754;754
2026-06-08T14:14:43.0000000Z;33.75;33.91;754;754
2026-06-08T14:15:14.0000000Z;33.75;33.91;754;754
2026-06-08T14:15:44.0000000Z;33.75;33.91;754;754
2026-06-08T14:15:45.0000000Z;33.735;33.91;754;754
2026-06-08T14:16:16.0000000Z;33.735;33.91;754;754
2026-06-08T14:16:46.0000000Z;33.735;33.91;754;754
2026-06-08T14:17:17.0000000Z;33.735;33.91;754;754
2026-06-08T14:17:41.0000000Z;33.75;33.91;754;754
2026-06-08T14:18:12.0000000Z;33.75;33.91;754;754
2026-06-08T14:18:42.0000000Z;33.75;33.91;754;754
2026-06-08T14:19:13.0000000Z;33.75;33.91;754;754
2026-06-08T14:19:43.0000000Z;33.75;33.91;754;754
2026-06-08T14:20:10.0000000Z;33.75;33.925;754;754
2026-06-08T14:20:40.0000000Z;33.75;33.925;754;754
2026-06-08T14:21:11.0000000Z;33.75;33.925;754;754
2026-06-08T14:21:33.0000000Z;33.765;33.925;754;754
2026-06-08T14:22:04.0000000Z;33.765;33.925;754;754
2026-06-08T14:22:34.0000000Z;33.765;33.925;754;754
2026-06-08T14:23:05.0000000Z;33.765;33.925;754;754
2026-06-08T14:23:35.0000000Z;33.765;33.925;754;754
2026-06-08T14:24:06.0000000Z;33.765;33.925;754;754
2026-06-08T14:24:36.0000000Z;33.765;33.925;754;754
2026-06-08T14:25:07.0000000Z;33.765;33.925;754;754
2026-06-08T14:25:37.0000000Z;33.765;33.94;754;754
2026-06-08T14:26:08.0000000Z;33.765;33.94;754;754
2026-06-08T14:26:15.0000000Z;33.78;33.94;754;754
2026-06-08T14:26:45.0000000Z;33.78;33.94;754;754
2026-06-08T14:27:16.0000000Z;33.78;33.94;754;754
2026-06-08T14:27:46.0000000Z;33.78;33.94;754;754
2026-06-08T14:28:16.0000000Z;33.765;33.94;754;754
2026-06-08T14:28:46.0000000Z;33.765;33.94;754;754
2026-06-08T14:29:17.0000000Z;33.765;33.94;754;754
2026-06-08T14:29:47.0000000Z;33.765;33.94;754;754
2026-06-08T14:30:18.0000000Z;33.765;33.94;754;754
2026-06-08T14:30:48.0000000Z;33.765;33.94;754;754
2026-06-08T14:31:19.0000000Z;33.765;33.94;754;754
2026-06-08T14:31:30.0000000Z;33.765;33.925;754;754
2026-06-08T14:32:00.0000000Z;33.765;33.925;754;754
2026-06-08T14:32:31.0000000Z;33.765;33.925;754;754
2026-06-08T14:33:02.0000000Z;33.765;33.925;754;754
2026-06-08T14:33:32.0000000Z;33.765;33.925;754;754
2026-06-08T14:34:03.0000000Z;33.765;33.925;754;754
2026-06-08T14:34:33.0000000Z;33.765;33.925;754;754
2026-06-08T14:35:04.0000000Z;33.765;33.925;754;754
2026-06-08T14:35:34.0000000Z;33.765;33.925;754;754
2026-06-08T14:36:05.0000000Z;33.765;33.925;754;754
2026-06-08T14:36:34.0000000Z;33.78;33.94;754;754
2026-06-08T14:37:04.0000000Z;33.78;33.94;754;754
2026-06-08T14:37:35.0000000Z;33.78;33.94;754;754
2026-06-08T14:38:05.0000000Z;33.78;33.94;754;754
2026-06-08T14:38:36.0000000Z;33.78;33.94;754;754
2026-06-08T14:39:07.0000000Z;33.78;33.94;754;754
2026-06-08T14:39:37.0000000Z;33.78;33.94;754;754
2026-06-08T14:39:59.0000000Z;33.775;33.94;754;754
2026-06-08T14:40:11.0000000Z;33.775;33.945;754;754
2026-06-08T14:40:41.0000000Z;33.775;33.945;754;754
2026-06-08T14:41:12.0000000Z;33.775;33.945;754;754
2026-06-08T14:41:42.0000000Z;33.775;33.945;754;754
2026-06-08T14:42:12.0000000Z;33.775;33.945;754;754
2026-06-08T14:42:43.0000000Z;33.775;33.945;754;754
2026-06-08T14:42:56.0000000Z;33.775;33.94;754;754
2026-06-08T14:43:24.0000000Z;33.76;33.94;754;754
2026-06-08T14:43:38.0000000Z;33.76;33.93;754;754
2026-06-08T14:44:08.0000000Z;33.765;33.93;754;754
2026-06-08T14:44:39.0000000Z;33.765;33.93;754;754
2026-06-08T14:44:46.0000000Z;33.765;33.94;754;754
2026-06-08T14:45:12.0000000Z;33.775;33.94;754;754
2026-06-08T14:45:42.0000000Z;33.775;33.94;754;754
2026-06-08T14:45:54.0000000Z;33.775;33.945;754;754
2026-06-08T14:46:25.0000000Z;33.775;33.945;754;754
2026-06-08T14:46:51.0000000Z;33.775;33.955;754;754
2026-06-08T14:47:15.0000000Z;33.79;33.955;754;754
2026-06-08T14:47:45.0000000Z;33.79;33.955;754;754
2026-06-08T14:48:15.0000000Z;33.79;33.955;754;754
2026-06-08T14:48:23.0000000Z;33.79;33.96;754;754
2026-06-08T14:48:37.0000000Z;33.82;33.93;754;754
2026-06-08T14:49:07.0000000Z;33.82;33.93;754;754
2026-06-08T14:49:38.0000000Z;33.82;33.93;754;754
2026-06-08T14:50:08.0000000Z;33.82;33.93;754;754
2026-06-08T14:50:39.0000000Z;33.82;33.93;754;754
2026-06-08T14:51:09.0000000Z;33.82;33.93;754;754
2026-06-08T14:51:40.0000000Z;33.82;33.93;754;754
2026-06-08T14:52:10.0000000Z;33.82;33.93;754;754
2026-06-08T14:52:41.0000000Z;33.82;33.93;754;754
2026-06-08T14:53:11.0000000Z;33.82;33.93;754;754
2026-06-08T14:53:42.0000000Z;33.82;33.93;754;754
2026-06-08T14:54:12.0000000Z;33.82;33.93;754;754
2026-06-08T14:54:43.0000000Z;33.82;33.93;754;754
2026-06-08T14:55:14.0000000Z;33.82;33.93;754;754
2026-06-08T14:55:21.0000000Z;33.82;33.915;754;754
2026-06-08T14:55:51.0000000Z;33.82;33.915;754;754
2026-06-08T14:56:19.0000000Z;33.805;33.915;754;754
2026-06-08T14:56:49.0000000Z;33.805;33.915;754;754
2026-06-08T14:57:20.0000000Z;33.805;33.915;754;754
2026-06-08T14:57:34.0000000Z;33.82;33.915;754;754
2026-06-08T14:57:51.0000000Z;33.82;33.93;754;754
2026-06-08T14:58:21.0000000Z;33.82;33.93;754;754
2026-06-08T14:58:51.0000000Z;33.82;33.93;754;754
2026-06-08T14:59:22.0000000Z;33.82;33.93;754;754
2026-06-08T14:59:52.0000000Z;33.82;33.93;754;754
