2026-06-08T08:00:17.0000000Z;38.5;38.59;129;129
2026-06-08T08:00:28.0000000Z;38.495;38.59;129;129
2026-06-08T08:00:33.0000000Z;38.495;38.575;129;129
2026-06-08T08:00:55.0000000Z;38.505;38.575;129;129
2026-06-08T08:01:03.0000000Z;38.515;38.575;129;129
2026-06-08T08:01:12.0000000Z;38.52;38.575;129;129
2026-06-08T08:01:17.0000000Z;38.525;38.575;129;129
2026-06-08T08:01:23.0000000Z;38.52;38.575;129;129
2026-06-08T08:01:33.0000000Z;38.515;38.575;129;129
2026-06-08T08:01:36.0000000Z;38.525;38.575;129;129
2026-06-08T08:01:41.0000000Z;38.515;38.575;129;129
2026-06-08T08:02:11.0000000Z;38.515;38.575;129;129
2026-06-08T08:02:42.0000000Z;38.515;38.575;129;129
2026-06-08T08:02:45.0000000Z;38.515;38.56;129;129
2026-06-08T08:02:53.0000000Z;38.51;38.56;129;129
2026-06-08T08:03:22.0000000Z;38.475;38.56;129;129
2026-06-08T08:03:51.0000000Z;38.475;38.56;129;129
2026-06-08T08:04:21.0000000Z;38.475;38.56;129;129
2026-06-08T08:04:52.0000000Z;38.475;38.56;129;129
2026-06-08T08:04:59.0000000Z;38.48;38.56;129;129
2026-06-08T08:05:00.0000000Z;38.485;38.56;129;129
2026-06-08T08:05:04.0000000Z;38.485;38.575;129;129
2026-06-08T08:05:35.0000000Z;38.485;38.575;129;129
2026-06-08T08:06:05.0000000Z;38.485;38.575;129;129
2026-06-08T08:06:36.0000000Z;38.485;38.575;129;129
2026-06-08T08:07:06.0000000Z;38.485;38.575;129;129
2026-06-08T08:07:37.0000000Z;38.485;38.575;129;129
2026-06-08T08:08:07.0000000Z;38.485;38.575;129;129
2026-06-08T08:08:38.0000000Z;38.485;38.575;129;129
2026-06-08T08:09:03.0000000Z;38.485;38.56;129;129
2026-06-08T08:09:34.0000000Z;38.485;38.56;129;129
2026-06-08T08:10:02.0000000Z;38.485;38.575;129;129
2026-06-08T08:10:16.0000000Z;38.485;38.565;129;129
2026-06-08T08:10:19.0000000Z;38.485;38.56;129;129
2026-06-08T08:10:50.0000000Z;38.485;38.56;129;129
2026-06-08T08:11:20.0000000Z;38.485;38.56;129;129
2026-06-08T08:11:51.0000000Z;38.485;38.56;129;129
2026-06-08T08:12:21.0000000Z;38.485;38.56;129;129
2026-06-08T08:12:34.0000000Z;38.485;38.575;129;129
2026-06-08T08:13:01.0000000Z;38.485;38.56;129;129
2026-06-08T08:13:16.0000000Z;38.485;38.575;129;129
2026-06-08T08:13:47.0000000Z;38.485;38.575;129;129
2026-06-08T08:14:17.0000000Z;38.485;38.575;129;129
2026-06-08T08:14:48.0000000Z;38.485;38.575;129;129
2026-06-08T08:14:49.0000000Z;38.485;38.56;129;129
2026-06-08T08:15:20.0000000Z;38.485;38.56;129;129
2026-06-08T08:15:33.0000000Z;38.485;38.575;129;129
2026-06-08T08:16:03.0000000Z;38.485;38.575;129;129
2026-06-08T08:16:34.0000000Z;38.485;38.575;129;129
2026-06-08T08:17:04.0000000Z;38.485;38.575;129;129
2026-06-08T08:17:35.0000000Z;38.485;38.575;129;129
2026-06-08T08:17:48.0000000Z;38.485;38.56;129;129
2026-06-08T08:18:16.0000000Z;38.485;38.575;129;129
2026-06-08T08:18:46.0000000Z;38.485;38.575;129;129
2026-06-08T08:19:16.0000000Z;38.485;38.575;129;129
2026-06-08T08:19:47.0000000Z;38.485;38.575;129;129
2026-06-08T08:20:18.0000000Z;38.485;38.575;129;129
2026-06-08T08:20:48.0000000Z;38.485;38.575;129;129
2026-06-08T08:21:19.0000000Z;38.485;38.575;129;129
2026-06-08T08:21:49.0000000Z;38.485;38.575;129;129
2026-06-08T08:22:20.0000000Z;38.485;38.575;129;129
2026-06-08T08:22:50.0000000Z;38.485;38.575;129;129
2026-06-08T08:23:01.0000000Z;38.485;38.56;129;129
2026-06-08T08:23:16.0000000Z;38.495;38.56;129;129
2026-06-08T08:23:47.0000000Z;38.495;38.56;129;129
2026-06-08T08:23:48.0000000Z;38.505;38.56;129;129
2026-06-08T08:24:14.0000000Z;38.51;38.56;129;129
2026-06-08T08:24:23.0000000Z;38.48;38.56;129;129
2026-06-08T08:24:33.0000000Z;38.48;38.575;129;129
2026-06-08T08:25:01.0000000Z;38.48;38.575;129;129
2026-06-08T08:25:32.0000000Z;38.48;38.575;129;129
2026-06-08T08:26:02.0000000Z;38.48;38.575;129;129
2026-06-08T08:26:11.0000000Z;38.49;38.575;129;129
2026-06-08T08:26:41.0000000Z;38.49;38.575;129;129
2026-06-08T08:27:11.0000000Z;38.49;38.575;129;129
2026-06-08T08:27:24.0000000Z;38.49;38.56;129;129
2026-06-08T08:27:54.0000000Z;38.49;38.56;129;129
2026-06-08T08:28:25.0000000Z;38.49;38.56;129;129
2026-06-08T08:28:55.0000000Z;38.49;38.56;129;129
2026-06-08T08:29:26.0000000Z;38.49;38.56;129;129
2026-06-08T08:29:56.0000000Z;38.49;38.56;129;129
2026-06-08T08:30:27.0000000Z;38.49;38.56;129;129
2026-06-08T08:30:57.0000000Z;38.49;38.56;129;129
2026-06-08T08:30:58.0000000Z;38.49;38.57;129;129
2026-06-08T08:31:00.0000000Z;38.49;38.575;129;129
2026-06-08T08:31:31.0000000Z;38.49;38.575;129;129
2026-06-08T08:32:02.0000000Z;38.49;38.575;129;129
2026-06-08T08:32:32.0000000Z;38.49;38.575;129;129
2026-06-08T08:32:33.0000000Z;38.49;38.59;129;129
2026-06-08T08:32:48.0000000Z;38.5;38.59;129;129
2026-06-08T08:33:01.0000000Z;38.5;38.575;129;129
2026-06-08T08:33:03.0000000Z;38.495;38.575;129;129
2026-06-08T08:33:33.0000000Z;38.495;38.575;129;129
2026-06-08T08:34:04.0000000Z;38.495;38.575;129;129
2026-06-08T08:34:34.0000000Z;38.495;38.575;129;129
2026-06-08T08:35:04.0000000Z;38.495;38.59;129;129
2026-06-08T08:35:06.0000000Z;38.505;38.59;129;129
2026-06-08T08:35:27.0000000Z;38.505;38.585;129;129
2026-06-08T08:35:28.0000000Z;38.505;38.575;129;129
2026-06-08T08:35:59.0000000Z;38.505;38.575;129;129
2026-06-08T08:36:29.0000000Z;38.505;38.575;129;129
2026-06-08T08:37:00.0000000Z;38.505;38.575;129;129
2026-06-08T08:37:10.0000000Z;38.505;38.56;129;129
2026-06-08T08:37:41.0000000Z;38.505;38.56;129;129
2026-06-08T08:38:11.0000000Z;38.505;38.56;129;129
2026-06-08T08:38:42.0000000Z;38.505;38.56;129;129
2026-06-08T08:39:12.0000000Z;38.505;38.56;129;129
2026-06-08T08:39:43.0000000Z;38.505;38.56;129;129
2026-06-08T08:40:13.0000000Z;38.505;38.56;129;129
2026-06-08T08:40:44.0000000Z;38.505;38.56;129;129
2026-06-08T08:40:52.0000000Z;38.5;38.56;129;129
2026-06-08T08:41:22.0000000Z;38.5;38.56;129;129
2026-06-08T08:41:53.0000000Z;38.5;38.56;129;129
2026-06-08T08:42:23.0000000Z;38.5;38.56;129;129
2026-06-08T08:42:54.0000000Z;38.5;38.56;129;129
2026-06-08T08:43:24.0000000Z;38.5;38.56;129;129
2026-06-08T08:43:31.0000000Z;38.505;38.56;129;129
2026-06-08T08:43:33.0000000Z;38.5;38.56;129;129
2026-06-08T08:43:35.0000000Z;38.505;38.56;129;129
2026-06-08T08:43:37.0000000Z;38.51;38.56;129;129
2026-06-08T08:43:39.0000000Z;38.51;38.56;129;129
2026-06-08T08:43:41.0000000Z;38.505;38.56;129;129
2026-06-08T08:43:43.0000000Z;38.485;38.56;129;129
2026-06-08T08:44:14.0000000Z;38.485;38.56;129;129
2026-06-08T08:44:45.0000000Z;38.485;38.56;129;129
2026-06-08T08:45:15.0000000Z;38.485;38.56;129;129
2026-06-08T08:45:46.0000000Z;38.485;38.56;129;129
2026-06-08T08:45:59.0000000Z;38.495;38.56;129;129
2026-06-08T08:46:30.0000000Z;38.495;38.56;129;129
2026-06-08T08:47:00.0000000Z;38.495;38.56;129;129
2026-06-08T08:47:11.0000000Z;38.495;38.545;129;129
2026-06-08T08:47:41.0000000Z;38.495;38.545;129;129
2026-06-08T08:47:59.0000000Z;38.465;38.545;129;129
2026-06-08T08:48:03.0000000Z;38.46;38.545;129;129
2026-06-08T08:48:33.0000000Z;38.46;38.545;129;129
2026-06-08T08:49:03.0000000Z;38.46;38.545;129;129
2026-06-08T08:49:05.0000000Z;38.475;38.555;129;129
2026-06-08T08:49:36.0000000Z;38.475;38.555;129;129
2026-06-08T08:50:06.0000000Z;38.475;38.555;129;129
2026-06-08T08:50:37.0000000Z;38.475;38.555;129;129
2026-06-08T08:51:04.0000000Z;38.495;38.555;129;129
2026-06-08T08:51:09.0000000Z;38.485;38.555;129;129
2026-06-08T08:51:10.0000000Z;38.495;38.555;129;129
2026-06-08T08:51:14.0000000Z;38.5;38.555;129;129
2026-06-08T08:51:19.0000000Z;38.495;38.555;129;129
2026-06-08T08:51:25.0000000Z;38.5;38.555;129;129
2026-06-08T08:51:31.0000000Z;38.46;38.555;129;129
2026-06-08T08:51:36.0000000Z;38.475;38.555;129;129
2026-06-08T08:52:06.0000000Z;38.475;38.555;129;129
2026-06-08T08:52:37.0000000Z;38.475;38.555;129;129
2026-06-08T08:53:07.0000000Z;38.475;38.555;129;129
2026-06-08T08:53:38.0000000Z;38.475;38.555;129;129
2026-06-08T08:54:09.0000000Z;38.475;38.555;129;129
2026-06-08T08:54:39.0000000Z;38.475;38.555;129;129
2026-06-08T08:55:10.0000000Z;38.475;38.555;129;129
2026-06-08T08:55:40.0000000Z;38.475;38.555;129;129
2026-06-08T08:56:11.0000000Z;38.475;38.555;129;129
2026-06-08T08:56:41.0000000Z;38.475;38.555;129;129
2026-06-08T08:57:12.0000000Z;38.475;38.555;129;129
2026-06-08T08:57:42.0000000Z;38.475;38.555;129;129
2026-06-08T08:58:13.0000000Z;38.475;38.555;129;129
2026-06-08T08:58:43.0000000Z;38.475;38.555;129;129
2026-06-08T08:59:14.0000000Z;38.475;38.555;129;129
2026-06-08T08:59:21.0000000Z;38.49;38.555;129;129
2026-06-08T08:59:52.0000000Z;38.49;38.555;129;129
2026-06-08T09:00:22.0000000Z;38.49;38.555;129;129
2026-06-08T09:00:53.0000000Z;38.49;38.555;129;129
2026-06-08T09:00:54.0000000Z;38.49;38.565;129;129
2026-06-08T09:00:56.0000000Z;38.49;38.57;129;129
2026-06-08T09:01:26.0000000Z;38.49;38.57;129;129
2026-06-08T09:01:57.0000000Z;38.49;38.57;129;129
2026-06-08T09:02:27.0000000Z;38.49;38.57;129;129
2026-06-08T09:02:58.0000000Z;38.49;38.57;129;129
2026-06-08T09:03:28.0000000Z;38.49;38.57;129;129
2026-06-08T09:03:59.0000000Z;38.49;38.57;129;129
2026-06-08T09:04:29.0000000Z;38.49;38.57;129;129
2026-06-08T09:05:00.0000000Z;38.49;38.57;129;129
2026-06-08T09:05:31.0000000Z;38.49;38.57;129;129
2026-06-08T09:06:01.0000000Z;38.49;38.57;129;129
2026-06-08T09:06:32.0000000Z;38.49;38.57;129;129
2026-06-08T09:06:33.0000000Z;38.49;38.565;129;129
2026-06-08T09:07:01.0000000Z;38.49;38.56;129;129
2026-06-08T09:07:32.0000000Z;38.49;38.56;129;129
2026-06-08T09:08:02.0000000Z;38.49;38.56;129;129
2026-06-08T09:08:05.0000000Z;38.475;38.56;129;129
2026-06-08T09:08:36.0000000Z;38.475;38.56;129;129
2026-06-08T09:09:07.0000000Z;38.475;38.56;129;129
2026-06-08T09:09:26.0000000Z;38.475;38.555;129;129
2026-06-08T09:09:57.0000000Z;38.475;38.555;129;129
2026-06-08T09:10:06.0000000Z;38.475;38.545;129;129
2026-06-08T09:10:37.0000000Z;38.475;38.545;129;129
2026-06-08T09:10:44.0000000Z;38.475;38.555;129;129
2026-06-08T09:11:15.0000000Z;38.475;38.555;129;129
2026-06-08T09:11:45.0000000Z;38.475;38.555;129;129
2026-06-08T09:12:16.0000000Z;38.475;38.555;129;129
2026-06-08T09:12:47.0000000Z;38.475;38.555;129;129
2026-06-08T09:13:17.0000000Z;38.475;38.555;129;129
2026-06-08T09:13:35.0000000Z;38.49;38.555;129;129
2026-06-08T09:13:48.0000000Z;38.49;38.57;129;129
2026-06-08T09:13:57.0000000Z;38.505;38.57;129;129
2026-06-08T09:14:06.0000000Z;38.49;38.57;129;129
2026-06-08T09:14:37.0000000Z;38.49;38.57;129;129
2026-06-08T09:15:07.0000000Z;38.49;38.57;129;129
2026-06-08T09:15:19.0000000Z;38.505;38.57;129;129
2026-06-08T09:15:33.0000000Z;38.51;38.57;129;129
2026-06-08T09:15:37.0000000Z;38.505;38.57;129;129
2026-06-08T09:15:42.0000000Z;38.515;38.57;129;129
2026-06-08T09:16:12.0000000Z;38.515;38.57;129;129
2026-06-08T09:16:43.0000000Z;38.515;38.57;129;129
2026-06-08T09:17:01.0000000Z;38.52;38.57;129;129
2026-06-08T09:17:19.0000000Z;38.515;38.57;129;129
2026-06-08T09:17:21.0000000Z;38.52;38.57;129;129
2026-06-08T09:17:51.0000000Z;38.52;38.57;129;129
2026-06-08T09:18:22.0000000Z;38.52;38.57;129;129
2026-06-08T09:18:29.0000000Z;38.515;38.57;129;129
2026-06-08T09:18:41.0000000Z;38.52;38.57;129;129
2026-06-08T09:19:12.0000000Z;38.52;38.57;129;129
2026-06-08T09:19:42.0000000Z;38.52;38.57;129;129
2026-06-08T09:20:13.0000000Z;38.52;38.57;129;129
2026-06-08T09:20:41.0000000Z;38.525;38.57;129;129
2026-06-08T09:20:42.0000000Z;38.525;38.57;129;129
2026-06-08T09:20:44.0000000Z;38.52;38.57;129;129
2026-06-08T09:20:50.0000000Z;38.505;38.57;129;129
2026-06-08T09:21:21.0000000Z;38.505;38.57;129;129
2026-06-08T09:21:50.0000000Z;38.515;38.57;129;129
2026-06-08T09:22:00.0000000Z;38.525;38.57;129;129
2026-06-08T09:22:08.0000000Z;38.52;38.57;129;129
2026-06-08T09:22:13.0000000Z;38.53;38.57;129;129
2026-06-08T09:22:14.0000000Z;38.525;38.57;129;129
2026-06-08T09:22:34.0000000Z;38.53;38.57;129;129
2026-06-08T09:22:36.0000000Z;38.525;38.57;129;129
2026-06-08T09:22:37.0000000Z;38.53;38.6;129;129
2026-06-08T09:22:39.0000000Z;38.535;38.6;129;129
2026-06-08T09:23:09.0000000Z;38.535;38.6;129;129
2026-06-08T09:23:20.0000000Z;38.52;38.6;129;129
2026-06-08T09:23:51.0000000Z;38.52;38.6;129;129
2026-06-08T09:24:21.0000000Z;38.52;38.6;129;129
2026-06-08T09:24:36.0000000Z;38.53;38.6;129;129
2026-06-08T09:24:48.0000000Z;38.53;38.59;129;129
2026-06-08T09:25:18.0000000Z;38.53;38.59;129;129
2026-06-08T09:25:49.0000000Z;38.53;38.59;129;129
2026-06-08T09:26:19.0000000Z;38.53;38.59;129;129
2026-06-08T09:26:50.0000000Z;38.53;38.59;129;129
2026-06-08T09:27:20.0000000Z;38.53;38.59;129;129
2026-06-08T09:27:51.0000000Z;38.53;38.59;129;129
2026-06-08T09:28:22.0000000Z;38.53;38.59;129;129
2026-06-08T09:28:52.0000000Z;38.53;38.59;129;129
2026-06-08T09:29:23.0000000Z;38.53;38.59;129;129
2026-06-08T09:29:53.0000000Z;38.53;38.59;129;129
2026-06-08T09:30:24.0000000Z;38.53;38.59;129;129
2026-06-08T09:30:54.0000000Z;38.53;38.59;129;129
2026-06-08T09:31:25.0000000Z;38.53;38.59;129;129
2026-06-08T09:31:56.0000000Z;38.53;38.59;129;129
2026-06-08T09:32:26.0000000Z;38.53;38.59;129;129
2026-06-08T09:32:57.0000000Z;38.53;38.59;129;129
2026-06-08T09:33:27.0000000Z;38.53;38.59;129;129
2026-06-08T09:33:58.0000000Z;38.53;38.59;129;129
2026-06-08T09:34:28.0000000Z;38.53;38.59;129;129
2026-06-08T09:34:59.0000000Z;38.53;38.59;129;129
2026-06-08T09:35:30.0000000Z;38.53;38.59;129;129
2026-06-08T09:35:44.0000000Z;38.53;38.575;129;129
2026-06-08T09:36:15.0000000Z;38.53;38.575;129;129
2026-06-08T09:36:45.0000000Z;38.545;38.575;129;129
2026-06-08T09:36:46.0000000Z;38.53;38.575;129;129
2026-06-08T09:36:48.0000000Z;38.53;38.62;129;129
2026-06-08T09:36:52.0000000Z;38.53;38.61;129;129
2026-06-08T09:37:06.0000000Z;38.535;38.61;129;129
2026-06-08T09:37:08.0000000Z;38.535;38.605;129;129
2026-06-08T09:37:12.0000000Z;38.53;38.605;129;129
2026-06-08T09:37:14.0000000Z;38.54;38.605;129;129
2026-06-08T09:37:17.0000000Z;38.555;38.605;129;129
2026-06-08T09:37:20.0000000Z;38.555;38.615;129;129
2026-06-08T09:37:36.0000000Z;38.555;38.605;129;129
2026-06-08T09:37:38.0000000Z;38.55;38.605;129;129
2026-06-08T09:37:44.0000000Z;38.54;38.605;129;129
2026-06-08T09:37:55.0000000Z;38.54;38.6;129;129
2026-06-08T09:38:12.0000000Z;38.53;38.6;129;129
2026-06-08T09:38:13.0000000Z;38.53;38.59;129;129
2026-06-08T09:38:19.0000000Z;38.54;38.59;129;129
2026-06-08T09:38:50.0000000Z;38.54;38.59;129;129
2026-06-08T09:39:15.0000000Z;38.545;38.59;129;129
2026-06-08T09:39:17.0000000Z;38.545;38.6;129;129
2026-06-08T09:39:19.0000000Z;38.54;38.6;129;129
2026-06-08T09:39:37.0000000Z;38.545;38.6;129;129
2026-06-08T09:39:49.0000000Z;38.54;38.6;129;129
2026-06-08T09:40:19.0000000Z;38.54;38.6;129;129
2026-06-08T09:40:27.0000000Z;38.545;38.6;129;129
2026-06-08T09:40:29.0000000Z;38.54;38.6;129;129
2026-06-08T09:40:50.0000000Z;38.545;38.6;129;129
2026-06-08T09:40:57.0000000Z;38.54;38.6;129;129
2026-06-08T09:41:02.0000000Z;38.545;38.6;129;129
2026-06-08T09:41:03.0000000Z;38.55;38.6;129;129
2026-06-08T09:41:07.0000000Z;38.545;38.6;129;129
2026-06-08T09:41:11.0000000Z;38.53;38.6;129;129
2026-06-08T09:41:42.0000000Z;38.53;38.6;129;129
2026-06-08T09:42:12.0000000Z;38.53;38.6;129;129
2026-06-08T09:42:43.0000000Z;38.53;38.6;129;129
2026-06-08T09:42:56.0000000Z;38.54;38.6;129;129
2026-06-08T09:42:59.0000000Z;38.54;38.615;129;129
2026-06-08T09:43:19.0000000Z;38.55;38.615;129;129
2026-06-08T09:43:44.0000000Z;38.555;38.615;129;129
2026-06-08T09:43:47.0000000Z;38.55;38.615;129;129
2026-06-08T09:43:51.0000000Z;38.555;38.615;129;129
2026-06-08T09:43:53.0000000Z;38.535;38.615;129;129
2026-06-08T09:44:23.0000000Z;38.535;38.615;129;129
2026-06-08T09:44:54.0000000Z;38.535;38.615;129;129
2026-06-08T09:45:25.0000000Z;38.535;38.615;129;129
2026-06-08T09:45:55.0000000Z;38.535;38.615;129;129
2026-06-08T09:46:05.0000000Z;38.55;38.615;129;129
2026-06-08T09:46:12.0000000Z;38.565;38.615;129;129
2026-06-08T09:46:42.0000000Z;38.565;38.615;129;129
2026-06-08T09:47:13.0000000Z;38.565;38.615;129;129
2026-06-08T09:47:40.0000000Z;38.57;38.615;129;129
2026-06-08T09:47:42.0000000Z;38.57;38.63;129;129
2026-06-08T09:47:50.0000000Z;38.55;38.63;129;129
2026-06-08T09:48:18.0000000Z;38.55;38.63;129;129
2026-06-08T09:48:48.0000000Z;38.55;38.63;129;129
2026-06-08T09:49:19.0000000Z;38.55;38.63;129;129
2026-06-08T09:49:49.0000000Z;38.55;38.63;129;129
2026-06-08T09:50:20.0000000Z;38.55;38.63;129;129
2026-06-08T09:50:50.0000000Z;38.55;38.63;129;129
2026-06-08T09:51:21.0000000Z;38.55;38.63;129;129
2026-06-08T09:51:52.0000000Z;38.55;38.63;129;129
2026-06-08T09:52:22.0000000Z;38.55;38.63;129;129
2026-06-08T09:52:53.0000000Z;38.55;38.63;129;129
2026-06-08T09:53:23.0000000Z;38.55;38.63;129;129
2026-06-08T09:53:54.0000000Z;38.55;38.63;129;129
2026-06-08T09:54:24.0000000Z;38.55;38.63;129;129
2026-06-08T09:54:55.0000000Z;38.55;38.63;129;129
2026-06-08T09:55:26.0000000Z;38.55;38.63;129;129
2026-06-08T09:55:56.0000000Z;38.55;38.63;129;129
2026-06-08T09:56:27.0000000Z;38.55;38.63;129;129
2026-06-08T09:56:57.0000000Z;38.55;38.63;129;129
2026-06-08T09:57:28.0000000Z;38.55;38.63;129;129
2026-06-08T09:57:58.0000000Z;38.55;38.63;129;129
2026-06-08T09:58:29.0000000Z;38.55;38.63;129;129
2026-06-08T09:58:59.0000000Z;38.55;38.63;129;129
2026-06-08T09:59:30.0000000Z;38.55;38.63;129;129
2026-06-08T10:00:01.0000000Z;38.55;38.63;129;129
2026-06-08T10:00:06.0000000Z;38.565;38.63;129;129
2026-06-08T10:00:11.0000000Z;38.57;38.63;129;129
2026-06-08T10:00:21.0000000Z;38.555;38.63;129;129
2026-06-08T10:00:32.0000000Z;38.565;38.63;129;129
2026-06-08T10:00:39.0000000Z;38.57;38.63;129;129
2026-06-08T10:00:55.0000000Z;38.555;38.63;129;129
2026-06-08T10:01:01.0000000Z;38.565;38.63;129;129
2026-06-08T10:01:09.0000000Z;38.57;38.63;129;129
2026-06-08T10:01:23.0000000Z;38.555;38.63;129;129
2026-06-08T10:01:29.0000000Z;38.565;38.63;129;129
2026-06-08T10:01:49.0000000Z;38.57;38.63;129;129
2026-06-08T10:01:59.0000000Z;38.555;38.63;129;129
2026-06-08T10:02:02.0000000Z;38.555;38.615;129;129
2026-06-08T10:02:03.0000000Z;38.535;38.615;129;129
2026-06-08T10:02:07.0000000Z;38.54;38.6;129;129
2026-06-08T10:02:11.0000000Z;38.54;38.585;129;129
2026-06-08T10:02:15.0000000Z;38.55;38.585;129;129
2026-06-08T10:02:17.0000000Z;38.55;38.6;129;129
2026-06-08T10:02:21.0000000Z;38.545;38.6;129;129
2026-06-08T10:02:33.0000000Z;38.555;38.6;129;129
2026-06-08T10:02:37.0000000Z;38.55;38.6;129;129
2026-06-08T10:03:00.0000000Z;38.55;38.615;129;129
2026-06-08T10:03:01.0000000Z;38.555;38.615;129;129
2026-06-08T10:03:04.0000000Z;38.54;38.615;129;129
2026-06-08T10:03:34.0000000Z;38.54;38.615;129;129
2026-06-08T10:04:05.0000000Z;38.54;38.615;129;129
2026-06-08T10:04:35.0000000Z;38.54;38.615;129;129
2026-06-08T10:04:41.0000000Z;38.55;38.615;129;129
2026-06-08T10:04:48.0000000Z;38.555;38.615;129;129
2026-06-08T10:05:04.0000000Z;38.56;38.615;129;129
2026-06-08T10:05:10.0000000Z;38.555;38.615;129;129
2026-06-08T10:05:12.0000000Z;38.545;38.615;129;129
2026-06-08T10:05:17.0000000Z;38.555;38.615;129;129
2026-06-08T10:05:32.0000000Z;38.56;38.615;129;129
2026-06-08T10:05:36.0000000Z;38.555;38.615;129;129
2026-06-08T10:05:40.0000000Z;38.545;38.615;129;129
2026-06-08T10:05:52.0000000Z;38.555;38.615;129;129
2026-06-08T10:06:23.0000000Z;38.555;38.615;129;129
2026-06-08T10:06:25.0000000Z;38.56;38.615;129;129
2026-06-08T10:06:26.0000000Z;38.555;38.615;129;129
2026-06-08T10:06:29.0000000Z;38.555;38.615;129;129
2026-06-08T10:06:31.0000000Z;38.545;38.615;129;129
2026-06-08T10:06:43.0000000Z;38.555;38.615;129;129
2026-06-08T10:06:49.0000000Z;38.55;38.615;129;129
2026-06-08T10:07:03.0000000Z;38.56;38.615;129;129
2026-06-08T10:07:18.0000000Z;38.565;38.615;129;129
2026-06-08T10:07:35.0000000Z;38.55;38.615;129;129
2026-06-08T10:07:41.0000000Z;38.56;38.615;129;129
2026-06-08T10:07:53.0000000Z;38.565;38.615;129;129
2026-06-08T10:08:03.0000000Z;38.555;38.615;129;129
2026-06-08T10:08:14.0000000Z;38.56;38.615;129;129
2026-06-08T10:08:23.0000000Z;38.55;38.615;129;129
2026-06-08T10:08:28.0000000Z;38.56;38.615;129;129
2026-06-08T10:08:42.0000000Z;38.565;38.615;129;129
2026-06-08T10:08:45.0000000Z;38.565;38.625;129;129
2026-06-08T10:08:51.0000000Z;38.555;38.625;129;129
2026-06-08T10:09:03.0000000Z;38.56;38.625;129;129
2026-06-08T10:09:13.0000000Z;38.55;38.625;129;129
2026-06-08T10:09:18.0000000Z;38.56;38.625;129;129
2026-06-08T10:09:32.0000000Z;38.565;38.625;129;129
2026-06-08T10:09:41.0000000Z;38.555;38.625;129;129
2026-06-08T10:09:53.0000000Z;38.56;38.625;129;129
2026-06-08T10:09:54.0000000Z;38.56;38.615;129;129
2026-06-08T10:10:02.0000000Z;38.55;38.615;129;129
2026-06-08T10:10:07.0000000Z;38.56;38.615;129;129
2026-06-08T10:10:23.0000000Z;38.565;38.615;129;129
2026-06-08T10:10:30.0000000Z;38.55;38.615;129;129
2026-06-08T10:10:43.0000000Z;38.56;38.615;129;129
2026-06-08T10:10:50.0000000Z;38.565;38.615;129;129
2026-06-08T10:10:54.0000000Z;38.56;38.615;129;129
2026-06-08T10:10:55.0000000Z;38.565;38.615;129;129
2026-06-08T10:11:02.0000000Z;38.56;38.615;129;129
2026-06-08T10:11:06.0000000Z;38.55;38.615;129;129
2026-06-08T10:11:11.0000000Z;38.56;38.615;129;129
2026-06-08T10:11:18.0000000Z;38.565;38.615;129;129
2026-06-08T10:11:24.0000000Z;38.56;38.615;129;129
2026-06-08T10:11:26.0000000Z;38.565;38.615;129;129
2026-06-08T10:11:34.0000000Z;38.55;38.615;129;129
2026-06-08T10:11:39.0000000Z;38.56;38.615;129;129
2026-06-08T10:12:08.0000000Z;38.565;38.615;129;129
2026-06-08T10:12:18.0000000Z;38.56;38.615;129;129
2026-06-08T10:12:24.0000000Z;38.55;38.615;129;129
2026-06-08T10:12:28.0000000Z;38.56;38.615;129;129
2026-06-08T10:12:45.0000000Z;38.565;38.615;129;129
2026-06-08T10:12:52.0000000Z;38.55;38.615;129;129
2026-06-08T10:13:04.0000000Z;38.56;38.615;129;129
2026-06-08T10:13:11.0000000Z;38.565;38.615;129;129
2026-06-08T10:13:22.0000000Z;38.55;38.615;129;129
2026-06-08T10:13:32.0000000Z;38.56;38.615;129;129
2026-06-08T10:13:41.0000000Z;38.565;38.615;129;129
2026-06-08T10:13:55.0000000Z;38.55;38.615;129;129
2026-06-08T10:14:01.0000000Z;38.56;38.615;129;129
2026-06-08T10:14:09.0000000Z;38.565;38.615;129;129
2026-06-08T10:14:18.0000000Z;38.56;38.615;129;129
2026-06-08T10:14:23.0000000Z;38.545;38.615;129;129
2026-06-08T10:14:29.0000000Z;38.555;38.615;129;129
2026-06-08T10:14:46.0000000Z;38.56;38.615;129;129
2026-06-08T10:14:55.0000000Z;38.555;38.615;129;129
2026-06-08T10:14:59.0000000Z;38.545;38.615;129;129
2026-06-08T10:15:11.0000000Z;38.555;38.615;129;129
2026-06-08T10:15:18.0000000Z;38.56;38.615;129;129
2026-06-08T10:15:23.0000000Z;38.555;38.615;129;129
2026-06-08T10:15:33.0000000Z;38.545;38.615;129;129
2026-06-08T10:15:40.0000000Z;38.555;38.615;129;129
2026-06-08T10:15:49.0000000Z;38.56;38.615;129;129
2026-06-08T10:16:01.0000000Z;38.555;38.615;129;129
2026-06-08T10:16:03.0000000Z;38.545;38.615;129;129
2026-06-08T10:16:08.0000000Z;38.555;38.615;129;129
2026-06-08T10:16:30.0000000Z;38.56;38.615;129;129
2026-06-08T10:16:33.0000000Z;38.56;38.615;129;129
2026-06-08T10:16:36.0000000Z;38.555;38.615;129;129
2026-06-08T10:16:46.0000000Z;38.545;38.615;129;129
2026-06-08T10:16:50.0000000Z;38.555;38.615;129;129
2026-06-08T10:17:00.0000000Z;38.545;38.615;129;129
2026-06-08T10:17:06.0000000Z;38.545;38.6;129;129
2026-06-08T10:17:12.0000000Z;38.555;38.6;129;129
2026-06-08T10:17:18.0000000Z;38.55;38.6;129;129
2026-06-08T10:17:47.0000000Z;38.55;38.6;129;129
2026-06-08T10:17:50.0000000Z;38.54;38.6;129;129
2026-06-08T10:18:01.0000000Z;38.55;38.6;129;129
2026-06-08T10:18:08.0000000Z;38.545;38.6;129;129
2026-06-08T10:18:24.0000000Z;38.55;38.6;129;129
2026-06-08T10:18:30.0000000Z;38.545;38.6;129;129
2026-06-08T10:18:37.0000000Z;38.55;38.6;129;129
2026-06-08T10:18:46.0000000Z;38.545;38.6;129;129
2026-06-08T10:18:49.0000000Z;38.55;38.6;129;129
2026-06-08T10:18:54.0000000Z;38.545;38.6;129;129
2026-06-08T10:19:01.0000000Z;38.55;38.6;129;129
2026-06-08T10:19:06.0000000Z;38.545;38.6;129;129
2026-06-08T10:19:09.0000000Z;38.55;38.6;129;129
2026-06-08T10:19:14.0000000Z;38.545;38.6;129;129
2026-06-08T10:19:23.0000000Z;38.55;38.6;129;129
2026-06-08T10:19:29.0000000Z;38.545;38.6;129;129
2026-06-08T10:19:59.0000000Z;38.545;38.6;129;129
2026-06-08T10:20:29.0000000Z;38.545;38.6;129;129
2026-06-08T10:21:00.0000000Z;38.545;38.6;129;129
2026-06-08T10:21:30.0000000Z;38.545;38.6;129;129
2026-06-08T10:22:01.0000000Z;38.545;38.6;129;129
2026-06-08T10:22:03.0000000Z;38.54;38.6;129;129
2026-06-08T10:22:04.0000000Z;38.55;38.6;129;129
2026-06-08T10:22:21.0000000Z;38.54;38.6;129;129
2026-06-08T10:22:34.0000000Z;38.54;38.585;129;129
2026-06-08T10:22:53.0000000Z;38.53;38.585;129;129
2026-06-08T10:23:24.0000000Z;38.53;38.585;129;129
2026-06-08T10:23:55.0000000Z;38.53;38.585;129;129
2026-06-08T10:24:25.0000000Z;38.53;38.585;129;129
2026-06-08T10:24:51.0000000Z;38.535;38.585;129;129
2026-06-08T10:24:58.0000000Z;38.53;38.585;129;129
2026-06-08T10:25:02.0000000Z;38.53;38.585;129;129
2026-06-08T10:25:03.0000000Z;38.535;38.585;129;129
2026-06-08T10:25:05.0000000Z;38.53;38.585;129;129
2026-06-08T10:25:06.0000000Z;38.535;38.585;129;129
2026-06-08T10:25:08.0000000Z;38.53;38.585;129;129
2026-06-08T10:25:39.0000000Z;38.53;38.585;129;129
2026-06-08T10:25:41.0000000Z;38.535;38.585;129;129
2026-06-08T10:25:46.0000000Z;38.53;38.585;129;129
2026-06-08T10:25:53.0000000Z;38.535;38.585;129;129
2026-06-08T10:25:56.0000000Z;38.53;38.585;129;129
2026-06-08T10:26:27.0000000Z;38.53;38.585;129;129
2026-06-08T10:26:53.0000000Z;38.535;38.585;129;129
2026-06-08T10:26:58.0000000Z;38.53;38.585;129;129
2026-06-08T10:27:29.0000000Z;38.53;38.585;129;129
2026-06-08T10:27:43.0000000Z;38.535;38.585;129;129
2026-06-08T10:27:44.0000000Z;38.53;38.585;129;129
2026-06-08T10:27:49.0000000Z;38.535;38.585;129;129
2026-06-08T10:27:52.0000000Z;38.53;38.585;129;129
2026-06-08T10:28:23.0000000Z;38.53;38.585;129;129
2026-06-08T10:28:29.0000000Z;38.53;38.585;129;129
2026-06-08T10:28:30.0000000Z;38.535;38.585;129;129
2026-06-08T10:28:37.0000000Z;38.53;38.585;129;129
2026-06-08T10:29:03.0000000Z;38.535;38.585;129;129
2026-06-08T10:29:09.0000000Z;38.53;38.585;129;129
2026-06-08T10:29:23.0000000Z;38.535;38.585;129;129
2026-06-08T10:29:37.0000000Z;38.54;38.585;129;129
2026-06-08T10:29:49.0000000Z;38.54;38.6;129;129
2026-06-08T10:30:20.0000000Z;38.54;38.6;129;129
2026-06-08T10:30:50.0000000Z;38.54;38.6;129;129
2026-06-08T10:31:21.0000000Z;38.54;38.6;129;129
2026-06-08T10:31:51.0000000Z;38.54;38.6;129;129
2026-06-08T10:32:22.0000000Z;38.54;38.6;129;129
2026-06-08T10:32:28.0000000Z;38.53;38.6;129;129
2026-06-08T10:32:42.0000000Z;38.54;38.6;129;129
2026-06-08T10:33:13.0000000Z;38.54;38.6;129;129
2026-06-08T10:33:43.0000000Z;38.545;38.6;129;129
2026-06-08T10:34:13.0000000Z;38.545;38.6;129;129
2026-06-08T10:34:15.0000000Z;38.56;38.6;129;129
2026-06-08T10:34:20.0000000Z;38.56;38.645;129;129
2026-06-08T10:34:22.0000000Z;38.55;38.645;129;129
2026-06-08T10:34:26.0000000Z;38.565;38.645;129;129
2026-06-08T10:34:31.0000000Z;38.565;38.63;129;129
2026-06-08T10:34:33.0000000Z;38.545;38.63;129;129
2026-06-08T10:34:41.0000000Z;38.55;38.63;129;129
2026-06-08T10:34:51.0000000Z;38.565;38.63;129;129
2026-06-08T10:34:53.0000000Z;38.565;38.645;129;129
2026-06-08T10:34:54.0000000Z;38.565;38.63;129;129
2026-06-08T10:34:56.0000000Z;38.55;38.63;129;129
2026-06-08T10:35:09.0000000Z;38.535;38.63;129;129
2026-06-08T10:35:18.0000000Z;38.535;38.615;129;129
2026-06-08T10:35:23.0000000Z;38.535;38.63;129;129
2026-06-08T10:35:25.0000000Z;38.535;38.64;129;129
2026-06-08T10:35:34.0000000Z;38.53;38.64;129;129
2026-06-08T10:35:58.0000000Z;38.53;38.64;129;129
2026-06-08T10:36:09.0000000Z;38.53;38.635;129;129
2026-06-08T10:36:39.0000000Z;38.53;38.635;129;129
2026-06-08T10:36:49.0000000Z;38.53;38.645;129;129
2026-06-08T10:37:20.0000000Z;38.53;38.645;129;129
2026-06-08T10:37:31.0000000Z;38.53;38.64;129;129
2026-06-08T10:38:02.0000000Z;38.53;38.64;129;129
2026-06-08T10:38:32.0000000Z;38.53;38.64;129;129
2026-06-08T10:39:03.0000000Z;38.53;38.64;129;129
2026-06-08T10:39:34.0000000Z;38.53;38.64;129;129
2026-06-08T10:40:04.0000000Z;38.53;38.64;129;129
2026-06-08T10:40:35.0000000Z;38.53;38.64;129;129
2026-06-08T10:41:05.0000000Z;38.53;38.64;129;129
2026-06-08T10:41:36.0000000Z;38.53;38.64;129;129
2026-06-08T10:42:06.0000000Z;38.53;38.64;129;129
2026-06-08T10:42:37.0000000Z;38.53;38.64;129;129
2026-06-08T10:43:08.0000000Z;38.53;38.64;129;129
2026-06-08T10:43:38.0000000Z;38.53;38.64;129;129
2026-06-08T10:44:03.0000000Z;38.53;38.65;129;129
2026-06-08T10:44:33.0000000Z;38.53;38.65;129;129
2026-06-08T10:45:04.0000000Z;38.53;38.65;129;129
2026-06-08T10:45:35.0000000Z;38.53;38.65;129;129
2026-06-08T10:45:40.0000000Z;38.53;38.64;129;129
2026-06-08T10:46:10.0000000Z;38.53;38.64;129;129
2026-06-08T10:46:41.0000000Z;38.53;38.64;129;129
2026-06-08T10:46:56.0000000Z;38.53;38.635;129;129
2026-06-08T10:47:26.0000000Z;38.53;38.635;129;129
2026-06-08T10:47:56.0000000Z;38.53;38.635;129;129
2026-06-08T10:48:27.0000000Z;38.53;38.635;129;129
2026-06-08T10:48:57.0000000Z;38.53;38.635;129;129
2026-06-08T10:49:28.0000000Z;38.53;38.635;129;129
2026-06-08T10:49:59.0000000Z;38.53;38.635;129;129
2026-06-08T10:50:29.0000000Z;38.53;38.635;129;129
2026-06-08T10:51:00.0000000Z;38.53;38.635;129;129
2026-06-08T10:51:02.0000000Z;38.53;38.625;129;129
2026-06-08T10:51:32.0000000Z;38.53;38.625;129;129
2026-06-08T10:52:03.0000000Z;38.53;38.625;129;129
2026-06-08T10:52:33.0000000Z;38.53;38.625;129;129
2026-06-08T10:53:04.0000000Z;38.53;38.625;129;129
2026-06-08T10:53:06.0000000Z;38.53;38.63;129;129
2026-06-08T10:53:10.0000000Z;38.53;38.635;129;129
2026-06-08T10:53:41.0000000Z;38.53;38.635;129;129
2026-06-08T10:54:11.0000000Z;38.53;38.635;129;129
2026-06-08T10:54:42.0000000Z;38.53;38.635;129;129
2026-06-08T10:55:12.0000000Z;38.53;38.635;129;129
2026-06-08T10:55:43.0000000Z;38.53;38.635;129;129
2026-06-08T10:56:14.0000000Z;38.53;38.635;129;129
2026-06-08T10:56:20.0000000Z;38.53;38.625;129;129
2026-06-08T10:56:50.0000000Z;38.53;38.625;129;129
2026-06-08T10:57:21.0000000Z;38.53;38.625;129;129
2026-06-08T10:57:51.0000000Z;38.53;38.625;129;129
2026-06-08T10:58:22.0000000Z;38.53;38.625;129;129
2026-06-08T10:58:53.0000000Z;38.53;38.625;129;129
2026-06-08T10:59:23.0000000Z;38.53;38.625;129;129
2026-06-08T10:59:54.0000000Z;38.53;38.625;129;129
2026-06-08T11:00:24.0000000Z;38.53;38.625;129;129
2026-06-08T11:00:55.0000000Z;38.53;38.625;129;129
2026-06-08T11:01:26.0000000Z;38.53;38.625;129;129
2026-06-08T11:01:52.0000000Z;38.53;38.61;129;129
2026-06-08T11:02:23.0000000Z;38.53;38.61;129;129
2026-06-08T11:02:53.0000000Z;38.53;38.61;129;129
2026-06-08T11:03:24.0000000Z;38.53;38.61;129;129
2026-06-08T11:03:55.0000000Z;38.53;38.61;129;129
2026-06-08T11:04:02.0000000Z;38.54;38.61;129;129
2026-06-08T11:04:15.0000000Z;38.545;38.61;129;129
2026-06-08T11:04:46.0000000Z;38.545;38.61;129;129
2026-06-08T11:04:47.0000000Z;38.545;38.615;129;129
2026-06-08T11:05:17.0000000Z;38.545;38.615;129;129
2026-06-08T11:05:23.0000000Z;38.55;38.615;129;129
2026-06-08T11:05:53.0000000Z;38.55;38.615;129;129
2026-06-08T11:06:24.0000000Z;38.55;38.615;129;129
2026-06-08T11:06:31.0000000Z;38.545;38.615;129;129
2026-06-08T11:07:01.0000000Z;38.545;38.615;129;129
2026-06-08T11:07:09.0000000Z;38.545;38.615;129;129
2026-06-08T11:07:11.0000000Z;38.545;38.615;129;129
2026-06-08T11:07:21.0000000Z;38.53;38.615;129;129
2026-06-08T11:07:33.0000000Z;38.54;38.615;129;129
2026-06-08T11:07:40.0000000Z;38.545;38.615;129;129
2026-06-08T11:07:49.0000000Z;38.53;38.615;129;129
2026-06-08T11:08:01.0000000Z;38.54;38.615;129;129
2026-06-08T11:08:08.0000000Z;38.545;38.615;129;129
2026-06-08T11:08:23.0000000Z;38.53;38.615;129;129
2026-06-08T11:08:29.0000000Z;38.54;38.615;129;129
2026-06-08T11:08:35.0000000Z;38.55;38.615;129;129
2026-06-08T11:09:05.0000000Z;38.55;38.615;129;129
2026-06-08T11:09:22.0000000Z;38.54;38.615;129;129
2026-06-08T11:09:32.0000000Z;38.55;38.615;129;129
2026-06-08T11:09:41.0000000Z;38.555;38.615;129;129
2026-06-08T11:09:46.0000000Z;38.55;38.615;129;129
2026-06-08T11:09:47.0000000Z;38.55;38.615;129;129
2026-06-08T11:09:48.0000000Z;38.555;38.615;129;129
2026-06-08T11:09:50.0000000Z;38.55;38.615;129;129
2026-06-08T11:10:02.0000000Z;38.555;38.615;129;129
2026-06-08T11:10:08.0000000Z;38.55;38.615;129;129
2026-06-08T11:10:10.0000000Z;38.545;38.615;129;129
2026-06-08T11:10:23.0000000Z;38.55;38.615;129;129
2026-06-08T11:10:32.0000000Z;38.545;38.615;129;129
2026-06-08T11:10:39.0000000Z;38.555;38.615;129;129
2026-06-08T11:10:46.0000000Z;38.555;38.62;129;129
2026-06-08T11:10:54.0000000Z;38.53;38.62;129;129
2026-06-08T11:11:02.0000000Z;38.54;38.65;129;129
2026-06-08T11:11:32.0000000Z;38.54;38.65;129;129
2026-06-08T11:12:03.0000000Z;38.54;38.65;129;129
2026-06-08T11:12:33.0000000Z;38.54;38.65;129;129
2026-06-08T11:12:48.0000000Z;38.55;38.65;129;129
2026-06-08T11:13:12.0000000Z;38.565;38.65;129;129
2026-06-08T11:13:15.0000000Z;38.57;38.65;129;129
2026-06-08T11:13:45.0000000Z;38.57;38.65;129;129
2026-06-08T11:14:15.0000000Z;38.57;38.65;129;129
2026-06-08T11:14:19.0000000Z;38.59;38.65;129;129
2026-06-08T11:14:33.0000000Z;38.595;38.65;129;129
2026-06-08T11:14:41.0000000Z;38.585;38.65;129;129
2026-06-08T11:14:47.0000000Z;38.595;38.65;129;129
2026-06-08T11:14:59.0000000Z;38.595;38.675;129;129
2026-06-08T11:15:05.0000000Z;38.6;38.675;129;129
2026-06-08T11:15:10.0000000Z;38.61;38.675;129;129
2026-06-08T11:15:17.0000000Z;38.61;38.685;129;129
2026-06-08T11:15:22.0000000Z;38.6;38.7;129;129
2026-06-08T11:15:25.0000000Z;38.6;38.71;129;129
2026-06-08T11:15:29.0000000Z;38.6;38.705;129;129
2026-06-08T11:15:35.0000000Z;38.615;38.705;129;129
2026-06-08T11:15:41.0000000Z;38.6;38.705;129;129
2026-06-08T11:15:43.0000000Z;38.6;38.715;129;129
2026-06-08T11:15:51.0000000Z;38.6;38.71;129;129
2026-06-08T11:15:52.0000000Z;38.62;38.7;129;129
2026-06-08T11:16:05.0000000Z;38.62;38.69;129;129
2026-06-08T11:16:10.0000000Z;38.605;38.69;129;129
2026-06-08T11:16:38.0000000Z;38.605;38.69;129;129
2026-06-08T11:17:09.0000000Z;38.605;38.69;129;129
2026-06-08T11:17:39.0000000Z;38.605;38.69;129;129
2026-06-08T11:18:10.0000000Z;38.605;38.69;129;129
2026-06-08T11:18:40.0000000Z;38.605;38.69;129;129
2026-06-08T11:19:11.0000000Z;38.605;38.69;129;129
2026-06-08T11:19:41.0000000Z;38.605;38.69;129;129
2026-06-08T11:20:11.0000000Z;38.605;38.69;129;129
2026-06-08T11:20:42.0000000Z;38.605;38.69;129;129
2026-06-08T11:21:12.0000000Z;38.605;38.69;129;129
2026-06-08T11:21:43.0000000Z;38.605;38.705;129;129
2026-06-08T11:21:44.0000000Z;38.62;38.705;129;129
2026-06-08T11:21:49.0000000Z;38.62;38.7;129;129
2026-06-08T11:22:19.0000000Z;38.62;38.7;129;129
2026-06-08T11:22:50.0000000Z;38.62;38.7;129;129
2026-06-08T11:23:20.0000000Z;38.62;38.7;129;129
2026-06-08T11:23:35.0000000Z;38.62;38.69;129;129
2026-06-08T11:23:48.0000000Z;38.605;38.69;129;129
2026-06-08T11:24:17.0000000Z;38.605;38.69;129;129
2026-06-08T11:24:48.0000000Z;38.605;38.69;129;129
2026-06-08T11:25:19.0000000Z;38.605;38.69;129;129
2026-06-08T11:25:49.0000000Z;38.605;38.69;129;129
2026-06-08T11:26:20.0000000Z;38.605;38.69;129;129
2026-06-08T11:26:50.0000000Z;38.605;38.69;129;129
2026-06-08T11:27:21.0000000Z;38.605;38.69;129;129
2026-06-08T11:27:51.0000000Z;38.605;38.69;129;129
2026-06-08T11:28:22.0000000Z;38.605;38.69;129;129
2026-06-08T11:28:52.0000000Z;38.605;38.69;129;129
2026-06-08T11:29:23.0000000Z;38.605;38.69;129;129
2026-06-08T11:29:41.0000000Z;38.605;38.7;129;129
2026-06-08T11:29:45.0000000Z;38.62;38.7;129;129
2026-06-08T11:30:16.0000000Z;38.62;38.7;129;129
2026-06-08T11:30:46.0000000Z;38.62;38.7;129;129
2026-06-08T11:31:17.0000000Z;38.62;38.7;129;129
2026-06-08T11:31:38.0000000Z;38.62;38.715;129;129
2026-06-08T11:31:48.0000000Z;38.635;38.72;129;129
2026-06-08T11:32:19.0000000Z;38.635;38.72;129;129
2026-06-08T11:32:43.0000000Z;38.635;38.715;129;129
2026-06-08T11:32:44.0000000Z;38.635;38.705;129;129
2026-06-08T11:32:58.0000000Z;38.62;38.705;129;129
2026-06-08T11:33:29.0000000Z;38.62;38.705;129;129
2026-06-08T11:34:00.0000000Z;38.62;38.705;129;129
2026-06-08T11:34:30.0000000Z;38.62;38.705;129;129
2026-06-08T11:35:01.0000000Z;38.62;38.705;129;129
2026-06-08T11:35:31.0000000Z;38.62;38.705;129;129
2026-06-08T11:36:02.0000000Z;38.62;38.705;129;129
2026-06-08T11:36:04.0000000Z;38.635;38.705;129;129
2026-06-08T11:36:09.0000000Z;38.635;38.71;129;129
2026-06-08T11:36:40.0000000Z;38.635;38.71;129;129
2026-06-08T11:37:10.0000000Z;38.635;38.71;129;129
2026-06-08T11:37:33.0000000Z;38.635;38.72;129;129
2026-06-08T11:38:04.0000000Z;38.635;38.72;129;129
2026-06-08T11:38:34.0000000Z;38.635;38.72;129;129
2026-06-08T11:39:05.0000000Z;38.635;38.72;129;129
2026-06-08T11:39:36.0000000Z;38.635;38.72;129;129
2026-06-08T11:40:06.0000000Z;38.635;38.72;129;129
2026-06-08T11:40:37.0000000Z;38.635;38.72;129;129
2026-06-08T11:41:07.0000000Z;38.635;38.72;129;129
2026-06-08T11:41:38.0000000Z;38.635;38.72;129;129
2026-06-08T11:42:08.0000000Z;38.635;38.72;129;129
2026-06-08T11:42:39.0000000Z;38.635;38.72;129;129
2026-06-08T11:43:09.0000000Z;38.635;38.72;129;129
2026-06-08T11:43:40.0000000Z;38.635;38.72;129;129
2026-06-08T11:44:10.0000000Z;38.635;38.72;129;129
2026-06-08T11:44:37.0000000Z;38.62;38.72;129;129
2026-06-08T11:44:39.0000000Z;38.62;38.71;129;129
2026-06-08T11:44:40.0000000Z;38.62;38.705;129;129
2026-06-08T11:45:10.0000000Z;38.62;38.705;129;129
2026-06-08T11:45:41.0000000Z;38.62;38.705;129;129
2026-06-08T11:46:11.0000000Z;38.62;38.705;129;129
2026-06-08T11:46:42.0000000Z;38.62;38.705;129;129
2026-06-08T11:47:11.0000000Z;38.62;38.7;129;129
2026-06-08T11:47:13.0000000Z;38.62;38.69;129;129
2026-06-08T11:47:24.0000000Z;38.605;38.69;129;129
2026-06-08T11:47:53.0000000Z;38.605;38.69;129;129
2026-06-08T11:48:24.0000000Z;38.605;38.69;129;129
2026-06-08T11:48:54.0000000Z;38.605;38.69;129;129
2026-06-08T11:49:25.0000000Z;38.605;38.69;129;129
2026-06-08T11:49:55.0000000Z;38.605;38.69;129;129
2026-06-08T11:50:26.0000000Z;38.605;38.69;129;129
2026-06-08T11:50:57.0000000Z;38.605;38.69;129;129
2026-06-08T11:51:27.0000000Z;38.605;38.69;129;129
2026-06-08T11:51:57.0000000Z;38.605;38.69;129;129
2026-06-08T11:52:28.0000000Z;38.605;38.69;129;129
2026-06-08T11:52:47.0000000Z;38.605;38.685;129;129
2026-06-08T11:52:49.0000000Z;38.595;38.685;129;129
2026-06-08T11:53:20.0000000Z;38.595;38.685;129;129
2026-06-08T11:53:51.0000000Z;38.595;38.685;129;129
2026-06-08T11:54:21.0000000Z;38.595;38.685;129;129
2026-06-08T11:54:52.0000000Z;38.595;38.685;129;129
2026-06-08T11:55:22.0000000Z;38.595;38.685;129;129
2026-06-08T11:55:53.0000000Z;38.595;38.685;129;129
2026-06-08T11:56:24.0000000Z;38.595;38.685;129;129
2026-06-08T11:56:54.0000000Z;38.595;38.685;129;129
2026-06-08T11:57:25.0000000Z;38.595;38.685;129;129
2026-06-08T11:57:55.0000000Z;38.595;38.685;129;129
2026-06-08T11:58:26.0000000Z;38.595;38.685;129;129
2026-06-08T11:58:56.0000000Z;38.595;38.685;129;129
2026-06-08T11:59:06.0000000Z;38.595;38.68;129;129
2026-06-08T11:59:37.0000000Z;38.595;38.68;129;129
2026-06-08T12:00:08.0000000Z;38.595;38.68;129;129
2026-06-08T12:00:38.0000000Z;38.595;38.68;129;129
2026-06-08T12:00:57.0000000Z;38.61;38.7;129;129
2026-06-08T12:01:27.0000000Z;38.61;38.7;129;129
2026-06-08T12:01:37.0000000Z;38.61;38.69;129;129
2026-06-08T12:01:38.0000000Z;38.595;38.69;129;129
2026-06-08T12:01:39.0000000Z;38.595;38.685;129;129
2026-06-08T12:01:40.0000000Z;38.595;38.68;129;129
2026-06-08T12:02:11.0000000Z;38.595;38.68;129;129
2026-06-08T12:02:41.0000000Z;38.595;38.68;129;129
2026-06-08T12:03:12.0000000Z;38.595;38.68;129;129
2026-06-08T12:03:42.0000000Z;38.595;38.68;129;129
2026-06-08T12:04:13.0000000Z;38.595;38.68;129;129
2026-06-08T12:04:43.0000000Z;38.595;38.68;129;129
2026-06-08T12:05:14.0000000Z;38.595;38.68;129;129
2026-06-08T12:05:23.0000000Z;38.615;38.68;129;129
2026-06-08T12:05:25.0000000Z;38.615;38.685;129;129
2026-06-08T12:05:26.0000000Z;38.615;38.68;129;129
2026-06-08T12:05:57.0000000Z;38.615;38.68;129;129
2026-06-08T12:06:01.0000000Z;38.605;38.685;129;129
2026-06-08T12:06:02.0000000Z;38.615;38.68;129;129
2026-06-08T12:06:25.0000000Z;38.615;38.685;129;129
2026-06-08T12:06:34.0000000Z;38.615;38.68;129;129
2026-06-08T12:07:05.0000000Z;38.615;38.68;129;129
2026-06-08T12:07:35.0000000Z;38.615;38.68;129;129
2026-06-08T12:08:06.0000000Z;38.615;38.68;129;129
2026-06-08T12:08:36.0000000Z;38.62;38.685;129;129
2026-06-08T12:08:38.0000000Z;38.62;38.69;129;129
2026-06-08T12:08:44.0000000Z;38.625;38.69;129;129
2026-06-08T12:08:49.0000000Z;38.625;38.7;129;129
2026-06-08T12:09:16.0000000Z;38.625;38.7;129;129
2026-06-08T12:09:38.0000000Z;38.625;38.695;129;129
2026-06-08T12:10:09.0000000Z;38.625;38.695;129;129
2026-06-08T12:10:14.0000000Z;38.625;38.7;129;129
2026-06-08T12:10:45.0000000Z;38.625;38.7;129;129
2026-06-08T12:11:15.0000000Z;38.625;38.7;129;129
2026-06-08T12:11:46.0000000Z;38.625;38.7;129;129
2026-06-08T12:12:16.0000000Z;38.625;38.7;129;129
2026-06-08T12:12:47.0000000Z;38.625;38.7;129;129
2026-06-08T12:13:17.0000000Z;38.625;38.7;129;129
2026-06-08T12:13:48.0000000Z;38.625;38.7;129;129
2026-06-08T12:14:18.0000000Z;38.625;38.7;129;129
2026-06-08T12:14:49.0000000Z;38.625;38.69;129;129
2026-06-08T12:14:59.0000000Z;38.635;38.69;129;129
2026-06-08T12:15:02.0000000Z;38.635;38.7;129;129
2026-06-08T12:15:32.0000000Z;38.635;38.695;129;129
2026-06-08T12:16:00.0000000Z;38.625;38.7;129;129
2026-06-08T12:16:25.0000000Z;38.635;38.695;129;129
2026-06-08T12:16:30.0000000Z;38.635;38.7;129;129
2026-06-08T12:16:36.0000000Z;38.635;38.695;129;129
2026-06-08T12:16:38.0000000Z;38.625;38.695;129;129
2026-06-08T12:17:09.0000000Z;38.625;38.695;129;129
2026-06-08T12:17:10.0000000Z;38.625;38.7;129;129
2026-06-08T12:17:41.0000000Z;38.625;38.7;129;129
2026-06-08T12:18:11.0000000Z;38.625;38.7;129;129
2026-06-08T12:18:42.0000000Z;38.625;38.7;129;129
2026-06-08T12:19:13.0000000Z;38.625;38.7;129;129
2026-06-08T12:19:33.0000000Z;38.625;38.695;129;129
2026-06-08T12:20:04.0000000Z;38.625;38.695;129;129
2026-06-08T12:20:34.0000000Z;38.625;38.695;129;129
2026-06-08T12:21:01.0000000Z;38.63;38.695;129;129
2026-06-08T12:21:05.0000000Z;38.64;38.695;129;129
2026-06-08T12:21:06.0000000Z;38.64;38.715;129;129
2026-06-08T12:21:37.0000000Z;38.64;38.715;129;129
2026-06-08T12:21:58.0000000Z;38.64;38.71;129;129
2026-06-08T12:22:01.0000000Z;38.635;38.71;129;129
2026-06-08T12:22:02.0000000Z;38.64;38.705;129;129
2026-06-08T12:22:04.0000000Z;38.64;38.71;129;129
2026-06-08T12:22:05.0000000Z;38.64;38.715;129;129
2026-06-08T12:22:20.0000000Z;38.64;38.71;129;129
2026-06-08T12:22:51.0000000Z;38.64;38.71;129;129
2026-06-08T12:23:21.0000000Z;38.64;38.71;129;129
2026-06-08T12:23:52.0000000Z;38.64;38.71;129;129
2026-06-08T12:24:22.0000000Z;38.64;38.71;129;129
2026-06-08T12:24:53.0000000Z;38.64;38.71;129;129
2026-06-08T12:25:23.0000000Z;38.64;38.71;129;129
2026-06-08T12:25:54.0000000Z;38.64;38.71;129;129
2026-06-08T12:26:10.0000000Z;38.64;38.715;129;129
2026-06-08T12:26:40.0000000Z;38.64;38.715;129;129
2026-06-08T12:27:11.0000000Z;38.64;38.715;129;129
2026-06-08T12:27:42.0000000Z;38.64;38.715;129;129
2026-06-08T12:27:47.0000000Z;38.64;38.71;129;129
2026-06-08T12:28:18.0000000Z;38.64;38.71;129;129
2026-06-08T12:28:49.0000000Z;38.64;38.71;129;129
2026-06-08T12:29:17.0000000Z;38.64;38.715;129;129
2026-06-08T12:29:47.0000000Z;38.64;38.715;129;129
2026-06-08T12:30:16.0000000Z;38.64;38.71;129;129
2026-06-08T12:30:46.0000000Z;38.64;38.71;129;129
2026-06-08T12:30:57.0000000Z;38.64;38.715;129;129
2026-06-08T12:31:02.0000000Z;38.64;38.71;129;129
2026-06-08T12:31:05.0000000Z;38.65;38.71;129;129
2026-06-08T12:31:07.0000000Z;38.65;38.715;129;129
2026-06-08T12:31:10.0000000Z;38.65;38.71;129;129
2026-06-08T12:31:13.0000000Z;38.64;38.715;129;129
2026-06-08T12:31:19.0000000Z;38.64;38.71;129;129
2026-06-08T12:31:25.0000000Z;38.65;38.71;129;129
2026-06-08T12:31:27.0000000Z;38.65;38.715;129;129
2026-06-08T12:31:41.0000000Z;38.64;38.71;129;129
2026-06-08T12:31:45.0000000Z;38.65;38.71;129;129
2026-06-08T12:31:47.0000000Z;38.65;38.715;129;129
2026-06-08T12:31:49.0000000Z;38.65;38.71;129;129
2026-06-08T12:31:51.0000000Z;38.64;38.71;129;129
2026-06-08T12:31:54.0000000Z;38.65;38.71;129;129
2026-06-08T12:31:55.0000000Z;38.65;38.715;129;129
2026-06-08T12:31:57.0000000Z;38.645;38.725;129;129
2026-06-08T12:31:58.0000000Z;38.645;38.715;129;129
2026-06-08T12:32:27.0000000Z;38.645;38.725;129;129
2026-06-08T12:32:29.0000000Z;38.655;38.715;129;129
2026-06-08T12:32:55.0000000Z;38.655;38.725;129;129
2026-06-08T12:33:26.0000000Z;38.655;38.725;129;129
2026-06-08T12:33:27.0000000Z;38.655;38.715;129;129
2026-06-08T12:33:31.0000000Z;38.645;38.715;129;129
2026-06-08T12:33:34.0000000Z;38.655;38.715;129;129
2026-06-08T12:33:36.0000000Z;38.655;38.725;129;129
2026-06-08T12:33:47.0000000Z;38.655;38.715;129;129
2026-06-08T12:33:51.0000000Z;38.645;38.715;129;129
2026-06-08T12:34:20.0000000Z;38.645;38.715;129;129
2026-06-08T12:34:50.0000000Z;38.645;38.715;129;129
2026-06-08T12:35:21.0000000Z;38.645;38.715;129;129
2026-06-08T12:35:52.0000000Z;38.645;38.715;129;129
2026-06-08T12:36:12.0000000Z;38.645;38.725;129;129
2026-06-08T12:36:43.0000000Z;38.645;38.725;129;129
2026-06-08T12:37:13.0000000Z;38.645;38.725;129;129
2026-06-08T12:37:44.0000000Z;38.645;38.725;129;129
2026-06-08T12:38:14.0000000Z;38.645;38.725;129;129
2026-06-08T12:38:45.0000000Z;38.645;38.725;129;129
2026-06-08T12:39:16.0000000Z;38.645;38.725;129;129
2026-06-08T12:39:46.0000000Z;38.645;38.725;129;129
2026-06-08T12:40:02.0000000Z;38.645;38.715;129;129
2026-06-08T12:40:03.0000000Z;38.635;38.715;129;129
2026-06-08T12:40:34.0000000Z;38.635;38.715;129;129
2026-06-08T12:41:02.0000000Z;38.635;38.725;129;129
2026-06-08T12:41:08.0000000Z;38.635;38.715;129;129
2026-06-08T12:41:13.0000000Z;38.645;38.715;129;129
2026-06-08T12:41:14.0000000Z;38.645;38.725;129;129
2026-06-08T12:41:17.0000000Z;38.65;38.72;129;129
2026-06-08T12:41:47.0000000Z;38.65;38.72;129;129
2026-06-08T12:42:18.0000000Z;38.65;38.72;129;129
2026-06-08T12:42:22.0000000Z;38.65;38.725;129;129
2026-06-08T12:42:38.0000000Z;38.67;38.72;129;129
2026-06-08T12:42:40.0000000Z;38.67;38.71;129;129
2026-06-08T12:42:43.0000000Z;38.67;38.72;129;129
2026-06-08T12:42:44.0000000Z;38.655;38.71;129;129
2026-06-08T12:42:46.0000000Z;38.655;38.72;129;129
2026-06-08T12:42:50.0000000Z;38.65;38.72;129;129
2026-06-08T12:43:21.0000000Z;38.65;38.72;129;129
2026-06-08T12:43:51.0000000Z;38.65;38.72;129;129
2026-06-08T12:44:22.0000000Z;38.65;38.72;129;129
2026-06-08T12:44:52.0000000Z;38.65;38.72;129;129
2026-06-08T12:45:23.0000000Z;38.65;38.72;129;129
2026-06-08T12:45:54.0000000Z;38.65;38.72;129;129
2026-06-08T12:46:12.0000000Z;38.655;38.72;129;129
2026-06-08T12:46:21.0000000Z;38.65;38.72;129;129
2026-06-08T12:46:51.0000000Z;38.655;38.72;129;129
2026-06-08T12:47:21.0000000Z;38.655;38.72;129;129
2026-06-08T12:47:27.0000000Z;38.645;38.72;129;129
2026-06-08T12:47:31.0000000Z;38.655;38.72;129;129
2026-06-08T12:47:49.0000000Z;38.645;38.72;129;129
2026-06-08T12:48:19.0000000Z;38.645;38.72;129;129
2026-06-08T12:48:40.0000000Z;38.655;38.72;129;129
2026-06-08T12:49:11.0000000Z;38.655;38.72;129;129
2026-06-08T12:49:42.0000000Z;38.655;38.72;129;129
2026-06-08T12:50:12.0000000Z;38.655;38.72;129;129
2026-06-08T12:50:21.0000000Z;38.645;38.72;129;129
2026-06-08T12:50:50.0000000Z;38.645;38.72;129;129
2026-06-08T12:51:14.0000000Z;38.655;38.72;129;129
2026-06-08T12:51:22.0000000Z;38.645;38.72;129;129
2026-06-08T12:51:26.0000000Z;38.655;38.72;129;129
2026-06-08T12:51:49.0000000Z;38.645;38.72;129;129
2026-06-08T12:52:10.0000000Z;38.645;38.72;129;129
2026-06-08T12:52:24.0000000Z;38.655;38.72;129;129
2026-06-08T12:52:36.0000000Z;38.645;38.72;129;129
2026-06-08T12:52:46.0000000Z;38.655;38.72;129;129
2026-06-08T12:53:17.0000000Z;38.655;38.72;129;129
2026-06-08T12:53:47.0000000Z;38.655;38.72;129;129
2026-06-08T12:53:55.0000000Z;38.645;38.72;129;129
2026-06-08T12:54:15.0000000Z;38.655;38.72;129;129
2026-06-08T12:54:45.0000000Z;38.655;38.72;129;129
2026-06-08T12:54:47.0000000Z;38.645;38.72;129;129
2026-06-08T12:55:18.0000000Z;38.645;38.72;129;129
2026-06-08T12:55:34.0000000Z;38.655;38.72;129;129
2026-06-08T12:56:05.0000000Z;38.655;38.72;129;129
2026-06-08T12:56:09.0000000Z;38.65;38.72;129;129
2026-06-08T12:56:12.0000000Z;38.655;38.72;129;129
2026-06-08T12:56:15.0000000Z;38.655;38.725;129;129
2026-06-08T12:56:19.0000000Z;38.655;38.72;129;129
2026-06-08T12:56:21.0000000Z;38.65;38.72;129;129
2026-06-08T12:56:52.0000000Z;38.65;38.72;129;129
2026-06-08T12:56:54.0000000Z;38.655;38.72;129;129
2026-06-08T12:56:56.0000000Z;38.655;38.725;129;129
2026-06-08T12:57:08.0000000Z;38.655;38.72;129;129
2026-06-08T12:57:10.0000000Z;38.65;38.72;129;129
2026-06-08T12:57:39.0000000Z;38.655;38.72;129;129
2026-06-08T12:57:40.0000000Z;38.655;38.725;129;129
2026-06-08T12:57:46.0000000Z;38.655;38.72;129;129
2026-06-08T12:57:48.0000000Z;38.65;38.72;129;129
2026-06-08T12:58:18.0000000Z;38.65;38.72;129;129
2026-06-08T12:58:49.0000000Z;38.65;38.72;129;129
2026-06-08T12:59:11.0000000Z;38.655;38.72;129;129
2026-06-08T12:59:14.0000000Z;38.655;38.725;129;129
2026-06-08T12:59:44.0000000Z;38.655;38.72;129;129
2026-06-08T12:59:46.0000000Z;38.65;38.72;129;129
2026-06-08T12:59:52.0000000Z;38.65;38.725;129;129
2026-06-08T12:59:53.0000000Z;38.65;38.72;129;129
2026-06-08T13:00:03.0000000Z;38.655;38.72;129;129
2026-06-08T13:00:10.0000000Z;38.65;38.72;129;129
2026-06-08T13:00:16.0000000Z;38.655;38.72;129;129
2026-06-08T13:00:19.0000000Z;38.655;38.725;129;129
2026-06-08T13:00:25.0000000Z;38.655;38.72;129;129
2026-06-08T13:00:29.0000000Z;38.65;38.72;129;129
2026-06-08T13:00:30.0000000Z;38.65;38.715;129;129
2026-06-08T13:00:31.0000000Z;38.645;38.715;129;129
2026-06-08T13:00:47.0000000Z;38.645;38.725;129;129
2026-06-08T13:01:03.0000000Z;38.645;38.715;129;129
2026-06-08T13:01:09.0000000Z;38.645;38.725;129;129
2026-06-08T13:01:39.0000000Z;38.645;38.725;129;129
2026-06-08T13:02:10.0000000Z;38.645;38.725;129;129
2026-06-08T13:02:40.0000000Z;38.645;38.725;129;129
2026-06-08T13:02:41.0000000Z;38.645;38.715;129;129
2026-06-08T13:02:45.0000000Z;38.645;38.725;129;129
2026-06-08T13:02:46.0000000Z;38.645;38.715;129;129
2026-06-08T13:02:53.0000000Z;38.645;38.725;129;129
2026-06-08T13:03:23.0000000Z;38.645;38.725;129;129
2026-06-08T13:03:54.0000000Z;38.645;38.725;129;129
2026-06-08T13:04:12.0000000Z;38.655;38.72;129;129
2026-06-08T13:04:21.0000000Z;38.655;38.725;129;129
2026-06-08T13:04:52.0000000Z;38.655;38.725;129;129
2026-06-08T13:04:53.0000000Z;38.655;38.72;129;129
2026-06-08T13:04:54.0000000Z;38.65;38.72;129;129
2026-06-08T13:05:08.0000000Z;38.655;38.72;129;129
2026-06-08T13:05:10.0000000Z;38.655;38.725;129;129
2026-06-08T13:05:32.0000000Z;38.66;38.72;129;129
2026-06-08T13:05:38.0000000Z;38.65;38.72;129;129
2026-06-08T13:06:08.0000000Z;38.65;38.72;129;129
2026-06-08T13:06:39.0000000Z;38.65;38.72;129;129
2026-06-08T13:07:09.0000000Z;38.65;38.72;129;129
2026-06-08T13:07:40.0000000Z;38.65;38.72;129;129
2026-06-08T13:08:10.0000000Z;38.65;38.72;129;129
2026-06-08T13:08:41.0000000Z;38.65;38.72;129;129
2026-06-08T13:09:11.0000000Z;38.65;38.72;129;129
2026-06-08T13:09:42.0000000Z;38.65;38.72;129;129
2026-06-08T13:10:12.0000000Z;38.65;38.72;129;129
2026-06-08T13:10:41.0000000Z;38.645;38.725;129;129
2026-06-08T13:10:45.0000000Z;38.65;38.72;129;129
2026-06-08T13:11:15.0000000Z;38.65;38.72;129;129
2026-06-08T13:11:46.0000000Z;38.65;38.715;129;129
2026-06-08T13:11:49.0000000Z;38.64;38.715;129;129
2026-06-08T13:12:19.0000000Z;38.64;38.715;129;129
2026-06-08T13:12:43.0000000Z;38.65;38.715;129;129
2026-06-08T13:12:45.0000000Z;38.65;38.725;129;129
2026-06-08T13:13:08.0000000Z;38.65;38.72;129;129
2026-06-08T13:13:11.0000000Z;38.65;38.72;129;129
2026-06-08T13:13:13.0000000Z;38.65;38.725;129;129
2026-06-08T13:13:44.0000000Z;38.65;38.725;129;129
2026-06-08T13:14:15.0000000Z;38.65;38.725;129;129
2026-06-08T13:14:19.0000000Z;38.65;38.72;129;129
2026-06-08T13:14:23.0000000Z;38.64;38.715;129;129
2026-06-08T13:14:43.0000000Z;38.65;38.715;129;129
2026-06-08T13:14:44.0000000Z;38.65;38.725;129;129
2026-06-08T13:15:14.0000000Z;38.65;38.725;129;129
2026-06-08T13:15:44.0000000Z;38.65;38.725;129;129
2026-06-08T13:16:13.0000000Z;38.65;38.72;129;129
2026-06-08T13:16:18.0000000Z;38.65;38.725;129;129
2026-06-08T13:16:48.0000000Z;38.65;38.725;129;129
2026-06-08T13:17:04.0000000Z;38.65;38.72;129;129
2026-06-08T13:17:12.0000000Z;38.65;38.725;129;129
2026-06-08T13:17:17.0000000Z;38.65;38.715;129;129
2026-06-08T13:17:36.0000000Z;38.65;38.71;129;129
2026-06-08T13:17:38.0000000Z;38.645;38.71;129;129
2026-06-08T13:18:09.0000000Z;38.645;38.71;129;129
2026-06-08T13:18:39.0000000Z;38.645;38.71;129;129
2026-06-08T13:18:41.0000000Z;38.655;38.705;129;129
2026-06-08T13:18:48.0000000Z;38.645;38.705;129;129
2026-06-08T13:19:19.0000000Z;38.645;38.705;129;129
2026-06-08T13:19:50.0000000Z;38.645;38.705;129;129
2026-06-08T13:20:20.0000000Z;38.645;38.705;129;129
2026-06-08T13:20:41.0000000Z;38.65;38.72;129;129
2026-06-08T13:20:43.0000000Z;38.65;38.725;129;129
2026-06-08T13:20:57.0000000Z;38.65;38.72;129;129
2026-06-08T13:20:58.0000000Z;38.655;38.72;129;129
2026-06-08T13:21:01.0000000Z;38.655;38.715;129;129
2026-06-08T13:21:03.0000000Z;38.65;38.715;129;129
2026-06-08T13:21:22.0000000Z;38.655;38.715;129;129
2026-06-08T13:21:23.0000000Z;38.655;38.72;129;129
2026-06-08T13:21:28.0000000Z;38.655;38.715;129;129
2026-06-08T13:21:29.0000000Z;38.65;38.715;129;129
2026-06-08T13:21:41.0000000Z;38.655;38.725;129;129
2026-06-08T13:21:52.0000000Z;38.655;38.72;129;129
2026-06-08T13:21:54.0000000Z;38.65;38.72;129;129
2026-06-08T13:22:24.0000000Z;38.65;38.72;129;129
2026-06-08T13:22:34.0000000Z;38.65;38.725;129;129
2026-06-08T13:22:42.0000000Z;38.655;38.715;129;129
2026-06-08T13:22:45.0000000Z;38.66;38.715;129;129
2026-06-08T13:22:46.0000000Z;38.66;38.725;129;129
2026-06-08T13:22:48.0000000Z;38.66;38.725;129;129
2026-06-08T13:22:54.0000000Z;38.65;38.73;129;129
2026-06-08T13:22:55.0000000Z;38.66;38.725;129;129
2026-06-08T13:23:00.0000000Z;38.665;38.725;129;129
2026-06-08T13:23:02.0000000Z;38.66;38.73;129;129
2026-06-08T13:23:04.0000000Z;38.66;38.72;129;129
2026-06-08T13:23:06.0000000Z;38.655;38.72;129;129
2026-06-08T13:23:09.0000000Z;38.655;38.705;129;129
2026-06-08T13:23:10.0000000Z;38.655;38.7;129;129
2026-06-08T13:23:11.0000000Z;38.655;38.705;129;129
2026-06-08T13:23:12.0000000Z;38.655;38.7;129;129
2026-06-08T13:23:20.0000000Z;38.655;38.69;129;129
2026-06-08T13:23:24.0000000Z;38.655;38.68;129;129
2026-06-08T13:23:26.0000000Z;38.645;38.68;129;129
2026-06-08T13:23:57.0000000Z;38.645;38.68;129;129
2026-06-08T13:24:12.0000000Z;38.645;38.7;129;129
2026-06-08T13:24:13.0000000Z;38.645;38.69;129;129
2026-06-08T13:24:16.0000000Z;38.645;38.68;129;129
2026-06-08T13:24:47.0000000Z;38.645;38.68;129;129
2026-06-08T13:25:13.0000000Z;38.645;38.7;129;129
2026-06-08T13:25:16.0000000Z;38.645;38.69;129;129
2026-06-08T13:25:22.0000000Z;38.655;38.68;129;129
2026-06-08T13:25:27.0000000Z;38.645;38.68;129;129
2026-06-08T13:25:58.0000000Z;38.645;38.68;129;129
2026-06-08T13:26:13.0000000Z;38.645;38.705;129;129
2026-06-08T13:26:14.0000000Z;38.645;38.695;129;129
2026-06-08T13:26:15.0000000Z;38.645;38.695;129;129
2026-06-08T13:26:17.0000000Z;38.645;38.685;129;129
2026-06-08T13:26:23.0000000Z;38.64;38.685;129;129
2026-06-08T13:26:41.0000000Z;38.645;38.685;129;129
2026-06-08T13:26:57.0000000Z;38.64;38.685;129;129
2026-06-08T13:27:03.0000000Z;38.645;38.685;129;129
2026-06-08T13:27:07.0000000Z;38.65;38.685;129;129
2026-06-08T13:27:11.0000000Z;38.65;38.71;129;129
2026-06-08T13:27:12.0000000Z;38.65;38.7;129;129
2026-06-08T13:27:13.0000000Z;38.65;38.695;129;129
2026-06-08T13:27:16.0000000Z;38.65;38.685;129;129
2026-06-08T13:27:19.0000000Z;38.64;38.675;129;129
2026-06-08T13:27:37.0000000Z;38.63;38.675;129;129
2026-06-08T13:27:41.0000000Z;38.64;38.675;129;129
2026-06-08T13:28:06.0000000Z;38.64;38.665;129;129
2026-06-08T13:28:07.0000000Z;38.635;38.665;129;129
2026-06-08T13:28:13.0000000Z;38.635;38.7;129;129
2026-06-08T13:28:14.0000000Z;38.645;38.69;129;129
2026-06-08T13:28:17.0000000Z;38.645;38.68;129;129
2026-06-08T13:28:19.0000000Z;38.635;38.68;129;129
2026-06-08T13:28:26.0000000Z;38.635;38.67;129;129
2026-06-08T13:28:30.0000000Z;38.625;38.67;129;129
2026-06-08T13:28:31.0000000Z;38.635;38.67;129;129
2026-06-08T13:28:52.0000000Z;38.64;38.67;129;129
2026-06-08T13:28:54.0000000Z;38.645;38.67;129;129
2026-06-08T13:28:55.0000000Z;38.64;38.67;129;129
2026-06-08T13:28:56.0000000Z;38.635;38.67;129;129
2026-06-08T13:28:59.0000000Z;38.645;38.67;129;129
2026-06-08T13:29:06.0000000Z;38.625;38.67;129;129
2026-06-08T13:29:14.0000000Z;38.625;38.685;129;129
2026-06-08T13:29:17.0000000Z;38.625;38.675;129;129
2026-06-08T13:29:21.0000000Z;38.625;38.665;129;129
2026-06-08T13:29:24.0000000Z;38.61;38.655;129;129
2026-06-08T13:29:26.0000000Z;38.625;38.655;129;129
2026-06-08T13:29:27.0000000Z;38.61;38.655;129;129
2026-06-08T13:29:28.0000000Z;38.625;38.655;129;129
2026-06-08T13:29:30.0000000Z;38.61;38.655;129;129
2026-06-08T13:29:34.0000000Z;38.575;38.655;129;129
2026-06-08T13:30:04.0000000Z;38.575;38.655;129;129
2026-06-08T13:30:11.0000000Z;38.59;38.655;129;129
2026-06-08T13:30:16.0000000Z;38.59;38.695;129;129
2026-06-08T13:30:22.0000000Z;38.59;38.685;129;129
2026-06-08T13:30:28.0000000Z;38.59;38.675;129;129
2026-06-08T13:30:43.0000000Z;38.605;38.675;129;129
2026-06-08T13:31:02.0000000Z;38.65;38.675;129;129
2026-06-08T13:31:14.0000000Z;38.65;38.735;129;129
2026-06-08T13:31:19.0000000Z;38.65;38.715;129;129
2026-06-08T13:31:24.0000000Z;38.65;38.705;129;129
2026-06-08T13:31:33.0000000Z;38.65;38.695;129;129
2026-06-08T13:31:53.0000000Z;38.635;38.695;129;129
2026-06-08T13:31:59.0000000Z;38.635;38.69;129;129
2026-06-08T13:32:07.0000000Z;38.64;38.69;129;129
2026-06-08T13:32:09.0000000Z;38.64;38.695;129;129
2026-06-08T13:32:10.0000000Z;38.65;38.685;129;129
2026-06-08T13:32:15.0000000Z;38.65;38.71;129;129
2026-06-08T13:32:17.0000000Z;38.65;38.7;129;129
2026-06-08T13:32:25.0000000Z;38.655;38.7;129;129
2026-06-08T13:32:33.0000000Z;38.65;38.69;129;129
2026-06-08T13:32:35.0000000Z;38.64;38.69;129;129
2026-06-08T13:33:03.0000000Z;38.635;38.69;129;129
2026-06-08T13:33:11.0000000Z;38.62;38.68;129;129
2026-06-08T13:33:13.0000000Z;38.635;38.68;129;129
2026-06-08T13:33:16.0000000Z;38.635;38.68;129;129
2026-06-08T13:33:23.0000000Z;38.64;38.67;129;129
2026-06-08T13:33:31.0000000Z;38.625;38.67;129;129
2026-06-08T13:33:44.0000000Z;38.625;38.66;129;129
2026-06-08T13:34:01.0000000Z;38.61;38.66;129;129
2026-06-08T13:34:08.0000000Z;38.61;38.65;129;129
2026-06-08T13:34:10.0000000Z;38.625;38.65;129;129
2026-06-08T13:34:15.0000000Z;38.615;38.66;129;129
2026-06-08T13:34:16.0000000Z;38.615;38.655;129;129
2026-06-08T13:34:19.0000000Z;38.615;38.645;129;129
2026-06-08T13:34:23.0000000Z;38.615;38.635;129;129
2026-06-08T13:34:33.0000000Z;38.605;38.635;129;129
2026-06-08T13:35:01.0000000Z;38.605;38.625;129;129
2026-06-08T13:35:02.0000000Z;38.605;38.62;129;129
2026-06-08T13:35:05.0000000Z;38.595;38.62;129;129
2026-06-08T13:35:06.0000000Z;38.605;38.62;129;129
2026-06-08T13:35:15.0000000Z;38.6;38.64;129;129
2026-06-08T13:35:16.0000000Z;38.6;38.625;129;129
2026-06-08T13:35:17.0000000Z;38.59;38.625;129;129
2026-06-08T13:35:21.0000000Z;38.6;38.615;129;129
2026-06-08T13:35:27.0000000Z;38.59;38.615;129;129
2026-06-08T13:35:44.0000000Z;38.6;38.615;129;129
2026-06-08T13:35:49.0000000Z;38.59;38.615;129;129
2026-06-08T13:35:55.0000000Z;38.6;38.615;129;129
2026-06-08T13:35:56.0000000Z;38.61;38.615;129;129
2026-06-08T13:35:59.0000000Z;38.6;38.615;129;129
2026-06-08T13:36:13.0000000Z;38.6;38.65;129;129
2026-06-08T13:36:15.0000000Z;38.6;38.635;129;129
2026-06-08T13:36:24.0000000Z;38.6;38.625;129;129
2026-06-08T13:36:25.0000000Z;38.59;38.625;129;129
2026-06-08T13:36:27.0000000Z;38.6;38.625;129;129
2026-06-08T13:36:33.0000000Z;38.59;38.625;129;129
2026-06-08T13:36:51.0000000Z;38.6;38.625;129;129
2026-06-08T13:36:56.0000000Z;38.59;38.625;129;129
2026-06-08T13:37:15.0000000Z;38.59;38.62;129;129
2026-06-08T13:37:20.0000000Z;38.595;38.62;129;129
2026-06-08T13:37:24.0000000Z;38.59;38.62;129;129
2026-06-08T13:37:33.0000000Z;38.595;38.62;129;129
2026-06-08T13:37:52.0000000Z;38.585;38.62;129;129
2026-06-08T13:37:53.0000000Z;38.595;38.62;129;129
2026-06-08T13:38:16.0000000Z;38.595;38.63;129;129
2026-06-08T13:38:17.0000000Z;38.605;38.62;129;129
2026-06-08T13:38:48.0000000Z;38.605;38.62;129;129
2026-06-08T13:38:58.0000000Z;38.595;38.62;129;129
2026-06-08T13:39:14.0000000Z;38.585;38.655;129;129
2026-06-08T13:39:15.0000000Z;38.595;38.62;129;129
2026-06-08T13:39:17.0000000Z;38.6;38.62;129;129
2026-06-08T13:39:48.0000000Z;38.6;38.62;129;129
2026-06-08T13:39:52.0000000Z;38.59;38.62;129;129
2026-06-08T13:40:14.0000000Z;38.59;38.635;129;129
2026-06-08T13:40:16.0000000Z;38.59;38.62;129;129
2026-06-08T13:40:19.0000000Z;38.6;38.62;129;129
2026-06-08T13:40:24.0000000Z;38.59;38.62;129;129
2026-06-08T13:40:44.0000000Z;38.58;38.62;129;129
2026-06-08T13:40:45.0000000Z;38.59;38.62;129;129
2026-06-08T13:41:05.0000000Z;38.59;38.62;129;129
2026-06-08T13:41:15.0000000Z;38.59;38.625;129;129
2026-06-08T13:41:16.0000000Z;38.59;38.62;129;129
2026-06-08T13:41:47.0000000Z;38.59;38.62;129;129
2026-06-08T13:42:05.0000000Z;38.6;38.62;129;129
2026-06-08T13:42:09.0000000Z;38.59;38.62;129;129
2026-06-08T13:42:13.0000000Z;38.6;38.62;129;129
2026-06-08T13:42:15.0000000Z;38.59;38.635;129;129
2026-06-08T13:42:17.0000000Z;38.6;38.625;129;129
2026-06-08T13:42:27.0000000Z;38.59;38.625;129;129
2026-06-08T13:42:29.0000000Z;38.6;38.625;129;129
2026-06-08T13:42:45.0000000Z;38.595;38.625;129;129
2026-06-08T13:42:46.0000000Z;38.6;38.625;129;129
2026-06-08T13:42:55.0000000Z;38.595;38.625;129;129
2026-06-08T13:42:57.0000000Z;38.605;38.625;129;129
2026-06-08T13:43:15.0000000Z;38.61;38.64;129;129
2026-06-08T13:43:19.0000000Z;38.61;38.63;129;129
2026-06-08T13:43:22.0000000Z;38.615;38.63;129;129
2026-06-08T13:43:27.0000000Z;38.61;38.63;129;129
2026-06-08T13:43:31.0000000Z;38.615;38.63;129;129
2026-06-08T13:43:45.0000000Z;38.61;38.63;129;129
2026-06-08T13:43:52.0000000Z;38.615;38.63;129;129
2026-06-08T13:43:59.0000000Z;38.605;38.63;129;129
2026-06-08T13:44:00.0000000Z;38.615;38.63;129;129
2026-06-08T13:44:07.0000000Z;38.605;38.63;129;129
2026-06-08T13:44:12.0000000Z;38.615;38.63;129;129
2026-06-08T13:44:13.0000000Z;38.615;38.65;129;129
2026-06-08T13:44:14.0000000Z;38.615;38.645;129;129
2026-06-08T13:44:17.0000000Z;38.605;38.635;129;129
2026-06-08T13:44:21.0000000Z;38.615;38.635;129;129
2026-06-08T13:44:45.0000000Z;38.61;38.635;129;129
2026-06-08T13:44:47.0000000Z;38.615;38.635;129;129
2026-06-08T13:44:51.0000000Z;38.605;38.635;129;129
2026-06-08T13:44:54.0000000Z;38.615;38.635;129;129
2026-06-08T13:45:15.0000000Z;38.615;38.645;129;129
2026-06-08T13:45:17.0000000Z;38.615;38.635;129;129
2026-06-08T13:45:48.0000000Z;38.615;38.635;129;129
2026-06-08T13:46:07.0000000Z;38.625;38.635;129;129
2026-06-08T13:46:16.0000000Z;38.625;38.675;129;129
2026-06-08T13:46:17.0000000Z;38.635;38.66;129;129
2026-06-08T13:46:38.0000000Z;38.64;38.66;129;129
2026-06-08T13:46:44.0000000Z;38.63;38.66;129;129
2026-06-08T13:47:12.0000000Z;38.64;38.66;129;129
2026-06-08T13:47:16.0000000Z;38.64;38.66;129;129
2026-06-08T13:47:33.0000000Z;38.63;38.66;129;129
2026-06-08T13:47:48.0000000Z;38.64;38.66;129;129
2026-06-08T13:47:52.0000000Z;38.63;38.66;129;129
2026-06-08T13:47:56.0000000Z;38.62;38.66;129;129
2026-06-08T13:47:58.0000000Z;38.63;38.66;129;129
2026-06-08T13:48:01.0000000Z;38.64;38.66;129;129
2026-06-08T13:48:10.0000000Z;38.62;38.66;129;129
2026-06-08T13:48:11.0000000Z;38.62;38.655;129;129
2026-06-08T13:48:13.0000000Z;38.63;38.655;129;129
2026-06-08T13:48:14.0000000Z;38.63;38.65;129;129
2026-06-08T13:48:16.0000000Z;38.63;38.65;129;129
2026-06-08T13:48:18.0000000Z;38.63;38.655;129;129
2026-06-08T13:48:22.0000000Z;38.63;38.65;129;129
2026-06-08T13:48:24.0000000Z;38.62;38.65;129;129
2026-06-08T13:48:30.0000000Z;38.63;38.65;129;129
2026-06-08T13:48:31.0000000Z;38.62;38.65;129;129
2026-06-08T13:48:42.0000000Z;38.61;38.65;129;129
2026-06-08T13:48:43.0000000Z;38.61;38.64;129;129
2026-06-08T13:48:45.0000000Z;38.62;38.64;129;129
2026-06-08T13:48:47.0000000Z;38.62;38.635;129;129
2026-06-08T13:48:48.0000000Z;38.61;38.635;129;129
2026-06-08T13:48:51.0000000Z;38.62;38.635;129;129
2026-06-08T13:48:53.0000000Z;38.61;38.635;129;129
2026-06-08T13:48:56.0000000Z;38.6;38.635;129;129
2026-06-08T13:48:57.0000000Z;38.61;38.635;129;129
2026-06-08T13:49:04.0000000Z;38.62;38.635;129;129
2026-06-08T13:49:06.0000000Z;38.62;38.635;129;129
2026-06-08T13:49:08.0000000Z;38.61;38.635;129;129
2026-06-08T13:49:16.0000000Z;38.61;38.665;129;129
2026-06-08T13:49:17.0000000Z;38.61;38.655;129;129
2026-06-08T13:49:18.0000000Z;38.61;38.64;129;129
2026-06-08T13:49:29.0000000Z;38.62;38.63;129;129
2026-06-08T13:49:40.0000000Z;38.61;38.63;129;129
2026-06-08T13:49:41.0000000Z;38.62;38.63;129;129
2026-06-08T13:49:43.0000000Z;38.61;38.63;129;129
2026-06-08T13:49:44.0000000Z;38.62;38.63;129;129
2026-06-08T13:50:14.0000000Z;38.62;38.63;129;129
2026-06-08T13:50:19.0000000Z;38.62;38.655;129;129
2026-06-08T13:50:23.0000000Z;38.62;38.645;129;129
2026-06-08T13:50:27.0000000Z;38.615;38.645;129;129
2026-06-08T13:50:35.0000000Z;38.605;38.645;129;129
2026-06-08T13:50:36.0000000Z;38.615;38.645;129;129
2026-06-08T13:50:38.0000000Z;38.615;38.635;129;129
2026-06-08T13:50:39.0000000Z;38.605;38.635;129;129
2026-06-08T13:50:53.0000000Z;38.595;38.635;129;129
2026-06-08T13:50:58.0000000Z;38.605;38.635;129;129
2026-06-08T13:51:03.0000000Z;38.615;38.635;129;129
2026-06-08T13:51:17.0000000Z;38.615;38.665;129;129
2026-06-08T13:51:19.0000000Z;38.615;38.63;129;129
2026-06-08T13:51:21.0000000Z;38.605;38.63;129;129
2026-06-08T13:51:32.0000000Z;38.615;38.63;129;129
2026-06-08T13:51:49.0000000Z;38.605;38.63;129;129
2026-06-08T13:51:51.0000000Z;38.615;38.63;129;129
2026-06-08T13:51:54.0000000Z;38.625;38.63;129;129
2026-06-08T13:51:59.0000000Z;38.615;38.63;129;129
2026-06-08T13:52:18.0000000Z;38.615;38.65;129;129
2026-06-08T13:52:19.0000000Z;38.615;38.645;129;129
2026-06-08T13:52:38.0000000Z;38.625;38.645;129;129
2026-06-08T13:52:43.0000000Z;38.615;38.645;129;129
2026-06-08T13:52:44.0000000Z;38.625;38.645;129;129
2026-06-08T13:52:48.0000000Z;38.63;38.645;129;129
2026-06-08T13:52:52.0000000Z;38.635;38.645;129;129
2026-06-08T13:52:57.0000000Z;38.625;38.645;129;129
2026-06-08T13:53:01.0000000Z;38.635;38.645;129;129
2026-06-08T13:53:13.0000000Z;38.64;38.645;129;129
2026-06-08T13:53:17.0000000Z;38.64;38.675;129;129
2026-06-08T13:53:20.0000000Z;38.64;38.665;129;129
2026-06-08T13:53:25.0000000Z;38.635;38.665;129;129
2026-06-08T13:53:31.0000000Z;38.64;38.665;129;129
2026-06-08T13:53:52.0000000Z;38.645;38.665;129;129
2026-06-08T13:54:02.0000000Z;38.64;38.665;129;129
2026-06-08T13:54:12.0000000Z;38.645;38.665;129;129
2026-06-08T13:54:18.0000000Z;38.645;38.675;129;129
2026-06-08T13:54:25.0000000Z;38.645;38.665;129;129
2026-06-08T13:54:36.0000000Z;38.64;38.665;129;129
2026-06-08T13:54:40.0000000Z;38.645;38.665;129;129
2026-06-08T13:54:53.0000000Z;38.655;38.665;129;129
2026-06-08T13:54:56.0000000Z;38.655;38.665;129;129
2026-06-08T13:54:58.0000000Z;38.645;38.665;129;129
2026-06-08T13:55:16.0000000Z;38.635;38.68;129;129
2026-06-08T13:55:17.0000000Z;38.645;38.675;129;129
2026-06-08T13:55:25.0000000Z;38.655;38.675;129;129
2026-06-08T13:55:30.0000000Z;38.645;38.675;129;129
2026-06-08T13:55:49.0000000Z;38.645;38.665;129;129
2026-06-08T13:55:52.0000000Z;38.635;38.665;129;129
2026-06-08T13:55:55.0000000Z;38.645;38.665;129;129
2026-06-08T13:55:59.0000000Z;38.635;38.66;129;129
2026-06-08T13:56:04.0000000Z;38.635;38.65;129;129
2026-06-08T13:56:07.0000000Z;38.625;38.65;129;129
2026-06-08T13:56:09.0000000Z;38.635;38.65;129;129
2026-06-08T13:56:12.0000000Z;38.635;38.65;129;129
2026-06-08T13:56:16.0000000Z;38.625;38.65;129;129
2026-06-08T13:56:20.0000000Z;38.635;38.65;129;129
2026-06-08T13:56:25.0000000Z;38.635;38.645;129;129
2026-06-08T13:56:27.0000000Z;38.625;38.645;129;129
2026-06-08T13:56:28.0000000Z;38.615;38.64;129;129
2026-06-08T13:56:30.0000000Z;38.625;38.64;129;129
2026-06-08T13:56:35.0000000Z;38.625;38.635;129;129
2026-06-08T13:56:36.0000000Z;38.61;38.635;129;129
2026-06-08T13:56:46.0000000Z;38.62;38.635;129;129
2026-06-08T13:57:16.0000000Z;38.61;38.635;129;129
2026-06-08T13:57:19.0000000Z;38.61;38.65;129;129
2026-06-08T13:57:20.0000000Z;38.62;38.64;129;129
2026-06-08T13:57:24.0000000Z;38.62;38.635;129;129
2026-06-08T13:57:27.0000000Z;38.61;38.635;129;129
2026-06-08T13:57:29.0000000Z;38.6;38.635;129;129
2026-06-08T13:57:37.0000000Z;38.6;38.62;129;129
2026-06-08T13:57:40.0000000Z;38.605;38.62;129;129
2026-06-08T13:57:53.0000000Z;38.595;38.62;129;129
2026-06-08T13:58:07.0000000Z;38.595;38.61;129;129
2026-06-08T13:58:17.0000000Z;38.595;38.63;129;129
2026-06-08T13:58:19.0000000Z;38.595;38.62;129;129
2026-06-08T13:58:21.0000000Z;38.585;38.62;129;129
2026-06-08T13:58:25.0000000Z;38.585;38.61;129;129
2026-06-08T13:58:36.0000000Z;38.585;38.6;129;129
2026-06-08T13:58:51.0000000Z;38.575;38.6;129;129
2026-06-08T13:58:53.0000000Z;38.585;38.6;129;129
2026-06-08T13:58:59.0000000Z;38.575;38.6;129;129
2026-06-08T13:59:03.0000000Z;38.585;38.6;129;129
2026-06-08T13:59:05.0000000Z;38.575;38.6;129;129
2026-06-08T13:59:06.0000000Z;38.585;38.6;129;129
2026-06-08T13:59:17.0000000Z;38.585;38.62;129;129
2026-06-08T13:59:32.0000000Z;38.585;38.61;129;129
2026-06-08T13:59:43.0000000Z;38.585;38.6;129;129
2026-06-08T13:59:45.0000000Z;38.575;38.6;129;129
2026-06-08T14:00:05.0000000Z;38.57;38.6;129;129
2026-06-08T14:00:09.0000000Z;38.58;38.6;129;129
2026-06-08T14:00:17.0000000Z;38.57;38.6;129;129
2026-06-08T14:00:20.0000000Z;38.57;38.615;129;129
2026-06-08T14:00:23.0000000Z;38.58;38.605;129;129
2026-06-08T14:00:37.0000000Z;38.57;38.605;129;129
2026-06-08T14:00:41.0000000Z;38.58;38.605;129;129
2026-06-08T14:00:43.0000000Z;38.58;38.605;129;129
2026-06-08T14:00:46.0000000Z;38.58;38.6;129;129
2026-06-08T14:01:03.0000000Z;38.59;38.6;129;129
2026-06-08T14:01:08.0000000Z;38.58;38.6;129;129
2026-06-08T14:01:18.0000000Z;38.58;38.62;129;129
2026-06-08T14:01:41.0000000Z;38.58;38.61;129;129
2026-06-08T14:01:52.0000000Z;38.59;38.61;129;129
2026-06-08T14:02:01.0000000Z;38.6;38.61;129;129
2026-06-08T14:02:03.0000000Z;38.59;38.61;129;129
2026-06-08T14:02:04.0000000Z;38.6;38.61;129;129
2026-06-08T14:02:10.0000000Z;38.6;38.655;129;129
2026-06-08T14:02:12.0000000Z;38.58;38.66;129;129
2026-06-08T14:02:17.0000000Z;38.58;38.65;129;129
2026-06-08T14:02:18.0000000Z;38.595;38.65;129;129
2026-06-08T14:02:26.0000000Z;38.595;38.66;129;129
2026-06-08T14:02:28.0000000Z;38.595;38.65;129;129
2026-06-08T14:02:30.0000000Z;38.58;38.65;129;129
2026-06-08T14:02:46.0000000Z;38.58;38.66;129;129
2026-06-08T14:02:51.0000000Z;38.58;38.65;129;129
2026-06-08T14:03:02.0000000Z;38.565;38.64;129;129
2026-06-08T14:03:19.0000000Z;38.58;38.64;129;129
2026-06-08T14:03:20.0000000Z;38.58;38.66;129;129
2026-06-08T14:03:51.0000000Z;38.58;38.66;129;129
2026-06-08T14:03:58.0000000Z;38.58;38.65;129;129
2026-06-08T14:04:08.0000000Z;38.565;38.66;129;129
2026-06-08T14:04:09.0000000Z;38.565;38.65;129;129
2026-06-08T14:04:14.0000000Z;38.565;38.64;129;129
2026-06-08T14:04:17.0000000Z;38.565;38.635;129;129
2026-06-08T14:04:39.0000000Z;38.565;38.645;129;129
2026-06-08T14:05:00.0000000Z;38.565;38.635;129;129
2026-06-08T14:05:03.0000000Z;38.555;38.635;129;129
2026-06-08T14:05:29.0000000Z;38.555;38.63;129;129
2026-06-08T14:06:00.0000000Z;38.555;38.63;129;129
2026-06-08T14:06:05.0000000Z;38.565;38.63;129;129
2026-06-08T14:06:07.0000000Z;38.565;38.645;129;129
2026-06-08T14:06:25.0000000Z;38.565;38.655;129;129
2026-06-08T14:06:28.0000000Z;38.58;38.65;129;129
2026-06-08T14:06:53.0000000Z;38.58;38.655;129;129
2026-06-08T14:06:57.0000000Z;38.595;38.655;129;129
2026-06-08T14:07:27.0000000Z;38.595;38.655;129;129
2026-06-08T14:07:32.0000000Z;38.595;38.66;129;129
2026-06-08T14:07:35.0000000Z;38.595;38.65;129;129
2026-06-08T14:07:37.0000000Z;38.58;38.65;129;129
2026-06-08T14:07:43.0000000Z;38.58;38.66;129;129
2026-06-08T14:08:03.0000000Z;38.58;38.65;129;129
2026-06-08T14:08:05.0000000Z;38.585;38.65;129;129
2026-06-08T14:08:07.0000000Z;38.595;38.655;129;129
2026-06-08T14:08:09.0000000Z;38.595;38.66;129;129
2026-06-08T14:08:13.0000000Z;38.595;38.655;129;129
2026-06-08T14:08:15.0000000Z;38.585;38.65;129;129
2026-06-08T14:08:17.0000000Z;38.58;38.65;129;129
2026-06-08T14:08:28.0000000Z;38.565;38.65;129;129
2026-06-08T14:08:31.0000000Z;38.58;38.65;129;129
2026-06-08T14:08:34.0000000Z;38.58;38.66;129;129
2026-06-08T14:08:38.0000000Z;38.58;38.65;129;129
2026-06-08T14:08:52.0000000Z;38.58;38.66;129;129
2026-06-08T14:08:56.0000000Z;38.62;38.65;129;129
2026-06-08T14:09:27.0000000Z;38.62;38.65;129;129
2026-06-08T14:09:32.0000000Z;38.62;38.66;129;129
2026-06-08T14:09:42.0000000Z;38.62;38.655;129;129
2026-06-08T14:09:46.0000000Z;38.62;38.66;129;129
2026-06-08T14:10:16.0000000Z;38.62;38.66;129;129
2026-06-08T14:10:41.0000000Z;38.62;38.65;129;129
2026-06-08T14:10:42.0000000Z;38.62;38.66;129;129
2026-06-08T14:10:50.0000000Z;38.62;38.65;129;129
2026-06-08T14:10:58.0000000Z;38.62;38.66;129;129
2026-06-08T14:11:01.0000000Z;38.62;38.65;129;129
2026-06-08T14:11:08.0000000Z;38.62;38.66;129;129
2026-06-08T14:11:16.0000000Z;38.62;38.65;129;129
2026-06-08T14:11:47.0000000Z;38.62;38.65;129;129
2026-06-08T14:11:54.0000000Z;38.62;38.66;129;129
2026-06-08T14:12:25.0000000Z;38.62;38.66;129;129
2026-06-08T14:12:44.0000000Z;38.62;38.65;129;129
2026-06-08T14:13:15.0000000Z;38.62;38.65;129;129
2026-06-08T14:13:17.0000000Z;38.62;38.645;129;129
2026-06-08T14:13:47.0000000Z;38.62;38.645;129;129
2026-06-08T14:13:53.0000000Z;38.62;38.66;129;129
2026-06-08T14:14:20.0000000Z;38.62;38.655;129;129
2026-06-08T14:14:36.0000000Z;38.62;38.645;129;129
2026-06-08T14:15:06.0000000Z;38.62;38.645;129;129
2026-06-08T14:15:36.0000000Z;38.62;38.645;129;129
2026-06-08T14:15:45.0000000Z;38.62;38.63;129;129
2026-06-08T14:16:16.0000000Z;38.62;38.63;129;129
2026-06-08T14:16:46.0000000Z;38.62;38.63;129;129
2026-06-08T14:17:17.0000000Z;38.62;38.63;129;129
2026-06-08T14:17:29.0000000Z;38.55;38.63;129;129
2026-06-08T14:17:43.0000000Z;38.565;38.63;129;129
2026-06-08T14:17:45.0000000Z;38.565;38.64;129;129
2026-06-08T14:18:12.0000000Z;38.565;38.635;129;129
2026-06-08T14:18:18.0000000Z;38.565;38.645;129;129
2026-06-08T14:18:22.0000000Z;38.565;38.64;129;129
2026-06-08T14:18:32.0000000Z;38.565;38.645;129;129
2026-06-08T14:18:38.0000000Z;38.555;38.645;129;129
2026-06-08T14:18:41.0000000Z;38.555;38.635;129;129
2026-06-08T14:18:55.0000000Z;38.555;38.645;129;129
2026-06-08T14:19:06.0000000Z;38.56;38.635;129;129
2026-06-08T14:19:18.0000000Z;38.56;38.63;129;129
2026-06-08T14:19:20.0000000Z;38.555;38.63;129;129
2026-06-08T14:19:50.0000000Z;38.555;38.63;129;129
2026-06-08T14:20:06.0000000Z;38.555;38.645;129;129
2026-06-08T14:20:08.0000000Z;38.57;38.64;129;129
2026-06-08T14:20:36.0000000Z;38.57;38.645;129;129
2026-06-08T14:20:37.0000000Z;38.57;38.64;129;129
2026-06-08T14:20:50.0000000Z;38.57;38.645;129;129
2026-06-08T14:20:56.0000000Z;38.56;38.645;129;129
2026-06-08T14:21:07.0000000Z;38.56;38.64;129;129
2026-06-08T14:21:10.0000000Z;38.555;38.64;129;129
2026-06-08T14:21:14.0000000Z;38.555;38.645;129;129
2026-06-08T14:21:16.0000000Z;38.555;38.64;129;129
2026-06-08T14:21:34.0000000Z;38.57;38.64;129;129
2026-06-08T14:22:04.0000000Z;38.57;38.645;129;129
2026-06-08T14:22:13.0000000Z;38.57;38.64;129;129
2026-06-08T14:22:17.0000000Z;38.57;38.645;129;129
2026-06-08T14:22:18.0000000Z;38.57;38.64;129;129
2026-06-08T14:22:29.0000000Z;38.56;38.645;129;129
2026-06-08T14:22:49.0000000Z;38.56;38.635;129;129
2026-06-08T14:23:07.0000000Z;38.56;38.645;129;129
2026-06-08T14:23:09.0000000Z;38.56;38.64;129;129
2026-06-08T14:23:16.0000000Z;38.565;38.64;129;129
2026-06-08T14:23:17.0000000Z;38.565;38.645;129;129
2026-06-08T14:23:43.0000000Z;38.565;38.64;129;129
2026-06-08T14:23:58.0000000Z;38.58;38.64;129;129
2026-06-08T14:24:07.0000000Z;38.58;38.66;129;129
2026-06-08T14:24:30.0000000Z;38.58;38.65;129;129
2026-06-08T14:25:01.0000000Z;38.58;38.65;129;129
2026-06-08T14:25:22.0000000Z;38.58;38.66;129;129
2026-06-08T14:25:23.0000000Z;38.58;38.65;129;129
2026-06-08T14:25:46.0000000Z;38.58;38.66;129;129
2026-06-08T14:26:13.0000000Z;38.595;38.66;129;129
2026-06-08T14:26:16.0000000Z;38.595;38.67;129;129
2026-06-08T14:26:21.0000000Z;38.595;38.66;129;129
2026-06-08T14:26:38.0000000Z;38.595;38.67;129;129
2026-06-08T14:26:39.0000000Z;38.595;38.66;129;129
2026-06-08T14:26:41.0000000Z;38.595;38.67;129;129
2026-06-08T14:26:42.0000000Z;38.595;38.66;129;129
2026-06-08T14:26:44.0000000Z;38.595;38.67;129;129
2026-06-08T14:27:15.0000000Z;38.595;38.67;129;129
2026-06-08T14:27:20.0000000Z;38.595;38.66;129;129
2026-06-08T14:27:22.0000000Z;38.595;38.66;129;129
2026-06-08T14:27:24.0000000Z;38.595;38.67;129;129
2026-06-08T14:27:27.0000000Z;38.595;38.665;129;129
2026-06-08T14:27:58.0000000Z;38.595;38.665;129;129
2026-06-08T14:28:04.0000000Z;38.595;38.66;129;129
2026-06-08T14:28:13.0000000Z;38.6;38.66;129;129
2026-06-08T14:28:15.0000000Z;38.6;38.67;129;129
2026-06-08T14:28:16.0000000Z;38.585;38.67;129;129
2026-06-08T14:28:20.0000000Z;38.585;38.66;129;129
2026-06-08T14:28:50.0000000Z;38.585;38.66;129;129
2026-06-08T14:29:15.0000000Z;38.585;38.67;129;129
2026-06-08T14:29:45.0000000Z;38.585;38.67;129;129
2026-06-08T14:29:47.0000000Z;38.585;38.66;129;129
2026-06-08T14:29:57.0000000Z;38.585;38.67;129;129
2026-06-08T14:29:58.0000000Z;38.585;38.66;129;129
2026-06-08T14:30:00.0000000Z;38.585;38.67;129;129
2026-06-08T14:30:01.0000000Z;38.585;38.66;129;129
2026-06-08T14:30:05.0000000Z;38.585;38.66;129;129
2026-06-08T14:30:35.0000000Z;38.585;38.66;129;129
2026-06-08T14:30:41.0000000Z;38.585;38.67;129;129
2026-06-08T14:30:50.0000000Z;38.595;38.66;129;129
2026-06-08T14:30:53.0000000Z;38.595;38.67;129;129
2026-06-08T14:30:54.0000000Z;38.595;38.66;129;129
2026-06-08T14:30:59.0000000Z;38.595;38.67;129;129
2026-06-08T14:31:16.0000000Z;38.595;38.66;129;129
2026-06-08T14:31:23.0000000Z;38.595;38.67;129;129
2026-06-08T14:31:24.0000000Z;38.595;38.66;129;129
2026-06-08T14:31:54.0000000Z;38.595;38.66;129;129
2026-06-08T14:32:25.0000000Z;38.595;38.66;129;129
2026-06-08T14:32:55.0000000Z;38.595;38.66;129;129
2026-06-08T14:33:03.0000000Z;38.595;38.67;129;129
2026-06-08T14:33:05.0000000Z;38.595;38.665;129;129
2026-06-08T14:33:24.0000000Z;38.595;38.66;129;129
2026-06-08T14:33:54.0000000Z;38.595;38.66;129;129
2026-06-08T14:34:20.0000000Z;38.595;38.67;129;129
2026-06-08T14:34:43.0000000Z;38.595;38.66;129;129
2026-06-08T14:34:52.0000000Z;38.595;38.67;129;129
2026-06-08T14:35:14.0000000Z;38.61;38.67;129;129
2026-06-08T14:35:43.0000000Z;38.615;38.67;129;129
2026-06-08T14:35:44.0000000Z;38.615;38.69;129;129
2026-06-08T14:35:56.0000000Z;38.615;38.7;129;129
2026-06-08T14:36:26.0000000Z;38.625;38.69;129;129
2026-06-08T14:36:47.0000000Z;38.625;38.7;129;129
2026-06-08T14:37:15.0000000Z;38.625;38.7;129;129
2026-06-08T14:37:25.0000000Z;38.625;38.69;129;129
2026-06-08T14:37:37.0000000Z;38.625;38.7;129;129
2026-06-08T14:37:40.0000000Z;38.625;38.69;129;129
2026-06-08T14:37:45.0000000Z;38.615;38.7;129;129
2026-06-08T14:38:15.0000000Z;38.625;38.69;129;129
2026-06-08T14:38:45.0000000Z;38.625;38.69;129;129
2026-06-08T14:39:16.0000000Z;38.625;38.69;129;129
2026-06-08T14:39:41.0000000Z;38.625;38.7;129;129
2026-06-08T14:39:51.0000000Z;38.625;38.69;129;129
2026-06-08T14:39:53.0000000Z;38.615;38.69;129;129
2026-06-08T14:39:55.0000000Z;38.63;38.69;129;129
2026-06-08T14:39:57.0000000Z;38.63;38.695;129;129
2026-06-08T14:40:01.0000000Z;38.635;38.695;129;129
2026-06-08T14:40:03.0000000Z;38.635;38.705;129;129
2026-06-08T14:40:08.0000000Z;38.635;38.695;129;129
2026-06-08T14:40:27.0000000Z;38.635;38.705;129;129
2026-06-08T14:40:47.0000000Z;38.635;38.71;129;129
2026-06-08T14:41:13.0000000Z;38.635;38.7;129;129
2026-06-08T14:41:18.0000000Z;38.635;38.69;129;129
2026-06-08T14:41:20.0000000Z;38.62;38.69;129;129
2026-06-08T14:41:34.0000000Z;38.62;38.705;129;129
2026-06-08T14:41:38.0000000Z;38.62;38.69;129;129
2026-06-08T14:42:08.0000000Z;38.62;38.69;129;129
2026-06-08T14:42:14.0000000Z;38.62;38.68;129;129
2026-06-08T14:42:16.0000000Z;38.605;38.68;129;129
2026-06-08T14:42:24.0000000Z;38.605;38.69;129;129
2026-06-08T14:42:31.0000000Z;38.605;38.68;129;129
2026-06-08T14:42:52.0000000Z;38.605;38.675;129;129
2026-06-08T14:43:15.0000000Z;38.605;38.67;129;129
2026-06-08T14:43:45.0000000Z;38.605;38.67;129;129
2026-06-08T14:43:56.0000000Z;38.595;38.67;129;129
2026-06-08T14:44:07.0000000Z;38.6;38.67;129;129
2026-06-08T14:44:10.0000000Z;38.6;38.675;129;129
2026-06-08T14:44:18.0000000Z;38.6;38.69;129;129
2026-06-08T14:44:49.0000000Z;38.6;38.69;129;129
2026-06-08T14:44:58.0000000Z;38.605;38.69;129;129
2026-06-08T14:45:01.0000000Z;38.62;38.69;129;129
2026-06-08T14:45:07.0000000Z;38.62;38.695;129;129
2026-06-08T14:45:15.0000000Z;38.63;38.695;129;129
2026-06-08T14:45:17.0000000Z;38.63;38.705;129;129
2026-06-08T14:45:41.0000000Z;38.635;38.705;129;129
2026-06-08T14:45:43.0000000Z;38.635;38.71;129;129
2026-06-08T14:45:47.0000000Z;38.635;38.7;129;129
2026-06-08T14:45:49.0000000Z;38.635;38.71;129;129
2026-06-08T14:46:13.0000000Z;38.635;38.71;129;129
2026-06-08T14:46:20.0000000Z;38.635;38.7;129;129
2026-06-08T14:46:22.0000000Z;38.645;38.7;129;129
2026-06-08T14:46:27.0000000Z;38.645;38.705;129;129
2026-06-08T14:46:31.0000000Z;38.645;38.71;129;129
2026-06-08T14:46:32.0000000Z;38.645;38.705;129;129
2026-06-08T14:46:45.0000000Z;38.645;38.71;129;129
2026-06-08T14:46:50.0000000Z;38.65;38.71;129;129
2026-06-08T14:47:11.0000000Z;38.65;38.735;129;129
2026-06-08T14:47:12.0000000Z;38.66;38.725;129;129
2026-06-08T14:47:19.0000000Z;38.665;38.725;129;129
2026-06-08T14:47:21.0000000Z;38.665;38.735;129;129
2026-06-08T14:47:43.0000000Z;38.665;38.725;129;129
2026-06-08T14:47:47.0000000Z;38.665;38.735;129;129
2026-06-08T14:47:51.0000000Z;38.665;38.725;129;129
2026-06-08T14:48:08.0000000Z;38.665;38.735;129;129
2026-06-08T14:48:19.0000000Z;38.665;38.725;129;129
2026-06-08T14:48:50.0000000Z;38.665;38.725;129;129
2026-06-08T14:49:04.0000000Z;38.665;38.735;129;129
2026-06-08T14:49:11.0000000Z;38.665;38.725;129;129
2026-06-08T14:49:24.0000000Z;38.65;38.735;129;129
2026-06-08T14:49:54.0000000Z;38.65;38.735;129;129
2026-06-08T14:50:00.0000000Z;38.65;38.72;129;129
2026-06-08T14:50:04.0000000Z;38.65;38.67;129;129
2026-06-08T14:50:34.0000000Z;38.635;38.67;129;129
2026-06-08T14:51:05.0000000Z;38.635;38.67;129;129
2026-06-08T14:51:34.0000000Z;38.645;38.67;129;129
2026-06-08T14:52:04.0000000Z;38.645;38.67;129;129
2026-06-08T14:52:35.0000000Z;38.645;38.67;129;129
2026-06-08T14:53:05.0000000Z;38.645;38.67;129;129
2026-06-08T14:53:36.0000000Z;38.645;38.67;129;129
2026-06-08T14:54:06.0000000Z;38.645;38.67;129;129
2026-06-08T14:54:37.0000000Z;38.645;38.67;129;129
2026-06-08T14:55:07.0000000Z;38.645;38.67;129;129
2026-06-08T14:55:38.0000000Z;38.645;38.67;129;129
2026-06-08T14:56:08.0000000Z;38.645;38.67;129;129
2026-06-08T14:56:12.0000000Z;38.65;38.67;129;129
2026-06-08T14:56:30.0000000Z;38.64;38.67;129;129
2026-06-08T14:56:49.0000000Z;38.645;38.67;129;129
2026-06-08T14:57:19.0000000Z;38.645;38.67;129;129
2026-06-08T14:57:49.0000000Z;38.645;38.67;129;129
2026-06-08T14:58:15.0000000Z;38.655;38.67;129;129
2026-06-08T14:58:17.0000000Z;38.665;38.67;129;129
2026-06-08T14:58:47.0000000Z;38.665;38.67;129;129
2026-06-08T14:59:18.0000000Z;38.665;38.67;129;129
2026-06-08T14:59:48.0000000Z;38.665;38.67;129;129
