2026-06-08T08:00:28.0000000Z;15.8975;15.939;316;316
2026-06-08T08:00:58.0000000Z;15.8975;15.939;316;316
2026-06-08T08:01:22.0000000Z;15.9;15.939;316;316
2026-06-08T08:01:24.0000000Z;15.9;15.9415;316;316
2026-06-08T08:01:55.0000000Z;15.9;15.9415;316;316
2026-06-08T08:02:07.0000000Z;15.9005;15.9415;316;316
2026-06-08T08:02:08.0000000Z;15.9005;15.944;316;316
2026-06-08T08:02:09.0000000Z;15.9025;15.944;316;316
2026-06-08T08:02:23.0000000Z;15.9025;15.942;316;316
2026-06-08T08:02:25.0000000Z;15.9;15.9415;316;316
2026-06-08T08:02:29.0000000Z;15.9;15.939;316;316
2026-06-08T08:02:31.0000000Z;15.8975;15.939;316;316
2026-06-08T08:03:01.0000000Z;15.8975;15.939;316;316
2026-06-08T08:03:30.0000000Z;15.9;15.939;316;316
2026-06-08T08:03:39.0000000Z;15.8975;15.939;316;316
2026-06-08T08:04:07.0000000Z;15.8975;15.9365;316;316
2026-06-08T08:04:09.0000000Z;15.895;15.9365;316;316
2026-06-08T08:04:25.0000000Z;15.8985;15.9365;316;316
2026-06-08T08:04:39.0000000Z;15.896;15.9365;316;316
2026-06-08T08:04:51.0000000Z;15.8985;15.9365;316;316
2026-06-08T08:04:55.0000000Z;15.896;15.9365;316;316
2026-06-08T08:05:00.0000000Z;15.8985;15.9365;316;316
2026-06-08T08:05:30.0000000Z;15.8985;15.9365;316;316
2026-06-08T08:05:39.0000000Z;15.896;15.9365;316;316
2026-06-08T08:05:49.0000000Z;15.896;15.9375;316;316
2026-06-08T08:05:57.0000000Z;15.8985;15.9375;316;316
2026-06-08T08:06:28.0000000Z;15.8985;15.9375;316;316
2026-06-08T08:06:59.0000000Z;15.8985;15.9375;316;316
2026-06-08T08:07:12.0000000Z;15.896;15.9375;316;316
2026-06-08T08:07:43.0000000Z;15.896;15.9375;316;316
2026-06-08T08:07:45.0000000Z;15.8985;15.9375;316;316
2026-06-08T08:07:46.0000000Z;15.8985;15.94;316;316
2026-06-08T08:08:16.0000000Z;15.8985;15.94;316;316
2026-06-08T08:08:28.0000000Z;15.896;15.9375;316;316
2026-06-08T08:08:42.0000000Z;15.894;15.9375;316;316
2026-06-08T08:08:44.0000000Z;15.894;15.9355;316;316
2026-06-08T08:09:02.0000000Z;15.896;15.9355;316;316
2026-06-08T08:09:04.0000000Z;15.896;15.9375;316;316
2026-06-08T08:09:29.0000000Z;15.896;15.9355;316;316
2026-06-08T08:09:41.0000000Z;15.894;15.9355;316;316
2026-06-08T08:10:01.0000000Z;15.896;15.9355;316;316
2026-06-08T08:10:03.0000000Z;15.896;15.938;316;316
2026-06-08T08:10:18.0000000Z;15.8985;15.938;316;316
2026-06-08T08:10:28.0000000Z;15.8985;15.94;316;316
2026-06-08T08:10:47.0000000Z;15.8925;15.9345;316;316
2026-06-08T08:10:52.0000000Z;15.893;15.9345;316;316
2026-06-08T08:11:22.0000000Z;15.893;15.9345;316;316
2026-06-08T08:11:53.0000000Z;15.893;15.9345;316;316
2026-06-08T08:12:23.0000000Z;15.893;15.9345;316;316
2026-06-08T08:12:37.0000000Z;15.8965;15.9345;316;316
2026-06-08T08:12:39.0000000Z;15.8965;15.938;316;316
2026-06-08T08:13:07.0000000Z;15.8965;15.938;316;316
2026-06-08T08:13:38.0000000Z;15.8965;15.938;316;316
2026-06-08T08:14:08.0000000Z;15.8965;15.938;316;316
2026-06-08T08:14:19.0000000Z;15.899;15.938;316;316
2026-06-08T08:14:22.0000000Z;15.899;15.9405;316;316
2026-06-08T08:14:50.0000000Z;15.899;15.9405;316;316
2026-06-08T08:14:56.0000000Z;15.899;15.938;316;316
2026-06-08T08:14:58.0000000Z;15.8965;15.938;316;316
2026-06-08T08:15:27.0000000Z;15.8965;15.938;316;316
2026-06-08T08:15:43.0000000Z;15.899;15.938;316;316
2026-06-08T08:16:13.0000000Z;15.899;15.938;316;316
2026-06-08T08:16:36.0000000Z;15.899;15.9405;316;316
2026-06-08T08:16:41.0000000Z;15.9015;15.9405;316;316
2026-06-08T08:17:04.0000000Z;15.8985;15.9405;316;316
2026-06-08T08:17:10.0000000Z;15.8985;15.94;316;316
2026-06-08T08:17:17.0000000Z;15.8985;15.9405;316;316
2026-06-08T08:17:43.0000000Z;15.8985;15.94;316;316
2026-06-08T08:17:46.0000000Z;15.9035;15.94;316;316
2026-06-08T08:17:49.0000000Z;15.9035;15.9455;316;316
2026-06-08T08:18:04.0000000Z;15.9035;15.943;316;316
2026-06-08T08:18:05.0000000Z;15.901;15.943;316;316
2026-06-08T08:18:35.0000000Z;15.901;15.943;316;316
2026-06-08T08:18:53.0000000Z;15.9015;15.943;316;316
2026-06-08T08:19:05.0000000Z;15.9015;15.9425;316;316
2026-06-08T08:19:36.0000000Z;15.9015;15.9425;316;316
2026-06-08T08:19:37.0000000Z;15.9035;15.9425;316;316
2026-06-08T08:20:07.0000000Z;15.9035;15.9425;316;316
2026-06-08T08:20:38.0000000Z;15.9035;15.9425;316;316
2026-06-08T08:20:47.0000000Z;15.9035;15.945;316;316
2026-06-08T08:21:18.0000000Z;15.9035;15.945;316;316
2026-06-08T08:21:24.0000000Z;15.906;15.945;316;316
2026-06-08T08:21:37.0000000Z;15.9035;15.945;316;316
2026-06-08T08:22:05.0000000Z;15.9035;15.945;316;316
2026-06-08T08:22:35.0000000Z;15.9035;15.9425;316;316
2026-06-08T08:22:36.0000000Z;15.9015;15.9425;316;316
2026-06-08T08:22:49.0000000Z;15.9035;15.9425;316;316
2026-06-08T08:23:20.0000000Z;15.9035;15.9425;316;316
2026-06-08T08:23:50.0000000Z;15.9035;15.9425;316;316
2026-06-08T08:24:14.0000000Z;15.9015;15.9425;316;316
2026-06-08T08:24:34.0000000Z;15.905;15.9425;316;316
2026-06-08T08:24:36.0000000Z;15.905;15.9465;316;316
2026-06-08T08:24:46.0000000Z;15.905;15.944;316;316
2026-06-08T08:24:48.0000000Z;15.9025;15.944;316;316
2026-06-08T08:25:12.0000000Z;15.905;15.944;316;316
2026-06-08T08:25:43.0000000Z;15.905;15.944;316;316
2026-06-08T08:25:58.0000000Z;15.902;15.944;316;316
2026-06-08T08:26:27.0000000Z;15.902;15.944;316;316
2026-06-08T08:26:57.0000000Z;15.902;15.944;316;316
2026-06-08T08:27:28.0000000Z;15.902;15.944;316;316
2026-06-08T08:27:29.0000000Z;15.9045;15.944;316;316
2026-06-08T08:27:37.0000000Z;15.9045;15.946;316;316
2026-06-08T08:27:40.0000000Z;15.9045;15.9435;316;316
2026-06-08T08:27:43.0000000Z;15.902;15.9435;316;316
2026-06-08T08:28:11.0000000Z;15.902;15.9435;316;316
2026-06-08T08:28:41.0000000Z;15.902;15.9435;316;316
2026-06-08T08:29:12.0000000Z;15.902;15.9435;316;316
2026-06-08T08:29:29.0000000Z;15.902;15.941;316;316
2026-06-08T08:29:37.0000000Z;15.8605;15.941;316;316
2026-06-08T08:29:38.0000000Z;15.9;15.941;316;316
2026-06-08T08:30:09.0000000Z;15.9;15.941;316;316
2026-06-08T08:30:39.0000000Z;15.9;15.941;316;316
2026-06-08T08:30:48.0000000Z;15.9;15.9385;316;316
2026-06-08T08:30:49.0000000Z;15.8975;15.9385;316;316
2026-06-08T08:30:56.0000000Z;15.8995;15.9385;316;316
2026-06-08T08:31:05.0000000Z;15.902;15.9385;316;316
2026-06-08T08:31:10.0000000Z;15.902;15.9435;316;316
2026-06-08T08:31:20.0000000Z;15.902;15.9405;316;316
2026-06-08T08:31:22.0000000Z;15.899;15.9405;316;316
2026-06-08T08:31:28.0000000Z;15.8995;15.9405;316;316
2026-06-08T08:31:31.0000000Z;15.9015;15.9405;316;316
2026-06-08T08:32:02.0000000Z;15.9015;15.9405;316;316
2026-06-08T08:32:32.0000000Z;15.904;15.9405;316;316
2026-06-08T08:33:02.0000000Z;15.904;15.9455;316;316
2026-06-08T08:33:32.0000000Z;15.904;15.9455;316;316
2026-06-08T08:33:51.0000000Z;15.9065;15.9455;316;316
2026-06-08T08:34:22.0000000Z;15.9065;15.9455;316;316
2026-06-08T08:34:43.0000000Z;15.9065;15.948;316;316
2026-06-08T08:35:11.0000000Z;15.9065;15.948;316;316
2026-06-08T08:35:41.0000000Z;15.9065;15.948;316;316
2026-06-08T08:36:03.0000000Z;15.904;15.948;316;316
2026-06-08T08:36:31.0000000Z;15.904;15.9455;316;316
2026-06-08T08:37:01.0000000Z;15.904;15.9455;316;316
2026-06-08T08:37:20.0000000Z;15.904;15.943;316;316
2026-06-08T08:37:21.0000000Z;15.9015;15.943;316;316
2026-06-08T08:37:25.0000000Z;15.902;15.943;316;316
2026-06-08T08:37:37.0000000Z;15.904;15.943;316;316
2026-06-08T08:38:07.0000000Z;15.904;15.943;316;316
2026-06-08T08:38:18.0000000Z;15.9065;15.943;316;316
2026-06-08T08:38:49.0000000Z;15.9065;15.943;316;316
2026-06-08T08:38:53.0000000Z;15.904;15.943;316;316
2026-06-08T08:39:01.0000000Z;15.904;15.9455;316;316
2026-06-08T08:39:31.0000000Z;15.904;15.9455;316;316
2026-06-08T08:39:32.0000000Z;15.9065;15.9455;316;316
2026-06-08T08:40:03.0000000Z;15.9065;15.9455;316;316
2026-06-08T08:40:34.0000000Z;15.9065;15.9455;316;316
2026-06-08T08:40:42.0000000Z;15.9065;15.948;316;316
2026-06-08T08:40:56.0000000Z;15.909;15.948;316;316
2026-06-08T08:41:26.0000000Z;15.909;15.948;316;316
2026-06-08T08:41:47.0000000Z;15.9115;15.948;316;316
2026-06-08T08:41:49.0000000Z;15.9115;15.9505;316;316
2026-06-08T08:42:19.0000000Z;15.9115;15.9505;316;316
2026-06-08T08:42:37.0000000Z;15.909;15.9505;316;316
2026-06-08T08:42:55.0000000Z;15.9115;15.9505;316;316
2026-06-08T08:42:57.0000000Z;15.9115;15.953;316;316
2026-06-08T08:43:07.0000000Z;15.9115;15.951;316;316
2026-06-08T08:43:08.0000000Z;15.9115;15.9505;316;316
2026-06-08T08:43:09.0000000Z;15.909;15.948;316;316
2026-06-08T08:43:11.0000000Z;15.907;15.948;316;316
2026-06-08T08:43:15.0000000Z;15.907;15.9485;316;316
2026-06-08T08:43:23.0000000Z;15.909;15.9485;316;316
2026-06-08T08:43:25.0000000Z;15.909;15.9505;316;316
2026-06-08T08:43:55.0000000Z;15.909;15.9505;316;316
2026-06-08T08:44:09.0000000Z;15.909;15.948;316;316
2026-06-08T08:44:11.0000000Z;15.907;15.948;316;316
2026-06-08T08:44:15.0000000Z;15.907;15.9485;316;316
2026-06-08T08:44:26.0000000Z;15.907;15.948;316;316
2026-06-08T08:44:57.0000000Z;15.907;15.948;316;316
2026-06-08T08:44:59.0000000Z;15.907;15.945;316;316
2026-06-08T08:45:01.0000000Z;15.9045;15.945;316;316
2026-06-08T08:45:05.0000000Z;15.9045;15.9455;316;316
2026-06-08T08:45:11.0000000Z;15.9045;15.945;316;316
2026-06-08T08:45:17.0000000Z;15.904;15.945;316;316
2026-06-08T08:45:48.0000000Z;15.904;15.945;316;316
2026-06-08T08:46:18.0000000Z;15.904;15.945;316;316
2026-06-08T08:46:27.0000000Z;15.9065;15.945;316;316
2026-06-08T08:46:51.0000000Z;15.9065;15.9475;316;316
2026-06-08T08:47:19.0000000Z;15.9065;15.9475;316;316
2026-06-08T08:47:31.0000000Z;15.9095;15.9475;316;316
2026-06-08T08:48:01.0000000Z;15.9095;15.9475;316;316
2026-06-08T08:48:02.0000000Z;15.907;15.9475;316;316
2026-06-08T08:48:13.0000000Z;15.9105;15.9475;316;316
2026-06-08T08:48:16.0000000Z;15.9105;15.952;316;316
2026-06-08T08:48:30.0000000Z;15.9105;15.949;316;316
2026-06-08T08:48:32.0000000Z;15.9075;15.949;316;316
2026-06-08T08:49:02.0000000Z;15.9075;15.949;316;316
2026-06-08T08:49:08.0000000Z;15.91;15.949;316;316
2026-06-08T08:49:10.0000000Z;15.91;15.9515;316;316
2026-06-08T08:49:41.0000000Z;15.91;15.9515;316;316
2026-06-08T08:50:11.0000000Z;15.91;15.948;316;316
2026-06-08T08:50:12.0000000Z;15.9065;15.948;316;316
2026-06-08T08:50:42.0000000Z;15.9065;15.948;316;316
2026-06-08T08:50:57.0000000Z;15.909;15.948;316;316
2026-06-08T08:51:28.0000000Z;15.909;15.948;316;316
2026-06-08T08:51:53.0000000Z;15.909;15.9505;316;316
2026-06-08T08:52:23.0000000Z;15.909;15.9505;316;316
2026-06-08T08:52:39.0000000Z;15.9095;15.9505;316;316
2026-06-08T08:52:56.0000000Z;15.9115;15.9505;316;316
2026-06-08T08:53:27.0000000Z;15.9115;15.9505;316;316
2026-06-08T08:53:33.0000000Z;15.9115;15.953;316;316
2026-06-08T08:53:42.0000000Z;15.9115;15.9505;316;316
2026-06-08T08:53:43.0000000Z;15.909;15.9505;316;316
2026-06-08T08:53:53.0000000Z;15.9095;15.9505;316;316
2026-06-08T08:53:58.0000000Z;15.9115;15.9505;316;316
2026-06-08T08:54:29.0000000Z;15.9115;15.9505;316;316
2026-06-08T08:55:00.0000000Z;15.9115;15.9505;316;316
2026-06-08T08:55:23.0000000Z;15.9115;15.953;316;316
2026-06-08T08:55:51.0000000Z;15.914;15.953;316;316
2026-06-08T08:56:16.0000000Z;15.9115;15.953;316;316
2026-06-08T08:56:23.0000000Z;15.914;15.953;316;316
2026-06-08T08:56:53.0000000Z;15.914;15.953;316;316
2026-06-08T08:56:54.0000000Z;15.9115;15.953;316;316
2026-06-08T08:57:06.0000000Z;15.914;15.9565;316;316
2026-06-08T08:57:19.0000000Z;15.9165;15.9565;316;316
2026-06-08T08:57:37.0000000Z;15.9165;15.955;316;316
2026-06-08T08:57:38.0000000Z;15.9135;15.955;316;316
2026-06-08T08:58:09.0000000Z;15.9135;15.955;316;316
2026-06-08T08:58:32.0000000Z;15.9135;15.9525;316;316
2026-06-08T08:58:34.0000000Z;15.911;15.9525;316;316
2026-06-08T08:59:02.0000000Z;15.9135;15.9525;316;316
2026-06-08T08:59:32.0000000Z;15.9135;15.9525;316;316
2026-06-08T09:00:03.0000000Z;15.9135;15.9525;316;316
2026-06-08T09:00:12.0000000Z;15.9135;15.955;316;316
2026-06-08T09:00:42.0000000Z;15.9135;15.955;316;316
2026-06-08T09:00:58.0000000Z;15.9135;15.9525;316;316
2026-06-08T09:00:59.0000000Z;15.911;15.9525;316;316
2026-06-08T09:01:07.0000000Z;15.9135;15.9525;316;316
2026-06-08T09:01:37.0000000Z;15.9135;15.9525;316;316
2026-06-08T09:02:08.0000000Z;15.9135;15.9525;316;316
2026-06-08T09:02:13.0000000Z;15.916;15.9525;316;316
2026-06-08T09:02:39.0000000Z;15.916;15.9575;316;316
2026-06-08T09:03:01.0000000Z;15.916;15.955;316;316
2026-06-08T09:03:03.0000000Z;15.9135;15.955;316;316
2026-06-08T09:03:33.0000000Z;15.9135;15.955;316;316
2026-06-08T09:03:38.0000000Z;15.9135;15.952;316;316
2026-06-08T09:03:39.0000000Z;15.9105;15.952;316;316
2026-06-08T09:03:56.0000000Z;15.913;15.952;316;316
2026-06-08T09:04:26.0000000Z;15.913;15.952;316;316
2026-06-08T09:04:57.0000000Z;15.913;15.952;316;316
2026-06-08T09:05:19.0000000Z;15.913;15.9545;316;316
2026-06-08T09:05:39.0000000Z;15.913;15.9535;316;316
2026-06-08T09:05:41.0000000Z;15.913;15.9505;316;316
2026-06-08T09:05:42.0000000Z;15.913;15.95;316;316
2026-06-08T09:05:51.0000000Z;15.9155;15.95;316;316
2026-06-08T09:05:54.0000000Z;15.9155;15.9515;316;316
2026-06-08T09:06:13.0000000Z;15.9155;15.9505;316;316
2026-06-08T09:06:23.0000000Z;15.9155;15.9495;316;316
2026-06-08T09:06:30.0000000Z;15.913;15.9495;316;316
2026-06-08T09:06:34.0000000Z;15.913;15.9485;316;316
2026-06-08T09:06:42.0000000Z;15.9155;15.9485;316;316
2026-06-08T09:06:48.0000000Z;15.9155;15.9515;316;316
2026-06-08T09:06:53.0000000Z;15.9155;15.9505;316;316
2026-06-08T09:06:56.0000000Z;15.913;15.9505;316;316
2026-06-08T09:07:06.0000000Z;15.913;15.95;316;316
2026-06-08T09:07:15.0000000Z;15.913;15.949;316;316
2026-06-08T09:07:25.0000000Z;15.913;15.948;316;316
2026-06-08T09:07:36.0000000Z;15.913;15.948;316;316
2026-06-08T09:08:00.0000000Z;15.913;15.95;316;316
2026-06-08T09:08:06.0000000Z;15.913;15.9535;316;316
2026-06-08T09:08:37.0000000Z;15.913;15.9535;316;316
2026-06-08T09:08:50.0000000Z;15.913;15.9545;316;316
2026-06-08T09:09:10.0000000Z;15.913;15.957;316;316
2026-06-08T09:09:12.0000000Z;15.9155;15.957;316;316
2026-06-08T09:09:42.0000000Z;15.9155;15.957;316;316
2026-06-08T09:10:13.0000000Z;15.9155;15.957;316;316
2026-06-08T09:10:43.0000000Z;15.9155;15.957;316;316
2026-06-08T09:10:46.0000000Z;15.918;15.957;316;316
2026-06-08T09:10:51.0000000Z;15.918;15.9595;316;316
2026-06-08T09:11:22.0000000Z;15.918;15.9595;316;316
2026-06-08T09:11:24.0000000Z;15.918;15.957;316;316
2026-06-08T09:11:25.0000000Z;15.916;15.957;316;316
2026-06-08T09:11:34.0000000Z;15.918;15.957;316;316
2026-06-08T09:12:04.0000000Z;15.918;15.957;316;316
2026-06-08T09:12:34.0000000Z;15.918;15.957;316;316
2026-06-08T09:13:05.0000000Z;15.918;15.957;316;316
2026-06-08T09:13:06.0000000Z;15.918;15.9595;316;316
2026-06-08T09:13:34.0000000Z;15.918;15.9595;316;316
2026-06-08T09:14:05.0000000Z;15.918;15.9595;316;316
2026-06-08T09:14:36.0000000Z;15.918;15.9595;316;316
2026-06-08T09:15:06.0000000Z;15.918;15.9595;316;316
2026-06-08T09:15:37.0000000Z;15.918;15.9595;316;316
2026-06-08T09:16:04.0000000Z;15.918;15.957;316;316
2026-06-08T09:16:07.0000000Z;15.916;15.957;316;316
2026-06-08T09:16:37.0000000Z;15.916;15.957;316;316
2026-06-08T09:16:43.0000000Z;15.919;15.957;316;316
2026-06-08T09:17:05.0000000Z;15.9165;15.957;316;316
2026-06-08T09:17:35.0000000Z;15.9165;15.957;316;316
2026-06-08T09:17:45.0000000Z;15.9165;15.9605;316;316
2026-06-08T09:18:14.0000000Z;15.9165;15.9605;316;316
2026-06-08T09:18:30.0000000Z;15.919;15.9605;316;316
2026-06-08T09:19:00.0000000Z;15.919;15.9605;316;316
2026-06-08T09:19:31.0000000Z;15.919;15.9605;316;316
2026-06-08T09:20:02.0000000Z;15.919;15.9605;316;316
2026-06-08T09:20:32.0000000Z;15.919;15.9605;316;316
2026-06-08T09:20:59.0000000Z;15.9165;15.9605;316;316
2026-06-08T09:21:01.0000000Z;15.9165;15.958;316;316
2026-06-08T09:21:24.0000000Z;15.9205;15.958;316;316
2026-06-08T09:21:34.0000000Z;15.918;15.958;316;316
2026-06-08T09:21:51.0000000Z;15.9205;15.958;316;316
2026-06-08T09:22:22.0000000Z;15.9205;15.958;316;316
2026-06-08T09:22:42.0000000Z;15.9205;15.962;316;316
2026-06-08T09:22:46.0000000Z;15.9205;15.9595;316;316
2026-06-08T09:22:48.0000000Z;15.918;15.9595;316;316
2026-06-08T09:22:52.0000000Z;15.9205;15.9595;316;316
2026-06-08T09:23:22.0000000Z;15.9205;15.9595;316;316
2026-06-08T09:23:53.0000000Z;15.9205;15.9595;316;316
2026-06-08T09:24:23.0000000Z;15.9205;15.9595;316;316
2026-06-08T09:24:26.0000000Z;15.9205;15.962;316;316
2026-06-08T09:24:34.0000000Z;15.9205;15.9595;316;316
2026-06-08T09:24:36.0000000Z;15.918;15.9595;316;316
2026-06-08T09:25:03.0000000Z;15.9205;15.9595;316;316
2026-06-08T09:25:33.0000000Z;15.9205;15.9595;316;316
2026-06-08T09:26:04.0000000Z;15.9205;15.9595;316;316
2026-06-08T09:26:15.0000000Z;15.9205;15.962;316;316
2026-06-08T09:26:45.0000000Z;15.9205;15.962;316;316
2026-06-08T09:27:06.0000000Z;15.923;15.962;316;316
2026-06-08T09:27:37.0000000Z;15.923;15.962;316;316
2026-06-08T09:27:55.0000000Z;15.923;15.9645;316;316
2026-06-08T09:28:26.0000000Z;15.923;15.9645;316;316
2026-06-08T09:28:30.0000000Z;15.9235;15.9645;316;316
2026-06-08T09:28:31.0000000Z;15.9235;15.967;316;316
2026-06-08T09:28:32.0000000Z;15.9235;15.9645;316;316
2026-06-08T09:28:33.0000000Z;15.923;15.9645;316;316
2026-06-08T09:29:04.0000000Z;15.923;15.9645;316;316
2026-06-08T09:29:34.0000000Z;15.923;15.9645;316;316
2026-06-08T09:29:36.0000000Z;15.9255;15.9645;316;316
2026-06-08T09:30:06.0000000Z;15.9255;15.9645;316;316
2026-06-08T09:30:14.0000000Z;15.9255;15.967;316;316
2026-06-08T09:30:42.0000000Z;15.9255;15.967;316;316
2026-06-08T09:31:13.0000000Z;15.9255;15.967;316;316
2026-06-08T09:31:43.0000000Z;15.9255;15.967;316;316
2026-06-08T09:32:08.0000000Z;15.9255;15.9695;316;316
2026-06-08T09:32:29.0000000Z;15.9255;15.9665;316;316
2026-06-08T09:32:51.0000000Z;15.9255;15.964;316;316
2026-06-08T09:32:52.0000000Z;15.923;15.964;316;316
2026-06-08T09:32:56.0000000Z;15.9235;15.964;316;316
2026-06-08T09:33:12.0000000Z;15.923;15.964;316;316
2026-06-08T09:33:43.0000000Z;15.923;15.964;316;316
2026-06-08T09:34:05.0000000Z;15.9255;15.964;316;316
2026-06-08T09:34:29.0000000Z;15.928;15.964;316;316
2026-06-08T09:34:33.0000000Z;15.928;15.9695;316;316
2026-06-08T09:34:40.0000000Z;15.928;15.967;316;316
2026-06-08T09:34:41.0000000Z;15.9255;15.967;316;316
2026-06-08T09:35:10.0000000Z;15.9255;15.967;316;316
2026-06-08T09:35:15.0000000Z;15.923;15.9645;316;316
2026-06-08T09:35:28.0000000Z;15.9255;15.9645;316;316
2026-06-08T09:35:58.0000000Z;15.9255;15.9645;316;316
2026-06-08T09:36:29.0000000Z;15.9255;15.9645;316;316
2026-06-08T09:36:43.0000000Z;15.882;15.9645;316;316
2026-06-08T09:36:47.0000000Z;15.919;15.9645;316;316
2026-06-08T09:36:49.0000000Z;15.919;16.01;316;316
2026-06-08T09:36:51.0000000Z;15.9185;15.961;316;316
2026-06-08T09:36:53.0000000Z;15.921;15.9635;316;316
2026-06-08T09:36:54.0000000Z;15.921;15.963;316;316
2026-06-08T09:36:59.0000000Z;15.93;15.963;316;316
2026-06-08T09:37:04.0000000Z;15.9325;15.963;316;316
2026-06-08T09:37:05.0000000Z;15.9325;15.972;316;316
2026-06-08T09:37:13.0000000Z;15.8875;15.972;316;316
2026-06-08T09:37:21.0000000Z;15.9165;15.958;316;316
2026-06-08T09:37:23.0000000Z;15.9165;15.9555;316;316
2026-06-08T09:37:25.0000000Z;15.914;15.9555;316;316
2026-06-08T09:37:31.0000000Z;15.921;15.963;316;316
2026-06-08T09:37:47.0000000Z;15.8875;15.963;316;316
2026-06-08T09:37:48.0000000Z;15.9185;15.9605;316;316
2026-06-08T09:38:11.0000000Z;15.916;15.9605;316;316
2026-06-08T09:38:12.0000000Z;15.916;15.9575;316;316
2026-06-08T09:38:13.0000000Z;15.92;15.9575;316;316
2026-06-08T09:38:17.0000000Z;15.9205;15.9575;316;316
2026-06-08T09:38:24.0000000Z;15.9205;15.9595;316;316
2026-06-08T09:38:30.0000000Z;15.9225;15.9595;316;316
2026-06-08T09:38:35.0000000Z;15.923;15.9595;316;316
2026-06-08T09:38:44.0000000Z;15.9195;15.9595;316;316
2026-06-08T09:38:49.0000000Z;15.922;15.9595;316;316
2026-06-08T09:39:00.0000000Z;15.918;15.9595;316;316
2026-06-08T09:39:13.0000000Z;15.918;15.957;316;316
2026-06-08T09:39:14.0000000Z;15.915;15.957;316;316
2026-06-08T09:39:16.0000000Z;15.915;15.9565;316;316
2026-06-08T09:39:22.0000000Z;15.915;15.9745;316;316
2026-06-08T09:39:23.0000000Z;15.9205;15.962;316;316
2026-06-08T09:39:34.0000000Z;15.923;15.9645;316;316
2026-06-08T09:39:46.0000000Z;15.925;15.9645;316;316
2026-06-08T09:39:48.0000000Z;15.925;15.967;316;316
2026-06-08T09:40:17.0000000Z;15.925;15.964;316;316
2026-06-08T09:40:18.0000000Z;15.9225;15.964;316;316
2026-06-08T09:40:32.0000000Z;15.92;15.961;316;316
2026-06-08T09:40:34.0000000Z;15.9225;15.961;316;316
2026-06-08T09:40:40.0000000Z;15.9225;15.9635;316;316
2026-06-08T09:41:09.0000000Z;15.9225;15.9635;316;316
2026-06-08T09:41:11.0000000Z;15.9245;15.9635;316;316
2026-06-08T09:41:41.0000000Z;15.9245;15.9635;316;316
2026-06-08T09:42:11.0000000Z;15.9245;15.9635;316;316
2026-06-08T09:42:20.0000000Z;15.9245;15.966;316;316
2026-06-08T09:42:51.0000000Z;15.9245;15.966;316;316
2026-06-08T09:43:00.0000000Z;15.9225;15.9635;316;316
2026-06-08T09:43:06.0000000Z;15.9245;15.9635;316;316
2026-06-08T09:43:37.0000000Z;15.9245;15.9635;316;316
2026-06-08T09:44:07.0000000Z;15.9245;15.9635;316;316
2026-06-08T09:44:38.0000000Z;15.9245;15.9635;316;316
2026-06-08T09:44:41.0000000Z;15.9245;15.966;316;316
2026-06-08T09:45:11.0000000Z;15.9245;15.966;316;316
2026-06-08T09:45:42.0000000Z;15.9245;15.966;316;316
2026-06-08T09:46:04.0000000Z;15.9245;15.9635;316;316
2026-06-08T09:46:05.0000000Z;15.9225;15.9635;316;316
2026-06-08T09:46:34.0000000Z;15.9225;15.9635;316;316
2026-06-08T09:47:04.0000000Z;15.9225;15.9635;316;316
2026-06-08T09:47:35.0000000Z;15.9225;15.9635;316;316
2026-06-08T09:48:05.0000000Z;15.9225;15.9635;316;316
2026-06-08T09:48:36.0000000Z;15.9225;15.9635;316;316
2026-06-08T09:49:07.0000000Z;15.9225;15.9635;316;316
2026-06-08T09:49:22.0000000Z;15.9225;15.961;316;316
2026-06-08T09:49:27.0000000Z;15.92;15.961;316;316
2026-06-08T09:49:54.0000000Z;15.92;15.961;316;316
2026-06-08T09:50:25.0000000Z;15.92;15.961;316;316
2026-06-08T09:50:55.0000000Z;15.92;15.961;316;316
2026-06-08T09:51:09.0000000Z;15.9225;15.961;316;316
2026-06-08T09:51:10.0000000Z;15.9225;15.9635;316;316
2026-06-08T09:51:29.0000000Z;15.9225;15.961;316;316
2026-06-08T09:51:30.0000000Z;15.92;15.961;316;316
2026-06-08T09:51:40.0000000Z;15.9225;15.961;316;316
2026-06-08T09:51:57.0000000Z;15.92;15.961;316;316
2026-06-08T09:52:27.0000000Z;15.92;15.961;316;316
2026-06-08T09:52:58.0000000Z;15.92;15.961;316;316
2026-06-08T09:53:09.0000000Z;15.923;15.961;316;316
2026-06-08T09:53:11.0000000Z;15.923;15.964;316;316
2026-06-08T09:53:21.0000000Z;15.9225;15.964;316;316
2026-06-08T09:53:42.0000000Z;15.9225;15.9615;316;316
2026-06-08T09:53:43.0000000Z;15.92;15.9615;316;316
2026-06-08T09:53:47.0000000Z;15.9205;15.9615;316;316
2026-06-08T09:54:00.0000000Z;15.9205;15.959;316;316
2026-06-08T09:54:01.0000000Z;15.918;15.959;316;316
2026-06-08T09:54:25.0000000Z;15.92;15.959;316;316
2026-06-08T09:54:56.0000000Z;15.92;15.959;316;316
2026-06-08T09:55:19.0000000Z;15.918;15.959;316;316
2026-06-08T09:55:49.0000000Z;15.918;15.959;316;316
2026-06-08T09:56:03.0000000Z;15.918;15.9565;316;316
2026-06-08T09:56:05.0000000Z;15.915;15.9565;316;316
2026-06-08T09:56:08.0000000Z;15.9155;15.9565;316;316
2026-06-08T09:56:39.0000000Z;15.9155;15.9565;316;316
2026-06-08T09:56:45.0000000Z;15.918;15.9565;316;316
2026-06-08T09:57:14.0000000Z;15.9155;15.9565;316;316
2026-06-08T09:57:26.0000000Z;15.913;15.9565;316;316
2026-06-08T09:57:34.0000000Z;15.9175;15.9565;316;316
2026-06-08T09:57:46.0000000Z;15.9175;15.959;316;316
2026-06-08T09:57:56.0000000Z;15.9175;15.9565;316;316
2026-06-08T09:57:58.0000000Z;15.917;15.9565;316;316
2026-06-08T09:58:01.0000000Z;15.9175;15.9565;316;316
2026-06-08T09:58:31.0000000Z;15.9175;15.9565;316;316
2026-06-08T09:59:01.0000000Z;15.9175;15.9565;316;316
2026-06-08T09:59:32.0000000Z;15.9175;15.9565;316;316
2026-06-08T10:00:03.0000000Z;15.9175;15.9565;316;316
2026-06-08T10:00:18.0000000Z;15.9175;15.959;316;316
2026-06-08T10:00:19.0000000Z;15.921;15.959;316;316
2026-06-08T10:00:45.0000000Z;15.919;15.959;316;316
2026-06-08T10:01:12.0000000Z;15.919;15.9575;316;316
2026-06-08T10:01:15.0000000Z;15.916;15.9575;316;316
2026-06-08T10:01:17.0000000Z;15.9165;15.9575;316;316
2026-06-08T10:01:48.0000000Z;15.9165;15.9575;316;316
2026-06-08T10:01:58.0000000Z;15.9195;15.9575;316;316
2026-06-08T10:02:15.0000000Z;15.913;15.9545;316;316
2026-06-08T10:02:21.0000000Z;15.9105;15.952;316;316
2026-06-08T10:02:30.0000000Z;15.9105;15.9495;316;316
2026-06-08T10:02:31.0000000Z;15.908;15.949;316;316
2026-06-08T10:02:32.0000000Z;15.9135;15.949;316;316
2026-06-08T10:02:36.0000000Z;15.914;15.949;316;316
2026-06-08T10:02:37.0000000Z;15.914;15.951;316;316
2026-06-08T10:03:08.0000000Z;15.914;15.951;316;316
2026-06-08T10:03:22.0000000Z;15.916;15.951;316;316
2026-06-08T10:03:53.0000000Z;15.916;15.951;316;316
2026-06-08T10:04:10.0000000Z;15.9165;15.951;316;316
2026-06-08T10:04:11.0000000Z;15.9165;15.958;316;316
2026-06-08T10:04:41.0000000Z;15.9165;15.958;316;316
2026-06-08T10:04:53.0000000Z;15.9185;15.958;316;316
2026-06-08T10:04:54.0000000Z;15.919;15.958;316;316
2026-06-08T10:05:04.0000000Z;15.9165;15.958;316;316
2026-06-08T10:05:26.0000000Z;15.919;15.958;316;316
2026-06-08T10:05:27.0000000Z;15.9185;15.958;316;316
2026-06-08T10:05:28.0000000Z;15.919;15.958;316;316
2026-06-08T10:05:30.0000000Z;15.9185;15.958;316;316
2026-06-08T10:05:35.0000000Z;15.919;15.958;316;316
2026-06-08T10:06:05.0000000Z;15.919;15.958;316;316
2026-06-08T10:06:16.0000000Z;15.9165;15.958;316;316
2026-06-08T10:06:28.0000000Z;15.9165;15.9555;316;316
2026-06-08T10:06:30.0000000Z;15.916;15.9555;316;316
2026-06-08T10:06:33.0000000Z;15.9165;15.9555;316;316
2026-06-08T10:06:38.0000000Z;15.914;15.9555;316;316
2026-06-08T10:06:54.0000000Z;15.914;15.953;316;316
2026-06-08T10:06:56.0000000Z;15.911;15.953;316;316
2026-06-08T10:07:26.0000000Z;15.911;15.953;316;316
2026-06-08T10:07:41.0000000Z;15.9135;15.953;316;316
2026-06-08T10:07:50.0000000Z;15.9135;15.956;316;316
2026-06-08T10:08:20.0000000Z;15.9135;15.956;316;316
2026-06-08T10:08:22.0000000Z;15.9155;15.956;316;316
2026-06-08T10:08:24.0000000Z;15.916;15.956;316;316
2026-06-08T10:08:54.0000000Z;15.916;15.956;316;316
2026-06-08T10:09:02.0000000Z;15.916;15.9535;316;316
2026-06-08T10:09:04.0000000Z;15.9125;15.9535;316;316
2026-06-08T10:09:20.0000000Z;15.9165;15.9535;316;316
2026-06-08T10:09:23.0000000Z;15.9165;15.958;316;316
2026-06-08T10:09:25.0000000Z;15.917;15.958;316;316
2026-06-08T10:09:36.0000000Z;15.9145;15.958;316;316
2026-06-08T10:09:44.0000000Z;15.9145;15.9555;316;316
2026-06-08T10:10:14.0000000Z;15.9145;15.9555;316;316
2026-06-08T10:10:45.0000000Z;15.9145;15.9555;316;316
2026-06-08T10:10:59.0000000Z;15.9145;15.9535;316;316
2026-06-08T10:11:01.0000000Z;15.912;15.9535;316;316
2026-06-08T10:11:32.0000000Z;15.912;15.9535;316;316
2026-06-08T10:11:41.0000000Z;15.912;15.9555;316;316
2026-06-08T10:11:49.0000000Z;15.915;15.9555;316;316
2026-06-08T10:12:12.0000000Z;15.915;15.953;316;316
2026-06-08T10:12:13.0000000Z;15.9125;15.953;316;316
2026-06-08T10:12:31.0000000Z;15.915;15.953;316;316
2026-06-08T10:12:45.0000000Z;15.9145;15.953;316;316
2026-06-08T10:13:16.0000000Z;15.9145;15.953;316;316
2026-06-08T10:13:21.0000000Z;15.9125;15.953;316;316
2026-06-08T10:13:50.0000000Z;15.9125;15.953;316;316
2026-06-08T10:14:01.0000000Z;15.9145;15.953;316;316
2026-06-08T10:14:13.0000000Z;15.9125;15.953;316;316
2026-06-08T10:14:22.0000000Z;15.9125;15.9515;316;316
2026-06-08T10:14:52.0000000Z;15.9125;15.9515;316;316
2026-06-08T10:15:23.0000000Z;15.9125;15.9515;316;316
2026-06-08T10:15:42.0000000Z;15.9145;15.9515;316;316
2026-06-08T10:16:03.0000000Z;15.9145;15.9565;316;316
2026-06-08T10:16:33.0000000Z;15.9145;15.9565;316;316
2026-06-08T10:16:37.0000000Z;15.9145;15.954;316;316
2026-06-08T10:17:08.0000000Z;15.9145;15.954;316;316
2026-06-08T10:17:38.0000000Z;15.9145;15.954;316;316
2026-06-08T10:18:09.0000000Z;15.9145;15.954;316;316
2026-06-08T10:18:18.0000000Z;15.912;15.954;316;316
2026-06-08T10:18:25.0000000Z;15.914;15.954;316;316
2026-06-08T10:18:44.0000000Z;15.9115;15.954;316;316
2026-06-08T10:19:14.0000000Z;15.9115;15.954;316;316
2026-06-08T10:19:20.0000000Z;15.9115;15.952;316;316
2026-06-08T10:19:50.0000000Z;15.911;15.954;316;316
2026-06-08T10:19:54.0000000Z;15.9115;15.954;316;316
2026-06-08T10:19:55.0000000Z;15.9135;15.954;316;316
2026-06-08T10:19:56.0000000Z;15.914;15.954;316;316
2026-06-08T10:20:16.0000000Z;15.911;15.954;316;316
2026-06-08T10:20:47.0000000Z;15.911;15.954;316;316
2026-06-08T10:20:49.0000000Z;15.911;15.952;316;316
2026-06-08T10:21:19.0000000Z;15.911;15.952;316;316
2026-06-08T10:21:28.0000000Z;15.9105;15.954;316;316
2026-06-08T10:21:32.0000000Z;15.911;15.954;316;316
2026-06-08T10:21:53.0000000Z;15.9135;15.954;316;316
2026-06-08T10:22:20.0000000Z;15.911;15.954;316;316
2026-06-08T10:22:33.0000000Z;15.911;15.954;316;316
2026-06-08T10:23:04.0000000Z;15.911;15.954;316;316
2026-06-08T10:23:10.0000000Z;15.911;15.952;316;316
2026-06-08T10:23:41.0000000Z;15.911;15.952;316;316
2026-06-08T10:23:42.0000000Z;15.911;15.9515;316;316
2026-06-08T10:24:00.0000000Z;15.913;15.9515;316;316
2026-06-08T10:24:03.0000000Z;15.913;15.95;316;316
2026-06-08T10:24:05.0000000Z;15.909;15.95;316;316
2026-06-08T10:24:36.0000000Z;15.909;15.95;316;316
2026-06-08T10:25:06.0000000Z;15.909;15.95;316;316
2026-06-08T10:25:13.0000000Z;15.9115;15.95;316;316
2026-06-08T10:25:43.0000000Z;15.912;15.95;316;316
2026-06-08T10:25:45.0000000Z;15.912;15.9525;316;316
2026-06-08T10:25:47.0000000Z;15.9095;15.9525;316;316
2026-06-08T10:25:48.0000000Z;15.9095;15.95;316;316
2026-06-08T10:26:18.0000000Z;15.9095;15.95;316;316
2026-06-08T10:26:49.0000000Z;15.9095;15.95;316;316
2026-06-08T10:27:19.0000000Z;15.9095;15.95;316;316
2026-06-08T10:27:30.0000000Z;15.9095;15.9525;316;316
2026-06-08T10:27:45.0000000Z;15.9125;15.9525;316;316
2026-06-08T10:28:16.0000000Z;15.9125;15.9525;316;316
2026-06-08T10:28:46.0000000Z;15.9125;15.9525;316;316
2026-06-08T10:29:17.0000000Z;15.9125;15.9525;316;316
2026-06-08T10:29:30.0000000Z;15.9125;15.955;316;316
2026-06-08T10:29:46.0000000Z;15.912;15.952;316;316
2026-06-08T10:30:17.0000000Z;15.912;15.952;316;316
2026-06-08T10:30:46.0000000Z;15.9145;15.952;316;316
2026-06-08T10:31:17.0000000Z;15.9145;15.952;316;316
2026-06-08T10:31:27.0000000Z;15.9145;15.955;316;316
2026-06-08T10:31:58.0000000Z;15.9145;15.955;316;316
2026-06-08T10:32:21.0000000Z;15.912;15.955;316;316
2026-06-08T10:32:40.0000000Z;15.912;15.9525;316;316
2026-06-08T10:32:43.0000000Z;15.9095;15.9525;316;316
2026-06-08T10:32:45.0000000Z;15.91;15.9525;316;316
2026-06-08T10:33:05.0000000Z;15.9125;15.9525;316;316
2026-06-08T10:33:36.0000000Z;15.9125;15.9525;316;316
2026-06-08T10:33:43.0000000Z;15.91;15.9525;316;316
2026-06-08T10:33:46.0000000Z;15.913;15.9525;316;316
2026-06-08T10:33:59.0000000Z;15.9125;15.9555;316;316
2026-06-08T10:34:02.0000000Z;15.913;15.9555;316;316
2026-06-08T10:34:04.0000000Z;15.915;15.9555;316;316
2026-06-08T10:34:08.0000000Z;15.915;15.9525;316;316
2026-06-08T10:34:09.0000000Z;15.9115;15.9525;316;316
2026-06-08T10:34:14.0000000Z;15.9115;15.9505;316;316
2026-06-08T10:34:17.0000000Z;15.9115;15.948;316;316
2026-06-08T10:34:19.0000000Z;15.906;15.948;316;316
2026-06-08T10:34:21.0000000Z;15.8725;15.948;316;316
2026-06-08T10:34:23.0000000Z;15.8725;16.0505;316;316
2026-06-08T10:34:28.0000000Z;15.8725;16.0495;316;316
2026-06-08T10:34:30.0000000Z;15.8725;16.0485;316;316
2026-06-08T10:34:32.0000000Z;15.8725;16.0475;316;316
2026-06-08T10:34:33.0000000Z;15.8725;16.0465;316;316
2026-06-08T10:34:35.0000000Z;15.8725;16.0455;316;316
2026-06-08T10:34:36.0000000Z;15.8725;16.0445;316;316
2026-06-08T10:34:38.0000000Z;15.8725;16.0435;316;316
2026-06-08T10:34:41.0000000Z;15.8725;16.0425;316;316
2026-06-08T10:34:42.0000000Z;15.8725;16.0415;316;316
2026-06-08T10:34:45.0000000Z;15.8725;16.0395;316;316
2026-06-08T10:34:50.0000000Z;15.8725;16.0385;316;316
2026-06-08T10:34:51.0000000Z;15.8725;16.036;316;316
2026-06-08T10:34:53.0000000Z;15.8725;16.035;316;316
2026-06-08T10:34:54.0000000Z;15.8725;16.033;316;316
2026-06-08T10:35:04.0000000Z;15.8725;16.0325;316;316
2026-06-08T10:35:05.0000000Z;15.8725;16.033;316;316
2026-06-08T10:35:08.0000000Z;15.8725;16.0335;316;316
2026-06-08T10:35:21.0000000Z;15.8725;16.0325;316;316
2026-06-08T10:35:42.0000000Z;15.8725;16.0335;316;316
2026-06-08T10:35:46.0000000Z;15.8725;16.0325;316;316
2026-06-08T10:36:17.0000000Z;15.8725;16.0325;316;316
2026-06-08T10:36:18.0000000Z;15.8725;16.0315;316;316
2026-06-08T10:36:48.0000000Z;15.8725;16.0315;316;316
2026-06-08T10:37:19.0000000Z;15.8725;16.0315;316;316
2026-06-08T10:37:20.0000000Z;15.8725;15.9965;316;316
2026-06-08T10:37:32.0000000Z;15.8725;15.996;316;316
2026-06-08T10:38:02.0000000Z;15.8725;15.996;316;316
2026-06-08T10:38:32.0000000Z;15.8725;15.996;316;316
2026-06-08T10:39:03.0000000Z;15.8725;15.996;316;316
2026-06-08T10:39:34.0000000Z;15.8725;15.996;316;316
2026-06-08T10:40:04.0000000Z;15.8725;15.996;316;316
2026-06-08T10:40:35.0000000Z;15.8725;15.996;316;316
2026-06-08T10:41:05.0000000Z;15.8725;15.996;316;316
2026-06-08T10:41:36.0000000Z;15.8725;15.996;316;316
2026-06-08T10:42:06.0000000Z;15.8725;15.996;316;316
2026-06-08T10:42:37.0000000Z;15.8725;15.996;316;316
2026-06-08T10:43:08.0000000Z;15.8725;15.996;316;316
2026-06-08T10:43:38.0000000Z;15.8725;15.996;316;316
2026-06-08T10:44:09.0000000Z;15.8725;15.996;316;316
2026-06-08T10:44:40.0000000Z;15.8725;15.996;316;316
2026-06-08T10:45:10.0000000Z;15.8725;15.996;316;316
2026-06-08T10:45:41.0000000Z;15.8725;15.996;316;316
2026-06-08T10:46:11.0000000Z;15.8725;15.996;316;316
2026-06-08T10:46:42.0000000Z;15.8725;15.996;316;316
2026-06-08T10:47:12.0000000Z;15.8725;15.996;316;316
2026-06-08T10:47:43.0000000Z;15.8725;15.996;316;316
2026-06-08T10:48:14.0000000Z;15.8725;15.996;316;316
2026-06-08T10:48:44.0000000Z;15.8725;15.996;316;316
2026-06-08T10:49:15.0000000Z;15.8725;15.996;316;316
2026-06-08T10:49:45.0000000Z;15.8725;15.996;316;316
2026-06-08T10:50:16.0000000Z;15.8725;15.996;316;316
2026-06-08T10:50:46.0000000Z;15.8725;15.996;316;316
2026-06-08T10:51:17.0000000Z;15.8725;15.996;316;316
2026-06-08T10:51:47.0000000Z;15.8725;15.996;316;316
2026-06-08T10:52:18.0000000Z;15.8725;15.996;316;316
2026-06-08T10:52:49.0000000Z;15.8725;15.996;316;316
2026-06-08T10:53:19.0000000Z;15.8725;15.996;316;316
2026-06-08T10:53:50.0000000Z;15.8725;15.996;316;316
2026-06-08T10:54:20.0000000Z;15.8725;15.996;316;316
2026-06-08T10:54:51.0000000Z;15.8725;15.996;316;316
2026-06-08T10:55:21.0000000Z;15.8725;15.996;316;316
2026-06-08T10:55:52.0000000Z;15.8725;15.996;316;316
2026-06-08T10:56:23.0000000Z;15.8725;15.996;316;316
2026-06-08T10:56:53.0000000Z;15.8725;15.996;316;316
2026-06-08T10:57:24.0000000Z;15.8725;15.996;316;316
2026-06-08T10:57:54.0000000Z;15.8725;15.996;316;316
2026-06-08T10:58:25.0000000Z;15.8725;15.996;316;316
2026-06-08T10:58:56.0000000Z;15.8725;15.996;316;316
2026-06-08T10:59:26.0000000Z;15.8725;15.996;316;316
2026-06-08T10:59:38.0000000Z;15.8725;15.9965;316;316
2026-06-08T11:00:09.0000000Z;15.8725;15.9965;316;316
2026-06-08T11:00:40.0000000Z;15.8725;15.9965;316;316
2026-06-08T11:01:10.0000000Z;15.8725;15.9965;316;316
2026-06-08T11:01:41.0000000Z;15.8725;15.9965;316;316
2026-06-08T11:02:11.0000000Z;15.8725;15.9965;316;316
2026-06-08T11:02:42.0000000Z;15.8725;15.9965;316;316
2026-06-08T11:03:13.0000000Z;15.8725;15.9965;316;316
2026-06-08T11:03:43.0000000Z;15.8725;15.9965;316;316
2026-06-08T11:04:14.0000000Z;15.8725;15.9965;316;316
2026-06-08T11:04:37.0000000Z;15.8725;15.989;316;316
2026-06-08T11:04:38.0000000Z;15.861;15.989;316;316
2026-06-08T11:05:00.0000000Z;15.868;15.989;316;316
2026-06-08T11:05:30.0000000Z;15.868;15.989;316;316
2026-06-08T11:06:01.0000000Z;15.868;15.989;316;316
2026-06-08T11:06:32.0000000Z;15.868;15.989;316;316
2026-06-08T11:07:02.0000000Z;15.868;15.989;316;316
2026-06-08T11:07:33.0000000Z;15.868;15.989;316;316
2026-06-08T11:07:43.0000000Z;15.9075;15.948;316;316
2026-06-08T11:08:13.0000000Z;15.9075;15.948;316;316
2026-06-08T11:08:44.0000000Z;15.9075;15.948;316;316
2026-06-08T11:08:52.0000000Z;15.9095;15.948;316;316
2026-06-08T11:09:13.0000000Z;15.907;15.948;316;316
2026-06-08T11:09:43.0000000Z;15.907;15.948;316;316
2026-06-08T11:10:13.0000000Z;15.907;15.948;316;316
2026-06-08T11:10:37.0000000Z;15.907;15.9455;316;316
2026-06-08T11:10:39.0000000Z;15.9045;15.9455;316;316
2026-06-08T11:10:49.0000000Z;15.904;15.9465;316;316
2026-06-08T11:10:57.0000000Z;15.8865;15.9465;316;316
2026-06-08T11:10:59.0000000Z;15.9015;15.944;316;316
2026-06-08T11:11:03.0000000Z;15.897;15.9395;316;316
2026-06-08T11:11:08.0000000Z;15.897;15.9495;316;316
2026-06-08T11:11:11.0000000Z;15.897;15.9545;316;316
2026-06-08T11:11:13.0000000Z;15.8995;15.942;316;316
2026-06-08T11:11:19.0000000Z;15.9055;15.948;316;316
2026-06-08T11:11:27.0000000Z;15.9055;15.9505;316;316
2026-06-08T11:11:29.0000000Z;15.908;15.95;316;316
2026-06-08T11:11:31.0000000Z;15.867;15.9505;316;316
2026-06-08T11:11:33.0000000Z;15.9035;15.946;316;316
2026-06-08T11:11:45.0000000Z;15.9075;15.95;316;316
2026-06-08T11:12:03.0000000Z;15.91;15.9525;316;316
2026-06-08T11:12:07.0000000Z;15.91;15.9515;316;316
2026-06-08T11:12:13.0000000Z;15.91;15.9525;316;316
2026-06-08T11:12:15.0000000Z;15.91;15.9515;316;316
2026-06-08T11:12:17.0000000Z;15.91;15.952;316;316
2026-06-08T11:12:19.0000000Z;15.91;15.9515;316;316
2026-06-08T11:12:21.0000000Z;15.91;15.951;316;316
2026-06-08T11:12:23.0000000Z;15.91;15.95;316;316
2026-06-08T11:12:25.0000000Z;15.893;15.95;316;316
2026-06-08T11:12:27.0000000Z;15.9075;15.95;316;316
2026-06-08T11:12:45.0000000Z;15.905;15.9475;316;316
2026-06-08T11:13:04.0000000Z;15.9055;15.9475;316;316
2026-06-08T11:13:19.0000000Z;15.905;15.9475;316;316
2026-06-08T11:13:39.0000000Z;15.905;15.9475;316;316
2026-06-08T11:14:10.0000000Z;15.905;15.9475;316;316
2026-06-08T11:14:25.0000000Z;15.9075;15.9475;316;316
2026-06-08T11:14:31.0000000Z;15.9075;15.9495;316;316
2026-06-08T11:14:32.0000000Z;15.905;15.9475;316;316
2026-06-08T11:15:00.0000000Z;15.905;15.945;316;316
2026-06-08T11:15:02.0000000Z;15.9025;15.945;316;316
2026-06-08T11:15:12.0000000Z;15.8415;16.0105;316;316
2026-06-08T11:15:14.0000000Z;15.795;16.0105;316;316
2026-06-08T11:15:16.0000000Z;15.8045;16.0105;316;316
2026-06-08T11:15:18.0000000Z;15.8095;16.0105;316;316
2026-06-08T11:15:19.0000000Z;15.81;16.0105;316;316
2026-06-08T11:15:25.0000000Z;15.8105;16.0105;316;316
2026-06-08T11:15:29.0000000Z;15.8115;16.0105;316;316
2026-06-08T11:15:38.0000000Z;15.8105;16.0105;316;316
2026-06-08T11:15:42.0000000Z;15.812;16.0105;316;316
2026-06-08T11:15:45.0000000Z;15.812;16.0345;316;316
2026-06-08T11:15:46.0000000Z;15.812;16.0335;316;316
2026-06-08T11:15:52.0000000Z;15.812;16.034;316;316
2026-06-08T11:15:55.0000000Z;15.812;16.032;316;316
2026-06-08T11:16:12.0000000Z;15.812;16.035;316;316
2026-06-08T11:16:16.0000000Z;15.812;16.0355;316;316
2026-06-08T11:16:17.0000000Z;15.812;16.0305;316;316
2026-06-08T11:16:24.0000000Z;15.812;16.031;316;316
2026-06-08T11:16:53.0000000Z;15.812;16.031;316;316
2026-06-08T11:17:24.0000000Z;15.812;16.031;316;316
2026-06-08T11:17:39.0000000Z;15.812;16.03;316;316
2026-06-08T11:17:41.0000000Z;15.809;16.03;316;316
2026-06-08T11:17:48.0000000Z;15.81;16.03;316;316
2026-06-08T11:18:19.0000000Z;15.81;16.03;316;316
2026-06-08T11:18:39.0000000Z;15.809;16.03;316;316
2026-06-08T11:18:46.0000000Z;15.809;16.029;316;316
2026-06-08T11:19:17.0000000Z;15.809;16.028;316;316
2026-06-08T11:19:25.0000000Z;15.81;16.028;316;316
2026-06-08T11:19:55.0000000Z;15.81;16.028;316;316
2026-06-08T11:20:09.0000000Z;15.811;16.026;316;316
2026-06-08T11:20:10.0000000Z;15.811;16.025;316;316
2026-06-08T11:20:13.0000000Z;15.811;16.024;316;316
2026-06-08T11:20:16.0000000Z;15.811;16.023;316;316
2026-06-08T11:20:19.0000000Z;15.809;16.022;316;316
2026-06-08T11:20:28.0000000Z;15.809;16.021;316;316
2026-06-08T11:20:30.0000000Z;15.809;16.02;316;316
2026-06-08T11:20:36.0000000Z;15.896;15.938;316;316
2026-06-08T11:20:55.0000000Z;15.8985;15.938;316;316
2026-06-08T11:21:06.0000000Z;15.8985;15.9405;316;316
2026-06-08T11:21:12.0000000Z;15.901;15.9405;316;316
2026-06-08T11:21:43.0000000Z;15.901;15.9405;316;316
2026-06-08T11:21:44.0000000Z;15.901;15.9435;316;316
2026-06-08T11:21:49.0000000Z;15.901;15.9405;316;316
2026-06-08T11:22:19.0000000Z;15.901;15.9405;316;316
2026-06-08T11:22:20.0000000Z;15.898;15.9405;316;316
2026-06-08T11:22:23.0000000Z;15.898;15.9385;316;316
2026-06-08T11:22:48.0000000Z;15.902;15.9385;316;316
2026-06-08T11:22:50.0000000Z;15.902;15.9405;316;316
2026-06-08T11:23:04.0000000Z;15.9045;15.9405;316;316
2026-06-08T11:23:26.0000000Z;15.9005;15.9405;316;316
2026-06-08T11:23:32.0000000Z;15.8605;15.9405;316;316
2026-06-08T11:23:33.0000000Z;15.8985;15.9405;316;316
2026-06-08T11:23:45.0000000Z;15.901;15.9405;316;316
2026-06-08T11:24:15.0000000Z;15.901;15.9405;316;316
2026-06-08T11:24:46.0000000Z;15.901;15.9405;316;316
2026-06-08T11:24:53.0000000Z;15.901;15.9445;316;316
2026-06-08T11:25:13.0000000Z;15.904;15.9445;316;316
2026-06-08T11:25:31.0000000Z;15.9015;15.9445;316;316
2026-06-08T11:25:34.0000000Z;15.905;15.9445;316;316
2026-06-08T11:25:55.0000000Z;15.905;15.9435;316;316
2026-06-08T11:25:57.0000000Z;15.902;15.9435;316;316
2026-06-08T11:26:26.0000000Z;15.902;15.9435;316;316
2026-06-08T11:26:56.0000000Z;15.902;15.9435;316;316
2026-06-08T11:27:01.0000000Z;15.902;15.946;316;316
2026-06-08T11:27:05.0000000Z;15.9045;15.946;316;316
2026-06-08T11:27:14.0000000Z;15.9045;15.941;316;316
2026-06-08T11:27:15.0000000Z;15.8995;15.941;316;316
2026-06-08T11:27:27.0000000Z;15.8975;15.941;316;316
2026-06-08T11:27:33.0000000Z;15.9015;15.941;316;316
2026-06-08T11:28:03.0000000Z;15.9015;15.941;316;316
2026-06-08T11:28:22.0000000Z;15.904;15.941;316;316
2026-06-08T11:28:40.0000000Z;15.904;15.947;316;316
2026-06-08T11:28:50.0000000Z;15.904;15.9445;316;316
2026-06-08T11:28:54.0000000Z;15.9015;15.9445;316;316
2026-06-08T11:29:00.0000000Z;15.9015;15.942;316;316
2026-06-08T11:29:31.0000000Z;15.9015;15.942;316;316
2026-06-08T11:29:32.0000000Z;15.899;15.942;316;316
2026-06-08T11:29:34.0000000Z;15.899;15.94;316;316
2026-06-08T11:29:36.0000000Z;15.8995;15.94;316;316
2026-06-08T11:29:42.0000000Z;15.899;15.94;316;316
2026-06-08T11:29:58.0000000Z;15.899;15.942;316;316
2026-06-08T11:30:06.0000000Z;15.9015;15.942;316;316
2026-06-08T11:30:10.0000000Z;15.8985;15.9395;316;316
2026-06-08T11:30:12.0000000Z;15.898;15.9395;316;316
2026-06-08T11:30:15.0000000Z;15.8985;15.9395;316;316
2026-06-08T11:30:16.0000000Z;15.901;15.9395;316;316
2026-06-08T11:30:30.0000000Z;15.899;15.9395;316;316
2026-06-08T11:30:36.0000000Z;15.8985;15.9395;316;316
2026-06-08T11:30:47.0000000Z;15.899;15.9395;316;316
2026-06-08T11:30:48.0000000Z;15.899;15.9405;316;316
2026-06-08T11:30:50.0000000Z;15.901;15.942;316;316
2026-06-08T11:31:21.0000000Z;15.901;15.942;316;316
2026-06-08T11:31:22.0000000Z;15.8985;15.942;316;316
2026-06-08T11:31:40.0000000Z;15.8985;15.9395;316;316
2026-06-08T11:31:51.0000000Z;15.8985;15.9395;316;316
2026-06-08T11:32:11.0000000Z;15.8985;15.9395;316;316
2026-06-08T11:32:29.0000000Z;15.896;15.9395;316;316
2026-06-08T11:32:31.0000000Z;15.896;15.9375;316;316
2026-06-08T11:33:02.0000000Z;15.896;15.9375;316;316
2026-06-08T11:33:09.0000000Z;15.8985;15.9375;316;316
2026-06-08T11:33:11.0000000Z;15.8985;15.94;316;316
2026-06-08T11:33:19.0000000Z;15.901;15.94;316;316
2026-06-08T11:33:43.0000000Z;15.901;15.9385;316;316
2026-06-08T11:33:45.0000000Z;15.897;15.9385;316;316
2026-06-08T11:34:15.0000000Z;15.897;15.9385;316;316
2026-06-08T11:34:16.0000000Z;15.8995;15.9385;316;316
2026-06-08T11:34:18.0000000Z;15.8995;15.941;316;316
2026-06-08T11:34:27.0000000Z;15.8995;15.939;316;316
2026-06-08T11:34:40.0000000Z;15.897;15.939;316;316
2026-06-08T11:35:09.0000000Z;15.897;15.9395;316;316
2026-06-08T11:35:15.0000000Z;15.897;15.9385;316;316
2026-06-08T11:35:25.0000000Z;15.8995;15.9395;316;316
2026-06-08T11:35:27.0000000Z;15.8995;15.941;316;316
2026-06-08T11:35:43.0000000Z;15.8995;15.9415;316;316
2026-06-08T11:35:55.0000000Z;15.8995;15.939;316;316
2026-06-08T11:35:56.0000000Z;15.8995;15.9395;316;316
2026-06-08T11:35:57.0000000Z;15.897;15.9395;316;316
2026-06-08T11:36:21.0000000Z;15.902;15.9395;316;316
2026-06-08T11:36:23.0000000Z;15.902;15.9435;316;316
2026-06-08T11:36:45.0000000Z;15.902;15.9445;316;316
2026-06-08T11:36:55.0000000Z;15.9;15.942;316;316
2026-06-08T11:37:25.0000000Z;15.9;15.942;316;316
2026-06-08T11:37:43.0000000Z;15.902;15.942;316;316
2026-06-08T11:37:44.0000000Z;15.902;15.9445;316;316
2026-06-08T11:38:13.0000000Z;15.902;15.9445;316;316
2026-06-08T11:38:18.0000000Z;15.902;15.942;316;316
2026-06-08T11:38:20.0000000Z;15.9;15.942;316;316
2026-06-08T11:38:50.0000000Z;15.9;15.942;316;316
2026-06-08T11:39:20.0000000Z;15.9;15.942;316;316
2026-06-08T11:39:51.0000000Z;15.9;15.942;316;316
2026-06-08T11:40:20.0000000Z;15.9;15.9445;316;316
2026-06-08T11:40:28.0000000Z;15.902;15.9445;316;316
2026-06-08T11:40:53.0000000Z;15.902;15.942;316;316
2026-06-08T11:40:54.0000000Z;15.9;15.942;316;316
2026-06-08T11:40:58.0000000Z;15.902;15.9445;316;316
2026-06-08T11:41:20.0000000Z;15.9045;15.947;316;316
2026-06-08T11:41:44.0000000Z;15.902;15.9445;316;316
2026-06-08T11:42:10.0000000Z;15.9045;15.9445;316;316
2026-06-08T11:42:11.0000000Z;15.9045;15.947;316;316
2026-06-08T11:42:18.0000000Z;15.9045;15.9445;316;316
2026-06-08T11:42:21.0000000Z;15.902;15.9445;316;316
2026-06-08T11:42:48.0000000Z;15.902;15.9445;316;316
2026-06-08T11:43:18.0000000Z;15.902;15.9445;316;316
2026-06-08T11:43:31.0000000Z;15.9045;15.947;316;316
2026-06-08T11:43:58.0000000Z;15.9045;15.944;316;316
2026-06-08T11:43:59.0000000Z;15.9015;15.944;316;316
2026-06-08T11:44:11.0000000Z;15.904;15.944;316;316
2026-06-08T11:44:13.0000000Z;15.904;15.9465;316;316
2026-06-08T11:44:19.0000000Z;15.904;15.9435;316;316
2026-06-08T11:44:21.0000000Z;15.901;15.9435;316;316
2026-06-08T11:44:32.0000000Z;15.9045;15.9435;316;316
2026-06-08T11:44:33.0000000Z;15.9045;15.947;316;316
2026-06-08T11:44:37.0000000Z;15.9045;15.9445;316;316
2026-06-08T11:44:39.0000000Z;15.902;15.9445;316;316
2026-06-08T11:45:03.0000000Z;15.9045;15.9445;316;316
2026-06-08T11:45:05.0000000Z;15.9045;15.947;316;316
2026-06-08T11:45:36.0000000Z;15.9045;15.947;316;316
2026-06-08T11:45:45.0000000Z;15.902;15.947;316;316
2026-06-08T11:45:57.0000000Z;15.902;15.944;316;316
2026-06-08T11:46:17.0000000Z;15.9;15.944;316;316
2026-06-08T11:46:33.0000000Z;15.902;15.944;316;316
2026-06-08T11:47:03.0000000Z;15.902;15.944;316;316
2026-06-08T11:47:34.0000000Z;15.902;15.944;316;316
2026-06-08T11:48:04.0000000Z;15.902;15.944;316;316
2026-06-08T11:48:12.0000000Z;15.9065;15.944;316;316
2026-06-08T11:48:14.0000000Z;15.9065;15.9485;316;316
2026-06-08T11:48:18.0000000Z;15.9065;15.9455;316;316
2026-06-08T11:48:25.0000000Z;15.9035;15.9455;316;316
2026-06-08T11:48:55.0000000Z;15.9035;15.9455;316;316
2026-06-08T11:49:23.0000000Z;15.9035;15.9475;316;316
2026-06-08T11:49:41.0000000Z;15.9035;15.945;316;316
2026-06-08T11:50:12.0000000Z;15.9035;15.945;316;316
2026-06-08T11:50:41.0000000Z;15.901;15.945;316;316
2026-06-08T11:50:42.0000000Z;15.901;15.9425;316;316
2026-06-08T11:51:12.0000000Z;15.901;15.9425;316;316
2026-06-08T11:51:23.0000000Z;15.901;15.945;316;316
2026-06-08T11:51:29.0000000Z;15.9035;15.945;316;316
2026-06-08T11:51:45.0000000Z;15.901;15.9425;316;316
2026-06-08T11:52:16.0000000Z;15.901;15.9425;316;316
2026-06-08T11:52:46.0000000Z;15.901;15.9425;316;316
2026-06-08T11:53:17.0000000Z;15.901;15.9425;316;316
2026-06-08T11:53:47.0000000Z;15.901;15.9425;316;316
2026-06-08T11:54:18.0000000Z;15.901;15.9425;316;316
2026-06-08T11:54:49.0000000Z;15.901;15.9425;316;316
2026-06-08T11:55:03.0000000Z;15.903;15.9425;316;316
2026-06-08T11:55:04.0000000Z;15.903;15.9455;316;316
2026-06-08T11:55:35.0000000Z;15.903;15.9455;316;316
2026-06-08T11:55:49.0000000Z;15.903;15.9425;316;316
2026-06-08T11:55:50.0000000Z;15.9005;15.9425;316;316
2026-06-08T11:56:19.0000000Z;15.9005;15.9425;316;316
2026-06-08T11:56:50.0000000Z;15.9005;15.9425;316;316
2026-06-08T11:57:21.0000000Z;15.9005;15.9425;316;316
2026-06-08T11:57:51.0000000Z;15.9005;15.9425;316;316
2026-06-08T11:58:22.0000000Z;15.9005;15.9425;316;316
2026-06-08T11:58:52.0000000Z;15.9005;15.9425;316;316
2026-06-08T11:59:09.0000000Z;15.9025;15.9425;316;316
2026-06-08T11:59:11.0000000Z;15.9025;15.945;316;316
2026-06-08T11:59:25.0000000Z;15.9025;15.942;316;316
2026-06-08T11:59:27.0000000Z;15.9005;15.942;316;316
2026-06-08T11:59:56.0000000Z;15.9005;15.942;316;316
2026-06-08T12:00:01.0000000Z;15.898;15.942;316;316
2026-06-08T12:00:08.0000000Z;15.9015;15.942;316;316
2026-06-08T12:00:30.0000000Z;15.9015;15.9395;316;316
2026-06-08T12:00:31.0000000Z;15.8975;15.9395;316;316
2026-06-08T12:00:43.0000000Z;15.901;15.9395;316;316
2026-06-08T12:00:46.0000000Z;15.901;15.9435;316;316
2026-06-08T12:00:53.0000000Z;15.901;15.941;316;316
2026-06-08T12:00:55.0000000Z;15.899;15.941;316;316
2026-06-08T12:01:24.0000000Z;15.899;15.941;316;316
2026-06-08T12:01:38.0000000Z;15.901;15.941;316;316
2026-06-08T12:01:40.0000000Z;15.901;15.9435;316;316
2026-06-08T12:02:11.0000000Z;15.901;15.9435;316;316
2026-06-08T12:02:12.0000000Z;15.901;15.941;316;316
2026-06-08T12:02:16.0000000Z;15.899;15.941;316;316
2026-06-08T12:02:45.0000000Z;15.899;15.941;316;316
2026-06-08T12:03:10.0000000Z;15.899;15.94;316;316
2026-06-08T12:03:12.0000000Z;15.8985;15.94;316;316
2026-06-08T12:03:15.0000000Z;15.899;15.94;316;316
2026-06-08T12:03:18.0000000Z;15.8985;15.94;316;316
2026-06-08T12:03:21.0000000Z;15.899;15.94;316;316
2026-06-08T12:03:49.0000000Z;15.901;15.94;316;316
2026-06-08T12:03:50.0000000Z;15.901;15.9425;316;316
2026-06-08T12:04:00.0000000Z;15.9035;15.9425;316;316
2026-06-08T12:04:02.0000000Z;15.9035;15.9425;316;316
2026-06-08T12:04:04.0000000Z;15.901;15.9425;316;316
2026-06-08T12:04:35.0000000Z;15.901;15.9425;316;316
2026-06-08T12:05:02.0000000Z;15.899;15.9425;316;316
2026-06-08T12:05:03.0000000Z;15.8985;15.94;316;316
2026-06-08T12:05:08.0000000Z;15.899;15.94;316;316
2026-06-08T12:05:18.0000000Z;15.896;15.938;316;316
2026-06-08T12:05:38.0000000Z;15.896;15.9375;316;316
2026-06-08T12:05:49.0000000Z;15.8985;15.9375;316;316
2026-06-08T12:05:52.0000000Z;15.8985;15.94;316;316
2026-06-08T12:06:23.0000000Z;15.8985;15.94;316;316
2026-06-08T12:06:35.0000000Z;15.8985;15.938;316;316
2026-06-08T12:06:37.0000000Z;15.896;15.938;316;316
2026-06-08T12:06:41.0000000Z;15.899;15.938;316;316
2026-06-08T12:06:43.0000000Z;15.899;15.94;316;316
2026-06-08T12:06:55.0000000Z;15.899;15.9385;316;316
2026-06-08T12:06:57.0000000Z;15.8965;15.9385;316;316
2026-06-08T12:07:25.0000000Z;15.8965;15.9385;316;316
2026-06-08T12:07:56.0000000Z;15.8965;15.9385;316;316
2026-06-08T12:08:02.0000000Z;15.899;15.9385;316;316
2026-06-08T12:08:11.0000000Z;15.899;15.941;316;316
2026-06-08T12:08:39.0000000Z;15.899;15.941;316;316
2026-06-08T12:09:10.0000000Z;15.899;15.941;316;316
2026-06-08T12:09:15.0000000Z;15.899;15.9415;316;316
2026-06-08T12:09:46.0000000Z;15.899;15.9415;316;316
2026-06-08T12:10:11.0000000Z;15.9015;15.9415;316;316
2026-06-08T12:10:32.0000000Z;15.899;15.9415;316;316
2026-06-08T12:11:00.0000000Z;15.899;15.9415;316;316
2026-06-08T12:11:05.0000000Z;15.9015;15.9415;316;316
2026-06-08T12:11:10.0000000Z;15.9015;15.944;316;316
2026-06-08T12:11:16.0000000Z;15.9015;15.9445;316;316
2026-06-08T12:11:47.0000000Z;15.9015;15.9445;316;316
2026-06-08T12:12:17.0000000Z;15.9015;15.9445;316;316
2026-06-08T12:12:48.0000000Z;15.9015;15.9445;316;316
2026-06-08T12:13:18.0000000Z;15.9015;15.9445;316;316
2026-06-08T12:13:49.0000000Z;15.9015;15.9445;316;316
2026-06-08T12:14:19.0000000Z;15.9015;15.9445;316;316
2026-06-08T12:14:31.0000000Z;15.9015;15.9435;316;316
2026-06-08T12:14:32.0000000Z;15.904;15.9435;316;316
2026-06-08T12:14:39.0000000Z;15.901;15.9435;316;316
2026-06-08T12:15:05.0000000Z;15.905;15.9435;316;316
2026-06-08T12:15:35.0000000Z;15.9025;15.9435;316;316
2026-06-08T12:16:03.0000000Z;15.9025;15.9435;316;316
2026-06-08T12:16:13.0000000Z;15.9025;15.944;316;316
2026-06-08T12:16:41.0000000Z;15.9025;15.944;316;316
2026-06-08T12:16:57.0000000Z;15.9;15.9415;316;316
2026-06-08T12:17:02.0000000Z;15.9005;15.9415;316;316
2026-06-08T12:17:33.0000000Z;15.9;15.9415;316;316
2026-06-08T12:17:36.0000000Z;15.9005;15.9415;316;316
2026-06-08T12:18:06.0000000Z;15.9005;15.9415;316;316
2026-06-08T12:18:28.0000000Z;15.9025;15.9415;316;316
2026-06-08T12:18:30.0000000Z;15.9025;15.944;316;316
2026-06-08T12:18:59.0000000Z;15.9025;15.944;316;316
2026-06-08T12:19:06.0000000Z;15.9025;15.9415;316;316
2026-06-08T12:19:18.0000000Z;15.9;15.9415;316;316
2026-06-08T12:19:20.0000000Z;15.9;15.942;316;316
2026-06-08T12:19:26.0000000Z;15.902;15.942;316;316
2026-06-08T12:19:28.0000000Z;15.902;15.9435;316;316
2026-06-08T12:19:36.0000000Z;15.902;15.9415;316;316
2026-06-08T12:19:38.0000000Z;15.9;15.9415;316;316
2026-06-08T12:19:59.0000000Z;15.902;15.9415;316;316
2026-06-08T12:20:00.0000000Z;15.902;15.9435;316;316
2026-06-08T12:20:18.0000000Z;15.9055;15.945;316;316
2026-06-08T12:20:20.0000000Z;15.9055;15.947;316;316
2026-06-08T12:20:36.0000000Z;15.9055;15.943;316;316
2026-06-08T12:20:38.0000000Z;15.901;15.943;316;316
2026-06-08T12:20:52.0000000Z;15.9045;15.943;316;316
2026-06-08T12:20:53.0000000Z;15.9045;15.9455;316;316
2026-06-08T12:21:23.0000000Z;15.9045;15.9455;316;316
2026-06-08T12:21:27.0000000Z;15.9045;15.948;316;316
2026-06-08T12:21:28.0000000Z;15.907;15.948;316;316
2026-06-08T12:21:30.0000000Z;15.9045;15.948;316;316
2026-06-08T12:21:31.0000000Z;15.907;15.948;316;316
2026-06-08T12:21:33.0000000Z;15.9045;15.948;316;316
2026-06-08T12:21:38.0000000Z;15.907;15.948;316;316
2026-06-08T12:21:41.0000000Z;15.907;15.946;316;316
2026-06-08T12:22:00.0000000Z;15.9035;15.946;316;316
2026-06-08T12:22:27.0000000Z;15.901;15.9435;316;316
2026-06-08T12:22:36.0000000Z;15.902;15.9435;316;316
2026-06-08T12:22:45.0000000Z;15.9085;15.95;316;316
2026-06-08T12:22:53.0000000Z;15.908;15.95;316;316
2026-06-08T12:23:01.0000000Z;15.908;15.9505;316;316
2026-06-08T12:23:10.0000000Z;15.9105;15.9505;316;316
2026-06-08T12:23:11.0000000Z;15.9105;15.953;316;316
2026-06-08T12:23:18.0000000Z;15.913;15.953;316;316
2026-06-08T12:23:19.0000000Z;15.867;15.9545;316;316
2026-06-08T12:23:21.0000000Z;15.907;15.9495;316;316
2026-06-08T12:23:24.0000000Z;15.9095;15.9495;316;316
2026-06-08T12:23:25.0000000Z;15.9095;15.952;316;316
2026-06-08T12:23:32.0000000Z;15.9095;15.9485;316;316
2026-06-08T12:23:33.0000000Z;15.9065;15.9485;316;316
2026-06-08T12:23:39.0000000Z;15.9065;15.946;316;316
2026-06-08T12:23:41.0000000Z;15.904;15.946;316;316
2026-06-08T12:23:50.0000000Z;15.907;15.946;316;316
2026-06-08T12:23:51.0000000Z;15.907;15.949;316;316
2026-06-08T12:24:01.0000000Z;15.907;15.946;316;316
2026-06-08T12:24:04.0000000Z;15.9045;15.946;316;316
2026-06-08T12:24:21.0000000Z;15.9045;15.9465;316;316
2026-06-08T12:24:24.0000000Z;15.904;15.9465;316;316
2026-06-08T12:24:52.0000000Z;15.907;15.9465;316;316
2026-06-08T12:24:54.0000000Z;15.907;15.949;316;316
2026-06-08T12:25:08.0000000Z;15.904;15.9465;316;316
2026-06-08T12:25:38.0000000Z;15.904;15.9465;316;316
2026-06-08T12:25:54.0000000Z;15.905;15.9465;316;316
2026-06-08T12:25:58.0000000Z;15.907;15.949;316;316
2026-06-08T12:26:28.0000000Z;15.907;15.949;316;316
2026-06-08T12:26:58.0000000Z;15.907;15.947;316;316
2026-06-08T12:27:10.0000000Z;15.907;15.949;316;316
2026-06-08T12:27:40.0000000Z;15.907;15.949;316;316
2026-06-08T12:27:45.0000000Z;15.907;15.947;316;316
2026-06-08T12:27:46.0000000Z;15.9085;15.947;316;316
2026-06-08T12:27:48.0000000Z;15.9085;15.95;316;316
2026-06-08T12:28:17.0000000Z;15.908;15.95;316;316
2026-06-08T12:28:22.0000000Z;15.908;15.946;316;316
2026-06-08T12:28:25.0000000Z;15.9045;15.946;316;316
2026-06-08T12:28:43.0000000Z;15.9065;15.946;316;316
2026-06-08T12:28:45.0000000Z;15.9065;15.948;316;316
2026-06-08T12:29:02.0000000Z;15.9065;15.946;316;316
2026-06-08T12:29:03.0000000Z;15.9045;15.946;316;316
2026-06-08T12:29:31.0000000Z;15.9085;15.946;316;316
2026-06-08T12:29:33.0000000Z;15.9085;15.9505;316;316
2026-06-08T12:29:49.0000000Z;15.9085;15.948;316;316
2026-06-08T12:29:51.0000000Z;15.9065;15.948;316;316
2026-06-08T12:29:53.0000000Z;15.9065;15.9475;316;316
2026-06-08T12:29:54.0000000Z;15.9065;15.948;316;316
2026-06-08T12:29:59.0000000Z;15.9065;15.9475;316;316
2026-06-08T12:30:30.0000000Z;15.9065;15.9475;316;316
2026-06-08T12:30:31.0000000Z;15.9085;15.9475;316;316
2026-06-08T12:30:33.0000000Z;15.9085;15.95;316;316
2026-06-08T12:30:39.0000000Z;15.9085;15.9505;316;316
2026-06-08T12:30:45.0000000Z;15.908;15.9505;316;316
2026-06-08T12:31:01.0000000Z;15.906;15.9505;316;316
2026-06-08T12:31:03.0000000Z;15.906;15.948;316;316
2026-06-08T12:31:34.0000000Z;15.906;15.948;316;316
2026-06-08T12:31:46.0000000Z;15.908;15.948;316;316
2026-06-08T12:31:47.0000000Z;15.908;15.9505;316;316
2026-06-08T12:32:18.0000000Z;15.908;15.9505;316;316
2026-06-08T12:32:38.0000000Z;15.911;15.9505;316;316
2026-06-08T12:32:45.0000000Z;15.911;15.954;316;316
2026-06-08T12:33:02.0000000Z;15.911;15.9515;316;316
2026-06-08T12:33:22.0000000Z;15.9085;15.9515;316;316
2026-06-08T12:33:52.0000000Z;15.9085;15.9515;316;316
2026-06-08T12:34:05.0000000Z;15.9085;15.949;316;316
2026-06-08T12:34:08.0000000Z;15.9065;15.949;316;316
2026-06-08T12:34:17.0000000Z;15.9085;15.949;316;316
2026-06-08T12:34:24.0000000Z;15.9085;15.9525;316;316
2026-06-08T12:34:55.0000000Z;15.9085;15.9525;316;316
2026-06-08T12:35:04.0000000Z;15.9085;15.9485;316;316
2026-06-08T12:35:06.0000000Z;15.9065;15.9485;316;316
2026-06-08T12:35:16.0000000Z;15.91;15.9485;316;316
2026-06-08T12:35:18.0000000Z;15.91;15.9525;316;316
2026-06-08T12:35:48.0000000Z;15.91;15.9525;316;316
2026-06-08T12:36:18.0000000Z;15.907;15.95;316;316
2026-06-08T12:36:46.0000000Z;15.9095;15.95;316;316
2026-06-08T12:37:15.0000000Z;15.9095;15.9525;316;316
2026-06-08T12:37:43.0000000Z;15.9095;15.9525;316;316
2026-06-08T12:38:13.0000000Z;15.9095;15.9525;316;316
2026-06-08T12:38:44.0000000Z;15.9095;15.9525;316;316
2026-06-08T12:39:13.0000000Z;15.912;15.9525;316;316
2026-06-08T12:39:21.0000000Z;15.912;15.9545;316;316
2026-06-08T12:39:46.0000000Z;15.912;15.9525;316;316
2026-06-08T12:40:01.0000000Z;15.912;15.955;316;316
2026-06-08T12:40:03.0000000Z;15.912;15.9545;316;316
2026-06-08T12:40:09.0000000Z;15.867;15.9955;316;316
2026-06-08T12:40:13.0000000Z;15.9095;15.9525;316;316
2026-06-08T12:40:14.0000000Z;15.9095;15.9475;316;316
2026-06-08T12:40:15.0000000Z;15.905;15.9475;316;316
2026-06-08T12:40:27.0000000Z;15.9085;15.9505;316;316
2026-06-08T12:40:56.0000000Z;15.912;15.9505;316;316
2026-06-08T12:40:57.0000000Z;15.912;15.9545;316;316
2026-06-08T12:41:08.0000000Z;15.912;15.951;316;316
2026-06-08T12:41:10.0000000Z;15.9085;15.951;316;316
2026-06-08T12:41:13.0000000Z;15.911;15.951;316;316
2026-06-08T12:41:14.0000000Z;15.911;15.9535;316;316
2026-06-08T12:41:43.0000000Z;15.911;15.9535;316;316
2026-06-08T12:42:14.0000000Z;15.911;15.9535;316;316
2026-06-08T12:42:16.0000000Z;15.911;15.9525;316;316
2026-06-08T12:42:35.0000000Z;15.911;15.9485;316;316
2026-06-08T12:42:38.0000000Z;15.9065;15.9485;316;316
2026-06-08T12:42:41.0000000Z;15.9085;15.9485;316;316
2026-06-08T12:42:42.0000000Z;15.9085;15.951;316;316
2026-06-08T12:42:57.0000000Z;15.9185;15.951;316;316
2026-06-08T12:42:58.0000000Z;15.9185;15.96;316;316
2026-06-08T12:43:11.0000000Z;15.9185;15.953;316;316
2026-06-08T12:43:12.0000000Z;15.911;15.953;316;316
2026-06-08T12:43:18.0000000Z;15.911;15.9525;316;316
2026-06-08T12:43:20.0000000Z;15.876;15.9525;316;316
2026-06-08T12:43:21.0000000Z;15.9005;15.9415;316;316
2026-06-08T12:43:30.0000000Z;15.9;15.9415;316;316
2026-06-08T12:43:50.0000000Z;15.912;15.9415;316;316
2026-06-08T12:43:52.0000000Z;15.912;15.9535;316;316
2026-06-08T12:44:00.0000000Z;15.9145;15.9535;316;316
2026-06-08T12:44:16.0000000Z;15.9145;15.9525;316;316
2026-06-08T12:44:18.0000000Z;15.9105;15.9525;316;316
2026-06-08T12:44:48.0000000Z;15.9105;15.9525;316;316
2026-06-08T12:45:00.0000000Z;15.9105;15.953;316;316
2026-06-08T12:45:13.0000000Z;15.9105;15.952;316;316
2026-06-08T12:45:27.0000000Z;15.9135;15.9555;316;316
2026-06-08T12:45:42.0000000Z;15.911;15.9525;316;316
2026-06-08T12:46:00.0000000Z;15.911;15.9535;316;316
2026-06-08T12:46:02.0000000Z;15.911;15.9525;316;316
2026-06-08T12:46:06.0000000Z;15.911;15.9535;316;316
2026-06-08T12:46:10.0000000Z;15.9135;15.9535;316;316
2026-06-08T12:46:12.0000000Z;15.9135;15.955;316;316
2026-06-08T12:46:43.0000000Z;15.9135;15.955;316;316
2026-06-08T12:47:13.0000000Z;15.9135;15.955;316;316
2026-06-08T12:47:38.0000000Z;15.9135;15.9515;316;316
2026-06-08T12:47:39.0000000Z;15.9095;15.9515;316;316
2026-06-08T12:48:08.0000000Z;15.9095;15.9515;316;316
2026-06-08T12:48:12.0000000Z;15.9095;15.952;316;316
2026-06-08T12:48:34.0000000Z;15.912;15.952;316;316
2026-06-08T12:48:35.0000000Z;15.912;15.9535;316;316
2026-06-08T12:49:06.0000000Z;15.912;15.9535;316;316
2026-06-08T12:49:09.0000000Z;15.9095;15.951;316;316
2026-06-08T12:49:21.0000000Z;15.9095;15.952;316;316
2026-06-08T12:49:27.0000000Z;15.9095;15.9535;316;316
2026-06-08T12:49:31.0000000Z;15.9125;15.9535;316;316
2026-06-08T12:49:58.0000000Z;15.91;15.9535;316;316
2026-06-08T12:49:59.0000000Z;15.91;15.9515;316;316
2026-06-08T12:50:14.0000000Z;15.91;15.9535;316;316
2026-06-08T12:50:23.0000000Z;15.913;15.9535;316;316
2026-06-08T12:50:54.0000000Z;15.913;15.9535;316;316
2026-06-08T12:51:25.0000000Z;15.913;15.9535;316;316
2026-06-08T12:51:30.0000000Z;15.913;15.956;316;316
2026-06-08T12:51:32.0000000Z;15.9155;15.956;316;316
2026-06-08T12:52:03.0000000Z;15.9155;15.956;316;316
2026-06-08T12:52:12.0000000Z;15.913;15.956;316;316
2026-06-08T12:52:19.0000000Z;15.913;15.9525;316;316
2026-06-08T12:52:20.0000000Z;15.91;15.9525;316;316
2026-06-08T12:52:47.0000000Z;15.9125;15.9525;316;316
2026-06-08T12:52:48.0000000Z;15.9125;15.954;316;316
2026-06-08T12:53:18.0000000Z;15.9125;15.954;316;316
2026-06-08T12:53:38.0000000Z;15.9125;15.952;316;316
2026-06-08T12:53:39.0000000Z;15.9125;15.9525;316;316
2026-06-08T12:53:44.0000000Z;15.9125;15.9515;316;316
2026-06-08T12:53:45.0000000Z;15.9125;15.9525;316;316
2026-06-08T12:53:54.0000000Z;15.9125;15.9515;316;316
2026-06-08T12:53:56.0000000Z;15.91;15.9515;316;316
2026-06-08T12:54:26.0000000Z;15.91;15.9515;316;316
2026-06-08T12:54:52.0000000Z;15.91;15.95;316;316
2026-06-08T12:54:54.0000000Z;15.908;15.95;316;316
2026-06-08T12:55:12.0000000Z;15.908;15.9975;316;316
2026-06-08T12:55:14.0000000Z;15.9115;15.953;316;316
2026-06-08T12:55:23.0000000Z;15.9155;15.953;316;316
2026-06-08T12:55:24.0000000Z;15.9155;15.9575;316;316
2026-06-08T12:55:30.0000000Z;15.9155;15.9535;316;316
2026-06-08T12:55:32.0000000Z;15.912;15.9535;316;316
2026-06-08T12:55:57.0000000Z;15.912;15.9515;316;316
2026-06-08T12:55:58.0000000Z;15.9095;15.9515;316;316
2026-06-08T12:56:27.0000000Z;15.9095;15.9515;316;316
2026-06-08T12:56:38.0000000Z;15.9095;15.952;316;316
2026-06-08T12:57:07.0000000Z;15.9095;15.952;316;316
2026-06-08T12:57:09.0000000Z;15.9095;15.951;316;316
2026-06-08T12:57:39.0000000Z;15.9095;15.951;316;316
2026-06-08T12:57:42.0000000Z;15.912;15.951;316;316
2026-06-08T12:57:47.0000000Z;15.912;15.9535;316;316
2026-06-08T12:58:08.0000000Z;15.912;15.951;316;316
2026-06-08T12:58:09.0000000Z;15.9095;15.951;316;316
2026-06-08T12:58:38.0000000Z;15.9095;15.951;316;316
2026-06-08T12:58:43.0000000Z;15.9075;15.951;316;316
2026-06-08T12:59:01.0000000Z;15.9095;15.951;316;316
2026-06-08T12:59:21.0000000Z;15.9095;15.9485;316;316
2026-06-08T12:59:23.0000000Z;15.9075;15.9485;316;316
2026-06-08T12:59:24.0000000Z;15.9075;15.9455;316;316
2026-06-08T12:59:25.0000000Z;15.9035;15.9455;316;316
2026-06-08T12:59:47.0000000Z;15.906;15.9455;316;316
2026-06-08T12:59:51.0000000Z;15.906;15.9475;316;316
2026-06-08T13:00:21.0000000Z;15.906;15.9475;316;316
2026-06-08T13:00:22.0000000Z;15.906;15.945;316;316
2026-06-08T13:00:23.0000000Z;15.903;15.945;316;316
2026-06-08T13:00:24.0000000Z;15.9055;15.945;316;316
2026-06-08T13:00:25.0000000Z;15.9055;15.947;316;316
2026-06-08T13:00:51.0000000Z;15.908;15.947;316;316
2026-06-08T13:00:53.0000000Z;15.908;15.9495;316;316
2026-06-08T13:01:12.0000000Z;15.908;15.9465;316;316
2026-06-08T13:01:13.0000000Z;15.9045;15.9465;316;316
2026-06-08T13:01:26.0000000Z;15.9045;15.9435;316;316
2026-06-08T13:01:27.0000000Z;15.902;15.9435;316;316
2026-06-08T13:01:41.0000000Z;15.906;15.9435;316;316
2026-06-08T13:01:43.0000000Z;15.906;15.9465;316;316
2026-06-08T13:02:14.0000000Z;15.906;15.9465;316;316
2026-06-08T13:02:28.0000000Z;15.9035;15.9465;316;316
2026-06-08T13:02:34.0000000Z;15.9035;15.9475;316;316
2026-06-08T13:02:42.0000000Z;15.9035;15.9455;316;316
2026-06-08T13:02:55.0000000Z;15.906;15.9455;316;316
2026-06-08T13:02:56.0000000Z;15.906;15.9475;316;316
2026-06-08T13:03:07.0000000Z;15.906;15.9455;316;316
2026-06-08T13:03:10.0000000Z;15.9035;15.9455;316;316
2026-06-08T13:03:18.0000000Z;15.9035;15.943;316;316
2026-06-08T13:03:20.0000000Z;15.9015;15.943;316;316
2026-06-08T13:03:24.0000000Z;15.9015;15.9435;316;316
2026-06-08T13:03:45.0000000Z;15.9035;15.9435;316;316
2026-06-08T13:03:46.0000000Z;15.9035;15.946;316;316
2026-06-08T13:03:52.0000000Z;15.9035;15.945;316;316
2026-06-08T13:04:22.0000000Z;15.9035;15.945;316;316
2026-06-08T13:04:53.0000000Z;15.9035;15.945;316;316
2026-06-08T13:04:58.0000000Z;15.906;15.945;316;316
2026-06-08T13:05:29.0000000Z;15.906;15.945;316;316
2026-06-08T13:05:33.0000000Z;15.906;15.9475;316;316
2026-06-08T13:06:03.0000000Z;15.906;15.9475;316;316
2026-06-08T13:06:34.0000000Z;15.906;15.9475;316;316
2026-06-08T13:06:41.0000000Z;15.906;15.945;316;316
2026-06-08T13:06:42.0000000Z;15.9065;15.945;316;316
2026-06-08T13:06:57.0000000Z;15.904;15.945;316;316
2026-06-08T13:07:27.0000000Z;15.907;15.945;316;316
2026-06-08T13:07:41.0000000Z;15.907;15.949;316;316
2026-06-08T13:08:11.0000000Z;15.907;15.949;316;316
2026-06-08T13:08:20.0000000Z;15.907;15.947;316;316
2026-06-08T13:08:27.0000000Z;15.904;15.947;316;316
2026-06-08T13:08:40.0000000Z;15.904;15.945;316;316
2026-06-08T13:08:48.0000000Z;15.904;15.9425;316;316
2026-06-08T13:08:49.0000000Z;15.9005;15.9425;316;316
2026-06-08T13:09:15.0000000Z;15.903;15.9425;316;316
2026-06-08T13:09:17.0000000Z;15.903;15.9455;316;316
2026-06-08T13:09:18.0000000Z;15.903;15.9445;316;316
2026-06-08T13:09:33.0000000Z;15.903;15.9455;316;316
2026-06-08T13:09:41.0000000Z;15.903;15.9455;316;316
2026-06-08T13:09:51.0000000Z;15.903;15.9455;316;316
2026-06-08T13:09:58.0000000Z;15.9055;15.9455;316;316
2026-06-08T13:10:03.0000000Z;15.9055;15.947;316;316
2026-06-08T13:10:19.0000000Z;15.903;15.947;316;316
2026-06-08T13:10:25.0000000Z;15.903;15.9445;316;316
2026-06-08T13:10:37.0000000Z;15.903;15.9455;316;316
2026-06-08T13:10:46.0000000Z;15.9055;15.9455;316;316
2026-06-08T13:10:48.0000000Z;15.9055;15.947;316;316
2026-06-08T13:10:55.0000000Z;15.9085;15.947;316;316
2026-06-08T13:11:14.0000000Z;15.9085;15.95;316;316
2026-06-08T13:11:44.0000000Z;15.9085;15.95;316;316
2026-06-08T13:11:48.0000000Z;15.906;15.95;316;316
2026-06-08T13:11:52.0000000Z;15.906;15.9475;316;316
2026-06-08T13:11:53.0000000Z;15.906;15.947;316;316
2026-06-08T13:12:23.0000000Z;15.906;15.947;316;316
2026-06-08T13:12:54.0000000Z;15.906;15.947;316;316
2026-06-08T13:13:25.0000000Z;15.906;15.947;316;316
2026-06-08T13:13:55.0000000Z;15.906;15.947;316;316
2026-06-08T13:14:26.0000000Z;15.906;15.947;316;316
2026-06-08T13:14:56.0000000Z;15.906;15.947;316;316
2026-06-08T13:15:00.0000000Z;15.906;15.9455;316;316
2026-06-08T13:15:02.0000000Z;15.903;15.9455;316;316
2026-06-08T13:15:32.0000000Z;15.903;15.9445;316;316
2026-06-08T13:15:40.0000000Z;15.903;15.9455;316;316
2026-06-08T13:15:50.0000000Z;15.903;15.9445;316;316
2026-06-08T13:15:53.0000000Z;15.9055;15.9445;316;316
2026-06-08T13:16:01.0000000Z;15.903;15.9445;316;316
2026-06-08T13:16:23.0000000Z;15.903;15.9455;316;316
2026-06-08T13:16:27.0000000Z;15.903;15.9445;316;316
2026-06-08T13:16:58.0000000Z;15.903;15.9445;316;316
2026-06-08T13:17:02.0000000Z;15.903;15.9425;316;316
2026-06-08T13:17:03.0000000Z;15.9005;15.9425;316;316
2026-06-08T13:17:04.0000000Z;15.904;15.9425;316;316
2026-06-08T13:17:05.0000000Z;15.904;15.9445;316;316
2026-06-08T13:17:28.0000000Z;15.904;15.9425;316;316
2026-06-08T13:17:29.0000000Z;15.901;15.9425;316;316
2026-06-08T13:17:33.0000000Z;15.9015;15.9425;316;316
2026-06-08T13:17:40.0000000Z;15.904;15.9425;316;316
2026-06-08T13:17:55.0000000Z;15.904;15.946;316;316
2026-06-08T13:18:19.0000000Z;15.907;15.946;316;316
2026-06-08T13:18:37.0000000Z;15.9045;15.946;316;316
2026-06-08T13:18:46.0000000Z;15.9045;15.9445;316;316
2026-06-08T13:18:49.0000000Z;15.902;15.9445;316;316
2026-06-08T13:19:17.0000000Z;15.902;15.9445;316;316
2026-06-08T13:19:29.0000000Z;15.902;15.9435;316;316
2026-06-08T13:19:30.0000000Z;15.902;15.9435;316;316
2026-06-08T13:19:44.0000000Z;15.902;15.9415;316;316
2026-06-08T13:19:45.0000000Z;15.9;15.9415;316;316
2026-06-08T13:20:04.0000000Z;15.8995;15.9415;316;316
2026-06-08T13:20:20.0000000Z;15.9;15.9415;316;316
2026-06-08T13:20:24.0000000Z;15.9;15.942;316;316
2026-06-08T13:20:52.0000000Z;15.902;15.9445;316;316
2026-06-08T13:21:15.0000000Z;15.9045;15.9445;316;316
2026-06-08T13:21:16.0000000Z;15.9045;15.946;316;316
2026-06-08T13:21:44.0000000Z;15.9045;15.947;316;316
2026-06-08T13:21:47.0000000Z;15.9045;15.9445;316;316
2026-06-08T13:21:50.0000000Z;15.902;15.9445;316;316
2026-06-08T13:21:59.0000000Z;15.9025;15.9445;316;316
2026-06-08T13:22:00.0000000Z;15.9025;15.947;316;316
2026-06-08T13:22:02.0000000Z;15.902;15.947;316;316
2026-06-08T13:22:03.0000000Z;15.9045;15.947;316;316
2026-06-08T13:22:08.0000000Z;15.9045;15.9445;316;316
2026-06-08T13:22:10.0000000Z;15.902;15.9445;316;316
2026-06-08T13:22:18.0000000Z;15.9045;15.946;316;316
2026-06-08T13:22:19.0000000Z;15.902;15.941;316;316
2026-06-08T13:22:20.0000000Z;15.8995;15.941;316;316
2026-06-08T13:22:29.0000000Z;15.902;15.941;316;316
2026-06-08T13:22:30.0000000Z;15.902;15.944;316;316
2026-06-08T13:22:37.0000000Z;15.902;15.9415;316;316
2026-06-08T13:22:38.0000000Z;15.8995;15.9415;316;316
2026-06-08T13:22:39.0000000Z;15.905;15.9415;316;316
2026-06-08T13:22:40.0000000Z;15.905;15.946;316;316
2026-06-08T13:22:42.0000000Z;15.9025;15.946;316;316
2026-06-08T13:22:48.0000000Z;15.9025;15.944;316;316
2026-06-08T13:22:52.0000000Z;15.861;15.9435;316;316
2026-06-08T13:22:54.0000000Z;15.8965;15.939;316;316
2026-06-08T13:23:08.0000000Z;15.8965;15.9385;316;316
2026-06-08T13:23:13.0000000Z;15.8965;15.9365;316;316
2026-06-08T13:23:22.0000000Z;15.8965;15.934;316;316
2026-06-08T13:23:28.0000000Z;15.8925;15.934;316;316
2026-06-08T13:23:30.0000000Z;15.8985;15.94;316;316
2026-06-08T13:23:40.0000000Z;15.8985;15.9375;316;316
2026-06-08T13:23:42.0000000Z;15.896;15.9375;316;316
2026-06-08T13:23:44.0000000Z;15.896;15.9385;316;316
2026-06-08T13:23:47.0000000Z;15.896;15.9375;316;316
2026-06-08T13:23:56.0000000Z;15.894;15.9375;316;316
2026-06-08T13:23:59.0000000Z;15.894;15.9355;316;316
2026-06-08T13:24:12.0000000Z;15.894;15.936;316;316
2026-06-08T13:24:16.0000000Z;15.896;15.936;316;316
2026-06-08T13:24:17.0000000Z;15.896;15.9385;316;316
2026-06-08T13:24:22.0000000Z;15.8985;15.9385;316;316
2026-06-08T13:24:23.0000000Z;15.8985;15.94;316;316
2026-06-08T13:24:29.0000000Z;15.8985;15.941;316;316
2026-06-08T13:24:33.0000000Z;15.8985;15.94;316;316
2026-06-08T13:24:35.0000000Z;15.8985;15.941;316;316
2026-06-08T13:24:37.0000000Z;15.8985;15.94;316;316
2026-06-08T13:24:41.0000000Z;15.8985;15.941;316;316
2026-06-08T13:25:12.0000000Z;15.8985;15.941;316;316
2026-06-08T13:25:23.0000000Z;15.901;15.941;316;316
2026-06-08T13:25:24.0000000Z;15.901;15.943;316;316
2026-06-08T13:25:55.0000000Z;15.901;15.9405;316;316
2026-06-08T13:25:58.0000000Z;15.898;15.9405;316;316
2026-06-08T13:26:12.0000000Z;15.9005;15.9425;316;316
2026-06-08T13:26:26.0000000Z;15.9005;15.9405;316;316
2026-06-08T13:26:28.0000000Z;15.898;15.9405;316;316
2026-06-08T13:26:59.0000000Z;15.898;15.9405;316;316
2026-06-08T13:27:29.0000000Z;15.898;15.9405;316;316
2026-06-08T13:27:44.0000000Z;15.901;15.943;316;316
2026-06-08T13:27:48.0000000Z;15.854;15.943;316;316
2026-06-08T13:27:49.0000000Z;15.8985;15.943;316;316
2026-06-08T13:27:53.0000000Z;15.8985;15.941;316;316
2026-06-08T13:28:17.0000000Z;15.901;15.941;316;316
2026-06-08T13:28:18.0000000Z;15.901;15.9435;316;316
2026-06-08T13:28:36.0000000Z;15.901;15.943;316;316
2026-06-08T13:28:41.0000000Z;15.901;15.9435;316;316
2026-06-08T13:28:54.0000000Z;15.901;15.94;316;316
2026-06-08T13:28:57.0000000Z;15.8975;15.94;316;316
2026-06-08T13:29:05.0000000Z;15.9005;15.94;316;316
2026-06-08T13:29:10.0000000Z;15.9005;15.9435;316;316
2026-06-08T13:29:21.0000000Z;15.9005;15.943;316;316
2026-06-08T13:29:29.0000000Z;15.9005;15.941;316;316
2026-06-08T13:29:37.0000000Z;15.898;15.941;316;316
2026-06-08T13:30:07.0000000Z;15.898;15.941;316;316
2026-06-08T13:30:35.0000000Z;15.901;15.941;316;316
2026-06-08T13:30:37.0000000Z;15.901;15.9435;316;316
2026-06-08T13:30:48.0000000Z;15.901;15.9395;316;316
2026-06-08T13:30:49.0000000Z;15.897;15.9395;316;316
2026-06-08T13:31:04.0000000Z;15.9015;15.9395;316;316
2026-06-08T13:31:05.0000000Z;15.9015;15.9445;316;316
2026-06-08T13:31:36.0000000Z;15.9015;15.9445;316;316
2026-06-08T13:31:51.0000000Z;15.9015;15.9415;316;316
2026-06-08T13:31:52.0000000Z;15.899;15.9415;316;316
2026-06-08T13:32:13.0000000Z;15.899;15.941;316;316
2026-06-08T13:32:17.0000000Z;15.906;15.941;316;316
2026-06-08T13:32:18.0000000Z;15.906;15.948;316;316
2026-06-08T13:32:36.0000000Z;15.9085;15.948;316;316
2026-06-08T13:32:39.0000000Z;15.9085;15.95;316;316
2026-06-08T13:32:48.0000000Z;15.9085;15.9405;316;316
2026-06-08T13:32:50.0000000Z;15.8985;15.9405;316;316
2026-06-08T13:33:13.0000000Z;15.903;15.9405;316;316
2026-06-08T13:33:16.0000000Z;15.903;15.945;316;316
2026-06-08T13:33:18.0000000Z;15.903;15.9425;316;316
2026-06-08T13:33:20.0000000Z;15.9005;15.9425;316;316
2026-06-08T13:33:43.0000000Z;15.9005;15.9385;316;316
2026-06-08T13:33:46.0000000Z;15.897;15.9385;316;316
2026-06-08T13:34:04.0000000Z;15.8965;15.9385;316;316
2026-06-08T13:34:15.0000000Z;15.8995;15.9385;316;316
2026-06-08T13:34:36.0000000Z;15.8995;15.9415;316;316
2026-06-08T13:34:50.0000000Z;15.8995;15.9395;316;316
2026-06-08T13:34:52.0000000Z;15.897;15.9395;316;316
2026-06-08T13:35:05.0000000Z;15.8995;15.9395;316;316
2026-06-08T13:35:35.0000000Z;15.8995;15.9395;316;316
2026-06-08T13:35:43.0000000Z;15.8955;15.937;316;316
2026-06-08T13:35:46.0000000Z;15.895;15.937;316;316
2026-06-08T13:36:17.0000000Z;15.895;15.937;316;316
2026-06-08T13:36:20.0000000Z;15.8995;15.937;316;316
2026-06-08T13:36:23.0000000Z;15.8995;15.941;316;316
2026-06-08T13:36:36.0000000Z;15.8995;15.9375;316;316
2026-06-08T13:36:37.0000000Z;15.896;15.9375;316;316
2026-06-08T13:36:50.0000000Z;15.898;15.9375;316;316
2026-06-08T13:36:53.0000000Z;15.898;15.94;316;316
2026-06-08T13:37:24.0000000Z;15.898;15.94;316;316
2026-06-08T13:37:27.0000000Z;15.8975;15.94;316;316
2026-06-08T13:37:36.0000000Z;15.8985;15.94;316;316
2026-06-08T13:37:51.0000000Z;15.8975;15.94;316;316
2026-06-08T13:37:56.0000000Z;15.8985;15.94;316;316
2026-06-08T13:37:57.0000000Z;15.8985;15.94;316;316
2026-06-08T13:37:59.0000000Z;15.8975;15.94;316;316
2026-06-08T13:38:02.0000000Z;15.8985;15.94;316;316
2026-06-08T13:38:07.0000000Z;15.8975;15.94;316;316
2026-06-08T13:38:22.0000000Z;15.895;15.937;316;316
2026-06-08T13:38:26.0000000Z;15.895;15.934;316;316
2026-06-08T13:38:37.0000000Z;15.895;15.937;316;316
2026-06-08T13:38:48.0000000Z;15.896;15.937;316;316
2026-06-08T13:39:07.0000000Z;15.898;15.9395;316;316
2026-06-08T13:39:18.0000000Z;15.8975;15.9395;316;316
2026-06-08T13:39:40.0000000Z;15.8975;15.9395;316;316
2026-06-08T13:40:09.0000000Z;15.8975;15.94;316;316
2026-06-08T13:40:40.0000000Z;15.8975;15.94;316;316
2026-06-08T13:40:55.0000000Z;15.896;15.94;316;316
2026-06-08T13:41:04.0000000Z;15.899;15.94;316;316
2026-06-08T13:41:07.0000000Z;15.899;15.942;316;316
2026-06-08T13:41:16.0000000Z;15.9015;15.942;316;316
2026-06-08T13:41:22.0000000Z;15.9015;15.94;316;316
2026-06-08T13:41:23.0000000Z;15.898;15.94;316;316
2026-06-08T13:41:41.0000000Z;15.898;15.9375;316;316
2026-06-08T13:41:49.0000000Z;15.8955;15.9375;316;316
2026-06-08T13:41:59.0000000Z;15.899;15.9375;316;316
2026-06-08T13:42:00.0000000Z;15.899;15.941;316;316
2026-06-08T13:42:30.0000000Z;15.899;15.941;316;316
2026-06-08T13:43:00.0000000Z;15.899;15.941;316;316
2026-06-08T13:43:30.0000000Z;15.899;15.941;316;316
2026-06-08T13:43:34.0000000Z;15.899;15.939;316;316
2026-06-08T13:43:36.0000000Z;15.8965;15.939;316;316
2026-06-08T13:43:41.0000000Z;15.899;15.939;316;316
2026-06-08T13:43:42.0000000Z;15.899;15.941;316;316
2026-06-08T13:44:01.0000000Z;15.9015;15.941;316;316
2026-06-08T13:44:02.0000000Z;15.9015;15.9435;316;316
2026-06-08T13:44:32.0000000Z;15.9015;15.9435;316;316
2026-06-08T13:45:01.0000000Z;15.9015;15.941;316;316
2026-06-08T13:45:02.0000000Z;15.899;15.941;316;316
2026-06-08T13:45:25.0000000Z;15.899;15.9375;316;316
2026-06-08T13:45:28.0000000Z;15.8955;15.9375;316;316
2026-06-08T13:45:51.0000000Z;15.899;15.9375;316;316
2026-06-08T13:45:52.0000000Z;15.899;15.941;316;316
2026-06-08T13:45:56.0000000Z;15.899;15.9385;316;316
2026-06-08T13:45:59.0000000Z;15.899;15.939;316;316
2026-06-08T13:46:01.0000000Z;15.8965;15.939;316;316
2026-06-08T13:46:25.0000000Z;15.8965;15.941;316;316
2026-06-08T13:46:32.0000000Z;15.899;15.941;316;316
2026-06-08T13:47:03.0000000Z;15.899;15.941;316;316
2026-06-08T13:47:33.0000000Z;15.899;15.941;316;316
2026-06-08T13:47:43.0000000Z;15.8995;15.941;316;316
2026-06-08T13:47:45.0000000Z;15.8995;15.9415;316;316
2026-06-08T13:48:14.0000000Z;15.8995;15.9415;316;316
2026-06-08T13:48:31.0000000Z;15.899;15.9405;316;316
2026-06-08T13:48:33.0000000Z;15.899;15.9405;316;316
2026-06-08T13:48:35.0000000Z;15.899;15.9415;316;316
2026-06-08T13:48:36.0000000Z;15.899;15.9405;316;316
2026-06-08T13:48:38.0000000Z;15.899;15.937;316;316
2026-06-08T13:48:39.0000000Z;15.895;15.937;316;316
2026-06-08T13:48:41.0000000Z;15.8955;15.937;316;316
2026-06-08T13:48:48.0000000Z;15.8955;15.9375;316;316
2026-06-08T13:49:16.0000000Z;15.8955;15.9375;316;316
2026-06-08T13:49:23.0000000Z;15.898;15.9405;316;316
2026-06-08T13:49:49.0000000Z;15.898;15.9395;316;316
2026-06-08T13:50:04.0000000Z;15.898;15.9375;316;316
2026-06-08T13:50:05.0000000Z;15.896;15.9375;316;316
2026-06-08T13:50:09.0000000Z;15.896;15.938;316;316
2026-06-08T13:50:39.0000000Z;15.8985;15.938;316;316
2026-06-08T13:50:42.0000000Z;15.8985;15.94;316;316
2026-06-08T13:50:46.0000000Z;15.8985;15.9375;316;316
2026-06-08T13:50:48.0000000Z;15.896;15.9375;316;316
2026-06-08T13:51:18.0000000Z;15.896;15.9375;316;316
2026-06-08T13:51:23.0000000Z;15.898;15.9375;316;316
2026-06-08T13:51:24.0000000Z;15.898;15.9395;316;316
2026-06-08T13:51:54.0000000Z;15.898;15.9395;316;316
2026-06-08T13:52:25.0000000Z;15.898;15.9395;316;316
2026-06-08T13:52:55.0000000Z;15.898;15.9395;316;316
2026-06-08T13:53:04.0000000Z;15.898;15.9375;316;316
2026-06-08T13:53:06.0000000Z;15.8955;15.9375;316;316
2026-06-08T13:53:11.0000000Z;15.8985;15.9375;316;316
2026-06-08T13:53:12.0000000Z;15.8985;15.9395;316;316
2026-06-08T13:53:43.0000000Z;15.8985;15.9395;316;316
2026-06-08T13:53:48.0000000Z;15.8965;15.9375;316;316
2026-06-08T13:54:02.0000000Z;15.8965;15.938;316;316
2026-06-08T13:54:19.0000000Z;15.8985;15.938;316;316
2026-06-08T13:54:24.0000000Z;15.8985;15.9395;316;316
2026-06-08T13:54:51.0000000Z;15.8985;15.9395;316;316
2026-06-08T13:54:56.0000000Z;15.8985;15.9375;316;316
2026-06-08T13:54:58.0000000Z;15.8965;15.9375;316;316
2026-06-08T13:54:59.0000000Z;15.893;15.9345;316;316
2026-06-08T13:55:05.0000000Z;15.8925;15.9345;316;316
2026-06-08T13:55:09.0000000Z;15.895;15.9345;316;316
2026-06-08T13:55:11.0000000Z;15.895;15.937;316;316
2026-06-08T13:55:17.0000000Z;15.8925;15.9345;316;316
2026-06-08T13:55:47.0000000Z;15.8925;15.9345;316;316
2026-06-08T13:56:11.0000000Z;15.8925;15.935;316;316
2026-06-08T13:56:12.0000000Z;15.8925;15.934;316;316
2026-06-08T13:56:27.0000000Z;15.895;15.934;316;316
2026-06-08T13:56:38.0000000Z;15.8975;15.9365;316;316
2026-06-08T13:56:42.0000000Z;15.8955;15.9365;316;316
2026-06-08T13:57:12.0000000Z;15.8955;15.9365;316;316
2026-06-08T13:57:14.0000000Z;15.898;15.9365;316;316
2026-06-08T13:57:45.0000000Z;15.898;15.9365;316;316
2026-06-08T13:57:49.0000000Z;15.8955;15.9365;316;316
2026-06-08T13:57:58.0000000Z;15.898;15.9365;316;316
2026-06-08T13:58:19.0000000Z;15.898;15.939;316;316
2026-06-08T13:58:49.0000000Z;15.898;15.939;316;316
2026-06-08T13:59:13.0000000Z;15.8955;15.939;316;316
2026-06-08T13:59:36.0000000Z;15.896;15.937;316;316
2026-06-08T13:59:42.0000000Z;15.896;15.936;316;316
2026-06-08T13:59:43.0000000Z;15.8955;15.936;316;316
2026-06-08T14:00:03.0000000Z;15.896;15.936;316;316
2026-06-08T14:00:05.0000000Z;15.8955;15.9385;316;316
2026-06-08T14:00:06.0000000Z;15.898;15.9385;316;316
2026-06-08T14:00:37.0000000Z;15.898;15.9385;316;316
2026-06-08T14:01:06.0000000Z;15.898;15.936;316;316
2026-06-08T14:01:07.0000000Z;15.8945;15.936;316;316
2026-06-08T14:01:11.0000000Z;15.895;15.936;316;316
2026-06-08T14:01:20.0000000Z;15.892;15.934;316;316
2026-06-08T14:01:23.0000000Z;15.8925;15.934;316;316
2026-06-08T14:01:44.0000000Z;15.8925;15.9345;316;316
2026-06-08T14:02:12.0000000Z;15.892;15.9345;316;316
2026-06-08T14:02:32.0000000Z;15.892;15.9335;316;316
2026-06-08T14:02:33.0000000Z;15.892;15.9345;316;316
2026-06-08T14:02:34.0000000Z;15.892;15.9335;316;316
2026-06-08T14:02:36.0000000Z;15.8925;15.9345;316;316
2026-06-08T14:02:37.0000000Z;15.895;15.9345;316;316
2026-06-08T14:02:38.0000000Z;15.895;15.9365;316;316
2026-06-08T14:02:43.0000000Z;15.895;15.934;316;316
2026-06-08T14:02:46.0000000Z;15.8925;15.934;316;316
2026-06-08T14:02:55.0000000Z;15.8925;15.932;316;316
2026-06-08T14:02:56.0000000Z;15.89;15.932;316;316
2026-06-08T14:03:03.0000000Z;15.8945;15.932;316;316
2026-06-08T14:03:04.0000000Z;15.8945;15.934;316;316
2026-06-08T14:03:12.0000000Z;15.892;15.934;316;316
2026-06-08T14:03:40.0000000Z;15.8935;15.9305;316;316
2026-06-08T14:03:54.0000000Z;15.8935;15.934;316;316
2026-06-08T14:03:58.0000000Z;15.8935;15.9325;316;316
2026-06-08T14:04:14.0000000Z;15.8935;15.935;316;316
2026-06-08T14:04:45.0000000Z;15.8935;15.935;316;316
2026-06-08T14:04:58.0000000Z;15.8935;15.9325;316;316
2026-06-08T14:05:00.0000000Z;15.891;15.9325;316;316
2026-06-08T14:05:12.0000000Z;15.8935;15.9335;316;316
2026-06-08T14:05:14.0000000Z;15.8935;15.935;316;316
2026-06-08T14:05:40.0000000Z;15.8935;15.9325;316;316
2026-06-08T14:05:42.0000000Z;15.8905;15.9325;316;316
2026-06-08T14:05:51.0000000Z;15.893;15.9325;316;316
2026-06-08T14:05:52.0000000Z;15.893;15.935;316;316
2026-06-08T14:05:59.0000000Z;15.893;15.9325;316;316
2026-06-08T14:06:03.0000000Z;15.8905;15.9325;316;316
2026-06-08T14:06:05.0000000Z;15.891;15.933;316;316
2026-06-08T14:06:07.0000000Z;15.891;15.977;316;316
2026-06-08T14:06:09.0000000Z;15.8935;15.935;316;316
2026-06-08T14:06:16.0000000Z;15.896;15.935;316;316
2026-06-08T14:06:29.0000000Z;15.893;15.935;316;316
2026-06-08T14:06:52.0000000Z;15.893;15.933;316;316
2026-06-08T14:06:55.0000000Z;15.8905;15.933;316;316
2026-06-08T14:07:12.0000000Z;15.893;15.933;316;316
2026-06-08T14:07:21.0000000Z;15.893;15.9345;316;316
2026-06-08T14:07:23.0000000Z;15.893;15.9355;316;316
2026-06-08T14:07:25.0000000Z;15.893;15.9325;316;316
2026-06-08T14:07:27.0000000Z;15.8905;15.9325;316;316
2026-06-08T14:07:30.0000000Z;15.893;15.9325;316;316
2026-06-08T14:07:31.0000000Z;15.893;15.936;316;316
2026-06-08T14:07:38.0000000Z;15.893;15.935;316;316
2026-06-08T14:07:57.0000000Z;15.893;15.933;316;316
2026-06-08T14:08:03.0000000Z;15.8905;15.933;316;316
2026-06-08T14:08:07.0000000Z;15.8905;15.9335;316;316
2026-06-08T14:08:17.0000000Z;15.894;15.9335;316;316
2026-06-08T14:08:19.0000000Z;15.894;15.936;316;316
2026-06-08T14:08:45.0000000Z;15.8965;15.936;316;316
2026-06-08T14:09:15.0000000Z;15.8965;15.935;316;316
2026-06-08T14:09:17.0000000Z;15.8945;15.935;316;316
2026-06-08T14:09:28.0000000Z;15.8945;15.933;316;316
2026-06-08T14:09:29.0000000Z;15.892;15.933;316;316
2026-06-08T14:09:31.0000000Z;15.8915;15.933;316;316
2026-06-08T14:09:39.0000000Z;15.894;15.935;316;316
2026-06-08T14:10:09.0000000Z;15.894;15.935;316;316
2026-06-08T14:10:12.0000000Z;15.8975;15.935;316;316
2026-06-08T14:10:16.0000000Z;15.8975;15.939;316;316
2026-06-08T14:10:46.0000000Z;15.8975;15.939;316;316
2026-06-08T14:10:55.0000000Z;15.8975;15.9365;316;316
2026-06-08T14:10:56.0000000Z;15.8955;15.9365;316;316
2026-06-08T14:11:09.0000000Z;15.8955;15.934;316;316
2026-06-08T14:11:10.0000000Z;15.893;15.934;316;316
2026-06-08T14:11:25.0000000Z;15.8955;15.934;316;316
2026-06-08T14:11:34.0000000Z;15.893;15.934;316;316
2026-06-08T14:11:48.0000000Z;15.8925;15.934;316;316
2026-06-08T14:11:56.0000000Z;15.895;15.934;316;316
2026-06-08T14:12:26.0000000Z;15.895;15.934;316;316
2026-06-08T14:12:32.0000000Z;15.8925;15.934;316;316
2026-06-08T14:13:03.0000000Z;15.8925;15.934;316;316
2026-06-08T14:13:04.0000000Z;15.8925;15.936;316;316
2026-06-08T14:13:27.0000000Z;15.8925;15.9335;316;316
2026-06-08T14:13:36.0000000Z;15.89;15.9335;316;316
2026-06-08T14:13:42.0000000Z;15.89;15.931;316;316
2026-06-08T14:13:49.0000000Z;15.8925;15.931;316;316
2026-06-08T14:13:50.0000000Z;15.8925;15.9335;316;316
2026-06-08T14:13:58.0000000Z;15.89;15.9335;316;316
2026-06-08T14:14:29.0000000Z;15.89;15.9335;316;316
2026-06-08T14:14:32.0000000Z;15.8925;15.9335;316;316
2026-06-08T14:15:00.0000000Z;15.8925;15.9315;316;316
2026-06-08T14:15:02.0000000Z;15.89;15.9315;316;316
2026-06-08T14:15:06.0000000Z;15.8895;15.9315;316;316
2026-06-08T14:15:12.0000000Z;15.8895;15.9305;316;316
2026-06-08T14:15:31.0000000Z;15.8925;15.9305;316;316
2026-06-08T14:15:57.0000000Z;15.8885;15.9295;316;316
2026-06-08T14:15:59.0000000Z;15.8885;15.9295;316;316
2026-06-08T14:16:00.0000000Z;15.8885;15.9305;316;316
2026-06-08T14:16:01.0000000Z;15.8885;15.9295;316;316
2026-06-08T14:16:03.0000000Z;15.891;15.9305;316;316
2026-06-08T14:16:05.0000000Z;15.891;15.9325;316;316
2026-06-08T14:16:35.0000000Z;15.891;15.9325;316;316
2026-06-08T14:16:39.0000000Z;15.8885;15.93;316;316
2026-06-08T14:16:42.0000000Z;15.889;15.93;316;316
2026-06-08T14:17:01.0000000Z;15.889;15.931;316;316
2026-06-08T14:17:21.0000000Z;15.892;15.9335;316;316
2026-06-08T14:17:31.0000000Z;15.892;15.931;316;316
2026-06-08T14:17:33.0000000Z;15.889;15.931;316;316
2026-06-08T14:18:01.0000000Z;15.889;15.931;316;316
2026-06-08T14:18:09.0000000Z;15.889;15.928;316;316
2026-06-08T14:18:10.0000000Z;15.889;15.9285;316;316
2026-06-08T14:18:11.0000000Z;15.8865;15.9285;316;316
2026-06-08T14:18:21.0000000Z;15.889;15.9285;316;316
2026-06-08T14:18:27.0000000Z;15.8865;15.9285;316;316
2026-06-08T14:18:36.0000000Z;15.889;15.9285;316;316
2026-06-08T14:18:37.0000000Z;15.889;15.931;316;316
2026-06-08T14:19:07.0000000Z;15.889;15.931;316;316
2026-06-08T14:19:15.0000000Z;15.8885;15.931;316;316
2026-06-08T14:19:45.0000000Z;15.8885;15.931;316;316
2026-06-08T14:19:49.0000000Z;15.889;15.931;316;316
2026-06-08T14:20:20.0000000Z;15.889;15.931;316;316
2026-06-08T14:20:46.0000000Z;15.8915;15.931;316;316
2026-06-08T14:20:47.0000000Z;15.891;15.931;316;316
2026-06-08T14:20:48.0000000Z;15.891;15.9345;316;316
2026-06-08T14:20:59.0000000Z;15.891;15.9315;316;316
2026-06-08T14:21:04.0000000Z;15.891;15.934;316;316
2026-06-08T14:21:23.0000000Z;15.8935;15.934;316;316
2026-06-08T14:21:26.0000000Z;15.8935;15.936;316;316
2026-06-08T14:21:35.0000000Z;15.8935;15.934;316;316
2026-06-08T14:21:50.0000000Z;15.891;15.934;316;316
2026-06-08T14:22:04.0000000Z;15.891;15.9315;316;316
2026-06-08T14:22:08.0000000Z;15.889;15.9315;316;316
2026-06-08T14:22:14.0000000Z;15.891;15.9315;316;316
2026-06-08T14:22:16.0000000Z;15.891;15.934;316;316
2026-06-08T14:22:19.0000000Z;15.891;15.931;316;316
2026-06-08T14:22:49.0000000Z;15.891;15.931;316;316
2026-06-08T14:22:50.0000000Z;15.889;15.931;316;316
2026-06-08T14:23:21.0000000Z;15.889;15.931;316;316
2026-06-08T14:23:51.0000000Z;15.889;15.931;316;316
2026-06-08T14:24:22.0000000Z;15.889;15.931;316;316
2026-06-08T14:24:26.0000000Z;15.8915;15.934;316;316
2026-06-08T14:24:57.0000000Z;15.8915;15.934;316;316
2026-06-08T14:25:27.0000000Z;15.8915;15.934;316;316
2026-06-08T14:25:39.0000000Z;15.8915;15.9315;316;316
2026-06-08T14:25:41.0000000Z;15.889;15.9315;316;316
2026-06-08T14:25:53.0000000Z;15.8915;15.9315;316;316
2026-06-08T14:26:02.0000000Z;15.8915;15.934;316;316
2026-06-08T14:26:04.0000000Z;15.8915;15.9315;316;316
2026-06-08T14:26:23.0000000Z;15.889;15.9315;316;316
2026-06-08T14:26:52.0000000Z;15.889;15.929;316;316
2026-06-08T14:26:53.0000000Z;15.887;15.929;316;316
2026-06-08T14:27:10.0000000Z;15.887;15.9265;316;316
2026-06-08T14:27:11.0000000Z;15.8845;15.9265;316;316
2026-06-08T14:27:24.0000000Z;15.8895;15.9265;316;316
2026-06-08T14:27:25.0000000Z;15.8895;15.931;316;316
2026-06-08T14:27:55.0000000Z;15.8895;15.931;316;316
2026-06-08T14:28:26.0000000Z;15.8895;15.931;316;316
2026-06-08T14:28:42.0000000Z;15.8895;15.933;316;316
2026-06-08T14:28:43.0000000Z;15.892;15.933;316;316
2026-06-08T14:28:52.0000000Z;15.8895;15.933;316;316
2026-06-08T14:28:54.0000000Z;15.8895;15.9295;316;316
2026-06-08T14:29:08.0000000Z;15.8875;15.9295;316;316
2026-06-08T14:29:32.0000000Z;15.8875;15.93;316;316
2026-06-08T14:29:37.0000000Z;15.89;15.93;316;316
2026-06-08T14:29:38.0000000Z;15.89;15.932;316;316
2026-06-08T14:29:41.0000000Z;15.89;15.9295;316;316
2026-06-08T14:29:42.0000000Z;15.888;15.9295;316;316
2026-06-08T14:30:00.0000000Z;15.89;15.9315;316;316
2026-06-08T14:30:06.0000000Z;15.888;15.9315;316;316
2026-06-08T14:30:17.0000000Z;15.888;15.927;316;316
2026-06-08T14:30:18.0000000Z;15.885;15.927;316;316
2026-06-08T14:30:35.0000000Z;15.8845;15.927;316;316
2026-06-08T14:30:36.0000000Z;15.8885;15.927;316;316
2026-06-08T14:30:38.0000000Z;15.8885;15.9305;316;316
2026-06-08T14:30:56.0000000Z;15.8885;15.9285;316;316
2026-06-08T14:30:59.0000000Z;15.886;15.9285;316;316
2026-06-08T14:31:27.0000000Z;15.886;15.9285;316;316
2026-06-08T14:31:41.0000000Z;15.8885;15.9285;316;316
2026-06-08T14:31:43.0000000Z;15.8885;15.9305;316;316
2026-06-08T14:32:04.0000000Z;15.8885;15.9275;316;316
2026-06-08T14:32:06.0000000Z;15.8855;15.9275;316;316
2026-06-08T14:32:07.0000000Z;15.8855;15.928;316;316
2026-06-08T14:32:37.0000000Z;15.8855;15.928;316;316
2026-06-08T14:33:08.0000000Z;15.8855;15.928;316;316
2026-06-08T14:33:38.0000000Z;15.8855;15.928;316;316
2026-06-08T14:33:57.0000000Z;15.8855;15.925;316;316
2026-06-08T14:33:58.0000000Z;15.883;15.925;316;316
2026-06-08T14:34:05.0000000Z;15.8865;15.925;316;316
2026-06-08T14:34:07.0000000Z;15.8865;15.929;316;316
2026-06-08T14:34:36.0000000Z;15.8865;15.929;316;316
2026-06-08T14:35:07.0000000Z;15.8865;15.929;316;316
2026-06-08T14:35:21.0000000Z;15.8865;15.9265;316;316
2026-06-08T14:35:24.0000000Z;15.884;15.9265;316;316
2026-06-08T14:35:54.0000000Z;15.884;15.9265;316;316
2026-06-08T14:36:12.0000000Z;15.887;15.9265;316;316
2026-06-08T14:36:21.0000000Z;15.887;15.9295;316;316
2026-06-08T14:36:44.0000000Z;15.887;15.9295;316;316
2026-06-08T14:37:15.0000000Z;15.887;15.9295;316;316
2026-06-08T14:37:40.0000000Z;15.8895;15.9315;316;316
2026-06-08T14:38:11.0000000Z;15.8895;15.9315;316;316
2026-06-08T14:38:24.0000000Z;15.8895;15.9295;316;316
2026-06-08T14:38:26.0000000Z;15.887;15.9295;316;316
2026-06-08T14:38:33.0000000Z;15.8895;15.9295;316;316
2026-06-08T14:38:42.0000000Z;15.887;15.9295;316;316
2026-06-08T14:38:56.0000000Z;15.8895;15.9295;316;316
2026-06-08T14:38:59.0000000Z;15.8895;15.9315;316;316
2026-06-08T14:39:16.0000000Z;15.892;15.9315;316;316
2026-06-08T14:39:35.0000000Z;15.8895;15.9315;316;316
2026-06-08T14:39:39.0000000Z;15.8895;15.9285;316;316
2026-06-08T14:39:41.0000000Z;15.887;15.9285;316;316
2026-06-08T14:39:43.0000000Z;15.887;15.929;316;316
2026-06-08T14:39:48.0000000Z;15.8895;15.928;316;316
2026-06-08T14:39:50.0000000Z;15.8895;15.929;316;316
2026-06-08T14:39:51.0000000Z;15.8895;15.9315;316;316
2026-06-08T14:39:54.0000000Z;15.8895;15.9295;316;316
2026-06-08T14:39:55.0000000Z;15.8875;15.9295;316;316
2026-06-08T14:39:56.0000000Z;15.8875;15.9285;316;316
2026-06-08T14:40:02.0000000Z;15.816;15.929;316;316
2026-06-08T14:40:03.0000000Z;15.881;15.9235;316;316
2026-06-08T14:40:13.0000000Z;15.8815;15.9235;316;316
2026-06-08T14:40:14.0000000Z;15.8875;15.9235;316;316
2026-06-08T14:40:15.0000000Z;15.8875;15.9295;316;316
2026-06-08T14:40:23.0000000Z;15.888;15.9295;316;316
2026-06-08T14:40:26.0000000Z;15.8925;15.9295;316;316
2026-06-08T14:40:27.0000000Z;15.8925;15.934;316;316
2026-06-08T14:40:29.0000000Z;15.8925;15.932;316;316
2026-06-08T14:40:31.0000000Z;15.8905;15.932;316;316
2026-06-08T14:40:36.0000000Z;15.8905;15.929;316;316
2026-06-08T14:40:37.0000000Z;15.8875;15.929;316;316
2026-06-08T14:40:58.0000000Z;15.8895;15.929;316;316
2026-06-08T14:41:00.0000000Z;15.8875;15.9285;316;316
2026-06-08T14:41:01.0000000Z;15.8895;15.9285;316;316
2026-06-08T14:41:03.0000000Z;15.887;15.9285;316;316
2026-06-08T14:41:27.0000000Z;15.887;15.929;316;316
2026-06-08T14:41:35.0000000Z;15.8895;15.929;316;316
2026-06-08T14:41:37.0000000Z;15.8895;15.931;316;316
2026-06-08T14:41:44.0000000Z;15.89;15.931;316;316
2026-06-08T14:41:47.0000000Z;15.89;15.932;316;316
2026-06-08T14:41:48.0000000Z;15.89;15.931;316;316
2026-06-08T14:41:49.0000000Z;15.8895;15.931;316;316
2026-06-08T14:41:50.0000000Z;15.8895;15.929;316;316
2026-06-08T14:41:53.0000000Z;15.8875;15.929;316;316
2026-06-08T14:42:07.0000000Z;15.891;15.931;316;316
2026-06-08T14:42:13.0000000Z;15.891;15.9325;316;316
2026-06-08T14:42:44.0000000Z;15.891;15.9325;316;316
2026-06-08T14:43:02.0000000Z;15.891;15.931;316;316
2026-06-08T14:43:03.0000000Z;15.8885;15.931;316;316
2026-06-08T14:43:15.0000000Z;15.8885;15.93;316;316
2026-06-08T14:43:19.0000000Z;15.8885;15.928;316;316
2026-06-08T14:43:21.0000000Z;15.8885;15.9285;316;316
2026-06-08T14:43:25.0000000Z;15.886;15.9285;316;316
2026-06-08T14:43:54.0000000Z;15.8885;15.9285;316;316
2026-06-08T14:43:56.0000000Z;15.8885;15.93;316;316
2026-06-08T14:44:04.0000000Z;15.8885;15.928;316;316
2026-06-08T14:44:06.0000000Z;15.886;15.928;316;316
2026-06-08T14:44:16.0000000Z;15.886;15.9285;316;316
2026-06-08T14:44:23.0000000Z;15.8885;15.9285;316;316
2026-06-08T14:44:26.0000000Z;15.8885;15.9305;316;316
2026-06-08T14:44:56.0000000Z;15.8885;15.9305;316;316
2026-06-08T14:45:06.0000000Z;15.8855;15.928;316;316
2026-06-08T14:45:25.0000000Z;15.8895;15.928;316;316
2026-06-08T14:45:28.0000000Z;15.8895;15.9315;316;316
2026-06-08T14:45:33.0000000Z;15.8895;15.9285;316;316
2026-06-08T14:45:36.0000000Z;15.886;15.9285;316;316
2026-06-08T14:45:48.0000000Z;15.8865;15.9285;316;316
2026-06-08T14:45:49.0000000Z;15.8885;15.9285;316;316
2026-06-08T14:45:50.0000000Z;15.8885;15.9305;316;316
2026-06-08T14:46:20.0000000Z;15.8885;15.9305;316;316
2026-06-08T14:46:32.0000000Z;15.886;15.9285;316;316
2026-06-08T14:47:02.0000000Z;15.8885;15.9285;316;316
2026-06-08T14:47:10.0000000Z;15.8885;15.9305;316;316
2026-06-08T14:47:35.0000000Z;15.8885;15.9305;316;316
2026-06-08T14:48:00.0000000Z;15.892;15.9305;316;316
2026-06-08T14:48:03.0000000Z;15.892;15.9335;316;316
2026-06-08T14:48:13.0000000Z;15.851;15.9335;316;316
2026-06-08T14:48:14.0000000Z;15.8885;15.93;316;316
2026-06-08T14:48:19.0000000Z;15.888;15.93;316;316
2026-06-08T14:48:28.0000000Z;15.8905;15.93;316;316
2026-06-08T14:48:32.0000000Z;15.8905;15.9325;316;316
2026-06-08T14:48:41.0000000Z;15.8935;15.9325;316;316
2026-06-08T14:48:43.0000000Z;15.8935;15.9345;316;316
2026-06-08T14:48:59.0000000Z;15.8935;15.9355;316;316
2026-06-08T14:49:08.0000000Z;15.8935;15.9345;316;316
2026-06-08T14:49:13.0000000Z;15.8935;15.9355;316;316
2026-06-08T14:49:14.0000000Z;15.8935;15.9345;316;316
2026-06-08T14:49:32.0000000Z;15.896;15.9345;316;316
2026-06-08T14:49:33.0000000Z;15.896;15.937;316;316
2026-06-08T14:49:34.0000000Z;15.896;15.935;316;316
2026-06-08T14:49:35.0000000Z;15.8935;15.935;316;316
2026-06-08T14:49:48.0000000Z;15.8935;15.9325;316;316
2026-06-08T14:49:49.0000000Z;15.891;15.9325;316;316
2026-06-08T14:50:19.0000000Z;15.893;15.9325;316;316
2026-06-08T14:50:28.0000000Z;15.893;15.9345;316;316
2026-06-08T14:50:29.0000000Z;15.893;15.9355;316;316
2026-06-08T14:50:43.0000000Z;15.893;15.9345;316;316
2026-06-08T14:51:02.0000000Z;15.893;15.9325;316;316
2026-06-08T14:51:05.0000000Z;15.8905;15.9325;316;316
2026-06-08T14:51:06.0000000Z;15.8905;15.929;316;316
2026-06-08T14:51:08.0000000Z;15.887;15.929;316;316
2026-06-08T14:51:36.0000000Z;15.887;15.9295;316;316
2026-06-08T14:52:06.0000000Z;15.887;15.9295;316;316
2026-06-08T14:52:08.0000000Z;15.887;15.927;316;316
2026-06-08T14:52:10.0000000Z;15.8845;15.927;316;316
2026-06-08T14:52:39.0000000Z;15.8845;15.927;316;316
2026-06-08T14:53:09.0000000Z;15.8845;15.927;316;316
2026-06-08T14:53:40.0000000Z;15.8845;15.927;316;316
2026-06-08T14:53:41.0000000Z;15.8845;15.9245;316;316
2026-06-08T14:53:42.0000000Z;15.8825;15.9245;316;316
2026-06-08T14:54:12.0000000Z;15.8825;15.9245;316;316
2026-06-08T14:54:38.0000000Z;15.8845;15.9245;316;316
2026-06-08T14:54:40.0000000Z;15.8845;15.9265;316;316
2026-06-08T14:55:08.0000000Z;15.8845;15.9265;316;316
2026-06-08T14:55:39.0000000Z;15.8845;15.9265;316;316
2026-06-08T14:56:00.0000000Z;15.8845;15.9245;316;316
2026-06-08T14:56:14.0000000Z;15.8825;15.9245;316;316
2026-06-08T14:56:33.0000000Z;15.8825;15.9245;316;316
2026-06-08T14:56:59.0000000Z;15.8825;15.9265;316;316
2026-06-08T14:57:04.0000000Z;15.8825;15.9245;316;316
2026-06-08T14:57:35.0000000Z;15.8825;15.9245;316;316
2026-06-08T14:58:06.0000000Z;15.8825;15.9245;316;316
2026-06-08T14:58:36.0000000Z;15.8825;15.9245;316;316
2026-06-08T14:59:07.0000000Z;15.8825;15.9245;316;316
2026-06-08T14:59:37.0000000Z;15.8825;15.9245;316;316
2026-06-08T14:59:54.0000000Z;15.8825;15.9215;316;316
2026-06-08T14:59:55.0000000Z;15.88;15.9215;316;316
