2026-06-08T08:00:02.0000000Z;7.156;7.177;14120;14120
2026-06-08T08:00:03.0000000Z;7.156;7.172;14120;14120
2026-06-08T08:00:04.0000000Z;7.155;7.172;14120;14120
2026-06-08T08:00:12.0000000Z;7.154;7.172;14120;14120
2026-06-08T08:00:13.0000000Z;7.154;7.171;14120;14120
2026-06-08T08:00:24.0000000Z;7.154;7.171;14120;14120
2026-06-08T08:00:36.0000000Z;7.154;7.173;14120;14120
2026-06-08T08:00:53.0000000Z;7.154;7.171;14120;14120
2026-06-08T08:00:57.0000000Z;7.153;7.171;14120;14120
2026-06-08T08:01:06.0000000Z;7.153;7.173;14120;14120
2026-06-08T08:01:35.0000000Z;7.153;7.171;14120;14120
2026-06-08T08:01:46.0000000Z;7.153;7.173;14120;14120
2026-06-08T08:01:48.0000000Z;7.153;7.171;14120;14120
2026-06-08T08:01:58.0000000Z;7.153;7.173;14120;14120
2026-06-08T08:02:02.0000000Z;7.149;7.176;14120;14120
2026-06-08T08:02:33.0000000Z;7.149;7.176;14120;14120
2026-06-08T08:03:03.0000000Z;7.149;7.176;14120;14120
2026-06-08T08:03:34.0000000Z;7.149;7.176;14120;14120
2026-06-08T08:03:37.0000000Z;7.149;7.174;14120;14120
2026-06-08T08:03:51.0000000Z;7.146;7.174;14120;14120
2026-06-08T08:04:17.0000000Z;7.144;7.174;14120;14120
2026-06-08T08:04:44.0000000Z;7.148;7.174;14120;14120
2026-06-08T08:05:14.0000000Z;7.148;7.174;14120;14120
2026-06-08T08:05:45.0000000Z;7.148;7.174;14120;14120
2026-06-08T08:05:54.0000000Z;7.148;7.169;14120;14120
2026-06-08T08:06:05.0000000Z;7.148;7.17;14120;14120
2026-06-08T08:06:09.0000000Z;7.148;7.169;14120;14120
2026-06-08T08:06:21.0000000Z;7.148;7.17;14120;14120
2026-06-08T08:06:51.0000000Z;7.148;7.17;14120;14120
2026-06-08T08:07:21.0000000Z;7.148;7.17;14120;14120
2026-06-08T08:07:25.0000000Z;7.148;7.169;14120;14120
2026-06-08T08:07:33.0000000Z;7.148;7.17;14120;14120
2026-06-08T08:07:43.0000000Z;7.148;7.169;14120;14120
2026-06-08T08:07:48.0000000Z;7.148;7.174;14120;14120
2026-06-08T08:07:51.0000000Z;7.148;7.168;14120;14120
2026-06-08T08:07:54.0000000Z;7.148;7.169;14120;14120
2026-06-08T08:07:58.0000000Z;7.148;7.168;14120;14120
2026-06-08T08:08:29.0000000Z;7.148;7.169;14120;14120
2026-06-08T08:08:32.0000000Z;7.148;7.169;14120;14120
2026-06-08T08:09:03.0000000Z;7.148;7.169;14120;14120
2026-06-08T08:09:34.0000000Z;7.148;7.169;14120;14120
2026-06-08T08:10:04.0000000Z;7.148;7.169;14120;14120
2026-06-08T08:10:17.0000000Z;7.148;7.177;14120;14120
2026-06-08T08:10:29.0000000Z;7.148;7.169;14120;14120
2026-06-08T08:10:59.0000000Z;7.148;7.169;14120;14120
2026-06-08T08:11:29.0000000Z;7.148;7.169;14120;14120
2026-06-08T08:12:00.0000000Z;7.148;7.169;14120;14120
2026-06-08T08:12:12.0000000Z;7.148;7.17;14120;14120
2026-06-08T08:12:15.0000000Z;7.148;7.169;14120;14120
2026-06-08T08:12:26.0000000Z;7.148;7.17;14120;14120
2026-06-08T08:12:40.0000000Z;7.148;7.169;14120;14120
2026-06-08T08:13:11.0000000Z;7.148;7.169;14120;14120
2026-06-08T08:13:12.0000000Z;7.148;7.17;14120;14120
2026-06-08T08:13:22.0000000Z;7.148;7.174;14120;14120
2026-06-08T08:13:24.0000000Z;7.148;7.17;14120;14120
2026-06-08T08:13:49.0000000Z;7.148;7.171;14120;14120
2026-06-08T08:13:56.0000000Z;7.148;7.17;14120;14120
2026-06-08T08:14:07.0000000Z;7.148;7.171;14120;14120
2026-06-08T08:14:35.0000000Z;7.148;7.171;14120;14120
2026-06-08T08:15:05.0000000Z;7.148;7.171;14120;14120
2026-06-08T08:15:36.0000000Z;7.148;7.171;14120;14120
2026-06-08T08:16:06.0000000Z;7.148;7.171;14120;14120
2026-06-08T08:16:21.0000000Z;7.148;7.172;14120;14120
2026-06-08T08:16:50.0000000Z;7.148;7.172;14120;14120
2026-06-08T08:17:21.0000000Z;7.148;7.172;14120;14120
2026-06-08T08:17:51.0000000Z;7.148;7.172;14120;14120
2026-06-08T08:18:02.0000000Z;7.148;7.174;14120;14120
2026-06-08T08:18:31.0000000Z;7.148;7.174;14120;14120
2026-06-08T08:19:01.0000000Z;7.148;7.174;14120;14120
2026-06-08T08:19:13.0000000Z;7.148;7.172;14120;14120
2026-06-08T08:19:26.0000000Z;7.148;7.174;14120;14120
2026-06-08T08:19:54.0000000Z;7.148;7.174;14120;14120
2026-06-08T08:20:25.0000000Z;7.148;7.174;14120;14120
2026-06-08T08:20:55.0000000Z;7.148;7.174;14120;14120
2026-06-08T08:21:13.0000000Z;7.148;7.172;14120;14120
2026-06-08T08:21:27.0000000Z;7.148;7.173;14120;14120
2026-06-08T08:21:55.0000000Z;7.148;7.173;14120;14120
2026-06-08T08:22:26.0000000Z;7.148;7.173;14120;14120
2026-06-08T08:22:56.0000000Z;7.148;7.173;14120;14120
2026-06-08T08:23:03.0000000Z;7.148;7.169;14120;14120
2026-06-08T08:23:07.0000000Z;7.148;7.167;14120;14120
2026-06-08T08:23:19.0000000Z;7.148;7.169;14120;14120
2026-06-08T08:23:28.0000000Z;7.148;7.167;14120;14120
2026-06-08T08:23:51.0000000Z;7.148;7.169;14120;14120
2026-06-08T08:24:20.0000000Z;7.148;7.169;14120;14120
2026-06-08T08:24:50.0000000Z;7.148;7.169;14120;14120
2026-06-08T08:25:02.0000000Z;7.148;7.168;14120;14120
2026-06-08T08:25:08.0000000Z;7.148;7.169;14120;14120
2026-06-08T08:25:39.0000000Z;7.148;7.169;14120;14120
2026-06-08T08:26:09.0000000Z;7.148;7.169;14120;14120
2026-06-08T08:26:26.0000000Z;7.148;7.171;14120;14120
2026-06-08T08:26:29.0000000Z;7.148;7.169;14120;14120
2026-06-08T08:26:50.0000000Z;7.148;7.171;14120;14120
2026-06-08T08:27:20.0000000Z;7.148;7.171;14120;14120
2026-06-08T08:27:30.0000000Z;7.148;7.169;14120;14120
2026-06-08T08:28:00.0000000Z;7.148;7.169;14120;14120
2026-06-08T08:28:31.0000000Z;7.148;7.169;14120;14120
2026-06-08T08:29:01.0000000Z;7.148;7.169;14120;14120
2026-06-08T08:29:11.0000000Z;7.148;7.167;14120;14120
2026-06-08T08:29:23.0000000Z;7.148;7.169;14120;14120
2026-06-08T08:29:51.0000000Z;7.148;7.169;14120;14120
2026-06-08T08:30:06.0000000Z;7.148;7.167;14120;14120
2026-06-08T08:30:17.0000000Z;7.148;7.169;14120;14120
2026-06-08T08:30:34.0000000Z;7.148;7.167;14120;14120
2026-06-08T08:30:47.0000000Z;7.148;7.169;14120;14120
2026-06-08T08:31:13.0000000Z;7.148;7.167;14120;14120
2026-06-08T08:31:23.0000000Z;7.148;7.169;14120;14120
2026-06-08T08:31:52.0000000Z;7.148;7.169;14120;14120
2026-06-08T08:32:23.0000000Z;7.148;7.169;14120;14120
2026-06-08T08:32:32.0000000Z;7.148;7.17;14120;14120
2026-06-08T08:33:00.0000000Z;7.148;7.17;14120;14120
2026-06-08T08:33:30.0000000Z;7.148;7.17;14120;14120
2026-06-08T08:34:01.0000000Z;7.148;7.17;14120;14120
2026-06-08T08:34:12.0000000Z;7.148;7.174;14120;14120
2026-06-08T08:34:40.0000000Z;7.148;7.174;14120;14120
2026-06-08T08:34:49.0000000Z;7.148;7.17;14120;14120
2026-06-08T08:34:54.0000000Z;7.148;7.169;14120;14120
2026-06-08T08:35:02.0000000Z;7.148;7.17;14120;14120
2026-06-08T08:35:31.0000000Z;7.148;7.17;14120;14120
2026-06-08T08:36:02.0000000Z;7.148;7.17;14120;14120
2026-06-08T08:36:32.0000000Z;7.148;7.17;14120;14120
2026-06-08T08:37:03.0000000Z;7.148;7.17;14120;14120
2026-06-08T08:37:33.0000000Z;7.148;7.17;14120;14120
2026-06-08T08:38:04.0000000Z;7.148;7.17;14120;14120
2026-06-08T08:38:35.0000000Z;7.148;7.17;14120;14120
2026-06-08T08:39:05.0000000Z;7.148;7.17;14120;14120
2026-06-08T08:39:36.0000000Z;7.148;7.17;14120;14120
2026-06-08T08:40:06.0000000Z;7.148;7.17;14120;14120
2026-06-08T08:40:37.0000000Z;7.148;7.17;14120;14120
2026-06-08T08:41:07.0000000Z;7.148;7.17;14120;14120
2026-06-08T08:41:38.0000000Z;7.148;7.17;14120;14120
2026-06-08T08:42:08.0000000Z;7.148;7.17;14120;14120
2026-06-08T08:42:39.0000000Z;7.148;7.17;14120;14120
2026-06-08T08:43:09.0000000Z;7.148;7.17;14120;14120
2026-06-08T08:43:40.0000000Z;7.148;7.17;14120;14120
2026-06-08T08:44:10.0000000Z;7.148;7.17;14120;14120
2026-06-08T08:44:41.0000000Z;7.148;7.17;14120;14120
2026-06-08T08:45:11.0000000Z;7.148;7.17;14120;14120
2026-06-08T08:45:42.0000000Z;7.148;7.17;14120;14120
2026-06-08T08:46:05.0000000Z;7.148;7.165;14120;14120
2026-06-08T08:46:14.0000000Z;7.148;7.166;14120;14120
2026-06-08T08:46:18.0000000Z;7.148;7.165;14120;14120
2026-06-08T08:46:24.0000000Z;7.148;7.166;14120;14120
2026-06-08T08:46:53.0000000Z;7.148;7.166;14120;14120
2026-06-08T08:47:24.0000000Z;7.148;7.166;14120;14120
2026-06-08T08:47:54.0000000Z;7.148;7.166;14120;14120
2026-06-08T08:48:25.0000000Z;7.148;7.166;14120;14120
2026-06-08T08:48:55.0000000Z;7.148;7.166;14120;14120
2026-06-08T08:49:25.0000000Z;7.148;7.166;14120;14120
2026-06-08T08:49:41.0000000Z;7.148;7.168;14120;14120
2026-06-08T08:50:05.0000000Z;7.155;7.168;14120;14120
2026-06-08T08:50:11.0000000Z;7.154;7.168;14120;14120
2026-06-08T08:50:21.0000000Z;7.15;7.168;14120;14120
2026-06-08T08:50:23.0000000Z;7.155;7.168;14120;14120
2026-06-08T08:50:31.0000000Z;7.154;7.168;14120;14120
2026-06-08T08:51:02.0000000Z;7.154;7.168;14120;14120
2026-06-08T08:51:06.0000000Z;7.153;7.168;14120;14120
2026-06-08T08:51:11.0000000Z;7.151;7.168;14120;14120
2026-06-08T08:51:38.0000000Z;7.151;7.168;14120;14120
2026-06-08T08:52:08.0000000Z;7.151;7.168;14120;14120
2026-06-08T08:52:39.0000000Z;7.151;7.168;14120;14120
2026-06-08T08:53:09.0000000Z;7.151;7.168;14120;14120
2026-06-08T08:53:40.0000000Z;7.151;7.168;14120;14120
2026-06-08T08:54:11.0000000Z;7.151;7.168;14120;14120
2026-06-08T08:54:41.0000000Z;7.151;7.168;14120;14120
2026-06-08T08:55:04.0000000Z;7.154;7.168;14120;14120
2026-06-08T08:55:34.0000000Z;7.154;7.168;14120;14120
2026-06-08T08:56:05.0000000Z;7.154;7.168;14120;14120
2026-06-08T08:56:35.0000000Z;7.154;7.168;14120;14120
2026-06-08T08:56:55.0000000Z;7.154;7.17;14120;14120
2026-06-08T08:57:26.0000000Z;7.154;7.17;14120;14120
2026-06-08T08:57:57.0000000Z;7.154;7.17;14120;14120
2026-06-08T08:58:27.0000000Z;7.154;7.17;14120;14120
2026-06-08T08:58:58.0000000Z;7.154;7.17;14120;14120
2026-06-08T08:59:27.0000000Z;7.157;7.17;14120;14120
2026-06-08T08:59:58.0000000Z;7.157;7.17;14120;14120
2026-06-08T09:00:28.0000000Z;7.157;7.17;14120;14120
2026-06-08T09:00:59.0000000Z;7.157;7.17;14120;14120
2026-06-08T09:01:29.0000000Z;7.157;7.17;14120;14120
2026-06-08T09:01:47.0000000Z;7.156;7.17;14120;14120
2026-06-08T09:01:55.0000000Z;7.158;7.17;14120;14120
2026-06-08T09:01:57.0000000Z;7.158;7.173;14120;14120
2026-06-08T09:02:27.0000000Z;7.158;7.173;14120;14120
2026-06-08T09:02:58.0000000Z;7.158;7.173;14120;14120
2026-06-08T09:03:28.0000000Z;7.158;7.173;14120;14120
2026-06-08T09:03:59.0000000Z;7.158;7.173;14120;14120
2026-06-08T09:04:29.0000000Z;7.158;7.173;14120;14120
2026-06-08T09:05:00.0000000Z;7.158;7.173;14120;14120
2026-06-08T09:05:31.0000000Z;7.158;7.173;14120;14120
2026-06-08T09:05:38.0000000Z;7.157;7.173;14120;14120
2026-06-08T09:05:52.0000000Z;7.158;7.173;14120;14120
2026-06-08T09:06:23.0000000Z;7.158;7.173;14120;14120
2026-06-08T09:06:30.0000000Z;7.156;7.171;14120;14120
2026-06-08T09:06:34.0000000Z;7.156;7.17;14120;14120
2026-06-08T09:07:04.0000000Z;7.156;7.17;14120;14120
2026-06-08T09:07:10.0000000Z;7.154;7.17;14120;14120
2026-06-08T09:07:41.0000000Z;7.154;7.17;14120;14120
2026-06-08T09:08:11.0000000Z;7.154;7.17;14120;14120
2026-06-08T09:08:33.0000000Z;7.151;7.171;14120;14120
2026-06-08T09:09:03.0000000Z;7.151;7.17;14120;14120
2026-06-08T09:09:15.0000000Z;7.151;7.171;14120;14120
2026-06-08T09:09:45.0000000Z;7.151;7.171;14120;14120
2026-06-08T09:10:16.0000000Z;7.151;7.171;14120;14120
2026-06-08T09:10:20.0000000Z;7.151;7.17;14120;14120
2026-06-08T09:10:21.0000000Z;7.155;7.168;14120;14120
2026-06-08T09:10:27.0000000Z;7.154;7.17;14120;14120
2026-06-08T09:10:56.0000000Z;7.154;7.17;14120;14120
2026-06-08T09:11:27.0000000Z;7.154;7.17;14120;14120
2026-06-08T09:11:58.0000000Z;7.154;7.17;14120;14120
2026-06-08T09:12:02.0000000Z;7.154;7.171;14120;14120
2026-06-08T09:12:08.0000000Z;7.154;7.17;14120;14120
2026-06-08T09:12:10.0000000Z;7.154;7.171;14120;14120
2026-06-08T09:12:41.0000000Z;7.154;7.171;14120;14120
2026-06-08T09:13:12.0000000Z;7.154;7.171;14120;14120
2026-06-08T09:13:16.0000000Z;7.154;7.172;14120;14120
2026-06-08T09:13:44.0000000Z;7.154;7.172;14120;14120
2026-06-08T09:14:14.0000000Z;7.154;7.172;14120;14120
2026-06-08T09:14:45.0000000Z;7.154;7.172;14120;14120
2026-06-08T09:15:15.0000000Z;7.154;7.172;14120;14120
2026-06-08T09:15:46.0000000Z;7.154;7.172;14120;14120
2026-06-08T09:15:53.0000000Z;7.154;7.173;14120;14120
2026-06-08T09:16:24.0000000Z;7.154;7.173;14120;14120
2026-06-08T09:16:54.0000000Z;7.154;7.173;14120;14120
2026-06-08T09:17:02.0000000Z;7.154;7.176;14120;14120
2026-06-08T09:17:33.0000000Z;7.154;7.176;14120;14120
2026-06-08T09:18:03.0000000Z;7.16;7.176;14120;14120
2026-06-08T09:18:33.0000000Z;7.16;7.176;14120;14120
2026-06-08T09:18:40.0000000Z;7.159;7.176;14120;14120
2026-06-08T09:19:10.0000000Z;7.159;7.176;14120;14120
2026-06-08T09:19:41.0000000Z;7.159;7.176;14120;14120
2026-06-08T09:20:12.0000000Z;7.159;7.176;14120;14120
2026-06-08T09:20:42.0000000Z;7.159;7.176;14120;14120
2026-06-08T09:21:13.0000000Z;7.159;7.176;14120;14120
2026-06-08T09:21:43.0000000Z;7.159;7.178;14120;14120
2026-06-08T09:22:14.0000000Z;7.159;7.178;14120;14120
2026-06-08T09:22:39.0000000Z;7.159;7.179;14120;14120
2026-06-08T09:23:10.0000000Z;7.159;7.179;14120;14120
2026-06-08T09:23:40.0000000Z;7.159;7.179;14120;14120
2026-06-08T09:24:11.0000000Z;7.159;7.179;14120;14120
2026-06-08T09:24:41.0000000Z;7.159;7.179;14120;14120
2026-06-08T09:25:12.0000000Z;7.159;7.179;14120;14120
2026-06-08T09:25:43.0000000Z;7.159;7.179;14120;14120
2026-06-08T09:26:13.0000000Z;7.159;7.179;14120;14120
2026-06-08T09:26:44.0000000Z;7.159;7.179;14120;14120
2026-06-08T09:27:14.0000000Z;7.159;7.179;14120;14120
2026-06-08T09:27:45.0000000Z;7.159;7.179;14120;14120
2026-06-08T09:28:16.0000000Z;7.159;7.179;14120;14120
2026-06-08T09:28:46.0000000Z;7.159;7.179;14120;14120
2026-06-08T09:29:17.0000000Z;7.159;7.179;14120;14120
2026-06-08T09:29:47.0000000Z;7.159;7.179;14120;14120
2026-06-08T09:30:18.0000000Z;7.159;7.179;14120;14120
2026-06-08T09:30:48.0000000Z;7.159;7.179;14120;14120
2026-06-08T09:31:19.0000000Z;7.159;7.179;14120;14120
2026-06-08T09:31:49.0000000Z;7.159;7.179;14120;14120
2026-06-08T09:32:20.0000000Z;7.159;7.179;14120;14120
2026-06-08T09:32:51.0000000Z;7.159;7.176;14120;14120
2026-06-08T09:33:22.0000000Z;7.159;7.176;14120;14120
2026-06-08T09:33:53.0000000Z;7.159;7.176;14120;14120
2026-06-08T09:34:23.0000000Z;7.159;7.176;14120;14120
2026-06-08T09:34:54.0000000Z;7.159;7.176;14120;14120
2026-06-08T09:35:25.0000000Z;7.159;7.176;14120;14120
2026-06-08T09:35:55.0000000Z;7.159;7.176;14120;14120
2026-06-08T09:36:26.0000000Z;7.159;7.176;14120;14120
2026-06-08T09:36:51.0000000Z;7.142;7.195;14120;14120
2026-06-08T09:36:53.0000000Z;7.157;7.183;14120;14120
2026-06-08T09:37:02.0000000Z;7.158;7.182;14120;14120
2026-06-08T09:37:33.0000000Z;7.158;7.182;14120;14120
2026-06-08T09:37:40.0000000Z;7.158;7.179;14120;14120
2026-06-08T09:38:11.0000000Z;7.158;7.179;14120;14120
2026-06-08T09:38:16.0000000Z;7.154;7.179;14120;14120
2026-06-08T09:38:46.0000000Z;7.154;7.179;14120;14120
2026-06-08T09:39:08.0000000Z;7.154;7.176;14120;14120
2026-06-08T09:39:11.0000000Z;7.154;7.177;14120;14120
2026-06-08T09:39:42.0000000Z;7.154;7.177;14120;14120
2026-06-08T09:40:12.0000000Z;7.154;7.177;14120;14120
2026-06-08T09:40:43.0000000Z;7.154;7.177;14120;14120
2026-06-08T09:40:52.0000000Z;7.157;7.177;14120;14120
2026-06-08T09:41:11.0000000Z;7.157;7.179;14120;14120
2026-06-08T09:41:42.0000000Z;7.157;7.179;14120;14120
2026-06-08T09:42:12.0000000Z;7.157;7.179;14120;14120
2026-06-08T09:42:43.0000000Z;7.157;7.179;14120;14120
2026-06-08T09:43:13.0000000Z;7.157;7.179;14120;14120
2026-06-08T09:43:39.0000000Z;7.16;7.179;14120;14120
2026-06-08T09:43:46.0000000Z;7.16;7.182;14120;14120
2026-06-08T09:44:16.0000000Z;7.16;7.182;14120;14120
2026-06-08T09:44:47.0000000Z;7.16;7.182;14120;14120
2026-06-08T09:45:18.0000000Z;7.16;7.182;14120;14120
2026-06-08T09:45:48.0000000Z;7.16;7.182;14120;14120
2026-06-08T09:46:05.0000000Z;7.163;7.182;14120;14120
2026-06-08T09:46:36.0000000Z;7.163;7.182;14120;14120
2026-06-08T09:47:06.0000000Z;7.163;7.182;14120;14120
2026-06-08T09:47:37.0000000Z;7.163;7.182;14120;14120
2026-06-08T09:48:08.0000000Z;7.163;7.182;14120;14120
2026-06-08T09:48:38.0000000Z;7.163;7.182;14120;14120
2026-06-08T09:49:09.0000000Z;7.163;7.182;14120;14120
2026-06-08T09:49:24.0000000Z;7.168;7.182;14120;14120
2026-06-08T09:49:54.0000000Z;7.168;7.182;14120;14120
2026-06-08T09:50:22.0000000Z;7.166;7.182;14120;14120
2026-06-08T09:50:52.0000000Z;7.166;7.182;14120;14120
2026-06-08T09:51:23.0000000Z;7.166;7.182;14120;14120
2026-06-08T09:51:54.0000000Z;7.166;7.182;14120;14120
2026-06-08T09:52:24.0000000Z;7.166;7.182;14120;14120
2026-06-08T09:52:55.0000000Z;7.166;7.182;14120;14120
2026-06-08T09:53:25.0000000Z;7.166;7.182;14120;14120
2026-06-08T09:53:56.0000000Z;7.166;7.182;14120;14120
2026-06-08T09:54:27.0000000Z;7.166;7.182;14120;14120
2026-06-08T09:54:57.0000000Z;7.166;7.182;14120;14120
2026-06-08T09:55:28.0000000Z;7.166;7.182;14120;14120
2026-06-08T09:55:58.0000000Z;7.166;7.182;14120;14120
2026-06-08T09:56:29.0000000Z;7.166;7.182;14120;14120
2026-06-08T09:56:59.0000000Z;7.166;7.182;14120;14120
2026-06-08T09:57:11.0000000Z;7.162;7.182;14120;14120
2026-06-08T09:57:12.0000000Z;7.166;7.182;14120;14120
2026-06-08T09:57:42.0000000Z;7.166;7.182;14120;14120
2026-06-08T09:58:13.0000000Z;7.166;7.182;14120;14120
2026-06-08T09:58:40.0000000Z;7.165;7.182;14120;14120
2026-06-08T09:58:47.0000000Z;7.166;7.182;14120;14120
2026-06-08T09:59:14.0000000Z;7.165;7.182;14120;14120
2026-06-08T09:59:44.0000000Z;7.165;7.182;14120;14120
2026-06-08T10:00:15.0000000Z;7.165;7.182;14120;14120
2026-06-08T10:00:45.0000000Z;7.165;7.182;14120;14120
2026-06-08T10:01:16.0000000Z;7.165;7.182;14120;14120
2026-06-08T10:01:36.0000000Z;7.166;7.182;14120;14120
2026-06-08T10:01:42.0000000Z;7.165;7.182;14120;14120
2026-06-08T10:02:05.0000000Z;7.161;7.182;14120;14120
2026-06-08T10:02:10.0000000Z;7.158;7.182;14120;14120
2026-06-08T10:02:12.0000000Z;7.16;7.177;14120;14120
2026-06-08T10:02:18.0000000Z;7.16;7.178;14120;14120
2026-06-08T10:02:19.0000000Z;7.16;7.177;14120;14120
2026-06-08T10:02:27.0000000Z;7.16;7.178;14120;14120
2026-06-08T10:02:57.0000000Z;7.16;7.178;14120;14120
2026-06-08T10:03:01.0000000Z;7.16;7.179;14120;14120
2026-06-08T10:03:31.0000000Z;7.16;7.179;14120;14120
2026-06-08T10:04:02.0000000Z;7.16;7.179;14120;14120
2026-06-08T10:04:32.0000000Z;7.16;7.179;14120;14120
2026-06-08T10:05:03.0000000Z;7.16;7.179;14120;14120
2026-06-08T10:05:34.0000000Z;7.16;7.179;14120;14120
2026-06-08T10:05:36.0000000Z;7.16;7.18;14120;14120
2026-06-08T10:06:06.0000000Z;7.16;7.18;14120;14120
2026-06-08T10:06:37.0000000Z;7.16;7.18;14120;14120
2026-06-08T10:07:07.0000000Z;7.16;7.18;14120;14120
2026-06-08T10:07:38.0000000Z;7.16;7.18;14120;14120
2026-06-08T10:08:08.0000000Z;7.16;7.18;14120;14120
2026-06-08T10:08:39.0000000Z;7.16;7.18;14120;14120
2026-06-08T10:09:09.0000000Z;7.16;7.18;14120;14120
2026-06-08T10:09:40.0000000Z;7.16;7.18;14120;14120
2026-06-08T10:10:10.0000000Z;7.16;7.18;14120;14120
2026-06-08T10:10:41.0000000Z;7.16;7.18;14120;14120
2026-06-08T10:11:11.0000000Z;7.16;7.18;14120;14120
2026-06-08T10:11:42.0000000Z;7.16;7.18;14120;14120
2026-06-08T10:12:13.0000000Z;7.16;7.18;14120;14120
2026-06-08T10:12:43.0000000Z;7.16;7.18;14120;14120
2026-06-08T10:13:14.0000000Z;7.16;7.18;14120;14120
2026-06-08T10:13:44.0000000Z;7.16;7.18;14120;14120
2026-06-08T10:14:15.0000000Z;7.16;7.18;14120;14120
2026-06-08T10:14:45.0000000Z;7.16;7.18;14120;14120
2026-06-08T10:15:16.0000000Z;7.16;7.18;14120;14120
2026-06-08T10:15:46.0000000Z;7.16;7.18;14120;14120
2026-06-08T10:16:17.0000000Z;7.16;7.18;14120;14120
2026-06-08T10:16:47.0000000Z;7.16;7.18;14120;14120
2026-06-08T10:17:18.0000000Z;7.16;7.18;14120;14120
2026-06-08T10:17:48.0000000Z;7.16;7.18;14120;14120
2026-06-08T10:17:50.0000000Z;7.159;7.18;14120;14120
2026-06-08T10:18:21.0000000Z;7.159;7.18;14120;14120
2026-06-08T10:18:52.0000000Z;7.159;7.18;14120;14120
2026-06-08T10:19:22.0000000Z;7.159;7.18;14120;14120
2026-06-08T10:19:53.0000000Z;7.159;7.18;14120;14120
2026-06-08T10:20:13.0000000Z;7.157;7.18;14120;14120
2026-06-08T10:20:19.0000000Z;7.157;7.175;14120;14120
2026-06-08T10:20:27.0000000Z;7.157;7.176;14120;14120
2026-06-08T10:20:58.0000000Z;7.157;7.176;14120;14120
2026-06-08T10:21:28.0000000Z;7.157;7.176;14120;14120
2026-06-08T10:21:59.0000000Z;7.157;7.176;14120;14120
2026-06-08T10:22:29.0000000Z;7.157;7.176;14120;14120
2026-06-08T10:22:54.0000000Z;7.156;7.176;14120;14120
2026-06-08T10:23:22.0000000Z;7.156;7.176;14120;14120
2026-06-08T10:23:53.0000000Z;7.156;7.176;14120;14120
2026-06-08T10:24:23.0000000Z;7.156;7.176;14120;14120
2026-06-08T10:24:54.0000000Z;7.156;7.176;14120;14120
2026-06-08T10:25:25.0000000Z;7.156;7.176;14120;14120
2026-06-08T10:25:55.0000000Z;7.156;7.176;14120;14120
2026-06-08T10:26:26.0000000Z;7.156;7.176;14120;14120
2026-06-08T10:26:56.0000000Z;7.156;7.176;14120;14120
2026-06-08T10:27:27.0000000Z;7.156;7.176;14120;14120
2026-06-08T10:27:57.0000000Z;7.156;7.176;14120;14120
2026-06-08T10:28:28.0000000Z;7.156;7.176;14120;14120
2026-06-08T10:28:58.0000000Z;7.156;7.176;14120;14120
2026-06-08T10:29:29.0000000Z;7.156;7.176;14120;14120
2026-06-08T10:30:00.0000000Z;7.156;7.176;14120;14120
2026-06-08T10:30:30.0000000Z;7.156;7.176;14120;14120
2026-06-08T10:31:01.0000000Z;7.156;7.176;14120;14120
2026-06-08T10:31:31.0000000Z;7.156;7.176;14120;14120
2026-06-08T10:32:02.0000000Z;7.156;7.176;14120;14120
2026-06-08T10:32:32.0000000Z;7.156;7.176;14120;14120
2026-06-08T10:33:03.0000000Z;7.156;7.176;14120;14120
2026-06-08T10:33:33.0000000Z;7.156;7.176;14120;14120
2026-06-08T10:34:04.0000000Z;7.156;7.176;14120;14120
2026-06-08T10:34:18.0000000Z;7.16;7.176;14120;14120
2026-06-08T10:34:20.0000000Z;7.16;7.184;14120;14120
2026-06-08T10:34:39.0000000Z;7.163;7.184;14120;14120
2026-06-08T10:34:41.0000000Z;7.163;7.184;14120;14120
2026-06-08T10:34:43.0000000Z;7.16;7.184;14120;14120
2026-06-08T10:34:51.0000000Z;7.163;7.184;14120;14120
2026-06-08T10:34:57.0000000Z;7.163;7.187;14120;14120
2026-06-08T10:34:59.0000000Z;7.163;7.183;14120;14120
2026-06-08T10:35:01.0000000Z;7.16;7.183;14120;14120
2026-06-08T10:35:15.0000000Z;7.157;7.183;14120;14120
2026-06-08T10:35:22.0000000Z;7.157;7.18;14120;14120
2026-06-08T10:35:32.0000000Z;7.16;7.18;14120;14120
2026-06-08T10:35:39.0000000Z;7.16;7.183;14120;14120
2026-06-08T10:36:10.0000000Z;7.16;7.183;14120;14120
2026-06-08T10:36:25.0000000Z;7.164;7.181;14120;14120
2026-06-08T10:36:37.0000000Z;7.162;7.181;14120;14120
2026-06-08T10:37:07.0000000Z;7.162;7.183;14120;14120
2026-06-08T10:37:38.0000000Z;7.162;7.183;14120;14120
2026-06-08T10:38:09.0000000Z;7.162;7.183;14120;14120
2026-06-08T10:38:39.0000000Z;7.162;7.183;14120;14120
2026-06-08T10:39:10.0000000Z;7.162;7.183;14120;14120
2026-06-08T10:39:41.0000000Z;7.162;7.183;14120;14120
2026-06-08T10:40:11.0000000Z;7.162;7.183;14120;14120
2026-06-08T10:40:42.0000000Z;7.162;7.183;14120;14120
2026-06-08T10:41:13.0000000Z;7.162;7.183;14120;14120
2026-06-08T10:41:43.0000000Z;7.162;7.183;14120;14120
2026-06-08T10:42:14.0000000Z;7.162;7.183;14120;14120
2026-06-08T10:42:44.0000000Z;7.162;7.183;14120;14120
2026-06-08T10:43:15.0000000Z;7.162;7.183;14120;14120
2026-06-08T10:43:45.0000000Z;7.162;7.183;14120;14120
2026-06-08T10:44:16.0000000Z;7.162;7.183;14120;14120
2026-06-08T10:44:47.0000000Z;7.162;7.183;14120;14120
2026-06-08T10:45:17.0000000Z;7.162;7.183;14120;14120
2026-06-08T10:45:48.0000000Z;7.162;7.183;14120;14120
2026-06-08T10:46:19.0000000Z;7.162;7.183;14120;14120
2026-06-08T10:46:49.0000000Z;7.162;7.183;14120;14120
2026-06-08T10:47:20.0000000Z;7.162;7.183;14120;14120
2026-06-08T10:47:22.0000000Z;7.162;7.18;14120;14120
2026-06-08T10:47:53.0000000Z;7.162;7.18;14120;14120
2026-06-08T10:48:24.0000000Z;7.162;7.18;14120;14120
2026-06-08T10:48:42.0000000Z;7.16;7.18;14120;14120
2026-06-08T10:48:44.0000000Z;7.16;7.181;14120;14120
2026-06-08T10:49:14.0000000Z;7.16;7.181;14120;14120
2026-06-08T10:49:33.0000000Z;7.16;7.18;14120;14120
2026-06-08T10:49:35.0000000Z;7.162;7.178;14120;14120
2026-06-08T10:50:06.0000000Z;7.162;7.178;14120;14120
2026-06-08T10:50:22.0000000Z;7.162;7.179;14120;14120
2026-06-08T10:50:34.0000000Z;7.16;7.178;14120;14120
2026-06-08T10:51:05.0000000Z;7.16;7.178;14120;14120
2026-06-08T10:51:18.0000000Z;7.16;7.179;14120;14120
2026-06-08T10:51:27.0000000Z;7.16;7.177;14120;14120
2026-06-08T10:51:28.0000000Z;7.159;7.177;14120;14120
2026-06-08T10:51:38.0000000Z;7.159;7.179;14120;14120
2026-06-08T10:52:09.0000000Z;7.159;7.179;14120;14120
2026-06-08T10:52:39.0000000Z;7.159;7.179;14120;14120
2026-06-08T10:53:05.0000000Z;7.159;7.18;14120;14120
2026-06-08T10:53:35.0000000Z;7.159;7.18;14120;14120
2026-06-08T10:54:06.0000000Z;7.159;7.18;14120;14120
2026-06-08T10:54:37.0000000Z;7.159;7.18;14120;14120
2026-06-08T10:55:07.0000000Z;7.159;7.18;14120;14120
2026-06-08T10:55:38.0000000Z;7.159;7.18;14120;14120
2026-06-08T10:56:08.0000000Z;7.159;7.18;14120;14120
2026-06-08T10:56:39.0000000Z;7.159;7.18;14120;14120
2026-06-08T10:57:10.0000000Z;7.159;7.18;14120;14120
2026-06-08T10:57:40.0000000Z;7.159;7.18;14120;14120
2026-06-08T10:58:11.0000000Z;7.159;7.18;14120;14120
2026-06-08T10:58:41.0000000Z;7.159;7.18;14120;14120
2026-06-08T10:59:12.0000000Z;7.159;7.18;14120;14120
2026-06-08T10:59:42.0000000Z;7.159;7.18;14120;14120
2026-06-08T11:00:13.0000000Z;7.159;7.18;14120;14120
2026-06-08T11:00:24.0000000Z;7.159;7.177;14120;14120
2026-06-08T11:00:55.0000000Z;7.159;7.177;14120;14120
2026-06-08T11:01:21.0000000Z;7.157;7.177;14120;14120
2026-06-08T11:01:52.0000000Z;7.157;7.177;14120;14120
2026-06-08T11:02:23.0000000Z;7.157;7.177;14120;14120
2026-06-08T11:02:53.0000000Z;7.157;7.177;14120;14120
2026-06-08T11:03:24.0000000Z;7.157;7.177;14120;14120
2026-06-08T11:03:55.0000000Z;7.157;7.177;14120;14120
2026-06-08T11:04:25.0000000Z;7.157;7.177;14120;14120
2026-06-08T11:04:56.0000000Z;7.157;7.177;14120;14120
2026-06-08T11:05:26.0000000Z;7.157;7.177;14120;14120
2026-06-08T11:05:57.0000000Z;7.157;7.177;14120;14120
2026-06-08T11:06:28.0000000Z;7.157;7.177;14120;14120
2026-06-08T11:06:58.0000000Z;7.157;7.177;14120;14120
2026-06-08T11:07:29.0000000Z;7.157;7.177;14120;14120
2026-06-08T11:08:00.0000000Z;7.157;7.177;14120;14120
2026-06-08T11:08:30.0000000Z;7.157;7.177;14120;14120
2026-06-08T11:08:52.0000000Z;7.161;7.177;14120;14120
2026-06-08T11:09:22.0000000Z;7.161;7.177;14120;14120
2026-06-08T11:09:53.0000000Z;7.161;7.177;14120;14120
2026-06-08T11:10:05.0000000Z;7.162;7.177;14120;14120
2026-06-08T11:10:10.0000000Z;7.162;7.178;14120;14120
2026-06-08T11:10:22.0000000Z;7.162;7.179;14120;14120
2026-06-08T11:10:52.0000000Z;7.159;7.181;14120;14120
2026-06-08T11:11:04.0000000Z;7.162;7.184;14120;14120
2026-06-08T11:11:06.0000000Z;7.162;7.187;14120;14120
2026-06-08T11:11:12.0000000Z;7.165;7.187;14120;14120
2026-06-08T11:11:42.0000000Z;7.165;7.187;14120;14120
2026-06-08T11:12:13.0000000Z;7.165;7.187;14120;14120
2026-06-08T11:12:44.0000000Z;7.165;7.187;14120;14120
2026-06-08T11:12:46.0000000Z;7.165;7.19;14120;14120
2026-06-08T11:12:48.0000000Z;7.168;7.19;14120;14120
2026-06-08T11:12:55.0000000Z;7.171;7.189;14120;14120
2026-06-08T11:13:07.0000000Z;7.171;7.19;14120;14120
2026-06-08T11:13:31.0000000Z;7.171;7.189;14120;14120
2026-06-08T11:13:32.0000000Z;7.171;7.188;14120;14120
2026-06-08T11:13:43.0000000Z;7.171;7.19;14120;14120
2026-06-08T11:14:11.0000000Z;7.171;7.189;14120;14120
2026-06-08T11:14:13.0000000Z;7.171;7.188;14120;14120
2026-06-08T11:14:17.0000000Z;7.171;7.189;14120;14120
2026-06-08T11:14:18.0000000Z;7.172;7.189;14120;14120
2026-06-08T11:14:21.0000000Z;7.172;7.189;14120;14120
2026-06-08T11:14:23.0000000Z;7.172;7.19;14120;14120
2026-06-08T11:14:24.0000000Z;7.172;7.189;14120;14120
2026-06-08T11:14:33.0000000Z;7.171;7.189;14120;14120
2026-06-08T11:14:47.0000000Z;7.168;7.189;14120;14120
2026-06-08T11:14:55.0000000Z;7.168;7.19;14120;14120
2026-06-08T11:15:09.0000000Z;7.17;7.202;14120;14120
2026-06-08T11:15:11.0000000Z;7.171;7.195;14120;14120
2026-06-08T11:15:15.0000000Z;7.172;7.195;14120;14120
2026-06-08T11:15:39.0000000Z;7.174;7.195;14120;14120
2026-06-08T11:15:56.0000000Z;7.172;7.195;14120;14120
2026-06-08T11:16:07.0000000Z;7.171;7.195;14120;14120
2026-06-08T11:16:12.0000000Z;7.173;7.191;14120;14120
2026-06-08T11:16:29.0000000Z;7.173;7.192;14120;14120
2026-06-08T11:16:39.0000000Z;7.172;7.192;14120;14120
2026-06-08T11:17:10.0000000Z;7.172;7.192;14120;14120
2026-06-08T11:17:37.0000000Z;7.171;7.192;14120;14120
2026-06-08T11:18:07.0000000Z;7.171;7.192;14120;14120
2026-06-08T11:18:38.0000000Z;7.171;7.192;14120;14120
2026-06-08T11:19:09.0000000Z;7.171;7.192;14120;14120
2026-06-08T11:19:39.0000000Z;7.171;7.192;14120;14120
2026-06-08T11:19:50.0000000Z;7.171;7.193;14120;14120
2026-06-08T11:20:10.0000000Z;7.171;7.195;14120;14120
2026-06-08T11:20:16.0000000Z;7.171;7.192;14120;14120
2026-06-08T11:20:46.0000000Z;7.171;7.192;14120;14120
2026-06-08T11:21:16.0000000Z;7.171;7.192;14120;14120
2026-06-08T11:21:46.0000000Z;7.171;7.193;14120;14120
2026-06-08T11:22:17.0000000Z;7.171;7.193;14120;14120
2026-06-08T11:22:48.0000000Z;7.171;7.193;14120;14120
2026-06-08T11:23:18.0000000Z;7.171;7.193;14120;14120
2026-06-08T11:23:49.0000000Z;7.171;7.193;14120;14120
2026-06-08T11:24:20.0000000Z;7.171;7.193;14120;14120
2026-06-08T11:24:50.0000000Z;7.171;7.193;14120;14120
2026-06-08T11:25:21.0000000Z;7.171;7.193;14120;14120
2026-06-08T11:25:51.0000000Z;7.171;7.193;14120;14120
2026-06-08T11:26:22.0000000Z;7.171;7.193;14120;14120
2026-06-08T11:26:52.0000000Z;7.171;7.193;14120;14120
2026-06-08T11:27:23.0000000Z;7.171;7.193;14120;14120
2026-06-08T11:27:53.0000000Z;7.171;7.193;14120;14120
2026-06-08T11:28:24.0000000Z;7.171;7.193;14120;14120
2026-06-08T11:28:54.0000000Z;7.171;7.193;14120;14120
2026-06-08T11:29:25.0000000Z;7.171;7.193;14120;14120
2026-06-08T11:29:33.0000000Z;7.173;7.192;14120;14120
2026-06-08T11:30:03.0000000Z;7.173;7.192;14120;14120
2026-06-08T11:30:34.0000000Z;7.173;7.192;14120;14120
2026-06-08T11:30:54.0000000Z;7.173;7.193;14120;14120
2026-06-08T11:31:25.0000000Z;7.173;7.193;14120;14120
2026-06-08T11:31:31.0000000Z;7.173;7.195;14120;14120
2026-06-08T11:32:02.0000000Z;7.173;7.195;14120;14120
2026-06-08T11:32:32.0000000Z;7.173;7.195;14120;14120
2026-06-08T11:33:03.0000000Z;7.173;7.195;14120;14120
2026-06-08T11:33:33.0000000Z;7.173;7.195;14120;14120
2026-06-08T11:34:04.0000000Z;7.173;7.195;14120;14120
2026-06-08T11:34:34.0000000Z;7.173;7.195;14120;14120
2026-06-08T11:35:05.0000000Z;7.173;7.195;14120;14120
2026-06-08T11:35:35.0000000Z;7.173;7.195;14120;14120
2026-06-08T11:35:58.0000000Z;7.175;7.195;14120;14120
2026-06-08T11:36:27.0000000Z;7.175;7.195;14120;14120
2026-06-08T11:36:58.0000000Z;7.175;7.195;14120;14120
2026-06-08T11:37:28.0000000Z;7.175;7.195;14120;14120
2026-06-08T11:37:59.0000000Z;7.175;7.195;14120;14120
2026-06-08T11:38:29.0000000Z;7.175;7.195;14120;14120
2026-06-08T11:39:00.0000000Z;7.175;7.195;14120;14120
2026-06-08T11:39:31.0000000Z;7.175;7.195;14120;14120
2026-06-08T11:39:56.0000000Z;7.175;7.196;14120;14120
2026-06-08T11:40:26.0000000Z;7.175;7.196;14120;14120
2026-06-08T11:40:57.0000000Z;7.175;7.196;14120;14120
2026-06-08T11:41:28.0000000Z;7.175;7.196;14120;14120
2026-06-08T11:41:58.0000000Z;7.175;7.196;14120;14120
2026-06-08T11:42:29.0000000Z;7.175;7.196;14120;14120
2026-06-08T11:42:59.0000000Z;7.175;7.196;14120;14120
2026-06-08T11:43:30.0000000Z;7.175;7.196;14120;14120
2026-06-08T11:44:00.0000000Z;7.175;7.196;14120;14120
2026-06-08T11:44:31.0000000Z;7.175;7.196;14120;14120
2026-06-08T11:45:01.0000000Z;7.175;7.196;14120;14120
2026-06-08T11:45:32.0000000Z;7.175;7.196;14120;14120
2026-06-08T11:45:38.0000000Z;7.175;7.193;14120;14120
2026-06-08T11:45:55.0000000Z;7.174;7.193;14120;14120
2026-06-08T11:46:26.0000000Z;7.174;7.193;14120;14120
2026-06-08T11:46:56.0000000Z;7.174;7.193;14120;14120
2026-06-08T11:46:57.0000000Z;7.172;7.193;14120;14120
2026-06-08T11:47:28.0000000Z;7.172;7.193;14120;14120
2026-06-08T11:47:48.0000000Z;7.17;7.189;14120;14120
2026-06-08T11:48:19.0000000Z;7.17;7.189;14120;14120
2026-06-08T11:48:49.0000000Z;7.17;7.189;14120;14120
2026-06-08T11:49:20.0000000Z;7.17;7.189;14120;14120
2026-06-08T11:49:50.0000000Z;7.17;7.189;14120;14120
2026-06-08T11:50:01.0000000Z;7.17;7.19;14120;14120
2026-06-08T11:50:13.0000000Z;7.17;7.189;14120;14120
2026-06-08T11:50:29.0000000Z;7.17;7.192;14120;14120
2026-06-08T11:51:00.0000000Z;7.17;7.192;14120;14120
2026-06-08T11:51:30.0000000Z;7.17;7.192;14120;14120
2026-06-08T11:52:01.0000000Z;7.17;7.189;14120;14120
2026-06-08T11:52:32.0000000Z;7.17;7.189;14120;14120
2026-06-08T11:53:03.0000000Z;7.17;7.189;14120;14120
2026-06-08T11:53:33.0000000Z;7.17;7.189;14120;14120
2026-06-08T11:54:04.0000000Z;7.17;7.189;14120;14120
2026-06-08T11:54:34.0000000Z;7.17;7.189;14120;14120
2026-06-08T11:55:05.0000000Z;7.17;7.189;14120;14120
2026-06-08T11:55:36.0000000Z;7.17;7.189;14120;14120
2026-06-08T11:56:06.0000000Z;7.17;7.189;14120;14120
2026-06-08T11:56:37.0000000Z;7.17;7.189;14120;14120
2026-06-08T11:57:07.0000000Z;7.17;7.189;14120;14120
2026-06-08T11:57:29.0000000Z;7.17;7.19;14120;14120
2026-06-08T11:57:59.0000000Z;7.17;7.19;14120;14120
2026-06-08T11:58:30.0000000Z;7.17;7.19;14120;14120
2026-06-08T11:59:00.0000000Z;7.17;7.19;14120;14120
2026-06-08T11:59:22.0000000Z;7.166;7.21;14120;14120
2026-06-08T11:59:52.0000000Z;7.166;7.21;14120;14120
2026-06-08T12:00:23.0000000Z;7.166;7.21;14120;14120
2026-06-08T12:00:53.0000000Z;7.166;7.21;14120;14120
2026-06-08T12:01:24.0000000Z;7.166;7.21;14120;14120
2026-06-08T12:01:30.0000000Z;7.171;7.193;14120;14120
2026-06-08T12:02:00.0000000Z;7.171;7.193;14120;14120
2026-06-08T12:02:31.0000000Z;7.171;7.193;14120;14120
2026-06-08T12:03:01.0000000Z;7.171;7.193;14120;14120
2026-06-08T12:03:10.0000000Z;7.171;7.19;14120;14120
2026-06-08T12:03:40.0000000Z;7.171;7.19;14120;14120
2026-06-08T12:04:11.0000000Z;7.171;7.19;14120;14120
2026-06-08T12:04:41.0000000Z;7.171;7.19;14120;14120
2026-06-08T12:05:12.0000000Z;7.171;7.19;14120;14120
2026-06-08T12:05:42.0000000Z;7.171;7.19;14120;14120
2026-06-08T12:06:13.0000000Z;7.171;7.19;14120;14120
2026-06-08T12:06:43.0000000Z;7.171;7.19;14120;14120
2026-06-08T12:07:14.0000000Z;7.171;7.19;14120;14120
2026-06-08T12:07:44.0000000Z;7.171;7.19;14120;14120
2026-06-08T12:08:15.0000000Z;7.171;7.19;14120;14120
2026-06-08T12:08:42.0000000Z;7.171;7.192;14120;14120
2026-06-08T12:09:13.0000000Z;7.171;7.192;14120;14120
2026-06-08T12:09:44.0000000Z;7.171;7.192;14120;14120
2026-06-08T12:10:14.0000000Z;7.171;7.192;14120;14120
2026-06-08T12:10:45.0000000Z;7.171;7.192;14120;14120
2026-06-08T12:11:15.0000000Z;7.171;7.192;14120;14120
2026-06-08T12:11:46.0000000Z;7.171;7.192;14120;14120
2026-06-08T12:12:16.0000000Z;7.171;7.192;14120;14120
2026-06-08T12:12:22.0000000Z;7.174;7.192;14120;14120
2026-06-08T12:12:53.0000000Z;7.174;7.192;14120;14120
2026-06-08T12:13:23.0000000Z;7.174;7.192;14120;14120
2026-06-08T12:13:54.0000000Z;7.174;7.192;14120;14120
2026-06-08T12:14:24.0000000Z;7.174;7.192;14120;14120
2026-06-08T12:14:55.0000000Z;7.174;7.192;14120;14120
2026-06-08T12:15:26.0000000Z;7.174;7.192;14120;14120
2026-06-08T12:15:56.0000000Z;7.174;7.192;14120;14120
2026-06-08T12:16:27.0000000Z;7.174;7.192;14120;14120
2026-06-08T12:16:57.0000000Z;7.174;7.192;14120;14120
2026-06-08T12:17:28.0000000Z;7.174;7.192;14120;14120
2026-06-08T12:17:58.0000000Z;7.174;7.192;14120;14120
2026-06-08T12:18:29.0000000Z;7.174;7.192;14120;14120
2026-06-08T12:18:59.0000000Z;7.174;7.192;14120;14120
2026-06-08T12:19:30.0000000Z;7.174;7.192;14120;14120
2026-06-08T12:20:01.0000000Z;7.174;7.192;14120;14120
2026-06-08T12:20:31.0000000Z;7.174;7.192;14120;14120
2026-06-08T12:21:02.0000000Z;7.174;7.195;14120;14120
2026-06-08T12:21:32.0000000Z;7.174;7.195;14120;14120
2026-06-08T12:22:03.0000000Z;7.174;7.195;14120;14120
2026-06-08T12:22:33.0000000Z;7.174;7.195;14120;14120
2026-06-08T12:23:04.0000000Z;7.174;7.195;14120;14120
2026-06-08T12:23:34.0000000Z;7.174;7.195;14120;14120
2026-06-08T12:24:05.0000000Z;7.174;7.195;14120;14120
2026-06-08T12:24:35.0000000Z;7.174;7.195;14120;14120
2026-06-08T12:25:06.0000000Z;7.174;7.195;14120;14120
2026-06-08T12:25:36.0000000Z;7.174;7.195;14120;14120
2026-06-08T12:26:07.0000000Z;7.174;7.195;14120;14120
2026-06-08T12:26:37.0000000Z;7.174;7.195;14120;14120
2026-06-08T12:27:08.0000000Z;7.174;7.195;14120;14120
2026-06-08T12:27:38.0000000Z;7.174;7.195;14120;14120
2026-06-08T12:28:09.0000000Z;7.174;7.195;14120;14120
2026-06-08T12:28:40.0000000Z;7.174;7.195;14120;14120
2026-06-08T12:29:10.0000000Z;7.174;7.195;14120;14120
2026-06-08T12:29:41.0000000Z;7.174;7.195;14120;14120
2026-06-08T12:30:11.0000000Z;7.174;7.195;14120;14120
2026-06-08T12:30:16.0000000Z;7.177;7.195;14120;14120
2026-06-08T12:30:47.0000000Z;7.177;7.195;14120;14120
2026-06-08T12:31:18.0000000Z;7.177;7.195;14120;14120
2026-06-08T12:31:27.0000000Z;7.177;7.198;14120;14120
2026-06-08T12:31:56.0000000Z;7.177;7.198;14120;14120
2026-06-08T12:32:27.0000000Z;7.177;7.198;14120;14120
2026-06-08T12:32:43.0000000Z;7.18;7.198;14120;14120
2026-06-08T12:33:14.0000000Z;7.18;7.198;14120;14120
2026-06-08T12:33:44.0000000Z;7.18;7.198;14120;14120
2026-06-08T12:34:15.0000000Z;7.18;7.198;14120;14120
2026-06-08T12:34:45.0000000Z;7.18;7.198;14120;14120
2026-06-08T12:35:16.0000000Z;7.18;7.198;14120;14120
2026-06-08T12:35:46.0000000Z;7.18;7.198;14120;14120
2026-06-08T12:36:17.0000000Z;7.18;7.198;14120;14120
2026-06-08T12:36:48.0000000Z;7.18;7.198;14120;14120
2026-06-08T12:37:18.0000000Z;7.18;7.198;14120;14120
2026-06-08T12:37:49.0000000Z;7.18;7.198;14120;14120
2026-06-08T12:38:19.0000000Z;7.18;7.198;14120;14120
2026-06-08T12:38:50.0000000Z;7.18;7.198;14120;14120
2026-06-08T12:39:21.0000000Z;7.18;7.198;14120;14120
2026-06-08T12:39:51.0000000Z;7.18;7.198;14120;14120
2026-06-08T12:40:22.0000000Z;7.18;7.198;14120;14120
2026-06-08T12:40:52.0000000Z;7.18;7.198;14120;14120
2026-06-08T12:41:23.0000000Z;7.18;7.198;14120;14120
2026-06-08T12:41:53.0000000Z;7.18;7.198;14120;14120
2026-06-08T12:42:09.0000000Z;7.18;7.195;14120;14120
2026-06-08T12:42:38.0000000Z;7.177;7.195;14120;14120
2026-06-08T12:42:47.0000000Z;7.176;7.195;14120;14120
2026-06-08T12:42:52.0000000Z;7.176;7.198;14120;14120
2026-06-08T12:42:58.0000000Z;7.177;7.198;14120;14120
2026-06-08T12:43:29.0000000Z;7.177;7.198;14120;14120
2026-06-08T12:43:59.0000000Z;7.177;7.198;14120;14120
2026-06-08T12:44:30.0000000Z;7.177;7.198;14120;14120
2026-06-08T12:45:00.0000000Z;7.177;7.198;14120;14120
2026-06-08T12:45:31.0000000Z;7.177;7.198;14120;14120
2026-06-08T12:46:02.0000000Z;7.177;7.198;14120;14120
2026-06-08T12:46:32.0000000Z;7.177;7.198;14120;14120
2026-06-08T12:47:03.0000000Z;7.177;7.198;14120;14120
2026-06-08T12:47:16.0000000Z;7.177;7.195;14120;14120
2026-06-08T12:47:47.0000000Z;7.177;7.195;14120;14120
2026-06-08T12:48:17.0000000Z;7.177;7.195;14120;14120
2026-06-08T12:48:48.0000000Z;7.177;7.195;14120;14120
2026-06-08T12:49:18.0000000Z;7.177;7.195;14120;14120
2026-06-08T12:49:49.0000000Z;7.177;7.195;14120;14120
2026-06-08T12:50:19.0000000Z;7.177;7.195;14120;14120
2026-06-08T12:50:50.0000000Z;7.177;7.195;14120;14120
2026-06-08T12:51:20.0000000Z;7.177;7.195;14120;14120
2026-06-08T12:51:51.0000000Z;7.177;7.195;14120;14120
2026-06-08T12:52:22.0000000Z;7.177;7.195;14120;14120
2026-06-08T12:52:52.0000000Z;7.177;7.195;14120;14120
2026-06-08T12:52:58.0000000Z;7.173;7.195;14120;14120
2026-06-08T12:53:00.0000000Z;7.173;7.192;14120;14120
2026-06-08T12:53:31.0000000Z;7.173;7.192;14120;14120
2026-06-08T12:54:02.0000000Z;7.173;7.192;14120;14120
2026-06-08T12:54:32.0000000Z;7.173;7.192;14120;14120
2026-06-08T12:55:03.0000000Z;7.173;7.192;14120;14120
2026-06-08T12:55:33.0000000Z;7.173;7.192;14120;14120
2026-06-08T12:56:04.0000000Z;7.173;7.192;14120;14120
2026-06-08T12:56:34.0000000Z;7.173;7.192;14120;14120
2026-06-08T12:57:05.0000000Z;7.173;7.192;14120;14120
2026-06-08T12:57:35.0000000Z;7.173;7.192;14120;14120
2026-06-08T12:58:06.0000000Z;7.173;7.192;14120;14120
2026-06-08T12:58:36.0000000Z;7.173;7.192;14120;14120
2026-06-08T12:59:07.0000000Z;7.173;7.192;14120;14120
2026-06-08T12:59:37.0000000Z;7.173;7.192;14120;14120
2026-06-08T12:59:40.0000000Z;7.173;7.189;14120;14120
2026-06-08T13:00:10.0000000Z;7.173;7.189;14120;14120
2026-06-08T13:00:38.0000000Z;7.173;7.19;14120;14120
2026-06-08T13:00:50.0000000Z;7.173;7.192;14120;14120
2026-06-08T13:01:20.0000000Z;7.173;7.192;14120;14120
2026-06-08T13:01:51.0000000Z;7.173;7.192;14120;14120
2026-06-08T13:02:21.0000000Z;7.173;7.192;14120;14120
2026-06-08T13:02:52.0000000Z;7.173;7.192;14120;14120
2026-06-08T13:03:11.0000000Z;7.173;7.189;14120;14120
2026-06-08T13:03:41.0000000Z;7.173;7.189;14120;14120
2026-06-08T13:04:12.0000000Z;7.173;7.189;14120;14120
2026-06-08T13:04:42.0000000Z;7.173;7.189;14120;14120
2026-06-08T13:05:13.0000000Z;7.173;7.189;14120;14120
2026-06-08T13:05:44.0000000Z;7.173;7.189;14120;14120
2026-06-08T13:06:14.0000000Z;7.173;7.189;14120;14120
2026-06-08T13:06:45.0000000Z;7.173;7.189;14120;14120
2026-06-08T13:07:15.0000000Z;7.173;7.189;14120;14120
2026-06-08T13:07:46.0000000Z;7.173;7.189;14120;14120
2026-06-08T13:08:16.0000000Z;7.173;7.189;14120;14120
2026-06-08T13:08:47.0000000Z;7.173;7.189;14120;14120
2026-06-08T13:09:17.0000000Z;7.173;7.189;14120;14120
2026-06-08T13:09:48.0000000Z;7.173;7.189;14120;14120
2026-06-08T13:10:18.0000000Z;7.173;7.189;14120;14120
2026-06-08T13:10:49.0000000Z;7.173;7.189;14120;14120
2026-06-08T13:11:19.0000000Z;7.173;7.189;14120;14120
2026-06-08T13:11:50.0000000Z;7.173;7.189;14120;14120
2026-06-08T13:12:20.0000000Z;7.173;7.189;14120;14120
2026-06-08T13:12:51.0000000Z;7.173;7.189;14120;14120
2026-06-08T13:13:22.0000000Z;7.173;7.189;14120;14120
2026-06-08T13:13:52.0000000Z;7.173;7.189;14120;14120
2026-06-08T13:14:23.0000000Z;7.173;7.189;14120;14120
2026-06-08T13:14:53.0000000Z;7.173;7.189;14120;14120
2026-06-08T13:15:24.0000000Z;7.173;7.189;14120;14120
2026-06-08T13:15:54.0000000Z;7.173;7.189;14120;14120
2026-06-08T13:16:25.0000000Z;7.173;7.189;14120;14120
2026-06-08T13:16:55.0000000Z;7.173;7.189;14120;14120
2026-06-08T13:17:26.0000000Z;7.173;7.189;14120;14120
2026-06-08T13:17:57.0000000Z;7.173;7.189;14120;14120
2026-06-08T13:18:27.0000000Z;7.173;7.189;14120;14120
2026-06-08T13:18:58.0000000Z;7.173;7.189;14120;14120
2026-06-08T13:19:28.0000000Z;7.173;7.189;14120;14120
2026-06-08T13:19:59.0000000Z;7.173;7.189;14120;14120
2026-06-08T13:20:29.0000000Z;7.173;7.189;14120;14120
2026-06-08T13:21:00.0000000Z;7.173;7.189;14120;14120
2026-06-08T13:21:24.0000000Z;7.173;7.19;14120;14120
2026-06-08T13:21:38.0000000Z;7.173;7.189;14120;14120
2026-06-08T13:22:08.0000000Z;7.173;7.189;14120;14120
2026-06-08T13:22:38.0000000Z;7.173;7.189;14120;14120
2026-06-08T13:22:57.0000000Z;7.173;7.19;14120;14120
2026-06-08T13:23:11.0000000Z;7.167;7.19;14120;14120
2026-06-08T13:23:41.0000000Z;7.167;7.19;14120;14120
2026-06-08T13:23:50.0000000Z;7.167;7.187;14120;14120
2026-06-08T13:24:20.0000000Z;7.167;7.187;14120;14120
2026-06-08T13:24:51.0000000Z;7.167;7.187;14120;14120
2026-06-08T13:25:21.0000000Z;7.167;7.187;14120;14120
2026-06-08T13:25:52.0000000Z;7.167;7.187;14120;14120
2026-06-08T13:26:04.0000000Z;7.161;7.187;14120;14120
2026-06-08T13:26:33.0000000Z;7.161;7.187;14120;14120
2026-06-08T13:27:04.0000000Z;7.161;7.187;14120;14120
2026-06-08T13:27:34.0000000Z;7.161;7.187;14120;14120
2026-06-08T13:28:03.0000000Z;7.157;7.187;14120;14120
2026-06-08T13:28:33.0000000Z;7.157;7.187;14120;14120
2026-06-08T13:28:56.0000000Z;7.14;7.249;14120;14120
2026-06-08T13:28:58.0000000Z;7.142;7.249;14120;14120
2026-06-08T13:29:11.0000000Z;7.124;7.249;14120;14120
2026-06-08T13:29:30.0000000Z;7.141;7.249;14120;14120
2026-06-08T13:29:33.0000000Z;7.151;7.249;14120;14120
2026-06-08T13:30:00.0000000Z;7.156;7.249;14120;14120
2026-06-08T13:30:01.0000000Z;7.156;7.249;14120;14120
2026-06-08T13:30:03.0000000Z;7.089;7.314;14120;14120
2026-06-08T13:30:04.0000000Z;7.129;7.313;14120;14120
2026-06-08T13:30:08.0000000Z;7.129;7.292;14120;14120
2026-06-08T13:30:11.0000000Z;7.145;7.283;14120;14120
2026-06-08T13:30:14.0000000Z;7.146;7.277;14120;14120
2026-06-08T13:30:17.0000000Z;7.146;7.27;14120;14120
2026-06-08T13:30:23.0000000Z;7.146;7.288;14120;14120
2026-06-08T13:30:24.0000000Z;7.146;7.272;14120;14120
2026-06-08T13:30:25.0000000Z;7.118;7.272;14120;14120
2026-06-08T13:30:26.0000000Z;7.118;7.27;14120;14120
2026-06-08T13:30:32.0000000Z;7.132;7.27;14120;14120
2026-06-08T13:30:37.0000000Z;7.118;7.27;14120;14120
2026-06-08T13:30:45.0000000Z;7.127;7.261;14120;14120
2026-06-08T13:30:55.0000000Z;7.124;7.267;14120;14120
2026-06-08T13:30:58.0000000Z;7.123;7.266;14120;14120
2026-06-08T13:31:01.0000000Z;7.119;7.263;14120;14120
2026-06-08T13:31:03.0000000Z;7.082;7.3;14120;14120
2026-06-08T13:31:04.0000000Z;7.086;7.298;14120;14120
2026-06-08T13:31:06.0000000Z;7.104;7.29;14120;14120
2026-06-08T13:31:08.0000000Z;7.107;7.288;14120;14120
2026-06-08T13:31:10.0000000Z;7.109;7.288;14120;14120
2026-06-08T13:31:13.0000000Z;7.111;7.288;14120;14120
2026-06-08T13:31:18.0000000Z;7.111;7.286;14120;14120
2026-06-08T13:31:23.0000000Z;7.111;7.289;14120;14120
2026-06-08T13:31:25.0000000Z;7.111;7.288;14120;14120
2026-06-08T13:31:31.0000000Z;7.144;7.288;14120;14120
2026-06-08T13:31:34.0000000Z;7.146;7.288;14120;14120
2026-06-08T13:31:58.0000000Z;7.125;7.288;14120;14120
2026-06-08T13:31:59.0000000Z;7.145;7.288;14120;14120
2026-06-08T13:32:24.0000000Z;7.149;7.288;14120;14120
2026-06-08T13:32:27.0000000Z;7.149;7.279;14120;14120
2026-06-08T13:32:29.0000000Z;7.149;7.277;14120;14120
2026-06-08T13:32:31.0000000Z;7.151;7.248;14120;14120
2026-06-08T13:32:33.0000000Z;7.151;7.175;14120;14120
2026-06-08T13:32:38.0000000Z;7.147;7.175;14120;14120
2026-06-08T13:32:39.0000000Z;7.148;7.175;14120;14120
2026-06-08T13:32:57.0000000Z;7.148;7.173;14120;14120
2026-06-08T13:33:28.0000000Z;7.148;7.173;14120;14120
2026-06-08T13:33:34.0000000Z;7.148;7.17;14120;14120
2026-06-08T13:33:43.0000000Z;7.148;7.167;14120;14120
2026-06-08T13:33:52.0000000Z;7.142;7.167;14120;14120
2026-06-08T13:34:06.0000000Z;7.142;7.164;14120;14120
2026-06-08T13:34:18.0000000Z;7.142;7.163;14120;14120
2026-06-08T13:34:37.0000000Z;7.142;7.16;14120;14120
2026-06-08T13:34:51.0000000Z;7.142;7.157;14120;14120
2026-06-08T13:34:53.0000000Z;7.139;7.157;14120;14120
2026-06-08T13:35:23.0000000Z;7.139;7.157;14120;14120
2026-06-08T13:35:29.0000000Z;7.139;7.158;14120;14120
2026-06-08T13:35:55.0000000Z;7.139;7.161;14120;14120
2026-06-08T13:36:01.0000000Z;7.142;7.161;14120;14120
2026-06-08T13:36:19.0000000Z;7.141;7.161;14120;14120
2026-06-08T13:36:21.0000000Z;7.142;7.161;14120;14120
2026-06-08T13:36:51.0000000Z;7.142;7.161;14120;14120
2026-06-08T13:37:22.0000000Z;7.142;7.161;14120;14120
2026-06-08T13:37:52.0000000Z;7.142;7.161;14120;14120
2026-06-08T13:38:23.0000000Z;7.142;7.161;14120;14120
2026-06-08T13:38:29.0000000Z;7.142;7.16;14120;14120
2026-06-08T13:38:59.0000000Z;7.142;7.16;14120;14120
2026-06-08T13:39:24.0000000Z;7.142;7.161;14120;14120
2026-06-08T13:39:54.0000000Z;7.142;7.161;14120;14120
2026-06-08T13:40:25.0000000Z;7.142;7.161;14120;14120
2026-06-08T13:40:55.0000000Z;7.142;7.161;14120;14120
2026-06-08T13:41:06.0000000Z;7.142;7.158;14120;14120
2026-06-08T13:41:17.0000000Z;7.139;7.158;14120;14120
2026-06-08T13:41:37.0000000Z;7.139;7.161;14120;14120
2026-06-08T13:41:45.0000000Z;7.142;7.161;14120;14120
2026-06-08T13:42:15.0000000Z;7.142;7.161;14120;14120
2026-06-08T13:42:46.0000000Z;7.142;7.161;14120;14120
2026-06-08T13:43:13.0000000Z;7.142;7.164;14120;14120
2026-06-08T13:43:18.0000000Z;7.145;7.164;14120;14120
2026-06-08T13:43:48.0000000Z;7.145;7.164;14120;14120
2026-06-08T13:44:18.0000000Z;7.145;7.164;14120;14120
2026-06-08T13:44:19.0000000Z;7.142;7.164;14120;14120
2026-06-08T13:44:36.0000000Z;7.145;7.164;14120;14120
2026-06-08T13:45:04.0000000Z;7.145;7.166;14120;14120
2026-06-08T13:45:07.0000000Z;7.145;7.167;14120;14120
2026-06-08T13:45:11.0000000Z;7.148;7.167;14120;14120
2026-06-08T13:45:41.0000000Z;7.148;7.167;14120;14120
2026-06-08T13:45:52.0000000Z;7.151;7.166;14120;14120
2026-06-08T13:46:05.0000000Z;7.151;7.169;14120;14120
2026-06-08T13:46:09.0000000Z;7.152;7.169;14120;14120
2026-06-08T13:46:20.0000000Z;7.151;7.169;14120;14120
2026-06-08T13:46:50.0000000Z;7.151;7.169;14120;14120
2026-06-08T13:47:07.0000000Z;7.152;7.169;14120;14120
2026-06-08T13:47:37.0000000Z;7.152;7.169;14120;14120
2026-06-08T13:47:40.0000000Z;7.152;7.166;14120;14120
2026-06-08T13:48:11.0000000Z;7.152;7.166;14120;14120
2026-06-08T13:48:13.0000000Z;7.15;7.166;14120;14120
2026-06-08T13:48:43.0000000Z;7.15;7.166;14120;14120
2026-06-08T13:48:46.0000000Z;7.149;7.166;14120;14120
2026-06-08T13:49:11.0000000Z;7.149;7.163;14120;14120
2026-06-08T13:49:42.0000000Z;7.149;7.163;14120;14120
2026-06-08T13:50:13.0000000Z;7.149;7.163;14120;14120
2026-06-08T13:50:35.0000000Z;7.147;7.163;14120;14120
2026-06-08T13:50:53.0000000Z;7.146;7.163;14120;14120
2026-06-08T13:51:24.0000000Z;7.146;7.163;14120;14120
2026-06-08T13:51:40.0000000Z;7.146;7.166;14120;14120
2026-06-08T13:52:10.0000000Z;7.146;7.167;14120;14120
2026-06-08T13:52:29.0000000Z;7.148;7.167;14120;14120
2026-06-08T13:52:33.0000000Z;7.15;7.166;14120;14120
2026-06-08T13:52:35.0000000Z;7.152;7.166;14120;14120
2026-06-08T13:53:05.0000000Z;7.152;7.166;14120;14120
2026-06-08T13:53:06.0000000Z;7.152;7.169;14120;14120
2026-06-08T13:53:37.0000000Z;7.152;7.169;14120;14120
2026-06-08T13:54:07.0000000Z;7.152;7.169;14120;14120
2026-06-08T13:54:31.0000000Z;7.152;7.172;14120;14120
2026-06-08T13:54:45.0000000Z;7.152;7.169;14120;14120
2026-06-08T13:55:16.0000000Z;7.152;7.169;14120;14120
2026-06-08T13:55:46.0000000Z;7.152;7.169;14120;14120
2026-06-08T13:56:15.0000000Z;7.152;7.166;14120;14120
2026-06-08T13:56:19.0000000Z;7.15;7.166;14120;14120
2026-06-08T13:56:50.0000000Z;7.15;7.166;14120;14120
2026-06-08T13:56:51.0000000Z;7.15;7.169;14120;14120
2026-06-08T13:57:18.0000000Z;7.15;7.166;14120;14120
2026-06-08T13:57:35.0000000Z;7.15;7.163;14120;14120
2026-06-08T13:57:42.0000000Z;7.146;7.163;14120;14120
2026-06-08T13:58:04.0000000Z;7.142;7.164;14120;14120
2026-06-08T13:58:26.0000000Z;7.142;7.161;14120;14120
2026-06-08T13:58:56.0000000Z;7.142;7.161;14120;14120
2026-06-08T13:59:08.0000000Z;7.142;7.164;14120;14120
2026-06-08T13:59:39.0000000Z;7.142;7.164;14120;14120
2026-06-08T13:59:43.0000000Z;7.142;7.183;14120;14120
2026-06-08T14:00:13.0000000Z;7.142;7.183;14120;14120
2026-06-08T14:00:44.0000000Z;7.142;7.183;14120;14120
2026-06-08T14:01:04.0000000Z;7.151;7.183;14120;14120
2026-06-08T14:01:17.0000000Z;7.15;7.183;14120;14120
2026-06-08T14:01:48.0000000Z;7.15;7.183;14120;14120
2026-06-08T14:02:18.0000000Z;7.15;7.183;14120;14120
2026-06-08T14:02:28.0000000Z;7.151;7.168;14120;14120
2026-06-08T14:02:31.0000000Z;7.154;7.168;14120;14120
2026-06-08T14:02:40.0000000Z;7.153;7.168;14120;14120
2026-06-08T14:02:54.0000000Z;7.151;7.165;14120;14120
2026-06-08T14:03:18.0000000Z;7.15;7.165;14120;14120
2026-06-08T14:03:49.0000000Z;7.15;7.165;14120;14120
2026-06-08T14:04:10.0000000Z;7.148;7.165;14120;14120
2026-06-08T14:04:12.0000000Z;7.148;7.166;14120;14120
2026-06-08T14:04:14.0000000Z;7.148;7.163;14120;14120
2026-06-08T14:04:16.0000000Z;7.143;7.163;14120;14120
2026-06-08T14:04:20.0000000Z;7.145;7.162;14120;14120
2026-06-08T14:04:22.0000000Z;7.149;7.162;14120;14120
2026-06-08T14:04:53.0000000Z;7.149;7.162;14120;14120
2026-06-08T14:05:02.0000000Z;7.147;7.162;14120;14120
2026-06-08T14:05:33.0000000Z;7.147;7.162;14120;14120
2026-06-08T14:06:03.0000000Z;7.147;7.162;14120;14120
2026-06-08T14:06:31.0000000Z;7.147;7.165;14120;14120
2026-06-08T14:07:01.0000000Z;7.147;7.165;14120;14120
2026-06-08T14:07:31.0000000Z;7.147;7.165;14120;14120
2026-06-08T14:08:02.0000000Z;7.147;7.165;14120;14120
2026-06-08T14:08:32.0000000Z;7.147;7.165;14120;14120
2026-06-08T14:09:03.0000000Z;7.147;7.165;14120;14120
2026-06-08T14:09:33.0000000Z;7.147;7.165;14120;14120
2026-06-08T14:09:45.0000000Z;7.151;7.165;14120;14120
2026-06-08T14:09:46.0000000Z;7.151;7.168;14120;14120
2026-06-08T14:10:14.0000000Z;7.152;7.168;14120;14120
2026-06-08T14:10:23.0000000Z;7.152;7.165;14120;14120
2026-06-08T14:10:24.0000000Z;7.151;7.165;14120;14120
2026-06-08T14:10:40.0000000Z;7.149;7.165;14120;14120
2026-06-08T14:11:11.0000000Z;7.149;7.165;14120;14120
2026-06-08T14:11:42.0000000Z;7.149;7.165;14120;14120
2026-06-08T14:12:12.0000000Z;7.149;7.165;14120;14120
2026-06-08T14:12:43.0000000Z;7.149;7.165;14120;14120
2026-06-08T14:13:09.0000000Z;7.149;7.162;14120;14120
2026-06-08T14:13:19.0000000Z;7.148;7.162;14120;14120
2026-06-08T14:13:33.0000000Z;7.147;7.162;14120;14120
2026-06-08T14:14:04.0000000Z;7.147;7.162;14120;14120
2026-06-08T14:14:34.0000000Z;7.147;7.162;14120;14120
2026-06-08T14:15:05.0000000Z;7.147;7.162;14120;14120
2026-06-08T14:15:20.0000000Z;7.146;7.162;14120;14120
2026-06-08T14:15:45.0000000Z;7.146;7.159;14120;14120
2026-06-08T14:15:52.0000000Z;7.144;7.159;14120;14120
2026-06-08T14:16:22.0000000Z;7.144;7.159;14120;14120
2026-06-08T14:16:53.0000000Z;7.144;7.159;14120;14120
2026-06-08T14:17:20.0000000Z;7.144;7.162;14120;14120
2026-06-08T14:17:51.0000000Z;7.144;7.162;14120;14120
2026-06-08T14:18:05.0000000Z;7.151;7.162;14120;14120
2026-06-08T14:18:07.0000000Z;7.151;7.165;14120;14120
2026-06-08T14:18:13.0000000Z;7.15;7.165;14120;14120
2026-06-08T14:18:31.0000000Z;7.148;7.165;14120;14120
2026-06-08T14:19:01.0000000Z;7.148;7.165;14120;14120
2026-06-08T14:19:11.0000000Z;7.148;7.162;14120;14120
2026-06-08T14:19:15.0000000Z;7.142;7.162;14120;14120
2026-06-08T14:19:45.0000000Z;7.142;7.162;14120;14120
2026-06-08T14:19:50.0000000Z;7.149;7.162;14120;14120
2026-06-08T14:19:55.0000000Z;7.147;7.162;14120;14120
2026-06-08T14:20:13.0000000Z;7.147;7.165;14120;14120
2026-06-08T14:20:44.0000000Z;7.147;7.165;14120;14120
2026-06-08T14:21:15.0000000Z;7.147;7.162;14120;14120
2026-06-08T14:21:38.0000000Z;7.147;7.165;14120;14120
2026-06-08T14:22:09.0000000Z;7.147;7.165;14120;14120
2026-06-08T14:22:27.0000000Z;7.147;7.162;14120;14120
2026-06-08T14:22:57.0000000Z;7.147;7.162;14120;14120
2026-06-08T14:23:28.0000000Z;7.147;7.162;14120;14120
2026-06-08T14:23:31.0000000Z;7.147;7.165;14120;14120
2026-06-08T14:24:02.0000000Z;7.147;7.165;14120;14120
2026-06-08T14:24:32.0000000Z;7.147;7.165;14120;14120
2026-06-08T14:25:03.0000000Z;7.147;7.165;14120;14120
2026-06-08T14:25:33.0000000Z;7.147;7.165;14120;14120
2026-06-08T14:26:04.0000000Z;7.147;7.165;14120;14120
2026-06-08T14:26:12.0000000Z;7.152;7.165;14120;14120
2026-06-08T14:26:14.0000000Z;7.152;7.168;14120;14120
2026-06-08T14:26:43.0000000Z;7.15;7.165;14120;14120
2026-06-08T14:27:14.0000000Z;7.15;7.165;14120;14120
2026-06-08T14:27:44.0000000Z;7.15;7.165;14120;14120
2026-06-08T14:28:15.0000000Z;7.15;7.165;14120;14120
2026-06-08T14:28:20.0000000Z;7.149;7.165;14120;14120
2026-06-08T14:28:50.0000000Z;7.149;7.165;14120;14120
2026-06-08T14:29:21.0000000Z;7.149;7.165;14120;14120
2026-06-08T14:29:51.0000000Z;7.149;7.165;14120;14120
2026-06-08T14:30:22.0000000Z;7.149;7.165;14120;14120
2026-06-08T14:30:52.0000000Z;7.149;7.165;14120;14120
2026-06-08T14:30:56.0000000Z;7.147;7.165;14120;14120
2026-06-08T14:31:07.0000000Z;7.147;7.162;14120;14120
2026-06-08T14:31:37.0000000Z;7.147;7.162;14120;14120
2026-06-08T14:32:08.0000000Z;7.147;7.162;14120;14120
2026-06-08T14:32:38.0000000Z;7.147;7.162;14120;14120
2026-06-08T14:33:09.0000000Z;7.147;7.162;14120;14120
2026-06-08T14:33:39.0000000Z;7.147;7.162;14120;14120
2026-06-08T14:34:10.0000000Z;7.147;7.162;14120;14120
2026-06-08T14:34:40.0000000Z;7.147;7.162;14120;14120
2026-06-08T14:35:11.0000000Z;7.147;7.162;14120;14120
2026-06-08T14:35:41.0000000Z;7.147;7.162;14120;14120
2026-06-08T14:35:50.0000000Z;7.147;7.165;14120;14120
2026-06-08T14:36:21.0000000Z;7.147;7.165;14120;14120
2026-06-08T14:36:43.0000000Z;7.152;7.165;14120;14120
2026-06-08T14:36:44.0000000Z;7.152;7.168;14120;14120
2026-06-08T14:37:15.0000000Z;7.152;7.168;14120;14120
2026-06-08T14:37:42.0000000Z;7.152;7.165;14120;14120
2026-06-08T14:37:43.0000000Z;7.151;7.165;14120;14120
2026-06-08T14:37:45.0000000Z;7.149;7.165;14120;14120
2026-06-08T14:37:57.0000000Z;7.149;7.166;14120;14120
2026-06-08T14:38:19.0000000Z;7.146;7.166;14120;14120
2026-06-08T14:38:49.0000000Z;7.146;7.166;14120;14120
2026-06-08T14:39:20.0000000Z;7.146;7.166;14120;14120
2026-06-08T14:39:48.0000000Z;7.148;7.166;14120;14120
2026-06-08T14:39:49.0000000Z;7.148;7.169;14120;14120
2026-06-08T14:39:52.0000000Z;7.148;7.166;14120;14120
2026-06-08T14:39:53.0000000Z;7.146;7.166;14120;14120
2026-06-08T14:40:24.0000000Z;7.146;7.166;14120;14120
2026-06-08T14:40:54.0000000Z;7.146;7.166;14120;14120
2026-06-08T14:41:25.0000000Z;7.146;7.166;14120;14120
2026-06-08T14:41:55.0000000Z;7.146;7.166;14120;14120
2026-06-08T14:42:18.0000000Z;7.146;7.163;14120;14120
2026-06-08T14:42:21.0000000Z;7.143;7.163;14120;14120
2026-06-08T14:42:52.0000000Z;7.143;7.163;14120;14120
2026-06-08T14:43:19.0000000Z;7.143;7.16;14120;14120
2026-06-08T14:43:50.0000000Z;7.143;7.16;14120;14120
2026-06-08T14:44:20.0000000Z;7.14;7.16;14120;14120
2026-06-08T14:44:34.0000000Z;7.143;7.16;14120;14120
2026-06-08T14:44:35.0000000Z;7.143;7.163;14120;14120
2026-06-08T14:45:05.0000000Z;7.143;7.163;14120;14120
2026-06-08T14:45:13.0000000Z;7.146;7.163;14120;14120
2026-06-08T14:45:15.0000000Z;7.146;7.166;14120;14120
2026-06-08T14:45:45.0000000Z;7.146;7.166;14120;14120
2026-06-08T14:45:54.0000000Z;7.149;7.166;14120;14120
2026-06-08T14:45:57.0000000Z;7.149;7.169;14120;14120
2026-06-08T14:46:28.0000000Z;7.149;7.169;14120;14120
2026-06-08T14:46:58.0000000Z;7.149;7.169;14120;14120
2026-06-08T14:47:16.0000000Z;7.152;7.169;14120;14120
2026-06-08T14:47:17.0000000Z;7.152;7.172;14120;14120
2026-06-08T14:47:48.0000000Z;7.152;7.172;14120;14120
2026-06-08T14:48:18.0000000Z;7.152;7.172;14120;14120
2026-06-08T14:48:49.0000000Z;7.152;7.172;14120;14120
2026-06-08T14:49:19.0000000Z;7.152;7.172;14120;14120
2026-06-08T14:49:50.0000000Z;7.152;7.172;14120;14120
2026-06-08T14:50:21.0000000Z;7.152;7.172;14120;14120
2026-06-08T14:50:22.0000000Z;7.149;7.172;14120;14120
2026-06-08T14:50:28.0000000Z;7.149;7.169;14120;14120
2026-06-08T14:50:59.0000000Z;7.149;7.169;14120;14120
2026-06-08T14:51:30.0000000Z;7.149;7.169;14120;14120
2026-06-08T14:52:00.0000000Z;7.149;7.169;14120;14120
2026-06-08T14:52:28.0000000Z;7.152;7.169;14120;14120
2026-06-08T14:52:29.0000000Z;7.152;7.172;14120;14120
2026-06-08T14:52:59.0000000Z;7.152;7.172;14120;14120
2026-06-08T14:53:30.0000000Z;7.152;7.172;14120;14120
2026-06-08T14:54:00.0000000Z;7.152;7.172;14120;14120
2026-06-08T14:54:31.0000000Z;7.152;7.172;14120;14120
2026-06-08T14:55:01.0000000Z;7.152;7.172;14120;14120
2026-06-08T14:55:32.0000000Z;7.152;7.172;14120;14120
2026-06-08T14:56:02.0000000Z;7.152;7.172;14120;14120
2026-06-08T14:56:33.0000000Z;7.152;7.172;14120;14120
2026-06-08T14:57:03.0000000Z;7.152;7.172;14120;14120
2026-06-08T14:57:34.0000000Z;7.152;7.172;14120;14120
2026-06-08T14:58:05.0000000Z;7.152;7.172;14120;14120
2026-06-08T14:58:35.0000000Z;7.152;7.172;14120;14120
2026-06-08T14:58:55.0000000Z;7.155;7.172;14120;14120
2026-06-08T14:58:56.0000000Z;7.155;7.175;14120;14120
2026-06-08T14:59:27.0000000Z;7.155;7.175;14120;14120
2026-06-08T14:59:57.0000000Z;7.155;7.175;14120;14120
