2026-06-08T08:00:01.0000000Z;18.487;18.501;272;272
2026-06-08T08:00:02.0000000Z;18.487;18.506;272;272
2026-06-08T08:00:32.0000000Z;18.487;18.506;272;272
2026-06-08T08:01:02.0000000Z;18.487;18.506;272;272
2026-06-08T08:01:33.0000000Z;18.487;18.506;272;272
2026-06-08T08:02:03.0000000Z;18.487;18.506;272;272
2026-06-08T08:02:34.0000000Z;18.487;18.506;272;272
2026-06-08T08:03:04.0000000Z;18.487;18.506;272;272
2026-06-08T08:03:23.0000000Z;18.4855;18.5045;272;272
2026-06-08T08:03:54.0000000Z;18.4855;18.5045;272;272
2026-06-08T08:04:15.0000000Z;18.482;18.501;272;272
2026-06-08T08:04:46.0000000Z;18.482;18.501;272;272
2026-06-08T08:05:16.0000000Z;18.482;18.501;272;272
2026-06-08T08:05:47.0000000Z;18.482;18.501;272;272
2026-06-08T08:06:17.0000000Z;18.482;18.501;272;272
2026-06-08T08:06:48.0000000Z;18.482;18.501;272;272
2026-06-08T08:07:18.0000000Z;18.482;18.501;272;272
2026-06-08T08:07:49.0000000Z;18.482;18.501;272;272
2026-06-08T08:08:19.0000000Z;18.482;18.501;272;272
2026-06-08T08:08:50.0000000Z;18.482;18.501;272;272
2026-06-08T08:09:20.0000000Z;18.482;18.501;272;272
2026-06-08T08:09:51.0000000Z;18.482;18.501;272;272
2026-06-08T08:09:58.0000000Z;18.482;18.496;272;272
2026-06-08T08:10:01.0000000Z;18.4775;18.496;272;272
2026-06-08T08:10:25.0000000Z;18.482;18.496;272;272
2026-06-08T08:10:27.0000000Z;18.482;18.501;272;272
2026-06-08T08:10:57.0000000Z;18.482;18.501;272;272
2026-06-08T08:11:27.0000000Z;18.482;18.501;272;272
2026-06-08T08:11:58.0000000Z;18.482;18.501;272;272
2026-06-08T08:12:28.0000000Z;18.482;18.501;272;272
2026-06-08T08:12:59.0000000Z;18.482;18.501;272;272
2026-06-08T08:13:30.0000000Z;18.482;18.501;272;272
2026-06-08T08:14:00.0000000Z;18.482;18.501;272;272
2026-06-08T08:14:31.0000000Z;18.482;18.501;272;272
2026-06-08T08:15:01.0000000Z;18.482;18.501;272;272
2026-06-08T08:15:32.0000000Z;18.482;18.501;272;272
2026-06-08T08:16:02.0000000Z;18.482;18.501;272;272
2026-06-08T08:16:33.0000000Z;18.482;18.501;272;272
2026-06-08T08:16:56.0000000Z;18.487;18.5055;272;272
2026-06-08T08:17:26.0000000Z;18.487;18.5055;272;272
2026-06-08T08:17:56.0000000Z;18.487;18.5055;272;272
2026-06-08T08:18:27.0000000Z;18.487;18.5055;272;272
2026-06-08T08:18:57.0000000Z;18.487;18.5055;272;272
2026-06-08T08:19:28.0000000Z;18.487;18.5055;272;272
2026-06-08T08:19:58.0000000Z;18.487;18.5055;272;272
2026-06-08T08:20:29.0000000Z;18.487;18.5055;272;272
2026-06-08T08:20:59.0000000Z;18.487;18.5055;272;272
2026-06-08T08:21:25.0000000Z;18.487;18.506;272;272
2026-06-08T08:21:54.0000000Z;18.487;18.506;272;272
2026-06-08T08:22:25.0000000Z;18.487;18.506;272;272
2026-06-08T08:22:55.0000000Z;18.487;18.506;272;272
2026-06-08T08:22:56.0000000Z;18.4195;18.576;272;272
2026-06-08T08:22:57.0000000Z;18.487;18.506;272;272
2026-06-08T08:23:28.0000000Z;18.487;18.506;272;272
2026-06-08T08:23:58.0000000Z;18.487;18.506;272;272
2026-06-08T08:24:29.0000000Z;18.487;18.506;272;272
2026-06-08T08:24:59.0000000Z;18.487;18.506;272;272
2026-06-08T08:25:30.0000000Z;18.487;18.506;272;272
2026-06-08T08:25:44.0000000Z;18.4885;18.5075;272;272
2026-06-08T08:26:14.0000000Z;18.4885;18.5075;272;272
2026-06-08T08:26:45.0000000Z;18.4885;18.5075;272;272
2026-06-08T08:27:16.0000000Z;18.4885;18.5075;272;272
2026-06-08T08:27:46.0000000Z;18.4885;18.5075;272;272
2026-06-08T08:28:17.0000000Z;18.4885;18.5075;272;272
2026-06-08T08:28:47.0000000Z;18.4885;18.5075;272;272
2026-06-08T08:29:12.0000000Z;18.4885;18.5025;272;272
2026-06-08T08:29:13.0000000Z;18.4835;18.5025;272;272
2026-06-08T08:29:44.0000000Z;18.4835;18.5025;272;272
2026-06-08T08:30:15.0000000Z;18.4835;18.5025;272;272
2026-06-08T08:30:45.0000000Z;18.4835;18.5025;272;272
2026-06-08T08:30:48.0000000Z;18.4835;18.4975;272;272
2026-06-08T08:30:49.0000000Z;18.4785;18.4975;272;272
2026-06-08T08:31:20.0000000Z;18.4785;18.4975;272;272
2026-06-08T08:31:22.0000000Z;18.4835;18.4975;272;272
2026-06-08T08:31:24.0000000Z;18.4835;18.5025;272;272
2026-06-08T08:31:46.0000000Z;18.483;18.502;272;272
2026-06-08T08:32:17.0000000Z;18.483;18.502;272;272
2026-06-08T08:32:47.0000000Z;18.483;18.502;272;272
2026-06-08T08:33:18.0000000Z;18.483;18.502;272;272
2026-06-08T08:33:48.0000000Z;18.483;18.502;272;272
2026-06-08T08:34:19.0000000Z;18.483;18.502;272;272
2026-06-08T08:34:50.0000000Z;18.483;18.502;272;272
2026-06-08T08:35:00.0000000Z;18.488;18.502;272;272
2026-06-08T08:35:03.0000000Z;18.488;18.507;272;272
2026-06-08T08:35:33.0000000Z;18.488;18.507;272;272
2026-06-08T08:36:04.0000000Z;18.488;18.507;272;272
2026-06-08T08:36:34.0000000Z;18.488;18.507;272;272
2026-06-08T08:37:05.0000000Z;18.488;18.507;272;272
2026-06-08T08:37:36.0000000Z;18.488;18.507;272;272
2026-06-08T08:38:06.0000000Z;18.488;18.507;272;272
2026-06-08T08:38:37.0000000Z;18.488;18.507;272;272
2026-06-08T08:39:07.0000000Z;18.488;18.507;272;272
2026-06-08T08:39:38.0000000Z;18.488;18.507;272;272
2026-06-08T08:40:08.0000000Z;18.488;18.507;272;272
2026-06-08T08:40:39.0000000Z;18.488;18.507;272;272
2026-06-08T08:40:50.0000000Z;18.4165;18.5525;272;272
2026-06-08T08:40:53.0000000Z;18.491;18.51;272;272
2026-06-08T08:41:23.0000000Z;18.491;18.51;272;272
2026-06-08T08:41:54.0000000Z;18.491;18.51;272;272
2026-06-08T08:42:24.0000000Z;18.491;18.51;272;272
2026-06-08T08:42:55.0000000Z;18.491;18.51;272;272
2026-06-08T08:43:25.0000000Z;18.491;18.51;272;272
2026-06-08T08:43:56.0000000Z;18.491;18.51;272;272
2026-06-08T08:44:26.0000000Z;18.491;18.51;272;272
2026-06-08T08:44:57.0000000Z;18.491;18.51;272;272
2026-06-08T08:45:28.0000000Z;18.491;18.51;272;272
2026-06-08T08:45:55.0000000Z;18.491;18.505;272;272
2026-06-08T08:45:57.0000000Z;18.486;18.505;272;272
2026-06-08T08:46:28.0000000Z;18.486;18.505;272;272
2026-06-08T08:46:55.0000000Z;18.491;18.51;272;272
2026-06-08T08:47:26.0000000Z;18.491;18.51;272;272
2026-06-08T08:47:56.0000000Z;18.491;18.51;272;272
2026-06-08T08:48:27.0000000Z;18.491;18.51;272;272
2026-06-08T08:48:57.0000000Z;18.491;18.51;272;272
2026-06-08T08:49:28.0000000Z;18.491;18.51;272;272
2026-06-08T08:49:58.0000000Z;18.491;18.51;272;272
2026-06-08T08:50:28.0000000Z;18.493;18.512;272;272
2026-06-08T08:50:30.0000000Z;18.4885;18.507;272;272
2026-06-08T08:50:31.0000000Z;18.493;18.507;272;272
2026-06-08T08:50:32.0000000Z;18.493;18.512;272;272
2026-06-08T08:51:01.0000000Z;18.493;18.512;272;272
2026-06-08T08:51:32.0000000Z;18.493;18.512;272;272
2026-06-08T08:52:02.0000000Z;18.493;18.512;272;272
2026-06-08T08:52:33.0000000Z;18.493;18.512;272;272
2026-06-08T08:53:01.0000000Z;18.5025;18.512;272;272
2026-06-08T08:53:32.0000000Z;18.5025;18.512;272;272
2026-06-08T08:54:02.0000000Z;18.5025;18.512;272;272
2026-06-08T08:54:33.0000000Z;18.5025;18.512;272;272
2026-06-08T08:55:04.0000000Z;18.5025;18.512;272;272
2026-06-08T08:55:34.0000000Z;18.5025;18.512;272;272
2026-06-08T08:55:36.0000000Z;18.5025;18.5165;272;272
2026-06-08T08:56:04.0000000Z;18.5025;18.5165;272;272
2026-06-08T08:56:26.0000000Z;18.5025;18.517;272;272
2026-06-08T08:56:57.0000000Z;18.5025;18.517;272;272
2026-06-08T08:57:27.0000000Z;18.5025;18.517;272;272
2026-06-08T08:57:58.0000000Z;18.5025;18.517;272;272
2026-06-08T08:58:28.0000000Z;18.5025;18.517;272;272
2026-06-08T08:58:59.0000000Z;18.5025;18.517;272;272
2026-06-08T08:59:29.0000000Z;18.5025;18.517;272;272
2026-06-08T09:00:00.0000000Z;18.5025;18.517;272;272
2026-06-08T09:00:30.0000000Z;18.5025;18.517;272;272
2026-06-08T09:01:01.0000000Z;18.5025;18.517;272;272
2026-06-08T09:01:31.0000000Z;18.5025;18.517;272;272
2026-06-08T09:02:02.0000000Z;18.5025;18.517;272;272
2026-06-08T09:02:32.0000000Z;18.5025;18.517;272;272
2026-06-08T09:03:03.0000000Z;18.5025;18.517;272;272
2026-06-08T09:03:33.0000000Z;18.5025;18.517;272;272
2026-06-08T09:04:04.0000000Z;18.5025;18.517;272;272
2026-06-08T09:04:35.0000000Z;18.5025;18.517;272;272
2026-06-08T09:04:47.0000000Z;18.5025;18.523;272;272
2026-06-08T09:05:06.0000000Z;18.5025;18.5165;272;272
2026-06-08T09:05:37.0000000Z;18.5025;18.5165;272;272
2026-06-08T09:06:07.0000000Z;18.5025;18.5165;272;272
2026-06-08T09:06:38.0000000Z;18.5025;18.5165;272;272
2026-06-08T09:07:08.0000000Z;18.5025;18.5165;272;272
2026-06-08T09:07:39.0000000Z;18.5025;18.5165;272;272
2026-06-08T09:08:09.0000000Z;18.5025;18.5165;272;272
2026-06-08T09:08:40.0000000Z;18.5025;18.5165;272;272
2026-06-08T09:09:11.0000000Z;18.5025;18.5165;272;272
2026-06-08T09:09:12.0000000Z;18.5025;18.521;272;272
2026-06-08T09:09:43.0000000Z;18.5025;18.521;272;272
2026-06-08T09:10:14.0000000Z;18.5025;18.521;272;272
2026-06-08T09:10:44.0000000Z;18.5025;18.521;272;272
2026-06-08T09:11:15.0000000Z;18.5025;18.521;272;272
2026-06-08T09:11:45.0000000Z;18.5025;18.521;272;272
2026-06-08T09:12:16.0000000Z;18.5025;18.521;272;272
2026-06-08T09:12:47.0000000Z;18.5025;18.521;272;272
2026-06-08T09:13:17.0000000Z;18.5025;18.521;272;272
2026-06-08T09:13:48.0000000Z;18.5025;18.521;272;272
2026-06-08T09:14:18.0000000Z;18.5025;18.521;272;272
2026-06-08T09:14:40.0000000Z;18.5025;18.5215;272;272
2026-06-08T09:15:11.0000000Z;18.5025;18.5215;272;272
2026-06-08T09:15:42.0000000Z;18.5025;18.5215;272;272
2026-06-08T09:16:12.0000000Z;18.5025;18.5215;272;272
2026-06-08T09:16:43.0000000Z;18.5025;18.5215;272;272
2026-06-08T09:17:13.0000000Z;18.5025;18.5215;272;272
2026-06-08T09:17:44.0000000Z;18.5025;18.5215;272;272
2026-06-08T09:18:14.0000000Z;18.5025;18.5215;272;272
2026-06-08T09:18:45.0000000Z;18.5025;18.5215;272;272
2026-06-08T09:19:16.0000000Z;18.5025;18.5215;272;272
2026-06-08T09:19:46.0000000Z;18.5025;18.5215;272;272
2026-06-08T09:20:17.0000000Z;18.5025;18.5215;272;272
2026-06-08T09:20:47.0000000Z;18.5025;18.5215;272;272
2026-06-08T09:21:18.0000000Z;18.5025;18.5215;272;272
2026-06-08T09:21:48.0000000Z;18.5025;18.5215;272;272
2026-06-08T09:22:19.0000000Z;18.5025;18.5215;272;272
2026-06-08T09:22:49.0000000Z;18.5025;18.5215;272;272
2026-06-08T09:23:20.0000000Z;18.5025;18.5215;272;272
2026-06-08T09:23:51.0000000Z;18.5025;18.5215;272;272
2026-06-08T09:24:21.0000000Z;18.5025;18.5215;272;272
2026-06-08T09:24:28.0000000Z;18.4405;18.5755;272;272
2026-06-08T09:24:29.0000000Z;18.4405;18.5735;272;272
2026-06-08T09:24:30.0000000Z;18.503;18.522;272;272
2026-06-08T09:25:01.0000000Z;18.503;18.522;272;272
2026-06-08T09:25:31.0000000Z;18.503;18.522;272;272
2026-06-08T09:26:02.0000000Z;18.503;18.522;272;272
2026-06-08T09:26:33.0000000Z;18.503;18.522;272;272
2026-06-08T09:27:03.0000000Z;18.503;18.522;272;272
2026-06-08T09:27:34.0000000Z;18.503;18.522;272;272
2026-06-08T09:28:03.0000000Z;18.508;18.522;272;272
2026-06-08T09:28:05.0000000Z;18.508;18.5265;272;272
2026-06-08T09:28:36.0000000Z;18.508;18.5265;272;272
2026-06-08T09:28:49.0000000Z;18.508;18.527;272;272
2026-06-08T09:29:20.0000000Z;18.508;18.527;272;272
2026-06-08T09:29:50.0000000Z;18.508;18.527;272;272
2026-06-08T09:30:21.0000000Z;18.508;18.527;272;272
2026-06-08T09:30:51.0000000Z;18.508;18.527;272;272
2026-06-08T09:31:22.0000000Z;18.508;18.527;272;272
2026-06-08T09:31:53.0000000Z;18.508;18.527;272;272
2026-06-08T09:32:23.0000000Z;18.508;18.527;272;272
2026-06-08T09:32:54.0000000Z;18.508;18.527;272;272
2026-06-08T09:33:24.0000000Z;18.508;18.527;272;272
2026-06-08T09:33:55.0000000Z;18.508;18.527;272;272
2026-06-08T09:34:25.0000000Z;18.508;18.527;272;272
2026-06-08T09:34:56.0000000Z;18.508;18.527;272;272
2026-06-08T09:35:27.0000000Z;18.508;18.527;272;272
2026-06-08T09:35:57.0000000Z;18.508;18.527;272;272
2026-06-08T09:36:28.0000000Z;18.508;18.527;272;272
2026-06-08T09:36:42.0000000Z;18.508;18.5225;272;272
2026-06-08T09:36:43.0000000Z;18.5035;18.5225;272;272
2026-06-08T09:36:50.0000000Z;18.504;18.5225;272;272
2026-06-08T09:36:51.0000000Z;18.504;18.523;272;272
2026-06-08T09:37:11.0000000Z;18.504;18.571;272;272
2026-06-08T09:37:13.0000000Z;18.4945;18.5315;272;272
2026-06-08T09:37:44.0000000Z;18.4945;18.5315;272;272
2026-06-08T09:38:14.0000000Z;18.4945;18.5315;272;272
2026-06-08T09:38:45.0000000Z;18.4945;18.5315;272;272
2026-06-08T09:39:15.0000000Z;18.4945;18.5315;272;272
2026-06-08T09:39:46.0000000Z;18.4945;18.5315;272;272
2026-06-08T09:40:16.0000000Z;18.4945;18.5315;272;272
2026-06-08T09:40:47.0000000Z;18.4945;18.5315;272;272
2026-06-08T09:41:17.0000000Z;18.4945;18.5315;272;272
2026-06-08T09:41:48.0000000Z;18.4945;18.5315;272;272
2026-06-08T09:42:18.0000000Z;18.4945;18.5315;272;272
2026-06-08T09:42:49.0000000Z;18.4945;18.5315;272;272
2026-06-08T09:43:19.0000000Z;18.4945;18.5315;272;272
2026-06-08T09:43:50.0000000Z;18.4945;18.5315;272;272
2026-06-08T09:44:20.0000000Z;18.4945;18.5315;272;272
2026-06-08T09:44:43.0000000Z;18.5035;18.5225;272;272
2026-06-08T09:45:13.0000000Z;18.5035;18.5225;272;272
2026-06-08T09:45:44.0000000Z;18.5035;18.5225;272;272
2026-06-08T09:46:15.0000000Z;18.5035;18.5225;272;272
2026-06-08T09:46:45.0000000Z;18.5035;18.5225;272;272
2026-06-08T09:47:16.0000000Z;18.5035;18.5225;272;272
2026-06-08T09:47:46.0000000Z;18.5035;18.5225;272;272
2026-06-08T09:48:17.0000000Z;18.5035;18.5225;272;272
2026-06-08T09:48:47.0000000Z;18.5035;18.5225;272;272
2026-06-08T09:49:18.0000000Z;18.5035;18.5225;272;272
2026-06-08T09:49:48.0000000Z;18.5035;18.5225;272;272
2026-06-08T09:50:19.0000000Z;18.5035;18.5225;272;272
2026-06-08T09:50:24.0000000Z;18.5035;18.518;272;272
2026-06-08T09:50:26.0000000Z;18.499;18.518;272;272
2026-06-08T09:50:57.0000000Z;18.499;18.518;272;272
2026-06-08T09:51:27.0000000Z;18.499;18.518;272;272
2026-06-08T09:51:50.0000000Z;18.4985;18.518;272;272
2026-06-08T09:52:21.0000000Z;18.4985;18.518;272;272
2026-06-08T09:52:52.0000000Z;18.4985;18.518;272;272
2026-06-08T09:53:22.0000000Z;18.4985;18.518;272;272
2026-06-08T09:53:53.0000000Z;18.4985;18.518;272;272
2026-06-08T09:54:23.0000000Z;18.4985;18.518;272;272
2026-06-08T09:54:54.0000000Z;18.4985;18.518;272;272
2026-06-08T09:55:25.0000000Z;18.4985;18.518;272;272
2026-06-08T09:55:34.0000000Z;18.4985;18.5125;272;272
2026-06-08T09:55:35.0000000Z;18.4935;18.5125;272;272
2026-06-08T09:56:06.0000000Z;18.4935;18.5125;272;272
2026-06-08T09:56:37.0000000Z;18.4935;18.5125;272;272
2026-06-08T09:57:07.0000000Z;18.4935;18.5125;272;272
2026-06-08T09:57:38.0000000Z;18.4935;18.5125;272;272
2026-06-08T09:58:09.0000000Z;18.4935;18.5125;272;272
2026-06-08T09:58:39.0000000Z;18.4935;18.5125;272;272
2026-06-08T09:59:10.0000000Z;18.4935;18.5125;272;272
2026-06-08T09:59:40.0000000Z;18.4935;18.5125;272;272
2026-06-08T10:00:11.0000000Z;18.4935;18.5125;272;272
2026-06-08T10:00:41.0000000Z;18.4935;18.5125;272;272
2026-06-08T10:01:12.0000000Z;18.4935;18.5125;272;272
2026-06-08T10:01:42.0000000Z;18.4935;18.5125;272;272
2026-06-08T10:02:03.0000000Z;18.4335;18.568;272;272
2026-06-08T10:02:05.0000000Z;18.4955;18.5145;272;272
2026-06-08T10:02:35.0000000Z;18.4955;18.5145;272;272
2026-06-08T10:03:06.0000000Z;18.4955;18.5145;272;272
2026-06-08T10:03:36.0000000Z;18.4955;18.5145;272;272
2026-06-08T10:04:07.0000000Z;18.4955;18.5145;272;272
2026-06-08T10:04:37.0000000Z;18.4955;18.5145;272;272
2026-06-08T10:05:08.0000000Z;18.4955;18.5145;272;272
2026-06-08T10:05:39.0000000Z;18.4955;18.5145;272;272
2026-06-08T10:06:09.0000000Z;18.4955;18.5145;272;272
2026-06-08T10:06:27.0000000Z;18.4955;18.5095;272;272
2026-06-08T10:06:30.0000000Z;18.4905;18.5095;272;272
2026-06-08T10:07:00.0000000Z;18.4905;18.5095;272;272
2026-06-08T10:07:30.0000000Z;18.4905;18.5095;272;272
2026-06-08T10:08:01.0000000Z;18.4905;18.5095;272;272
2026-06-08T10:08:32.0000000Z;18.4905;18.5095;272;272
2026-06-08T10:09:02.0000000Z;18.4905;18.5095;272;272
2026-06-08T10:09:33.0000000Z;18.4905;18.5095;272;272
2026-06-08T10:10:03.0000000Z;18.4905;18.5095;272;272
2026-06-08T10:10:34.0000000Z;18.4905;18.5095;272;272
2026-06-08T10:10:40.0000000Z;18.4905;18.5045;272;272
2026-06-08T10:10:41.0000000Z;18.4855;18.5045;272;272
2026-06-08T10:11:10.0000000Z;18.4855;18.5045;272;272
2026-06-08T10:11:41.0000000Z;18.4855;18.5045;272;272
2026-06-08T10:12:12.0000000Z;18.4855;18.5045;272;272
2026-06-08T10:12:42.0000000Z;18.4855;18.5045;272;272
2026-06-08T10:13:13.0000000Z;18.4855;18.5045;272;272
2026-06-08T10:13:43.0000000Z;18.4855;18.5045;272;272
2026-06-08T10:14:14.0000000Z;18.4855;18.5045;272;272
2026-06-08T10:14:44.0000000Z;18.4855;18.5045;272;272
2026-06-08T10:15:15.0000000Z;18.4855;18.5045;272;272
2026-06-08T10:15:45.0000000Z;18.4855;18.5045;272;272
2026-06-08T10:16:16.0000000Z;18.4855;18.5045;272;272
2026-06-08T10:16:46.0000000Z;18.4855;18.5045;272;272
2026-06-08T10:17:17.0000000Z;18.4855;18.5045;272;272
2026-06-08T10:17:47.0000000Z;18.4855;18.5045;272;272
2026-06-08T10:18:18.0000000Z;18.4855;18.5045;272;272
2026-06-08T10:18:49.0000000Z;18.4855;18.5045;272;272
2026-06-08T10:19:19.0000000Z;18.4855;18.5045;272;272
2026-06-08T10:19:50.0000000Z;18.4855;18.5045;272;272
2026-06-08T10:20:20.0000000Z;18.4855;18.5045;272;272
2026-06-08T10:20:51.0000000Z;18.4855;18.5045;272;272
2026-06-08T10:21:21.0000000Z;18.4855;18.5045;272;272
2026-06-08T10:21:52.0000000Z;18.4855;18.5045;272;272
2026-06-08T10:22:22.0000000Z;18.4855;18.5045;272;272
2026-06-08T10:22:53.0000000Z;18.4855;18.5045;272;272
2026-06-08T10:23:23.0000000Z;18.4855;18.5045;272;272
2026-06-08T10:23:54.0000000Z;18.4855;18.5045;272;272
2026-06-08T10:24:24.0000000Z;18.4855;18.5045;272;272
2026-06-08T10:24:55.0000000Z;18.4855;18.5045;272;272
2026-06-08T10:25:26.0000000Z;18.4855;18.5045;272;272
2026-06-08T10:25:56.0000000Z;18.4855;18.5045;272;272
2026-06-08T10:26:27.0000000Z;18.4855;18.5045;272;272
2026-06-08T10:26:57.0000000Z;18.4855;18.5045;272;272
2026-06-08T10:27:28.0000000Z;18.4855;18.5045;272;272
2026-06-08T10:27:58.0000000Z;18.4855;18.5045;272;272
2026-06-08T10:28:29.0000000Z;18.4855;18.5045;272;272
2026-06-08T10:28:59.0000000Z;18.4855;18.5045;272;272
2026-06-08T10:29:16.0000000Z;18.4445;18.5785;272;272
2026-06-08T10:29:17.0000000Z;18.4445;18.5775;272;272
2026-06-08T10:29:18.0000000Z;18.486;18.505;272;272
2026-06-08T10:29:48.0000000Z;18.486;18.505;272;272
2026-06-08T10:30:01.0000000Z;18.486;18.504;272;272
2026-06-08T10:30:02.0000000Z;18.485;18.504;272;272
2026-06-08T10:30:33.0000000Z;18.485;18.504;272;272
2026-06-08T10:31:04.0000000Z;18.485;18.504;272;272
2026-06-08T10:31:34.0000000Z;18.485;18.504;272;272
2026-06-08T10:32:05.0000000Z;18.485;18.504;272;272
2026-06-08T10:32:35.0000000Z;18.485;18.504;272;272
2026-06-08T10:33:06.0000000Z;18.485;18.504;272;272
2026-06-08T10:33:37.0000000Z;18.485;18.504;272;272
2026-06-08T10:34:07.0000000Z;18.485;18.504;272;272
2026-06-08T10:34:12.0000000Z;18.485;18.499;272;272
2026-06-08T10:34:13.0000000Z;18.48;18.499;272;272
2026-06-08T10:34:19.0000000Z;18.48;18.494;272;272
2026-06-08T10:34:21.0000000Z;18.475;18.494;272;272
2026-06-08T10:34:31.0000000Z;18.466;18.4835;272;272
2026-06-08T10:34:35.0000000Z;18.4055;18.575;272;272
2026-06-08T10:34:37.0000000Z;18.4075;18.573;272;272
2026-06-08T10:34:44.0000000Z;18.4085;18.572;272;272
2026-06-08T10:34:52.0000000Z;18.4095;18.571;272;272
2026-06-08T10:34:55.0000000Z;18.41;18.571;272;272
2026-06-08T10:34:57.0000000Z;18.4115;18.569;272;272
2026-06-08T10:35:10.0000000Z;18.4135;18.567;272;272
2026-06-08T10:35:19.0000000Z;18.415;18.565;272;272
2026-06-08T10:35:25.0000000Z;18.4155;18.565;272;272
2026-06-08T10:35:26.0000000Z;18.4165;18.564;272;272
2026-06-08T10:35:30.0000000Z;18.4185;18.562;272;272
2026-06-08T10:35:32.0000000Z;18.4205;18.56;272;272
2026-06-08T10:35:37.0000000Z;18.4225;18.558;272;272
2026-06-08T10:35:38.0000000Z;18.4245;18.5565;272;272
2026-06-08T10:35:43.0000000Z;18.4265;18.5545;272;272
2026-06-08T10:35:45.0000000Z;18.4275;18.5535;272;272
2026-06-08T10:35:47.0000000Z;18.4275;18.553;272;272
2026-06-08T10:36:06.0000000Z;18.4285;18.552;272;272
2026-06-08T10:36:12.0000000Z;18.4305;18.55;272;272
2026-06-08T10:36:14.0000000Z;18.4315;18.549;272;272
2026-06-08T10:36:32.0000000Z;18.4325;18.548;272;272
2026-06-08T10:36:33.0000000Z;18.4335;18.547;272;272
2026-06-08T10:36:52.0000000Z;18.4345;18.546;272;272
2026-06-08T10:36:53.0000000Z;18.4355;18.545;272;272
2026-06-08T10:37:12.0000000Z;18.436;18.545;272;272
2026-06-08T10:37:13.0000000Z;18.4385;18.542;272;272
2026-06-08T10:37:17.0000000Z;18.44;18.541;272;272
2026-06-08T10:37:18.0000000Z;18.4415;18.5385;272;272
2026-06-08T10:37:22.0000000Z;18.442;18.5375;272;272
2026-06-08T10:37:26.0000000Z;18.442;18.5325;272;272
2026-06-08T10:37:30.0000000Z;18.4425;18.5325;272;272
2026-06-08T10:37:32.0000000Z;18.443;18.5325;272;272
2026-06-08T10:37:38.0000000Z;18.441;18.5325;272;272
2026-06-08T10:37:39.0000000Z;18.4425;18.5325;272;272
2026-06-08T10:37:40.0000000Z;18.4425;18.54;272;272
2026-06-08T10:37:41.0000000Z;18.4425;18.5395;272;272
2026-06-08T10:37:45.0000000Z;18.443;18.5395;272;272
2026-06-08T10:37:46.0000000Z;18.4435;18.5385;272;272
2026-06-08T10:37:52.0000000Z;18.4435;18.5365;272;272
2026-06-08T10:37:55.0000000Z;18.4435;18.5345;272;272
2026-06-08T10:38:04.0000000Z;18.444;18.5345;272;272
2026-06-08T10:38:06.0000000Z;18.444;18.535;272;272
2026-06-08T10:38:13.0000000Z;18.4445;18.535;272;272
2026-06-08T10:38:14.0000000Z;18.4455;18.535;272;272
2026-06-08T10:38:20.0000000Z;18.44;18.535;272;272
2026-06-08T10:38:21.0000000Z;18.441;18.535;272;272
2026-06-08T10:38:24.0000000Z;18.4455;18.535;272;272
2026-06-08T10:38:34.0000000Z;18.44;18.535;272;272
2026-06-08T10:38:36.0000000Z;18.4405;18.535;272;272
2026-06-08T10:38:39.0000000Z;18.444;18.535;272;272
2026-06-08T10:38:50.0000000Z;18.444;18.5765;272;272
2026-06-08T10:38:52.0000000Z;18.444;18.5745;272;272
2026-06-08T10:38:53.0000000Z;18.4705;18.507;272;272
2026-06-08T10:39:23.0000000Z;18.4705;18.507;272;272
2026-06-08T10:39:54.0000000Z;18.4705;18.507;272;272
2026-06-08T10:40:25.0000000Z;18.4705;18.507;272;272
2026-06-08T10:40:55.0000000Z;18.4705;18.507;272;272
2026-06-08T10:41:26.0000000Z;18.4705;18.507;272;272
2026-06-08T10:41:56.0000000Z;18.4705;18.507;272;272
2026-06-08T10:42:27.0000000Z;18.4705;18.507;272;272
2026-06-08T10:42:57.0000000Z;18.4705;18.507;272;272
2026-06-08T10:43:28.0000000Z;18.4705;18.507;272;272
2026-06-08T10:43:59.0000000Z;18.4705;18.507;272;272
2026-06-08T10:44:29.0000000Z;18.4705;18.507;272;272
2026-06-08T10:45:00.0000000Z;18.4705;18.507;272;272
2026-06-08T10:45:28.0000000Z;18.4755;18.4945;272;272
2026-06-08T10:45:58.0000000Z;18.4755;18.4945;272;272
2026-06-08T10:46:29.0000000Z;18.4755;18.4945;272;272
2026-06-08T10:46:59.0000000Z;18.4755;18.4945;272;272
2026-06-08T10:47:30.0000000Z;18.4755;18.4945;272;272
2026-06-08T10:48:00.0000000Z;18.4755;18.4945;272;272
2026-06-08T10:48:31.0000000Z;18.4755;18.4945;272;272
2026-06-08T10:48:52.0000000Z;18.4755;18.4895;272;272
2026-06-08T10:48:54.0000000Z;18.471;18.4895;272;272
2026-06-08T10:49:24.0000000Z;18.471;18.4895;272;272
2026-06-08T10:49:26.0000000Z;18.4705;18.4895;272;272
2026-06-08T10:49:56.0000000Z;18.4705;18.4895;272;272
2026-06-08T10:50:27.0000000Z;18.4705;18.4895;272;272
2026-06-08T10:50:58.0000000Z;18.4705;18.4895;272;272
2026-06-08T10:51:28.0000000Z;18.4705;18.4895;272;272
2026-06-08T10:51:59.0000000Z;18.4705;18.4895;272;272
2026-06-08T10:52:29.0000000Z;18.4705;18.4895;272;272
2026-06-08T10:53:00.0000000Z;18.4705;18.4895;272;272
2026-06-08T10:53:30.0000000Z;18.4705;18.4895;272;272
2026-06-08T10:54:01.0000000Z;18.4705;18.4895;272;272
2026-06-08T10:54:31.0000000Z;18.4705;18.4895;272;272
2026-06-08T10:55:02.0000000Z;18.4705;18.4895;272;272
2026-06-08T10:55:33.0000000Z;18.4705;18.4895;272;272
2026-06-08T10:56:03.0000000Z;18.4705;18.4895;272;272
2026-06-08T10:56:34.0000000Z;18.4705;18.4895;272;272
2026-06-08T10:56:40.0000000Z;18.4755;18.4895;272;272
2026-06-08T10:56:45.0000000Z;18.4755;18.4945;272;272
2026-06-08T10:57:13.0000000Z;18.4755;18.4945;272;272
2026-06-08T10:57:43.0000000Z;18.4755;18.4945;272;272
2026-06-08T10:58:14.0000000Z;18.4755;18.4945;272;272
2026-06-08T10:58:44.0000000Z;18.4755;18.4945;272;272
2026-06-08T10:59:15.0000000Z;18.4755;18.4945;272;272
2026-06-08T10:59:46.0000000Z;18.4755;18.4945;272;272
2026-06-08T11:00:16.0000000Z;18.4755;18.4945;272;272
2026-06-08T11:00:47.0000000Z;18.4755;18.4945;272;272
2026-06-08T11:01:17.0000000Z;18.4755;18.4945;272;272
2026-06-08T11:01:48.0000000Z;18.4755;18.4945;272;272
2026-06-08T11:02:19.0000000Z;18.4755;18.4945;272;272
2026-06-08T11:02:49.0000000Z;18.4755;18.4945;272;272
2026-06-08T11:03:20.0000000Z;18.4755;18.4945;272;272
2026-06-08T11:03:50.0000000Z;18.4755;18.4945;272;272
2026-06-08T11:04:21.0000000Z;18.4755;18.4945;272;272
2026-06-08T11:04:52.0000000Z;18.4755;18.4945;272;272
2026-06-08T11:05:22.0000000Z;18.4755;18.4945;272;272
2026-06-08T11:05:53.0000000Z;18.4755;18.4945;272;272
2026-06-08T11:06:24.0000000Z;18.4755;18.4945;272;272
2026-06-08T11:06:54.0000000Z;18.4755;18.4945;272;272
2026-06-08T11:07:25.0000000Z;18.4755;18.4945;272;272
2026-06-08T11:07:56.0000000Z;18.4755;18.4945;272;272
2026-06-08T11:08:26.0000000Z;18.4755;18.4945;272;272
2026-06-08T11:08:57.0000000Z;18.4755;18.4945;272;272
2026-06-08T11:09:27.0000000Z;18.4755;18.4945;272;272
2026-06-08T11:09:58.0000000Z;18.4755;18.4945;272;272
2026-06-08T11:09:59.0000000Z;18.4755;18.4895;272;272
2026-06-08T11:10:01.0000000Z;18.4705;18.4895;272;272
2026-06-08T11:10:31.0000000Z;18.4705;18.4895;272;272
2026-06-08T11:10:47.0000000Z;18.4585;18.496;272;272
2026-06-08T11:10:53.0000000Z;18.4615;18.4945;272;272
2026-06-08T11:10:59.0000000Z;18.4585;18.496;272;272
2026-06-08T11:11:05.0000000Z;18.4505;18.488;272;272
2026-06-08T11:11:09.0000000Z;18.454;18.4875;272;272
2026-06-08T11:11:11.0000000Z;18.454;18.487;272;272
2026-06-08T11:11:25.0000000Z;18.4055;18.524;272;272
2026-06-08T11:11:29.0000000Z;18.435;18.5095;272;272
2026-06-08T11:11:33.0000000Z;18.4455;18.4985;272;272
2026-06-08T11:11:35.0000000Z;18.446;18.4985;272;272
2026-06-08T11:11:42.0000000Z;18.4465;18.4985;272;272
2026-06-08T11:11:47.0000000Z;18.447;18.4985;272;272
2026-06-08T11:11:51.0000000Z;18.4475;18.4985;272;272
2026-06-08T11:12:17.0000000Z;18.448;18.4985;272;272
2026-06-08T11:12:48.0000000Z;18.448;18.4985;272;272
2026-06-08T11:13:16.0000000Z;18.4565;18.494;272;272
2026-06-08T11:13:47.0000000Z;18.4565;18.494;272;272
2026-06-08T11:14:17.0000000Z;18.4565;18.494;272;272
2026-06-08T11:14:48.0000000Z;18.4565;18.494;272;272
2026-06-08T11:15:18.0000000Z;18.4565;18.494;272;272
2026-06-08T11:15:21.0000000Z;18.4075;18.5665;272;272
2026-06-08T11:15:30.0000000Z;18.4095;18.5665;272;272
2026-06-08T11:15:34.0000000Z;18.4115;18.5665;272;272
2026-06-08T11:15:42.0000000Z;18.4135;18.5665;272;272
2026-06-08T11:15:52.0000000Z;18.4145;18.5665;272;272
2026-06-08T11:15:54.0000000Z;18.4155;18.5665;272;272
2026-06-08T11:15:57.0000000Z;18.4165;18.5665;272;272
2026-06-08T11:15:59.0000000Z;18.417;18.5665;272;272
2026-06-08T11:16:00.0000000Z;18.4175;18.5665;272;272
2026-06-08T11:16:19.0000000Z;18.4195;18.5665;272;272
2026-06-08T11:16:25.0000000Z;18.421;18.5645;272;272
2026-06-08T11:16:26.0000000Z;18.4225;18.5635;272;272
2026-06-08T11:16:32.0000000Z;18.4235;18.5625;272;272
2026-06-08T11:16:37.0000000Z;18.4255;18.5605;272;272
2026-06-08T11:16:50.0000000Z;18.4265;18.5595;272;272
2026-06-08T11:16:56.0000000Z;18.428;18.5575;272;272
2026-06-08T11:16:57.0000000Z;18.43;18.5555;272;272
2026-06-08T11:17:02.0000000Z;18.43;18.5545;272;272
2026-06-08T11:17:06.0000000Z;18.43;18.5535;272;272
2026-06-08T11:17:08.0000000Z;18.43;18.5515;272;272
2026-06-08T11:17:09.0000000Z;18.43;18.5505;272;272
2026-06-08T11:17:13.0000000Z;18.43;18.5455;272;272
2026-06-08T11:17:14.0000000Z;18.43;18.5405;272;272
2026-06-08T11:17:18.0000000Z;18.43;18.5365;272;272
2026-06-08T11:17:20.0000000Z;18.43;18.5345;272;272
2026-06-08T11:17:21.0000000Z;18.43;18.5335;272;272
2026-06-08T11:17:36.0000000Z;18.43;18.5315;272;272
2026-06-08T11:17:37.0000000Z;18.43;18.5285;272;272
2026-06-08T11:17:41.0000000Z;18.43;18.5245;272;272
2026-06-08T11:17:43.0000000Z;18.43;18.5205;272;272
2026-06-08T11:17:44.0000000Z;18.43;18.5195;272;272
2026-06-08T11:17:59.0000000Z;18.425;18.5195;272;272
2026-06-08T11:18:01.0000000Z;18.427;18.5195;272;272
2026-06-08T11:18:02.0000000Z;18.4285;18.5195;272;272
2026-06-08T11:18:03.0000000Z;18.4295;18.5195;272;272
2026-06-08T11:18:10.0000000Z;18.4305;18.5195;272;272
2026-06-08T11:18:17.0000000Z;18.43;18.5195;272;272
2026-06-08T11:18:19.0000000Z;18.421;18.5195;272;272
2026-06-08T11:18:23.0000000Z;18.4215;18.5195;272;272
2026-06-08T11:18:24.0000000Z;18.424;18.5195;272;272
2026-06-08T11:18:25.0000000Z;18.425;18.5195;272;272
2026-06-08T11:18:30.0000000Z;18.4295;18.5195;272;272
2026-06-08T11:18:55.0000000Z;18.4295;18.5665;272;272
2026-06-08T11:19:26.0000000Z;18.4295;18.5665;272;272
2026-06-08T11:19:54.0000000Z;18.4115;18.5665;272;272
2026-06-08T11:19:56.0000000Z;18.4125;18.5665;272;272
2026-06-08T11:20:02.0000000Z;18.4145;18.5665;272;272
2026-06-08T11:20:05.0000000Z;18.4155;18.5665;272;272
2026-06-08T11:20:09.0000000Z;18.4205;18.5665;272;272
2026-06-08T11:20:10.0000000Z;18.423;18.562;272;272
2026-06-08T11:20:14.0000000Z;18.423;18.559;272;272
2026-06-08T11:20:16.0000000Z;18.423;18.556;272;272
2026-06-08T11:20:18.0000000Z;18.419;18.556;272;272
2026-06-08T11:20:19.0000000Z;18.4195;18.556;272;272
2026-06-08T11:20:20.0000000Z;18.4195;18.552;272;272
2026-06-08T11:20:24.0000000Z;18.4195;18.551;272;272
2026-06-08T11:20:26.0000000Z;18.4075;18.549;272;272
2026-06-08T11:20:28.0000000Z;18.4095;18.547;272;272
2026-06-08T11:20:30.0000000Z;18.4125;18.544;272;272
2026-06-08T11:20:32.0000000Z;18.4155;18.541;272;272
2026-06-08T11:20:35.0000000Z;18.416;18.539;272;272
2026-06-08T11:20:38.0000000Z;18.416;18.538;272;272
2026-06-08T11:20:41.0000000Z;18.417;18.538;272;272
2026-06-08T11:20:46.0000000Z;18.4175;18.537;272;272
2026-06-08T11:20:50.0000000Z;18.4415;18.479;272;272
2026-06-08T11:21:20.0000000Z;18.4415;18.479;272;272
2026-06-08T11:21:51.0000000Z;18.4415;18.479;272;272
2026-06-08T11:22:21.0000000Z;18.4415;18.479;272;272
2026-06-08T11:22:52.0000000Z;18.4415;18.479;272;272
2026-06-08T11:23:22.0000000Z;18.4415;18.479;272;272
2026-06-08T11:23:53.0000000Z;18.4415;18.479;272;272
2026-06-08T11:24:24.0000000Z;18.4415;18.479;272;272
2026-06-08T11:24:54.0000000Z;18.4415;18.479;272;272
2026-06-08T11:25:25.0000000Z;18.4415;18.479;272;272
2026-06-08T11:25:55.0000000Z;18.4415;18.479;272;272
2026-06-08T11:26:26.0000000Z;18.4415;18.479;272;272
2026-06-08T11:26:56.0000000Z;18.4415;18.479;272;272
2026-06-08T11:27:27.0000000Z;18.4415;18.479;272;272
2026-06-08T11:27:57.0000000Z;18.4415;18.479;272;272
2026-06-08T11:28:28.0000000Z;18.4415;18.479;272;272
2026-06-08T11:28:58.0000000Z;18.4415;18.479;272;272
2026-06-08T11:29:29.0000000Z;18.4415;18.479;272;272
2026-06-08T11:29:59.0000000Z;18.4415;18.479;272;272
2026-06-08T11:30:30.0000000Z;18.4415;18.479;272;272
2026-06-08T11:31:00.0000000Z;18.4415;18.479;272;272
2026-06-08T11:31:31.0000000Z;18.4415;18.479;272;272
2026-06-08T11:32:02.0000000Z;18.4415;18.479;272;272
2026-06-08T11:32:32.0000000Z;18.4415;18.479;272;272
2026-06-08T11:33:03.0000000Z;18.4415;18.479;272;272
2026-06-08T11:33:26.0000000Z;18.447;18.466;272;272
2026-06-08T11:33:56.0000000Z;18.447;18.466;272;272
2026-06-08T11:34:26.0000000Z;18.447;18.466;272;272
2026-06-08T11:34:57.0000000Z;18.447;18.466;272;272
2026-06-08T11:35:27.0000000Z;18.447;18.466;272;272
2026-06-08T11:35:58.0000000Z;18.447;18.466;272;272
2026-06-08T11:36:28.0000000Z;18.447;18.466;272;272
2026-06-08T11:36:41.0000000Z;18.452;18.466;272;272
2026-06-08T11:36:43.0000000Z;18.452;18.4705;272;272
2026-06-08T11:37:14.0000000Z;18.452;18.4705;272;272
2026-06-08T11:37:45.0000000Z;18.452;18.4705;272;272
2026-06-08T11:38:15.0000000Z;18.452;18.4705;272;272
2026-06-08T11:38:46.0000000Z;18.452;18.4705;272;272
2026-06-08T11:39:16.0000000Z;18.452;18.4705;272;272
2026-06-08T11:39:47.0000000Z;18.452;18.4705;272;272
2026-06-08T11:40:17.0000000Z;18.452;18.4705;272;272
2026-06-08T11:40:46.0000000Z;18.452;18.471;272;272
2026-06-08T11:41:16.0000000Z;18.452;18.471;272;272
2026-06-08T11:41:47.0000000Z;18.452;18.471;272;272
2026-06-08T11:42:17.0000000Z;18.452;18.471;272;272
2026-06-08T11:42:48.0000000Z;18.452;18.471;272;272
2026-06-08T11:43:18.0000000Z;18.452;18.471;272;272
2026-06-08T11:43:49.0000000Z;18.452;18.471;272;272
2026-06-08T11:44:20.0000000Z;18.452;18.471;272;272
2026-06-08T11:44:50.0000000Z;18.452;18.471;272;272
2026-06-08T11:45:21.0000000Z;18.452;18.471;272;272
2026-06-08T11:45:51.0000000Z;18.452;18.471;272;272
2026-06-08T11:46:22.0000000Z;18.452;18.471;272;272
2026-06-08T11:46:44.0000000Z;18.457;18.471;272;272
2026-06-08T11:46:45.0000000Z;18.457;18.476;272;272
2026-06-08T11:47:16.0000000Z;18.457;18.476;272;272
2026-06-08T11:47:46.0000000Z;18.457;18.476;272;272
2026-06-08T11:48:17.0000000Z;18.457;18.476;272;272
2026-06-08T11:48:47.0000000Z;18.457;18.476;272;272
2026-06-08T11:49:18.0000000Z;18.457;18.476;272;272
2026-06-08T11:49:48.0000000Z;18.457;18.476;272;272
2026-06-08T11:50:19.0000000Z;18.457;18.476;272;272
2026-06-08T11:50:49.0000000Z;18.457;18.476;272;272
2026-06-08T11:51:20.0000000Z;18.457;18.476;272;272
2026-06-08T11:51:50.0000000Z;18.457;18.476;272;272
2026-06-08T11:52:21.0000000Z;18.457;18.476;272;272
2026-06-08T11:52:51.0000000Z;18.457;18.476;272;272
2026-06-08T11:53:22.0000000Z;18.457;18.476;272;272
2026-06-08T11:53:53.0000000Z;18.457;18.476;272;272
2026-06-08T11:54:23.0000000Z;18.457;18.476;272;272
2026-06-08T11:54:54.0000000Z;18.457;18.476;272;272
2026-06-08T11:55:25.0000000Z;18.457;18.476;272;272
2026-06-08T11:55:55.0000000Z;18.457;18.476;272;272
2026-06-08T11:56:26.0000000Z;18.457;18.476;272;272
2026-06-08T11:56:41.0000000Z;18.457;18.471;272;272
2026-06-08T11:56:42.0000000Z;18.452;18.471;272;272
2026-06-08T11:57:13.0000000Z;18.452;18.471;272;272
2026-06-08T11:57:44.0000000Z;18.452;18.471;272;272
2026-06-08T11:58:14.0000000Z;18.452;18.471;272;272
2026-06-08T11:58:45.0000000Z;18.452;18.471;272;272
2026-06-08T11:59:16.0000000Z;18.452;18.471;272;272
2026-06-08T11:59:46.0000000Z;18.452;18.471;272;272
2026-06-08T12:00:01.0000000Z;18.405;18.537;272;272
2026-06-08T12:00:02.0000000Z;18.4535;18.4725;272;272
2026-06-08T12:00:04.0000000Z;18.459;18.4725;272;272
2026-06-08T12:00:05.0000000Z;18.459;18.477;272;272
2026-06-08T12:00:06.0000000Z;18.459;18.4725;272;272
2026-06-08T12:00:07.0000000Z;18.4535;18.4725;272;272
2026-06-08T12:00:36.0000000Z;18.4535;18.4725;272;272
2026-06-08T12:01:06.0000000Z;18.4535;18.4725;272;272
2026-06-08T12:01:25.0000000Z;18.4535;18.4675;272;272
2026-06-08T12:01:27.0000000Z;18.449;18.4675;272;272
2026-06-08T12:01:58.0000000Z;18.449;18.4675;272;272
2026-06-08T12:02:29.0000000Z;18.449;18.4675;272;272
2026-06-08T12:02:56.0000000Z;18.4055;18.5365;272;272
2026-06-08T12:02:57.0000000Z;18.4075;18.5345;272;272
2026-06-08T12:02:58.0000000Z;18.444;18.4815;272;272
2026-06-08T12:03:28.0000000Z;18.444;18.4815;272;272
2026-06-08T12:03:58.0000000Z;18.444;18.4815;272;272
2026-06-08T12:04:29.0000000Z;18.444;18.4815;272;272
2026-06-08T12:04:59.0000000Z;18.444;18.4815;272;272
2026-06-08T12:05:30.0000000Z;18.444;18.4815;272;272
2026-06-08T12:06:01.0000000Z;18.444;18.4815;272;272
2026-06-08T12:06:31.0000000Z;18.444;18.4815;272;272
2026-06-08T12:07:02.0000000Z;18.444;18.4815;272;272
2026-06-08T12:07:32.0000000Z;18.444;18.4815;272;272
2026-06-08T12:08:03.0000000Z;18.444;18.4815;272;272
2026-06-08T12:08:28.0000000Z;18.449;18.4675;272;272
2026-06-08T12:08:59.0000000Z;18.449;18.4675;272;272
2026-06-08T12:09:29.0000000Z;18.449;18.4675;272;272
2026-06-08T12:10:00.0000000Z;18.449;18.4675;272;272
2026-06-08T12:10:30.0000000Z;18.449;18.4675;272;272
2026-06-08T12:11:01.0000000Z;18.449;18.4675;272;272
2026-06-08T12:11:31.0000000Z;18.449;18.4675;272;272
2026-06-08T12:12:02.0000000Z;18.449;18.4675;272;272
2026-06-08T12:12:32.0000000Z;18.449;18.4675;272;272
2026-06-08T12:13:03.0000000Z;18.449;18.4675;272;272
2026-06-08T12:13:33.0000000Z;18.449;18.4675;272;272
2026-06-08T12:14:04.0000000Z;18.449;18.4675;272;272
2026-06-08T12:14:35.0000000Z;18.449;18.4675;272;272
2026-06-08T12:15:05.0000000Z;18.449;18.4675;272;272
2026-06-08T12:15:36.0000000Z;18.449;18.4675;272;272
2026-06-08T12:15:41.0000000Z;18.454;18.4675;272;272
2026-06-08T12:15:43.0000000Z;18.454;18.4725;272;272
2026-06-08T12:16:13.0000000Z;18.454;18.4725;272;272
2026-06-08T12:16:44.0000000Z;18.454;18.4725;272;272
2026-06-08T12:17:14.0000000Z;18.454;18.4725;272;272
2026-06-08T12:17:45.0000000Z;18.454;18.4725;272;272
2026-06-08T12:18:15.0000000Z;18.454;18.4725;272;272
2026-06-08T12:18:46.0000000Z;18.454;18.4725;272;272
2026-06-08T12:19:17.0000000Z;18.454;18.4725;272;272
2026-06-08T12:19:47.0000000Z;18.454;18.4725;272;272
2026-06-08T12:20:18.0000000Z;18.454;18.4725;272;272
2026-06-08T12:20:48.0000000Z;18.454;18.4725;272;272
2026-06-08T12:21:04.0000000Z;18.454;18.468;272;272
2026-06-08T12:21:07.0000000Z;18.449;18.468;272;272
2026-06-08T12:21:37.0000000Z;18.449;18.468;272;272
2026-06-08T12:22:08.0000000Z;18.449;18.468;272;272
2026-06-08T12:22:38.0000000Z;18.449;18.468;272;272
2026-06-08T12:23:09.0000000Z;18.449;18.468;272;272
2026-06-08T12:23:39.0000000Z;18.449;18.468;272;272
2026-06-08T12:24:10.0000000Z;18.449;18.468;272;272
2026-06-08T12:24:41.0000000Z;18.449;18.468;272;272
2026-06-08T12:25:11.0000000Z;18.449;18.468;272;272
2026-06-08T12:25:41.0000000Z;18.449;18.468;272;272
2026-06-08T12:26:12.0000000Z;18.449;18.468;272;272
2026-06-08T12:26:42.0000000Z;18.449;18.468;272;272
2026-06-08T12:27:13.0000000Z;18.449;18.468;272;272
2026-06-08T12:27:44.0000000Z;18.449;18.468;272;272
2026-06-08T12:28:14.0000000Z;18.449;18.468;272;272
2026-06-08T12:28:45.0000000Z;18.449;18.468;272;272
2026-06-08T12:29:15.0000000Z;18.449;18.468;272;272
2026-06-08T12:29:46.0000000Z;18.449;18.468;272;272
2026-06-08T12:30:16.0000000Z;18.449;18.468;272;272
2026-06-08T12:30:47.0000000Z;18.449;18.468;272;272
2026-06-08T12:31:17.0000000Z;18.449;18.468;272;272
2026-06-08T12:31:48.0000000Z;18.449;18.468;272;272
2026-06-08T12:32:19.0000000Z;18.449;18.468;272;272
2026-06-08T12:32:49.0000000Z;18.449;18.468;272;272
2026-06-08T12:33:20.0000000Z;18.449;18.468;272;272
2026-06-08T12:33:50.0000000Z;18.449;18.468;272;272
2026-06-08T12:34:21.0000000Z;18.449;18.468;272;272
2026-06-08T12:34:51.0000000Z;18.449;18.468;272;272
2026-06-08T12:35:22.0000000Z;18.449;18.468;272;272
2026-06-08T12:35:53.0000000Z;18.449;18.468;272;272
2026-06-08T12:36:23.0000000Z;18.449;18.468;272;272
2026-06-08T12:36:54.0000000Z;18.449;18.468;272;272
2026-06-08T12:37:24.0000000Z;18.449;18.468;272;272
2026-06-08T12:37:55.0000000Z;18.449;18.468;272;272
2026-06-08T12:38:26.0000000Z;18.449;18.468;272;272
2026-06-08T12:38:40.0000000Z;18.454;18.468;272;272
2026-06-08T12:38:41.0000000Z;18.454;18.4725;272;272
2026-06-08T12:39:11.0000000Z;18.454;18.4725;272;272
2026-06-08T12:39:42.0000000Z;18.454;18.4725;272;272
2026-06-08T12:40:01.0000000Z;18.405;18.5335;272;272
2026-06-08T12:40:05.0000000Z;18.454;18.473;272;272
2026-06-08T12:40:35.0000000Z;18.454;18.473;272;272
2026-06-08T12:41:05.0000000Z;18.454;18.473;272;272
2026-06-08T12:41:36.0000000Z;18.454;18.473;272;272
2026-06-08T12:42:07.0000000Z;18.454;18.473;272;272
2026-06-08T12:42:11.0000000Z;18.454;18.468;272;272
2026-06-08T12:42:12.0000000Z;18.4495;18.468;272;272
2026-06-08T12:42:38.0000000Z;18.4495;18.464;272;272
2026-06-08T12:42:39.0000000Z;18.4495;18.468;272;272
2026-06-08T12:42:40.0000000Z;18.405;18.5665;272;272
2026-06-08T12:42:42.0000000Z;18.447;18.466;272;272
2026-06-08T12:42:50.0000000Z;18.4055;18.5665;272;272
2026-06-08T12:42:51.0000000Z;18.4355;18.473;272;272
2026-06-08T12:43:22.0000000Z;18.4355;18.473;272;272
2026-06-08T12:43:52.0000000Z;18.4355;18.473;272;272
2026-06-08T12:44:23.0000000Z;18.4355;18.473;272;272
2026-06-08T12:44:38.0000000Z;18.4465;18.465;272;272
2026-06-08T12:44:46.0000000Z;18.4465;18.4655;272;272
2026-06-08T12:44:47.0000000Z;18.4075;18.5665;272;272
2026-06-08T12:44:49.0000000Z;18.4465;18.4655;272;272
2026-06-08T12:45:20.0000000Z;18.4465;18.4655;272;272
2026-06-08T12:45:51.0000000Z;18.4465;18.4655;272;272
2026-06-08T12:46:21.0000000Z;18.4465;18.4655;272;272
2026-06-08T12:46:52.0000000Z;18.4465;18.4655;272;272
2026-06-08T12:47:22.0000000Z;18.4465;18.4655;272;272
2026-06-08T12:47:53.0000000Z;18.4465;18.4655;272;272
2026-06-08T12:48:23.0000000Z;18.4465;18.4655;272;272
2026-06-08T12:48:54.0000000Z;18.4465;18.4655;272;272
2026-06-08T12:49:24.0000000Z;18.4465;18.4655;272;272
2026-06-08T12:49:55.0000000Z;18.4465;18.4655;272;272
2026-06-08T12:50:25.0000000Z;18.4465;18.4655;272;272
2026-06-08T12:50:56.0000000Z;18.4515;18.4655;272;272
2026-06-08T12:50:58.0000000Z;18.4515;18.47;272;272
2026-06-08T12:51:16.0000000Z;18.4515;18.4705;272;272
2026-06-08T12:51:46.0000000Z;18.4515;18.4705;272;272
2026-06-08T12:52:01.0000000Z;18.4565;18.4705;272;272
2026-06-08T12:52:02.0000000Z;18.4565;18.475;272;272
2026-06-08T12:52:31.0000000Z;18.4565;18.475;272;272
2026-06-08T12:53:01.0000000Z;18.4565;18.475;272;272
2026-06-08T12:53:32.0000000Z;18.4565;18.475;272;272
2026-06-08T12:54:03.0000000Z;18.4565;18.475;272;272
2026-06-08T12:54:11.0000000Z;18.4565;18.4705;272;272
2026-06-08T12:54:34.0000000Z;18.4515;18.4705;272;272
2026-06-08T12:54:44.0000000Z;18.4515;18.4705;272;272
2026-06-08T12:55:15.0000000Z;18.4515;18.4705;272;272
2026-06-08T12:55:45.0000000Z;18.4515;18.4705;272;272
2026-06-08T12:56:16.0000000Z;18.4515;18.4705;272;272
2026-06-08T12:56:47.0000000Z;18.4515;18.4705;272;272
2026-06-08T12:57:17.0000000Z;18.4515;18.4705;272;272
2026-06-08T12:57:48.0000000Z;18.4515;18.4705;272;272
2026-06-08T12:58:18.0000000Z;18.4515;18.4705;272;272
2026-06-08T12:58:49.0000000Z;18.4515;18.4705;272;272
2026-06-08T12:59:15.0000000Z;18.4485;18.4675;272;272
2026-06-08T12:59:46.0000000Z;18.4485;18.4675;272;272
2026-06-08T13:00:06.0000000Z;18.4485;18.4625;272;272
2026-06-08T13:00:09.0000000Z;18.4435;18.4625;272;272
2026-06-08T13:00:39.0000000Z;18.4435;18.4625;272;272
2026-06-08T13:01:10.0000000Z;18.4435;18.4625;272;272
2026-06-08T13:01:40.0000000Z;18.4435;18.4625;272;272
2026-06-08T13:02:11.0000000Z;18.4435;18.4625;272;272
2026-06-08T13:02:41.0000000Z;18.4435;18.4625;272;272
2026-06-08T13:03:12.0000000Z;18.4435;18.4625;272;272
2026-06-08T13:03:35.0000000Z;18.4435;18.4575;272;272
2026-06-08T13:03:36.0000000Z;18.4385;18.4575;272;272
2026-06-08T13:04:07.0000000Z;18.4385;18.4575;272;272
2026-06-08T13:04:37.0000000Z;18.4385;18.4575;272;272
2026-06-08T13:05:08.0000000Z;18.4385;18.4575;272;272
2026-06-08T13:05:38.0000000Z;18.4385;18.4575;272;272
2026-06-08T13:06:09.0000000Z;18.4385;18.4575;272;272
2026-06-08T13:06:40.0000000Z;18.4385;18.4575;272;272
2026-06-08T13:07:10.0000000Z;18.4385;18.4575;272;272
2026-06-08T13:07:39.0000000Z;18.4435;18.4575;272;272
2026-06-08T13:07:41.0000000Z;18.4435;18.4625;272;272
2026-06-08T13:08:11.0000000Z;18.4435;18.4625;272;272
2026-06-08T13:08:42.0000000Z;18.4435;18.4625;272;272
2026-06-08T13:09:12.0000000Z;18.4435;18.4625;272;272
2026-06-08T13:09:43.0000000Z;18.4435;18.4625;272;272
2026-06-08T13:10:13.0000000Z;18.4435;18.4625;272;272
2026-06-08T13:10:44.0000000Z;18.4435;18.4625;272;272
2026-06-08T13:11:14.0000000Z;18.4435;18.4625;272;272
2026-06-08T13:11:45.0000000Z;18.4435;18.4625;272;272
2026-06-08T13:12:15.0000000Z;18.4435;18.4625;272;272
2026-06-08T13:12:46.0000000Z;18.4435;18.4625;272;272
2026-06-08T13:13:16.0000000Z;18.4435;18.4625;272;272
2026-06-08T13:13:47.0000000Z;18.4435;18.4625;272;272
2026-06-08T13:14:18.0000000Z;18.4435;18.4625;272;272
2026-06-08T13:14:48.0000000Z;18.4435;18.4625;272;272
2026-06-08T13:15:19.0000000Z;18.4435;18.4625;272;272
2026-06-08T13:15:49.0000000Z;18.4435;18.4625;272;272
2026-06-08T13:16:20.0000000Z;18.4435;18.4625;272;272
2026-06-08T13:16:50.0000000Z;18.4435;18.4625;272;272
2026-06-08T13:17:21.0000000Z;18.4435;18.4625;272;272
2026-06-08T13:17:52.0000000Z;18.4435;18.4625;272;272
2026-06-08T13:18:22.0000000Z;18.4435;18.4625;272;272
2026-06-08T13:18:53.0000000Z;18.4435;18.4625;272;272
2026-06-08T13:19:23.0000000Z;18.4435;18.4625;272;272
2026-06-08T13:19:54.0000000Z;18.4435;18.4625;272;272
2026-06-08T13:20:24.0000000Z;18.4435;18.4625;272;272
2026-06-08T13:20:29.0000000Z;18.4435;18.4575;272;272
2026-06-08T13:20:30.0000000Z;18.4385;18.4575;272;272
2026-06-08T13:21:00.0000000Z;18.4385;18.4575;272;272
2026-06-08T13:21:30.0000000Z;18.4385;18.4575;272;272
2026-06-08T13:22:01.0000000Z;18.4385;18.4575;272;272
2026-06-08T13:22:08.0000000Z;18.4385;18.4525;272;272
2026-06-08T13:22:10.0000000Z;18.4335;18.4525;272;272
2026-06-08T13:22:38.0000000Z;18.4335;18.4525;272;272
2026-06-08T13:22:52.0000000Z;18.429;18.447;272;272
2026-06-08T13:22:56.0000000Z;18.428;18.447;272;272
2026-06-08T13:23:26.0000000Z;18.428;18.447;272;272
2026-06-08T13:23:57.0000000Z;18.428;18.447;272;272
2026-06-08T13:24:27.0000000Z;18.428;18.447;272;272
2026-06-08T13:24:58.0000000Z;18.428;18.447;272;272
2026-06-08T13:25:19.0000000Z;18.433;18.447;272;272
2026-06-08T13:25:20.0000000Z;18.433;18.45;272;272
2026-06-08T13:25:32.0000000Z;18.433;18.452;272;272
2026-06-08T13:25:55.0000000Z;18.433;18.452;272;272
2026-06-08T13:26:25.0000000Z;18.433;18.452;272;272
2026-06-08T13:26:56.0000000Z;18.433;18.452;272;272
2026-06-08T13:27:26.0000000Z;18.433;18.452;272;272
2026-06-08T13:27:57.0000000Z;18.433;18.452;272;272
2026-06-08T13:28:27.0000000Z;18.433;18.452;272;272
2026-06-08T13:28:58.0000000Z;18.433;18.452;272;272
2026-06-08T13:29:10.0000000Z;18.383;18.5165;272;272
2026-06-08T13:29:11.0000000Z;18.383;18.515;272;272
2026-06-08T13:29:12.0000000Z;18.383;18.509;272;272
2026-06-08T13:29:16.0000000Z;18.383;18.5005;272;272
2026-06-08T13:29:17.0000000Z;18.383;18.4895;272;272
2026-06-08T13:29:19.0000000Z;18.375;18.488;272;272
2026-06-08T13:29:20.0000000Z;18.3765;18.4875;272;272
2026-06-08T13:29:21.0000000Z;18.38;18.487;272;272
2026-06-08T13:29:23.0000000Z;18.3825;18.487;272;272
2026-06-08T13:29:24.0000000Z;18.386;18.487;272;272
2026-06-08T13:29:25.0000000Z;18.3865;18.4875;272;272
2026-06-08T13:29:26.0000000Z;18.389;18.4875;272;272
2026-06-08T13:29:27.0000000Z;18.392;18.501;272;272
2026-06-08T13:29:28.0000000Z;18.392;18.4975;272;272
2026-06-08T13:29:30.0000000Z;18.398;18.4945;272;272
2026-06-08T13:29:33.0000000Z;18.4005;18.4925;272;272
2026-06-08T13:29:34.0000000Z;18.401;18.4925;272;272
2026-06-08T13:29:35.0000000Z;18.405;18.492;272;272
2026-06-08T13:29:39.0000000Z;18.4055;18.492;272;272
2026-06-08T13:30:10.0000000Z;18.4055;18.492;272;272
2026-06-08T13:30:29.0000000Z;18.368;18.492;272;272
2026-06-08T13:30:31.0000000Z;18.371;18.492;272;272
2026-06-08T13:30:33.0000000Z;18.376;18.492;272;272
2026-06-08T13:30:36.0000000Z;18.381;18.492;272;272
2026-06-08T13:30:38.0000000Z;18.386;18.492;272;272
2026-06-08T13:30:41.0000000Z;18.391;18.492;272;272
2026-06-08T13:30:43.0000000Z;18.399;18.492;272;272
2026-06-08T13:30:47.0000000Z;18.4015;18.492;272;272
2026-06-08T13:30:48.0000000Z;18.4025;18.492;272;272
2026-06-08T13:30:57.0000000Z;18.402;18.492;272;272
2026-06-08T13:31:09.0000000Z;18.403;18.492;272;272
2026-06-08T13:31:23.0000000Z;18.3875;18.49;272;272
2026-06-08T13:31:35.0000000Z;18.391;18.488;272;272
2026-06-08T13:31:38.0000000Z;18.3915;18.488;272;272
2026-06-08T13:31:40.0000000Z;18.3935;18.488;272;272
2026-06-08T13:31:50.0000000Z;18.3935;18.4875;272;272
2026-06-08T13:31:58.0000000Z;18.399;18.4875;272;272
2026-06-08T13:32:00.0000000Z;18.4015;18.4875;272;272
2026-06-08T13:32:09.0000000Z;18.4025;18.4875;272;272
2026-06-08T13:32:16.0000000Z;18.3985;18.4875;272;272
2026-06-08T13:32:18.0000000Z;18.4005;18.4875;272;272
2026-06-08T13:32:21.0000000Z;18.402;18.4875;272;272
2026-06-08T13:32:37.0000000Z;18.403;18.4875;272;272
2026-06-08T13:32:39.0000000Z;18.403;18.508;272;272
2026-06-08T13:32:40.0000000Z;18.403;18.5025;272;272
2026-06-08T13:32:45.0000000Z;18.403;18.497;272;272
2026-06-08T13:32:47.0000000Z;18.403;18.4935;272;272
2026-06-08T13:32:48.0000000Z;18.403;18.4925;272;272
2026-06-08T13:32:50.0000000Z;18.404;18.4925;272;272
2026-06-08T13:32:56.0000000Z;18.404;18.4935;272;272
2026-06-08T13:33:01.0000000Z;18.404;18.4925;272;272
2026-06-08T13:33:02.0000000Z;18.3765;18.4925;272;272
2026-06-08T13:33:03.0000000Z;18.381;18.4925;272;272
2026-06-08T13:33:06.0000000Z;18.386;18.4925;272;272
2026-06-08T13:33:08.0000000Z;18.391;18.4925;272;272
2026-06-08T13:33:10.0000000Z;18.3985;18.4925;272;272
2026-06-08T13:33:12.0000000Z;18.3995;18.4925;272;272
2026-06-08T13:33:14.0000000Z;18.4035;18.4925;272;272
2026-06-08T13:33:16.0000000Z;18.4045;18.4925;272;272
2026-06-08T13:33:28.0000000Z;18.4045;18.4925;272;272
2026-06-08T13:33:35.0000000Z;18.403;18.4925;272;272
2026-06-08T13:33:41.0000000Z;18.404;18.4925;272;272
2026-06-08T13:33:54.0000000Z;18.402;18.4925;272;272
2026-06-08T13:33:56.0000000Z;18.404;18.4995;272;272
2026-06-08T13:33:58.0000000Z;18.404;18.4945;272;272
2026-06-08T13:34:01.0000000Z;18.404;18.4935;272;272
2026-06-08T13:34:07.0000000Z;18.4375;18.4565;272;272
2026-06-08T13:34:37.0000000Z;18.4375;18.4565;272;272
2026-06-08T13:34:38.0000000Z;18.4325;18.4515;272;272
2026-06-08T13:35:08.0000000Z;18.4325;18.4515;272;272
2026-06-08T13:35:39.0000000Z;18.4325;18.4515;272;272
2026-06-08T13:36:09.0000000Z;18.4325;18.4515;272;272
2026-06-08T13:36:40.0000000Z;18.4325;18.4515;272;272
2026-06-08T13:37:10.0000000Z;18.4325;18.4515;272;272
2026-06-08T13:37:41.0000000Z;18.4325;18.4515;272;272
2026-06-08T13:38:11.0000000Z;18.4325;18.4515;272;272
2026-06-08T13:38:42.0000000Z;18.4325;18.4515;272;272
2026-06-08T13:39:12.0000000Z;18.4325;18.4515;272;272
2026-06-08T13:39:43.0000000Z;18.4325;18.4515;272;272
2026-06-08T13:40:13.0000000Z;18.4325;18.4515;272;272
2026-06-08T13:40:44.0000000Z;18.4325;18.4515;272;272
2026-06-08T13:41:14.0000000Z;18.4325;18.4515;272;272
2026-06-08T13:41:15.0000000Z;18.4375;18.4515;272;272
2026-06-08T13:41:17.0000000Z;18.4375;18.4565;272;272
2026-06-08T13:41:48.0000000Z;18.4375;18.4565;272;272
2026-06-08T13:42:18.0000000Z;18.4375;18.4565;272;272
2026-06-08T13:42:49.0000000Z;18.4375;18.4565;272;272
2026-06-08T13:43:01.0000000Z;18.4375;18.456;272;272
2026-06-08T13:43:02.0000000Z;18.437;18.456;272;272
2026-06-08T13:43:32.0000000Z;18.437;18.456;272;272
2026-06-08T13:44:03.0000000Z;18.437;18.456;272;272
2026-06-08T13:44:33.0000000Z;18.437;18.456;272;272
2026-06-08T13:45:04.0000000Z;18.437;18.456;272;272
2026-06-08T13:45:07.0000000Z;18.439;18.456;272;272
2026-06-08T13:45:08.0000000Z;18.439;18.458;272;272
2026-06-08T13:45:38.0000000Z;18.439;18.458;272;272
2026-06-08T13:46:09.0000000Z;18.439;18.458;272;272
2026-06-08T13:46:39.0000000Z;18.439;18.458;272;272
2026-06-08T13:47:10.0000000Z;18.439;18.458;272;272
2026-06-08T13:47:40.0000000Z;18.439;18.458;272;272
2026-06-08T13:48:11.0000000Z;18.439;18.458;272;272
2026-06-08T13:48:41.0000000Z;18.439;18.458;272;272
2026-06-08T13:49:12.0000000Z;18.439;18.458;272;272
2026-06-08T13:49:42.0000000Z;18.439;18.458;272;272
2026-06-08T13:50:13.0000000Z;18.439;18.458;272;272
2026-06-08T13:50:43.0000000Z;18.439;18.458;272;272
2026-06-08T13:51:14.0000000Z;18.439;18.458;272;272
2026-06-08T13:51:44.0000000Z;18.439;18.458;272;272
2026-06-08T13:52:00.0000000Z;18.444;18.458;272;272
2026-06-08T13:52:02.0000000Z;18.444;18.4625;272;272
2026-06-08T13:52:33.0000000Z;18.444;18.4625;272;272
2026-06-08T13:53:03.0000000Z;18.444;18.4625;272;272
2026-06-08T13:53:34.0000000Z;18.444;18.4625;272;272
2026-06-08T13:53:48.0000000Z;18.444;18.458;272;272
2026-06-08T13:53:50.0000000Z;18.439;18.458;272;272
2026-06-08T13:54:21.0000000Z;18.439;18.458;272;272
2026-06-08T13:54:51.0000000Z;18.439;18.458;272;272
2026-06-08T13:55:22.0000000Z;18.439;18.458;272;272
2026-06-08T13:55:52.0000000Z;18.439;18.458;272;272
2026-06-08T13:56:23.0000000Z;18.439;18.458;272;272
2026-06-08T13:56:53.0000000Z;18.439;18.458;272;272
2026-06-08T13:57:24.0000000Z;18.439;18.458;272;272
2026-06-08T13:57:54.0000000Z;18.439;18.458;272;272
2026-06-08T13:58:06.0000000Z;18.444;18.458;272;272
2026-06-08T13:58:07.0000000Z;18.444;18.4625;272;272
2026-06-08T13:58:37.0000000Z;18.444;18.4625;272;272
2026-06-08T13:59:07.0000000Z;18.444;18.4625;272;272
2026-06-08T13:59:38.0000000Z;18.444;18.4625;272;272
2026-06-08T13:59:43.0000000Z;18.444;18.463;272;272
2026-06-08T14:00:00.0000000Z;18.4465;18.4655;272;272
2026-06-08T14:00:30.0000000Z;18.4465;18.4655;272;272
2026-06-08T14:01:01.0000000Z;18.4465;18.4655;272;272
2026-06-08T14:01:32.0000000Z;18.4465;18.4655;272;272
2026-06-08T14:02:02.0000000Z;18.4465;18.4655;272;272
2026-06-08T14:02:33.0000000Z;18.4465;18.4655;272;272
2026-06-08T14:02:52.0000000Z;18.4465;18.4605;272;272
2026-06-08T14:02:54.0000000Z;18.4415;18.4605;272;272
2026-06-08T14:03:24.0000000Z;18.4415;18.4605;272;272
2026-06-08T14:03:55.0000000Z;18.4415;18.4605;272;272
2026-06-08T14:04:15.0000000Z;18.4465;18.4605;272;272
2026-06-08T14:04:16.0000000Z;18.4465;18.4655;272;272
2026-06-08T14:04:47.0000000Z;18.4465;18.4655;272;272
2026-06-08T14:05:17.0000000Z;18.4465;18.4655;272;272
2026-06-08T14:05:48.0000000Z;18.4465;18.4655;272;272
2026-06-08T14:06:18.0000000Z;18.4465;18.4655;272;272
2026-06-08T14:06:49.0000000Z;18.4465;18.4655;272;272
2026-06-08T14:07:19.0000000Z;18.4465;18.4655;272;272
2026-06-08T14:07:50.0000000Z;18.4465;18.4655;272;272
2026-06-08T14:08:20.0000000Z;18.4465;18.4655;272;272
2026-06-08T14:08:24.0000000Z;18.4515;18.4655;272;272
2026-06-08T14:08:25.0000000Z;18.4515;18.47;272;272
2026-06-08T14:08:56.0000000Z;18.4515;18.47;272;272
2026-06-08T14:09:26.0000000Z;18.4515;18.47;272;272
2026-06-08T14:09:57.0000000Z;18.4515;18.47;272;272
2026-06-08T14:10:16.0000000Z;18.4515;18.4705;272;272
2026-06-08T14:10:46.0000000Z;18.4515;18.4705;272;272
2026-06-08T14:11:16.0000000Z;18.4515;18.4705;272;272
2026-06-08T14:11:47.0000000Z;18.4515;18.4705;272;272
2026-06-08T14:12:17.0000000Z;18.4515;18.4705;272;272
2026-06-08T14:12:48.0000000Z;18.4515;18.4705;272;272
2026-06-08T14:13:18.0000000Z;18.4515;18.4705;272;272
2026-06-08T14:13:49.0000000Z;18.4515;18.4705;272;272
2026-06-08T14:14:19.0000000Z;18.4515;18.4705;272;272
2026-06-08T14:14:50.0000000Z;18.4515;18.4705;272;272
2026-06-08T14:15:20.0000000Z;18.4515;18.4705;272;272
2026-06-08T14:15:51.0000000Z;18.4515;18.4705;272;272
2026-06-08T14:16:21.0000000Z;18.4515;18.4705;272;272
2026-06-08T14:16:52.0000000Z;18.4515;18.4705;272;272
2026-06-08T14:17:22.0000000Z;18.4515;18.4705;272;272
2026-06-08T14:17:53.0000000Z;18.4515;18.4705;272;272
2026-06-08T14:18:23.0000000Z;18.4515;18.4705;272;272
2026-06-08T14:18:54.0000000Z;18.4515;18.4705;272;272
2026-06-08T14:19:24.0000000Z;18.4515;18.4705;272;272
2026-06-08T14:19:54.0000000Z;18.4515;18.4705;272;272
2026-06-08T14:20:25.0000000Z;18.4515;18.4705;272;272
2026-06-08T14:20:32.0000000Z;18.4565;18.4705;272;272
2026-06-08T14:20:34.0000000Z;18.4565;18.4755;272;272
2026-06-08T14:21:03.0000000Z;18.4565;18.4755;272;272
2026-06-08T14:21:23.0000000Z;18.4615;18.4755;272;272
2026-06-08T14:21:26.0000000Z;18.4615;18.4805;272;272
2026-06-08T14:21:56.0000000Z;18.4615;18.4805;272;272
2026-06-08T14:22:27.0000000Z;18.4615;18.4805;272;272
2026-06-08T14:22:57.0000000Z;18.4615;18.4805;272;272
2026-06-08T14:23:20.0000000Z;18.4565;18.4755;272;272
2026-06-08T14:23:50.0000000Z;18.4565;18.4755;272;272
2026-06-08T14:24:21.0000000Z;18.4565;18.4755;272;272
2026-06-08T14:24:51.0000000Z;18.4565;18.4755;272;272
2026-06-08T14:25:22.0000000Z;18.4565;18.4755;272;272
2026-06-08T14:25:52.0000000Z;18.4565;18.4755;272;272
2026-06-08T14:26:23.0000000Z;18.4565;18.4755;272;272
2026-06-08T14:26:53.0000000Z;18.4565;18.4755;272;272
2026-06-08T14:27:24.0000000Z;18.4565;18.4755;272;272
2026-06-08T14:27:54.0000000Z;18.4565;18.4755;272;272
2026-06-08T14:28:25.0000000Z;18.4565;18.4755;272;272
2026-06-08T14:28:55.0000000Z;18.4565;18.4755;272;272
2026-06-08T14:29:26.0000000Z;18.4565;18.4755;272;272
2026-06-08T14:29:56.0000000Z;18.4565;18.4755;272;272
2026-06-08T14:30:27.0000000Z;18.4565;18.4755;272;272
2026-06-08T14:30:58.0000000Z;18.4565;18.4755;272;272
2026-06-08T14:31:28.0000000Z;18.4565;18.4755;272;272
2026-06-08T14:31:57.0000000Z;18.4565;18.47;272;272
2026-06-08T14:31:59.0000000Z;18.451;18.47;272;272
2026-06-08T14:32:29.0000000Z;18.451;18.47;272;272
2026-06-08T14:32:59.0000000Z;18.451;18.47;272;272
2026-06-08T14:33:30.0000000Z;18.451;18.47;272;272
2026-06-08T14:34:01.0000000Z;18.451;18.47;272;272
2026-06-08T14:34:31.0000000Z;18.451;18.47;272;272
2026-06-08T14:35:02.0000000Z;18.451;18.47;272;272
2026-06-08T14:35:32.0000000Z;18.451;18.47;272;272
2026-06-08T14:36:03.0000000Z;18.451;18.47;272;272
2026-06-08T14:36:33.0000000Z;18.451;18.47;272;272
2026-06-08T14:37:03.0000000Z;18.451;18.47;272;272
2026-06-08T14:37:34.0000000Z;18.451;18.47;272;272
2026-06-08T14:38:04.0000000Z;18.451;18.47;272;272
2026-06-08T14:38:35.0000000Z;18.451;18.47;272;272
2026-06-08T14:39:06.0000000Z;18.451;18.47;272;272
2026-06-08T14:39:36.0000000Z;18.451;18.47;272;272
2026-06-08T14:39:49.0000000Z;18.456;18.47;272;272
2026-06-08T14:39:51.0000000Z;18.456;18.475;272;272
2026-06-08T14:40:21.0000000Z;18.456;18.475;272;272
2026-06-08T14:40:25.0000000Z;18.456;18.474;272;272
2026-06-08T14:40:41.0000000Z;18.455;18.474;272;272
2026-06-08T14:41:10.0000000Z;18.455;18.474;272;272
2026-06-08T14:41:40.0000000Z;18.455;18.474;272;272
2026-06-08T14:42:10.0000000Z;18.455;18.474;272;272
2026-06-08T14:42:41.0000000Z;18.455;18.474;272;272
2026-06-08T14:43:11.0000000Z;18.455;18.474;272;272
2026-06-08T14:43:42.0000000Z;18.455;18.474;272;272
2026-06-08T14:44:12.0000000Z;18.455;18.474;272;272
2026-06-08T14:44:43.0000000Z;18.455;18.474;272;272
2026-06-08T14:45:13.0000000Z;18.455;18.474;272;272
2026-06-08T14:45:44.0000000Z;18.455;18.474;272;272
2026-06-08T14:46:14.0000000Z;18.455;18.474;272;272
2026-06-08T14:46:45.0000000Z;18.455;18.474;272;272
2026-06-08T14:47:15.0000000Z;18.455;18.474;272;272
2026-06-08T14:47:46.0000000Z;18.455;18.474;272;272
2026-06-08T14:48:16.0000000Z;18.455;18.474;272;272
2026-06-08T14:48:47.0000000Z;18.455;18.474;272;272
2026-06-08T14:49:17.0000000Z;18.455;18.474;272;272
2026-06-08T14:49:48.0000000Z;18.455;18.474;272;272
2026-06-08T14:50:18.0000000Z;18.455;18.474;272;272
2026-06-08T14:50:23.0000000Z;18.46;18.4785;272;272
2026-06-08T14:50:54.0000000Z;18.46;18.4785;272;272
2026-06-08T14:51:02.0000000Z;18.46;18.474;272;272
2026-06-08T14:51:08.0000000Z;18.455;18.474;272;272
2026-06-08T14:51:39.0000000Z;18.455;18.474;272;272
2026-06-08T14:52:09.0000000Z;18.455;18.474;272;272
2026-06-08T14:52:40.0000000Z;18.455;18.474;272;272
2026-06-08T14:53:10.0000000Z;18.455;18.474;272;272
2026-06-08T14:53:14.0000000Z;18.455;18.469;272;272
2026-06-08T14:53:16.0000000Z;18.4505;18.469;272;272
2026-06-08T14:53:34.0000000Z;18.45;18.469;272;272
2026-06-08T14:54:04.0000000Z;18.45;18.469;272;272
2026-06-08T14:54:35.0000000Z;18.45;18.469;272;272
2026-06-08T14:55:05.0000000Z;18.45;18.469;272;272
2026-06-08T14:55:36.0000000Z;18.45;18.469;272;272
2026-06-08T14:56:06.0000000Z;18.45;18.469;272;272
2026-06-08T14:56:37.0000000Z;18.45;18.469;272;272
2026-06-08T14:57:07.0000000Z;18.45;18.469;272;272
2026-06-08T14:57:38.0000000Z;18.45;18.469;272;272
2026-06-08T14:58:09.0000000Z;18.45;18.469;272;272
2026-06-08T14:58:39.0000000Z;18.45;18.469;272;272
2026-06-08T14:59:10.0000000Z;18.45;18.469;272;272
2026-06-08T14:59:23.0000000Z;18.45;18.4685;272;272
2026-06-08T14:59:53.0000000Z;18.45;18.4685;272;272
