2026-06-08T08:00:15.0000000Z;9.797;9.806;10127;10127
2026-06-08T08:00:45.0000000Z;9.797;9.806;10127;10127
2026-06-08T08:01:15.0000000Z;9.797;9.806;10127;10127
2026-06-08T08:01:46.0000000Z;9.797;9.806;10127;10127
2026-06-08T08:02:00.0000000Z;9.792;9.802;10127;10127
2026-06-08T08:02:31.0000000Z;9.792;9.802;10127;10127
2026-06-08T08:02:34.0000000Z;9.792;9.798;10127;10127
2026-06-08T08:02:36.0000000Z;9.789;9.798;10127;10127
2026-06-08T08:03:06.0000000Z;9.789;9.798;10127;10127
2026-06-08T08:03:37.0000000Z;9.789;9.798;10127;10127
2026-06-08T08:04:07.0000000Z;9.789;9.798;10127;10127
2026-06-08T08:04:38.0000000Z;9.789;9.798;10127;10127
2026-06-08T08:05:02.0000000Z;9.793;9.802;10127;10127
2026-06-08T08:05:27.0000000Z;9.792;9.802;10127;10127
2026-06-08T08:05:57.0000000Z;9.792;9.802;10127;10127
2026-06-08T08:06:27.0000000Z;9.792;9.802;10127;10127
2026-06-08T08:06:58.0000000Z;9.792;9.802;10127;10127
2026-06-08T08:07:28.0000000Z;9.792;9.802;10127;10127
2026-06-08T08:07:53.0000000Z;9.792;9.798;10127;10127
2026-06-08T08:07:55.0000000Z;9.789;9.798;10127;10127
2026-06-08T08:08:25.0000000Z;9.789;9.798;10127;10127
2026-06-08T08:08:56.0000000Z;9.789;9.798;10127;10127
2026-06-08T08:09:26.0000000Z;9.789;9.798;10127;10127
2026-06-08T08:09:57.0000000Z;9.792;9.802;10127;10127
2026-06-08T08:09:59.0000000Z;9.793;9.802;10127;10127
2026-06-08T08:10:29.0000000Z;9.793;9.802;10127;10127
2026-06-08T08:11:00.0000000Z;9.793;9.802;10127;10127
2026-06-08T08:11:30.0000000Z;9.793;9.802;10127;10127
2026-06-08T08:12:01.0000000Z;9.793;9.802;10127;10127
2026-06-08T08:12:31.0000000Z;9.793;9.802;10127;10127
2026-06-08T08:13:02.0000000Z;9.793;9.802;10127;10127
2026-06-08T08:13:33.0000000Z;9.793;9.802;10127;10127
2026-06-08T08:14:03.0000000Z;9.793;9.802;10127;10127
2026-06-08T08:14:34.0000000Z;9.793;9.802;10127;10127
2026-06-08T08:15:04.0000000Z;9.793;9.802;10127;10127
2026-06-08T08:15:35.0000000Z;9.793;9.802;10127;10127
2026-06-08T08:16:05.0000000Z;9.793;9.802;10127;10127
2026-06-08T08:16:36.0000000Z;9.793;9.802;10127;10127
2026-06-08T08:17:06.0000000Z;9.793;9.802;10127;10127
2026-06-08T08:17:37.0000000Z;9.793;9.802;10127;10127
2026-06-08T08:18:07.0000000Z;9.793;9.802;10127;10127
2026-06-08T08:18:38.0000000Z;9.793;9.802;10127;10127
2026-06-08T08:19:08.0000000Z;9.793;9.802;10127;10127
2026-06-08T08:19:39.0000000Z;9.793;9.802;10127;10127
2026-06-08T08:20:09.0000000Z;9.793;9.802;10127;10127
2026-06-08T08:20:40.0000000Z;9.793;9.802;10127;10127
2026-06-08T08:21:10.0000000Z;9.793;9.802;10127;10127
2026-06-08T08:21:41.0000000Z;9.793;9.802;10127;10127
2026-06-08T08:22:11.0000000Z;9.793;9.802;10127;10127
2026-06-08T08:22:42.0000000Z;9.793;9.802;10127;10127
2026-06-08T08:23:13.0000000Z;9.793;9.802;10127;10127
2026-06-08T08:23:15.0000000Z;9.788;9.798;10127;10127
2026-06-08T08:23:17.0000000Z;9.789;9.798;10127;10127
2026-06-08T08:23:47.0000000Z;9.789;9.798;10127;10127
2026-06-08T08:24:15.0000000Z;9.792;9.802;10127;10127
2026-06-08T08:24:17.0000000Z;9.792;9.801;10127;10127
2026-06-08T08:24:48.0000000Z;9.792;9.801;10127;10127
2026-06-08T08:25:03.0000000Z;9.789;9.798;10127;10127
2026-06-08T08:25:34.0000000Z;9.789;9.798;10127;10127
2026-06-08T08:25:56.0000000Z;9.792;9.802;10127;10127
2026-06-08T08:25:58.0000000Z;9.792;9.801;10127;10127
2026-06-08T08:26:12.0000000Z;9.792;9.802;10127;10127
2026-06-08T08:26:24.0000000Z;9.789;9.798;10127;10127
2026-06-08T08:26:40.0000000Z;9.792;9.802;10127;10127
2026-06-08T08:26:54.0000000Z;9.789;9.798;10127;10127
2026-06-08T08:27:04.0000000Z;9.788;9.798;10127;10127
2026-06-08T08:27:34.0000000Z;9.788;9.798;10127;10127
2026-06-08T08:28:05.0000000Z;9.788;9.798;10127;10127
2026-06-08T08:28:28.0000000Z;9.789;9.798;10127;10127
2026-06-08T08:28:58.0000000Z;9.789;9.798;10127;10127
2026-06-08T08:29:29.0000000Z;9.789;9.798;10127;10127
2026-06-08T08:29:33.0000000Z;9.788;9.798;10127;10127
2026-06-08T08:30:04.0000000Z;9.788;9.798;10127;10127
2026-06-08T08:30:34.0000000Z;9.788;9.798;10127;10127
2026-06-08T08:30:55.0000000Z;9.789;9.798;10127;10127
2026-06-08T08:30:57.0000000Z;9.788;9.798;10127;10127
2026-06-08T08:31:27.0000000Z;9.791;9.802;10127;10127
2026-06-08T08:31:29.0000000Z;9.792;9.801;10127;10127
2026-06-08T08:32:00.0000000Z;9.792;9.801;10127;10127
2026-06-08T08:32:01.0000000Z;9.788;9.798;10127;10127
2026-06-08T08:32:17.0000000Z;9.793;9.802;10127;10127
2026-06-08T08:32:33.0000000Z;9.793;9.803;10127;10127
2026-06-08T08:33:04.0000000Z;9.793;9.803;10127;10127
2026-06-08T08:33:34.0000000Z;9.793;9.803;10127;10127
2026-06-08T08:34:05.0000000Z;9.793;9.803;10127;10127
2026-06-08T08:34:35.0000000Z;9.793;9.803;10127;10127
2026-06-08T08:35:06.0000000Z;9.793;9.803;10127;10127
2026-06-08T08:35:30.0000000Z;9.789;9.799;10127;10127
2026-06-08T08:35:36.0000000Z;9.79;9.799;10127;10127
2026-06-08T08:35:50.0000000Z;9.793;9.803;10127;10127
2026-06-08T08:35:52.0000000Z;9.793;9.802;10127;10127
2026-06-08T08:35:58.0000000Z;9.793;9.799;10127;10127
2026-06-08T08:36:00.0000000Z;9.789;9.799;10127;10127
2026-06-08T08:36:02.0000000Z;9.79;9.799;10127;10127
2026-06-08T08:36:32.0000000Z;9.79;9.799;10127;10127
2026-06-08T08:37:03.0000000Z;9.79;9.799;10127;10127
2026-06-08T08:37:20.0000000Z;9.789;9.799;10127;10127
2026-06-08T08:37:51.0000000Z;9.789;9.799;10127;10127
2026-06-08T08:38:21.0000000Z;9.789;9.799;10127;10127
2026-06-08T08:38:39.0000000Z;9.79;9.799;10127;10127
2026-06-08T08:39:09.0000000Z;9.79;9.799;10127;10127
2026-06-08T08:39:40.0000000Z;9.79;9.799;10127;10127
2026-06-08T08:40:10.0000000Z;9.79;9.799;10127;10127
2026-06-08T08:40:41.0000000Z;9.79;9.799;10127;10127
2026-06-08T08:41:11.0000000Z;9.79;9.799;10127;10127
2026-06-08T08:41:42.0000000Z;9.79;9.799;10127;10127
2026-06-08T08:42:12.0000000Z;9.79;9.799;10127;10127
2026-06-08T08:42:43.0000000Z;9.79;9.799;10127;10127
2026-06-08T08:43:13.0000000Z;9.79;9.799;10127;10127
2026-06-08T08:43:44.0000000Z;9.79;9.799;10127;10127
2026-06-08T08:44:14.0000000Z;9.79;9.799;10127;10127
2026-06-08T08:44:32.0000000Z;9.789;9.799;10127;10127
2026-06-08T08:44:34.0000000Z;9.79;9.799;10127;10127
2026-06-08T08:45:02.0000000Z;9.786;9.795;10127;10127
2026-06-08T08:45:33.0000000Z;9.786;9.795;10127;10127
2026-06-08T08:46:03.0000000Z;9.786;9.795;10127;10127
2026-06-08T08:46:34.0000000Z;9.786;9.795;10127;10127
2026-06-08T08:46:58.0000000Z;9.785;9.795;10127;10127
2026-06-08T08:47:10.0000000Z;9.781;9.791;10127;10127
2026-06-08T08:47:41.0000000Z;9.781;9.791;10127;10127
2026-06-08T08:48:11.0000000Z;9.781;9.791;10127;10127
2026-06-08T08:48:42.0000000Z;9.781;9.791;10127;10127
2026-06-08T08:48:55.0000000Z;9.784;9.795;10127;10127
2026-06-08T08:49:07.0000000Z;9.788;9.798;10127;10127
2026-06-08T08:49:09.0000000Z;9.788;9.799;10127;10127
2026-06-08T08:49:11.0000000Z;9.788;9.798;10127;10127
2026-06-08T08:49:42.0000000Z;9.788;9.798;10127;10127
2026-06-08T08:50:12.0000000Z;9.788;9.798;10127;10127
2026-06-08T08:50:43.0000000Z;9.788;9.798;10127;10127
2026-06-08T08:51:04.0000000Z;9.781;9.791;10127;10127
2026-06-08T08:51:06.0000000Z;9.784;9.795;10127;10127
2026-06-08T08:51:36.0000000Z;9.784;9.795;10127;10127
2026-06-08T08:52:06.0000000Z;9.784;9.795;10127;10127
2026-06-08T08:52:37.0000000Z;9.784;9.795;10127;10127
2026-06-08T08:53:07.0000000Z;9.784;9.795;10127;10127
2026-06-08T08:53:38.0000000Z;9.784;9.795;10127;10127
2026-06-08T08:53:50.0000000Z;9.786;9.795;10127;10127
2026-06-08T08:54:21.0000000Z;9.786;9.795;10127;10127
2026-06-08T08:54:36.0000000Z;9.788;9.797;10127;10127
2026-06-08T08:54:41.0000000Z;9.788;9.795;10127;10127
2026-06-08T08:54:49.0000000Z;9.787;9.795;10127;10127
2026-06-08T08:55:01.0000000Z;9.786;9.795;10127;10127
2026-06-08T08:55:09.0000000Z;9.789;9.795;10127;10127
2026-06-08T08:55:21.0000000Z;9.788;9.795;10127;10127
2026-06-08T08:55:31.0000000Z;9.786;9.795;10127;10127
2026-06-08T08:56:02.0000000Z;9.786;9.795;10127;10127
2026-06-08T08:56:25.0000000Z;9.788;9.795;10127;10127
2026-06-08T08:56:45.0000000Z;9.786;9.795;10127;10127
2026-06-08T08:56:47.0000000Z;9.788;9.795;10127;10127
2026-06-08T08:57:18.0000000Z;9.788;9.795;10127;10127
2026-06-08T08:57:19.0000000Z;9.789;9.795;10127;10127
2026-06-08T08:57:29.0000000Z;9.788;9.795;10127;10127
2026-06-08T08:57:31.0000000Z;9.789;9.795;10127;10127
2026-06-08T08:57:58.0000000Z;9.79;9.795;10127;10127
2026-06-08T08:58:08.0000000Z;9.789;9.795;10127;10127
2026-06-08T08:58:10.0000000Z;9.79;9.795;10127;10127
2026-06-08T08:58:40.0000000Z;9.79;9.795;10127;10127
2026-06-08T08:59:00.0000000Z;9.791;9.799;10127;10127
2026-06-08T08:59:12.0000000Z;9.79;9.799;10127;10127
2026-06-08T08:59:22.0000000Z;9.791;9.799;10127;10127
2026-06-08T08:59:30.0000000Z;9.792;9.799;10127;10127
2026-06-08T08:59:40.0000000Z;9.791;9.799;10127;10127
2026-06-08T08:59:50.0000000Z;9.79;9.799;10127;10127
2026-06-08T09:00:02.0000000Z;9.791;9.799;10127;10127
2026-06-08T09:00:06.0000000Z;9.792;9.799;10127;10127
2026-06-08T09:00:18.0000000Z;9.793;9.799;10127;10127
2026-06-08T09:00:26.0000000Z;9.792;9.799;10127;10127
2026-06-08T09:00:42.0000000Z;9.793;9.799;10127;10127
2026-06-08T09:01:06.0000000Z;9.792;9.799;10127;10127
2026-06-08T09:01:16.0000000Z;9.791;9.799;10127;10127
2026-06-08T09:01:22.0000000Z;9.792;9.799;10127;10127
2026-06-08T09:01:42.0000000Z;9.794;9.799;10127;10127
2026-06-08T09:01:46.0000000Z;9.795;9.803;10127;10127
2026-06-08T09:02:17.0000000Z;9.795;9.803;10127;10127
2026-06-08T09:02:19.0000000Z;9.794;9.803;10127;10127
2026-06-08T09:02:41.0000000Z;9.797;9.805;10127;10127
2026-06-08T09:02:49.0000000Z;9.797;9.806;10127;10127
2026-06-08T09:03:19.0000000Z;9.797;9.806;10127;10127
2026-06-08T09:03:50.0000000Z;9.797;9.806;10127;10127
2026-06-08T09:04:20.0000000Z;9.797;9.806;10127;10127
2026-06-08T09:04:51.0000000Z;9.797;9.806;10127;10127
2026-06-08T09:05:21.0000000Z;9.797;9.806;10127;10127
2026-06-08T09:05:33.0000000Z;9.797;9.803;10127;10127
2026-06-08T09:05:58.0000000Z;9.794;9.802;10127;10127
2026-06-08T09:06:10.0000000Z;9.794;9.803;10127;10127
2026-06-08T09:06:20.0000000Z;9.794;9.802;10127;10127
2026-06-08T09:06:30.0000000Z;9.793;9.802;10127;10127
2026-06-08T09:06:58.0000000Z;9.792;9.799;10127;10127
2026-06-08T09:07:06.0000000Z;9.789;9.799;10127;10127
2026-06-08T09:07:08.0000000Z;9.789;9.798;10127;10127
2026-06-08T09:07:39.0000000Z;9.789;9.798;10127;10127
2026-06-08T09:08:09.0000000Z;9.789;9.798;10127;10127
2026-06-08T09:08:22.0000000Z;9.789;9.799;10127;10127
2026-06-08T09:08:38.0000000Z;9.789;9.798;10127;10127
2026-06-08T09:09:04.0000000Z;9.786;9.795;10127;10127
2026-06-08T09:09:35.0000000Z;9.786;9.795;10127;10127
2026-06-08T09:10:06.0000000Z;9.786;9.795;10127;10127
2026-06-08T09:10:31.0000000Z;9.79;9.798;10127;10127
2026-06-08T09:10:39.0000000Z;9.79;9.799;10127;10127
2026-06-08T09:11:10.0000000Z;9.79;9.799;10127;10127
2026-06-08T09:11:40.0000000Z;9.79;9.799;10127;10127
2026-06-08T09:12:11.0000000Z;9.79;9.799;10127;10127
2026-06-08T09:12:41.0000000Z;9.79;9.799;10127;10127
2026-06-08T09:12:48.0000000Z;9.792;9.799;10127;10127
2026-06-08T09:13:04.0000000Z;9.791;9.799;10127;10127
2026-06-08T09:13:21.0000000Z;9.793;9.799;10127;10127
2026-06-08T09:13:39.0000000Z;9.795;9.803;10127;10127
2026-06-08T09:13:51.0000000Z;9.794;9.803;10127;10127
2026-06-08T09:14:13.0000000Z;9.795;9.803;10127;10127
2026-06-08T09:14:23.0000000Z;9.794;9.803;10127;10127
2026-06-08T09:14:35.0000000Z;9.795;9.803;10127;10127
2026-06-08T09:14:59.0000000Z;9.796;9.803;10127;10127
2026-06-08T09:15:13.0000000Z;9.795;9.803;10127;10127
2026-06-08T09:15:31.0000000Z;9.797;9.803;10127;10127
2026-06-08T09:16:01.0000000Z;9.797;9.803;10127;10127
2026-06-08T09:16:07.0000000Z;9.796;9.803;10127;10127
2026-06-08T09:16:21.0000000Z;9.797;9.803;10127;10127
2026-06-08T09:16:39.0000000Z;9.796;9.803;10127;10127
2026-06-08T09:16:45.0000000Z;9.797;9.803;10127;10127
2026-06-08T09:16:53.0000000Z;9.798;9.803;10127;10127
2026-06-08T09:16:55.0000000Z;9.797;9.803;10127;10127
2026-06-08T09:17:03.0000000Z;9.799;9.807;10127;10127
2026-06-08T09:17:23.0000000Z;9.797;9.807;10127;10127
2026-06-08T09:17:54.0000000Z;9.797;9.807;10127;10127
2026-06-08T09:17:59.0000000Z;9.798;9.807;10127;10127
2026-06-08T09:18:30.0000000Z;9.798;9.807;10127;10127
2026-06-08T09:18:38.0000000Z;9.798;9.806;10127;10127
2026-06-08T09:19:08.0000000Z;9.798;9.806;10127;10127
2026-06-08T09:19:32.0000000Z;9.798;9.807;10127;10127
2026-06-08T09:20:03.0000000Z;9.798;9.807;10127;10127
2026-06-08T09:20:04.0000000Z;9.8;9.81;10127;10127
2026-06-08T09:20:18.0000000Z;9.801;9.81;10127;10127
2026-06-08T09:20:48.0000000Z;9.802;9.811;10127;10127
2026-06-08T09:21:19.0000000Z;9.802;9.811;10127;10127
2026-06-08T09:21:49.0000000Z;9.802;9.811;10127;10127
2026-06-08T09:22:03.0000000Z;9.803;9.811;10127;10127
2026-06-08T09:22:27.0000000Z;9.802;9.811;10127;10127
2026-06-08T09:22:43.0000000Z;9.804;9.812;10127;10127
2026-06-08T09:23:13.0000000Z;9.804;9.812;10127;10127
2026-06-08T09:23:43.0000000Z;9.804;9.812;10127;10127
2026-06-08T09:24:14.0000000Z;9.804;9.812;10127;10127
2026-06-08T09:24:45.0000000Z;9.804;9.812;10127;10127
2026-06-08T09:25:15.0000000Z;9.804;9.812;10127;10127
2026-06-08T09:25:46.0000000Z;9.804;9.812;10127;10127
2026-06-08T09:26:16.0000000Z;9.804;9.812;10127;10127
2026-06-08T09:26:23.0000000Z;9.804;9.814;10127;10127
2026-06-08T09:26:54.0000000Z;9.804;9.814;10127;10127
2026-06-08T09:27:20.0000000Z;9.802;9.81;10127;10127
2026-06-08T09:27:22.0000000Z;9.802;9.811;10127;10127
2026-06-08T09:27:28.0000000Z;9.802;9.81;10127;10127
2026-06-08T09:27:30.0000000Z;9.802;9.811;10127;10127
2026-06-08T09:27:34.0000000Z;9.802;9.81;10127;10127
2026-06-08T09:27:36.0000000Z;9.802;9.811;10127;10127
2026-06-08T09:27:42.0000000Z;9.802;9.81;10127;10127
2026-06-08T09:27:44.0000000Z;9.802;9.811;10127;10127
2026-06-08T09:27:54.0000000Z;9.802;9.81;10127;10127
2026-06-08T09:28:25.0000000Z;9.802;9.81;10127;10127
2026-06-08T09:28:28.0000000Z;9.801;9.81;10127;10127
2026-06-08T09:28:32.0000000Z;9.802;9.81;10127;10127
2026-06-08T09:28:38.0000000Z;9.801;9.81;10127;10127
2026-06-08T09:28:42.0000000Z;9.802;9.81;10127;10127
2026-06-08T09:29:13.0000000Z;9.802;9.81;10127;10127
2026-06-08T09:29:16.0000000Z;9.801;9.81;10127;10127
2026-06-08T09:29:18.0000000Z;9.802;9.81;10127;10127
2026-06-08T09:29:28.0000000Z;9.802;9.811;10127;10127
2026-06-08T09:29:32.0000000Z;9.802;9.81;10127;10127
2026-06-08T09:29:34.0000000Z;9.801;9.811;10127;10127
2026-06-08T09:29:36.0000000Z;9.802;9.811;10127;10127
2026-06-08T09:29:42.0000000Z;9.802;9.81;10127;10127
2026-06-08T09:30:13.0000000Z;9.802;9.81;10127;10127
2026-06-08T09:30:43.0000000Z;9.802;9.81;10127;10127
2026-06-08T09:31:07.0000000Z;9.801;9.81;10127;10127
2026-06-08T09:31:37.0000000Z;9.801;9.81;10127;10127
2026-06-08T09:31:57.0000000Z;9.802;9.81;10127;10127
2026-06-08T09:32:27.0000000Z;9.802;9.81;10127;10127
2026-06-08T09:32:41.0000000Z;9.801;9.81;10127;10127
2026-06-08T09:32:43.0000000Z;9.802;9.81;10127;10127
2026-06-08T09:32:53.0000000Z;9.801;9.81;10127;10127
2026-06-08T09:33:23.0000000Z;9.801;9.81;10127;10127
2026-06-08T09:33:54.0000000Z;9.801;9.81;10127;10127
2026-06-08T09:33:57.0000000Z;9.801;9.807;10127;10127
2026-06-08T09:34:07.0000000Z;9.798;9.807;10127;10127
2026-06-08T09:34:31.0000000Z;9.803;9.812;10127;10127
2026-06-08T09:34:35.0000000Z;9.802;9.812;10127;10127
2026-06-08T09:34:39.0000000Z;9.803;9.812;10127;10127
2026-06-08T09:34:45.0000000Z;9.802;9.812;10127;10127
2026-06-08T09:34:51.0000000Z;9.803;9.812;10127;10127
2026-06-08T09:34:57.0000000Z;9.802;9.812;10127;10127
2026-06-08T09:35:01.0000000Z;9.803;9.812;10127;10127
2026-06-08T09:35:05.0000000Z;9.802;9.812;10127;10127
2026-06-08T09:35:12.0000000Z;9.803;9.812;10127;10127
2026-06-08T09:35:18.0000000Z;9.802;9.812;10127;10127
2026-06-08T09:35:22.0000000Z;9.803;9.812;10127;10127
2026-06-08T09:35:44.0000000Z;9.802;9.812;10127;10127
2026-06-08T09:36:00.0000000Z;9.803;9.812;10127;10127
2026-06-08T09:36:26.0000000Z;9.802;9.812;10127;10127
2026-06-08T09:36:28.0000000Z;9.803;9.812;10127;10127
2026-06-08T09:36:32.0000000Z;9.802;9.812;10127;10127
2026-06-08T09:36:40.0000000Z;9.803;9.812;10127;10127
2026-06-08T09:36:46.0000000Z;9.806;9.817;10127;10127
2026-06-08T09:36:54.0000000Z;9.807;9.817;10127;10127
2026-06-08T09:36:56.0000000Z;9.806;9.817;10127;10127
2026-06-08T09:37:00.0000000Z;9.807;9.817;10127;10127
2026-06-08T09:37:04.0000000Z;9.806;9.817;10127;10127
2026-06-08T09:37:06.0000000Z;9.81;9.82;10127;10127
2026-06-08T09:37:10.0000000Z;9.811;9.82;10127;10127
2026-06-08T09:37:16.0000000Z;9.807;9.813;10127;10127
2026-06-08T09:37:20.0000000Z;9.806;9.813;10127;10127
2026-06-08T09:37:36.0000000Z;9.812;9.822;10127;10127
2026-06-08T09:37:44.0000000Z;9.806;9.815;10127;10127
2026-06-08T09:38:08.0000000Z;9.805;9.815;10127;10127
2026-06-08T09:38:35.0000000Z;9.806;9.815;10127;10127
2026-06-08T09:38:57.0000000Z;9.805;9.815;10127;10127
2026-06-08T09:39:07.0000000Z;9.8;9.806;10127;10127
2026-06-08T09:39:38.0000000Z;9.8;9.806;10127;10127
2026-06-08T09:39:41.0000000Z;9.805;9.814;10127;10127
2026-06-08T09:40:11.0000000Z;9.805;9.814;10127;10127
2026-06-08T09:40:17.0000000Z;9.808;9.818;10127;10127
2026-06-08T09:40:48.0000000Z;9.808;9.818;10127;10127
2026-06-08T09:41:18.0000000Z;9.808;9.818;10127;10127
2026-06-08T09:41:49.0000000Z;9.808;9.818;10127;10127
2026-06-08T09:42:19.0000000Z;9.808;9.818;10127;10127
2026-06-08T09:42:50.0000000Z;9.808;9.818;10127;10127
2026-06-08T09:42:56.0000000Z;9.812;9.822;10127;10127
2026-06-08T09:43:26.0000000Z;9.812;9.822;10127;10127
2026-06-08T09:43:57.0000000Z;9.812;9.822;10127;10127
2026-06-08T09:44:18.0000000Z;9.816;9.825;10127;10127
2026-06-08T09:44:48.0000000Z;9.816;9.825;10127;10127
2026-06-08T09:45:04.0000000Z;9.812;9.822;10127;10127
2026-06-08T09:45:10.0000000Z;9.816;9.822;10127;10127
2026-06-08T09:45:26.0000000Z;9.816;9.826;10127;10127
2026-06-08T09:45:56.0000000Z;9.816;9.826;10127;10127
2026-06-08T09:46:27.0000000Z;9.816;9.826;10127;10127
2026-06-08T09:46:57.0000000Z;9.816;9.826;10127;10127
2026-06-08T09:47:28.0000000Z;9.816;9.826;10127;10127
2026-06-08T09:47:58.0000000Z;9.816;9.826;10127;10127
2026-06-08T09:48:29.0000000Z;9.816;9.826;10127;10127
2026-06-08T09:48:59.0000000Z;9.816;9.826;10127;10127
2026-06-08T09:49:30.0000000Z;9.816;9.826;10127;10127
2026-06-08T09:50:01.0000000Z;9.816;9.826;10127;10127
2026-06-08T09:50:07.0000000Z;9.812;9.822;10127;10127
2026-06-08T09:50:38.0000000Z;9.812;9.822;10127;10127
2026-06-08T09:50:39.0000000Z;9.816;9.823;10127;10127
2026-06-08T09:50:43.0000000Z;9.816;9.825;10127;10127
2026-06-08T09:50:58.0000000Z;9.812;9.822;10127;10127
2026-06-08T09:51:28.0000000Z;9.812;9.822;10127;10127
2026-06-08T09:51:59.0000000Z;9.812;9.822;10127;10127
2026-06-08T09:52:22.0000000Z;9.816;9.825;10127;10127
2026-06-08T09:52:53.0000000Z;9.816;9.825;10127;10127
2026-06-08T09:53:10.0000000Z;9.812;9.822;10127;10127
2026-06-08T09:53:18.0000000Z;9.816;9.822;10127;10127
2026-06-08T09:53:38.0000000Z;9.812;9.822;10127;10127
2026-06-08T09:54:04.0000000Z;9.816;9.826;10127;10127
2026-06-08T09:54:35.0000000Z;9.816;9.826;10127;10127
2026-06-08T09:55:05.0000000Z;9.816;9.826;10127;10127
2026-06-08T09:55:36.0000000Z;9.816;9.826;10127;10127
2026-06-08T09:55:59.0000000Z;9.812;9.822;10127;10127
2026-06-08T09:56:30.0000000Z;9.812;9.822;10127;10127
2026-06-08T09:57:00.0000000Z;9.812;9.822;10127;10127
2026-06-08T09:57:31.0000000Z;9.812;9.822;10127;10127
2026-06-08T09:58:01.0000000Z;9.812;9.822;10127;10127
2026-06-08T09:58:32.0000000Z;9.812;9.822;10127;10127
2026-06-08T09:59:02.0000000Z;9.812;9.822;10127;10127
2026-06-08T09:59:33.0000000Z;9.812;9.822;10127;10127
2026-06-08T10:00:02.0000000Z;9.816;9.822;10127;10127
2026-06-08T10:00:08.0000000Z;9.816;9.826;10127;10127
2026-06-08T10:00:38.0000000Z;9.816;9.826;10127;10127
2026-06-08T10:00:40.0000000Z;9.812;9.822;10127;10127
2026-06-08T10:01:10.0000000Z;9.812;9.822;10127;10127
2026-06-08T10:01:40.0000000Z;9.812;9.822;10127;10127
2026-06-08T10:02:02.0000000Z;9.808;9.819;10127;10127
2026-06-08T10:02:04.0000000Z;9.808;9.818;10127;10127
2026-06-08T10:02:12.0000000Z;9.8;9.81;10127;10127
2026-06-08T10:02:20.0000000Z;9.805;9.81;10127;10127
2026-06-08T10:02:26.0000000Z;9.805;9.811;10127;10127
2026-06-08T10:02:28.0000000Z;9.802;9.811;10127;10127
2026-06-08T10:02:40.0000000Z;9.806;9.816;10127;10127
2026-06-08T10:02:58.0000000Z;9.81;9.82;10127;10127
2026-06-08T10:03:29.0000000Z;9.81;9.82;10127;10127
2026-06-08T10:04:00.0000000Z;9.81;9.82;10127;10127
2026-06-08T10:04:21.0000000Z;9.81;9.819;10127;10127
2026-06-08T10:04:25.0000000Z;9.81;9.82;10127;10127
2026-06-08T10:04:55.0000000Z;9.81;9.82;10127;10127
2026-06-08T10:05:25.0000000Z;9.81;9.82;10127;10127
2026-06-08T10:05:33.0000000Z;9.814;9.823;10127;10127
2026-06-08T10:05:51.0000000Z;9.81;9.82;10127;10127
2026-06-08T10:06:21.0000000Z;9.81;9.82;10127;10127
2026-06-08T10:06:39.0000000Z;9.814;9.82;10127;10127
2026-06-08T10:07:05.0000000Z;9.814;9.823;10127;10127
2026-06-08T10:07:36.0000000Z;9.814;9.823;10127;10127
2026-06-08T10:08:06.0000000Z;9.814;9.823;10127;10127
2026-06-08T10:08:37.0000000Z;9.814;9.823;10127;10127
2026-06-08T10:08:50.0000000Z;9.814;9.824;10127;10127
2026-06-08T10:08:56.0000000Z;9.814;9.823;10127;10127
2026-06-08T10:09:10.0000000Z;9.814;9.824;10127;10127
2026-06-08T10:09:36.0000000Z;9.814;9.823;10127;10127
2026-06-08T10:09:52.0000000Z;9.81;9.82;10127;10127
2026-06-08T10:10:22.0000000Z;9.81;9.82;10127;10127
2026-06-08T10:10:53.0000000Z;9.81;9.82;10127;10127
2026-06-08T10:11:24.0000000Z;9.81;9.82;10127;10127
2026-06-08T10:11:54.0000000Z;9.81;9.82;10127;10127
2026-06-08T10:12:25.0000000Z;9.81;9.82;10127;10127
2026-06-08T10:12:55.0000000Z;9.81;9.82;10127;10127
2026-06-08T10:13:07.0000000Z;9.814;9.824;10127;10127
2026-06-08T10:13:27.0000000Z;9.814;9.823;10127;10127
2026-06-08T10:13:43.0000000Z;9.814;9.824;10127;10127
2026-06-08T10:13:57.0000000Z;9.814;9.823;10127;10127
2026-06-08T10:14:01.0000000Z;9.81;9.82;10127;10127
2026-06-08T10:14:32.0000000Z;9.81;9.82;10127;10127
2026-06-08T10:15:03.0000000Z;9.81;9.82;10127;10127
2026-06-08T10:15:33.0000000Z;9.81;9.82;10127;10127
2026-06-08T10:16:04.0000000Z;9.81;9.82;10127;10127
2026-06-08T10:16:34.0000000Z;9.81;9.82;10127;10127
2026-06-08T10:16:48.0000000Z;9.806;9.816;10127;10127
2026-06-08T10:17:18.0000000Z;9.806;9.816;10127;10127
2026-06-08T10:17:48.0000000Z;9.806;9.816;10127;10127
2026-06-08T10:18:19.0000000Z;9.806;9.816;10127;10127
2026-06-08T10:18:50.0000000Z;9.806;9.816;10127;10127
2026-06-08T10:19:20.0000000Z;9.806;9.816;10127;10127
2026-06-08T10:19:51.0000000Z;9.806;9.816;10127;10127
2026-06-08T10:19:52.0000000Z;9.803;9.812;10127;10127
2026-06-08T10:20:23.0000000Z;9.803;9.812;10127;10127
2026-06-08T10:20:54.0000000Z;9.803;9.812;10127;10127
2026-06-08T10:21:24.0000000Z;9.803;9.812;10127;10127
2026-06-08T10:21:55.0000000Z;9.803;9.812;10127;10127
2026-06-08T10:22:25.0000000Z;9.803;9.812;10127;10127
2026-06-08T10:22:49.0000000Z;9.802;9.804;10127;10127
2026-06-08T10:22:51.0000000Z;9.793;9.804;10127;10127
2026-06-08T10:22:53.0000000Z;9.794;9.803;10127;10127
2026-06-08T10:23:05.0000000Z;9.798;9.808;10127;10127
2026-06-08T10:23:36.0000000Z;9.798;9.808;10127;10127
2026-06-08T10:24:06.0000000Z;9.798;9.808;10127;10127
2026-06-08T10:24:10.0000000Z;9.802;9.812;10127;10127
2026-06-08T10:24:40.0000000Z;9.802;9.812;10127;10127
2026-06-08T10:24:48.0000000Z;9.798;9.808;10127;10127
2026-06-08T10:24:52.0000000Z;9.802;9.808;10127;10127
2026-06-08T10:24:58.0000000Z;9.802;9.812;10127;10127
2026-06-08T10:25:29.0000000Z;9.802;9.812;10127;10127
2026-06-08T10:25:32.0000000Z;9.798;9.808;10127;10127
2026-06-08T10:25:42.0000000Z;9.802;9.812;10127;10127
2026-06-08T10:26:04.0000000Z;9.798;9.808;10127;10127
2026-06-08T10:26:35.0000000Z;9.798;9.808;10127;10127
2026-06-08T10:27:02.0000000Z;9.802;9.812;10127;10127
2026-06-08T10:27:33.0000000Z;9.802;9.812;10127;10127
2026-06-08T10:28:03.0000000Z;9.802;9.812;10127;10127
2026-06-08T10:28:34.0000000Z;9.802;9.812;10127;10127
2026-06-08T10:29:04.0000000Z;9.802;9.812;10127;10127
2026-06-08T10:29:23.0000000Z;9.806;9.816;10127;10127
2026-06-08T10:29:53.0000000Z;9.806;9.816;10127;10127
2026-06-08T10:30:24.0000000Z;9.806;9.816;10127;10127
2026-06-08T10:30:54.0000000Z;9.806;9.816;10127;10127
2026-06-08T10:31:25.0000000Z;9.806;9.816;10127;10127
2026-06-08T10:31:56.0000000Z;9.806;9.816;10127;10127
2026-06-08T10:32:26.0000000Z;9.806;9.816;10127;10127
2026-06-08T10:32:48.0000000Z;9.802;9.812;10127;10127
2026-06-08T10:33:18.0000000Z;9.802;9.812;10127;10127
2026-06-08T10:33:32.0000000Z;9.806;9.816;10127;10127
2026-06-08T10:33:38.0000000Z;9.806;9.815;10127;10127
2026-06-08T10:33:42.0000000Z;9.806;9.816;10127;10127
2026-06-08T10:34:12.0000000Z;9.806;9.816;10127;10127
2026-06-08T10:34:36.0000000Z;9.821;9.831;10127;10127
2026-06-08T10:35:07.0000000Z;9.821;9.831;10127;10127
2026-06-08T10:35:12.0000000Z;9.812;9.821;10127;10127
2026-06-08T10:35:16.0000000Z;9.815;9.821;10127;10127
2026-06-08T10:35:20.0000000Z;9.815;9.825;10127;10127
2026-06-08T10:35:34.0000000Z;9.811;9.822;10127;10127
2026-06-08T10:35:36.0000000Z;9.811;9.821;10127;10127
2026-06-08T10:35:40.0000000Z;9.812;9.821;10127;10127
2026-06-08T10:35:42.0000000Z;9.811;9.821;10127;10127
2026-06-08T10:36:03.0000000Z;9.812;9.821;10127;10127
2026-06-08T10:36:13.0000000Z;9.811;9.821;10127;10127
2026-06-08T10:36:43.0000000Z;9.811;9.821;10127;10127
2026-06-08T10:36:45.0000000Z;9.816;9.826;10127;10127
2026-06-08T10:36:59.0000000Z;9.812;9.822;10127;10127
2026-06-08T10:37:07.0000000Z;9.816;9.822;10127;10127
2026-06-08T10:37:33.0000000Z;9.812;9.822;10127;10127
2026-06-08T10:38:04.0000000Z;9.812;9.822;10127;10127
2026-06-08T10:38:34.0000000Z;9.812;9.822;10127;10127
2026-06-08T10:38:45.0000000Z;9.816;9.826;10127;10127
2026-06-08T10:39:13.0000000Z;9.812;9.822;10127;10127
2026-06-08T10:39:44.0000000Z;9.812;9.822;10127;10127
2026-06-08T10:40:14.0000000Z;9.812;9.822;10127;10127
2026-06-08T10:40:45.0000000Z;9.812;9.822;10127;10127
2026-06-08T10:41:16.0000000Z;9.812;9.822;10127;10127
2026-06-08T10:41:22.0000000Z;9.816;9.826;10127;10127
2026-06-08T10:41:38.0000000Z;9.812;9.822;10127;10127
2026-06-08T10:41:54.0000000Z;9.816;9.826;10127;10127
2026-06-08T10:42:25.0000000Z;9.816;9.826;10127;10127
2026-06-08T10:42:45.0000000Z;9.812;9.822;10127;10127
2026-06-08T10:43:07.0000000Z;9.816;9.826;10127;10127
2026-06-08T10:43:37.0000000Z;9.816;9.826;10127;10127
2026-06-08T10:44:08.0000000Z;9.816;9.826;10127;10127
2026-06-08T10:44:33.0000000Z;9.812;9.822;10127;10127
2026-06-08T10:45:03.0000000Z;9.812;9.822;10127;10127
2026-06-08T10:45:34.0000000Z;9.812;9.822;10127;10127
2026-06-08T10:46:04.0000000Z;9.812;9.822;10127;10127
2026-06-08T10:46:35.0000000Z;9.812;9.822;10127;10127
2026-06-08T10:46:41.0000000Z;9.808;9.818;10127;10127
2026-06-08T10:47:11.0000000Z;9.808;9.818;10127;10127
2026-06-08T10:47:42.0000000Z;9.808;9.818;10127;10127
2026-06-08T10:48:13.0000000Z;9.808;9.818;10127;10127
2026-06-08T10:48:43.0000000Z;9.808;9.818;10127;10127
2026-06-08T10:49:14.0000000Z;9.808;9.818;10127;10127
2026-06-08T10:49:44.0000000Z;9.808;9.818;10127;10127
2026-06-08T10:50:15.0000000Z;9.808;9.818;10127;10127
2026-06-08T10:50:45.0000000Z;9.808;9.818;10127;10127
2026-06-08T10:51:04.0000000Z;9.804;9.815;10127;10127
2026-06-08T10:51:06.0000000Z;9.804;9.814;10127;10127
2026-06-08T10:51:24.0000000Z;9.805;9.814;10127;10127
2026-06-08T10:51:28.0000000Z;9.804;9.814;10127;10127
2026-06-08T10:51:34.0000000Z;9.805;9.814;10127;10127
2026-06-08T10:51:38.0000000Z;9.804;9.814;10127;10127
2026-06-08T10:51:44.0000000Z;9.808;9.818;10127;10127
2026-06-08T10:52:15.0000000Z;9.808;9.818;10127;10127
2026-06-08T10:52:45.0000000Z;9.808;9.818;10127;10127
2026-06-08T10:53:16.0000000Z;9.808;9.818;10127;10127
2026-06-08T10:53:47.0000000Z;9.808;9.818;10127;10127
2026-06-08T10:54:17.0000000Z;9.808;9.818;10127;10127
2026-06-08T10:54:48.0000000Z;9.808;9.818;10127;10127
2026-06-08T10:55:18.0000000Z;9.808;9.818;10127;10127
2026-06-08T10:55:49.0000000Z;9.808;9.818;10127;10127
2026-06-08T10:56:20.0000000Z;9.808;9.818;10127;10127
2026-06-08T10:56:37.0000000Z;9.804;9.814;10127;10127
2026-06-08T10:56:51.0000000Z;9.805;9.814;10127;10127
2026-06-08T10:56:53.0000000Z;9.804;9.814;10127;10127
2026-06-08T10:57:24.0000000Z;9.804;9.814;10127;10127
2026-06-08T10:57:54.0000000Z;9.804;9.814;10127;10127
2026-06-08T10:58:14.0000000Z;9.808;9.818;10127;10127
2026-06-08T10:58:44.0000000Z;9.808;9.818;10127;10127
2026-06-08T10:59:15.0000000Z;9.808;9.818;10127;10127
2026-06-08T10:59:46.0000000Z;9.808;9.818;10127;10127
2026-06-08T11:00:16.0000000Z;9.804;9.814;10127;10127
2026-06-08T11:00:47.0000000Z;9.804;9.814;10127;10127
2026-06-08T11:00:51.0000000Z;9.8;9.81;10127;10127
2026-06-08T11:00:55.0000000Z;9.801;9.81;10127;10127
2026-06-08T11:01:01.0000000Z;9.804;9.81;10127;10127
2026-06-08T11:01:13.0000000Z;9.804;9.814;10127;10127
2026-06-08T11:01:25.0000000Z;9.801;9.81;10127;10127
2026-06-08T11:01:55.0000000Z;9.801;9.81;10127;10127
2026-06-08T11:02:26.0000000Z;9.801;9.81;10127;10127
2026-06-08T11:02:56.0000000Z;9.801;9.81;10127;10127
2026-06-08T11:03:27.0000000Z;9.801;9.81;10127;10127
2026-06-08T11:03:58.0000000Z;9.801;9.81;10127;10127
2026-06-08T11:04:28.0000000Z;9.801;9.81;10127;10127
2026-06-08T11:04:40.0000000Z;9.804;9.814;10127;10127
2026-06-08T11:05:10.0000000Z;9.804;9.814;10127;10127
2026-06-08T11:05:22.0000000Z;9.808;9.818;10127;10127
2026-06-08T11:05:53.0000000Z;9.808;9.818;10127;10127
2026-06-08T11:06:14.0000000Z;9.804;9.814;10127;10127
2026-06-08T11:06:45.0000000Z;9.804;9.814;10127;10127
2026-06-08T11:07:16.0000000Z;9.804;9.814;10127;10127
2026-06-08T11:07:46.0000000Z;9.804;9.814;10127;10127
2026-06-08T11:08:07.0000000Z;9.808;9.818;10127;10127
2026-06-08T11:08:37.0000000Z;9.808;9.818;10127;10127
2026-06-08T11:09:08.0000000Z;9.808;9.818;10127;10127
2026-06-08T11:09:39.0000000Z;9.808;9.818;10127;10127
2026-06-08T11:10:01.0000000Z;9.812;9.821;10127;10127
2026-06-08T11:10:05.0000000Z;9.812;9.822;10127;10127
2026-06-08T11:10:07.0000000Z;9.812;9.821;10127;10127
2026-06-08T11:10:38.0000000Z;9.812;9.821;10127;10127
2026-06-08T11:10:54.0000000Z;9.816;9.825;10127;10127
2026-06-08T11:11:24.0000000Z;9.793;9.825;10127;10127
2026-06-08T11:11:48.0000000Z;9.827;9.837;10127;10127
2026-06-08T11:12:10.0000000Z;9.823;9.833;10127;10127
2026-06-08T11:12:26.0000000Z;9.828;9.837;10127;10127
2026-06-08T11:12:38.0000000Z;9.828;9.838;10127;10127
2026-06-08T11:13:02.0000000Z;9.824;9.834;10127;10127
2026-06-08T11:13:10.0000000Z;9.828;9.834;10127;10127
2026-06-08T11:13:20.0000000Z;9.828;9.838;10127;10127
2026-06-08T11:13:26.0000000Z;9.824;9.834;10127;10127
2026-06-08T11:13:57.0000000Z;9.824;9.834;10127;10127
2026-06-08T11:14:11.0000000Z;9.824;9.835;10127;10127
2026-06-08T11:14:19.0000000Z;9.828;9.838;10127;10127
2026-06-08T11:14:50.0000000Z;9.828;9.838;10127;10127
2026-06-08T11:15:01.0000000Z;9.832;9.838;10127;10127
2026-06-08T11:15:09.0000000Z;9.832;9.841;10127;10127
2026-06-08T11:15:17.0000000Z;9.836;9.845;10127;10127
2026-06-08T11:15:19.0000000Z;9.836;9.846;10127;10127
2026-06-08T11:15:31.0000000Z;9.836;9.842;10127;10127
2026-06-08T11:15:41.0000000Z;9.836;9.849;10127;10127
2026-06-08T11:15:43.0000000Z;9.836;9.85;10127;10127
2026-06-08T11:15:55.0000000Z;9.829;9.847;10127;10127
2026-06-08T11:16:07.0000000Z;9.83;9.84;10127;10127
2026-06-08T11:16:37.0000000Z;9.83;9.84;10127;10127
2026-06-08T11:16:41.0000000Z;9.826;9.836;10127;10127
2026-06-08T11:16:49.0000000Z;9.83;9.836;10127;10127
2026-06-08T11:16:51.0000000Z;9.83;9.84;10127;10127
2026-06-08T11:17:05.0000000Z;9.826;9.836;10127;10127
2026-06-08T11:17:23.0000000Z;9.83;9.841;10127;10127
2026-06-08T11:17:25.0000000Z;9.83;9.84;10127;10127
2026-06-08T11:17:37.0000000Z;9.826;9.836;10127;10127
2026-06-08T11:17:45.0000000Z;9.83;9.836;10127;10127
2026-06-08T11:17:47.0000000Z;9.83;9.84;10127;10127
2026-06-08T11:18:03.0000000Z;9.826;9.836;10127;10127
2026-06-08T11:18:21.0000000Z;9.83;9.84;10127;10127
2026-06-08T11:18:52.0000000Z;9.83;9.84;10127;10127
2026-06-08T11:19:21.0000000Z;9.826;9.836;10127;10127
2026-06-08T11:19:27.0000000Z;9.83;9.836;10127;10127
2026-06-08T11:19:29.0000000Z;9.826;9.836;10127;10127
2026-06-08T11:19:46.0000000Z;9.831;9.841;10127;10127
2026-06-08T11:20:00.0000000Z;9.835;9.845;10127;10127
2026-06-08T11:20:18.0000000Z;9.831;9.841;10127;10127
2026-06-08T11:20:34.0000000Z;9.827;9.837;10127;10127
2026-06-08T11:20:42.0000000Z;9.823;9.833;10127;10127
2026-06-08T11:20:48.0000000Z;9.827;9.833;10127;10127
2026-06-08T11:20:52.0000000Z;9.827;9.837;10127;10127
2026-06-08T11:21:14.0000000Z;9.831;9.841;10127;10127
2026-06-08T11:21:45.0000000Z;9.831;9.841;10127;10127
2026-06-08T11:21:50.0000000Z;9.836;9.846;10127;10127
2026-06-08T11:22:07.0000000Z;9.836;9.845;10127;10127
2026-06-08T11:22:12.0000000Z;9.836;9.846;10127;10127
2026-06-08T11:22:17.0000000Z;9.832;9.842;10127;10127
2026-06-08T11:22:21.0000000Z;9.836;9.842;10127;10127
2026-06-08T11:22:29.0000000Z;9.836;9.846;10127;10127
2026-06-08T11:22:55.0000000Z;9.832;9.842;10127;10127
2026-06-08T11:23:11.0000000Z;9.828;9.839;10127;10127
2026-06-08T11:23:13.0000000Z;9.828;9.838;10127;10127
2026-06-08T11:23:15.0000000Z;9.832;9.838;10127;10127
2026-06-08T11:23:23.0000000Z;9.832;9.842;10127;10127
2026-06-08T11:23:49.0000000Z;9.827;9.837;10127;10127
2026-06-08T11:23:55.0000000Z;9.831;9.837;10127;10127
2026-06-08T11:24:01.0000000Z;9.831;9.841;10127;10127
2026-06-08T11:24:32.0000000Z;9.831;9.841;10127;10127
2026-06-08T11:24:41.0000000Z;9.827;9.837;10127;10127
2026-06-08T11:25:11.0000000Z;9.827;9.837;10127;10127
2026-06-08T11:25:23.0000000Z;9.831;9.841;10127;10127
2026-06-08T11:25:54.0000000Z;9.831;9.841;10127;10127
2026-06-08T11:26:25.0000000Z;9.831;9.841;10127;10127
2026-06-08T11:26:52.0000000Z;9.835;9.845;10127;10127
2026-06-08T11:27:06.0000000Z;9.831;9.841;10127;10127
2026-06-08T11:27:36.0000000Z;9.831;9.841;10127;10127
2026-06-08T11:28:06.0000000Z;9.831;9.841;10127;10127
2026-06-08T11:28:37.0000000Z;9.831;9.841;10127;10127
2026-06-08T11:29:08.0000000Z;9.831;9.841;10127;10127
2026-06-08T11:29:38.0000000Z;9.831;9.841;10127;10127
2026-06-08T11:30:02.0000000Z;9.835;9.846;10127;10127
2026-06-08T11:30:04.0000000Z;9.835;9.845;10127;10127
2026-06-08T11:30:18.0000000Z;9.831;9.841;10127;10127
2026-06-08T11:30:28.0000000Z;9.835;9.845;10127;10127
2026-06-08T11:30:58.0000000Z;9.835;9.845;10127;10127
2026-06-08T11:31:29.0000000Z;9.839;9.849;10127;10127
2026-06-08T11:32:00.0000000Z;9.839;9.849;10127;10127
2026-06-08T11:32:03.0000000Z;9.835;9.845;10127;10127
2026-06-08T11:32:33.0000000Z;9.835;9.845;10127;10127
2026-06-08T11:33:04.0000000Z;9.835;9.845;10127;10127
2026-06-08T11:33:34.0000000Z;9.835;9.845;10127;10127
2026-06-08T11:34:05.0000000Z;9.835;9.845;10127;10127
2026-06-08T11:34:35.0000000Z;9.835;9.845;10127;10127
2026-06-08T11:35:06.0000000Z;9.835;9.845;10127;10127
2026-06-08T11:35:36.0000000Z;9.835;9.845;10127;10127
2026-06-08T11:36:00.0000000Z;9.839;9.849;10127;10127
2026-06-08T11:36:10.0000000Z;9.839;9.848;10127;10127
2026-06-08T11:36:12.0000000Z;9.839;9.849;10127;10127
2026-06-08T11:36:14.0000000Z;9.835;9.845;10127;10127
2026-06-08T11:36:26.0000000Z;9.839;9.849;10127;10127
2026-06-08T11:36:42.0000000Z;9.835;9.845;10127;10127
2026-06-08T11:36:50.0000000Z;9.839;9.845;10127;10127
2026-06-08T11:37:20.0000000Z;9.839;9.845;10127;10127
2026-06-08T11:37:51.0000000Z;9.839;9.845;10127;10127
2026-06-08T11:38:21.0000000Z;9.839;9.845;10127;10127
2026-06-08T11:38:52.0000000Z;9.839;9.845;10127;10127
2026-06-08T11:39:22.0000000Z;9.839;9.845;10127;10127
2026-06-08T11:39:53.0000000Z;9.839;9.845;10127;10127
2026-06-08T11:40:23.0000000Z;9.839;9.845;10127;10127
2026-06-08T11:40:43.0000000Z;9.839;9.849;10127;10127
2026-06-08T11:41:01.0000000Z;9.843;9.853;10127;10127
2026-06-08T11:41:05.0000000Z;9.843;9.852;10127;10127
2026-06-08T11:41:07.0000000Z;9.843;9.853;10127;10127
2026-06-08T11:41:19.0000000Z;9.838;9.848;10127;10127
2026-06-08T11:41:50.0000000Z;9.838;9.848;10127;10127
2026-06-08T11:42:20.0000000Z;9.842;9.852;10127;10127
2026-06-08T11:42:38.0000000Z;9.838;9.848;10127;10127
2026-06-08T11:43:08.0000000Z;9.838;9.848;10127;10127
2026-06-08T11:43:39.0000000Z;9.838;9.848;10127;10127
2026-06-08T11:44:04.0000000Z;9.834;9.844;10127;10127
2026-06-08T11:44:35.0000000Z;9.834;9.844;10127;10127
2026-06-08T11:45:05.0000000Z;9.834;9.844;10127;10127
2026-06-08T11:45:36.0000000Z;9.834;9.844;10127;10127
2026-06-08T11:46:06.0000000Z;9.834;9.844;10127;10127
2026-06-08T11:46:37.0000000Z;9.834;9.844;10127;10127
2026-06-08T11:46:57.0000000Z;9.83;9.84;10127;10127
2026-06-08T11:47:26.0000000Z;9.826;9.836;10127;10127
2026-06-08T11:47:36.0000000Z;9.83;9.84;10127;10127
2026-06-08T11:48:06.0000000Z;9.83;9.84;10127;10127
2026-06-08T11:48:18.0000000Z;9.826;9.836;10127;10127
2026-06-08T11:48:26.0000000Z;9.83;9.836;10127;10127
2026-06-08T11:48:28.0000000Z;9.83;9.84;10127;10127
2026-06-08T11:48:48.0000000Z;9.826;9.836;10127;10127
2026-06-08T11:49:17.0000000Z;9.83;9.84;10127;10127
2026-06-08T11:49:47.0000000Z;9.83;9.84;10127;10127
2026-06-08T11:50:18.0000000Z;9.83;9.84;10127;10127
2026-06-08T11:50:48.0000000Z;9.83;9.84;10127;10127
2026-06-08T11:51:19.0000000Z;9.83;9.84;10127;10127
2026-06-08T11:51:49.0000000Z;9.83;9.84;10127;10127
2026-06-08T11:52:20.0000000Z;9.83;9.84;10127;10127
2026-06-08T11:52:47.0000000Z;9.826;9.836;10127;10127
2026-06-08T11:53:18.0000000Z;9.826;9.836;10127;10127
2026-06-08T11:53:49.0000000Z;9.826;9.836;10127;10127
2026-06-08T11:54:19.0000000Z;9.826;9.836;10127;10127
2026-06-08T11:54:50.0000000Z;9.826;9.836;10127;10127
2026-06-08T11:55:20.0000000Z;9.826;9.836;10127;10127
2026-06-08T11:55:51.0000000Z;9.826;9.836;10127;10127
2026-06-08T11:56:16.0000000Z;9.83;9.84;10127;10127
2026-06-08T11:56:47.0000000Z;9.83;9.84;10127;10127
2026-06-08T11:57:17.0000000Z;9.83;9.84;10127;10127
2026-06-08T11:57:48.0000000Z;9.83;9.84;10127;10127
2026-06-08T11:58:19.0000000Z;9.83;9.84;10127;10127
2026-06-08T11:58:49.0000000Z;9.83;9.84;10127;10127
2026-06-08T11:59:09.0000000Z;9.826;9.837;10127;10127
2026-06-08T11:59:19.0000000Z;9.826;9.836;10127;10127
2026-06-08T11:59:49.0000000Z;9.826;9.836;10127;10127
2026-06-08T12:00:20.0000000Z;9.826;9.836;10127;10127
2026-06-08T12:00:21.0000000Z;9.83;9.84;10127;10127
2026-06-08T12:00:52.0000000Z;9.83;9.84;10127;10127
2026-06-08T12:00:56.0000000Z;9.834;9.844;10127;10127
2026-06-08T12:01:26.0000000Z;9.834;9.844;10127;10127
2026-06-08T12:01:38.0000000Z;9.83;9.84;10127;10127
2026-06-08T12:01:42.0000000Z;9.826;9.836;10127;10127
2026-06-08T12:02:04.0000000Z;9.83;9.84;10127;10127
2026-06-08T12:02:35.0000000Z;9.83;9.84;10127;10127
2026-06-08T12:03:06.0000000Z;9.83;9.84;10127;10127
2026-06-08T12:03:36.0000000Z;9.83;9.84;10127;10127
2026-06-08T12:03:52.0000000Z;9.825;9.833;10127;10127
2026-06-08T12:03:54.0000000Z;9.811;9.86;10127;10127
2026-06-08T12:03:56.0000000Z;9.823;9.832;10127;10127
2026-06-08T12:04:08.0000000Z;9.827;9.837;10127;10127
2026-06-08T12:04:39.0000000Z;9.827;9.837;10127;10127
2026-06-08T12:04:55.0000000Z;9.831;9.841;10127;10127
2026-06-08T12:05:25.0000000Z;9.831;9.841;10127;10127
2026-06-08T12:05:49.0000000Z;9.827;9.837;10127;10127
2026-06-08T12:05:51.0000000Z;9.827;9.838;10127;10127
2026-06-08T12:05:53.0000000Z;9.827;9.837;10127;10127
2026-06-08T12:06:09.0000000Z;9.823;9.833;10127;10127
2026-06-08T12:06:23.0000000Z;9.827;9.837;10127;10127
2026-06-08T12:06:53.0000000Z;9.827;9.837;10127;10127
2026-06-08T12:07:24.0000000Z;9.827;9.837;10127;10127
2026-06-08T12:07:33.0000000Z;9.831;9.841;10127;10127
2026-06-08T12:08:04.0000000Z;9.831;9.841;10127;10127
2026-06-08T12:08:34.0000000Z;9.831;9.841;10127;10127
2026-06-08T12:08:37.0000000Z;9.835;9.845;10127;10127
2026-06-08T12:09:08.0000000Z;9.835;9.845;10127;10127
2026-06-08T12:09:38.0000000Z;9.835;9.845;10127;10127
2026-06-08T12:10:09.0000000Z;9.835;9.845;10127;10127
2026-06-08T12:10:39.0000000Z;9.835;9.845;10127;10127
2026-06-08T12:11:10.0000000Z;9.835;9.845;10127;10127
2026-06-08T12:11:40.0000000Z;9.835;9.845;10127;10127
2026-06-08T12:12:11.0000000Z;9.835;9.845;10127;10127
2026-06-08T12:12:42.0000000Z;9.835;9.845;10127;10127
2026-06-08T12:13:12.0000000Z;9.835;9.845;10127;10127
2026-06-08T12:13:43.0000000Z;9.835;9.845;10127;10127
2026-06-08T12:13:59.0000000Z;9.831;9.841;10127;10127
2026-06-08T12:14:05.0000000Z;9.835;9.841;10127;10127
2026-06-08T12:14:36.0000000Z;9.835;9.841;10127;10127
2026-06-08T12:15:06.0000000Z;9.835;9.841;10127;10127
2026-06-08T12:15:37.0000000Z;9.835;9.841;10127;10127
2026-06-08T12:16:07.0000000Z;9.835;9.841;10127;10127
2026-06-08T12:16:38.0000000Z;9.835;9.841;10127;10127
2026-06-08T12:17:08.0000000Z;9.835;9.841;10127;10127
2026-06-08T12:17:39.0000000Z;9.835;9.841;10127;10127
2026-06-08T12:18:09.0000000Z;9.835;9.841;10127;10127
2026-06-08T12:18:40.0000000Z;9.835;9.841;10127;10127
2026-06-08T12:19:11.0000000Z;9.835;9.841;10127;10127
2026-06-08T12:19:41.0000000Z;9.835;9.841;10127;10127
2026-06-08T12:20:12.0000000Z;9.835;9.841;10127;10127
2026-06-08T12:20:42.0000000Z;9.835;9.841;10127;10127
2026-06-08T12:21:06.0000000Z;9.835;9.846;10127;10127
2026-06-08T12:21:08.0000000Z;9.835;9.845;10127;10127
2026-06-08T12:21:38.0000000Z;9.835;9.845;10127;10127
2026-06-08T12:22:00.0000000Z;9.839;9.849;10127;10127
2026-06-08T12:22:30.0000000Z;9.839;9.849;10127;10127
2026-06-08T12:23:01.0000000Z;9.839;9.849;10127;10127
2026-06-08T12:23:28.0000000Z;9.835;9.845;10127;10127
2026-06-08T12:23:59.0000000Z;9.835;9.845;10127;10127
2026-06-08T12:24:29.0000000Z;9.835;9.845;10127;10127
2026-06-08T12:24:32.0000000Z;9.839;9.849;10127;10127
2026-06-08T12:25:03.0000000Z;9.839;9.849;10127;10127
2026-06-08T12:25:33.0000000Z;9.839;9.849;10127;10127
2026-06-08T12:26:04.0000000Z;9.839;9.849;10127;10127
2026-06-08T12:26:34.0000000Z;9.839;9.849;10127;10127
2026-06-08T12:27:05.0000000Z;9.839;9.849;10127;10127
2026-06-08T12:27:11.0000000Z;9.835;9.845;10127;10127
2026-06-08T12:27:41.0000000Z;9.839;9.849;10127;10127
2026-06-08T12:28:12.0000000Z;9.839;9.849;10127;10127
2026-06-08T12:28:43.0000000Z;9.839;9.849;10127;10127
2026-06-08T12:29:13.0000000Z;9.839;9.849;10127;10127
2026-06-08T12:29:44.0000000Z;9.839;9.849;10127;10127
2026-06-08T12:29:46.0000000Z;9.834;9.855;10127;10127
2026-06-08T12:30:16.0000000Z;9.834;9.856;10127;10127
2026-06-08T12:30:32.0000000Z;9.824;9.855;10127;10127
2026-06-08T12:30:34.0000000Z;9.833;9.855;10127;10127
2026-06-08T12:30:44.0000000Z;9.82;9.855;10127;10127
2026-06-08T12:30:50.0000000Z;9.821;9.855;10127;10127
2026-06-08T12:31:16.0000000Z;9.842;9.852;10127;10127
2026-06-08T12:31:47.0000000Z;9.842;9.852;10127;10127
2026-06-08T12:32:18.0000000Z;9.842;9.852;10127;10127
2026-06-08T12:32:48.0000000Z;9.842;9.852;10127;10127
2026-06-08T12:33:19.0000000Z;9.842;9.852;10127;10127
2026-06-08T12:33:49.0000000Z;9.842;9.852;10127;10127
2026-06-08T12:34:20.0000000Z;9.842;9.852;10127;10127
2026-06-08T12:34:50.0000000Z;9.842;9.852;10127;10127
2026-06-08T12:35:21.0000000Z;9.842;9.852;10127;10127
2026-06-08T12:35:52.0000000Z;9.842;9.852;10127;10127
2026-06-08T12:36:22.0000000Z;9.842;9.852;10127;10127
2026-06-08T12:36:53.0000000Z;9.842;9.852;10127;10127
2026-06-08T12:37:21.0000000Z;9.846;9.856;10127;10127
2026-06-08T12:37:52.0000000Z;9.846;9.856;10127;10127
2026-06-08T12:38:22.0000000Z;9.846;9.856;10127;10127
2026-06-08T12:38:53.0000000Z;9.846;9.856;10127;10127
2026-06-08T12:39:24.0000000Z;9.846;9.856;10127;10127
2026-06-08T12:39:54.0000000Z;9.846;9.856;10127;10127
2026-06-08T12:40:02.0000000Z;9.826;9.851;10127;10127
2026-06-08T12:40:04.0000000Z;9.837;9.848;10127;10127
2026-06-08T12:40:35.0000000Z;9.837;9.848;10127;10127
2026-06-08T12:41:05.0000000Z;9.837;9.848;10127;10127
2026-06-08T12:41:36.0000000Z;9.837;9.848;10127;10127
2026-06-08T12:42:07.0000000Z;9.837;9.848;10127;10127
2026-06-08T12:42:37.0000000Z;9.837;9.848;10127;10127
2026-06-08T12:42:39.0000000Z;9.846;9.857;10127;10127
2026-06-08T12:42:59.0000000Z;9.846;9.852;10127;10127
2026-06-08T12:43:30.0000000Z;9.846;9.852;10127;10127
2026-06-08T12:44:00.0000000Z;9.846;9.852;10127;10127
2026-06-08T12:44:31.0000000Z;9.846;9.852;10127;10127
2026-06-08T12:45:01.0000000Z;9.846;9.852;10127;10127
2026-06-08T12:45:32.0000000Z;9.846;9.852;10127;10127
2026-06-08T12:46:03.0000000Z;9.846;9.852;10127;10127
2026-06-08T12:46:33.0000000Z;9.846;9.852;10127;10127
2026-06-08T12:46:50.0000000Z;9.838;9.848;10127;10127
2026-06-08T12:46:52.0000000Z;9.842;9.848;10127;10127
2026-06-08T12:47:00.0000000Z;9.842;9.852;10127;10127
2026-06-08T12:47:30.0000000Z;9.842;9.852;10127;10127
2026-06-08T12:47:34.0000000Z;9.838;9.848;10127;10127
2026-06-08T12:48:05.0000000Z;9.838;9.848;10127;10127
2026-06-08T12:48:36.0000000Z;9.838;9.848;10127;10127
2026-06-08T12:49:06.0000000Z;9.838;9.848;10127;10127
2026-06-08T12:49:37.0000000Z;9.838;9.848;10127;10127
2026-06-08T12:50:04.0000000Z;9.842;9.852;10127;10127
2026-06-08T12:50:35.0000000Z;9.842;9.852;10127;10127
2026-06-08T12:50:39.0000000Z;9.838;9.848;10127;10127
2026-06-08T12:51:09.0000000Z;9.838;9.848;10127;10127
2026-06-08T12:51:40.0000000Z;9.838;9.848;10127;10127
2026-06-08T12:52:10.0000000Z;9.838;9.848;10127;10127
2026-06-08T12:52:41.0000000Z;9.838;9.848;10127;10127
2026-06-08T12:53:12.0000000Z;9.838;9.848;10127;10127
2026-06-08T12:53:39.0000000Z;9.842;9.852;10127;10127
2026-06-08T12:54:10.0000000Z;9.842;9.852;10127;10127
2026-06-08T12:54:40.0000000Z;9.842;9.852;10127;10127
2026-06-08T12:54:46.0000000Z;9.838;9.849;10127;10127
2026-06-08T12:54:48.0000000Z;9.838;9.848;10127;10127
2026-06-08T12:55:18.0000000Z;9.838;9.848;10127;10127
2026-06-08T12:55:27.0000000Z;9.842;9.852;10127;10127
2026-06-08T12:55:57.0000000Z;9.842;9.852;10127;10127
2026-06-08T12:56:27.0000000Z;9.842;9.852;10127;10127
2026-06-08T12:56:50.0000000Z;9.838;9.848;10127;10127
2026-06-08T12:57:10.0000000Z;9.842;9.852;10127;10127
2026-06-08T12:57:26.0000000Z;9.838;9.848;10127;10127
2026-06-08T12:57:57.0000000Z;9.838;9.848;10127;10127
2026-06-08T12:58:27.0000000Z;9.838;9.848;10127;10127
2026-06-08T12:58:51.0000000Z;9.838;9.849;10127;10127
2026-06-08T12:59:01.0000000Z;9.838;9.848;10127;10127
2026-06-08T12:59:31.0000000Z;9.838;9.848;10127;10127
2026-06-08T13:00:02.0000000Z;9.838;9.848;10127;10127
2026-06-08T13:00:23.0000000Z;9.843;9.853;10127;10127
2026-06-08T13:00:27.0000000Z;9.836;9.843;10127;10127
2026-06-08T13:00:57.0000000Z;9.84;9.85;10127;10127
2026-06-08T13:01:28.0000000Z;9.84;9.85;10127;10127
2026-06-08T13:01:59.0000000Z;9.84;9.85;10127;10127
2026-06-08T13:02:29.0000000Z;9.84;9.85;10127;10127
2026-06-08T13:03:00.0000000Z;9.84;9.85;10127;10127
2026-06-08T13:03:30.0000000Z;9.84;9.85;10127;10127
2026-06-08T13:04:01.0000000Z;9.84;9.85;10127;10127
2026-06-08T13:04:08.0000000Z;9.836;9.847;10127;10127
2026-06-08T13:04:10.0000000Z;9.836;9.846;10127;10127
2026-06-08T13:04:18.0000000Z;9.84;9.846;10127;10127
2026-06-08T13:04:24.0000000Z;9.84;9.85;10127;10127
2026-06-08T13:04:55.0000000Z;9.84;9.85;10127;10127
2026-06-08T13:05:11.0000000Z;9.836;9.846;10127;10127
2026-06-08T13:05:41.0000000Z;9.836;9.846;10127;10127
2026-06-08T13:06:11.0000000Z;9.836;9.846;10127;10127
2026-06-08T13:06:42.0000000Z;9.836;9.846;10127;10127
2026-06-08T13:07:12.0000000Z;9.836;9.846;10127;10127
2026-06-08T13:07:15.0000000Z;9.84;9.85;10127;10127
2026-06-08T13:07:41.0000000Z;9.836;9.846;10127;10127
2026-06-08T13:08:11.0000000Z;9.836;9.846;10127;10127
2026-06-08T13:08:17.0000000Z;9.84;9.85;10127;10127
2026-06-08T13:08:48.0000000Z;9.84;9.85;10127;10127
2026-06-08T13:09:18.0000000Z;9.84;9.85;10127;10127
2026-06-08T13:09:49.0000000Z;9.84;9.85;10127;10127
2026-06-08T13:10:19.0000000Z;9.84;9.85;10127;10127
2026-06-08T13:10:50.0000000Z;9.84;9.85;10127;10127
2026-06-08T13:11:20.0000000Z;9.84;9.85;10127;10127
2026-06-08T13:11:51.0000000Z;9.84;9.85;10127;10127
2026-06-08T13:12:21.0000000Z;9.84;9.85;10127;10127
2026-06-08T13:12:40.0000000Z;9.836;9.846;10127;10127
2026-06-08T13:12:50.0000000Z;9.84;9.85;10127;10127
2026-06-08T13:13:21.0000000Z;9.84;9.85;10127;10127
2026-06-08T13:13:51.0000000Z;9.84;9.85;10127;10127
2026-06-08T13:14:22.0000000Z;9.84;9.85;10127;10127
2026-06-08T13:14:52.0000000Z;9.84;9.85;10127;10127
2026-06-08T13:15:23.0000000Z;9.84;9.85;10127;10127
2026-06-08T13:15:53.0000000Z;9.84;9.85;10127;10127
2026-06-08T13:16:24.0000000Z;9.84;9.85;10127;10127
2026-06-08T13:16:44.0000000Z;9.836;9.846;10127;10127
2026-06-08T13:17:14.0000000Z;9.836;9.846;10127;10127
2026-06-08T13:17:44.0000000Z;9.836;9.846;10127;10127
2026-06-08T13:18:15.0000000Z;9.836;9.846;10127;10127
2026-06-08T13:18:18.0000000Z;9.84;9.85;10127;10127
2026-06-08T13:18:49.0000000Z;9.84;9.85;10127;10127
2026-06-08T13:19:19.0000000Z;9.84;9.85;10127;10127
2026-06-08T13:19:40.0000000Z;9.836;9.846;10127;10127
2026-06-08T13:19:50.0000000Z;9.84;9.85;10127;10127
2026-06-08T13:20:21.0000000Z;9.84;9.85;10127;10127
2026-06-08T13:20:52.0000000Z;9.84;9.85;10127;10127
2026-06-08T13:21:22.0000000Z;9.84;9.85;10127;10127
2026-06-08T13:21:24.0000000Z;9.844;9.854;10127;10127
2026-06-08T13:21:55.0000000Z;9.844;9.854;10127;10127
2026-06-08T13:22:25.0000000Z;9.844;9.854;10127;10127
2026-06-08T13:22:47.0000000Z;9.848;9.858;10127;10127
2026-06-08T13:22:53.0000000Z;9.846;9.856;10127;10127
2026-06-08T13:23:21.0000000Z;9.842;9.852;10127;10127
2026-06-08T13:23:47.0000000Z;9.838;9.848;10127;10127
2026-06-08T13:24:17.0000000Z;9.838;9.848;10127;10127
2026-06-08T13:24:48.0000000Z;9.838;9.848;10127;10127
2026-06-08T13:25:13.0000000Z;9.842;9.852;10127;10127
2026-06-08T13:25:44.0000000Z;9.842;9.852;10127;10127
2026-06-08T13:25:59.0000000Z;9.838;9.848;10127;10127
2026-06-08T13:26:30.0000000Z;9.838;9.848;10127;10127
2026-06-08T13:27:01.0000000Z;9.838;9.848;10127;10127
2026-06-08T13:27:31.0000000Z;9.838;9.848;10127;10127
2026-06-08T13:27:42.0000000Z;9.834;9.844;10127;10127
2026-06-08T13:27:52.0000000Z;9.83;9.84;10127;10127
2026-06-08T13:28:02.0000000Z;9.834;9.84;10127;10127
2026-06-08T13:28:04.0000000Z;9.834;9.844;10127;10127
2026-06-08T13:28:28.0000000Z;9.83;9.84;10127;10127
2026-06-08T13:28:40.0000000Z;9.834;9.844;10127;10127
2026-06-08T13:29:10.0000000Z;9.834;9.844;10127;10127
2026-06-08T13:29:22.0000000Z;9.83;9.84;10127;10127
2026-06-08T13:29:53.0000000Z;9.83;9.84;10127;10127
2026-06-08T13:30:02.0000000Z;9.826;9.837;10127;10127
2026-06-08T13:30:04.0000000Z;9.83;9.841;10127;10127
2026-06-08T13:30:23.0000000Z;9.829;9.843;10127;10127
2026-06-08T13:30:33.0000000Z;9.837;9.847;10127;10127
2026-06-08T13:30:49.0000000Z;9.841;9.851;10127;10127
2026-06-08T13:31:16.0000000Z;9.845;9.855;10127;10127
2026-06-08T13:31:31.0000000Z;9.845;9.851;10127;10127
2026-06-08T13:31:35.0000000Z;9.837;9.847;10127;10127
2026-06-08T13:31:39.0000000Z;9.841;9.847;10127;10127
2026-06-08T13:31:45.0000000Z;9.841;9.851;10127;10127
2026-06-08T13:31:59.0000000Z;9.838;9.848;10127;10127
2026-06-08T13:32:07.0000000Z;9.842;9.848;10127;10127
2026-06-08T13:32:31.0000000Z;9.838;9.848;10127;10127
2026-06-08T13:32:33.0000000Z;9.838;9.849;10127;10127
2026-06-08T13:32:45.0000000Z;9.842;9.852;10127;10127
2026-06-08T13:33:01.0000000Z;9.837;9.847;10127;10127
2026-06-08T13:33:31.0000000Z;9.833;9.843;10127;10127
2026-06-08T13:33:46.0000000Z;9.825;9.836;10127;10127
2026-06-08T13:33:48.0000000Z;9.829;9.835;10127;10127
2026-06-08T13:33:58.0000000Z;9.825;9.835;10127;10127
2026-06-08T13:34:16.0000000Z;9.821;9.832;10127;10127
2026-06-08T13:34:20.0000000Z;9.818;9.828;10127;10127
2026-06-08T13:34:22.0000000Z;9.817;9.828;10127;10127
2026-06-08T13:34:28.0000000Z;9.815;9.823;10127;10127
2026-06-08T13:34:30.0000000Z;9.815;9.824;10127;10127
2026-06-08T13:34:34.0000000Z;9.815;9.823;10127;10127
2026-06-08T13:34:58.0000000Z;9.81;9.819;10127;10127
2026-06-08T13:35:04.0000000Z;9.809;9.819;10127;10127
2026-06-08T13:35:35.0000000Z;9.809;9.819;10127;10127
2026-06-08T13:35:58.0000000Z;9.82;9.83;10127;10127
2026-06-08T13:36:10.0000000Z;9.82;9.829;10127;10127
2026-06-08T13:36:14.0000000Z;9.815;9.826;10127;10127
2026-06-08T13:36:28.0000000Z;9.82;9.83;10127;10127
2026-06-08T13:36:46.0000000Z;9.82;9.826;10127;10127
2026-06-08T13:36:52.0000000Z;9.82;9.83;10127;10127
2026-06-08T13:37:06.0000000Z;9.82;9.826;10127;10127
2026-06-08T13:37:37.0000000Z;9.82;9.826;10127;10127
2026-06-08T13:37:53.0000000Z;9.816;9.826;10127;10127
2026-06-08T13:38:19.0000000Z;9.816;9.831;10127;10127
2026-06-08T13:38:21.0000000Z;9.816;9.83;10127;10127
2026-06-08T13:38:23.0000000Z;9.824;9.83;10127;10127
2026-06-08T13:38:27.0000000Z;9.814;9.83;10127;10127
2026-06-08T13:38:31.0000000Z;9.821;9.831;10127;10127
2026-06-08T13:38:47.0000000Z;9.817;9.827;10127;10127
2026-06-08T13:38:51.0000000Z;9.813;9.823;10127;10127
2026-06-08T13:38:53.0000000Z;9.817;9.823;10127;10127
2026-06-08T13:39:09.0000000Z;9.817;9.827;10127;10127
2026-06-08T13:39:23.0000000Z;9.812;9.823;10127;10127
2026-06-08T13:39:25.0000000Z;9.812;9.822;10127;10127
2026-06-08T13:39:27.0000000Z;9.816;9.822;10127;10127
2026-06-08T13:39:35.0000000Z;9.816;9.826;10127;10127
2026-06-08T13:39:51.0000000Z;9.806;9.816;10127;10127
2026-06-08T13:39:53.0000000Z;9.81;9.816;10127;10127
2026-06-08T13:39:55.0000000Z;9.807;9.816;10127;10127
2026-06-08T13:40:11.0000000Z;9.81;9.82;10127;10127
2026-06-08T13:40:27.0000000Z;9.814;9.824;10127;10127
2026-06-08T13:40:45.0000000Z;9.81;9.821;10127;10127
2026-06-08T13:40:47.0000000Z;9.812;9.822;10127;10127
2026-06-08T13:41:17.0000000Z;9.812;9.822;10127;10127
2026-06-08T13:41:26.0000000Z;9.816;9.826;10127;10127
2026-06-08T13:41:42.0000000Z;9.816;9.822;10127;10127
2026-06-08T13:42:02.0000000Z;9.816;9.826;10127;10127
2026-06-08T13:42:33.0000000Z;9.816;9.826;10127;10127
2026-06-08T13:42:36.0000000Z;9.819;9.825;10127;10127
2026-06-08T13:42:46.0000000Z;9.819;9.829;10127;10127
2026-06-08T13:43:00.0000000Z;9.823;9.833;10127;10127
2026-06-08T13:43:16.0000000Z;9.827;9.837;10127;10127
2026-06-08T13:43:30.0000000Z;9.823;9.833;10127;10127
2026-06-08T13:43:32.0000000Z;9.827;9.833;10127;10127
2026-06-08T13:43:41.0000000Z;9.827;9.837;10127;10127
2026-06-08T13:44:11.0000000Z;9.819;9.83;10127;10127
2026-06-08T13:44:13.0000000Z;9.819;9.829;10127;10127
2026-06-08T13:44:23.0000000Z;9.823;9.833;10127;10127
2026-06-08T13:44:39.0000000Z;9.828;9.838;10127;10127
2026-06-08T13:44:53.0000000Z;9.819;9.838;10127;10127
2026-06-08T13:44:55.0000000Z;9.817;9.827;10127;10127
2026-06-08T13:44:57.0000000Z;9.821;9.827;10127;10127
2026-06-08T13:45:03.0000000Z;9.821;9.832;10127;10127
2026-06-08T13:45:19.0000000Z;9.825;9.835;10127;10127
2026-06-08T13:45:50.0000000Z;9.825;9.835;10127;10127
2026-06-08T13:46:20.0000000Z;9.825;9.835;10127;10127
2026-06-08T13:46:27.0000000Z;9.837;9.847;10127;10127
2026-06-08T13:46:35.0000000Z;9.827;9.847;10127;10127
2026-06-08T13:46:43.0000000Z;9.83;9.84;10127;10127
2026-06-08T13:46:47.0000000Z;9.834;9.84;10127;10127
2026-06-08T13:46:51.0000000Z;9.83;9.84;10127;10127
2026-06-08T13:47:07.0000000Z;9.826;9.837;10127;10127
2026-06-08T13:47:09.0000000Z;9.826;9.836;10127;10127
2026-06-08T13:47:15.0000000Z;9.83;9.836;10127;10127
2026-06-08T13:47:19.0000000Z;9.826;9.836;10127;10127
2026-06-08T13:47:33.0000000Z;9.83;9.84;10127;10127
2026-06-08T13:47:54.0000000Z;9.826;9.836;10127;10127
2026-06-08T13:48:12.0000000Z;9.822;9.832;10127;10127
2026-06-08T13:48:18.0000000Z;9.826;9.832;10127;10127
2026-06-08T13:48:24.0000000Z;9.822;9.832;10127;10127
2026-06-08T13:48:42.0000000Z;9.818;9.828;10127;10127
2026-06-08T13:48:50.0000000Z;9.815;9.825;10127;10127
2026-06-08T13:48:54.0000000Z;9.818;9.828;10127;10127
2026-06-08T13:49:08.0000000Z;9.822;9.832;10127;10127
2026-06-08T13:49:26.0000000Z;9.822;9.828;10127;10127
2026-06-08T13:49:36.0000000Z;9.822;9.832;10127;10127
2026-06-08T13:50:02.0000000Z;9.826;9.836;10127;10127
2026-06-08T13:50:18.0000000Z;9.822;9.832;10127;10127
2026-06-08T13:50:40.0000000Z;9.818;9.829;10127;10127
2026-06-08T13:50:46.0000000Z;9.822;9.832;10127;10127
2026-06-08T13:51:01.0000000Z;9.818;9.828;10127;10127
2026-06-08T13:51:03.0000000Z;9.814;9.824;10127;10127
2026-06-08T13:51:07.0000000Z;9.818;9.824;10127;10127
2026-06-08T13:51:13.0000000Z;9.818;9.828;10127;10127
2026-06-08T13:51:29.0000000Z;9.822;9.832;10127;10127
2026-06-08T13:51:55.0000000Z;9.821;9.831;10127;10127
2026-06-08T13:51:57.0000000Z;9.825;9.831;10127;10127
2026-06-08T13:52:03.0000000Z;9.825;9.835;10127;10127
2026-06-08T13:52:25.0000000Z;9.829;9.839;10127;10127
2026-06-08T13:52:50.0000000Z;9.833;9.843;10127;10127
2026-06-08T13:53:00.0000000Z;9.829;9.839;10127;10127
2026-06-08T13:53:20.0000000Z;9.829;9.843;10127;10127
2026-06-08T13:53:32.0000000Z;9.837;9.847;10127;10127
2026-06-08T13:53:46.0000000Z;9.841;9.851;10127;10127
2026-06-08T13:53:48.0000000Z;9.819;9.851;10127;10127
2026-06-08T13:53:50.0000000Z;9.838;9.848;10127;10127
2026-06-08T13:54:04.0000000Z;9.831;9.85;10127;10127
2026-06-08T13:54:06.0000000Z;9.839;9.849;10127;10127
2026-06-08T13:54:08.0000000Z;9.839;9.848;10127;10127
2026-06-08T13:54:10.0000000Z;9.839;9.849;10127;10127
2026-06-08T13:54:12.0000000Z;9.839;9.848;10127;10127
2026-06-08T13:54:14.0000000Z;9.839;9.849;10127;10127
2026-06-08T13:54:36.0000000Z;9.835;9.845;10127;10127
2026-06-08T13:54:38.0000000Z;9.835;9.846;10127;10127
2026-06-08T13:54:58.0000000Z;9.834;9.84;10127;10127
2026-06-08T13:55:04.0000000Z;9.834;9.844;10127;10127
2026-06-08T13:55:35.0000000Z;9.834;9.844;10127;10127
2026-06-08T13:55:37.0000000Z;9.83;9.84;10127;10127
2026-06-08T13:55:39.0000000Z;9.834;9.84;10127;10127
2026-06-08T13:55:49.0000000Z;9.834;9.844;10127;10127
2026-06-08T13:55:55.0000000Z;9.834;9.84;10127;10127
2026-06-08T13:56:05.0000000Z;9.821;9.831;10127;10127
2026-06-08T13:56:15.0000000Z;9.817;9.827;10127;10127
2026-06-08T13:56:27.0000000Z;9.818;9.827;10127;10127
2026-06-08T13:56:29.0000000Z;9.817;9.827;10127;10127
2026-06-08T13:56:33.0000000Z;9.818;9.827;10127;10127
2026-06-08T13:56:35.0000000Z;9.821;9.831;10127;10127
2026-06-08T13:56:49.0000000Z;9.825;9.835;10127;10127
2026-06-08T13:57:19.0000000Z;9.817;9.828;10127;10127
2026-06-08T13:57:25.0000000Z;9.817;9.827;10127;10127
2026-06-08T13:57:27.0000000Z;9.821;9.827;10127;10127
2026-06-08T13:57:35.0000000Z;9.817;9.827;10127;10127
2026-06-08T13:57:41.0000000Z;9.813;9.824;10127;10127
2026-06-08T13:57:49.0000000Z;9.818;9.824;10127;10127
2026-06-08T13:57:51.0000000Z;9.814;9.824;10127;10127
2026-06-08T13:58:22.0000000Z;9.814;9.824;10127;10127
2026-06-08T13:58:27.0000000Z;9.805;9.815;10127;10127
2026-06-08T13:58:37.0000000Z;9.803;9.811;10127;10127
2026-06-08T13:58:48.0000000Z;9.802;9.812;10127;10127
2026-06-08T13:58:50.0000000Z;9.807;9.813;10127;10127
2026-06-08T13:58:56.0000000Z;9.807;9.817;10127;10127
2026-06-08T13:59:10.0000000Z;9.811;9.821;10127;10127
2026-06-08T13:59:24.0000000Z;9.815;9.825;10127;10127
2026-06-08T13:59:44.0000000Z;9.811;9.821;10127;10127
2026-06-08T13:59:48.0000000Z;9.807;9.821;10127;10127
2026-06-08T13:59:52.0000000Z;9.798;9.821;10127;10127
2026-06-08T13:59:56.0000000Z;9.798;9.836;10127;10127
2026-06-08T14:00:05.0000000Z;9.797;9.836;10127;10127
2026-06-08T14:00:28.0000000Z;9.802;9.835;10127;10127
2026-06-08T14:00:40.0000000Z;9.804;9.838;10127;10127
2026-06-08T14:00:46.0000000Z;9.8;9.836;10127;10127
2026-06-08T14:00:52.0000000Z;9.801;9.836;10127;10127
2026-06-08T14:00:54.0000000Z;9.802;9.836;10127;10127
2026-06-08T14:00:58.0000000Z;9.803;9.837;10127;10127
2026-06-08T14:01:04.0000000Z;9.805;9.837;10127;10127
2026-06-08T14:01:06.0000000Z;9.807;9.837;10127;10127
2026-06-08T14:01:18.0000000Z;9.812;9.822;10127;10127
2026-06-08T14:01:31.0000000Z;9.816;9.826;10127;10127
2026-06-08T14:01:45.0000000Z;9.82;9.826;10127;10127
2026-06-08T14:01:59.0000000Z;9.82;9.83;10127;10127
2026-06-08T14:02:11.0000000Z;9.824;9.83;10127;10127
2026-06-08T14:02:13.0000000Z;9.824;9.834;10127;10127
2026-06-08T14:02:27.0000000Z;9.824;9.833;10127;10127
2026-06-08T14:02:29.0000000Z;9.82;9.831;10127;10127
2026-06-08T14:02:33.0000000Z;9.824;9.831;10127;10127
2026-06-08T14:02:39.0000000Z;9.824;9.834;10127;10127
2026-06-08T14:02:55.0000000Z;9.814;9.825;10127;10127
2026-06-08T14:02:57.0000000Z;9.814;9.824;10127;10127
2026-06-08T14:03:11.0000000Z;9.81;9.82;10127;10127
2026-06-08T14:03:13.0000000Z;9.814;9.82;10127;10127
2026-06-08T14:03:15.0000000Z;9.811;9.82;10127;10127
2026-06-08T14:03:19.0000000Z;9.814;9.82;10127;10127
2026-06-08T14:03:21.0000000Z;9.814;9.825;10127;10127
2026-06-08T14:03:23.0000000Z;9.815;9.824;10127;10127
2026-06-08T14:03:27.0000000Z;9.814;9.824;10127;10127
2026-06-08T14:03:31.0000000Z;9.815;9.824;10127;10127
2026-06-08T14:03:47.0000000Z;9.822;9.832;10127;10127
2026-06-08T14:03:51.0000000Z;9.822;9.831;10127;10127
2026-06-08T14:03:53.0000000Z;9.822;9.832;10127;10127
2026-06-08T14:03:55.0000000Z;9.818;9.828;10127;10127
2026-06-08T14:04:03.0000000Z;9.814;9.824;10127;10127
2026-06-08T14:04:11.0000000Z;9.81;9.821;10127;10127
2026-06-08T14:04:13.0000000Z;9.81;9.82;10127;10127
2026-06-08T14:04:21.0000000Z;9.81;9.824;10127;10127
2026-06-08T14:04:48.0000000Z;9.81;9.82;10127;10127
2026-06-08T14:04:58.0000000Z;9.814;9.824;10127;10127
2026-06-08T14:05:12.0000000Z;9.81;9.82;10127;10127
2026-06-08T14:05:14.0000000Z;9.814;9.82;10127;10127
2026-06-08T14:05:20.0000000Z;9.81;9.82;10127;10127
2026-06-08T14:05:30.0000000Z;9.814;9.824;10127;10127
2026-06-08T14:05:56.0000000Z;9.814;9.82;10127;10127
2026-06-08T14:05:58.0000000Z;9.814;9.824;10127;10127
2026-06-08T14:06:14.0000000Z;9.818;9.828;10127;10127
2026-06-08T14:06:32.0000000Z;9.822;9.832;10127;10127
2026-06-08T14:06:48.0000000Z;9.826;9.836;10127;10127
2026-06-08T14:06:50.0000000Z;9.826;9.835;10127;10127
2026-06-08T14:07:20.0000000Z;9.826;9.835;10127;10127
2026-06-08T14:07:28.0000000Z;9.822;9.832;10127;10127
2026-06-08T14:07:39.0000000Z;9.822;9.828;10127;10127
2026-06-08T14:08:05.0000000Z;9.822;9.832;10127;10127
2026-06-08T14:08:09.0000000Z;9.822;9.831;10127;10127
2026-06-08T14:08:11.0000000Z;9.822;9.832;10127;10127
2026-06-08T14:08:23.0000000Z;9.818;9.829;10127;10127
2026-06-08T14:08:25.0000000Z;9.814;9.825;10127;10127
2026-06-08T14:08:27.0000000Z;9.818;9.824;10127;10127
2026-06-08T14:08:37.0000000Z;9.818;9.828;10127;10127
2026-06-08T14:08:53.0000000Z;9.822;9.828;10127;10127
2026-06-08T14:09:23.0000000Z;9.822;9.828;10127;10127
2026-06-08T14:09:41.0000000Z;9.822;9.832;10127;10127
2026-06-08T14:09:55.0000000Z;9.827;9.837;10127;10127
2026-06-08T14:10:16.0000000Z;9.823;9.833;10127;10127
2026-06-08T14:10:18.0000000Z;9.823;9.834;10127;10127
2026-06-08T14:10:20.0000000Z;9.823;9.833;10127;10127
2026-06-08T14:10:40.0000000Z;9.819;9.83;10127;10127
2026-06-08T14:11:10.0000000Z;9.819;9.83;10127;10127
2026-06-08T14:11:20.0000000Z;9.819;9.829;10127;10127
2026-06-08T14:11:30.0000000Z;9.823;9.833;10127;10127
2026-06-08T14:11:48.0000000Z;9.819;9.829;10127;10127
2026-06-08T14:11:50.0000000Z;9.823;9.829;10127;10127
2026-06-08T14:12:00.0000000Z;9.823;9.833;10127;10127
2026-06-08T14:12:16.0000000Z;9.819;9.829;10127;10127
2026-06-08T14:12:22.0000000Z;9.823;9.829;10127;10127
2026-06-08T14:12:40.0000000Z;9.818;9.828;10127;10127
2026-06-08T14:12:51.0000000Z;9.818;9.824;10127;10127
2026-06-08T14:12:57.0000000Z;9.818;9.828;10127;10127
2026-06-08T14:13:11.0000000Z;9.813;9.824;10127;10127
2026-06-08T14:13:13.0000000Z;9.813;9.823;10127;10127
2026-06-08T14:13:15.0000000Z;9.809;9.819;10127;10127
2026-06-08T14:13:17.0000000Z;9.813;9.819;10127;10127
2026-06-08T14:13:48.0000000Z;9.813;9.819;10127;10127
2026-06-08T14:13:57.0000000Z;9.821;9.832;10127;10127
2026-06-08T14:14:09.0000000Z;9.817;9.827;10127;10127
2026-06-08T14:14:13.0000000Z;9.821;9.827;10127;10127
2026-06-08T14:14:19.0000000Z;9.821;9.831;10127;10127
2026-06-08T14:14:35.0000000Z;9.817;9.828;10127;10127
2026-06-08T14:14:37.0000000Z;9.817;9.827;10127;10127
2026-06-08T14:15:08.0000000Z;9.817;9.827;10127;10127
2026-06-08T14:15:11.0000000Z;9.813;9.823;10127;10127
2026-06-08T14:15:41.0000000Z;9.813;9.823;10127;10127
2026-06-08T14:15:43.0000000Z;9.809;9.82;10127;10127
2026-06-08T14:15:45.0000000Z;9.809;9.819;10127;10127
2026-06-08T14:15:53.0000000Z;9.805;9.816;10127;10127
2026-06-08T14:16:03.0000000Z;9.809;9.815;10127;10127
2026-06-08T14:16:09.0000000Z;9.809;9.819;10127;10127
2026-06-08T14:16:23.0000000Z;9.814;9.824;10127;10127
2026-06-08T14:16:38.0000000Z;9.81;9.82;10127;10127
2026-06-08T14:16:52.0000000Z;9.806;9.816;10127;10127
2026-06-08T14:16:54.0000000Z;9.81;9.816;10127;10127
2026-06-08T14:17:02.0000000Z;9.81;9.82;10127;10127
2026-06-08T14:17:18.0000000Z;9.814;9.824;10127;10127
2026-06-08T14:17:34.0000000Z;9.81;9.82;10127;10127
2026-06-08T14:17:36.0000000Z;9.814;9.82;10127;10127
2026-06-08T14:17:46.0000000Z;9.814;9.824;10127;10127
2026-06-08T14:18:00.0000000Z;9.818;9.828;10127;10127
2026-06-08T14:18:16.0000000Z;9.814;9.825;10127;10127
2026-06-08T14:18:18.0000000Z;9.814;9.824;10127;10127
2026-06-08T14:18:48.0000000Z;9.814;9.824;10127;10127
2026-06-08T14:18:52.0000000Z;9.818;9.828;10127;10127
2026-06-08T14:19:08.0000000Z;9.813;9.823;10127;10127
2026-06-08T14:19:12.0000000Z;9.809;9.819;10127;10127
2026-06-08T14:19:14.0000000Z;9.813;9.819;10127;10127
2026-06-08T14:19:45.0000000Z;9.813;9.819;10127;10127
2026-06-08T14:19:53.0000000Z;9.817;9.827;10127;10127
2026-06-08T14:20:23.0000000Z;9.817;9.827;10127;10127
2026-06-08T14:20:33.0000000Z;9.817;9.828;10127;10127
2026-06-08T14:20:35.0000000Z;9.817;9.827;10127;10127
2026-06-08T14:20:39.0000000Z;9.821;9.827;10127;10127
2026-06-08T14:20:45.0000000Z;9.821;9.831;10127;10127
2026-06-08T14:20:55.0000000Z;9.817;9.827;10127;10127
2026-06-08T14:21:05.0000000Z;9.813;9.823;10127;10127
2026-06-08T14:21:27.0000000Z;9.817;9.827;10127;10127
2026-06-08T14:21:57.0000000Z;9.817;9.827;10127;10127
2026-06-08T14:22:05.0000000Z;9.821;9.831;10127;10127
2026-06-08T14:22:17.0000000Z;9.817;9.827;10127;10127
2026-06-08T14:22:27.0000000Z;9.813;9.823;10127;10127
2026-06-08T14:22:57.0000000Z;9.813;9.823;10127;10127
2026-06-08T14:23:01.0000000Z;9.817;9.827;10127;10127
2026-06-08T14:23:29.0000000Z;9.821;9.831;10127;10127
2026-06-08T14:23:58.0000000Z;9.821;9.831;10127;10127
2026-06-08T14:24:04.0000000Z;9.825;9.835;10127;10127
2026-06-08T14:24:16.0000000Z;9.829;9.838;10127;10127
2026-06-08T14:24:24.0000000Z;9.814;9.838;10127;10127
2026-06-08T14:24:26.0000000Z;9.827;9.836;10127;10127
2026-06-08T14:24:30.0000000Z;9.821;9.831;10127;10127
2026-06-08T14:24:34.0000000Z;9.817;9.828;10127;10127
2026-06-08T14:24:36.0000000Z;9.817;9.827;10127;10127
2026-06-08T14:24:44.0000000Z;9.818;9.827;10127;10127
2026-06-08T14:24:48.0000000Z;9.821;9.831;10127;10127
2026-06-08T14:25:08.0000000Z;9.825;9.835;10127;10127
2026-06-08T14:25:24.0000000Z;9.821;9.831;10127;10127
2026-06-08T14:25:38.0000000Z;9.825;9.835;10127;10127
2026-06-08T14:25:56.0000000Z;9.829;9.839;10127;10127
2026-06-08T14:26:16.0000000Z;9.833;9.843;10127;10127
2026-06-08T14:26:35.0000000Z;9.829;9.835;10127;10127
2026-06-08T14:26:40.0000000Z;9.825;9.835;10127;10127
2026-06-08T14:26:53.0000000Z;9.829;9.839;10127;10127
2026-06-08T14:27:21.0000000Z;9.833;9.843;10127;10127
2026-06-08T14:27:35.0000000Z;9.828;9.838;10127;10127
2026-06-08T14:28:05.0000000Z;9.824;9.834;10127;10127
2026-06-08T14:28:17.0000000Z;9.82;9.83;10127;10127
2026-06-08T14:28:19.0000000Z;9.821;9.83;10127;10127
2026-06-08T14:28:27.0000000Z;9.821;9.831;10127;10127
2026-06-08T14:28:49.0000000Z;9.825;9.835;10127;10127
2026-06-08T14:29:20.0000000Z;9.825;9.835;10127;10127
2026-06-08T14:29:25.0000000Z;9.821;9.831;10127;10127
2026-06-08T14:29:27.0000000Z;9.825;9.831;10127;10127
2026-06-08T14:29:46.0000000Z;9.821;9.831;10127;10127
2026-06-08T14:29:56.0000000Z;9.825;9.835;10127;10127
2026-06-08T14:30:04.0000000Z;9.821;9.831;10127;10127
2026-06-08T14:30:14.0000000Z;9.825;9.835;10127;10127
2026-06-08T14:30:44.0000000Z;9.825;9.835;10127;10127
2026-06-08T14:30:50.0000000Z;9.829;9.839;10127;10127
2026-06-08T14:31:06.0000000Z;9.824;9.834;10127;10127
2026-06-08T14:31:12.0000000Z;9.828;9.834;10127;10127
2026-06-08T14:31:16.0000000Z;9.828;9.838;10127;10127
2026-06-08T14:31:30.0000000Z;9.823;9.833;10127;10127
2026-06-08T14:31:40.0000000Z;9.827;9.833;10127;10127
2026-06-08T14:32:11.0000000Z;9.827;9.833;10127;10127
2026-06-08T14:32:30.0000000Z;9.827;9.837;10127;10127
2026-06-08T14:33:01.0000000Z;9.827;9.837;10127;10127
2026-06-08T14:33:04.0000000Z;9.823;9.833;10127;10127
2026-06-08T14:33:19.0000000Z;9.828;9.838;10127;10127
2026-06-08T14:33:45.0000000Z;9.828;9.834;10127;10127
2026-06-08T14:33:49.0000000Z;9.828;9.838;10127;10127
2026-06-08T14:34:05.0000000Z;9.824;9.834;10127;10127
2026-06-08T14:34:35.0000000Z;9.824;9.834;10127;10127
2026-06-08T14:34:37.0000000Z;9.828;9.838;10127;10127
2026-06-08T14:35:08.0000000Z;9.828;9.838;10127;10127
2026-06-08T14:35:15.0000000Z;9.828;9.839;10127;10127
2026-06-08T14:35:19.0000000Z;9.828;9.838;10127;10127
2026-06-08T14:35:41.0000000Z;9.832;9.842;10127;10127
2026-06-08T14:36:12.0000000Z;9.832;9.842;10127;10127
2026-06-08T14:36:15.0000000Z;9.832;9.838;10127;10127
2026-06-08T14:36:29.0000000Z;9.832;9.842;10127;10127
2026-06-08T14:36:33.0000000Z;9.833;9.842;10127;10127
2026-06-08T14:36:35.0000000Z;9.836;9.842;10127;10127
2026-06-08T14:36:41.0000000Z;9.836;9.846;10127;10127
2026-06-08T14:36:58.0000000Z;9.84;9.85;10127;10127
2026-06-08T14:37:14.0000000Z;9.836;9.846;10127;10127
2026-06-08T14:37:34.0000000Z;9.836;9.842;10127;10127
2026-06-08T14:37:38.0000000Z;9.836;9.846;10127;10127
2026-06-08T14:38:08.0000000Z;9.832;9.842;10127;10127
2026-06-08T14:38:16.0000000Z;9.836;9.842;10127;10127
2026-06-08T14:38:18.0000000Z;9.836;9.846;10127;10127
2026-06-08T14:38:38.0000000Z;9.832;9.842;10127;10127
2026-06-08T14:38:50.0000000Z;9.836;9.846;10127;10127
2026-06-08T14:39:06.0000000Z;9.832;9.842;10127;10127
2026-06-08T14:39:14.0000000Z;9.836;9.842;10127;10127
2026-06-08T14:39:16.0000000Z;9.836;9.846;10127;10127
2026-06-08T14:39:38.0000000Z;9.84;9.85;10127;10127
2026-06-08T14:39:50.0000000Z;9.836;9.847;10127;10127
2026-06-08T14:40:08.0000000Z;9.84;9.846;10127;10127
2026-06-08T14:40:18.0000000Z;9.84;9.85;10127;10127
2026-06-08T14:40:26.0000000Z;9.836;9.847;10127;10127
2026-06-08T14:40:28.0000000Z;9.836;9.846;10127;10127
2026-06-08T14:40:36.0000000Z;9.84;9.85;10127;10127
2026-06-08T14:40:52.0000000Z;9.836;9.847;10127;10127
2026-06-08T14:40:54.0000000Z;9.84;9.846;10127;10127
2026-06-08T14:41:03.0000000Z;9.84;9.85;10127;10127
2026-06-08T14:41:17.0000000Z;9.835;9.845;10127;10127
2026-06-08T14:41:35.0000000Z;9.831;9.842;10127;10127
2026-06-08T14:41:37.0000000Z;9.831;9.841;10127;10127
2026-06-08T14:41:45.0000000Z;9.836;9.841;10127;10127
2026-06-08T14:41:51.0000000Z;9.832;9.841;10127;10127
2026-06-08T14:41:53.0000000Z;9.832;9.842;10127;10127
2026-06-08T14:42:11.0000000Z;9.828;9.838;10127;10127
2026-06-08T14:42:27.0000000Z;9.825;9.834;10127;10127
2026-06-08T14:42:41.0000000Z;9.824;9.834;10127;10127
2026-06-08T14:43:05.0000000Z;9.828;9.838;10127;10127
2026-06-08T14:43:23.0000000Z;9.828;9.834;10127;10127
2026-06-08T14:43:31.0000000Z;9.828;9.838;10127;10127
2026-06-08T14:43:45.0000000Z;9.824;9.834;10127;10127
2026-06-08T14:43:55.0000000Z;9.82;9.83;10127;10127
2026-06-08T14:43:57.0000000Z;9.821;9.83;10127;10127
2026-06-08T14:43:59.0000000Z;9.824;9.83;10127;10127
2026-06-08T14:44:08.0000000Z;9.824;9.834;10127;10127
2026-06-08T14:44:14.0000000Z;9.825;9.834;10127;10127
2026-06-08T14:44:22.0000000Z;9.829;9.839;10127;10127
2026-06-08T14:44:40.0000000Z;9.833;9.843;10127;10127
2026-06-08T14:45:08.0000000Z;9.837;9.847;10127;10127
2026-06-08T14:45:39.0000000Z;9.837;9.847;10127;10127
2026-06-08T14:46:00.0000000Z;9.837;9.852;10127;10127
2026-06-08T14:46:02.0000000Z;9.846;9.856;10127;10127
2026-06-08T14:46:33.0000000Z;9.846;9.856;10127;10127
2026-06-08T14:46:46.0000000Z;9.85;9.857;10127;10127
2026-06-08T14:46:48.0000000Z;9.85;9.86;10127;10127
2026-06-08T14:46:53.0000000Z;9.85;9.859;10127;10127
2026-06-08T14:46:55.0000000Z;9.85;9.86;10127;10127
2026-06-08T14:47:13.0000000Z;9.854;9.864;10127;10127
2026-06-08T14:47:33.0000000Z;9.85;9.86;10127;10127
2026-06-08T14:47:45.0000000Z;9.846;9.856;10127;10127
2026-06-08T14:47:51.0000000Z;9.85;9.861;10127;10127
2026-06-08T14:47:59.0000000Z;9.85;9.86;10127;10127
2026-06-08T14:48:05.0000000Z;9.845;9.855;10127;10127
2026-06-08T14:48:36.0000000Z;9.845;9.855;10127;10127
2026-06-08T14:49:06.0000000Z;9.845;9.855;10127;10127
2026-06-08T14:49:11.0000000Z;9.849;9.859;10127;10127
2026-06-08T14:49:25.0000000Z;9.845;9.855;10127;10127
2026-06-08T14:49:56.0000000Z;9.845;9.855;10127;10127
2026-06-08T14:50:02.0000000Z;9.841;9.851;10127;10127
2026-06-08T14:50:06.0000000Z;9.845;9.851;10127;10127
2026-06-08T14:50:12.0000000Z;9.845;9.855;10127;10127
2026-06-08T14:50:26.0000000Z;9.841;9.851;10127;10127
2026-06-08T14:50:56.0000000Z;9.841;9.851;10127;10127
2026-06-08T14:51:20.0000000Z;9.845;9.855;10127;10127
2026-06-08T14:51:36.0000000Z;9.849;9.859;10127;10127
2026-06-08T14:52:03.0000000Z;9.845;9.855;10127;10127
2026-06-08T14:52:13.0000000Z;9.849;9.855;10127;10127
2026-06-08T14:52:27.0000000Z;9.849;9.859;10127;10127
2026-06-08T14:52:57.0000000Z;9.849;9.859;10127;10127
2026-06-08T14:53:03.0000000Z;9.845;9.856;10127;10127
2026-06-08T14:53:21.0000000Z;9.845;9.855;10127;10127
2026-06-08T14:53:51.0000000Z;9.845;9.855;10127;10127
2026-06-08T14:54:03.0000000Z;9.849;9.859;10127;10127
2026-06-08T14:54:17.0000000Z;9.845;9.855;10127;10127
2026-06-08T14:54:48.0000000Z;9.845;9.855;10127;10127
2026-06-08T14:55:19.0000000Z;9.845;9.855;10127;10127
2026-06-08T14:55:23.0000000Z;9.841;9.851;10127;10127
2026-06-08T14:55:27.0000000Z;9.845;9.851;10127;10127
2026-06-08T14:55:31.0000000Z;9.845;9.855;10127;10127
2026-06-08T14:56:01.0000000Z;9.845;9.855;10127;10127
2026-06-08T14:56:11.0000000Z;9.841;9.852;10127;10127
2026-06-08T14:56:13.0000000Z;9.841;9.851;10127;10127
2026-06-08T14:56:43.0000000Z;9.841;9.851;10127;10127
2026-06-08T14:57:02.0000000Z;9.845;9.855;10127;10127
2026-06-08T14:57:19.0000000Z;9.849;9.859;10127;10127
2026-06-08T14:57:50.0000000Z;9.849;9.859;10127;10127
2026-06-08T14:58:21.0000000Z;9.849;9.859;10127;10127
2026-06-08T14:58:34.0000000Z;9.853;9.863;10127;10127
2026-06-08T14:59:05.0000000Z;9.853;9.863;10127;10127
2026-06-08T14:59:18.0000000Z;9.849;9.859;10127;10127
2026-06-08T14:59:22.0000000Z;9.849;9.86;10127;10127
2026-06-08T14:59:36.0000000Z;9.853;9.864;10127;10127
