2026-06-08T08:00:03.0000000Z;7.709;7.728;3252;3252
2026-06-08T08:00:13.0000000Z;7.709;7.731;3252;3252
2026-06-08T08:00:42.0000000Z;7.709;7.731;3252;3252
2026-06-08T08:01:12.0000000Z;7.709;7.731;3252;3252
2026-06-08T08:01:43.0000000Z;7.709;7.731;3252;3252
2026-06-08T08:02:02.0000000Z;7.709;7.737;3252;3252
2026-06-08T08:02:32.0000000Z;7.709;7.737;3252;3252
2026-06-08T08:02:39.0000000Z;7.709;7.733;3252;3252
2026-06-08T08:02:40.0000000Z;7.709;7.729;3252;3252
2026-06-08T08:03:11.0000000Z;7.709;7.729;3252;3252
2026-06-08T08:03:30.0000000Z;7.709;7.731;3252;3252
2026-06-08T08:03:52.0000000Z;7.709;7.731;3252;3252
2026-06-08T08:04:23.0000000Z;7.709;7.731;3252;3252
2026-06-08T08:04:54.0000000Z;7.709;7.731;3252;3252
2026-06-08T08:05:24.0000000Z;7.709;7.731;3252;3252
2026-06-08T08:05:55.0000000Z;7.709;7.731;3252;3252
2026-06-08T08:06:25.0000000Z;7.709;7.731;3252;3252
2026-06-08T08:06:56.0000000Z;7.709;7.731;3252;3252
2026-06-08T08:07:26.0000000Z;7.709;7.731;3252;3252
2026-06-08T08:07:49.0000000Z;7.709;7.732;3252;3252
2026-06-08T08:07:52.0000000Z;7.709;7.73;3252;3252
2026-06-08T08:07:59.0000000Z;7.709;7.731;3252;3252
2026-06-08T08:08:23.0000000Z;7.709;7.729;3252;3252
2026-06-08T08:08:24.0000000Z;7.709;7.73;3252;3252
2026-06-08T08:08:55.0000000Z;7.709;7.73;3252;3252
2026-06-08T08:09:25.0000000Z;7.709;7.73;3252;3252
2026-06-08T08:09:56.0000000Z;7.709;7.73;3252;3252
2026-06-08T08:10:02.0000000Z;7.709;7.734;3252;3252
2026-06-08T08:10:12.0000000Z;7.709;7.732;3252;3252
2026-06-08T08:10:26.0000000Z;7.709;7.728;3252;3252
2026-06-08T08:10:48.0000000Z;7.709;7.729;3252;3252
2026-06-08T08:10:51.0000000Z;7.709;7.728;3252;3252
2026-06-08T08:11:21.0000000Z;7.709;7.728;3252;3252
2026-06-08T08:11:36.0000000Z;7.709;7.729;3252;3252
2026-06-08T08:11:50.0000000Z;7.709;7.731;3252;3252
2026-06-08T08:11:58.0000000Z;7.709;7.732;3252;3252
2026-06-08T08:12:01.0000000Z;7.709;7.73;3252;3252
2026-06-08T08:12:08.0000000Z;7.709;7.731;3252;3252
2026-06-08T08:12:39.0000000Z;7.709;7.731;3252;3252
2026-06-08T08:13:09.0000000Z;7.709;7.731;3252;3252
2026-06-08T08:13:40.0000000Z;7.709;7.731;3252;3252
2026-06-08T08:14:10.0000000Z;7.709;7.731;3252;3252
2026-06-08T08:14:41.0000000Z;7.709;7.731;3252;3252
2026-06-08T08:15:11.0000000Z;7.709;7.731;3252;3252
2026-06-08T08:15:42.0000000Z;7.709;7.731;3252;3252
2026-06-08T08:16:12.0000000Z;7.709;7.731;3252;3252
2026-06-08T08:16:43.0000000Z;7.709;7.731;3252;3252
2026-06-08T08:17:09.0000000Z;7.709;7.729;3252;3252
2026-06-08T08:17:13.0000000Z;7.709;7.731;3252;3252
2026-06-08T08:17:42.0000000Z;7.709;7.731;3252;3252
2026-06-08T08:18:12.0000000Z;7.709;7.731;3252;3252
2026-06-08T08:18:43.0000000Z;7.709;7.731;3252;3252
2026-06-08T08:19:13.0000000Z;7.709;7.731;3252;3252
2026-06-08T08:19:44.0000000Z;7.709;7.731;3252;3252
2026-06-08T08:20:14.0000000Z;7.709;7.731;3252;3252
2026-06-08T08:20:45.0000000Z;7.709;7.731;3252;3252
2026-06-08T08:21:16.0000000Z;7.709;7.731;3252;3252
2026-06-08T08:21:46.0000000Z;7.709;7.731;3252;3252
2026-06-08T08:22:17.0000000Z;7.709;7.731;3252;3252
2026-06-08T08:22:40.0000000Z;7.709;7.729;3252;3252
2026-06-08T08:23:00.0000000Z;7.709;7.728;3252;3252
2026-06-08T08:23:30.0000000Z;7.709;7.728;3252;3252
2026-06-08T08:24:00.0000000Z;7.709;7.728;3252;3252
2026-06-08T08:24:03.0000000Z;7.709;7.729;3252;3252
2026-06-08T08:24:13.0000000Z;7.709;7.73;3252;3252
2026-06-08T08:24:19.0000000Z;7.709;7.729;3252;3252
2026-06-08T08:24:25.0000000Z;7.709;7.73;3252;3252
2026-06-08T08:24:27.0000000Z;7.709;7.732;3252;3252
2026-06-08T08:24:56.0000000Z;7.709;7.732;3252;3252
2026-06-08T08:25:27.0000000Z;7.709;7.732;3252;3252
2026-06-08T08:25:57.0000000Z;7.709;7.732;3252;3252
2026-06-08T08:26:28.0000000Z;7.709;7.732;3252;3252
2026-06-08T08:26:58.0000000Z;7.709;7.732;3252;3252
2026-06-08T08:27:29.0000000Z;7.709;7.732;3252;3252
2026-06-08T08:27:59.0000000Z;7.709;7.732;3252;3252
2026-06-08T08:28:30.0000000Z;7.709;7.732;3252;3252
2026-06-08T08:29:00.0000000Z;7.709;7.732;3252;3252
2026-06-08T08:29:31.0000000Z;7.709;7.732;3252;3252
2026-06-08T08:30:01.0000000Z;7.709;7.732;3252;3252
2026-06-08T08:30:32.0000000Z;7.709;7.732;3252;3252
2026-06-08T08:31:02.0000000Z;7.709;7.732;3252;3252
2026-06-08T08:31:33.0000000Z;7.709;7.732;3252;3252
2026-06-08T08:32:04.0000000Z;7.709;7.732;3252;3252
2026-06-08T08:32:34.0000000Z;7.709;7.732;3252;3252
2026-06-08T08:33:05.0000000Z;7.709;7.732;3252;3252
2026-06-08T08:33:25.0000000Z;7.709;7.735;3252;3252
2026-06-08T08:33:55.0000000Z;7.709;7.735;3252;3252
2026-06-08T08:34:25.0000000Z;7.709;7.735;3252;3252
2026-06-08T08:34:49.0000000Z;7.709;7.73;3252;3252
2026-06-08T08:34:51.0000000Z;7.709;7.73;3252;3252
2026-06-08T08:35:01.0000000Z;7.709;7.731;3252;3252
2026-06-08T08:35:31.0000000Z;7.709;7.731;3252;3252
2026-06-08T08:36:02.0000000Z;7.709;7.731;3252;3252
2026-06-08T08:36:32.0000000Z;7.709;7.731;3252;3252
2026-06-08T08:37:03.0000000Z;7.709;7.731;3252;3252
2026-06-08T08:37:33.0000000Z;7.709;7.731;3252;3252
2026-06-08T08:38:04.0000000Z;7.709;7.731;3252;3252
2026-06-08T08:38:35.0000000Z;7.709;7.731;3252;3252
2026-06-08T08:39:05.0000000Z;7.709;7.731;3252;3252
2026-06-08T08:39:36.0000000Z;7.709;7.731;3252;3252
2026-06-08T08:40:06.0000000Z;7.709;7.731;3252;3252
2026-06-08T08:40:37.0000000Z;7.709;7.731;3252;3252
2026-06-08T08:41:07.0000000Z;7.709;7.731;3252;3252
2026-06-08T08:41:38.0000000Z;7.709;7.731;3252;3252
2026-06-08T08:42:08.0000000Z;7.709;7.731;3252;3252
2026-06-08T08:42:39.0000000Z;7.709;7.731;3252;3252
2026-06-08T08:43:09.0000000Z;7.709;7.731;3252;3252
2026-06-08T08:43:40.0000000Z;7.709;7.731;3252;3252
2026-06-08T08:44:10.0000000Z;7.709;7.731;3252;3252
2026-06-08T08:44:41.0000000Z;7.709;7.731;3252;3252
2026-06-08T08:45:11.0000000Z;7.709;7.731;3252;3252
2026-06-08T08:45:42.0000000Z;7.709;7.731;3252;3252
2026-06-08T08:46:12.0000000Z;7.709;7.731;3252;3252
2026-06-08T08:46:43.0000000Z;7.709;7.731;3252;3252
2026-06-08T08:47:13.0000000Z;7.709;7.731;3252;3252
2026-06-08T08:47:44.0000000Z;7.709;7.731;3252;3252
2026-06-08T08:48:14.0000000Z;7.709;7.731;3252;3252
2026-06-08T08:48:45.0000000Z;7.709;7.731;3252;3252
2026-06-08T08:49:13.0000000Z;7.709;7.733;3252;3252
2026-06-08T08:49:21.0000000Z;7.709;7.731;3252;3252
2026-06-08T08:49:29.0000000Z;7.709;7.733;3252;3252
2026-06-08T08:49:59.0000000Z;7.709;7.733;3252;3252
2026-06-08T08:50:00.0000000Z;7.709;7.731;3252;3252
2026-06-08T08:50:29.0000000Z;7.709;7.732;3252;3252
2026-06-08T08:50:32.0000000Z;7.709;7.731;3252;3252
2026-06-08T08:51:02.0000000Z;7.709;7.731;3252;3252
2026-06-08T08:51:33.0000000Z;7.709;7.731;3252;3252
2026-06-08T08:52:03.0000000Z;7.709;7.731;3252;3252
2026-06-08T08:52:34.0000000Z;7.709;7.731;3252;3252
2026-06-08T08:52:47.0000000Z;7.709;7.732;3252;3252
2026-06-08T08:53:16.0000000Z;7.709;7.732;3252;3252
2026-06-08T08:53:47.0000000Z;7.709;7.732;3252;3252
2026-06-08T08:54:18.0000000Z;7.709;7.732;3252;3252
2026-06-08T08:54:48.0000000Z;7.709;7.732;3252;3252
2026-06-08T08:55:19.0000000Z;7.709;7.732;3252;3252
2026-06-08T08:55:49.0000000Z;7.709;7.732;3252;3252
2026-06-08T08:56:20.0000000Z;7.709;7.732;3252;3252
2026-06-08T08:56:50.0000000Z;7.709;7.732;3252;3252
2026-06-08T08:56:58.0000000Z;7.709;7.735;3252;3252
2026-06-08T08:57:27.0000000Z;7.709;7.735;3252;3252
2026-06-08T08:57:58.0000000Z;7.709;7.735;3252;3252
2026-06-08T08:58:28.0000000Z;7.709;7.735;3252;3252
2026-06-08T08:58:59.0000000Z;7.709;7.735;3252;3252
2026-06-08T08:59:29.0000000Z;7.709;7.735;3252;3252
2026-06-08T09:00:00.0000000Z;7.709;7.735;3252;3252
2026-06-08T09:00:30.0000000Z;7.709;7.735;3252;3252
2026-06-08T09:01:01.0000000Z;7.709;7.735;3252;3252
2026-06-08T09:01:31.0000000Z;7.709;7.735;3252;3252
2026-06-08T09:01:44.0000000Z;7.709;7.742;3252;3252
2026-06-08T09:02:13.0000000Z;7.709;7.742;3252;3252
2026-06-08T09:02:44.0000000Z;7.709;7.742;3252;3252
2026-06-08T09:03:14.0000000Z;7.709;7.742;3252;3252
2026-06-08T09:03:45.0000000Z;7.709;7.742;3252;3252
2026-06-08T09:04:15.0000000Z;7.709;7.742;3252;3252
2026-06-08T09:04:46.0000000Z;7.709;7.742;3252;3252
2026-06-08T09:05:16.0000000Z;7.709;7.742;3252;3252
2026-06-08T09:05:47.0000000Z;7.709;7.742;3252;3252
2026-06-08T09:06:17.0000000Z;7.709;7.742;3252;3252
2026-06-08T09:06:48.0000000Z;7.709;7.742;3252;3252
2026-06-08T09:07:18.0000000Z;7.709;7.742;3252;3252
2026-06-08T09:07:49.0000000Z;7.709;7.742;3252;3252
2026-06-08T09:08:20.0000000Z;7.709;7.742;3252;3252
2026-06-08T09:08:34.0000000Z;7.709;7.743;3252;3252
2026-06-08T09:08:46.0000000Z;7.709;7.745;3252;3252
2026-06-08T09:09:15.0000000Z;7.709;7.745;3252;3252
2026-06-08T09:09:45.0000000Z;7.709;7.745;3252;3252
2026-06-08T09:10:16.0000000Z;7.709;7.745;3252;3252
2026-06-08T09:10:19.0000000Z;7.709;7.741;3252;3252
2026-06-08T09:10:21.0000000Z;7.709;7.735;3252;3252
2026-06-08T09:10:30.0000000Z;7.709;7.736;3252;3252
2026-06-08T09:10:44.0000000Z;7.709;7.738;3252;3252
2026-06-08T09:11:14.0000000Z;7.709;7.738;3252;3252
2026-06-08T09:11:44.0000000Z;7.709;7.738;3252;3252
2026-06-08T09:12:15.0000000Z;7.709;7.738;3252;3252
2026-06-08T09:12:17.0000000Z;7.709;7.739;3252;3252
2026-06-08T09:12:46.0000000Z;7.709;7.739;3252;3252
2026-06-08T09:13:16.0000000Z;7.709;7.739;3252;3252
2026-06-08T09:13:25.0000000Z;7.709;7.741;3252;3252
2026-06-08T09:13:55.0000000Z;7.709;7.741;3252;3252
2026-06-08T09:14:25.0000000Z;7.709;7.741;3252;3252
2026-06-08T09:14:56.0000000Z;7.709;7.741;3252;3252
2026-06-08T09:15:27.0000000Z;7.709;7.741;3252;3252
2026-06-08T09:15:57.0000000Z;7.709;7.741;3252;3252
2026-06-08T09:16:25.0000000Z;7.709;7.74;3252;3252
2026-06-08T09:16:41.0000000Z;7.709;7.741;3252;3252
2026-06-08T09:17:09.0000000Z;7.709;7.741;3252;3252
2026-06-08T09:17:40.0000000Z;7.709;7.741;3252;3252
2026-06-08T09:18:10.0000000Z;7.709;7.741;3252;3252
2026-06-08T09:18:41.0000000Z;7.709;7.741;3252;3252
2026-06-08T09:19:12.0000000Z;7.709;7.741;3252;3252
2026-06-08T09:19:42.0000000Z;7.709;7.741;3252;3252
2026-06-08T09:20:02.0000000Z;7.709;7.74;3252;3252
2026-06-08T09:20:08.0000000Z;7.709;7.741;3252;3252
2026-06-08T09:20:12.0000000Z;7.709;7.739;3252;3252
2026-06-08T09:20:18.0000000Z;7.709;7.741;3252;3252
2026-06-08T09:20:47.0000000Z;7.709;7.741;3252;3252
2026-06-08T09:21:18.0000000Z;7.709;7.741;3252;3252
2026-06-08T09:21:48.0000000Z;7.709;7.741;3252;3252
2026-06-08T09:22:19.0000000Z;7.709;7.741;3252;3252
2026-06-08T09:22:49.0000000Z;7.709;7.741;3252;3252
2026-06-08T09:23:20.0000000Z;7.709;7.741;3252;3252
2026-06-08T09:23:51.0000000Z;7.709;7.741;3252;3252
2026-06-08T09:24:21.0000000Z;7.709;7.741;3252;3252
2026-06-08T09:24:52.0000000Z;7.709;7.741;3252;3252
2026-06-08T09:25:22.0000000Z;7.709;7.741;3252;3252
2026-06-08T09:25:53.0000000Z;7.709;7.741;3252;3252
2026-06-08T09:26:23.0000000Z;7.709;7.741;3252;3252
2026-06-08T09:26:54.0000000Z;7.709;7.741;3252;3252
2026-06-08T09:27:25.0000000Z;7.709;7.741;3252;3252
2026-06-08T09:27:55.0000000Z;7.709;7.741;3252;3252
2026-06-08T09:28:26.0000000Z;7.709;7.741;3252;3252
2026-06-08T09:28:56.0000000Z;7.709;7.741;3252;3252
2026-06-08T09:29:27.0000000Z;7.709;7.741;3252;3252
2026-06-08T09:29:58.0000000Z;7.709;7.741;3252;3252
2026-06-08T09:30:28.0000000Z;7.709;7.741;3252;3252
2026-06-08T09:30:59.0000000Z;7.709;7.741;3252;3252
2026-06-08T09:31:29.0000000Z;7.709;7.741;3252;3252
2026-06-08T09:32:00.0000000Z;7.709;7.741;3252;3252
2026-06-08T09:32:30.0000000Z;7.709;7.741;3252;3252
2026-06-08T09:33:01.0000000Z;7.709;7.741;3252;3252
2026-06-08T09:33:31.0000000Z;7.709;7.741;3252;3252
2026-06-08T09:34:02.0000000Z;7.709;7.741;3252;3252
2026-06-08T09:34:33.0000000Z;7.709;7.741;3252;3252
2026-06-08T09:35:03.0000000Z;7.709;7.741;3252;3252
2026-06-08T09:35:34.0000000Z;7.709;7.741;3252;3252
2026-06-08T09:36:04.0000000Z;7.709;7.741;3252;3252
2026-06-08T09:36:35.0000000Z;7.709;7.741;3252;3252
2026-06-08T09:36:42.0000000Z;7.709;7.746;3252;3252
2026-06-08T09:36:50.0000000Z;7.716;7.748;3252;3252
2026-06-08T09:36:56.0000000Z;7.716;7.751;3252;3252
2026-06-08T09:37:00.0000000Z;7.716;7.752;3252;3252
2026-06-08T09:37:02.0000000Z;7.716;7.751;3252;3252
2026-06-08T09:37:12.0000000Z;7.716;7.747;3252;3252
2026-06-08T09:37:15.0000000Z;7.712;7.747;3252;3252
2026-06-08T09:37:21.0000000Z;7.712;7.749;3252;3252
2026-06-08T09:37:30.0000000Z;7.712;7.747;3252;3252
2026-06-08T09:38:00.0000000Z;7.712;7.747;3252;3252
2026-06-08T09:38:01.0000000Z;7.712;7.745;3252;3252
2026-06-08T09:38:02.0000000Z;7.712;7.746;3252;3252
2026-06-08T09:38:03.0000000Z;7.712;7.745;3252;3252
2026-06-08T09:38:05.0000000Z;7.712;7.746;3252;3252
2026-06-08T09:38:13.0000000Z;7.711;7.746;3252;3252
2026-06-08T09:38:44.0000000Z;7.711;7.746;3252;3252
2026-06-08T09:39:14.0000000Z;7.711;7.746;3252;3252
2026-06-08T09:39:19.0000000Z;7.711;7.748;3252;3252
2026-06-08T09:39:50.0000000Z;7.711;7.748;3252;3252
2026-06-08T09:40:20.0000000Z;7.711;7.748;3252;3252
2026-06-08T09:40:51.0000000Z;7.711;7.748;3252;3252
2026-06-08T09:41:18.0000000Z;7.712;7.748;3252;3252
2026-06-08T09:41:48.0000000Z;7.712;7.748;3252;3252
2026-06-08T09:42:18.0000000Z;7.712;7.748;3252;3252
2026-06-08T09:42:49.0000000Z;7.712;7.748;3252;3252
2026-06-08T09:42:55.0000000Z;7.713;7.748;3252;3252
2026-06-08T09:43:06.0000000Z;7.712;7.748;3252;3252
2026-06-08T09:43:37.0000000Z;7.712;7.748;3252;3252
2026-06-08T09:44:07.0000000Z;7.712;7.748;3252;3252
2026-06-08T09:44:38.0000000Z;7.712;7.748;3252;3252
2026-06-08T09:45:04.0000000Z;7.714;7.748;3252;3252
2026-06-08T09:45:20.0000000Z;7.712;7.748;3252;3252
2026-06-08T09:45:50.0000000Z;7.712;7.748;3252;3252
2026-06-08T09:46:03.0000000Z;7.714;7.748;3252;3252
2026-06-08T09:46:04.0000000Z;7.722;7.754;3252;3252
2026-06-08T09:46:09.0000000Z;7.722;7.753;3252;3252
2026-06-08T09:46:24.0000000Z;7.722;7.754;3252;3252
2026-06-08T09:46:55.0000000Z;7.722;7.754;3252;3252
2026-06-08T09:47:26.0000000Z;7.722;7.754;3252;3252
2026-06-08T09:47:27.0000000Z;7.722;7.752;3252;3252
2026-06-08T09:47:35.0000000Z;7.722;7.754;3252;3252
2026-06-08T09:47:36.0000000Z;7.722;7.752;3252;3252
2026-06-08T09:47:42.0000000Z;7.722;7.753;3252;3252
2026-06-08T09:47:46.0000000Z;7.722;7.755;3252;3252
2026-06-08T09:47:51.0000000Z;7.722;7.753;3252;3252
2026-06-08T09:48:00.0000000Z;7.722;7.755;3252;3252
2026-06-08T09:48:30.0000000Z;7.722;7.755;3252;3252
2026-06-08T09:49:00.0000000Z;7.722;7.755;3252;3252
2026-06-08T09:49:23.0000000Z;7.722;7.753;3252;3252
2026-06-08T09:49:31.0000000Z;7.722;7.754;3252;3252
2026-06-08T09:50:02.0000000Z;7.722;7.754;3252;3252
2026-06-08T09:50:06.0000000Z;7.722;7.751;3252;3252
2026-06-08T09:50:17.0000000Z;7.722;7.752;3252;3252
2026-06-08T09:50:21.0000000Z;7.722;7.75;3252;3252
2026-06-08T09:50:27.0000000Z;7.722;7.752;3252;3252
2026-06-08T09:50:37.0000000Z;7.722;7.75;3252;3252
2026-06-08T09:50:39.0000000Z;7.722;7.752;3252;3252
2026-06-08T09:51:06.0000000Z;7.722;7.751;3252;3252
2026-06-08T09:51:13.0000000Z;7.722;7.752;3252;3252
2026-06-08T09:51:14.0000000Z;7.722;7.751;3252;3252
2026-06-08T09:51:15.0000000Z;7.722;7.751;3252;3252
2026-06-08T09:51:17.0000000Z;7.722;7.752;3252;3252
2026-06-08T09:51:23.0000000Z;7.722;7.751;3252;3252
2026-06-08T09:51:29.0000000Z;7.722;7.752;3252;3252
2026-06-08T09:52:00.0000000Z;7.722;7.752;3252;3252
2026-06-08T09:52:15.0000000Z;7.722;7.754;3252;3252
2026-06-08T09:52:46.0000000Z;7.722;7.754;3252;3252
2026-06-08T09:53:16.0000000Z;7.722;7.754;3252;3252
2026-06-08T09:53:47.0000000Z;7.722;7.754;3252;3252
2026-06-08T09:54:17.0000000Z;7.722;7.754;3252;3252
2026-06-08T09:54:48.0000000Z;7.722;7.754;3252;3252
2026-06-08T09:55:18.0000000Z;7.722;7.754;3252;3252
2026-06-08T09:55:49.0000000Z;7.722;7.754;3252;3252
2026-06-08T09:56:20.0000000Z;7.722;7.754;3252;3252
2026-06-08T09:56:50.0000000Z;7.722;7.754;3252;3252
2026-06-08T09:57:21.0000000Z;7.722;7.754;3252;3252
2026-06-08T09:57:51.0000000Z;7.722;7.754;3252;3252
2026-06-08T09:58:22.0000000Z;7.722;7.754;3252;3252
2026-06-08T09:58:52.0000000Z;7.722;7.754;3252;3252
2026-06-08T09:59:23.0000000Z;7.722;7.754;3252;3252
2026-06-08T09:59:53.0000000Z;7.722;7.754;3252;3252
2026-06-08T10:00:03.0000000Z;7.722;7.751;3252;3252
2026-06-08T10:00:09.0000000Z;7.722;7.75;3252;3252
2026-06-08T10:00:15.0000000Z;7.722;7.751;3252;3252
2026-06-08T10:00:27.0000000Z;7.722;7.752;3252;3252
2026-06-08T10:00:58.0000000Z;7.722;7.752;3252;3252
2026-06-08T10:01:13.0000000Z;7.722;7.75;3252;3252
2026-06-08T10:01:20.0000000Z;7.722;7.751;3252;3252
2026-06-08T10:01:46.0000000Z;7.722;7.75;3252;3252
2026-06-08T10:01:48.0000000Z;7.722;7.75;3252;3252
2026-06-08T10:01:50.0000000Z;7.722;7.751;3252;3252
2026-06-08T10:02:02.0000000Z;7.721;7.751;3252;3252
2026-06-08T10:02:06.0000000Z;7.721;7.747;3252;3252
2026-06-08T10:02:13.0000000Z;7.721;7.744;3252;3252
2026-06-08T10:02:16.0000000Z;7.72;7.744;3252;3252
2026-06-08T10:02:18.0000000Z;7.72;7.748;3252;3252
2026-06-08T10:02:19.0000000Z;7.72;7.746;3252;3252
2026-06-08T10:02:21.0000000Z;7.72;7.745;3252;3252
2026-06-08T10:02:26.0000000Z;7.72;7.746;3252;3252
2026-06-08T10:02:40.0000000Z;7.72;7.748;3252;3252
2026-06-08T10:02:44.0000000Z;7.72;7.746;3252;3252
2026-06-08T10:02:50.0000000Z;7.72;7.748;3252;3252
2026-06-08T10:02:53.0000000Z;7.72;7.746;3252;3252
2026-06-08T10:03:00.0000000Z;7.72;7.748;3252;3252
2026-06-08T10:03:11.0000000Z;7.72;7.75;3252;3252
2026-06-08T10:03:41.0000000Z;7.72;7.75;3252;3252
2026-06-08T10:04:11.0000000Z;7.72;7.75;3252;3252
2026-06-08T10:04:42.0000000Z;7.72;7.75;3252;3252
2026-06-08T10:05:12.0000000Z;7.72;7.75;3252;3252
2026-06-08T10:05:21.0000000Z;7.722;7.75;3252;3252
2026-06-08T10:05:31.0000000Z;7.72;7.75;3252;3252
2026-06-08T10:06:02.0000000Z;7.72;7.75;3252;3252
2026-06-08T10:06:33.0000000Z;7.72;7.75;3252;3252
2026-06-08T10:07:03.0000000Z;7.72;7.75;3252;3252
2026-06-08T10:07:34.0000000Z;7.72;7.75;3252;3252
2026-06-08T10:08:04.0000000Z;7.72;7.75;3252;3252
2026-06-08T10:08:35.0000000Z;7.72;7.75;3252;3252
2026-06-08T10:09:05.0000000Z;7.72;7.75;3252;3252
2026-06-08T10:09:09.0000000Z;7.725;7.75;3252;3252
2026-06-08T10:09:10.0000000Z;7.725;7.753;3252;3252
2026-06-08T10:09:16.0000000Z;7.725;7.754;3252;3252
2026-06-08T10:09:45.0000000Z;7.725;7.754;3252;3252
2026-06-08T10:09:58.0000000Z;7.724;7.752;3252;3252
2026-06-08T10:10:29.0000000Z;7.724;7.752;3252;3252
2026-06-08T10:10:59.0000000Z;7.724;7.752;3252;3252
2026-06-08T10:11:26.0000000Z;7.724;7.753;3252;3252
2026-06-08T10:11:40.0000000Z;7.724;7.752;3252;3252
2026-06-08T10:11:52.0000000Z;7.724;7.754;3252;3252
2026-06-08T10:11:53.0000000Z;7.724;7.752;3252;3252
2026-06-08T10:12:00.0000000Z;7.724;7.754;3252;3252
2026-06-08T10:12:12.0000000Z;7.724;7.752;3252;3252
2026-06-08T10:12:33.0000000Z;7.724;7.754;3252;3252
2026-06-08T10:12:40.0000000Z;7.724;7.752;3252;3252
2026-06-08T10:12:59.0000000Z;7.724;7.753;3252;3252
2026-06-08T10:13:07.0000000Z;7.724;7.754;3252;3252
2026-06-08T10:13:18.0000000Z;7.724;7.752;3252;3252
2026-06-08T10:13:25.0000000Z;7.724;7.754;3252;3252
2026-06-08T10:13:55.0000000Z;7.724;7.754;3252;3252
2026-06-08T10:14:12.0000000Z;7.724;7.752;3252;3252
2026-06-08T10:14:31.0000000Z;7.724;7.753;3252;3252
2026-06-08T10:14:55.0000000Z;7.724;7.752;3252;3252
2026-06-08T10:15:23.0000000Z;7.724;7.753;3252;3252
2026-06-08T10:15:43.0000000Z;7.724;7.752;3252;3252
2026-06-08T10:15:49.0000000Z;7.724;7.753;3252;3252
2026-06-08T10:15:58.0000000Z;7.724;7.752;3252;3252
2026-06-08T10:16:07.0000000Z;7.724;7.753;3252;3252
2026-06-08T10:16:38.0000000Z;7.724;7.753;3252;3252
2026-06-08T10:16:49.0000000Z;7.724;7.75;3252;3252
2026-06-08T10:17:01.0000000Z;7.724;7.748;3252;3252
2026-06-08T10:17:31.0000000Z;7.724;7.748;3252;3252
2026-06-08T10:18:02.0000000Z;7.724;7.748;3252;3252
2026-06-08T10:18:32.0000000Z;7.724;7.748;3252;3252
2026-06-08T10:19:03.0000000Z;7.724;7.748;3252;3252
2026-06-08T10:19:33.0000000Z;7.724;7.748;3252;3252
2026-06-08T10:20:04.0000000Z;7.724;7.748;3252;3252
2026-06-08T10:20:34.0000000Z;7.724;7.748;3252;3252
2026-06-08T10:21:05.0000000Z;7.724;7.748;3252;3252
2026-06-08T10:21:35.0000000Z;7.724;7.748;3252;3252
2026-06-08T10:22:06.0000000Z;7.724;7.748;3252;3252
2026-06-08T10:22:36.0000000Z;7.724;7.748;3252;3252
2026-06-08T10:22:49.0000000Z;7.717;7.748;3252;3252
2026-06-08T10:22:52.0000000Z;7.717;7.745;3252;3252
2026-06-08T10:22:53.0000000Z;7.716;7.745;3252;3252
2026-06-08T10:22:55.0000000Z;7.716;7.745;3252;3252
2026-06-08T10:22:57.0000000Z;7.716;7.746;3252;3252
2026-06-08T10:23:20.0000000Z;7.715;7.746;3252;3252
2026-06-08T10:23:51.0000000Z;7.715;7.746;3252;3252
2026-06-08T10:24:21.0000000Z;7.715;7.746;3252;3252
2026-06-08T10:24:52.0000000Z;7.715;7.746;3252;3252
2026-06-08T10:25:23.0000000Z;7.715;7.746;3252;3252
2026-06-08T10:25:53.0000000Z;7.715;7.746;3252;3252
2026-06-08T10:26:03.0000000Z;7.715;7.744;3252;3252
2026-06-08T10:26:23.0000000Z;7.715;7.745;3252;3252
2026-06-08T10:26:54.0000000Z;7.715;7.745;3252;3252
2026-06-08T10:27:00.0000000Z;7.715;7.745;3252;3252
2026-06-08T10:27:08.0000000Z;7.715;7.746;3252;3252
2026-06-08T10:27:38.0000000Z;7.715;7.746;3252;3252
2026-06-08T10:28:08.0000000Z;7.715;7.746;3252;3252
2026-06-08T10:28:34.0000000Z;7.715;7.748;3252;3252
2026-06-08T10:29:04.0000000Z;7.715;7.748;3252;3252
2026-06-08T10:29:35.0000000Z;7.715;7.748;3252;3252
2026-06-08T10:29:48.0000000Z;7.715;7.75;3252;3252
2026-06-08T10:30:00.0000000Z;7.715;7.748;3252;3252
2026-06-08T10:30:30.0000000Z;7.715;7.748;3252;3252
2026-06-08T10:31:01.0000000Z;7.715;7.748;3252;3252
2026-06-08T10:31:31.0000000Z;7.715;7.748;3252;3252
2026-06-08T10:32:02.0000000Z;7.715;7.748;3252;3252
2026-06-08T10:32:32.0000000Z;7.715;7.748;3252;3252
2026-06-08T10:32:41.0000000Z;7.715;7.746;3252;3252
2026-06-08T10:33:08.0000000Z;7.715;7.748;3252;3252
2026-06-08T10:33:19.0000000Z;7.715;7.746;3252;3252
2026-06-08T10:33:30.0000000Z;7.715;7.748;3252;3252
2026-06-08T10:33:47.0000000Z;7.719;7.748;3252;3252
2026-06-08T10:34:17.0000000Z;7.73;7.748;3252;3252
2026-06-08T10:34:18.0000000Z;7.73;7.765;3252;3252
2026-06-08T10:34:24.0000000Z;7.729;7.765;3252;3252
2026-06-08T10:34:32.0000000Z;7.729;7.764;3252;3252
2026-06-08T10:34:36.0000000Z;7.724;7.764;3252;3252
2026-06-08T10:34:38.0000000Z;7.724;7.77;3252;3252
2026-06-08T10:34:46.0000000Z;7.726;7.767;3252;3252
2026-06-08T10:34:48.0000000Z;7.726;7.765;3252;3252
2026-06-08T10:34:52.0000000Z;7.714;7.765;3252;3252
2026-06-08T10:34:55.0000000Z;7.722;7.765;3252;3252
2026-06-08T10:34:59.0000000Z;7.722;7.761;3252;3252
2026-06-08T10:35:02.0000000Z;7.722;7.762;3252;3252
2026-06-08T10:35:09.0000000Z;7.722;7.76;3252;3252
2026-06-08T10:35:10.0000000Z;7.717;7.76;3252;3252
2026-06-08T10:35:22.0000000Z;7.712;7.758;3252;3252
2026-06-08T10:35:26.0000000Z;7.713;7.756;3252;3252
2026-06-08T10:35:28.0000000Z;7.713;7.757;3252;3252
2026-06-08T10:35:29.0000000Z;7.713;7.756;3252;3252
2026-06-08T10:35:30.0000000Z;7.713;7.757;3252;3252
2026-06-08T10:35:32.0000000Z;7.715;7.757;3252;3252
2026-06-08T10:35:40.0000000Z;7.715;7.761;3252;3252
2026-06-08T10:35:42.0000000Z;7.714;7.761;3252;3252
2026-06-08T10:35:50.0000000Z;7.714;7.758;3252;3252
2026-06-08T10:35:53.0000000Z;7.716;7.758;3252;3252
2026-06-08T10:36:07.0000000Z;7.716;7.76;3252;3252
2026-06-08T10:36:08.0000000Z;7.72;7.76;3252;3252
2026-06-08T10:36:10.0000000Z;7.72;7.755;3252;3252
2026-06-08T10:36:19.0000000Z;7.72;7.756;3252;3252
2026-06-08T10:36:20.0000000Z;7.72;7.76;3252;3252
2026-06-08T10:36:21.0000000Z;7.72;7.756;3252;3252
2026-06-08T10:36:23.0000000Z;7.72;7.758;3252;3252
2026-06-08T10:36:53.0000000Z;7.72;7.758;3252;3252
2026-06-08T10:37:23.0000000Z;7.72;7.758;3252;3252
2026-06-08T10:37:54.0000000Z;7.72;7.758;3252;3252
2026-06-08T10:38:24.0000000Z;7.72;7.758;3252;3252
2026-06-08T10:38:55.0000000Z;7.72;7.758;3252;3252
2026-06-08T10:39:25.0000000Z;7.72;7.758;3252;3252
2026-06-08T10:39:56.0000000Z;7.72;7.758;3252;3252
2026-06-08T10:40:27.0000000Z;7.72;7.758;3252;3252
2026-06-08T10:40:57.0000000Z;7.72;7.758;3252;3252
2026-06-08T10:41:28.0000000Z;7.72;7.758;3252;3252
2026-06-08T10:41:58.0000000Z;7.72;7.758;3252;3252
2026-06-08T10:42:29.0000000Z;7.72;7.758;3252;3252
2026-06-08T10:43:00.0000000Z;7.72;7.758;3252;3252
2026-06-08T10:43:30.0000000Z;7.72;7.758;3252;3252
2026-06-08T10:44:01.0000000Z;7.72;7.758;3252;3252
2026-06-08T10:44:31.0000000Z;7.72;7.758;3252;3252
2026-06-08T10:45:02.0000000Z;7.72;7.758;3252;3252
2026-06-08T10:45:33.0000000Z;7.72;7.758;3252;3252
2026-06-08T10:46:03.0000000Z;7.72;7.758;3252;3252
2026-06-08T10:46:34.0000000Z;7.72;7.758;3252;3252
2026-06-08T10:46:55.0000000Z;7.72;7.751;3252;3252
2026-06-08T10:47:13.0000000Z;7.72;7.752;3252;3252
2026-06-08T10:47:43.0000000Z;7.72;7.752;3252;3252
2026-06-08T10:48:14.0000000Z;7.72;7.752;3252;3252
2026-06-08T10:48:42.0000000Z;7.719;7.764;3252;3252
2026-06-08T10:49:12.0000000Z;7.719;7.764;3252;3252
2026-06-08T10:49:33.0000000Z;7.72;7.759;3252;3252
2026-06-08T10:50:04.0000000Z;7.72;7.759;3252;3252
2026-06-08T10:50:11.0000000Z;7.72;7.751;3252;3252
2026-06-08T10:50:22.0000000Z;7.72;7.751;3252;3252
2026-06-08T10:50:34.0000000Z;7.72;7.747;3252;3252
2026-06-08T10:50:54.0000000Z;7.72;7.748;3252;3252
2026-06-08T10:51:02.0000000Z;7.719;7.749;3252;3252
2026-06-08T10:51:04.0000000Z;7.719;7.752;3252;3252
2026-06-08T10:51:05.0000000Z;7.719;7.747;3252;3252
2026-06-08T10:51:10.0000000Z;7.719;7.75;3252;3252
2026-06-08T10:51:18.0000000Z;7.719;7.748;3252;3252
2026-06-08T10:51:48.0000000Z;7.719;7.751;3252;3252
2026-06-08T10:51:50.0000000Z;7.719;7.748;3252;3252
2026-06-08T10:51:57.0000000Z;7.719;7.748;3252;3252
2026-06-08T10:52:02.0000000Z;7.719;7.749;3252;3252
2026-06-08T10:52:25.0000000Z;7.719;7.748;3252;3252
2026-06-08T10:52:31.0000000Z;7.719;7.749;3252;3252
2026-06-08T10:53:01.0000000Z;7.719;7.749;3252;3252
2026-06-08T10:53:31.0000000Z;7.719;7.749;3252;3252
2026-06-08T10:54:02.0000000Z;7.719;7.749;3252;3252
2026-06-08T10:54:11.0000000Z;7.719;7.756;3252;3252
2026-06-08T10:54:25.0000000Z;7.719;7.752;3252;3252
2026-06-08T10:54:26.0000000Z;7.719;7.748;3252;3252
2026-06-08T10:54:36.0000000Z;7.719;7.747;3252;3252
2026-06-08T10:55:04.0000000Z;7.719;7.748;3252;3252
2026-06-08T10:55:35.0000000Z;7.719;7.748;3252;3252
2026-06-08T10:56:05.0000000Z;7.719;7.748;3252;3252
2026-06-08T10:56:14.0000000Z;7.719;7.749;3252;3252
2026-06-08T10:56:15.0000000Z;7.719;7.748;3252;3252
2026-06-08T10:56:45.0000000Z;7.719;7.748;3252;3252
2026-06-08T10:57:08.0000000Z;7.719;7.75;3252;3252
2026-06-08T10:57:39.0000000Z;7.719;7.75;3252;3252
2026-06-08T10:58:10.0000000Z;7.719;7.75;3252;3252
2026-06-08T10:58:40.0000000Z;7.719;7.75;3252;3252
2026-06-08T10:59:11.0000000Z;7.719;7.75;3252;3252
2026-06-08T10:59:41.0000000Z;7.719;7.75;3252;3252
2026-06-08T11:00:12.0000000Z;7.719;7.75;3252;3252
2026-06-08T11:00:17.0000000Z;7.719;7.751;3252;3252
2026-06-08T11:00:34.0000000Z;7.719;7.751;3252;3252
2026-06-08T11:01:05.0000000Z;7.719;7.751;3252;3252
2026-06-08T11:01:25.0000000Z;7.72;7.751;3252;3252
2026-06-08T11:01:29.0000000Z;7.719;7.75;3252;3252
2026-06-08T11:01:59.0000000Z;7.719;7.75;3252;3252
2026-06-08T11:02:30.0000000Z;7.719;7.75;3252;3252
2026-06-08T11:03:00.0000000Z;7.719;7.75;3252;3252
2026-06-08T11:03:31.0000000Z;7.719;7.75;3252;3252
2026-06-08T11:03:54.0000000Z;7.719;7.749;3252;3252
2026-06-08T11:04:01.0000000Z;7.719;7.748;3252;3252
2026-06-08T11:04:04.0000000Z;7.719;7.747;3252;3252
2026-06-08T11:04:08.0000000Z;7.719;7.749;3252;3252
2026-06-08T11:04:09.0000000Z;7.719;7.747;3252;3252
2026-06-08T11:04:39.0000000Z;7.719;7.747;3252;3252
2026-06-08T11:04:52.0000000Z;7.719;7.748;3252;3252
2026-06-08T11:05:22.0000000Z;7.719;7.748;3252;3252
2026-06-08T11:05:28.0000000Z;7.719;7.748;3252;3252
2026-06-08T11:05:50.0000000Z;7.719;7.75;3252;3252
2026-06-08T11:06:13.0000000Z;7.719;7.748;3252;3252
2026-06-08T11:06:43.0000000Z;7.719;7.748;3252;3252
2026-06-08T11:06:50.0000000Z;7.719;7.749;3252;3252
2026-06-08T11:07:02.0000000Z;7.719;7.748;3252;3252
2026-06-08T11:07:07.0000000Z;7.719;7.749;3252;3252
2026-06-08T11:07:08.0000000Z;7.719;7.748;3252;3252
2026-06-08T11:07:13.0000000Z;7.719;7.748;3252;3252
2026-06-08T11:07:21.0000000Z;7.719;7.751;3252;3252
2026-06-08T11:07:51.0000000Z;7.719;7.751;3252;3252
2026-06-08T11:08:22.0000000Z;7.719;7.751;3252;3252
2026-06-08T11:08:44.0000000Z;7.719;7.748;3252;3252
2026-06-08T11:09:13.0000000Z;7.719;7.752;3252;3252
2026-06-08T11:09:14.0000000Z;7.719;7.748;3252;3252
2026-06-08T11:09:44.0000000Z;7.719;7.748;3252;3252
2026-06-08T11:10:01.0000000Z;7.719;7.749;3252;3252
2026-06-08T11:10:03.0000000Z;7.719;7.75;3252;3252
2026-06-08T11:10:07.0000000Z;7.719;7.751;3252;3252
2026-06-08T11:10:13.0000000Z;7.719;7.75;3252;3252
2026-06-08T11:10:15.0000000Z;7.719;7.75;3252;3252
2026-06-08T11:10:20.0000000Z;7.719;7.749;3252;3252
2026-06-08T11:10:27.0000000Z;7.719;7.751;3252;3252
2026-06-08T11:10:37.0000000Z;7.72;7.751;3252;3252
2026-06-08T11:10:45.0000000Z;7.72;7.753;3252;3252
2026-06-08T11:10:52.0000000Z;7.734;7.744;3252;3252
2026-06-08T11:11:12.0000000Z;7.743;7.753;3252;3252
2026-06-08T11:11:42.0000000Z;7.743;7.753;3252;3252
2026-06-08T11:11:50.0000000Z;7.744;7.753;3252;3252
2026-06-08T11:12:20.0000000Z;7.744;7.753;3252;3252
2026-06-08T11:12:22.0000000Z;7.742;7.752;3252;3252
2026-06-08T11:12:53.0000000Z;7.742;7.752;3252;3252
2026-06-08T11:13:08.0000000Z;7.74;7.764;3252;3252
2026-06-08T11:13:36.0000000Z;7.74;7.762;3252;3252
2026-06-08T11:13:42.0000000Z;7.74;7.761;3252;3252
2026-06-08T11:14:13.0000000Z;7.74;7.761;3252;3252
2026-06-08T11:14:44.0000000Z;7.74;7.761;3252;3252
2026-06-08T11:15:14.0000000Z;7.74;7.761;3252;3252
2026-06-08T11:15:33.0000000Z;7.74;7.774;3252;3252
2026-06-08T11:15:36.0000000Z;7.74;7.773;3252;3252
2026-06-08T11:15:42.0000000Z;7.74;7.774;3252;3252
2026-06-08T11:15:55.0000000Z;7.74;7.776;3252;3252
2026-06-08T11:16:14.0000000Z;7.74;7.773;3252;3252
2026-06-08T11:16:22.0000000Z;7.74;7.774;3252;3252
2026-06-08T11:16:30.0000000Z;7.74;7.773;3252;3252
2026-06-08T11:16:38.0000000Z;7.74;7.775;3252;3252
2026-06-08T11:17:09.0000000Z;7.74;7.775;3252;3252
2026-06-08T11:17:17.0000000Z;7.74;7.765;3252;3252
2026-06-08T11:17:20.0000000Z;7.74;7.769;3252;3252
2026-06-08T11:17:22.0000000Z;7.74;7.766;3252;3252
2026-06-08T11:17:40.0000000Z;7.74;7.765;3252;3252
2026-06-08T11:18:11.0000000Z;7.74;7.765;3252;3252
2026-06-08T11:18:41.0000000Z;7.74;7.765;3252;3252
2026-06-08T11:19:00.0000000Z;7.74;7.766;3252;3252
2026-06-08T11:19:08.0000000Z;7.74;7.767;3252;3252
2026-06-08T11:19:12.0000000Z;7.74;7.766;3252;3252
2026-06-08T11:19:18.0000000Z;7.74;7.768;3252;3252
2026-06-08T11:19:30.0000000Z;7.74;7.766;3252;3252
2026-06-08T11:19:33.0000000Z;7.74;7.765;3252;3252
2026-06-08T11:19:35.0000000Z;7.74;7.766;3252;3252
2026-06-08T11:19:52.0000000Z;7.74;7.768;3252;3252
2026-06-08T11:19:54.0000000Z;7.74;7.768;3252;3252
2026-06-08T11:20:02.0000000Z;7.74;7.769;3252;3252
2026-06-08T11:20:33.0000000Z;7.74;7.769;3252;3252
2026-06-08T11:21:03.0000000Z;7.74;7.769;3252;3252
2026-06-08T11:21:17.0000000Z;7.74;7.766;3252;3252
2026-06-08T11:21:26.0000000Z;7.74;7.769;3252;3252
2026-06-08T11:21:27.0000000Z;7.74;7.765;3252;3252
2026-06-08T11:21:37.0000000Z;7.74;7.768;3252;3252
2026-06-08T11:21:49.0000000Z;7.74;7.765;3252;3252
2026-06-08T11:21:50.0000000Z;7.74;7.768;3252;3252
2026-06-08T11:22:00.0000000Z;7.74;7.767;3252;3252
2026-06-08T11:22:01.0000000Z;7.74;7.766;3252;3252
2026-06-08T11:22:03.0000000Z;7.74;7.768;3252;3252
2026-06-08T11:22:20.0000000Z;7.74;7.767;3252;3252
2026-06-08T11:22:51.0000000Z;7.74;7.767;3252;3252
2026-06-08T11:23:13.0000000Z;7.74;7.766;3252;3252
2026-06-08T11:23:44.0000000Z;7.74;7.766;3252;3252
2026-06-08T11:23:48.0000000Z;7.74;7.764;3252;3252
2026-06-08T11:23:56.0000000Z;7.74;7.763;3252;3252
2026-06-08T11:24:17.0000000Z;7.74;7.764;3252;3252
2026-06-08T11:24:48.0000000Z;7.74;7.764;3252;3252
2026-06-08T11:25:18.0000000Z;7.74;7.764;3252;3252
2026-06-08T11:25:33.0000000Z;7.74;7.763;3252;3252
2026-06-08T11:25:35.0000000Z;7.74;7.764;3252;3252
2026-06-08T11:25:44.0000000Z;7.74;7.765;3252;3252
2026-06-08T11:26:02.0000000Z;7.74;7.765;3252;3252
2026-06-08T11:26:05.0000000Z;7.74;7.764;3252;3252
2026-06-08T11:26:06.0000000Z;7.74;7.765;3252;3252
2026-06-08T11:26:18.0000000Z;7.74;7.764;3252;3252
2026-06-08T11:26:48.0000000Z;7.74;7.764;3252;3252
2026-06-08T11:26:54.0000000Z;7.74;7.778;3252;3252
2026-06-08T11:27:25.0000000Z;7.74;7.778;3252;3252
2026-06-08T11:27:55.0000000Z;7.74;7.778;3252;3252
2026-06-08T11:28:03.0000000Z;7.74;7.776;3252;3252
2026-06-08T11:28:33.0000000Z;7.74;7.776;3252;3252
2026-06-08T11:28:48.0000000Z;7.74;7.772;3252;3252
2026-06-08T11:29:11.0000000Z;7.74;7.775;3252;3252
2026-06-08T11:29:33.0000000Z;7.74;7.769;3252;3252
2026-06-08T11:29:34.0000000Z;7.74;7.772;3252;3252
2026-06-08T11:29:35.0000000Z;7.74;7.763;3252;3252
2026-06-08T11:29:38.0000000Z;7.74;7.765;3252;3252
2026-06-08T11:29:39.0000000Z;7.74;7.763;3252;3252
2026-06-08T11:30:10.0000000Z;7.74;7.763;3252;3252
2026-06-08T11:30:40.0000000Z;7.74;7.763;3252;3252
2026-06-08T11:30:53.0000000Z;7.74;7.767;3252;3252
2026-06-08T11:31:00.0000000Z;7.74;7.766;3252;3252
2026-06-08T11:31:04.0000000Z;7.74;7.767;3252;3252
2026-06-08T11:31:10.0000000Z;7.74;7.765;3252;3252
2026-06-08T11:31:11.0000000Z;7.74;7.767;3252;3252
2026-06-08T11:31:24.0000000Z;7.74;7.767;3252;3252
2026-06-08T11:31:54.0000000Z;7.74;7.767;3252;3252
2026-06-08T11:32:06.0000000Z;7.74;7.766;3252;3252
2026-06-08T11:32:07.0000000Z;7.74;7.767;3252;3252
2026-06-08T11:32:12.0000000Z;7.74;7.766;3252;3252
2026-06-08T11:32:14.0000000Z;7.74;7.767;3252;3252
2026-06-08T11:32:20.0000000Z;7.74;7.766;3252;3252
2026-06-08T11:32:34.0000000Z;7.74;7.765;3252;3252
2026-06-08T11:32:36.0000000Z;7.74;7.766;3252;3252
2026-06-08T11:32:41.0000000Z;7.74;7.764;3252;3252
2026-06-08T11:32:54.0000000Z;7.74;7.766;3252;3252
2026-06-08T11:32:56.0000000Z;7.74;7.765;3252;3252
2026-06-08T11:33:02.0000000Z;7.74;7.766;3252;3252
2026-06-08T11:33:06.0000000Z;7.74;7.764;3252;3252
2026-06-08T11:33:16.0000000Z;7.74;7.766;3252;3252
2026-06-08T11:33:18.0000000Z;7.74;7.764;3252;3252
2026-06-08T11:33:24.0000000Z;7.74;7.766;3252;3252
2026-06-08T11:33:33.0000000Z;7.74;7.764;3252;3252
2026-06-08T11:33:48.0000000Z;7.74;7.766;3252;3252
2026-06-08T11:33:52.0000000Z;7.74;7.764;3252;3252
2026-06-08T11:33:58.0000000Z;7.74;7.764;3252;3252
2026-06-08T11:34:28.0000000Z;7.74;7.764;3252;3252
2026-06-08T11:34:59.0000000Z;7.74;7.764;3252;3252
2026-06-08T11:35:18.0000000Z;7.74;7.763;3252;3252
2026-06-08T11:35:20.0000000Z;7.74;7.764;3252;3252
2026-06-08T11:35:51.0000000Z;7.74;7.764;3252;3252
2026-06-08T11:36:18.0000000Z;7.74;7.766;3252;3252
2026-06-08T11:36:20.0000000Z;7.74;7.766;3252;3252
2026-06-08T11:36:26.0000000Z;7.74;7.765;3252;3252
2026-06-08T11:36:28.0000000Z;7.74;7.768;3252;3252
2026-06-08T11:36:30.0000000Z;7.74;7.765;3252;3252
2026-06-08T11:36:33.0000000Z;7.74;7.764;3252;3252
2026-06-08T11:36:44.0000000Z;7.74;7.765;3252;3252
2026-06-08T11:36:47.0000000Z;7.74;7.764;3252;3252
2026-06-08T11:37:06.0000000Z;7.74;7.764;3252;3252
2026-06-08T11:37:16.0000000Z;7.74;7.765;3252;3252
2026-06-08T11:37:18.0000000Z;7.74;7.764;3252;3252
2026-06-08T11:37:33.0000000Z;7.74;7.765;3252;3252
2026-06-08T11:37:41.0000000Z;7.74;7.766;3252;3252
2026-06-08T11:37:42.0000000Z;7.74;7.764;3252;3252
2026-06-08T11:37:43.0000000Z;7.74;7.766;3252;3252
2026-06-08T11:38:11.0000000Z;7.74;7.766;3252;3252
2026-06-08T11:38:42.0000000Z;7.74;7.766;3252;3252
2026-06-08T11:39:12.0000000Z;7.74;7.766;3252;3252
2026-06-08T11:39:37.0000000Z;7.74;7.769;3252;3252
2026-06-08T11:40:06.0000000Z;7.74;7.769;3252;3252
2026-06-08T11:40:34.0000000Z;7.74;7.771;3252;3252
2026-06-08T11:41:05.0000000Z;7.74;7.771;3252;3252
2026-06-08T11:41:36.0000000Z;7.74;7.771;3252;3252
2026-06-08T11:42:06.0000000Z;7.74;7.771;3252;3252
2026-06-08T11:42:37.0000000Z;7.74;7.771;3252;3252
2026-06-08T11:43:07.0000000Z;7.74;7.771;3252;3252
2026-06-08T11:43:38.0000000Z;7.74;7.771;3252;3252
2026-06-08T11:44:08.0000000Z;7.74;7.771;3252;3252
2026-06-08T11:44:29.0000000Z;7.74;7.766;3252;3252
2026-06-08T11:44:33.0000000Z;7.74;7.764;3252;3252
2026-06-08T11:44:35.0000000Z;7.74;7.766;3252;3252
2026-06-08T11:44:36.0000000Z;7.74;7.764;3252;3252
2026-06-08T11:44:49.0000000Z;7.74;7.766;3252;3252
2026-06-08T11:44:50.0000000Z;7.74;7.764;3252;3252
2026-06-08T11:44:51.0000000Z;7.74;7.765;3252;3252
2026-06-08T11:44:56.0000000Z;7.74;7.764;3252;3252
2026-06-08T11:44:58.0000000Z;7.74;7.765;3252;3252
2026-06-08T11:45:29.0000000Z;7.74;7.765;3252;3252
2026-06-08T11:45:59.0000000Z;7.74;7.765;3252;3252
2026-06-08T11:46:30.0000000Z;7.74;7.765;3252;3252
2026-06-08T11:47:00.0000000Z;7.74;7.765;3252;3252
2026-06-08T11:47:31.0000000Z;7.74;7.765;3252;3252
2026-06-08T11:47:34.0000000Z;7.74;7.762;3252;3252
2026-06-08T11:48:01.0000000Z;7.74;7.766;3252;3252
2026-06-08T11:48:02.0000000Z;7.74;7.762;3252;3252
2026-06-08T11:48:12.0000000Z;7.74;7.76;3252;3252
2026-06-08T11:48:42.0000000Z;7.74;7.76;3252;3252
2026-06-08T11:49:03.0000000Z;7.74;7.762;3252;3252
2026-06-08T11:49:11.0000000Z;7.74;7.761;3252;3252
2026-06-08T11:49:29.0000000Z;7.74;7.762;3252;3252
2026-06-08T11:50:00.0000000Z;7.74;7.762;3252;3252
2026-06-08T11:50:17.0000000Z;7.74;7.765;3252;3252
2026-06-08T11:50:19.0000000Z;7.74;7.763;3252;3252
2026-06-08T11:50:22.0000000Z;7.74;7.764;3252;3252
2026-06-08T11:50:46.0000000Z;7.74;7.763;3252;3252
2026-06-08T11:50:48.0000000Z;7.74;7.764;3252;3252
2026-06-08T11:50:50.0000000Z;7.74;7.763;3252;3252
2026-06-08T11:50:52.0000000Z;7.74;7.764;3252;3252
2026-06-08T11:51:10.0000000Z;7.74;7.764;3252;3252
2026-06-08T11:51:11.0000000Z;7.74;7.764;3252;3252
2026-06-08T11:51:12.0000000Z;7.74;7.764;3252;3252
2026-06-08T11:51:13.0000000Z;7.74;7.764;3252;3252
2026-06-08T11:51:18.0000000Z;7.74;7.765;3252;3252
2026-06-08T11:51:30.0000000Z;7.74;7.766;3252;3252
2026-06-08T11:52:01.0000000Z;7.74;7.766;3252;3252
2026-06-08T11:52:11.0000000Z;7.74;7.764;3252;3252
2026-06-08T11:52:41.0000000Z;7.74;7.764;3252;3252
2026-06-08T11:52:42.0000000Z;7.74;7.763;3252;3252
2026-06-08T11:52:43.0000000Z;7.74;7.764;3252;3252
2026-06-08T11:53:11.0000000Z;7.74;7.764;3252;3252
2026-06-08T11:53:41.0000000Z;7.74;7.764;3252;3252
2026-06-08T11:53:57.0000000Z;7.74;7.763;3252;3252
2026-06-08T11:54:23.0000000Z;7.74;7.764;3252;3252
2026-06-08T11:54:53.0000000Z;7.74;7.764;3252;3252
2026-06-08T11:55:18.0000000Z;7.74;7.763;3252;3252
2026-06-08T11:55:28.0000000Z;7.74;7.764;3252;3252
2026-06-08T11:55:29.0000000Z;7.74;7.763;3252;3252
2026-06-08T11:55:43.0000000Z;7.74;7.765;3252;3252
2026-06-08T11:55:50.0000000Z;7.74;7.763;3252;3252
2026-06-08T11:56:20.0000000Z;7.74;7.763;3252;3252
2026-06-08T11:56:29.0000000Z;7.74;7.765;3252;3252
2026-06-08T11:56:40.0000000Z;7.74;7.763;3252;3252
2026-06-08T11:56:48.0000000Z;7.74;7.765;3252;3252
2026-06-08T11:56:53.0000000Z;7.74;7.769;3252;3252
2026-06-08T11:57:23.0000000Z;7.74;7.769;3252;3252
2026-06-08T11:57:41.0000000Z;7.74;7.775;3252;3252
2026-06-08T11:58:12.0000000Z;7.74;7.775;3252;3252
2026-06-08T11:58:43.0000000Z;7.74;7.775;3252;3252
2026-06-08T11:59:14.0000000Z;7.74;7.775;3252;3252
2026-06-08T11:59:44.0000000Z;7.74;7.775;3252;3252
2026-06-08T12:00:15.0000000Z;7.74;7.775;3252;3252
2026-06-08T12:00:45.0000000Z;7.74;7.775;3252;3252
2026-06-08T12:01:16.0000000Z;7.74;7.775;3252;3252
2026-06-08T12:01:46.0000000Z;7.74;7.775;3252;3252
2026-06-08T12:02:17.0000000Z;7.74;7.775;3252;3252
2026-06-08T12:02:47.0000000Z;7.74;7.775;3252;3252
2026-06-08T12:03:18.0000000Z;7.74;7.775;3252;3252
2026-06-08T12:03:48.0000000Z;7.74;7.775;3252;3252
2026-06-08T12:04:19.0000000Z;7.74;7.775;3252;3252
2026-06-08T12:04:49.0000000Z;7.74;7.775;3252;3252
2026-06-08T12:05:01.0000000Z;7.74;7.773;3252;3252
2026-06-08T12:05:03.0000000Z;7.74;7.771;3252;3252
2026-06-08T12:05:12.0000000Z;7.74;7.773;3252;3252
2026-06-08T12:05:30.0000000Z;7.74;7.763;3252;3252
2026-06-08T12:05:32.0000000Z;7.74;7.761;3252;3252
2026-06-08T12:05:57.0000000Z;7.74;7.759;3252;3252
2026-06-08T12:05:59.0000000Z;7.74;7.76;3252;3252
2026-06-08T12:06:20.0000000Z;7.74;7.761;3252;3252
2026-06-08T12:06:21.0000000Z;7.74;7.759;3252;3252
2026-06-08T12:06:51.0000000Z;7.74;7.759;3252;3252
2026-06-08T12:07:22.0000000Z;7.74;7.759;3252;3252
2026-06-08T12:07:32.0000000Z;7.74;7.76;3252;3252
2026-06-08T12:08:03.0000000Z;7.74;7.76;3252;3252
2026-06-08T12:08:09.0000000Z;7.74;7.76;3252;3252
2026-06-08T12:08:10.0000000Z;7.74;7.761;3252;3252
2026-06-08T12:08:19.0000000Z;7.74;7.762;3252;3252
2026-06-08T12:08:27.0000000Z;7.74;7.763;3252;3252
2026-06-08T12:08:37.0000000Z;7.74;7.765;3252;3252
2026-06-08T12:08:40.0000000Z;7.74;7.763;3252;3252
2026-06-08T12:08:55.0000000Z;7.74;7.764;3252;3252
2026-06-08T12:09:25.0000000Z;7.74;7.764;3252;3252
2026-06-08T12:09:56.0000000Z;7.74;7.764;3252;3252
2026-06-08T12:10:26.0000000Z;7.74;7.764;3252;3252
2026-06-08T12:10:34.0000000Z;7.74;7.763;3252;3252
2026-06-08T12:10:39.0000000Z;7.74;7.762;3252;3252
2026-06-08T12:10:50.0000000Z;7.74;7.762;3252;3252
2026-06-08T12:10:55.0000000Z;7.74;7.762;3252;3252
2026-06-08T12:11:01.0000000Z;7.74;7.764;3252;3252
2026-06-08T12:11:02.0000000Z;7.74;7.762;3252;3252
2026-06-08T12:11:23.0000000Z;7.74;7.76;3252;3252
2026-06-08T12:11:29.0000000Z;7.74;7.762;3252;3252
2026-06-08T12:11:33.0000000Z;7.74;7.76;3252;3252
2026-06-08T12:11:38.0000000Z;7.74;7.762;3252;3252
2026-06-08T12:11:41.0000000Z;7.74;7.76;3252;3252
2026-06-08T12:11:48.0000000Z;7.74;7.762;3252;3252
2026-06-08T12:11:50.0000000Z;7.74;7.762;3252;3252
2026-06-08T12:11:56.0000000Z;7.74;7.764;3252;3252
2026-06-08T12:12:26.0000000Z;7.74;7.764;3252;3252
2026-06-08T12:12:34.0000000Z;7.74;7.763;3252;3252
2026-06-08T12:12:37.0000000Z;7.74;7.764;3252;3252
2026-06-08T12:12:39.0000000Z;7.74;7.763;3252;3252
2026-06-08T12:12:46.0000000Z;7.74;7.764;3252;3252
2026-06-08T12:13:00.0000000Z;7.74;7.762;3252;3252
2026-06-08T12:13:18.0000000Z;7.74;7.764;3252;3252
2026-06-08T12:13:21.0000000Z;7.74;7.762;3252;3252
2026-06-08T12:13:26.0000000Z;7.74;7.764;3252;3252
2026-06-08T12:13:27.0000000Z;7.74;7.762;3252;3252
2026-06-08T12:13:32.0000000Z;7.74;7.762;3252;3252
2026-06-08T12:13:38.0000000Z;7.74;7.763;3252;3252
2026-06-08T12:13:56.0000000Z;7.74;7.76;3252;3252
2026-06-08T12:14:04.0000000Z;7.74;7.761;3252;3252
2026-06-08T12:14:31.0000000Z;7.74;7.76;3252;3252
2026-06-08T12:14:37.0000000Z;7.74;7.761;3252;3252
2026-06-08T12:15:07.0000000Z;7.74;7.761;3252;3252
2026-06-08T12:15:10.0000000Z;7.74;7.76;3252;3252
2026-06-08T12:15:11.0000000Z;7.74;7.759;3252;3252
2026-06-08T12:15:17.0000000Z;7.74;7.76;3252;3252
2026-06-08T12:15:19.0000000Z;7.74;7.759;3252;3252
2026-06-08T12:15:20.0000000Z;7.74;7.76;3252;3252
2026-06-08T12:15:21.0000000Z;7.74;7.759;3252;3252
2026-06-08T12:15:23.0000000Z;7.74;7.76;3252;3252
2026-06-08T12:15:26.0000000Z;7.74;7.759;3252;3252
2026-06-08T12:15:57.0000000Z;7.74;7.759;3252;3252
2026-06-08T12:16:13.0000000Z;7.74;7.758;3252;3252
2026-06-08T12:16:29.0000000Z;7.74;7.759;3252;3252
2026-06-08T12:16:43.0000000Z;7.74;7.758;3252;3252
2026-06-08T12:17:13.0000000Z;7.74;7.758;3252;3252
2026-06-08T12:17:19.0000000Z;7.74;7.76;3252;3252
2026-06-08T12:17:23.0000000Z;7.74;7.759;3252;3252
2026-06-08T12:17:41.0000000Z;7.74;7.76;3252;3252
2026-06-08T12:18:03.0000000Z;7.74;7.758;3252;3252
2026-06-08T12:18:05.0000000Z;7.74;7.759;3252;3252
2026-06-08T12:18:07.0000000Z;7.74;7.76;3252;3252
2026-06-08T12:18:12.0000000Z;7.74;7.759;3252;3252
2026-06-08T12:18:15.0000000Z;7.74;7.76;3252;3252
2026-06-08T12:18:20.0000000Z;7.74;7.759;3252;3252
2026-06-08T12:18:28.0000000Z;7.74;7.76;3252;3252
2026-06-08T12:18:31.0000000Z;7.74;7.759;3252;3252
2026-06-08T12:19:01.0000000Z;7.74;7.76;3252;3252
2026-06-08T12:19:05.0000000Z;7.74;7.768;3252;3252
2026-06-08T12:19:06.0000000Z;7.74;7.761;3252;3252
2026-06-08T12:19:07.0000000Z;7.74;7.76;3252;3252
2026-06-08T12:19:10.0000000Z;7.74;7.759;3252;3252
2026-06-08T12:19:12.0000000Z;7.74;7.76;3252;3252
2026-06-08T12:19:16.0000000Z;7.74;7.758;3252;3252
2026-06-08T12:19:19.0000000Z;7.74;7.77;3252;3252
2026-06-08T12:19:20.0000000Z;7.74;7.76;3252;3252
2026-06-08T12:19:50.0000000Z;7.74;7.76;3252;3252
2026-06-08T12:20:09.0000000Z;7.74;7.759;3252;3252
2026-06-08T12:20:10.0000000Z;7.74;7.758;3252;3252
2026-06-08T12:20:11.0000000Z;7.74;7.759;3252;3252
2026-06-08T12:20:12.0000000Z;7.74;7.758;3252;3252
2026-06-08T12:20:15.0000000Z;7.74;7.764;3252;3252
2026-06-08T12:20:16.0000000Z;7.74;7.758;3252;3252
2026-06-08T12:20:19.0000000Z;7.74;7.759;3252;3252
2026-06-08T12:20:49.0000000Z;7.74;7.759;3252;3252
2026-06-08T12:21:06.0000000Z;7.74;7.762;3252;3252
2026-06-08T12:21:10.0000000Z;7.74;7.762;3252;3252
2026-06-08T12:21:14.0000000Z;7.74;7.768;3252;3252
2026-06-08T12:21:15.0000000Z;7.74;7.762;3252;3252
2026-06-08T12:21:21.0000000Z;7.74;7.76;3252;3252
2026-06-08T12:21:51.0000000Z;7.74;7.76;3252;3252
2026-06-08T12:22:08.0000000Z;7.74;7.764;3252;3252
2026-06-08T12:22:09.0000000Z;7.74;7.761;3252;3252
2026-06-08T12:22:27.0000000Z;7.74;7.759;3252;3252
2026-06-08T12:22:37.0000000Z;7.74;7.761;3252;3252
2026-06-08T12:22:42.0000000Z;7.74;7.762;3252;3252
2026-06-08T12:22:46.0000000Z;7.74;7.76;3252;3252
2026-06-08T12:23:17.0000000Z;7.74;7.76;3252;3252
2026-06-08T12:23:48.0000000Z;7.74;7.76;3252;3252
2026-06-08T12:23:55.0000000Z;7.74;7.759;3252;3252
2026-06-08T12:24:25.0000000Z;7.74;7.759;3252;3252
2026-06-08T12:24:56.0000000Z;7.74;7.759;3252;3252
2026-06-08T12:25:26.0000000Z;7.74;7.759;3252;3252
2026-06-08T12:25:57.0000000Z;7.74;7.759;3252;3252
2026-06-08T12:26:27.0000000Z;7.74;7.759;3252;3252
2026-06-08T12:26:58.0000000Z;7.74;7.759;3252;3252
2026-06-08T12:27:10.0000000Z;7.74;7.758;3252;3252
2026-06-08T12:27:38.0000000Z;7.74;7.757;3252;3252
2026-06-08T12:27:48.0000000Z;7.74;7.758;3252;3252
2026-06-08T12:28:04.0000000Z;7.74;7.759;3252;3252
2026-06-08T12:28:15.0000000Z;7.74;7.757;3252;3252
2026-06-08T12:28:20.0000000Z;7.74;7.758;3252;3252
2026-06-08T12:28:50.0000000Z;7.74;7.758;3252;3252
2026-06-08T12:29:20.0000000Z;7.74;7.758;3252;3252
2026-06-08T12:29:51.0000000Z;7.74;7.758;3252;3252
2026-06-08T12:30:16.0000000Z;7.74;7.761;3252;3252
2026-06-08T12:30:24.0000000Z;7.74;7.758;3252;3252
2026-06-08T12:30:37.0000000Z;7.74;7.759;3252;3252
2026-06-08T12:31:07.0000000Z;7.74;7.759;3252;3252
2026-06-08T12:31:38.0000000Z;7.74;7.759;3252;3252
2026-06-08T12:31:59.0000000Z;7.74;7.76;3252;3252
2026-06-08T12:32:02.0000000Z;7.74;7.758;3252;3252
2026-06-08T12:32:33.0000000Z;7.74;7.758;3252;3252
2026-06-08T12:32:35.0000000Z;7.74;7.761;3252;3252
2026-06-08T12:32:36.0000000Z;7.74;7.758;3252;3252
2026-06-08T12:33:07.0000000Z;7.74;7.758;3252;3252
2026-06-08T12:33:37.0000000Z;7.74;7.758;3252;3252
2026-06-08T12:33:58.0000000Z;7.74;7.757;3252;3252
2026-06-08T12:34:19.0000000Z;7.74;7.756;3252;3252
2026-06-08T12:34:24.0000000Z;7.74;7.755;3252;3252
2026-06-08T12:34:32.0000000Z;7.74;7.756;3252;3252
2026-06-08T12:34:38.0000000Z;7.74;7.757;3252;3252
2026-06-08T12:34:40.0000000Z;7.74;7.756;3252;3252
2026-06-08T12:34:50.0000000Z;7.74;7.757;3252;3252
2026-06-08T12:35:20.0000000Z;7.74;7.757;3252;3252
2026-06-08T12:35:51.0000000Z;7.74;7.757;3252;3252
2026-06-08T12:36:10.0000000Z;7.74;7.76;3252;3252
2026-06-08T12:36:11.0000000Z;7.74;7.757;3252;3252
2026-06-08T12:36:31.0000000Z;7.74;7.756;3252;3252
2026-06-08T12:36:48.0000000Z;7.74;7.757;3252;3252
2026-06-08T12:36:49.0000000Z;7.74;7.756;3252;3252
2026-06-08T12:36:50.0000000Z;7.74;7.756;3252;3252
2026-06-08T12:36:52.0000000Z;7.74;7.757;3252;3252
2026-06-08T12:36:58.0000000Z;7.74;7.758;3252;3252
2026-06-08T12:37:21.0000000Z;7.74;7.759;3252;3252
2026-06-08T12:37:35.0000000Z;7.74;7.758;3252;3252
2026-06-08T12:38:06.0000000Z;7.74;7.758;3252;3252
2026-06-08T12:38:37.0000000Z;7.74;7.758;3252;3252
2026-06-08T12:39:03.0000000Z;7.74;7.758;3252;3252
2026-06-08T12:39:08.0000000Z;7.74;7.757;3252;3252
2026-06-08T12:39:39.0000000Z;7.74;7.757;3252;3252
2026-06-08T12:39:51.0000000Z;7.74;7.758;3252;3252
2026-06-08T12:40:04.0000000Z;7.74;7.757;3252;3252
2026-06-08T12:40:09.0000000Z;7.74;7.76;3252;3252
2026-06-08T12:40:40.0000000Z;7.74;7.76;3252;3252
2026-06-08T12:41:11.0000000Z;7.74;7.76;3252;3252
2026-06-08T12:41:13.0000000Z;7.74;7.756;3252;3252
2026-06-08T12:41:31.0000000Z;7.74;7.754;3252;3252
2026-06-08T12:41:40.0000000Z;7.74;7.753;3252;3252
2026-06-08T12:41:52.0000000Z;7.74;7.754;3252;3252
2026-06-08T12:41:55.0000000Z;7.74;7.753;3252;3252
2026-06-08T12:42:26.0000000Z;7.74;7.753;3252;3252
2026-06-08T12:42:40.0000000Z;7.74;7.756;3252;3252
2026-06-08T12:42:42.0000000Z;7.74;7.754;3252;3252
2026-06-08T12:42:48.0000000Z;7.74;7.755;3252;3252
2026-06-08T12:42:51.0000000Z;7.74;7.754;3252;3252
2026-06-08T12:43:01.0000000Z;7.74;7.755;3252;3252
2026-06-08T12:43:06.0000000Z;7.74;7.753;3252;3252
2026-06-08T12:43:22.0000000Z;7.74;7.755;3252;3252
2026-06-08T12:43:53.0000000Z;7.74;7.755;3252;3252
2026-06-08T12:44:01.0000000Z;7.74;7.753;3252;3252
2026-06-08T12:44:31.0000000Z;7.74;7.753;3252;3252
2026-06-08T12:45:01.0000000Z;7.74;7.753;3252;3252
2026-06-08T12:45:32.0000000Z;7.74;7.753;3252;3252
2026-06-08T12:46:03.0000000Z;7.74;7.753;3252;3252
2026-06-08T12:46:33.0000000Z;7.74;7.753;3252;3252
2026-06-08T12:47:04.0000000Z;7.74;7.753;3252;3252
2026-06-08T12:47:21.0000000Z;7.74;7.751;3252;3252
2026-06-08T12:47:27.0000000Z;7.74;7.752;3252;3252
2026-06-08T12:47:56.0000000Z;7.74;7.753;3252;3252
2026-06-08T12:47:59.0000000Z;7.74;7.751;3252;3252
2026-06-08T12:48:02.0000000Z;7.74;7.752;3252;3252
2026-06-08T12:48:06.0000000Z;7.74;7.754;3252;3252
2026-06-08T12:48:29.0000000Z;7.74;7.751;3252;3252
2026-06-08T12:48:38.0000000Z;7.74;7.752;3252;3252
2026-06-08T12:48:51.0000000Z;7.74;7.751;3252;3252
2026-06-08T12:48:58.0000000Z;7.74;7.754;3252;3252
2026-06-08T12:49:28.0000000Z;7.74;7.754;3252;3252
2026-06-08T12:49:46.0000000Z;7.74;7.751;3252;3252
2026-06-08T12:50:02.0000000Z;7.74;7.752;3252;3252
2026-06-08T12:50:32.0000000Z;7.74;7.751;3252;3252
2026-06-08T12:50:37.0000000Z;7.74;7.75;3252;3252
2026-06-08T12:50:38.0000000Z;7.74;7.75;3252;3252
2026-06-08T12:51:03.0000000Z;7.74;7.751;3252;3252
2026-06-08T12:51:05.0000000Z;7.74;7.752;3252;3252
2026-06-08T12:51:30.0000000Z;7.74;7.751;3252;3252
2026-06-08T12:51:31.0000000Z;7.74;7.75;3252;3252
2026-06-08T12:51:33.0000000Z;7.74;7.751;3252;3252
2026-06-08T12:52:03.0000000Z;7.74;7.752;3252;3252
2026-06-08T12:52:13.0000000Z;7.74;7.751;3252;3252
2026-06-08T12:52:14.0000000Z;7.74;7.752;3252;3252
2026-06-08T12:52:16.0000000Z;7.74;7.751;3252;3252
2026-06-08T12:52:43.0000000Z;7.74;7.752;3252;3252
2026-06-08T12:53:11.0000000Z;7.74;7.749;3252;3252
2026-06-08T12:53:19.0000000Z;7.74;7.749;3252;3252
2026-06-08T12:53:33.0000000Z;7.74;7.75;3252;3252
2026-06-08T12:53:34.0000000Z;7.74;7.749;3252;3252
2026-06-08T12:53:39.0000000Z;7.74;7.752;3252;3252
2026-06-08T12:53:46.0000000Z;7.74;7.751;3252;3252
2026-06-08T12:53:47.0000000Z;7.74;7.75;3252;3252
2026-06-08T12:53:53.0000000Z;7.74;7.749;3252;3252
2026-06-08T12:54:07.0000000Z;7.74;7.75;3252;3252
2026-06-08T12:54:09.0000000Z;7.74;7.751;3252;3252
2026-06-08T12:54:12.0000000Z;7.74;7.75;3252;3252
2026-06-08T12:54:30.0000000Z;7.74;7.749;3252;3252
2026-06-08T12:54:38.0000000Z;7.74;7.751;3252;3252
2026-06-08T12:54:40.0000000Z;7.74;7.751;3252;3252
2026-06-08T12:55:10.0000000Z;7.74;7.751;3252;3252
2026-06-08T12:55:40.0000000Z;7.74;7.751;3252;3252
2026-06-08T12:55:45.0000000Z;7.74;7.759;3252;3252
2026-06-08T12:55:46.0000000Z;7.74;7.751;3252;3252
2026-06-08T12:55:48.0000000Z;7.74;7.753;3252;3252
2026-06-08T12:56:18.0000000Z;7.74;7.753;3252;3252
2026-06-08T12:56:48.0000000Z;7.74;7.75;3252;3252
2026-06-08T12:56:54.0000000Z;7.74;7.751;3252;3252
2026-06-08T12:56:55.0000000Z;7.74;7.75;3252;3252
2026-06-08T12:57:14.0000000Z;7.74;7.751;3252;3252
2026-06-08T12:57:16.0000000Z;7.74;7.75;3252;3252
2026-06-08T12:57:33.0000000Z;7.74;7.749;3252;3252
2026-06-08T12:57:41.0000000Z;7.74;7.75;3252;3252
2026-06-08T12:57:43.0000000Z;7.74;7.751;3252;3252
2026-06-08T12:58:13.0000000Z;7.74;7.751;3252;3252
2026-06-08T12:58:37.0000000Z;7.74;7.751;3252;3252
2026-06-08T12:58:38.0000000Z;7.74;7.749;3252;3252
2026-06-08T12:58:51.0000000Z;7.74;7.751;3252;3252
2026-06-08T12:58:56.0000000Z;7.74;7.75;3252;3252
2026-06-08T12:59:00.0000000Z;7.74;7.749;3252;3252
2026-06-08T12:59:07.0000000Z;7.74;7.75;3252;3252
2026-06-08T12:59:18.0000000Z;7.74;7.749;3252;3252
2026-06-08T12:59:45.0000000Z;7.74;7.747;3252;3252
2026-06-08T12:59:51.0000000Z;7.74;7.748;3252;3252
2026-06-08T13:00:13.0000000Z;7.74;7.747;3252;3252
2026-06-08T13:00:23.0000000Z;7.74;7.758;3252;3252
2026-06-08T13:00:26.0000000Z;7.74;7.749;3252;3252
2026-06-08T13:00:37.0000000Z;7.74;7.758;3252;3252
2026-06-08T13:00:39.0000000Z;7.74;7.754;3252;3252
2026-06-08T13:00:46.0000000Z;7.74;7.75;3252;3252
2026-06-08T13:01:03.0000000Z;7.74;7.748;3252;3252
2026-06-08T13:01:23.0000000Z;7.74;7.746;3252;3252
2026-06-08T13:01:53.0000000Z;7.74;7.746;3252;3252
2026-06-08T13:02:04.0000000Z;7.74;7.746;3252;3252
2026-06-08T13:02:10.0000000Z;7.74;7.744;3252;3252
2026-06-08T13:02:40.0000000Z;7.74;7.744;3252;3252
2026-06-08T13:03:11.0000000Z;7.74;7.744;3252;3252
2026-06-08T13:03:41.0000000Z;7.74;7.744;3252;3252
2026-06-08T13:04:06.0000000Z;7.74;7.746;3252;3252
2026-06-08T13:04:07.0000000Z;7.74;7.745;3252;3252
2026-06-08T13:04:09.0000000Z;7.74;7.744;3252;3252
2026-06-08T13:04:12.0000000Z;7.74;7.742;3252;3252
2026-06-08T13:04:16.0000000Z;7.74;7.743;3252;3252
2026-06-08T13:04:17.0000000Z;7.74;7.744;3252;3252
2026-06-08T13:04:29.0000000Z;7.74;7.744;3252;3252
2026-06-08T13:04:59.0000000Z;7.74;7.742;3252;3252
2026-06-08T13:05:00.0000000Z;7.74;7.742;3252;3252
2026-06-08T13:05:06.0000000Z;7.74;7.742;3252;3252
2026-06-08T13:05:12.0000000Z;7.74;7.744;3252;3252
2026-06-08T13:05:13.0000000Z;7.74;7.742;3252;3252
2026-06-08T13:05:28.0000000Z;7.74;7.741;3252;3252
2026-06-08T13:05:33.0000000Z;7.74;7.742;3252;3252
2026-06-08T13:05:51.0000000Z;7.74;7.742;3252;3252
2026-06-08T13:06:03.0000000Z;7.74;7.741;3252;3252
2026-06-08T13:06:04.0000000Z;7.74;7.742;3252;3252
2026-06-08T13:06:14.0000000Z;7.74;7.744;3252;3252
2026-06-08T13:06:45.0000000Z;7.74;7.744;3252;3252
2026-06-08T13:07:15.0000000Z;7.74;7.744;3252;3252
2026-06-08T13:07:46.0000000Z;7.74;7.744;3252;3252
2026-06-08T13:08:16.0000000Z;7.74;7.744;3252;3252
2026-06-08T13:08:47.0000000Z;7.74;7.744;3252;3252
2026-06-08T13:09:17.0000000Z;7.74;7.744;3252;3252
2026-06-08T13:09:48.0000000Z;7.74;7.744;3252;3252
2026-06-08T13:10:16.0000000Z;7.739;7.74;3252;3252
2026-06-08T13:10:20.0000000Z;7.712;7.74;3252;3252
2026-06-08T13:10:26.0000000Z;7.712;7.739;3252;3252
2026-06-08T13:10:36.0000000Z;7.711;7.739;3252;3252
2026-06-08T13:10:45.0000000Z;7.711;7.737;3252;3252
2026-06-08T13:10:58.0000000Z;7.712;7.737;3252;3252
2026-06-08T13:10:59.0000000Z;7.712;7.739;3252;3252
2026-06-08T13:11:00.0000000Z;7.712;7.737;3252;3252
2026-06-08T13:11:06.0000000Z;7.712;7.737;3252;3252
2026-06-08T13:11:16.0000000Z;7.712;7.738;3252;3252
2026-06-08T13:11:24.0000000Z;7.712;7.737;3252;3252
2026-06-08T13:11:43.0000000Z;7.712;7.738;3252;3252
2026-06-08T13:11:46.0000000Z;7.712;7.739;3252;3252
2026-06-08T13:11:53.0000000Z;7.712;7.736;3252;3252
2026-06-08T13:11:54.0000000Z;7.711;7.736;3252;3252
2026-06-08T13:12:04.0000000Z;7.711;7.737;3252;3252
2026-06-08T13:12:35.0000000Z;7.711;7.737;3252;3252
2026-06-08T13:12:39.0000000Z;7.711;7.735;3252;3252
2026-06-08T13:12:49.0000000Z;7.711;7.736;3252;3252
2026-06-08T13:13:20.0000000Z;7.711;7.736;3252;3252
2026-06-08T13:13:25.0000000Z;7.711;7.735;3252;3252
2026-06-08T13:13:55.0000000Z;7.711;7.735;3252;3252
2026-06-08T13:14:13.0000000Z;7.711;7.736;3252;3252
2026-06-08T13:14:15.0000000Z;7.711;7.735;3252;3252
2026-06-08T13:14:43.0000000Z;7.711;7.736;3252;3252
2026-06-08T13:14:45.0000000Z;7.711;7.735;3252;3252
2026-06-08T13:15:01.0000000Z;7.711;7.736;3252;3252
2026-06-08T13:15:02.0000000Z;7.711;7.735;3252;3252
2026-06-08T13:15:11.0000000Z;7.711;7.736;3252;3252
2026-06-08T13:15:12.0000000Z;7.711;7.736;3252;3252
2026-06-08T13:15:14.0000000Z;7.711;7.735;3252;3252
2026-06-08T13:15:21.0000000Z;7.711;7.736;3252;3252
2026-06-08T13:15:25.0000000Z;7.711;7.735;3252;3252
2026-06-08T13:15:55.0000000Z;7.711;7.733;3252;3252
2026-06-08T13:16:03.0000000Z;7.711;7.734;3252;3252
2026-06-08T13:16:18.0000000Z;7.711;7.733;3252;3252
2026-06-08T13:16:48.0000000Z;7.711;7.733;3252;3252
2026-06-08T13:17:19.0000000Z;7.711;7.733;3252;3252
2026-06-08T13:17:31.0000000Z;7.711;7.734;3252;3252
2026-06-08T13:18:02.0000000Z;7.711;7.734;3252;3252
2026-06-08T13:18:04.0000000Z;7.711;7.735;3252;3252
2026-06-08T13:18:06.0000000Z;7.711;7.734;3252;3252
2026-06-08T13:18:16.0000000Z;7.711;7.735;3252;3252
2026-06-08T13:18:34.0000000Z;7.711;7.735;3252;3252
2026-06-08T13:18:37.0000000Z;7.711;7.735;3252;3252
2026-06-08T13:18:42.0000000Z;7.711;7.736;3252;3252
2026-06-08T13:19:04.0000000Z;7.711;7.735;3252;3252
2026-06-08T13:19:16.0000000Z;7.711;7.736;3252;3252
2026-06-08T13:19:47.0000000Z;7.711;7.736;3252;3252
2026-06-08T13:20:17.0000000Z;7.711;7.736;3252;3252
2026-06-08T13:20:18.0000000Z;7.711;7.738;3252;3252
2026-06-08T13:20:28.0000000Z;7.711;7.742;3252;3252
2026-06-08T13:20:29.0000000Z;7.711;7.74;3252;3252
2026-06-08T13:20:34.0000000Z;7.711;7.74;3252;3252
2026-06-08T13:20:36.0000000Z;7.711;7.742;3252;3252
2026-06-08T13:20:41.0000000Z;7.711;7.744;3252;3252
2026-06-08T13:20:42.0000000Z;7.711;7.742;3252;3252
2026-06-08T13:21:12.0000000Z;7.711;7.742;3252;3252
2026-06-08T13:21:21.0000000Z;7.711;7.747;3252;3252
2026-06-08T13:21:38.0000000Z;7.711;7.745;3252;3252
2026-06-08T13:21:41.0000000Z;7.711;7.743;3252;3252
2026-06-08T13:22:07.0000000Z;7.714;7.743;3252;3252
2026-06-08T13:22:37.0000000Z;7.714;7.743;3252;3252
2026-06-08T13:23:01.0000000Z;7.712;7.749;3252;3252
2026-06-08T13:23:27.0000000Z;7.712;7.749;3252;3252
2026-06-08T13:23:58.0000000Z;7.712;7.749;3252;3252
2026-06-08T13:24:28.0000000Z;7.712;7.749;3252;3252
2026-06-08T13:24:59.0000000Z;7.712;7.749;3252;3252
2026-06-08T13:25:29.0000000Z;7.712;7.749;3252;3252
2026-06-08T13:26:00.0000000Z;7.712;7.749;3252;3252
2026-06-08T13:26:30.0000000Z;7.712;7.749;3252;3252
2026-06-08T13:27:01.0000000Z;7.712;7.749;3252;3252
2026-06-08T13:27:31.0000000Z;7.712;7.749;3252;3252
2026-06-08T13:28:02.0000000Z;7.712;7.749;3252;3252
2026-06-08T13:28:32.0000000Z;7.712;7.749;3252;3252
2026-06-08T13:29:03.0000000Z;7.712;7.749;3252;3252
2026-06-08T13:29:07.0000000Z;7.711;7.75;3252;3252
2026-06-08T13:29:38.0000000Z;7.711;7.75;3252;3252
2026-06-08T13:29:57.0000000Z;7.693;7.765;3252;3252
2026-06-08T13:29:58.0000000Z;7.694;7.764;3252;3252
2026-06-08T13:30:08.0000000Z;7.694;7.763;3252;3252
2026-06-08T13:30:11.0000000Z;7.694;7.752;3252;3252
2026-06-08T13:30:17.0000000Z;7.698;7.752;3252;3252
2026-06-08T13:30:19.0000000Z;7.698;7.753;3252;3252
2026-06-08T13:30:21.0000000Z;7.698;7.751;3252;3252
2026-06-08T13:30:26.0000000Z;7.706;7.751;3252;3252
2026-06-08T13:30:28.0000000Z;7.706;7.754;3252;3252
2026-06-08T13:30:31.0000000Z;7.694;7.754;3252;3252
2026-06-08T13:30:33.0000000Z;7.694;7.764;3252;3252
2026-06-08T13:30:39.0000000Z;7.702;7.754;3252;3252
2026-06-08T13:30:41.0000000Z;7.703;7.754;3252;3252
2026-06-08T13:30:44.0000000Z;7.694;7.765;3252;3252
2026-06-08T13:30:58.0000000Z;7.693;7.765;3252;3252
2026-06-08T13:31:00.0000000Z;7.695;7.764;3252;3252
2026-06-08T13:31:04.0000000Z;7.696;7.762;3252;3252
2026-06-08T13:31:11.0000000Z;7.705;7.756;3252;3252
2026-06-08T13:31:13.0000000Z;7.708;7.756;3252;3252
2026-06-08T13:31:16.0000000Z;7.708;7.754;3252;3252
2026-06-08T13:31:20.0000000Z;7.707;7.754;3252;3252
2026-06-08T13:31:25.0000000Z;7.706;7.758;3252;3252
2026-06-08T13:31:27.0000000Z;7.708;7.756;3252;3252
2026-06-08T13:31:36.0000000Z;7.702;7.756;3252;3252
2026-06-08T13:31:37.0000000Z;7.706;7.756;3252;3252
2026-06-08T13:31:38.0000000Z;7.706;7.762;3252;3252
2026-06-08T13:31:44.0000000Z;7.714;7.76;3252;3252
2026-06-08T13:31:47.0000000Z;7.716;7.76;3252;3252
2026-06-08T13:31:52.0000000Z;7.718;7.762;3252;3252
2026-06-08T13:31:59.0000000Z;7.719;7.762;3252;3252
2026-06-08T13:32:04.0000000Z;7.719;7.764;3252;3252
2026-06-08T13:32:08.0000000Z;7.72;7.764;3252;3252
2026-06-08T13:32:10.0000000Z;7.72;7.767;3252;3252
2026-06-08T13:32:18.0000000Z;7.722;7.767;3252;3252
2026-06-08T13:32:30.0000000Z;7.714;7.767;3252;3252
2026-06-08T13:32:31.0000000Z;7.72;7.767;3252;3252
2026-06-08T13:32:37.0000000Z;7.722;7.767;3252;3252
2026-06-08T13:32:39.0000000Z;7.722;7.771;3252;3252
2026-06-08T13:32:42.0000000Z;7.714;7.771;3252;3252
2026-06-08T13:32:43.0000000Z;7.72;7.771;3252;3252
2026-06-08T13:32:48.0000000Z;7.722;7.771;3252;3252
2026-06-08T13:32:50.0000000Z;7.722;7.773;3252;3252
2026-06-08T13:32:52.0000000Z;7.722;7.77;3252;3252
2026-06-08T13:32:54.0000000Z;7.723;7.77;3252;3252
2026-06-08T13:32:58.0000000Z;7.723;7.773;3252;3252
2026-06-08T13:32:59.0000000Z;7.723;7.771;3252;3252
2026-06-08T13:33:00.0000000Z;7.718;7.771;3252;3252
2026-06-08T13:33:01.0000000Z;7.718;7.768;3252;3252
2026-06-08T13:33:07.0000000Z;7.718;7.767;3252;3252
2026-06-08T13:33:11.0000000Z;7.716;7.767;3252;3252
2026-06-08T13:33:13.0000000Z;7.716;7.781;3252;3252
2026-06-08T13:33:14.0000000Z;7.716;7.779;3252;3252
2026-06-08T13:33:15.0000000Z;7.716;7.773;3252;3252
2026-06-08T13:33:17.0000000Z;7.716;7.767;3252;3252
2026-06-08T13:33:19.0000000Z;7.718;7.767;3252;3252
2026-06-08T13:33:25.0000000Z;7.72;7.767;3252;3252
2026-06-08T13:33:29.0000000Z;7.72;7.779;3252;3252
2026-06-08T13:33:30.0000000Z;7.72;7.775;3252;3252
2026-06-08T13:33:31.0000000Z;7.718;7.775;3252;3252
2026-06-08T13:33:32.0000000Z;7.722;7.773;3252;3252
2026-06-08T13:33:36.0000000Z;7.72;7.773;3252;3252
2026-06-08T13:33:38.0000000Z;7.722;7.769;3252;3252
2026-06-08T13:33:39.0000000Z;7.72;7.769;3252;3252
2026-06-08T13:33:41.0000000Z;7.72;7.767;3252;3252
2026-06-08T13:33:43.0000000Z;7.716;7.767;3252;3252
2026-06-08T13:33:45.0000000Z;7.716;7.764;3252;3252
2026-06-08T13:33:49.0000000Z;7.714;7.764;3252;3252
2026-06-08T13:33:53.0000000Z;7.714;7.781;3252;3252
2026-06-08T13:33:57.0000000Z;7.714;7.765;3252;3252
2026-06-08T13:34:05.0000000Z;7.714;7.781;3252;3252
2026-06-08T13:34:06.0000000Z;7.722;7.755;3252;3252
2026-06-08T13:34:10.0000000Z;7.722;7.752;3252;3252
2026-06-08T13:34:12.0000000Z;7.722;7.75;3252;3252
2026-06-08T13:34:20.0000000Z;7.722;7.749;3252;3252
2026-06-08T13:34:24.0000000Z;7.722;7.748;3252;3252
2026-06-08T13:34:25.0000000Z;7.722;7.747;3252;3252
2026-06-08T13:34:27.0000000Z;7.722;7.748;3252;3252
2026-06-08T13:34:31.0000000Z;7.721;7.748;3252;3252
2026-06-08T13:34:35.0000000Z;7.72;7.744;3252;3252
2026-06-08T13:34:37.0000000Z;7.719;7.74;3252;3252
2026-06-08T13:34:39.0000000Z;7.712;7.74;3252;3252
2026-06-08T13:34:41.0000000Z;7.714;7.74;3252;3252
2026-06-08T13:34:45.0000000Z;7.714;7.742;3252;3252
2026-06-08T13:34:57.0000000Z;7.714;7.74;3252;3252
2026-06-08T13:35:07.0000000Z;7.714;7.738;3252;3252
2026-06-08T13:35:15.0000000Z;7.712;7.738;3252;3252
2026-06-08T13:35:17.0000000Z;7.712;7.74;3252;3252
2026-06-08T13:35:29.0000000Z;7.71;7.741;3252;3252
2026-06-08T13:35:33.0000000Z;7.71;7.747;3252;3252
2026-06-08T13:36:03.0000000Z;7.71;7.747;3252;3252
2026-06-08T13:36:34.0000000Z;7.71;7.747;3252;3252
2026-06-08T13:36:40.0000000Z;7.72;7.747;3252;3252
2026-06-08T13:36:42.0000000Z;7.72;7.756;3252;3252
2026-06-08T13:37:08.0000000Z;7.719;7.756;3252;3252
2026-06-08T13:37:16.0000000Z;7.719;7.747;3252;3252
2026-06-08T13:37:19.0000000Z;7.71;7.747;3252;3252
2026-06-08T13:37:49.0000000Z;7.71;7.747;3252;3252
2026-06-08T13:38:20.0000000Z;7.71;7.747;3252;3252
2026-06-08T13:38:27.0000000Z;7.712;7.745;3252;3252
2026-06-08T13:38:29.0000000Z;7.715;7.739;3252;3252
2026-06-08T13:38:36.0000000Z;7.715;7.746;3252;3252
2026-06-08T13:38:37.0000000Z;7.715;7.744;3252;3252
2026-06-08T13:38:38.0000000Z;7.715;7.74;3252;3252
2026-06-08T13:38:45.0000000Z;7.714;7.74;3252;3252
2026-06-08T13:39:04.0000000Z;7.714;7.742;3252;3252
2026-06-08T13:39:09.0000000Z;7.714;7.74;3252;3252
2026-06-08T13:39:26.0000000Z;7.714;7.746;3252;3252
2026-06-08T13:39:30.0000000Z;7.714;7.747;3252;3252
2026-06-08T13:39:50.0000000Z;7.715;7.743;3252;3252
2026-06-08T13:40:09.0000000Z;7.714;7.743;3252;3252
2026-06-08T13:40:38.0000000Z;7.716;7.743;3252;3252
2026-06-08T13:40:47.0000000Z;7.715;7.743;3252;3252
2026-06-08T13:41:15.0000000Z;7.715;7.74;3252;3252
2026-06-08T13:41:17.0000000Z;7.715;7.738;3252;3252
2026-06-08T13:41:24.0000000Z;7.715;7.74;3252;3252
2026-06-08T13:41:26.0000000Z;7.715;7.738;3252;3252
2026-06-08T13:41:29.0000000Z;7.715;7.74;3252;3252
2026-06-08T13:41:42.0000000Z;7.716;7.74;3252;3252
2026-06-08T13:42:13.0000000Z;7.716;7.74;3252;3252
2026-06-08T13:42:16.0000000Z;7.715;7.74;3252;3252
2026-06-08T13:42:18.0000000Z;7.71;7.747;3252;3252
2026-06-08T13:42:19.0000000Z;7.712;7.745;3252;3252
2026-06-08T13:42:20.0000000Z;7.715;7.744;3252;3252
2026-06-08T13:42:28.0000000Z;7.715;7.742;3252;3252
2026-06-08T13:42:43.0000000Z;7.717;7.742;3252;3252
2026-06-08T13:42:47.0000000Z;7.717;7.74;3252;3252
2026-06-08T13:42:48.0000000Z;7.711;7.74;3252;3252
2026-06-08T13:42:49.0000000Z;7.714;7.737;3252;3252
2026-06-08T13:42:54.0000000Z;7.714;7.735;3252;3252
2026-06-08T13:42:56.0000000Z;7.714;7.738;3252;3252
2026-06-08T13:42:58.0000000Z;7.712;7.736;3252;3252
2026-06-08T13:43:01.0000000Z;7.712;7.74;3252;3252
2026-06-08T13:43:03.0000000Z;7.712;7.736;3252;3252
2026-06-08T13:43:06.0000000Z;7.712;7.737;3252;3252
2026-06-08T13:43:08.0000000Z;7.712;7.738;3252;3252
2026-06-08T13:43:18.0000000Z;7.713;7.74;3252;3252
2026-06-08T13:43:22.0000000Z;7.713;7.742;3252;3252
2026-06-08T13:43:24.0000000Z;7.712;7.742;3252;3252
2026-06-08T13:43:40.0000000Z;7.716;7.742;3252;3252
2026-06-08T13:43:46.0000000Z;7.716;7.744;3252;3252
2026-06-08T13:43:48.0000000Z;7.718;7.744;3252;3252
2026-06-08T13:43:58.0000000Z;7.716;7.744;3252;3252
2026-06-08T13:43:59.0000000Z;7.717;7.744;3252;3252
2026-06-08T13:44:06.0000000Z;7.718;7.744;3252;3252
2026-06-08T13:44:18.0000000Z;7.718;7.743;3252;3252
2026-06-08T13:44:43.0000000Z;7.717;7.745;3252;3252
2026-06-08T13:44:56.0000000Z;7.72;7.745;3252;3252
2026-06-08T13:45:04.0000000Z;7.722;7.745;3252;3252
2026-06-08T13:45:11.0000000Z;7.723;7.749;3252;3252
2026-06-08T13:45:22.0000000Z;7.725;7.749;3252;3252
2026-06-08T13:45:23.0000000Z;7.725;7.751;3252;3252
2026-06-08T13:45:32.0000000Z;7.725;7.749;3252;3252
2026-06-08T13:45:41.0000000Z;7.725;7.751;3252;3252
2026-06-08T13:45:49.0000000Z;7.724;7.751;3252;3252
2026-06-08T13:45:51.0000000Z;7.725;7.749;3252;3252
2026-06-08T13:45:52.0000000Z;7.725;7.747;3252;3252
2026-06-08T13:46:04.0000000Z;7.724;7.749;3252;3252
2026-06-08T13:46:15.0000000Z;7.724;7.747;3252;3252
2026-06-08T13:46:32.0000000Z;7.725;7.747;3252;3252
2026-06-08T13:46:51.0000000Z;7.724;7.747;3252;3252
2026-06-08T13:47:02.0000000Z;7.722;7.747;3252;3252
2026-06-08T13:47:03.0000000Z;7.722;7.755;3252;3252
2026-06-08T13:47:05.0000000Z;7.722;7.746;3252;3252
2026-06-08T13:47:07.0000000Z;7.722;7.745;3252;3252
2026-06-08T13:47:15.0000000Z;7.723;7.745;3252;3252
2026-06-08T13:47:19.0000000Z;7.722;7.745;3252;3252
2026-06-08T13:47:30.0000000Z;7.722;7.748;3252;3252
2026-06-08T13:47:33.0000000Z;7.722;7.746;3252;3252
2026-06-08T13:47:50.0000000Z;7.722;7.747;3252;3252
2026-06-08T13:48:05.0000000Z;7.722;7.745;3252;3252
2026-06-08T13:48:09.0000000Z;7.723;7.746;3252;3252
2026-06-08T13:48:10.0000000Z;7.723;7.747;3252;3252
2026-06-08T13:48:12.0000000Z;7.723;7.746;3252;3252
2026-06-08T13:48:19.0000000Z;7.723;7.747;3252;3252
2026-06-08T13:48:49.0000000Z;7.723;7.747;3252;3252
2026-06-08T13:48:56.0000000Z;7.722;7.747;3252;3252
2026-06-08T13:49:01.0000000Z;7.722;7.744;3252;3252
2026-06-08T13:49:02.0000000Z;7.722;7.745;3252;3252
2026-06-08T13:49:03.0000000Z;7.722;7.744;3252;3252
2026-06-08T13:49:08.0000000Z;7.72;7.745;3252;3252
2026-06-08T13:49:38.0000000Z;7.72;7.745;3252;3252
2026-06-08T13:50:09.0000000Z;7.72;7.745;3252;3252
2026-06-08T13:50:22.0000000Z;7.71;7.744;3252;3252
2026-06-08T13:50:24.0000000Z;7.716;7.739;3252;3252
2026-06-08T13:50:35.0000000Z;7.718;7.739;3252;3252
2026-06-08T13:50:50.0000000Z;7.718;7.74;3252;3252
2026-06-08T13:51:15.0000000Z;7.717;7.74;3252;3252
2026-06-08T13:51:22.0000000Z;7.718;7.74;3252;3252
2026-06-08T13:51:48.0000000Z;7.719;7.74;3252;3252
2026-06-08T13:51:57.0000000Z;7.718;7.74;3252;3252
2026-06-08T13:52:03.0000000Z;7.718;7.74;3252;3252
2026-06-08T13:52:07.0000000Z;7.719;7.74;3252;3252
2026-06-08T13:52:09.0000000Z;7.718;7.74;3252;3252
2026-06-08T13:52:31.0000000Z;7.718;7.74;3252;3252
2026-06-08T13:52:33.0000000Z;7.719;7.74;3252;3252
2026-06-08T13:52:50.0000000Z;7.72;7.74;3252;3252
2026-06-08T13:53:00.0000000Z;7.719;7.74;3252;3252
2026-06-08T13:53:10.0000000Z;7.718;7.74;3252;3252
2026-06-08T13:53:12.0000000Z;7.718;7.74;3252;3252
2026-06-08T13:53:42.0000000Z;7.718;7.74;3252;3252
2026-06-08T13:54:13.0000000Z;7.718;7.74;3252;3252
2026-06-08T13:54:43.0000000Z;7.718;7.74;3252;3252
2026-06-08T13:55:01.0000000Z;7.719;7.74;3252;3252
2026-06-08T13:55:32.0000000Z;7.719;7.74;3252;3252
2026-06-08T13:56:02.0000000Z;7.719;7.74;3252;3252
2026-06-08T13:56:10.0000000Z;7.719;7.745;3252;3252
2026-06-08T13:56:41.0000000Z;7.719;7.745;3252;3252
2026-06-08T13:56:42.0000000Z;7.72;7.745;3252;3252
2026-06-08T13:57:12.0000000Z;7.72;7.745;3252;3252
2026-06-08T13:57:31.0000000Z;7.72;7.743;3252;3252
2026-06-08T13:57:38.0000000Z;7.72;7.742;3252;3252
2026-06-08T13:57:42.0000000Z;7.718;7.739;3252;3252
2026-06-08T13:57:50.0000000Z;7.715;7.739;3252;3252
2026-06-08T13:57:58.0000000Z;7.714;7.739;3252;3252
2026-06-08T13:58:05.0000000Z;7.71;7.747;3252;3252
2026-06-08T13:58:35.0000000Z;7.71;7.747;3252;3252
2026-06-08T13:59:05.0000000Z;7.71;7.747;3252;3252
2026-06-08T13:59:25.0000000Z;7.711;7.747;3252;3252
2026-06-08T13:59:26.0000000Z;7.712;7.745;3252;3252
2026-06-08T13:59:27.0000000Z;7.715;7.745;3252;3252
2026-06-08T13:59:31.0000000Z;7.715;7.743;3252;3252
2026-06-08T14:00:02.0000000Z;7.715;7.743;3252;3252
2026-06-08T14:00:28.0000000Z;7.715;7.742;3252;3252
2026-06-08T14:00:45.0000000Z;7.715;7.744;3252;3252
2026-06-08T14:01:01.0000000Z;7.717;7.744;3252;3252
2026-06-08T14:01:04.0000000Z;7.719;7.744;3252;3252
2026-06-08T14:01:06.0000000Z;7.719;7.747;3252;3252
2026-06-08T14:01:07.0000000Z;7.719;7.746;3252;3252
2026-06-08T14:01:09.0000000Z;7.719;7.747;3252;3252
2026-06-08T14:01:10.0000000Z;7.719;7.746;3252;3252
2026-06-08T14:01:12.0000000Z;7.719;7.747;3252;3252
2026-06-08T14:01:30.0000000Z;7.719;7.749;3252;3252
2026-06-08T14:01:45.0000000Z;7.725;7.749;3252;3252
2026-06-08T14:01:46.0000000Z;7.725;7.755;3252;3252
2026-06-08T14:01:52.0000000Z;7.725;7.751;3252;3252
2026-06-08T14:01:54.0000000Z;7.724;7.751;3252;3252
2026-06-08T14:01:56.0000000Z;7.724;7.755;3252;3252
2026-06-08T14:02:06.0000000Z;7.726;7.749;3252;3252
2026-06-08T14:02:30.0000000Z;7.726;7.748;3252;3252
2026-06-08T14:02:38.0000000Z;7.724;7.748;3252;3252
2026-06-08T14:02:48.0000000Z;7.723;7.748;3252;3252
2026-06-08T14:02:58.0000000Z;7.72;7.748;3252;3252
2026-06-08T14:03:09.0000000Z;7.72;7.742;3252;3252
2026-06-08T14:03:20.0000000Z;7.72;7.743;3252;3252
2026-06-08T14:03:34.0000000Z;7.72;7.75;3252;3252
2026-06-08T14:04:05.0000000Z;7.72;7.75;3252;3252
2026-06-08T14:04:08.0000000Z;7.72;7.744;3252;3252
2026-06-08T14:04:10.0000000Z;7.72;7.742;3252;3252
2026-06-08T14:04:14.0000000Z;7.719;7.742;3252;3252
2026-06-08T14:04:17.0000000Z;7.719;7.756;3252;3252
2026-06-08T14:04:20.0000000Z;7.72;7.754;3252;3252
2026-06-08T14:04:22.0000000Z;7.72;7.742;3252;3252
2026-06-08T14:04:26.0000000Z;7.72;7.74;3252;3252
2026-06-08T14:04:27.0000000Z;7.72;7.741;3252;3252
2026-06-08T14:04:31.0000000Z;7.72;7.742;3252;3252
2026-06-08T14:04:35.0000000Z;7.72;7.741;3252;3252
2026-06-08T14:04:43.0000000Z;7.72;7.742;3252;3252
2026-06-08T14:05:04.0000000Z;7.72;7.741;3252;3252
2026-06-08T14:05:05.0000000Z;7.72;7.74;3252;3252
2026-06-08T14:05:07.0000000Z;7.716;7.74;3252;3252
2026-06-08T14:05:11.0000000Z;7.715;7.74;3252;3252
2026-06-08T14:05:15.0000000Z;7.715;7.742;3252;3252
2026-06-08T14:05:27.0000000Z;7.714;7.742;3252;3252
2026-06-08T14:05:45.0000000Z;7.714;7.744;3252;3252
2026-06-08T14:05:48.0000000Z;7.714;7.742;3252;3252
2026-06-08T14:05:53.0000000Z;7.714;7.744;3252;3252
2026-06-08T14:05:54.0000000Z;7.714;7.742;3252;3252
2026-06-08T14:06:00.0000000Z;7.714;7.74;3252;3252
2026-06-08T14:06:05.0000000Z;7.714;7.746;3252;3252
2026-06-08T14:06:09.0000000Z;7.714;7.742;3252;3252
2026-06-08T14:06:14.0000000Z;7.716;7.742;3252;3252
2026-06-08T14:06:21.0000000Z;7.715;7.742;3252;3252
2026-06-08T14:06:25.0000000Z;7.715;7.744;3252;3252
2026-06-08T14:06:56.0000000Z;7.715;7.744;3252;3252
2026-06-08T14:07:01.0000000Z;7.714;7.744;3252;3252
2026-06-08T14:07:19.0000000Z;7.714;7.745;3252;3252
2026-06-08T14:07:21.0000000Z;7.714;7.743;3252;3252
2026-06-08T14:07:52.0000000Z;7.714;7.743;3252;3252
2026-06-08T14:08:22.0000000Z;7.714;7.743;3252;3252
2026-06-08T14:08:25.0000000Z;7.714;7.741;3252;3252
2026-06-08T14:08:34.0000000Z;7.714;7.742;3252;3252
2026-06-08T14:08:44.0000000Z;7.714;7.74;3252;3252
2026-06-08T14:09:15.0000000Z;7.714;7.74;3252;3252
2026-06-08T14:09:30.0000000Z;7.713;7.74;3252;3252
2026-06-08T14:09:32.0000000Z;7.715;7.74;3252;3252
2026-06-08T14:09:48.0000000Z;7.714;7.74;3252;3252
2026-06-08T14:10:10.0000000Z;7.716;7.74;3252;3252
2026-06-08T14:10:20.0000000Z;7.714;7.74;3252;3252
2026-06-08T14:10:21.0000000Z;7.716;7.738;3252;3252
2026-06-08T14:10:37.0000000Z;7.716;7.746;3252;3252
2026-06-08T14:10:38.0000000Z;7.716;7.74;3252;3252
2026-06-08T14:10:42.0000000Z;7.716;7.738;3252;3252
2026-06-08T14:10:57.0000000Z;7.716;7.739;3252;3252
2026-06-08T14:10:59.0000000Z;7.716;7.738;3252;3252
2026-06-08T14:11:13.0000000Z;7.716;7.739;3252;3252
2026-06-08T14:11:32.0000000Z;7.716;7.738;3252;3252
2026-06-08T14:11:43.0000000Z;7.714;7.738;3252;3252
2026-06-08T14:11:53.0000000Z;7.714;7.739;3252;3252
2026-06-08T14:11:54.0000000Z;7.714;7.738;3252;3252
2026-06-08T14:12:03.0000000Z;7.715;7.738;3252;3252
2026-06-08T14:12:05.0000000Z;7.715;7.739;3252;3252
2026-06-08T14:12:19.0000000Z;7.715;7.738;3252;3252
2026-06-08T14:12:23.0000000Z;7.714;7.738;3252;3252
2026-06-08T14:12:31.0000000Z;7.714;7.744;3252;3252
2026-06-08T14:12:32.0000000Z;7.714;7.74;3252;3252
2026-06-08T14:12:33.0000000Z;7.714;7.738;3252;3252
2026-06-08T14:13:03.0000000Z;7.714;7.738;3252;3252
2026-06-08T14:13:07.0000000Z;7.714;7.739;3252;3252
2026-06-08T14:13:37.0000000Z;7.714;7.739;3252;3252
2026-06-08T14:14:08.0000000Z;7.714;7.739;3252;3252
2026-06-08T14:14:20.0000000Z;7.714;7.744;3252;3252
2026-06-08T14:14:22.0000000Z;7.714;7.743;3252;3252
2026-06-08T14:14:24.0000000Z;7.714;7.738;3252;3252
2026-06-08T14:14:46.0000000Z;7.716;7.738;3252;3252
2026-06-08T14:14:54.0000000Z;7.716;7.736;3252;3252
2026-06-08T14:14:56.0000000Z;7.716;7.736;3252;3252
2026-06-08T14:14:58.0000000Z;7.714;7.737;3252;3252
2026-06-08T14:15:28.0000000Z;7.714;7.737;3252;3252
2026-06-08T14:15:43.0000000Z;7.714;7.734;3252;3252
2026-06-08T14:15:48.0000000Z;7.713;7.734;3252;3252
2026-06-08T14:16:02.0000000Z;7.713;7.736;3252;3252
2026-06-08T14:16:32.0000000Z;7.713;7.736;3252;3252
2026-06-08T14:17:01.0000000Z;7.71;7.736;3252;3252
2026-06-08T14:17:19.0000000Z;7.71;7.747;3252;3252
2026-06-08T14:17:21.0000000Z;7.71;7.736;3252;3252
2026-06-08T14:17:29.0000000Z;7.71;7.74;3252;3252
2026-06-08T14:17:30.0000000Z;7.71;7.736;3252;3252
2026-06-08T14:18:01.0000000Z;7.71;7.736;3252;3252
2026-06-08T14:18:31.0000000Z;7.71;7.736;3252;3252
2026-06-08T14:19:02.0000000Z;7.71;7.736;3252;3252
2026-06-08T14:19:18.0000000Z;7.71;7.735;3252;3252
2026-06-08T14:19:19.0000000Z;7.71;7.733;3252;3252
2026-06-08T14:19:21.0000000Z;7.71;7.735;3252;3252
2026-06-08T14:19:23.0000000Z;7.71;7.733;3252;3252
2026-06-08T14:19:51.0000000Z;7.71;7.733;3252;3252
2026-06-08T14:20:20.0000000Z;7.71;7.734;3252;3252
2026-06-08T14:20:50.0000000Z;7.71;7.734;3252;3252
2026-06-08T14:21:21.0000000Z;7.71;7.734;3252;3252
2026-06-08T14:21:51.0000000Z;7.71;7.734;3252;3252
2026-06-08T14:22:22.0000000Z;7.71;7.734;3252;3252
2026-06-08T14:22:27.0000000Z;7.71;7.729;3252;3252
2026-06-08T14:22:31.0000000Z;7.71;7.728;3252;3252
2026-06-08T14:22:32.0000000Z;7.71;7.729;3252;3252
2026-06-08T14:22:34.0000000Z;7.71;7.728;3252;3252
2026-06-08T14:22:39.0000000Z;7.71;7.727;3252;3252
2026-06-08T14:22:43.0000000Z;7.71;7.729;3252;3252
2026-06-08T14:23:04.0000000Z;7.71;7.728;3252;3252
2026-06-08T14:23:20.0000000Z;7.705;7.728;3252;3252
2026-06-08T14:23:50.0000000Z;7.705;7.728;3252;3252
2026-06-08T14:24:04.0000000Z;7.705;7.729;3252;3252
2026-06-08T14:24:22.0000000Z;7.705;7.726;3252;3252
2026-06-08T14:24:27.0000000Z;7.705;7.727;3252;3252
2026-06-08T14:24:30.0000000Z;7.705;7.726;3252;3252
2026-06-08T14:24:32.0000000Z;7.705;7.727;3252;3252
2026-06-08T14:24:34.0000000Z;7.705;7.726;3252;3252
2026-06-08T14:24:39.0000000Z;7.705;7.728;3252;3252
2026-06-08T14:24:41.0000000Z;7.705;7.726;3252;3252
2026-06-08T14:24:43.0000000Z;7.705;7.727;3252;3252
2026-06-08T14:24:47.0000000Z;7.705;7.726;3252;3252
2026-06-08T14:25:02.0000000Z;7.705;7.727;3252;3252
2026-06-08T14:25:06.0000000Z;7.705;7.726;3252;3252
2026-06-08T14:25:07.0000000Z;7.705;7.727;3252;3252
2026-06-08T14:25:10.0000000Z;7.705;7.726;3252;3252
2026-06-08T14:25:21.0000000Z;7.705;7.727;3252;3252
2026-06-08T14:25:23.0000000Z;7.705;7.724;3252;3252
2026-06-08T14:25:36.0000000Z;7.705;7.726;3252;3252
2026-06-08T14:25:38.0000000Z;7.706;7.726;3252;3252
2026-06-08T14:25:48.0000000Z;7.706;7.729;3252;3252
2026-06-08T14:25:49.0000000Z;7.706;7.727;3252;3252
2026-06-08T14:25:59.0000000Z;7.706;7.727;3252;3252
2026-06-08T14:26:05.0000000Z;7.706;7.728;3252;3252
2026-06-08T14:26:25.0000000Z;7.706;7.728;3252;3252
2026-06-08T14:26:27.0000000Z;7.705;7.728;3252;3252
2026-06-08T14:26:34.0000000Z;7.705;7.729;3252;3252
2026-06-08T14:26:35.0000000Z;7.705;7.729;3252;3252
2026-06-08T14:26:53.0000000Z;7.704;7.727;3252;3252
2026-06-08T14:27:00.0000000Z;7.704;7.726;3252;3252
2026-06-08T14:27:03.0000000Z;7.706;7.726;3252;3252
2026-06-08T14:27:27.0000000Z;7.704;7.726;3252;3252
2026-06-08T14:27:37.0000000Z;7.702;7.726;3252;3252
2026-06-08T14:27:50.0000000Z;7.702;7.723;3252;3252
2026-06-08T14:27:55.0000000Z;7.702;7.724;3252;3252
2026-06-08T14:28:26.0000000Z;7.702;7.724;3252;3252
2026-06-08T14:28:44.0000000Z;7.7;7.725;3252;3252
2026-06-08T14:29:14.0000000Z;7.7;7.725;3252;3252
2026-06-08T14:29:33.0000000Z;7.7;7.723;3252;3252
2026-06-08T14:29:35.0000000Z;7.7;7.72;3252;3252
2026-06-08T14:29:39.0000000Z;7.7;7.721;3252;3252
2026-06-08T14:30:10.0000000Z;7.7;7.721;3252;3252
2026-06-08T14:30:19.0000000Z;7.7;7.72;3252;3252
2026-06-08T14:30:47.0000000Z;7.7;7.718;3252;3252
2026-06-08T14:31:18.0000000Z;7.7;7.718;3252;3252
2026-06-08T14:31:24.0000000Z;7.696;7.718;3252;3252
2026-06-08T14:31:54.0000000Z;7.696;7.718;3252;3252
2026-06-08T14:32:01.0000000Z;7.694;7.72;3252;3252
2026-06-08T14:32:04.0000000Z;7.696;7.72;3252;3252
2026-06-08T14:32:08.0000000Z;7.696;7.718;3252;3252
2026-06-08T14:32:11.0000000Z;7.695;7.718;3252;3252
2026-06-08T14:32:17.0000000Z;7.695;7.72;3252;3252
2026-06-08T14:32:19.0000000Z;7.696;7.72;3252;3252
2026-06-08T14:32:24.0000000Z;7.698;7.72;3252;3252
2026-06-08T14:32:27.0000000Z;7.698;7.72;3252;3252
2026-06-08T14:32:55.0000000Z;7.698;7.722;3252;3252
2026-06-08T14:33:13.0000000Z;7.698;7.72;3252;3252
2026-06-08T14:33:43.0000000Z;7.698;7.72;3252;3252
2026-06-08T14:34:14.0000000Z;7.698;7.72;3252;3252
2026-06-08T14:34:37.0000000Z;7.699;7.72;3252;3252
2026-06-08T14:34:41.0000000Z;7.699;7.722;3252;3252
2026-06-08T14:34:42.0000000Z;7.699;7.72;3252;3252
2026-06-08T14:34:53.0000000Z;7.698;7.72;3252;3252
2026-06-08T14:35:24.0000000Z;7.698;7.72;3252;3252
2026-06-08T14:35:43.0000000Z;7.7;7.72;3252;3252
2026-06-08T14:36:08.0000000Z;7.699;7.72;3252;3252
2026-06-08T14:36:13.0000000Z;7.701;7.72;3252;3252
2026-06-08T14:36:30.0000000Z;7.701;7.723;3252;3252
2026-06-08T14:36:42.0000000Z;7.701;7.724;3252;3252
2026-06-08T14:36:50.0000000Z;7.701;7.723;3252;3252
2026-06-08T14:36:52.0000000Z;7.701;7.724;3252;3252
2026-06-08T14:36:53.0000000Z;7.701;7.723;3252;3252
2026-06-08T14:36:54.0000000Z;7.701;7.724;3252;3252
2026-06-08T14:36:55.0000000Z;7.701;7.723;3252;3252
2026-06-08T14:37:06.0000000Z;7.701;7.724;3252;3252
2026-06-08T14:37:07.0000000Z;7.701;7.723;3252;3252
2026-06-08T14:37:37.0000000Z;7.701;7.723;3252;3252
2026-06-08T14:37:44.0000000Z;7.701;7.722;3252;3252
2026-06-08T14:37:48.0000000Z;7.701;7.722;3252;3252
2026-06-08T14:37:55.0000000Z;7.7;7.736;3252;3252
2026-06-08T14:38:25.0000000Z;7.7;7.736;3252;3252
2026-06-08T14:38:26.0000000Z;7.7;7.735;3252;3252
2026-06-08T14:38:39.0000000Z;7.7;7.736;3252;3252
2026-06-08T14:38:40.0000000Z;7.7;7.735;3252;3252
2026-06-08T14:39:11.0000000Z;7.7;7.735;3252;3252
2026-06-08T14:39:41.0000000Z;7.7;7.735;3252;3252
2026-06-08T14:39:52.0000000Z;7.7;7.734;3252;3252
2026-06-08T14:39:56.0000000Z;7.697;7.733;3252;3252
2026-06-08T14:40:26.0000000Z;7.697;7.733;3252;3252
2026-06-08T14:40:56.0000000Z;7.697;7.733;3252;3252
2026-06-08T14:41:27.0000000Z;7.697;7.733;3252;3252
2026-06-08T14:41:57.0000000Z;7.697;7.733;3252;3252
2026-06-08T14:42:28.0000000Z;7.697;7.733;3252;3252
2026-06-08T14:42:58.0000000Z;7.697;7.733;3252;3252
2026-06-08T14:43:29.0000000Z;7.697;7.733;3252;3252
2026-06-08T14:43:59.0000000Z;7.697;7.733;3252;3252
2026-06-08T14:44:30.0000000Z;7.697;7.733;3252;3252
2026-06-08T14:45:00.0000000Z;7.697;7.733;3252;3252
2026-06-08T14:45:13.0000000Z;7.706;7.733;3252;3252
2026-06-08T14:45:16.0000000Z;7.707;7.733;3252;3252
2026-06-08T14:45:44.0000000Z;7.707;7.743;3252;3252
2026-06-08T14:46:14.0000000Z;7.707;7.743;3252;3252
2026-06-08T14:46:45.0000000Z;7.707;7.743;3252;3252
2026-06-08T14:47:15.0000000Z;7.707;7.743;3252;3252
2026-06-08T14:47:46.0000000Z;7.707;7.743;3252;3252
2026-06-08T14:48:16.0000000Z;7.707;7.743;3252;3252
2026-06-08T14:48:47.0000000Z;7.707;7.743;3252;3252
2026-06-08T14:49:17.0000000Z;7.707;7.743;3252;3252
2026-06-08T14:49:48.0000000Z;7.707;7.743;3252;3252
2026-06-08T14:50:18.0000000Z;7.707;7.743;3252;3252
2026-06-08T14:50:49.0000000Z;7.707;7.743;3252;3252
2026-06-08T14:51:04.0000000Z;7.706;7.743;3252;3252
2026-06-08T14:51:34.0000000Z;7.706;7.743;3252;3252
2026-06-08T14:52:04.0000000Z;7.706;7.743;3252;3252
2026-06-08T14:52:35.0000000Z;7.706;7.743;3252;3252
2026-06-08T14:53:05.0000000Z;7.706;7.743;3252;3252
2026-06-08T14:53:36.0000000Z;7.706;7.743;3252;3252
2026-06-08T14:54:06.0000000Z;7.706;7.743;3252;3252
2026-06-08T14:54:37.0000000Z;7.706;7.743;3252;3252
2026-06-08T14:55:07.0000000Z;7.706;7.743;3252;3252
2026-06-08T14:55:38.0000000Z;7.706;7.743;3252;3252
2026-06-08T14:56:08.0000000Z;7.706;7.743;3252;3252
2026-06-08T14:56:39.0000000Z;7.706;7.743;3252;3252
2026-06-08T14:57:10.0000000Z;7.706;7.743;3252;3252
2026-06-08T14:57:33.0000000Z;7.707;7.743;3252;3252
2026-06-08T14:58:03.0000000Z;7.707;7.743;3252;3252
2026-06-08T14:58:34.0000000Z;7.707;7.743;3252;3252
2026-06-08T14:58:52.0000000Z;7.707;7.742;3252;3252
2026-06-08T14:59:22.0000000Z;7.707;7.742;3252;3252
2026-06-08T14:59:26.0000000Z;7.706;7.742;3252;3252
2026-06-08T14:59:38.0000000Z;7.716;7.742;3252;3252
2026-06-08T14:59:40.0000000Z;7.716;7.753;3252;3252
