2026-06-08T08:00:02.0000000Z;4.54;4.551;5593;5593
2026-06-08T08:00:30.0000000Z;4.54;4.551;5593;5593
2026-06-08T08:01:00.0000000Z;4.54;4.551;5593;5593
2026-06-08T08:01:31.0000000Z;4.54;4.551;5593;5593
2026-06-08T08:02:01.0000000Z;4.54;4.551;5593;5593
2026-06-08T08:02:32.0000000Z;4.54;4.551;5593;5593
2026-06-08T08:03:02.0000000Z;4.54;4.551;5593;5593
2026-06-08T08:03:15.0000000Z;4.5455;4.551;5593;5593
2026-06-08T08:03:38.0000000Z;4.54;4.5495;5593;5593
2026-06-08T08:04:08.0000000Z;4.54;4.5495;5593;5593
2026-06-08T08:04:39.0000000Z;4.54;4.5495;5593;5593
2026-06-08T08:05:09.0000000Z;4.54;4.5495;5593;5593
2026-06-08T08:05:40.0000000Z;4.54;4.5495;5593;5593
2026-06-08T08:06:10.0000000Z;4.54;4.5495;5593;5593
2026-06-08T08:06:41.0000000Z;4.54;4.5495;5593;5593
2026-06-08T08:07:11.0000000Z;4.54;4.5495;5593;5593
2026-06-08T08:07:42.0000000Z;4.54;4.5495;5593;5593
2026-06-08T08:08:12.0000000Z;4.54;4.5495;5593;5593
2026-06-08T08:08:41.0000000Z;4.54;4.548;5593;5593
2026-06-08T08:09:11.0000000Z;4.54;4.548;5593;5593
2026-06-08T08:09:24.0000000Z;4.5385;4.548;5593;5593
2026-06-08T08:09:54.0000000Z;4.5385;4.548;5593;5593
2026-06-08T08:10:24.0000000Z;4.5385;4.548;5593;5593
2026-06-08T08:10:55.0000000Z;4.5385;4.548;5593;5593
2026-06-08T08:11:00.0000000Z;4.5385;4.5495;5593;5593
2026-06-08T08:11:30.0000000Z;4.5385;4.5495;5593;5593
2026-06-08T08:12:01.0000000Z;4.5385;4.5495;5593;5593
2026-06-08T08:12:31.0000000Z;4.5385;4.5495;5593;5593
2026-06-08T08:13:02.0000000Z;4.5385;4.5495;5593;5593
2026-06-08T08:13:33.0000000Z;4.5385;4.5495;5593;5593
2026-06-08T08:14:03.0000000Z;4.5385;4.5495;5593;5593
2026-06-08T08:14:21.0000000Z;4.54;4.5495;5593;5593
2026-06-08T08:14:51.0000000Z;4.54;4.5495;5593;5593
2026-06-08T08:15:22.0000000Z;4.54;4.5495;5593;5593
2026-06-08T08:15:52.0000000Z;4.54;4.5495;5593;5593
2026-06-08T08:16:23.0000000Z;4.54;4.5495;5593;5593
2026-06-08T08:16:53.0000000Z;4.54;4.5495;5593;5593
2026-06-08T08:17:24.0000000Z;4.54;4.5495;5593;5593
2026-06-08T08:17:54.0000000Z;4.54;4.5495;5593;5593
2026-06-08T08:18:25.0000000Z;4.54;4.5495;5593;5593
2026-06-08T08:18:55.0000000Z;4.54;4.5495;5593;5593
2026-06-08T08:19:26.0000000Z;4.54;4.5495;5593;5593
2026-06-08T08:19:56.0000000Z;4.54;4.5495;5593;5593
2026-06-08T08:20:22.0000000Z;4.54;4.551;5593;5593
2026-06-08T08:20:53.0000000Z;4.54;4.551;5593;5593
2026-06-08T08:21:24.0000000Z;4.54;4.551;5593;5593
2026-06-08T08:21:54.0000000Z;4.54;4.551;5593;5593
2026-06-08T08:22:25.0000000Z;4.54;4.551;5593;5593
2026-06-08T08:22:55.0000000Z;4.54;4.551;5593;5593
2026-06-08T08:23:01.0000000Z;4.54;4.5495;5593;5593
2026-06-08T08:23:31.0000000Z;4.54;4.5495;5593;5593
2026-06-08T08:24:01.0000000Z;4.54;4.5495;5593;5593
2026-06-08T08:24:32.0000000Z;4.54;4.5495;5593;5593
2026-06-08T08:25:02.0000000Z;4.54;4.5495;5593;5593
2026-06-08T08:25:23.0000000Z;4.54;4.551;5593;5593
2026-06-08T08:25:54.0000000Z;4.54;4.551;5593;5593
2026-06-08T08:26:23.0000000Z;4.54;4.5495;5593;5593
2026-06-08T08:26:53.0000000Z;4.54;4.5495;5593;5593
2026-06-08T08:27:24.0000000Z;4.54;4.5495;5593;5593
2026-06-08T08:27:54.0000000Z;4.54;4.5495;5593;5593
2026-06-08T08:28:24.0000000Z;4.54;4.551;5593;5593
2026-06-08T08:28:25.0000000Z;4.54;4.5495;5593;5593
2026-06-08T08:28:55.0000000Z;4.54;4.5495;5593;5593
2026-06-08T08:29:26.0000000Z;4.54;4.5495;5593;5593
2026-06-08T08:29:56.0000000Z;4.54;4.5495;5593;5593
2026-06-08T08:30:22.0000000Z;4.538;4.5495;5593;5593
2026-06-08T08:30:52.0000000Z;4.538;4.5495;5593;5593
2026-06-08T08:31:23.0000000Z;4.538;4.5495;5593;5593
2026-06-08T08:31:53.0000000Z;4.538;4.5495;5593;5593
2026-06-08T08:32:24.0000000Z;4.538;4.5495;5593;5593
2026-06-08T08:32:54.0000000Z;4.538;4.5495;5593;5593
2026-06-08T08:33:25.0000000Z;4.538;4.5495;5593;5593
2026-06-08T08:33:56.0000000Z;4.538;4.5495;5593;5593
2026-06-08T08:34:21.0000000Z;4.5395;4.5495;5593;5593
2026-06-08T08:34:45.0000000Z;4.5395;4.551;5593;5593
2026-06-08T08:35:16.0000000Z;4.5395;4.551;5593;5593
2026-06-08T08:35:46.0000000Z;4.5395;4.551;5593;5593
2026-06-08T08:36:09.0000000Z;4.5395;4.5495;5593;5593
2026-06-08T08:36:40.0000000Z;4.5395;4.5495;5593;5593
2026-06-08T08:37:10.0000000Z;4.5395;4.5495;5593;5593
2026-06-08T08:37:41.0000000Z;4.5395;4.5495;5593;5593
2026-06-08T08:38:11.0000000Z;4.5395;4.5495;5593;5593
2026-06-08T08:38:42.0000000Z;4.5395;4.5495;5593;5593
2026-06-08T08:39:12.0000000Z;4.5395;4.5495;5593;5593
2026-06-08T08:39:43.0000000Z;4.5395;4.5495;5593;5593
2026-06-08T08:40:13.0000000Z;4.5395;4.5495;5593;5593
2026-06-08T08:40:44.0000000Z;4.5395;4.5495;5593;5593
2026-06-08T08:40:52.0000000Z;4.5395;4.551;5593;5593
2026-06-08T08:41:21.0000000Z;4.541;4.551;5593;5593
2026-06-08T08:41:51.0000000Z;4.541;4.551;5593;5593
2026-06-08T08:42:21.0000000Z;4.541;4.551;5593;5593
2026-06-08T08:42:52.0000000Z;4.541;4.551;5593;5593
2026-06-08T08:43:22.0000000Z;4.541;4.551;5593;5593
2026-06-08T08:43:53.0000000Z;4.541;4.551;5593;5593
2026-06-08T08:44:23.0000000Z;4.541;4.551;5593;5593
2026-06-08T08:44:54.0000000Z;4.541;4.551;5593;5593
2026-06-08T08:45:11.0000000Z;4.541;4.5495;5593;5593
2026-06-08T08:45:41.0000000Z;4.541;4.5495;5593;5593
2026-06-08T08:46:11.0000000Z;4.541;4.5495;5593;5593
2026-06-08T08:46:42.0000000Z;4.541;4.5495;5593;5593
2026-06-08T08:46:59.0000000Z;4.541;4.551;5593;5593
2026-06-08T08:47:30.0000000Z;4.541;4.551;5593;5593
2026-06-08T08:48:00.0000000Z;4.541;4.551;5593;5593
2026-06-08T08:48:31.0000000Z;4.541;4.551;5593;5593
2026-06-08T08:49:01.0000000Z;4.541;4.551;5593;5593
2026-06-08T08:49:32.0000000Z;4.541;4.551;5593;5593
2026-06-08T08:50:02.0000000Z;4.541;4.551;5593;5593
2026-06-08T08:50:33.0000000Z;4.541;4.551;5593;5593
2026-06-08T08:51:03.0000000Z;4.541;4.551;5593;5593
2026-06-08T08:51:34.0000000Z;4.541;4.551;5593;5593
2026-06-08T08:52:04.0000000Z;4.541;4.551;5593;5593
2026-06-08T08:52:35.0000000Z;4.541;4.551;5593;5593
2026-06-08T08:53:05.0000000Z;4.541;4.551;5593;5593
2026-06-08T08:53:36.0000000Z;4.541;4.551;5593;5593
2026-06-08T08:54:06.0000000Z;4.541;4.551;5593;5593
2026-06-08T08:54:37.0000000Z;4.541;4.551;5593;5593
2026-06-08T08:55:08.0000000Z;4.541;4.551;5593;5593
2026-06-08T08:55:38.0000000Z;4.541;4.551;5593;5593
2026-06-08T08:56:09.0000000Z;4.541;4.551;5593;5593
2026-06-08T08:56:21.0000000Z;4.5425;4.551;5593;5593
2026-06-08T08:56:51.0000000Z;4.5425;4.551;5593;5593
2026-06-08T08:57:22.0000000Z;4.5425;4.551;5593;5593
2026-06-08T08:57:53.0000000Z;4.5425;4.551;5593;5593
2026-06-08T08:58:23.0000000Z;4.5425;4.551;5593;5593
2026-06-08T08:58:53.0000000Z;4.5425;4.551;5593;5593
2026-06-08T08:59:24.0000000Z;4.5425;4.551;5593;5593
2026-06-08T08:59:55.0000000Z;4.5425;4.551;5593;5593
2026-06-08T09:00:25.0000000Z;4.5425;4.551;5593;5593
2026-06-08T09:00:56.0000000Z;4.5425;4.551;5593;5593
2026-06-08T09:01:26.0000000Z;4.5425;4.551;5593;5593
2026-06-08T09:01:57.0000000Z;4.5425;4.551;5593;5593
2026-06-08T09:02:27.0000000Z;4.5425;4.551;5593;5593
2026-06-08T09:02:58.0000000Z;4.5425;4.551;5593;5593
2026-06-08T09:03:28.0000000Z;4.5425;4.551;5593;5593
2026-06-08T09:03:59.0000000Z;4.5425;4.551;5593;5593
2026-06-08T09:04:29.0000000Z;4.5425;4.551;5593;5593
2026-06-08T09:05:00.0000000Z;4.5425;4.551;5593;5593
2026-06-08T09:05:31.0000000Z;4.5425;4.551;5593;5593
2026-06-08T09:06:01.0000000Z;4.5425;4.551;5593;5593
2026-06-08T09:06:32.0000000Z;4.5425;4.551;5593;5593
2026-06-08T09:07:02.0000000Z;4.5425;4.551;5593;5593
2026-06-08T09:07:33.0000000Z;4.5425;4.551;5593;5593
2026-06-08T09:08:03.0000000Z;4.5425;4.551;5593;5593
2026-06-08T09:08:34.0000000Z;4.5425;4.551;5593;5593
2026-06-08T09:09:04.0000000Z;4.5425;4.551;5593;5593
2026-06-08T09:09:35.0000000Z;4.5425;4.551;5593;5593
2026-06-08T09:10:06.0000000Z;4.5425;4.551;5593;5593
2026-06-08T09:10:36.0000000Z;4.5425;4.551;5593;5593
2026-06-08T09:11:07.0000000Z;4.5425;4.551;5593;5593
2026-06-08T09:11:37.0000000Z;4.5425;4.551;5593;5593
2026-06-08T09:11:43.0000000Z;4.5425;4.5525;5593;5593
2026-06-08T09:12:14.0000000Z;4.5425;4.5525;5593;5593
2026-06-08T09:12:45.0000000Z;4.5425;4.5525;5593;5593
2026-06-08T09:12:53.0000000Z;4.5425;4.554;5593;5593
2026-06-08T09:13:21.0000000Z;4.544;4.554;5593;5593
2026-06-08T09:13:51.0000000Z;4.544;4.554;5593;5593
2026-06-08T09:14:21.0000000Z;4.544;4.554;5593;5593
2026-06-08T09:14:52.0000000Z;4.544;4.554;5593;5593
2026-06-08T09:15:22.0000000Z;4.544;4.554;5593;5593
2026-06-08T09:15:53.0000000Z;4.544;4.554;5593;5593
2026-06-08T09:16:24.0000000Z;4.544;4.554;5593;5593
2026-06-08T09:16:54.0000000Z;4.544;4.554;5593;5593
2026-06-08T09:17:25.0000000Z;4.544;4.554;5593;5593
2026-06-08T09:17:55.0000000Z;4.544;4.554;5593;5593
2026-06-08T09:18:26.0000000Z;4.544;4.554;5593;5593
2026-06-08T09:18:56.0000000Z;4.544;4.554;5593;5593
2026-06-08T09:19:27.0000000Z;4.544;4.554;5593;5593
2026-06-08T09:19:57.0000000Z;4.544;4.554;5593;5593
2026-06-08T09:20:28.0000000Z;4.544;4.554;5593;5593
2026-06-08T09:20:59.0000000Z;4.544;4.554;5593;5593
2026-06-08T09:21:29.0000000Z;4.544;4.554;5593;5593
2026-06-08T09:22:00.0000000Z;4.544;4.554;5593;5593
2026-06-08T09:22:30.0000000Z;4.544;4.554;5593;5593
2026-06-08T09:23:01.0000000Z;4.544;4.554;5593;5593
2026-06-08T09:23:31.0000000Z;4.544;4.554;5593;5593
2026-06-08T09:24:02.0000000Z;4.544;4.554;5593;5593
2026-06-08T09:24:32.0000000Z;4.544;4.554;5593;5593
2026-06-08T09:25:03.0000000Z;4.544;4.554;5593;5593
2026-06-08T09:25:33.0000000Z;4.544;4.554;5593;5593
2026-06-08T09:26:04.0000000Z;4.544;4.554;5593;5593
2026-06-08T09:26:35.0000000Z;4.544;4.554;5593;5593
2026-06-08T09:27:05.0000000Z;4.544;4.554;5593;5593
2026-06-08T09:27:36.0000000Z;4.544;4.554;5593;5593
2026-06-08T09:28:06.0000000Z;4.544;4.554;5593;5593
2026-06-08T09:28:37.0000000Z;4.544;4.554;5593;5593
2026-06-08T09:29:08.0000000Z;4.544;4.554;5593;5593
2026-06-08T09:29:38.0000000Z;4.544;4.554;5593;5593
2026-06-08T09:30:09.0000000Z;4.544;4.554;5593;5593
2026-06-08T09:30:21.0000000Z;4.5455;4.554;5593;5593
2026-06-08T09:30:51.0000000Z;4.5455;4.554;5593;5593
2026-06-08T09:31:22.0000000Z;4.5455;4.554;5593;5593
2026-06-08T09:31:53.0000000Z;4.5455;4.554;5593;5593
2026-06-08T09:32:23.0000000Z;4.5455;4.554;5593;5593
2026-06-08T09:32:54.0000000Z;4.5455;4.554;5593;5593
2026-06-08T09:33:24.0000000Z;4.5455;4.554;5593;5593
2026-06-08T09:33:55.0000000Z;4.5455;4.554;5593;5593
2026-06-08T09:34:25.0000000Z;4.5455;4.554;5593;5593
2026-06-08T09:34:56.0000000Z;4.5455;4.554;5593;5593
2026-06-08T09:35:27.0000000Z;4.5455;4.554;5593;5593
2026-06-08T09:35:57.0000000Z;4.5455;4.554;5593;5593
2026-06-08T09:36:28.0000000Z;4.5455;4.554;5593;5593
2026-06-08T09:36:44.0000000Z;4.547;4.554;5593;5593
2026-06-08T09:37:00.0000000Z;4.547;4.5545;5593;5593
2026-06-08T09:37:24.0000000Z;4.5445;4.5545;5593;5593
2026-06-08T09:37:34.0000000Z;4.5445;4.553;5593;5593
2026-06-08T09:37:38.0000000Z;4.5485;4.553;5593;5593
2026-06-08T09:38:08.0000000Z;4.5485;4.553;5593;5593
2026-06-08T09:38:39.0000000Z;4.5485;4.553;5593;5593
2026-06-08T09:39:09.0000000Z;4.5485;4.553;5593;5593
2026-06-08T09:39:40.0000000Z;4.5485;4.553;5593;5593
2026-06-08T09:40:07.0000000Z;4.5445;4.553;5593;5593
2026-06-08T09:40:38.0000000Z;4.5445;4.553;5593;5593
2026-06-08T09:40:59.0000000Z;4.5445;4.5545;5593;5593
2026-06-08T09:41:30.0000000Z;4.5445;4.5545;5593;5593
2026-06-08T09:42:00.0000000Z;4.5445;4.5545;5593;5593
2026-06-08T09:42:31.0000000Z;4.5445;4.5545;5593;5593
2026-06-08T09:43:01.0000000Z;4.5445;4.5545;5593;5593
2026-06-08T09:43:32.0000000Z;4.5445;4.5545;5593;5593
2026-06-08T09:44:02.0000000Z;4.5445;4.5545;5593;5593
2026-06-08T09:44:33.0000000Z;4.5445;4.5545;5593;5593
2026-06-08T09:45:03.0000000Z;4.5445;4.5545;5593;5593
2026-06-08T09:45:34.0000000Z;4.5445;4.5545;5593;5593
2026-06-08T09:46:04.0000000Z;4.5445;4.5545;5593;5593
2026-06-08T09:46:35.0000000Z;4.5445;4.5545;5593;5593
2026-06-08T09:47:05.0000000Z;4.5445;4.5545;5593;5593
2026-06-08T09:47:36.0000000Z;4.5445;4.5545;5593;5593
2026-06-08T09:48:06.0000000Z;4.5445;4.5545;5593;5593
2026-06-08T09:48:37.0000000Z;4.5445;4.5545;5593;5593
2026-06-08T09:49:08.0000000Z;4.5445;4.5545;5593;5593
2026-06-08T09:49:38.0000000Z;4.5445;4.5545;5593;5593
2026-06-08T09:50:09.0000000Z;4.5445;4.5545;5593;5593
2026-06-08T09:50:38.0000000Z;4.5445;4.553;5593;5593
2026-06-08T09:51:09.0000000Z;4.5445;4.553;5593;5593
2026-06-08T09:51:39.0000000Z;4.5445;4.553;5593;5593
2026-06-08T09:52:10.0000000Z;4.5445;4.553;5593;5593
2026-06-08T09:52:23.0000000Z;4.543;4.553;5593;5593
2026-06-08T09:52:54.0000000Z;4.543;4.553;5593;5593
2026-06-08T09:52:59.0000000Z;4.543;4.5545;5593;5593
2026-06-08T09:53:29.0000000Z;4.543;4.5545;5593;5593
2026-06-08T09:54:00.0000000Z;4.543;4.5545;5593;5593
2026-06-08T09:54:04.0000000Z;4.543;4.553;5593;5593
2026-06-08T09:54:35.0000000Z;4.543;4.553;5593;5593
2026-06-08T09:55:05.0000000Z;4.543;4.553;5593;5593
2026-06-08T09:55:36.0000000Z;4.543;4.553;5593;5593
2026-06-08T09:56:06.0000000Z;4.543;4.553;5593;5593
2026-06-08T09:56:29.0000000Z;4.5415;4.553;5593;5593
2026-06-08T09:56:52.0000000Z;4.5415;4.553;5593;5593
2026-06-08T09:57:23.0000000Z;4.5415;4.553;5593;5593
2026-06-08T09:57:53.0000000Z;4.5415;4.553;5593;5593
2026-06-08T09:58:24.0000000Z;4.5415;4.553;5593;5593
2026-06-08T09:58:54.0000000Z;4.5415;4.553;5593;5593
2026-06-08T09:59:25.0000000Z;4.5415;4.553;5593;5593
2026-06-08T09:59:55.0000000Z;4.5415;4.553;5593;5593
2026-06-08T10:00:26.0000000Z;4.5415;4.553;5593;5593
2026-06-08T10:00:57.0000000Z;4.5415;4.553;5593;5593
2026-06-08T10:01:27.0000000Z;4.5415;4.553;5593;5593
2026-06-08T10:01:58.0000000Z;4.5415;4.553;5593;5593
2026-06-08T10:02:28.0000000Z;4.5415;4.553;5593;5593
2026-06-08T10:02:57.0000000Z;4.5415;4.5515;5593;5593
2026-06-08T10:03:27.0000000Z;4.5415;4.5515;5593;5593
2026-06-08T10:03:43.0000000Z;4.5415;4.553;5593;5593
2026-06-08T10:04:13.0000000Z;4.5415;4.553;5593;5593
2026-06-08T10:04:44.0000000Z;4.5415;4.553;5593;5593
2026-06-08T10:05:14.0000000Z;4.5415;4.553;5593;5593
2026-06-08T10:05:22.0000000Z;4.543;4.553;5593;5593
2026-06-08T10:05:52.0000000Z;4.543;4.553;5593;5593
2026-06-08T10:06:22.0000000Z;4.543;4.553;5593;5593
2026-06-08T10:06:41.0000000Z;4.543;4.5515;5593;5593
2026-06-08T10:07:12.0000000Z;4.543;4.5515;5593;5593
2026-06-08T10:07:21.0000000Z;4.5405;4.5515;5593;5593
2026-06-08T10:07:51.0000000Z;4.5405;4.5515;5593;5593
2026-06-08T10:08:21.0000000Z;4.5405;4.5515;5593;5593
2026-06-08T10:08:52.0000000Z;4.5405;4.5515;5593;5593
2026-06-08T10:09:22.0000000Z;4.5405;4.5515;5593;5593
2026-06-08T10:09:53.0000000Z;4.5405;4.5515;5593;5593
2026-06-08T10:10:23.0000000Z;4.5405;4.5515;5593;5593
2026-06-08T10:10:54.0000000Z;4.5405;4.5515;5593;5593
2026-06-08T10:11:25.0000000Z;4.5405;4.5515;5593;5593
2026-06-08T10:11:55.0000000Z;4.5405;4.5515;5593;5593
2026-06-08T10:12:26.0000000Z;4.5405;4.5515;5593;5593
2026-06-08T10:12:56.0000000Z;4.5405;4.5515;5593;5593
2026-06-08T10:13:27.0000000Z;4.5405;4.5515;5593;5593
2026-06-08T10:13:57.0000000Z;4.5405;4.5515;5593;5593
2026-06-08T10:14:28.0000000Z;4.5405;4.5515;5593;5593
2026-06-08T10:14:58.0000000Z;4.5405;4.5515;5593;5593
2026-06-08T10:15:29.0000000Z;4.5405;4.5515;5593;5593
2026-06-08T10:16:00.0000000Z;4.5405;4.5515;5593;5593
2026-06-08T10:16:30.0000000Z;4.5405;4.5515;5593;5593
2026-06-08T10:17:01.0000000Z;4.5405;4.5515;5593;5593
2026-06-08T10:17:31.0000000Z;4.5405;4.5515;5593;5593
2026-06-08T10:18:02.0000000Z;4.5405;4.5515;5593;5593
2026-06-08T10:18:32.0000000Z;4.5405;4.5515;5593;5593
2026-06-08T10:19:03.0000000Z;4.5405;4.5515;5593;5593
2026-06-08T10:19:33.0000000Z;4.5405;4.5515;5593;5593
2026-06-08T10:19:54.0000000Z;4.5405;4.55;5593;5593
2026-06-08T10:20:24.0000000Z;4.5405;4.55;5593;5593
2026-06-08T10:20:55.0000000Z;4.5405;4.55;5593;5593
2026-06-08T10:21:25.0000000Z;4.5405;4.55;5593;5593
2026-06-08T10:21:56.0000000Z;4.5405;4.55;5593;5593
2026-06-08T10:22:26.0000000Z;4.5405;4.55;5593;5593
2026-06-08T10:22:57.0000000Z;4.5405;4.55;5593;5593
2026-06-08T10:23:27.0000000Z;4.5405;4.55;5593;5593
2026-06-08T10:23:58.0000000Z;4.5405;4.55;5593;5593
2026-06-08T10:24:28.0000000Z;4.5405;4.55;5593;5593
2026-06-08T10:24:59.0000000Z;4.5405;4.55;5593;5593
2026-06-08T10:25:30.0000000Z;4.5405;4.55;5593;5593
2026-06-08T10:25:53.0000000Z;4.5405;4.5485;5593;5593
2026-06-08T10:26:21.0000000Z;4.539;4.5485;5593;5593
2026-06-08T10:26:52.0000000Z;4.539;4.5485;5593;5593
2026-06-08T10:27:08.0000000Z;4.539;4.55;5593;5593
2026-06-08T10:27:21.0000000Z;4.5405;4.55;5593;5593
2026-06-08T10:27:51.0000000Z;4.5405;4.55;5593;5593
2026-06-08T10:28:22.0000000Z;4.5405;4.55;5593;5593
2026-06-08T10:28:52.0000000Z;4.5405;4.55;5593;5593
2026-06-08T10:29:23.0000000Z;4.5405;4.55;5593;5593
2026-06-08T10:29:53.0000000Z;4.5405;4.55;5593;5593
2026-06-08T10:30:24.0000000Z;4.5405;4.55;5593;5593
2026-06-08T10:30:54.0000000Z;4.5405;4.55;5593;5593
2026-06-08T10:31:25.0000000Z;4.5405;4.55;5593;5593
2026-06-08T10:31:56.0000000Z;4.5405;4.55;5593;5593
2026-06-08T10:32:26.0000000Z;4.5405;4.55;5593;5593
2026-06-08T10:32:57.0000000Z;4.5405;4.55;5593;5593
2026-06-08T10:33:27.0000000Z;4.5405;4.55;5593;5593
2026-06-08T10:33:58.0000000Z;4.5405;4.55;5593;5593
2026-06-08T10:34:13.0000000Z;4.5405;4.5505;5593;5593
2026-06-08T10:34:20.0000000Z;4.5405;4.5475;5593;5593
2026-06-08T10:34:30.0000000Z;4.538;4.5475;5593;5593
2026-06-08T10:34:37.0000000Z;4.538;4.547;5593;5593
2026-06-08T10:34:42.0000000Z;4.538;4.5475;5593;5593
2026-06-08T10:35:12.0000000Z;4.538;4.5475;5593;5593
2026-06-08T10:35:30.0000000Z;4.5355;4.5475;5593;5593
2026-06-08T10:35:50.0000000Z;4.5355;4.5475;5593;5593
2026-06-08T10:36:21.0000000Z;4.5355;4.5475;5593;5593
2026-06-08T10:36:52.0000000Z;4.5355;4.5475;5593;5593
2026-06-08T10:37:04.0000000Z;4.536;4.5475;5593;5593
2026-06-08T10:37:35.0000000Z;4.536;4.5475;5593;5593
2026-06-08T10:38:06.0000000Z;4.536;4.5475;5593;5593
2026-06-08T10:38:36.0000000Z;4.536;4.5475;5593;5593
2026-06-08T10:39:07.0000000Z;4.536;4.5475;5593;5593
2026-06-08T10:39:21.0000000Z;4.537;4.5475;5593;5593
2026-06-08T10:39:51.0000000Z;4.537;4.5475;5593;5593
2026-06-08T10:40:22.0000000Z;4.537;4.5475;5593;5593
2026-06-08T10:40:52.0000000Z;4.537;4.5475;5593;5593
2026-06-08T10:41:23.0000000Z;4.537;4.5475;5593;5593
2026-06-08T10:41:53.0000000Z;4.537;4.5475;5593;5593
2026-06-08T10:42:24.0000000Z;4.537;4.5475;5593;5593
2026-06-08T10:42:54.0000000Z;4.537;4.5475;5593;5593
2026-06-08T10:43:25.0000000Z;4.537;4.5475;5593;5593
2026-06-08T10:43:56.0000000Z;4.537;4.5475;5593;5593
2026-06-08T10:44:26.0000000Z;4.537;4.5475;5593;5593
2026-06-08T10:44:57.0000000Z;4.537;4.5475;5593;5593
2026-06-08T10:45:23.0000000Z;4.536;4.5475;5593;5593
2026-06-08T10:45:51.0000000Z;4.536;4.5475;5593;5593
2026-06-08T10:46:22.0000000Z;4.536;4.5475;5593;5593
2026-06-08T10:46:52.0000000Z;4.536;4.5475;5593;5593
2026-06-08T10:47:23.0000000Z;4.536;4.5475;5593;5593
2026-06-08T10:47:41.0000000Z;4.5355;4.5475;5593;5593
2026-06-08T10:48:12.0000000Z;4.5355;4.5475;5593;5593
2026-06-08T10:48:42.0000000Z;4.5355;4.5475;5593;5593
2026-06-08T10:48:58.0000000Z;4.5355;4.547;5593;5593
2026-06-08T10:49:29.0000000Z;4.5355;4.547;5593;5593
2026-06-08T10:50:00.0000000Z;4.5355;4.547;5593;5593
2026-06-08T10:50:30.0000000Z;4.5355;4.547;5593;5593
2026-06-08T10:51:01.0000000Z;4.5355;4.547;5593;5593
2026-06-08T10:51:31.0000000Z;4.5355;4.547;5593;5593
2026-06-08T10:52:02.0000000Z;4.5355;4.547;5593;5593
2026-06-08T10:52:32.0000000Z;4.5355;4.547;5593;5593
2026-06-08T10:53:03.0000000Z;4.5355;4.547;5593;5593
2026-06-08T10:53:24.0000000Z;4.5355;4.5475;5593;5593
2026-06-08T10:53:55.0000000Z;4.5355;4.5475;5593;5593
2026-06-08T10:54:25.0000000Z;4.5355;4.5475;5593;5593
2026-06-08T10:54:56.0000000Z;4.5355;4.5475;5593;5593
2026-06-08T10:55:27.0000000Z;4.5355;4.5475;5593;5593
2026-06-08T10:55:57.0000000Z;4.5355;4.5475;5593;5593
2026-06-08T10:56:28.0000000Z;4.5355;4.5475;5593;5593
2026-06-08T10:56:58.0000000Z;4.5355;4.5475;5593;5593
2026-06-08T10:57:29.0000000Z;4.5355;4.5475;5593;5593
2026-06-08T10:58:00.0000000Z;4.5355;4.5475;5593;5593
2026-06-08T10:58:30.0000000Z;4.5355;4.5475;5593;5593
2026-06-08T10:59:01.0000000Z;4.5355;4.5475;5593;5593
2026-06-08T10:59:31.0000000Z;4.5355;4.5475;5593;5593
2026-06-08T10:59:48.0000000Z;4.5345;4.5475;5593;5593
2026-06-08T11:00:18.0000000Z;4.5345;4.5475;5593;5593
2026-06-08T11:00:31.0000000Z;4.536;4.5475;5593;5593
2026-06-08T11:00:56.0000000Z;4.5385;4.5475;5593;5593
2026-06-08T11:01:27.0000000Z;4.5385;4.5475;5593;5593
2026-06-08T11:01:42.0000000Z;4.5385;4.547;5593;5593
2026-06-08T11:02:12.0000000Z;4.5385;4.547;5593;5593
2026-06-08T11:02:43.0000000Z;4.5385;4.547;5593;5593
2026-06-08T11:03:14.0000000Z;4.5385;4.547;5593;5593
2026-06-08T11:03:44.0000000Z;4.5385;4.547;5593;5593
2026-06-08T11:04:15.0000000Z;4.5385;4.547;5593;5593
2026-06-08T11:04:21.0000000Z;4.5385;4.5475;5593;5593
2026-06-08T11:04:51.0000000Z;4.5385;4.5475;5593;5593
2026-06-08T11:05:21.0000000Z;4.5385;4.5475;5593;5593
2026-06-08T11:05:52.0000000Z;4.5385;4.5475;5593;5593
2026-06-08T11:06:23.0000000Z;4.5385;4.5475;5593;5593
2026-06-08T11:06:53.0000000Z;4.5385;4.5475;5593;5593
2026-06-08T11:07:24.0000000Z;4.5385;4.5475;5593;5593
2026-06-08T11:07:55.0000000Z;4.5385;4.5475;5593;5593
2026-06-08T11:08:25.0000000Z;4.5385;4.5475;5593;5593
2026-06-08T11:08:56.0000000Z;4.5385;4.5475;5593;5593
2026-06-08T11:09:26.0000000Z;4.5385;4.5475;5593;5593
2026-06-08T11:09:57.0000000Z;4.5385;4.5475;5593;5593
2026-06-08T11:10:27.0000000Z;4.5385;4.5475;5593;5593
2026-06-08T11:10:49.0000000Z;4.544;4.547;5593;5593
2026-06-08T11:10:59.0000000Z;4.5455;4.547;5593;5593
2026-06-08T11:11:05.0000000Z;4.5385;4.547;5593;5593
2026-06-08T11:11:23.0000000Z;4.5365;4.547;5593;5593
2026-06-08T11:11:40.0000000Z;4.5365;4.5475;5593;5593
2026-06-08T11:12:10.0000000Z;4.5365;4.5475;5593;5593
2026-06-08T11:12:41.0000000Z;4.5365;4.5475;5593;5593
2026-06-08T11:13:11.0000000Z;4.5365;4.5475;5593;5593
2026-06-08T11:13:41.0000000Z;4.5365;4.5475;5593;5593
2026-06-08T11:14:12.0000000Z;4.5365;4.5475;5593;5593
2026-06-08T11:14:42.0000000Z;4.5365;4.5475;5593;5593
2026-06-08T11:14:54.0000000Z;4.5365;4.547;5593;5593
2026-06-08T11:15:02.0000000Z;4.5385;4.547;5593;5593
2026-06-08T11:15:24.0000000Z;4.537;4.547;5593;5593
2026-06-08T11:15:28.0000000Z;4.537;4.5475;5593;5593
2026-06-08T11:15:50.0000000Z;4.5345;4.5475;5593;5593
2026-06-08T11:15:55.0000000Z;4.5345;4.547;5593;5593
2026-06-08T11:16:25.0000000Z;4.5345;4.547;5593;5593
2026-06-08T11:16:55.0000000Z;4.5345;4.547;5593;5593
2026-06-08T11:17:26.0000000Z;4.5345;4.547;5593;5593
2026-06-08T11:17:56.0000000Z;4.5345;4.547;5593;5593
2026-06-08T11:18:27.0000000Z;4.5345;4.547;5593;5593
2026-06-08T11:18:57.0000000Z;4.5345;4.547;5593;5593
2026-06-08T11:19:28.0000000Z;4.5345;4.547;5593;5593
2026-06-08T11:19:58.0000000Z;4.5345;4.547;5593;5593
2026-06-08T11:20:14.0000000Z;4.5345;4.5445;5593;5593
2026-06-08T11:20:23.0000000Z;4.5315;4.5445;5593;5593
2026-06-08T11:20:28.0000000Z;4.5315;4.544;5593;5593
2026-06-08T11:20:58.0000000Z;4.5315;4.544;5593;5593
2026-06-08T11:21:29.0000000Z;4.5315;4.544;5593;5593
2026-06-08T11:21:59.0000000Z;4.5315;4.544;5593;5593
2026-06-08T11:22:10.0000000Z;4.533;4.544;5593;5593
2026-06-08T11:22:41.0000000Z;4.533;4.544;5593;5593
2026-06-08T11:23:11.0000000Z;4.533;4.544;5593;5593
2026-06-08T11:23:19.0000000Z;4.533;4.5445;5593;5593
2026-06-08T11:23:50.0000000Z;4.533;4.5445;5593;5593
2026-06-08T11:24:21.0000000Z;4.533;4.5445;5593;5593
2026-06-08T11:24:51.0000000Z;4.533;4.5445;5593;5593
2026-06-08T11:25:22.0000000Z;4.533;4.5445;5593;5593
2026-06-08T11:25:52.0000000Z;4.533;4.5445;5593;5593
2026-06-08T11:26:23.0000000Z;4.533;4.5445;5593;5593
2026-06-08T11:26:53.0000000Z;4.533;4.5445;5593;5593
2026-06-08T11:27:24.0000000Z;4.533;4.5445;5593;5593
2026-06-08T11:27:54.0000000Z;4.533;4.5445;5593;5593
2026-06-08T11:28:25.0000000Z;4.533;4.5445;5593;5593
2026-06-08T11:28:55.0000000Z;4.533;4.5445;5593;5593
2026-06-08T11:29:26.0000000Z;4.533;4.5445;5593;5593
2026-06-08T11:29:48.0000000Z;4.533;4.544;5593;5593
2026-06-08T11:30:18.0000000Z;4.533;4.544;5593;5593
2026-06-08T11:30:48.0000000Z;4.533;4.544;5593;5593
2026-06-08T11:30:53.0000000Z;4.533;4.5445;5593;5593
2026-06-08T11:31:23.0000000Z;4.533;4.5445;5593;5593
2026-06-08T11:31:53.0000000Z;4.533;4.5445;5593;5593
2026-06-08T11:32:09.0000000Z;4.5315;4.5445;5593;5593
2026-06-08T11:32:39.0000000Z;4.5315;4.5445;5593;5593
2026-06-08T11:33:02.0000000Z;4.5315;4.544;5593;5593
2026-06-08T11:33:32.0000000Z;4.5315;4.544;5593;5593
2026-06-08T11:34:03.0000000Z;4.5315;4.544;5593;5593
2026-06-08T11:34:08.0000000Z;4.5315;4.5445;5593;5593
2026-06-08T11:34:38.0000000Z;4.5315;4.5445;5593;5593
2026-06-08T11:35:09.0000000Z;4.5315;4.5445;5593;5593
2026-06-08T11:35:35.0000000Z;4.533;4.5445;5593;5593
2026-06-08T11:36:05.0000000Z;4.533;4.5445;5593;5593
2026-06-08T11:36:35.0000000Z;4.533;4.5445;5593;5593
2026-06-08T11:37:06.0000000Z;4.533;4.5445;5593;5593
2026-06-08T11:37:36.0000000Z;4.533;4.5445;5593;5593
2026-06-08T11:38:07.0000000Z;4.533;4.5445;5593;5593
2026-06-08T11:38:38.0000000Z;4.533;4.5445;5593;5593
2026-06-08T11:39:08.0000000Z;4.533;4.5445;5593;5593
2026-06-08T11:39:39.0000000Z;4.533;4.5445;5593;5593
2026-06-08T11:40:09.0000000Z;4.533;4.5445;5593;5593
2026-06-08T11:40:14.0000000Z;4.5345;4.5445;5593;5593
2026-06-08T11:40:45.0000000Z;4.5345;4.5445;5593;5593
2026-06-08T11:41:15.0000000Z;4.5345;4.5445;5593;5593
2026-06-08T11:41:46.0000000Z;4.5345;4.5445;5593;5593
2026-06-08T11:42:16.0000000Z;4.5345;4.5445;5593;5593
2026-06-08T11:42:47.0000000Z;4.5345;4.5445;5593;5593
2026-06-08T11:43:17.0000000Z;4.5345;4.5445;5593;5593
2026-06-08T11:43:48.0000000Z;4.5345;4.5445;5593;5593
2026-06-08T11:44:18.0000000Z;4.5345;4.5445;5593;5593
2026-06-08T11:44:49.0000000Z;4.5345;4.5445;5593;5593
2026-06-08T11:45:20.0000000Z;4.5345;4.5445;5593;5593
2026-06-08T11:45:50.0000000Z;4.5345;4.5445;5593;5593
2026-06-08T11:46:21.0000000Z;4.5345;4.5445;5593;5593
2026-06-08T11:46:51.0000000Z;4.5345;4.5445;5593;5593
2026-06-08T11:47:22.0000000Z;4.5345;4.5445;5593;5593
2026-06-08T11:47:52.0000000Z;4.5345;4.5445;5593;5593
2026-06-08T11:48:23.0000000Z;4.5345;4.5445;5593;5593
2026-06-08T11:48:53.0000000Z;4.5345;4.5445;5593;5593
2026-06-08T11:49:24.0000000Z;4.5345;4.5445;5593;5593
2026-06-08T11:49:54.0000000Z;4.5345;4.5445;5593;5593
2026-06-08T11:50:25.0000000Z;4.5345;4.5445;5593;5593
2026-06-08T11:50:56.0000000Z;4.5345;4.5445;5593;5593
2026-06-08T11:51:26.0000000Z;4.5345;4.5445;5593;5593
2026-06-08T11:51:56.0000000Z;4.5345;4.5445;5593;5593
2026-06-08T11:52:21.0000000Z;4.533;4.5445;5593;5593
2026-06-08T11:52:51.0000000Z;4.533;4.5445;5593;5593
2026-06-08T11:53:22.0000000Z;4.533;4.5445;5593;5593
2026-06-08T11:53:53.0000000Z;4.533;4.5445;5593;5593
2026-06-08T11:54:23.0000000Z;4.533;4.5445;5593;5593
2026-06-08T11:54:54.0000000Z;4.533;4.5445;5593;5593
2026-06-08T11:55:25.0000000Z;4.533;4.5445;5593;5593
2026-06-08T11:55:55.0000000Z;4.533;4.5445;5593;5593
2026-06-08T11:56:26.0000000Z;4.533;4.5445;5593;5593
2026-06-08T11:56:56.0000000Z;4.533;4.5445;5593;5593
2026-06-08T11:57:27.0000000Z;4.533;4.5445;5593;5593
2026-06-08T11:57:57.0000000Z;4.533;4.5445;5593;5593
2026-06-08T11:58:28.0000000Z;4.533;4.5445;5593;5593
2026-06-08T11:58:58.0000000Z;4.533;4.5445;5593;5593
2026-06-08T11:59:29.0000000Z;4.533;4.5445;5593;5593
2026-06-08T11:59:59.0000000Z;4.533;4.5445;5593;5593
2026-06-08T12:00:30.0000000Z;4.533;4.5445;5593;5593
2026-06-08T12:01:00.0000000Z;4.533;4.5445;5593;5593
2026-06-08T12:01:31.0000000Z;4.533;4.5445;5593;5593
2026-06-08T12:02:01.0000000Z;4.533;4.5445;5593;5593
2026-06-08T12:02:32.0000000Z;4.533;4.5445;5593;5593
2026-06-08T12:03:02.0000000Z;4.533;4.5445;5593;5593
2026-06-08T12:03:13.0000000Z;4.533;4.544;5593;5593
2026-06-08T12:03:24.0000000Z;4.5315;4.544;5593;5593
2026-06-08T12:03:52.0000000Z;4.5315;4.5445;5593;5593
2026-06-08T12:04:22.0000000Z;4.5315;4.5445;5593;5593
2026-06-08T12:04:52.0000000Z;4.5315;4.544;5593;5593
2026-06-08T12:05:23.0000000Z;4.5315;4.544;5593;5593
2026-06-08T12:05:53.0000000Z;4.5315;4.544;5593;5593
2026-06-08T12:06:24.0000000Z;4.5315;4.544;5593;5593
2026-06-08T12:06:54.0000000Z;4.5315;4.544;5593;5593
2026-06-08T12:07:25.0000000Z;4.5315;4.544;5593;5593
2026-06-08T12:07:56.0000000Z;4.5315;4.544;5593;5593
2026-06-08T12:08:11.0000000Z;4.5315;4.5445;5593;5593
2026-06-08T12:08:41.0000000Z;4.5315;4.5445;5593;5593
2026-06-08T12:09:12.0000000Z;4.5315;4.5445;5593;5593
2026-06-08T12:09:33.0000000Z;4.533;4.5445;5593;5593
2026-06-08T12:10:03.0000000Z;4.533;4.5445;5593;5593
2026-06-08T12:10:33.0000000Z;4.533;4.5445;5593;5593
2026-06-08T12:11:04.0000000Z;4.533;4.5445;5593;5593
2026-06-08T12:11:34.0000000Z;4.533;4.5445;5593;5593
2026-06-08T12:12:05.0000000Z;4.533;4.5445;5593;5593
2026-06-08T12:12:35.0000000Z;4.533;4.5445;5593;5593
2026-06-08T12:13:06.0000000Z;4.533;4.5445;5593;5593
2026-06-08T12:13:37.0000000Z;4.533;4.5445;5593;5593
2026-06-08T12:13:56.0000000Z;4.5325;4.5445;5593;5593
2026-06-08T12:13:58.0000000Z;4.533;4.5445;5593;5593
2026-06-08T12:14:28.0000000Z;4.533;4.5445;5593;5593
2026-06-08T12:14:59.0000000Z;4.533;4.5445;5593;5593
2026-06-08T12:15:30.0000000Z;4.533;4.5445;5593;5593
2026-06-08T12:16:00.0000000Z;4.533;4.5445;5593;5593
2026-06-08T12:16:31.0000000Z;4.533;4.5445;5593;5593
2026-06-08T12:17:01.0000000Z;4.533;4.5445;5593;5593
2026-06-08T12:17:32.0000000Z;4.533;4.5445;5593;5593
2026-06-08T12:18:02.0000000Z;4.533;4.5445;5593;5593
2026-06-08T12:18:33.0000000Z;4.533;4.5445;5593;5593
2026-06-08T12:19:03.0000000Z;4.533;4.5445;5593;5593
2026-06-08T12:19:34.0000000Z;4.533;4.5445;5593;5593
2026-06-08T12:20:05.0000000Z;4.533;4.5445;5593;5593
2026-06-08T12:20:35.0000000Z;4.533;4.5445;5593;5593
2026-06-08T12:21:06.0000000Z;4.533;4.5445;5593;5593
2026-06-08T12:21:36.0000000Z;4.533;4.5445;5593;5593
2026-06-08T12:22:07.0000000Z;4.533;4.5445;5593;5593
2026-06-08T12:22:37.0000000Z;4.533;4.5445;5593;5593
2026-06-08T12:23:08.0000000Z;4.533;4.5445;5593;5593
2026-06-08T12:23:21.0000000Z;4.534;4.5445;5593;5593
2026-06-08T12:23:52.0000000Z;4.534;4.5445;5593;5593
2026-06-08T12:24:22.0000000Z;4.534;4.5445;5593;5593
2026-06-08T12:24:53.0000000Z;4.534;4.5445;5593;5593
2026-06-08T12:25:23.0000000Z;4.534;4.5445;5593;5593
2026-06-08T12:25:54.0000000Z;4.534;4.5445;5593;5593
2026-06-08T12:26:24.0000000Z;4.534;4.5445;5593;5593
2026-06-08T12:26:55.0000000Z;4.534;4.5445;5593;5593
2026-06-08T12:27:25.0000000Z;4.534;4.5445;5593;5593
2026-06-08T12:27:38.0000000Z;4.5345;4.5445;5593;5593
2026-06-08T12:28:09.0000000Z;4.5345;4.5445;5593;5593
2026-06-08T12:28:40.0000000Z;4.5345;4.5445;5593;5593
2026-06-08T12:29:00.0000000Z;4.534;4.5445;5593;5593
2026-06-08T12:29:20.0000000Z;4.533;4.5445;5593;5593
2026-06-08T12:29:50.0000000Z;4.533;4.5445;5593;5593
2026-06-08T12:30:20.0000000Z;4.533;4.5445;5593;5593
2026-06-08T12:30:34.0000000Z;4.5345;4.5445;5593;5593
2026-06-08T12:31:04.0000000Z;4.5345;4.5445;5593;5593
2026-06-08T12:31:35.0000000Z;4.5345;4.5445;5593;5593
2026-06-08T12:32:05.0000000Z;4.5345;4.5445;5593;5593
2026-06-08T12:32:36.0000000Z;4.5345;4.5445;5593;5593
2026-06-08T12:33:07.0000000Z;4.5345;4.5445;5593;5593
2026-06-08T12:33:37.0000000Z;4.5345;4.5445;5593;5593
2026-06-08T12:34:08.0000000Z;4.5345;4.5445;5593;5593
2026-06-08T12:34:38.0000000Z;4.5345;4.5445;5593;5593
2026-06-08T12:35:09.0000000Z;4.5345;4.5445;5593;5593
2026-06-08T12:35:39.0000000Z;4.5345;4.5445;5593;5593
2026-06-08T12:36:10.0000000Z;4.5345;4.5445;5593;5593
2026-06-08T12:36:40.0000000Z;4.5345;4.5445;5593;5593
2026-06-08T12:37:11.0000000Z;4.5345;4.5445;5593;5593
2026-06-08T12:37:42.0000000Z;4.5345;4.5445;5593;5593
2026-06-08T12:38:12.0000000Z;4.5345;4.5445;5593;5593
2026-06-08T12:38:43.0000000Z;4.5345;4.5445;5593;5593
2026-06-08T12:39:13.0000000Z;4.5345;4.5445;5593;5593
2026-06-08T12:39:44.0000000Z;4.5345;4.5445;5593;5593
2026-06-08T12:40:15.0000000Z;4.5345;4.5445;5593;5593
2026-06-08T12:40:18.0000000Z;4.5345;4.547;5593;5593
2026-06-08T12:40:49.0000000Z;4.5345;4.547;5593;5593
2026-06-08T12:41:09.0000000Z;4.5345;4.5465;5593;5593
2026-06-08T12:41:40.0000000Z;4.5345;4.5465;5593;5593
2026-06-08T12:42:11.0000000Z;4.5345;4.5465;5593;5593
2026-06-08T12:42:33.0000000Z;4.5335;4.5465;5593;5593
2026-06-08T12:42:39.0000000Z;4.5335;4.546;5593;5593
2026-06-08T12:42:45.0000000Z;4.5335;4.546;5593;5593
2026-06-08T12:43:16.0000000Z;4.5335;4.546;5593;5593
2026-06-08T12:43:46.0000000Z;4.5335;4.546;5593;5593
2026-06-08T12:44:17.0000000Z;4.5335;4.546;5593;5593
2026-06-08T12:44:47.0000000Z;4.5335;4.546;5593;5593
2026-06-08T12:45:18.0000000Z;4.5335;4.546;5593;5593
2026-06-08T12:45:48.0000000Z;4.5335;4.546;5593;5593
2026-06-08T12:46:19.0000000Z;4.5335;4.546;5593;5593
2026-06-08T12:46:50.0000000Z;4.5335;4.546;5593;5593
2026-06-08T12:47:08.0000000Z;4.5335;4.5465;5593;5593
2026-06-08T12:47:39.0000000Z;4.5335;4.5465;5593;5593
2026-06-08T12:48:09.0000000Z;4.5335;4.5465;5593;5593
2026-06-08T12:48:40.0000000Z;4.5335;4.5465;5593;5593
2026-06-08T12:49:10.0000000Z;4.5335;4.5465;5593;5593
2026-06-08T12:49:41.0000000Z;4.5335;4.5465;5593;5593
2026-06-08T12:50:11.0000000Z;4.5335;4.5465;5593;5593
2026-06-08T12:50:12.0000000Z;4.5345;4.5465;5593;5593
2026-06-08T12:50:43.0000000Z;4.5345;4.5465;5593;5593
2026-06-08T12:51:13.0000000Z;4.5345;4.5465;5593;5593
2026-06-08T12:51:44.0000000Z;4.5345;4.5465;5593;5593
2026-06-08T12:52:14.0000000Z;4.5345;4.5465;5593;5593
2026-06-08T12:52:45.0000000Z;4.5345;4.5465;5593;5593
2026-06-08T12:53:16.0000000Z;4.5345;4.5465;5593;5593
2026-06-08T12:53:46.0000000Z;4.5345;4.5465;5593;5593
2026-06-08T12:54:17.0000000Z;4.5345;4.5465;5593;5593
2026-06-08T12:54:47.0000000Z;4.5345;4.5465;5593;5593
2026-06-08T12:55:18.0000000Z;4.5345;4.5465;5593;5593
2026-06-08T12:55:48.0000000Z;4.5345;4.5465;5593;5593
2026-06-08T12:56:19.0000000Z;4.5345;4.5465;5593;5593
2026-06-08T12:56:50.0000000Z;4.5345;4.5465;5593;5593
2026-06-08T12:57:11.0000000Z;4.5345;4.546;5593;5593
2026-06-08T12:57:41.0000000Z;4.5345;4.546;5593;5593
2026-06-08T12:58:12.0000000Z;4.5345;4.546;5593;5593
2026-06-08T12:58:24.0000000Z;4.5335;4.546;5593;5593
2026-06-08T12:58:55.0000000Z;4.5335;4.546;5593;5593
2026-06-08T12:59:23.0000000Z;4.533;4.546;5593;5593
2026-06-08T12:59:53.0000000Z;4.533;4.546;5593;5593
2026-06-08T13:00:17.0000000Z;4.532;4.546;5593;5593
2026-06-08T13:00:23.0000000Z;4.532;4.5435;5593;5593
2026-06-08T13:00:52.0000000Z;4.533;4.5435;5593;5593
2026-06-08T13:00:58.0000000Z;4.538;4.5435;5593;5593
2026-06-08T13:01:28.0000000Z;4.538;4.5435;5593;5593
2026-06-08T13:01:43.0000000Z;4.533;4.5435;5593;5593
2026-06-08T13:02:14.0000000Z;4.533;4.5435;5593;5593
2026-06-08T13:02:44.0000000Z;4.533;4.5435;5593;5593
2026-06-08T13:03:11.0000000Z;4.532;4.5435;5593;5593
2026-06-08T13:03:21.0000000Z;4.5315;4.5435;5593;5593
2026-06-08T13:03:52.0000000Z;4.5315;4.5435;5593;5593
2026-06-08T13:04:22.0000000Z;4.5315;4.5435;5593;5593
2026-06-08T13:04:53.0000000Z;4.5315;4.5435;5593;5593
2026-06-08T13:05:23.0000000Z;4.5315;4.5435;5593;5593
2026-06-08T13:05:54.0000000Z;4.5315;4.5435;5593;5593
2026-06-08T13:06:24.0000000Z;4.5315;4.5435;5593;5593
2026-06-08T13:06:55.0000000Z;4.5315;4.5435;5593;5593
2026-06-08T13:07:25.0000000Z;4.5315;4.5435;5593;5593
2026-06-08T13:07:56.0000000Z;4.5315;4.5435;5593;5593
2026-06-08T13:08:26.0000000Z;4.5315;4.5435;5593;5593
2026-06-08T13:08:57.0000000Z;4.5315;4.5435;5593;5593
2026-06-08T13:09:28.0000000Z;4.5315;4.5435;5593;5593
2026-06-08T13:09:58.0000000Z;4.5315;4.5435;5593;5593
2026-06-08T13:10:29.0000000Z;4.5315;4.5435;5593;5593
2026-06-08T13:10:49.0000000Z;4.533;4.5435;5593;5593
2026-06-08T13:11:19.0000000Z;4.533;4.5435;5593;5593
2026-06-08T13:11:50.0000000Z;4.533;4.5435;5593;5593
2026-06-08T13:12:20.0000000Z;4.533;4.5435;5593;5593
2026-06-08T13:12:51.0000000Z;4.533;4.5435;5593;5593
2026-06-08T13:13:08.0000000Z;4.532;4.5435;5593;5593
2026-06-08T13:13:38.0000000Z;4.532;4.5435;5593;5593
2026-06-08T13:14:08.0000000Z;4.532;4.5435;5593;5593
2026-06-08T13:14:39.0000000Z;4.532;4.5435;5593;5593
2026-06-08T13:15:10.0000000Z;4.532;4.5435;5593;5593
2026-06-08T13:15:19.0000000Z;4.533;4.5435;5593;5593
2026-06-08T13:15:49.0000000Z;4.533;4.5435;5593;5593
2026-06-08T13:16:20.0000000Z;4.533;4.5435;5593;5593
2026-06-08T13:16:50.0000000Z;4.533;4.5435;5593;5593
2026-06-08T13:17:21.0000000Z;4.533;4.5435;5593;5593
2026-06-08T13:17:52.0000000Z;4.533;4.5435;5593;5593
2026-06-08T13:18:22.0000000Z;4.533;4.5435;5593;5593
2026-06-08T13:18:53.0000000Z;4.533;4.5435;5593;5593
2026-06-08T13:19:23.0000000Z;4.533;4.5435;5593;5593
2026-06-08T13:19:43.0000000Z;4.532;4.5435;5593;5593
2026-06-08T13:20:11.0000000Z;4.532;4.5435;5593;5593
2026-06-08T13:20:21.0000000Z;4.5315;4.5435;5593;5593
2026-06-08T13:20:52.0000000Z;4.5315;4.5435;5593;5593
2026-06-08T13:21:22.0000000Z;4.5315;4.5435;5593;5593
2026-06-08T13:21:53.0000000Z;4.5315;4.5435;5593;5593
2026-06-08T13:22:23.0000000Z;4.5315;4.5435;5593;5593
2026-06-08T13:22:54.0000000Z;4.5305;4.543;5593;5593
2026-06-08T13:22:56.0000000Z;4.5305;4.5425;5593;5593
2026-06-08T13:23:03.0000000Z;4.5305;4.5405;5593;5593
2026-06-08T13:23:22.0000000Z;4.53;4.5405;5593;5593
2026-06-08T13:23:38.0000000Z;4.528;4.5405;5593;5593
2026-06-08T13:23:39.0000000Z;4.53;4.5405;5593;5593
2026-06-08T13:24:09.0000000Z;4.53;4.5405;5593;5593
2026-06-08T13:24:39.0000000Z;4.53;4.5405;5593;5593
2026-06-08T13:25:10.0000000Z;4.53;4.5405;5593;5593
2026-06-08T13:25:40.0000000Z;4.53;4.5405;5593;5593
2026-06-08T13:26:11.0000000Z;4.53;4.5405;5593;5593
2026-06-08T13:26:41.0000000Z;4.53;4.5405;5593;5593
2026-06-08T13:27:12.0000000Z;4.53;4.5405;5593;5593
2026-06-08T13:27:43.0000000Z;4.53;4.5405;5593;5593
2026-06-08T13:28:11.0000000Z;4.53;4.543;5593;5593
2026-06-08T13:28:42.0000000Z;4.53;4.543;5593;5593
2026-06-08T13:29:12.0000000Z;4.53;4.543;5593;5593
2026-06-08T13:29:43.0000000Z;4.53;4.543;5593;5593
2026-06-08T13:29:59.0000000Z;4.53;4.541;5593;5593
2026-06-08T13:30:08.0000000Z;4.5285;4.541;5593;5593
2026-06-08T13:30:12.0000000Z;4.5275;4.541;5593;5593
2026-06-08T13:30:24.0000000Z;4.526;4.541;5593;5593
2026-06-08T13:30:47.0000000Z;4.5295;4.541;5593;5593
2026-06-08T13:31:02.0000000Z;4.5315;4.541;5593;5593
2026-06-08T13:31:32.0000000Z;4.5315;4.541;5593;5593
2026-06-08T13:32:03.0000000Z;4.5315;4.541;5593;5593
2026-06-08T13:32:33.0000000Z;4.5315;4.541;5593;5593
2026-06-08T13:32:36.0000000Z;4.53;4.541;5593;5593
2026-06-08T13:33:07.0000000Z;4.53;4.541;5593;5593
2026-06-08T13:33:24.0000000Z;4.532;4.541;5593;5593
2026-06-08T13:33:54.0000000Z;4.532;4.541;5593;5593
2026-06-08T13:34:25.0000000Z;4.532;4.541;5593;5593
2026-06-08T13:34:27.0000000Z;4.53;4.541;5593;5593
2026-06-08T13:34:52.0000000Z;4.53;4.54;5593;5593
2026-06-08T13:35:23.0000000Z;4.53;4.54;5593;5593
2026-06-08T13:35:33.0000000Z;4.53;4.541;5593;5593
2026-06-08T13:36:03.0000000Z;4.53;4.541;5593;5593
2026-06-08T13:36:34.0000000Z;4.53;4.541;5593;5593
2026-06-08T13:36:59.0000000Z;4.53;4.54;5593;5593
2026-06-08T13:37:29.0000000Z;4.53;4.54;5593;5593
2026-06-08T13:37:59.0000000Z;4.53;4.54;5593;5593
2026-06-08T13:38:30.0000000Z;4.53;4.54;5593;5593
2026-06-08T13:39:00.0000000Z;4.53;4.54;5593;5593
2026-06-08T13:39:31.0000000Z;4.53;4.54;5593;5593
2026-06-08T13:40:01.0000000Z;4.53;4.54;5593;5593
2026-06-08T13:40:32.0000000Z;4.53;4.54;5593;5593
2026-06-08T13:41:02.0000000Z;4.53;4.54;5593;5593
2026-06-08T13:41:30.0000000Z;4.53;4.541;5593;5593
2026-06-08T13:42:00.0000000Z;4.53;4.541;5593;5593
2026-06-08T13:42:31.0000000Z;4.53;4.541;5593;5593
2026-06-08T13:42:43.0000000Z;4.5355;4.541;5593;5593
2026-06-08T13:43:14.0000000Z;4.5355;4.541;5593;5593
2026-06-08T13:43:45.0000000Z;4.5355;4.541;5593;5593
2026-06-08T13:44:15.0000000Z;4.5355;4.541;5593;5593
2026-06-08T13:44:46.0000000Z;4.5355;4.541;5593;5593
2026-06-08T13:45:16.0000000Z;4.5355;4.541;5593;5593
2026-06-08T13:45:47.0000000Z;4.5355;4.541;5593;5593
2026-06-08T13:46:17.0000000Z;4.5355;4.541;5593;5593
2026-06-08T13:46:47.0000000Z;4.5355;4.541;5593;5593
2026-06-08T13:47:18.0000000Z;4.5355;4.541;5593;5593
2026-06-08T13:47:48.0000000Z;4.5355;4.541;5593;5593
2026-06-08T13:48:19.0000000Z;4.5355;4.541;5593;5593
2026-06-08T13:48:49.0000000Z;4.5355;4.541;5593;5593
2026-06-08T13:49:20.0000000Z;4.5355;4.541;5593;5593
2026-06-08T13:49:50.0000000Z;4.5355;4.541;5593;5593
2026-06-08T13:50:21.0000000Z;4.5355;4.541;5593;5593
2026-06-08T13:50:51.0000000Z;4.5355;4.541;5593;5593
2026-06-08T13:51:22.0000000Z;4.5355;4.541;5593;5593
2026-06-08T13:51:52.0000000Z;4.5355;4.541;5593;5593
2026-06-08T13:52:23.0000000Z;4.5355;4.541;5593;5593
2026-06-08T13:52:53.0000000Z;4.5355;4.541;5593;5593
2026-06-08T13:53:24.0000000Z;4.5355;4.541;5593;5593
2026-06-08T13:53:54.0000000Z;4.5355;4.541;5593;5593
2026-06-08T13:54:25.0000000Z;4.5355;4.541;5593;5593
2026-06-08T13:54:36.0000000Z;4.5355;4.544;5593;5593
2026-06-08T13:55:07.0000000Z;4.5355;4.544;5593;5593
2026-06-08T13:55:38.0000000Z;4.5355;4.544;5593;5593
2026-06-08T13:55:48.0000000Z;4.5355;4.543;5593;5593
2026-06-08T13:56:19.0000000Z;4.5355;4.543;5593;5593
2026-06-08T13:56:49.0000000Z;4.5355;4.543;5593;5593
2026-06-08T13:57:20.0000000Z;4.5355;4.543;5593;5593
2026-06-08T13:57:36.0000000Z;4.5355;4.5425;5593;5593
2026-06-08T13:57:40.0000000Z;4.532;4.541;5593;5593
2026-06-08T13:57:51.0000000Z;4.532;4.5415;5593;5593
2026-06-08T13:58:22.0000000Z;4.532;4.5415;5593;5593
2026-06-08T13:58:52.0000000Z;4.532;4.5415;5593;5593
2026-06-08T13:59:22.0000000Z;4.532;4.5415;5593;5593
2026-06-08T13:59:46.0000000Z;4.532;4.543;5593;5593
2026-06-08T13:59:47.0000000Z;4.532;4.5425;5593;5593
2026-06-08T13:59:48.0000000Z;4.5285;4.5425;5593;5593
2026-06-08T13:59:52.0000000Z;4.5285;4.543;5593;5593
2026-06-08T13:59:54.0000000Z;4.5265;4.5435;5593;5593
2026-06-08T14:00:00.0000000Z;4.5265;4.544;5593;5593
2026-06-08T14:00:17.0000000Z;4.5265;4.5435;5593;5593
2026-06-08T14:00:30.0000000Z;4.5265;4.543;5593;5593
2026-06-08T14:01:00.0000000Z;4.5265;4.543;5593;5593
2026-06-08T14:01:02.0000000Z;4.5295;4.543;5593;5593
2026-06-08T14:01:17.0000000Z;4.5315;4.543;5593;5593
2026-06-08T14:01:47.0000000Z;4.5315;4.543;5593;5593
2026-06-08T14:01:59.0000000Z;4.5315;4.5425;5593;5593
2026-06-08T14:02:03.0000000Z;4.5315;4.543;5593;5593
2026-06-08T14:02:04.0000000Z;4.5315;4.5435;5593;5593
2026-06-08T14:02:07.0000000Z;4.5315;4.5425;5593;5593
2026-06-08T14:02:38.0000000Z;4.5315;4.5425;5593;5593
2026-06-08T14:03:08.0000000Z;4.5315;4.5425;5593;5593
2026-06-08T14:03:39.0000000Z;4.5315;4.5425;5593;5593
2026-06-08T14:04:09.0000000Z;4.5315;4.543;5593;5593
2026-06-08T14:04:40.0000000Z;4.5315;4.543;5593;5593
2026-06-08T14:05:10.0000000Z;4.5315;4.543;5593;5593
2026-06-08T14:05:21.0000000Z;4.533;4.543;5593;5593
2026-06-08T14:05:52.0000000Z;4.533;4.543;5593;5593
2026-06-08T14:06:22.0000000Z;4.533;4.543;5593;5593
2026-06-08T14:06:41.0000000Z;4.533;4.5435;5593;5593
2026-06-08T14:07:12.0000000Z;4.533;4.5435;5593;5593
2026-06-08T14:07:43.0000000Z;4.533;4.5435;5593;5593
2026-06-08T14:08:13.0000000Z;4.533;4.5435;5593;5593
2026-06-08T14:08:42.0000000Z;4.533;4.543;5593;5593
2026-06-08T14:09:13.0000000Z;4.533;4.543;5593;5593
2026-06-08T14:09:41.0000000Z;4.5345;4.543;5593;5593
2026-06-08T14:09:46.0000000Z;4.5345;4.544;5593;5593
2026-06-08T14:10:16.0000000Z;4.5345;4.544;5593;5593
2026-06-08T14:10:47.0000000Z;4.5345;4.544;5593;5593
2026-06-08T14:11:17.0000000Z;4.5345;4.544;5593;5593
2026-06-08T14:11:48.0000000Z;4.5345;4.544;5593;5593
2026-06-08T14:12:18.0000000Z;4.5345;4.544;5593;5593
2026-06-08T14:12:49.0000000Z;4.5345;4.544;5593;5593
2026-06-08T14:13:19.0000000Z;4.5345;4.544;5593;5593
2026-06-08T14:13:50.0000000Z;4.5345;4.544;5593;5593
2026-06-08T14:14:20.0000000Z;4.5345;4.544;5593;5593
2026-06-08T14:14:51.0000000Z;4.5345;4.544;5593;5593
2026-06-08T14:15:21.0000000Z;4.5345;4.544;5593;5593
2026-06-08T14:15:52.0000000Z;4.5345;4.544;5593;5593
2026-06-08T14:16:22.0000000Z;4.5345;4.544;5593;5593
2026-06-08T14:16:53.0000000Z;4.5345;4.544;5593;5593
2026-06-08T14:17:06.0000000Z;4.533;4.544;5593;5593
2026-06-08T14:17:36.0000000Z;4.533;4.544;5593;5593
2026-06-08T14:18:07.0000000Z;4.533;4.544;5593;5593
2026-06-08T14:18:21.0000000Z;4.5345;4.544;5593;5593
2026-06-08T14:18:51.0000000Z;4.5345;4.544;5593;5593
2026-06-08T14:19:22.0000000Z;4.5345;4.544;5593;5593
2026-06-08T14:19:52.0000000Z;4.5345;4.544;5593;5593
2026-06-08T14:20:23.0000000Z;4.5345;4.544;5593;5593
2026-06-08T14:20:53.0000000Z;4.5345;4.544;5593;5593
2026-06-08T14:21:21.0000000Z;4.536;4.544;5593;5593
2026-06-08T14:21:51.0000000Z;4.536;4.544;5593;5593
2026-06-08T14:22:22.0000000Z;4.536;4.544;5593;5593
2026-06-08T14:22:52.0000000Z;4.536;4.544;5593;5593
2026-06-08T14:23:23.0000000Z;4.536;4.544;5593;5593
2026-06-08T14:23:53.0000000Z;4.536;4.544;5593;5593
2026-06-08T14:24:24.0000000Z;4.536;4.544;5593;5593
2026-06-08T14:24:55.0000000Z;4.536;4.544;5593;5593
2026-06-08T14:25:25.0000000Z;4.536;4.544;5593;5593
2026-06-08T14:25:55.0000000Z;4.536;4.544;5593;5593
2026-06-08T14:26:03.0000000Z;4.536;4.547;5593;5593
2026-06-08T14:26:21.0000000Z;4.536;4.5465;5593;5593
2026-06-08T14:26:50.0000000Z;4.536;4.5465;5593;5593
2026-06-08T14:27:21.0000000Z;4.536;4.5465;5593;5593
2026-06-08T14:27:51.0000000Z;4.536;4.5465;5593;5593
2026-06-08T14:28:22.0000000Z;4.536;4.546;5593;5593
2026-06-08T14:28:49.0000000Z;4.536;4.5455;5593;5593
2026-06-08T14:29:20.0000000Z;4.536;4.5455;5593;5593
2026-06-08T14:29:50.0000000Z;4.536;4.5455;5593;5593
2026-06-08T14:30:21.0000000Z;4.536;4.5455;5593;5593
2026-06-08T14:30:51.0000000Z;4.536;4.5455;5593;5593
2026-06-08T14:31:22.0000000Z;4.536;4.5455;5593;5593
2026-06-08T14:31:23.0000000Z;4.5345;4.5455;5593;5593
2026-06-08T14:31:53.0000000Z;4.5345;4.5455;5593;5593
2026-06-08T14:32:24.0000000Z;4.5345;4.5455;5593;5593
2026-06-08T14:32:54.0000000Z;4.5345;4.5455;5593;5593
2026-06-08T14:33:25.0000000Z;4.5345;4.5455;5593;5593
2026-06-08T14:33:55.0000000Z;4.5345;4.5455;5593;5593
2026-06-08T14:34:26.0000000Z;4.5345;4.5455;5593;5593
2026-06-08T14:34:56.0000000Z;4.5345;4.5455;5593;5593
2026-06-08T14:35:27.0000000Z;4.5345;4.5455;5593;5593
2026-06-08T14:35:57.0000000Z;4.5345;4.5455;5593;5593
2026-06-08T14:36:28.0000000Z;4.5345;4.5455;5593;5593
2026-06-08T14:36:58.0000000Z;4.5345;4.5455;5593;5593
2026-06-08T14:37:04.0000000Z;4.5345;4.546;5593;5593
2026-06-08T14:37:10.0000000Z;4.5345;4.547;5593;5593
2026-06-08T14:37:21.0000000Z;4.536;4.547;5593;5593
2026-06-08T14:37:51.0000000Z;4.536;4.547;5593;5593
2026-06-08T14:38:22.0000000Z;4.536;4.547;5593;5593
2026-06-08T14:38:52.0000000Z;4.536;4.547;5593;5593
2026-06-08T14:39:23.0000000Z;4.536;4.547;5593;5593
2026-06-08T14:39:53.0000000Z;4.536;4.547;5593;5593
2026-06-08T14:40:24.0000000Z;4.536;4.547;5593;5593
2026-06-08T14:40:54.0000000Z;4.536;4.547;5593;5593
2026-06-08T14:41:25.0000000Z;4.536;4.547;5593;5593
2026-06-08T14:41:55.0000000Z;4.536;4.547;5593;5593
2026-06-08T14:42:26.0000000Z;4.536;4.547;5593;5593
2026-06-08T14:42:56.0000000Z;4.536;4.547;5593;5593
2026-06-08T14:43:27.0000000Z;4.536;4.547;5593;5593
2026-06-08T14:43:57.0000000Z;4.536;4.547;5593;5593
2026-06-08T14:44:28.0000000Z;4.536;4.547;5593;5593
2026-06-08T14:44:58.0000000Z;4.536;4.547;5593;5593
2026-06-08T14:45:29.0000000Z;4.536;4.547;5593;5593
2026-06-08T14:45:59.0000000Z;4.536;4.547;5593;5593
2026-06-08T14:46:30.0000000Z;4.536;4.547;5593;5593
2026-06-08T14:47:00.0000000Z;4.536;4.547;5593;5593
2026-06-08T14:47:31.0000000Z;4.536;4.547;5593;5593
2026-06-08T14:48:01.0000000Z;4.536;4.547;5593;5593
2026-06-08T14:48:21.0000000Z;4.5375;4.547;5593;5593
2026-06-08T14:48:52.0000000Z;4.5375;4.547;5593;5593
2026-06-08T14:49:23.0000000Z;4.5375;4.547;5593;5593
2026-06-08T14:49:53.0000000Z;4.5375;4.547;5593;5593
2026-06-08T14:50:24.0000000Z;4.5375;4.547;5593;5593
2026-06-08T14:50:54.0000000Z;4.5375;4.547;5593;5593
2026-06-08T14:51:24.0000000Z;4.536;4.547;5593;5593
2026-06-08T14:51:52.0000000Z;4.536;4.547;5593;5593
2026-06-08T14:52:22.0000000Z;4.536;4.547;5593;5593
2026-06-08T14:52:53.0000000Z;4.536;4.547;5593;5593
2026-06-08T14:53:14.0000000Z;4.536;4.5465;5593;5593
2026-06-08T14:53:45.0000000Z;4.536;4.5465;5593;5593
2026-06-08T14:54:16.0000000Z;4.536;4.5465;5593;5593
2026-06-08T14:54:46.0000000Z;4.536;4.5465;5593;5593
2026-06-08T14:55:17.0000000Z;4.536;4.5465;5593;5593
2026-06-08T14:55:47.0000000Z;4.536;4.5465;5593;5593
2026-06-08T14:56:18.0000000Z;4.536;4.5465;5593;5593
2026-06-08T14:56:48.0000000Z;4.536;4.5465;5593;5593
2026-06-08T14:57:19.0000000Z;4.536;4.5465;5593;5593
2026-06-08T14:57:49.0000000Z;4.536;4.5465;5593;5593
2026-06-08T14:58:20.0000000Z;4.536;4.5465;5593;5593
2026-06-08T14:58:50.0000000Z;4.536;4.5465;5593;5593
2026-06-08T14:59:21.0000000Z;4.536;4.5465;5593;5593
2026-06-08T14:59:27.0000000Z;4.536;4.547;5593;5593
2026-06-08T14:59:56.0000000Z;4.536;4.547;5593;5593
