2026-06-08T08:00:13.0000000Z;42.92;43.005;583;583
2026-06-08T08:00:23.0000000Z;42.92;42.995;583;583
2026-06-08T08:00:30.0000000Z;42.92;42.99;583;583
2026-06-08T08:00:31.0000000Z;42.92;42.995;583;583
2026-06-08T08:00:56.0000000Z;42.92;42.995;583;583
2026-06-08T08:01:27.0000000Z;42.92;42.995;583;583
2026-06-08T08:01:30.0000000Z;42.92;42.98;583;583
2026-06-08T08:01:31.0000000Z;42.89;42.98;583;583
2026-06-08T08:01:32.0000000Z;42.89;42.975;583;583
2026-06-08T08:02:02.0000000Z;42.89;42.975;583;583
2026-06-08T08:02:33.0000000Z;42.89;42.975;583;583
2026-06-08T08:03:03.0000000Z;42.89;42.975;583;583
2026-06-08T08:03:12.0000000Z;42.93;42.975;583;583
2026-06-08T08:03:36.0000000Z;42.89;42.975;583;583
2026-06-08T08:03:52.0000000Z;42.89;42.975;583;583
2026-06-08T08:04:18.0000000Z;42.89;42.98;583;583
2026-06-08T08:04:40.0000000Z;42.89;42.99;583;583
2026-06-08T08:04:44.0000000Z;42.905;43.005;583;583
2026-06-08T08:05:14.0000000Z;42.905;43.005;583;583
2026-06-08T08:05:45.0000000Z;42.905;43.005;583;583
2026-06-08T08:06:15.0000000Z;42.905;43.005;583;583
2026-06-08T08:06:19.0000000Z;42.915;43.005;583;583
2026-06-08T08:06:21.0000000Z;42.915;43.025;583;583
2026-06-08T08:06:51.0000000Z;42.915;43.025;583;583
2026-06-08T08:07:03.0000000Z;42.915;43.035;583;583
2026-06-08T08:07:19.0000000Z;42.935;43.035;583;583
2026-06-08T08:07:50.0000000Z;42.935;43.025;583;583
2026-06-08T08:07:58.0000000Z;42.935;43.02;583;583
2026-06-08T08:08:29.0000000Z;42.935;43.02;583;583
2026-06-08T08:08:34.0000000Z;42.935;43.025;583;583
2026-06-08T08:08:35.0000000Z;42.935;43.035;583;583
2026-06-08T08:08:55.0000000Z;42.935;43.02;583;583
2026-06-08T08:09:17.0000000Z;42.935;43.025;583;583
2026-06-08T08:09:23.0000000Z;42.935;43.01;583;583
2026-06-08T08:09:42.0000000Z;42.935;43.025;583;583
2026-06-08T08:10:09.0000000Z;42.935;43.01;583;583
2026-06-08T08:10:12.0000000Z;42.915;43.01;583;583
2026-06-08T08:10:23.0000000Z;42.915;42.995;583;583
2026-06-08T08:10:39.0000000Z;42.915;42.98;583;583
2026-06-08T08:11:10.0000000Z;42.915;42.98;583;583
2026-06-08T08:11:41.0000000Z;42.915;42.98;583;583
2026-06-08T08:11:48.0000000Z;42.915;43;583;583
2026-06-08T08:12:00.0000000Z;42.915;43.01;583;583
2026-06-08T08:12:30.0000000Z;42.915;43.01;583;583
2026-06-08T08:12:32.0000000Z;42.915;43.015;583;583
2026-06-08T08:13:03.0000000Z;42.915;43.015;583;583
2026-06-08T08:13:08.0000000Z;42.915;43.01;583;583
2026-06-08T08:13:13.0000000Z;42.915;43.015;583;583
2026-06-08T08:13:43.0000000Z;42.915;43.015;583;583
2026-06-08T08:13:49.0000000Z;42.925;43.015;583;583
2026-06-08T08:13:51.0000000Z;42.925;43.025;583;583
2026-06-08T08:14:12.0000000Z;42.925;43.015;583;583
2026-06-08T08:14:43.0000000Z;42.925;43.015;583;583
2026-06-08T08:14:48.0000000Z;42.925;43.01;583;583
2026-06-08T08:15:19.0000000Z;42.925;43.015;583;583
2026-06-08T08:15:26.0000000Z;42.925;43.01;583;583
2026-06-08T08:15:31.0000000Z;42.925;43.015;583;583
2026-06-08T08:15:48.0000000Z;42.925;43.01;583;583
2026-06-08T08:16:11.0000000Z;42.925;43.015;583;583
2026-06-08T08:16:41.0000000Z;42.925;43.015;583;583
2026-06-08T08:16:57.0000000Z;42.925;42.995;583;583
2026-06-08T08:17:28.0000000Z;42.925;42.995;583;583
2026-06-08T08:17:58.0000000Z;42.925;43.01;583;583
2026-06-08T08:18:24.0000000Z;42.925;43.02;583;583
2026-06-08T08:18:42.0000000Z;42.925;43.025;583;583
2026-06-08T08:18:54.0000000Z;42.935;43.035;583;583
2026-06-08T08:18:56.0000000Z;42.94;43.035;583;583
2026-06-08T08:19:26.0000000Z;42.94;43.04;583;583
2026-06-08T08:19:42.0000000Z;42.955;43.05;583;583
2026-06-08T08:20:12.0000000Z;42.955;43.05;583;583
2026-06-08T08:20:24.0000000Z;42.955;43.04;583;583
2026-06-08T08:20:25.0000000Z;42.955;43.035;583;583
2026-06-08T08:20:38.0000000Z;42.925;43.035;583;583
2026-06-08T08:21:06.0000000Z;42.925;43.035;583;583
2026-06-08T08:21:19.0000000Z;42.925;43.025;583;583
2026-06-08T08:21:25.0000000Z;42.925;43.01;583;583
2026-06-08T08:21:54.0000000Z;42.925;43.02;583;583
2026-06-08T08:22:04.0000000Z;42.925;43.01;583;583
2026-06-08T08:22:34.0000000Z;42.925;43.01;583;583
2026-06-08T08:22:37.0000000Z;42.925;43.02;583;583
2026-06-08T08:23:02.0000000Z;42.925;43;583;583
2026-06-08T08:23:33.0000000Z;42.925;43;583;583
2026-06-08T08:23:53.0000000Z;42.925;43.015;583;583
2026-06-08T08:24:13.0000000Z;42.925;43.03;583;583
2026-06-08T08:24:43.0000000Z;42.925;43.03;583;583
2026-06-08T08:25:01.0000000Z;42.925;43.015;583;583
2026-06-08T08:25:32.0000000Z;42.925;43.015;583;583
2026-06-08T08:25:47.0000000Z;42.925;43.03;583;583
2026-06-08T08:25:56.0000000Z;42.925;43.025;583;583
2026-06-08T08:26:03.0000000Z;42.94;43.025;583;583
2026-06-08T08:26:11.0000000Z;42.94;43.04;583;583
2026-06-08T08:26:42.0000000Z;42.94;43.04;583;583
2026-06-08T08:27:13.0000000Z;42.94;43.04;583;583
2026-06-08T08:27:18.0000000Z;42.955;43.04;583;583
2026-06-08T08:27:48.0000000Z;42.955;43.04;583;583
2026-06-08T08:28:19.0000000Z;42.955;43.04;583;583
2026-06-08T08:28:49.0000000Z;42.955;43.04;583;583
2026-06-08T08:29:06.0000000Z;42.955;43.03;583;583
2026-06-08T08:29:36.0000000Z;42.955;43.03;583;583
2026-06-08T08:29:40.0000000Z;42.955;43.04;583;583
2026-06-08T08:29:48.0000000Z;42.955;43.045;583;583
2026-06-08T08:30:19.0000000Z;42.955;43.045;583;583
2026-06-08T08:30:49.0000000Z;42.955;43.045;583;583
2026-06-08T08:30:54.0000000Z;42.955;43.055;583;583
2026-06-08T08:31:25.0000000Z;42.955;43.055;583;583
2026-06-08T08:31:55.0000000Z;42.955;43.055;583;583
2026-06-08T08:32:09.0000000Z;42.97;43.055;583;583
2026-06-08T08:32:12.0000000Z;42.97;43.07;583;583
2026-06-08T08:32:43.0000000Z;42.97;43.07;583;583
2026-06-08T08:32:50.0000000Z;42.97;43.06;583;583
2026-06-08T08:33:21.0000000Z;42.97;43.06;583;583
2026-06-08T08:33:39.0000000Z;42.97;43.055;583;583
2026-06-08T08:33:40.0000000Z;42.97;43.06;583;583
2026-06-08T08:33:50.0000000Z;42.97;43.06;583;583
2026-06-08T08:34:21.0000000Z;42.97;43.06;583;583
2026-06-08T08:34:52.0000000Z;42.97;43.06;583;583
2026-06-08T08:35:21.0000000Z;42.97;43.055;583;583
2026-06-08T08:35:25.0000000Z;42.97;43.045;583;583
2026-06-08T08:35:56.0000000Z;42.97;43.045;583;583
2026-06-08T08:36:02.0000000Z;42.97;43.03;583;583
2026-06-08T08:36:27.0000000Z;42.94;43.03;583;583
2026-06-08T08:36:58.0000000Z;42.94;43.03;583;583
2026-06-08T08:37:28.0000000Z;42.94;43.03;583;583
2026-06-08T08:37:59.0000000Z;42.94;43.03;583;583
2026-06-08T08:38:29.0000000Z;42.94;43.03;583;583
2026-06-08T08:39:00.0000000Z;42.94;43.03;583;583
2026-06-08T08:39:30.0000000Z;42.94;43.03;583;583
2026-06-08T08:39:51.0000000Z;42.94;43.015;583;583
2026-06-08T08:40:21.0000000Z;42.94;43.015;583;583
2026-06-08T08:40:52.0000000Z;42.915;43;583;583
2026-06-08T08:41:23.0000000Z;42.915;43;583;583
2026-06-08T08:41:54.0000000Z;42.915;43;583;583
2026-06-08T08:42:24.0000000Z;42.915;43;583;583
2026-06-08T08:42:55.0000000Z;42.915;43;583;583
2026-06-08T08:43:25.0000000Z;42.915;43;583;583
2026-06-08T08:43:56.0000000Z;42.915;43;583;583
2026-06-08T08:44:26.0000000Z;42.915;43;583;583
2026-06-08T08:44:57.0000000Z;42.915;43;583;583
2026-06-08T08:45:28.0000000Z;42.915;43;583;583
2026-06-08T08:45:52.0000000Z;42.915;43.015;583;583
2026-06-08T08:45:55.0000000Z;42.915;43.01;583;583
2026-06-08T08:46:22.0000000Z;42.915;43.015;583;583
2026-06-08T08:46:42.0000000Z;42.915;43;583;583
2026-06-08T08:47:12.0000000Z;42.915;43;583;583
2026-06-08T08:47:32.0000000Z;42.915;42.985;583;583
2026-06-08T08:47:43.0000000Z;42.915;42.97;583;583
2026-06-08T08:47:44.0000000Z;42.88;42.97;583;583
2026-06-08T08:48:14.0000000Z;42.88;42.97;583;583
2026-06-08T08:48:45.0000000Z;42.88;42.97;583;583
2026-06-08T08:48:57.0000000Z;42.88;42.985;583;583
2026-06-08T08:49:04.0000000Z;42.895;42.985;583;583
2026-06-08T08:49:20.0000000Z;42.895;43;583;583
2026-06-08T08:49:31.0000000Z;42.91;43;583;583
2026-06-08T08:50:01.0000000Z;42.91;43;583;583
2026-06-08T08:50:32.0000000Z;42.91;43;583;583
2026-06-08T08:50:39.0000000Z;42.91;43.01;583;583
2026-06-08T08:51:05.0000000Z;42.91;43.01;583;583
2026-06-08T08:51:09.0000000Z;42.91;42.995;583;583
2026-06-08T08:51:39.0000000Z;42.91;42.995;583;583
2026-06-08T08:51:51.0000000Z;42.91;43;583;583
2026-06-08T08:52:21.0000000Z;42.91;43;583;583
2026-06-08T08:52:51.0000000Z;42.91;43;583;583
2026-06-08T08:52:59.0000000Z;42.91;42.985;583;583
2026-06-08T08:53:30.0000000Z;42.91;42.985;583;583
2026-06-08T08:54:00.0000000Z;42.91;42.985;583;583
2026-06-08T08:54:31.0000000Z;42.91;42.985;583;583
2026-06-08T08:55:02.0000000Z;42.91;42.985;583;583
2026-06-08T08:55:16.0000000Z;42.91;43;583;583
2026-06-08T08:55:18.0000000Z;42.91;42.985;583;583
2026-06-08T08:55:26.0000000Z;42.88;42.985;583;583
2026-06-08T08:55:57.0000000Z;42.88;42.985;583;583
2026-06-08T08:56:27.0000000Z;42.88;42.985;583;583
2026-06-08T08:56:54.0000000Z;42.895;42.985;583;583
2026-06-08T08:57:00.0000000Z;42.895;42.995;583;583
2026-06-08T08:57:30.0000000Z;42.895;42.995;583;583
2026-06-08T08:57:55.0000000Z;42.91;42.995;583;583
2026-06-08T08:58:10.0000000Z;42.91;43.01;583;583
2026-06-08T08:58:34.0000000Z;42.925;43.015;583;583
2026-06-08T08:59:05.0000000Z;42.925;43.015;583;583
2026-06-08T08:59:35.0000000Z;42.925;43.015;583;583
2026-06-08T08:59:40.0000000Z;42.925;43.01;583;583
2026-06-08T09:00:11.0000000Z;42.925;43.01;583;583
2026-06-08T09:00:26.0000000Z;42.925;43.015;583;583
2026-06-08T09:00:48.0000000Z;42.925;43.03;583;583
2026-06-08T09:01:17.0000000Z;42.925;43.03;583;583
2026-06-08T09:01:21.0000000Z;42.94;43.03;583;583
2026-06-08T09:01:26.0000000Z;42.94;43.04;583;583
2026-06-08T09:01:38.0000000Z;42.955;43.045;583;583
2026-06-08T09:01:44.0000000Z;42.955;43.055;583;583
2026-06-08T09:02:15.0000000Z;42.955;43.055;583;583
2026-06-08T09:02:46.0000000Z;42.955;43.055;583;583
2026-06-08T09:03:16.0000000Z;42.97;43.055;583;583
2026-06-08T09:03:47.0000000Z;42.97;43.055;583;583
2026-06-08T09:04:17.0000000Z;42.97;43.07;583;583
2026-06-08T09:04:48.0000000Z;42.97;43.07;583;583
2026-06-08T09:05:17.0000000Z;42.97;43.06;583;583
2026-06-08T09:05:47.0000000Z;42.97;43.06;583;583
2026-06-08T09:05:52.0000000Z;42.97;43.045;583;583
2026-06-08T09:06:23.0000000Z;42.97;43.045;583;583
2026-06-08T09:06:28.0000000Z;42.97;43.03;583;583
2026-06-08T09:06:34.0000000Z;42.97;43.025;583;583
2026-06-08T09:06:36.0000000Z;42.94;43.025;583;583
2026-06-08T09:06:52.0000000Z;42.94;43.03;583;583
2026-06-08T09:07:06.0000000Z;42.94;43.025;583;583
2026-06-08T09:07:37.0000000Z;42.94;43.025;583;583
2026-06-08T09:08:07.0000000Z;42.94;43.025;583;583
2026-06-08T09:08:38.0000000Z;42.94;43.025;583;583
2026-06-08T09:09:09.0000000Z;42.94;43.025;583;583
2026-06-08T09:09:39.0000000Z;42.94;43.025;583;583
2026-06-08T09:10:05.0000000Z;42.94;43.015;583;583
2026-06-08T09:10:22.0000000Z;42.94;43.03;583;583
2026-06-08T09:10:50.0000000Z;42.94;43.04;583;583
2026-06-08T09:11:21.0000000Z;42.94;43.04;583;583
2026-06-08T09:11:52.0000000Z;42.94;43.04;583;583
2026-06-08T09:12:22.0000000Z;42.94;43.04;583;583
2026-06-08T09:12:53.0000000Z;42.94;43.04;583;583
2026-06-08T09:13:11.0000000Z;42.94;43.045;583;583
2026-06-08T09:13:20.0000000Z;42.955;43.045;583;583
2026-06-08T09:13:27.0000000Z;42.955;43.055;583;583
2026-06-08T09:13:37.0000000Z;42.97;43.055;583;583
2026-06-08T09:14:07.0000000Z;42.97;43.055;583;583
2026-06-08T09:14:38.0000000Z;42.97;43.055;583;583
2026-06-08T09:14:55.0000000Z;42.97;43.07;583;583
2026-06-08T09:15:25.0000000Z;42.97;43.07;583;583
2026-06-08T09:15:31.0000000Z;42.97;43.075;583;583
2026-06-08T09:16:02.0000000Z;42.97;43.075;583;583
2026-06-08T09:16:08.0000000Z;42.985;43.075;583;583
2026-06-08T09:16:19.0000000Z;42.985;43.085;583;583
2026-06-08T09:16:50.0000000Z;42.985;43.085;583;583
2026-06-08T09:17:20.0000000Z;42.985;43.085;583;583
2026-06-08T09:17:51.0000000Z;42.985;43.085;583;583
2026-06-08T09:18:22.0000000Z;42.985;43.085;583;583
2026-06-08T09:18:52.0000000Z;42.985;43.085;583;583
2026-06-08T09:19:23.0000000Z;42.985;43.085;583;583
2026-06-08T09:19:53.0000000Z;42.985;43.085;583;583
2026-06-08T09:20:02.0000000Z;43;43.085;583;583
2026-06-08T09:20:04.0000000Z;43;43.1;583;583
2026-06-08T09:20:34.0000000Z;43;43.1;583;583
2026-06-08T09:20:41.0000000Z;43.015;43.1;583;583
2026-06-08T09:20:50.0000000Z;43.015;43.115;583;583
2026-06-08T09:21:14.0000000Z;43.015;43.12;583;583
2026-06-08T09:21:45.0000000Z;43.015;43.12;583;583
2026-06-08T09:22:01.0000000Z;43.03;43.12;583;583
2026-06-08T09:22:31.0000000Z;43.03;43.12;583;583
2026-06-08T09:23:02.0000000Z;43.03;43.12;583;583
2026-06-08T09:23:32.0000000Z;43.03;43.12;583;583
2026-06-08T09:24:03.0000000Z;43.03;43.12;583;583
2026-06-08T09:24:33.0000000Z;43.03;43.12;583;583
2026-06-08T09:24:47.0000000Z;43.03;43.105;583;583
2026-06-08T09:25:17.0000000Z;43.03;43.105;583;583
2026-06-08T09:25:48.0000000Z;43.03;43.105;583;583
2026-06-08T09:26:18.0000000Z;43.03;43.105;583;583
2026-06-08T09:26:24.0000000Z;43.03;43.09;583;583
2026-06-08T09:26:54.0000000Z;43.03;43.09;583;583
2026-06-08T09:27:25.0000000Z;43.03;43.09;583;583
2026-06-08T09:27:55.0000000Z;43.03;43.09;583;583
2026-06-08T09:28:12.0000000Z;43.03;43.085;583;583
2026-06-08T09:28:14.0000000Z;42.985;43.085;583;583
2026-06-08T09:28:19.0000000Z;42.985;43.075;583;583
2026-06-08T09:28:49.0000000Z;42.985;43.075;583;583
2026-06-08T09:29:20.0000000Z;42.985;43.075;583;583
2026-06-08T09:29:50.0000000Z;42.985;43.075;583;583
2026-06-08T09:30:21.0000000Z;42.985;43.075;583;583
2026-06-08T09:30:51.0000000Z;42.985;43.075;583;583
2026-06-08T09:31:21.0000000Z;42.985;43.075;583;583
2026-06-08T09:31:51.0000000Z;42.985;43.075;583;583
2026-06-08T09:32:22.0000000Z;42.985;43.075;583;583
2026-06-08T09:32:53.0000000Z;42.985;43.075;583;583
2026-06-08T09:33:23.0000000Z;42.985;43.075;583;583
2026-06-08T09:33:25.0000000Z;42.985;43.06;583;583
2026-06-08T09:33:56.0000000Z;42.985;43.06;583;583
2026-06-08T09:33:58.0000000Z;42.965;43.06;583;583
2026-06-08T09:34:07.0000000Z;42.965;43.055;583;583
2026-06-08T09:34:34.0000000Z;42.965;43.06;583;583
2026-06-08T09:34:47.0000000Z;42.965;43.045;583;583
2026-06-08T09:35:18.0000000Z;42.965;43.045;583;583
2026-06-08T09:35:49.0000000Z;42.965;43.045;583;583
2026-06-08T09:35:57.0000000Z;42.965;43.03;583;583
2026-06-08T09:36:27.0000000Z;42.965;43.03;583;583
2026-06-08T09:36:34.0000000Z;42.965;43.045;583;583
2026-06-08T09:36:40.0000000Z;42.965;43.09;583;583
2026-06-08T09:36:48.0000000Z;43.015;43.09;583;583
2026-06-08T09:36:50.0000000Z;43.015;43.22;583;583
2026-06-08T09:36:53.0000000Z;43.02;43.22;583;583
2026-06-08T09:36:56.0000000Z;43.02;43.125;583;583
2026-06-08T09:36:59.0000000Z;43.02;43.14;583;583
2026-06-08T09:37:00.0000000Z;43.02;43.125;583;583
2026-06-08T09:37:04.0000000Z;43.025;43.125;583;583
2026-06-08T09:37:15.0000000Z;43.025;43.11;583;583
2026-06-08T09:37:21.0000000Z;43.025;43.135;583;583
2026-06-08T09:37:22.0000000Z;43.025;43.12;583;583
2026-06-08T09:37:25.0000000Z;43.025;43.125;583;583
2026-06-08T09:37:37.0000000Z;43.075;43.125;583;583
2026-06-08T09:37:40.0000000Z;43.075;43.12;583;583
2026-06-08T09:37:42.0000000Z;43.075;43.11;583;583
2026-06-08T09:38:05.0000000Z;43.075;43.095;583;583
2026-06-08T09:38:36.0000000Z;43.075;43.095;583;583
2026-06-08T09:39:06.0000000Z;43.075;43.095;583;583
2026-06-08T09:39:15.0000000Z;43.075;43.105;583;583
2026-06-08T09:39:35.0000000Z;43.075;43.095;583;583
2026-06-08T09:39:47.0000000Z;43.075;43.09;583;583
2026-06-08T09:39:55.0000000Z;43.075;43.095;583;583
2026-06-08T09:39:57.0000000Z;43.075;43.09;583;583
2026-06-08T09:40:05.0000000Z;43.02;43.095;583;583
2026-06-08T09:40:36.0000000Z;43.02;43.095;583;583
2026-06-08T09:41:06.0000000Z;43.02;43.095;583;583
2026-06-08T09:41:37.0000000Z;43.02;43.095;583;583
2026-06-08T09:42:07.0000000Z;43.02;43.095;583;583
2026-06-08T09:42:36.0000000Z;43.02;43.11;583;583
2026-06-08T09:43:00.0000000Z;43.02;43.12;583;583
2026-06-08T09:43:31.0000000Z;43.02;43.12;583;583
2026-06-08T09:43:50.0000000Z;43.02;43.125;583;583
2026-06-08T09:44:20.0000000Z;43.02;43.125;583;583
2026-06-08T09:44:28.0000000Z;43.02;43.135;583;583
2026-06-08T09:44:58.0000000Z;43.02;43.135;583;583
2026-06-08T09:45:00.0000000Z;43.02;43.125;583;583
2026-06-08T09:45:05.0000000Z;43.02;43.12;583;583
2026-06-08T09:45:36.0000000Z;43.02;43.12;583;583
2026-06-08T09:45:44.0000000Z;43.02;43.125;583;583
2026-06-08T09:45:57.0000000Z;43.04;43.125;583;583
2026-06-08T09:45:58.0000000Z;43.04;43.135;583;583
2026-06-08T09:46:29.0000000Z;43.04;43.135;583;583
2026-06-08T09:46:59.0000000Z;43.04;43.135;583;583
2026-06-08T09:47:30.0000000Z;43.04;43.135;583;583
2026-06-08T09:48:00.0000000Z;43.04;43.135;583;583
2026-06-08T09:48:31.0000000Z;43.04;43.135;583;583
2026-06-08T09:48:57.0000000Z;43.04;43.14;583;583
2026-06-08T09:48:58.0000000Z;43.04;43.135;583;583
2026-06-08T09:49:29.0000000Z;43.04;43.135;583;583
2026-06-08T09:50:00.0000000Z;43.04;43.135;583;583
2026-06-08T09:50:30.0000000Z;43.04;43.135;583;583
2026-06-08T09:50:31.0000000Z;43.04;43.125;583;583
2026-06-08T09:51:02.0000000Z;43.04;43.125;583;583
2026-06-08T09:51:32.0000000Z;43.04;43.125;583;583
2026-06-08T09:52:03.0000000Z;43.04;43.135;583;583
2026-06-08T09:52:05.0000000Z;43.04;43.14;583;583
2026-06-08T09:52:22.0000000Z;43.055;43.14;583;583
2026-06-08T09:52:23.0000000Z;43.055;43.15;583;583
2026-06-08T09:52:54.0000000Z;43.055;43.15;583;583
2026-06-08T09:53:09.0000000Z;43.055;43.14;583;583
2026-06-08T09:53:39.0000000Z;43.055;43.14;583;583
2026-06-08T09:54:09.0000000Z;43.055;43.14;583;583
2026-06-08T09:54:22.0000000Z;43.055;43.15;583;583
2026-06-08T09:54:52.0000000Z;43.055;43.15;583;583
2026-06-08T09:55:23.0000000Z;43.055;43.15;583;583
2026-06-08T09:55:24.0000000Z;43.055;43.14;583;583
2026-06-08T09:55:54.0000000Z;43.055;43.14;583;583
2026-06-08T09:56:25.0000000Z;43.055;43.14;583;583
2026-06-08T09:56:51.0000000Z;43.055;43.135;583;583
2026-06-08T09:57:22.0000000Z;43.055;43.135;583;583
2026-06-08T09:57:46.0000000Z;43.055;43.14;583;583
2026-06-08T09:57:50.0000000Z;43.055;43.135;583;583
2026-06-08T09:58:21.0000000Z;43.055;43.135;583;583
2026-06-08T09:58:33.0000000Z;43.055;43.15;583;583
2026-06-08T09:59:03.0000000Z;43.055;43.15;583;583
2026-06-08T09:59:34.0000000Z;43.055;43.15;583;583
2026-06-08T10:00:05.0000000Z;43.055;43.15;583;583
2026-06-08T10:00:35.0000000Z;43.055;43.15;583;583
2026-06-08T10:01:06.0000000Z;43.055;43.15;583;583
2026-06-08T10:01:36.0000000Z;43.055;43.15;583;583
2026-06-08T10:02:03.0000000Z;43.055;43.14;583;583
2026-06-08T10:02:08.0000000Z;43.055;43.135;583;583
2026-06-08T10:02:16.0000000Z;43.02;43.115;583;583
2026-06-08T10:02:18.0000000Z;43.02;43.115;583;583
2026-06-08T10:02:20.0000000Z;43.02;43.12;583;583
2026-06-08T10:02:50.0000000Z;43.02;43.115;583;583
2026-06-08T10:02:59.0000000Z;43.02;43.13;583;583
2026-06-08T10:03:13.0000000Z;43.02;43.135;583;583
2026-06-08T10:03:14.0000000Z;43.02;43.13;583;583
2026-06-08T10:03:29.0000000Z;43.04;43.13;583;583
2026-06-08T10:04:00.0000000Z;43.04;43.13;583;583
2026-06-08T10:04:30.0000000Z;43.04;43.13;583;583
2026-06-08T10:05:01.0000000Z;43.04;43.13;583;583
2026-06-08T10:05:31.0000000Z;43.04;43.13;583;583
2026-06-08T10:05:33.0000000Z;43.04;43.145;583;583
2026-06-08T10:06:04.0000000Z;43.04;43.145;583;583
2026-06-08T10:06:25.0000000Z;43.055;43.145;583;583
2026-06-08T10:06:38.0000000Z;43.055;43.15;583;583
2026-06-08T10:06:46.0000000Z;43.055;43.16;583;583
2026-06-08T10:06:52.0000000Z;43.07;43.16;583;583
2026-06-08T10:07:22.0000000Z;43.07;43.16;583;583
2026-06-08T10:07:24.0000000Z;43.07;43.175;583;583
2026-06-08T10:07:54.0000000Z;43.07;43.175;583;583
2026-06-08T10:08:01.0000000Z;43.085;43.175;583;583
2026-06-08T10:08:04.0000000Z;43.085;43.18;583;583
2026-06-08T10:08:35.0000000Z;43.085;43.18;583;583
2026-06-08T10:09:05.0000000Z;43.085;43.18;583;583
2026-06-08T10:09:16.0000000Z;43.085;43.19;583;583
2026-06-08T10:09:18.0000000Z;43.1;43.19;583;583
2026-06-08T10:09:46.0000000Z;43.1;43.18;583;583
2026-06-08T10:10:15.0000000Z;43.1;43.175;583;583
2026-06-08T10:10:18.0000000Z;43.07;43.175;583;583
2026-06-08T10:10:23.0000000Z;43.07;43.18;583;583
2026-06-08T10:10:43.0000000Z;43.085;43.18;583;583
2026-06-08T10:11:13.0000000Z;43.085;43.18;583;583
2026-06-08T10:11:44.0000000Z;43.085;43.18;583;583
2026-06-08T10:12:08.0000000Z;43.085;43.19;583;583
2026-06-08T10:12:37.0000000Z;43.085;43.195;583;583
2026-06-08T10:12:41.0000000Z;43.085;43.19;583;583
2026-06-08T10:12:43.0000000Z;43.1;43.19;583;583
2026-06-08T10:12:47.0000000Z;43.1;43.195;583;583
2026-06-08T10:13:13.0000000Z;43.1;43.19;583;583
2026-06-08T10:13:35.0000000Z;43.1;43.195;583;583
2026-06-08T10:14:06.0000000Z;43.1;43.195;583;583
2026-06-08T10:14:36.0000000Z;43.1;43.195;583;583
2026-06-08T10:15:07.0000000Z;43.1;43.195;583;583
2026-06-08T10:15:37.0000000Z;43.1;43.195;583;583
2026-06-08T10:16:08.0000000Z;43.1;43.195;583;583
2026-06-08T10:16:38.0000000Z;43.1;43.195;583;583
2026-06-08T10:16:40.0000000Z;43.1;43.19;583;583
2026-06-08T10:16:46.0000000Z;43.1;43.175;583;583
2026-06-08T10:17:04.0000000Z;43.07;43.175;583;583
2026-06-08T10:17:09.0000000Z;43.07;43.16;583;583
2026-06-08T10:17:18.0000000Z;43.07;43.165;583;583
2026-06-08T10:17:48.0000000Z;43.07;43.165;583;583
2026-06-08T10:18:19.0000000Z;43.07;43.165;583;583
2026-06-08T10:18:50.0000000Z;43.07;43.165;583;583
2026-06-08T10:19:20.0000000Z;43.07;43.165;583;583
2026-06-08T10:19:51.0000000Z;43.07;43.165;583;583
2026-06-08T10:20:21.0000000Z;43.07;43.165;583;583
2026-06-08T10:20:52.0000000Z;43.07;43.165;583;583
2026-06-08T10:21:22.0000000Z;43.07;43.165;583;583
2026-06-08T10:21:53.0000000Z;43.07;43.165;583;583
2026-06-08T10:22:23.0000000Z;43.07;43.165;583;583
2026-06-08T10:22:52.0000000Z;43.07;43.145;583;583
2026-06-08T10:23:22.0000000Z;43.07;43.145;583;583
2026-06-08T10:23:53.0000000Z;43.07;43.145;583;583
2026-06-08T10:24:05.0000000Z;43.07;43.155;583;583
2026-06-08T10:24:17.0000000Z;43.07;43.16;583;583
2026-06-08T10:24:48.0000000Z;43.07;43.16;583;583
2026-06-08T10:25:18.0000000Z;43.07;43.16;583;583
2026-06-08T10:25:23.0000000Z;43.07;43.175;583;583
2026-06-08T10:25:54.0000000Z;43.07;43.175;583;583
2026-06-08T10:26:25.0000000Z;43.07;43.175;583;583
2026-06-08T10:26:55.0000000Z;43.07;43.175;583;583
2026-06-08T10:27:26.0000000Z;43.07;43.175;583;583
2026-06-08T10:27:56.0000000Z;43.07;43.175;583;583
2026-06-08T10:28:27.0000000Z;43.07;43.175;583;583
2026-06-08T10:28:57.0000000Z;43.07;43.175;583;583
2026-06-08T10:29:06.0000000Z;43.085;43.175;583;583
2026-06-08T10:29:20.0000000Z;43.085;43.185;583;583
2026-06-08T10:29:26.0000000Z;43.085;43.205;583;583
2026-06-08T10:29:27.0000000Z;43.085;43.2;583;583
2026-06-08T10:29:46.0000000Z;43.1;43.2;583;583
2026-06-08T10:30:16.0000000Z;43.1;43.2;583;583
2026-06-08T10:30:46.0000000Z;43.1;43.2;583;583
2026-06-08T10:31:17.0000000Z;43.1;43.2;583;583
2026-06-08T10:31:47.0000000Z;43.1;43.2;583;583
2026-06-08T10:32:18.0000000Z;43.1;43.2;583;583
2026-06-08T10:32:49.0000000Z;43.1;43.2;583;583
2026-06-08T10:33:19.0000000Z;43.1;43.2;583;583
2026-06-08T10:33:42.0000000Z;43.115;43.2;583;583
2026-06-08T10:33:48.0000000Z;43.115;43.215;583;583
2026-06-08T10:34:10.0000000Z;43.12;43.215;583;583
2026-06-08T10:34:18.0000000Z;43.23;43.43;583;583
2026-06-08T10:34:20.0000000Z;43.23;43.34;583;583
2026-06-08T10:34:23.0000000Z;43.23;43.335;583;583
2026-06-08T10:34:28.0000000Z;43.23;43.43;583;583
2026-06-08T10:34:32.0000000Z;43.245;43.37;583;583
2026-06-08T10:34:36.0000000Z;43.245;43.355;583;583
2026-06-08T10:34:39.0000000Z;43.245;43.34;583;583
2026-06-08T10:34:44.0000000Z;43.215;43.325;583;583
2026-06-08T10:34:52.0000000Z;43.155;43.325;583;583
2026-06-08T10:34:54.0000000Z;43.195;43.31;583;583
2026-06-08T10:35:04.0000000Z;43.195;43.29;583;583
2026-06-08T10:35:06.0000000Z;43.175;43.29;583;583
2026-06-08T10:35:08.0000000Z;43.04;43.29;583;583
2026-06-08T10:35:09.0000000Z;43.16;43.27;583;583
2026-06-08T10:35:20.0000000Z;43.16;43.26;583;583
2026-06-08T10:35:30.0000000Z;43.175;43.275;583;583
2026-06-08T10:36:01.0000000Z;43.175;43.275;583;583
2026-06-08T10:36:31.0000000Z;43.175;43.275;583;583
2026-06-08T10:36:33.0000000Z;43.19;43.29;583;583
2026-06-08T10:37:03.0000000Z;43.19;43.29;583;583
2026-06-08T10:37:33.0000000Z;43.19;43.29;583;583
2026-06-08T10:37:40.0000000Z;43.19;43.275;583;583
2026-06-08T10:38:11.0000000Z;43.19;43.275;583;583
2026-06-08T10:38:39.0000000Z;43.19;43.29;583;583
2026-06-08T10:39:10.0000000Z;43.19;43.29;583;583
2026-06-08T10:39:41.0000000Z;43.19;43.29;583;583
2026-06-08T10:40:11.0000000Z;43.19;43.29;583;583
2026-06-08T10:40:12.0000000Z;43.19;43.275;583;583
2026-06-08T10:40:43.0000000Z;43.19;43.275;583;583
2026-06-08T10:40:55.0000000Z;43.19;43.29;583;583
2026-06-08T10:41:26.0000000Z;43.19;43.29;583;583
2026-06-08T10:41:56.0000000Z;43.19;43.29;583;583
2026-06-08T10:42:27.0000000Z;43.19;43.29;583;583
2026-06-08T10:42:57.0000000Z;43.19;43.29;583;583
2026-06-08T10:43:28.0000000Z;43.19;43.29;583;583
2026-06-08T10:43:29.0000000Z;43.205;43.29;583;583
2026-06-08T10:43:30.0000000Z;43.205;43.3;583;583
2026-06-08T10:44:01.0000000Z;43.205;43.3;583;583
2026-06-08T10:44:13.0000000Z;43.205;43.29;583;583
2026-06-08T10:44:31.0000000Z;43.205;43.285;583;583
2026-06-08T10:44:52.0000000Z;43.205;43.27;583;583
2026-06-08T10:44:53.0000000Z;43.175;43.27;583;583
2026-06-08T10:44:54.0000000Z;43.175;43.275;583;583
2026-06-08T10:45:24.0000000Z;43.175;43.275;583;583
2026-06-08T10:45:39.0000000Z;43.175;43.27;583;583
2026-06-08T10:46:09.0000000Z;43.175;43.27;583;583
2026-06-08T10:46:28.0000000Z;43.175;43.255;583;583
2026-06-08T10:46:30.0000000Z;43.175;43.26;583;583
2026-06-08T10:46:31.0000000Z;43.16;43.255;583;583
2026-06-08T10:46:33.0000000Z;43.16;43.26;583;583
2026-06-08T10:47:01.0000000Z;43.16;43.26;583;583
2026-06-08T10:47:08.0000000Z;43.16;43.245;583;583
2026-06-08T10:47:39.0000000Z;43.16;43.245;583;583
2026-06-08T10:48:09.0000000Z;43.16;43.245;583;583
2026-06-08T10:48:40.0000000Z;43.16;43.245;583;583
2026-06-08T10:49:11.0000000Z;43.16;43.245;583;583
2026-06-08T10:49:41.0000000Z;43.16;43.245;583;583
2026-06-08T10:50:06.0000000Z;43.16;43.24;583;583
2026-06-08T10:50:11.0000000Z;43.16;43.23;583;583
2026-06-08T10:50:12.0000000Z;43.13;43.23;583;583
2026-06-08T10:50:42.0000000Z;43.13;43.23;583;583
2026-06-08T10:51:04.0000000Z;43.13;43.215;583;583
2026-06-08T10:51:35.0000000Z;43.13;43.215;583;583
2026-06-08T10:51:50.0000000Z;43.13;43.235;583;583
2026-06-08T10:52:21.0000000Z;43.13;43.235;583;583
2026-06-08T10:52:52.0000000Z;43.13;43.235;583;583
2026-06-08T10:52:56.0000000Z;43.145;43.235;583;583
2026-06-08T10:53:26.0000000Z;43.145;43.235;583;583
2026-06-08T10:53:45.0000000Z;43.145;43.25;583;583
2026-06-08T10:53:59.0000000Z;43.145;43.235;583;583
2026-06-08T10:54:29.0000000Z;43.145;43.235;583;583
2026-06-08T10:55:00.0000000Z;43.145;43.235;583;583
2026-06-08T10:55:13.0000000Z;43.145;43.23;583;583
2026-06-08T10:55:32.0000000Z;43.145;43.22;583;583
2026-06-08T10:55:36.0000000Z;43.115;43.22;583;583
2026-06-08T10:55:38.0000000Z;43.115;43.215;583;583
2026-06-08T10:56:08.0000000Z;43.115;43.215;583;583
2026-06-08T10:56:25.0000000Z;43.115;43.205;583;583
2026-06-08T10:56:40.0000000Z;43.115;43.2;583;583
2026-06-08T10:57:11.0000000Z;43.115;43.2;583;583
2026-06-08T10:57:41.0000000Z;43.115;43.2;583;583
2026-06-08T10:58:12.0000000Z;43.115;43.2;583;583
2026-06-08T10:58:34.0000000Z;43.115;43.205;583;583
2026-06-08T10:58:58.0000000Z;43.115;43.205;583;583
2026-06-08T10:59:28.0000000Z;43.115;43.205;583;583
2026-06-08T10:59:59.0000000Z;43.115;43.205;583;583
2026-06-08T11:00:29.0000000Z;43.115;43.205;583;583
2026-06-08T11:01:00.0000000Z;43.115;43.205;583;583
2026-06-08T11:01:12.0000000Z;43.115;43.19;583;583
2026-06-08T11:01:34.0000000Z;43.085;43.19;583;583
2026-06-08T11:02:04.0000000Z;43.085;43.19;583;583
2026-06-08T11:02:10.0000000Z;43.085;43.175;583;583
2026-06-08T11:02:40.0000000Z;43.085;43.175;583;583
2026-06-08T11:03:11.0000000Z;43.085;43.175;583;583
2026-06-08T11:03:41.0000000Z;43.085;43.175;583;583
2026-06-08T11:03:48.0000000Z;43.085;43.19;583;583
2026-06-08T11:04:19.0000000Z;43.085;43.19;583;583
2026-06-08T11:04:48.0000000Z;43.1;43.19;583;583
2026-06-08T11:04:52.0000000Z;43.1;43.2;583;583
2026-06-08T11:05:12.0000000Z;43.1;43.205;583;583
2026-06-08T11:05:13.0000000Z;43.1;43.2;583;583
2026-06-08T11:05:22.0000000Z;43.11;43.2;583;583
2026-06-08T11:05:23.0000000Z;43.115;43.2;583;583
2026-06-08T11:05:54.0000000Z;43.115;43.2;583;583
2026-06-08T11:05:56.0000000Z;43.115;43.205;583;583
2026-06-08T11:06:00.0000000Z;43.115;43.215;583;583
2026-06-08T11:06:31.0000000Z;43.115;43.215;583;583
2026-06-08T11:07:01.0000000Z;43.115;43.215;583;583
2026-06-08T11:07:32.0000000Z;43.115;43.215;583;583
2026-06-08T11:08:03.0000000Z;43.115;43.215;583;583
2026-06-08T11:08:30.0000000Z;43.13;43.215;583;583
2026-06-08T11:08:41.0000000Z;43.13;43.22;583;583
2026-06-08T11:09:11.0000000Z;43.13;43.22;583;583
2026-06-08T11:09:42.0000000Z;43.13;43.22;583;583
2026-06-08T11:09:59.0000000Z;43.13;43.23;583;583
2026-06-08T11:10:02.0000000Z;43.145;43.23;583;583
2026-06-08T11:10:33.0000000Z;43.145;43.23;583;583
2026-06-08T11:10:39.0000000Z;43.145;43.245;583;583
2026-06-08T11:10:44.0000000Z;43.16;43.245;583;583
2026-06-08T11:10:45.0000000Z;43.16;43.25;583;583
2026-06-08T11:10:52.0000000Z;43.155;43.25;583;583
2026-06-08T11:11:12.0000000Z;43.235;43.335;583;583
2026-06-08T11:11:42.0000000Z;43.235;43.335;583;583
2026-06-08T11:11:50.0000000Z;43.235;43.33;583;583
2026-06-08T11:12:20.0000000Z;43.235;43.33;583;583
2026-06-08T11:12:34.0000000Z;43.235;43.345;583;583
2026-06-08T11:12:40.0000000Z;43.235;43.33;583;583
2026-06-08T11:12:47.0000000Z;43.24;43.33;583;583
2026-06-08T11:13:10.0000000Z;43.24;43.345;583;583
2026-06-08T11:13:16.0000000Z;43.24;43.34;583;583
2026-06-08T11:13:21.0000000Z;43.24;43.33;583;583
2026-06-08T11:13:52.0000000Z;43.24;43.33;583;583
2026-06-08T11:14:22.0000000Z;43.24;43.33;583;583
2026-06-08T11:14:53.0000000Z;43.24;43.33;583;583
2026-06-08T11:14:55.0000000Z;43.26;43.33;583;583
2026-06-08T11:15:06.0000000Z;43.345;43.35;583;583
2026-06-08T11:15:15.0000000Z;43.31;43.33;583;583
2026-06-08T11:15:33.0000000Z;43.31;43.4;583;583
2026-06-08T11:15:36.0000000Z;43.31;43.415;583;583
2026-06-08T11:16:03.0000000Z;43.31;43.405;583;583
2026-06-08T11:16:11.0000000Z;43.31;43.39;583;583
2026-06-08T11:16:41.0000000Z;43.31;43.39;583;583
2026-06-08T11:16:43.0000000Z;43.285;43.39;583;583
2026-06-08T11:16:59.0000000Z;43.285;43.375;583;583
2026-06-08T11:17:22.0000000Z;43.285;43.39;583;583
2026-06-08T11:17:32.0000000Z;43.285;43.385;583;583
2026-06-08T11:17:34.0000000Z;43.285;43.39;583;583
2026-06-08T11:18:04.0000000Z;43.285;43.39;583;583
2026-06-08T11:18:05.0000000Z;43.285;43.375;583;583
2026-06-08T11:18:26.0000000Z;43.285;43.39;583;583
2026-06-08T11:18:56.0000000Z;43.285;43.39;583;583
2026-06-08T11:19:27.0000000Z;43.285;43.39;583;583
2026-06-08T11:19:45.0000000Z;43.3;43.39;583;583
2026-06-08T11:19:52.0000000Z;43.3;43.405;583;583
2026-06-08T11:20:23.0000000Z;43.3;43.405;583;583
2026-06-08T11:20:42.0000000Z;43.3;43.39;583;583
2026-06-08T11:21:00.0000000Z;43.285;43.39;583;583
2026-06-08T11:21:01.0000000Z;43.3;43.39;583;583
2026-06-08T11:21:04.0000000Z;43.3;43.405;583;583
2026-06-08T11:21:33.0000000Z;43.3;43.405;583;583
2026-06-08T11:21:36.0000000Z;43.315;43.405;583;583
2026-06-08T11:21:47.0000000Z;43.315;43.42;583;583
2026-06-08T11:22:17.0000000Z;43.315;43.42;583;583
2026-06-08T11:22:48.0000000Z;43.315;43.42;583;583
2026-06-08T11:22:54.0000000Z;43.315;43.405;583;583
2026-06-08T11:23:16.0000000Z;43.315;43.39;583;583
2026-06-08T11:23:46.0000000Z;43.315;43.39;583;583
2026-06-08T11:24:16.0000000Z;43.315;43.39;583;583
2026-06-08T11:24:41.0000000Z;43.3;43.405;583;583
2026-06-08T11:25:03.0000000Z;43.3;43.405;583;583
2026-06-08T11:25:19.0000000Z;43.3;43.41;583;583
2026-06-08T11:25:25.0000000Z;43.315;43.41;583;583
2026-06-08T11:25:56.0000000Z;43.315;43.41;583;583
2026-06-08T11:26:27.0000000Z;43.315;43.41;583;583
2026-06-08T11:26:41.0000000Z;43.315;43.41;583;583
2026-06-08T11:27:10.0000000Z;43.315;43.41;583;583
2026-06-08T11:27:41.0000000Z;43.315;43.41;583;583
2026-06-08T11:28:12.0000000Z;43.315;43.41;583;583
2026-06-08T11:28:42.0000000Z;43.315;43.41;583;583
2026-06-08T11:29:13.0000000Z;43.315;43.41;583;583
2026-06-08T11:29:43.0000000Z;43.315;43.41;583;583
2026-06-08T11:30:14.0000000Z;43.315;43.41;583;583
2026-06-08T11:30:44.0000000Z;43.315;43.41;583;583
2026-06-08T11:31:15.0000000Z;43.315;43.41;583;583
2026-06-08T11:31:22.0000000Z;43.315;43.405;583;583
2026-06-08T11:31:24.0000000Z;43.315;43.41;583;583
2026-06-08T11:31:51.0000000Z;43.315;43.41;583;583
2026-06-08T11:32:16.0000000Z;43.315;43.405;583;583
2026-06-08T11:32:46.0000000Z;43.315;43.405;583;583
2026-06-08T11:32:58.0000000Z;43.315;43.41;583;583
2026-06-08T11:33:03.0000000Z;43.315;43.405;583;583
2026-06-08T11:33:33.0000000Z;43.315;43.405;583;583
2026-06-08T11:33:42.0000000Z;43.315;43.41;583;583
2026-06-08T11:34:01.0000000Z;43.315;43.4;583;583
2026-06-08T11:34:31.0000000Z;43.315;43.4;583;583
2026-06-08T11:35:02.0000000Z;43.315;43.4;583;583
2026-06-08T11:35:32.0000000Z;43.315;43.4;583;583
2026-06-08T11:36:03.0000000Z;43.315;43.4;583;583
2026-06-08T11:36:18.0000000Z;43.315;43.415;583;583
2026-06-08T11:36:32.0000000Z;43.315;43.4;583;583
2026-06-08T11:37:03.0000000Z;43.315;43.4;583;583
2026-06-08T11:37:32.0000000Z;43.315;43.415;583;583
2026-06-08T11:37:51.0000000Z;43.315;43.415;583;583
2026-06-08T11:38:21.0000000Z;43.315;43.415;583;583
2026-06-08T11:38:52.0000000Z;43.315;43.415;583;583
2026-06-08T11:39:22.0000000Z;43.315;43.415;583;583
2026-06-08T11:39:53.0000000Z;43.315;43.415;583;583
2026-06-08T11:40:23.0000000Z;43.315;43.415;583;583
2026-06-08T11:40:54.0000000Z;43.315;43.415;583;583
2026-06-08T11:40:56.0000000Z;43.315;43.4;583;583
2026-06-08T11:41:26.0000000Z;43.315;43.4;583;583
2026-06-08T11:41:53.0000000Z;43.285;43.4;583;583
2026-06-08T11:42:17.0000000Z;43.285;43.4;583;583
2026-06-08T11:42:19.0000000Z;43.3;43.4;583;583
2026-06-08T11:42:49.0000000Z;43.3;43.4;583;583
2026-06-08T11:43:09.0000000Z;43.3;43.415;583;583
2026-06-08T11:43:37.0000000Z;43.3;43.4;583;583
2026-06-08T11:43:56.0000000Z;43.3;43.395;583;583
2026-06-08T11:44:03.0000000Z;43.3;43.385;583;583
2026-06-08T11:44:34.0000000Z;43.3;43.385;583;583
2026-06-08T11:45:04.0000000Z;43.3;43.385;583;583
2026-06-08T11:45:35.0000000Z;43.3;43.385;583;583
2026-06-08T11:46:05.0000000Z;43.3;43.385;583;583
2026-06-08T11:46:15.0000000Z;43.3;43.38;583;583
2026-06-08T11:46:21.0000000Z;43.3;43.37;583;583
2026-06-08T11:46:26.0000000Z;43.27;43.37;583;583
2026-06-08T11:46:38.0000000Z;43.27;43.365;583;583
2026-06-08T11:46:54.0000000Z;43.27;43.35;583;583
2026-06-08T11:46:57.0000000Z;43.27;43.355;583;583
2026-06-08T11:47:03.0000000Z;43.27;43.35;583;583
2026-06-08T11:47:04.0000000Z;43.27;43.355;583;583
2026-06-08T11:47:25.0000000Z;43.27;43.34;583;583
2026-06-08T11:47:26.0000000Z;43.24;43.34;583;583
2026-06-08T11:47:57.0000000Z;43.24;43.34;583;583
2026-06-08T11:48:28.0000000Z;43.24;43.34;583;583
2026-06-08T11:48:50.0000000Z;43.24;43.325;583;583
2026-06-08T11:49:21.0000000Z;43.24;43.325;583;583
2026-06-08T11:49:39.0000000Z;43.24;43.34;583;583
2026-06-08T11:50:10.0000000Z;43.24;43.34;583;583
2026-06-08T11:50:40.0000000Z;43.24;43.34;583;583
2026-06-08T11:50:42.0000000Z;43.255;43.34;583;583
2026-06-08T11:51:10.0000000Z;43.255;43.355;583;583
2026-06-08T11:51:40.0000000Z;43.255;43.355;583;583
2026-06-08T11:52:01.0000000Z;43.255;43.35;583;583
2026-06-08T11:52:23.0000000Z;43.255;43.34;583;583
2026-06-08T11:52:53.0000000Z;43.255;43.34;583;583
2026-06-08T11:53:24.0000000Z;43.255;43.34;583;583
2026-06-08T11:53:55.0000000Z;43.255;43.34;583;583
2026-06-08T11:54:25.0000000Z;43.255;43.34;583;583
2026-06-08T11:54:56.0000000Z;43.255;43.34;583;583
2026-06-08T11:55:27.0000000Z;43.255;43.34;583;583
2026-06-08T11:55:57.0000000Z;43.255;43.34;583;583
2026-06-08T11:56:28.0000000Z;43.255;43.34;583;583
2026-06-08T11:56:29.0000000Z;43.255;43.355;583;583
2026-06-08T11:56:59.0000000Z;43.255;43.355;583;583
2026-06-08T11:57:11.0000000Z;43.255;43.35;583;583
2026-06-08T11:57:26.0000000Z;43.255;43.34;583;583
2026-06-08T11:57:56.0000000Z;43.255;43.34;583;583
2026-06-08T11:58:27.0000000Z;43.255;43.34;583;583
2026-06-08T11:58:57.0000000Z;43.255;43.34;583;583
2026-06-08T11:59:28.0000000Z;43.255;43.34;583;583
2026-06-08T11:59:52.0000000Z;43.24;43.34;583;583
2026-06-08T12:00:13.0000000Z;43.24;43.325;583;583
2026-06-08T12:00:33.0000000Z;43.24;43.34;583;583
2026-06-08T12:00:47.0000000Z;43.255;43.34;583;583
2026-06-08T12:00:54.0000000Z;43.255;43.355;583;583
2026-06-08T12:01:25.0000000Z;43.255;43.355;583;583
2026-06-08T12:01:55.0000000Z;43.255;43.355;583;583
2026-06-08T12:02:26.0000000Z;43.255;43.355;583;583
2026-06-08T12:02:31.0000000Z;43.255;43.365;583;583
2026-06-08T12:03:01.0000000Z;43.255;43.365;583;583
2026-06-08T12:03:17.0000000Z;43.27;43.365;583;583
2026-06-08T12:03:29.0000000Z;43.27;43.37;583;583
2026-06-08T12:03:53.0000000Z;43.27;43.365;583;583
2026-06-08T12:03:55.0000000Z;43.22;43.365;583;583
2026-06-08T12:03:57.0000000Z;43.25;43.35;583;583
2026-06-08T12:04:04.0000000Z;43.255;43.35;583;583
2026-06-08T12:04:08.0000000Z;43.25;43.35;583;583
2026-06-08T12:04:11.0000000Z;43.255;43.355;583;583
2026-06-08T12:04:42.0000000Z;43.255;43.355;583;583
2026-06-08T12:05:12.0000000Z;43.255;43.365;583;583
2026-06-08T12:05:31.0000000Z;43.255;43.355;583;583
2026-06-08T12:05:57.0000000Z;43.255;43.34;583;583
2026-06-08T12:06:27.0000000Z;43.255;43.34;583;583
2026-06-08T12:06:58.0000000Z;43.255;43.34;583;583
2026-06-08T12:07:28.0000000Z;43.255;43.34;583;583
2026-06-08T12:07:59.0000000Z;43.255;43.34;583;583
2026-06-08T12:08:29.0000000Z;43.255;43.355;583;583
2026-06-08T12:08:59.0000000Z;43.255;43.355;583;583
2026-06-08T12:09:29.0000000Z;43.255;43.355;583;583
2026-06-08T12:10:00.0000000Z;43.255;43.355;583;583
2026-06-08T12:10:30.0000000Z;43.27;43.355;583;583
2026-06-08T12:11:01.0000000Z;43.27;43.355;583;583
2026-06-08T12:11:16.0000000Z;43.27;43.34;583;583
2026-06-08T12:11:30.0000000Z;43.27;43.325;583;583
2026-06-08T12:11:48.0000000Z;43.27;43.34;583;583
2026-06-08T12:11:50.0000000Z;43.27;43.34;583;583
2026-06-08T12:11:56.0000000Z;43.24;43.34;583;583
2026-06-08T12:12:26.0000000Z;43.24;43.34;583;583
2026-06-08T12:12:46.0000000Z;43.24;43.35;583;583
2026-06-08T12:13:16.0000000Z;43.24;43.35;583;583
2026-06-08T12:13:23.0000000Z;43.24;43.34;583;583
2026-06-08T12:13:34.0000000Z;43.24;43.325;583;583
2026-06-08T12:13:36.0000000Z;43.24;43.32;583;583
2026-06-08T12:14:07.0000000Z;43.24;43.32;583;583
2026-06-08T12:14:16.0000000Z;43.24;43.325;583;583
2026-06-08T12:14:47.0000000Z;43.24;43.31;583;583
2026-06-08T12:15:17.0000000Z;43.24;43.31;583;583
2026-06-08T12:15:29.0000000Z;43.24;43.285;583;583
2026-06-08T12:15:31.0000000Z;43.235;43.285;583;583
2026-06-08T12:15:53.0000000Z;43.235;43.275;583;583
2026-06-08T12:16:09.0000000Z;43.235;43.285;583;583
2026-06-08T12:16:38.0000000Z;43.235;43.285;583;583
2026-06-08T12:17:08.0000000Z;43.235;43.285;583;583
2026-06-08T12:17:11.0000000Z;43.235;43.295;583;583
2026-06-08T12:17:18.0000000Z;43.24;43.295;583;583
2026-06-08T12:17:48.0000000Z;43.24;43.295;583;583
2026-06-08T12:17:54.0000000Z;43.24;43.285;583;583
2026-06-08T12:18:13.0000000Z;43.24;43.295;583;583
2026-06-08T12:18:31.0000000Z;43.24;43.295;583;583
2026-06-08T12:19:01.0000000Z;43.24;43.295;583;583
2026-06-08T12:19:12.0000000Z;43.245;43.295;583;583
2026-06-08T12:19:30.0000000Z;43.255;43.295;583;583
2026-06-08T12:20:00.0000000Z;43.255;43.295;583;583
2026-06-08T12:20:31.0000000Z;43.255;43.295;583;583
2026-06-08T12:20:57.0000000Z;43.25;43.295;583;583
2026-06-08T12:20:59.0000000Z;43.26;43.295;583;583
2026-06-08T12:21:05.0000000Z;43.27;43.295;583;583
2026-06-08T12:21:24.0000000Z;43.26;43.295;583;583
2026-06-08T12:21:39.0000000Z;43.25;43.295;583;583
2026-06-08T12:21:53.0000000Z;43.26;43.295;583;583
2026-06-08T12:22:03.0000000Z;43.25;43.295;583;583
2026-06-08T12:22:33.0000000Z;43.25;43.295;583;583
2026-06-08T12:22:38.0000000Z;43.26;43.295;583;583
2026-06-08T12:22:48.0000000Z;43.26;43.315;583;583
2026-06-08T12:23:18.0000000Z;43.26;43.315;583;583
2026-06-08T12:23:24.0000000Z;43.26;43.305;583;583
2026-06-08T12:23:55.0000000Z;43.26;43.305;583;583
2026-06-08T12:24:12.0000000Z;43.255;43.305;583;583
2026-06-08T12:24:43.0000000Z;43.255;43.305;583;583
2026-06-08T12:25:13.0000000Z;43.255;43.305;583;583
2026-06-08T12:25:19.0000000Z;43.255;43.295;583;583
2026-06-08T12:25:21.0000000Z;43.245;43.295;583;583
2026-06-08T12:25:52.0000000Z;43.245;43.295;583;583
2026-06-08T12:25:58.0000000Z;43.245;43.285;583;583
2026-06-08T12:25:59.0000000Z;43.235;43.285;583;583
2026-06-08T12:26:29.0000000Z;43.235;43.285;583;583
2026-06-08T12:27:00.0000000Z;43.235;43.285;583;583
2026-06-08T12:27:16.0000000Z;43.235;43.275;583;583
2026-06-08T12:27:21.0000000Z;43.225;43.275;583;583
2026-06-08T12:27:52.0000000Z;43.225;43.275;583;583
2026-06-08T12:28:22.0000000Z;43.225;43.275;583;583
2026-06-08T12:28:53.0000000Z;43.225;43.275;583;583
2026-06-08T12:29:04.0000000Z;43.225;43.285;583;583
2026-06-08T12:29:08.0000000Z;43.235;43.285;583;583
2026-06-08T12:29:39.0000000Z;43.235;43.285;583;583
2026-06-08T12:30:09.0000000Z;43.235;43.285;583;583
2026-06-08T12:30:16.0000000Z;43.24;43.285;583;583
2026-06-08T12:30:18.0000000Z;43.24;43.295;583;583
2026-06-08T12:30:20.0000000Z;43.235;43.295;583;583
2026-06-08T12:30:22.0000000Z;43.24;43.295;583;583
2026-06-08T12:30:29.0000000Z;43.235;43.295;583;583
2026-06-08T12:30:51.0000000Z;43.235;43.295;583;583
2026-06-08T12:31:03.0000000Z;43.24;43.295;583;583
2026-06-08T12:31:34.0000000Z;43.24;43.295;583;583
2026-06-08T12:32:04.0000000Z;43.24;43.295;583;583
2026-06-08T12:32:09.0000000Z;43.24;43.305;583;583
2026-06-08T12:32:10.0000000Z;43.25;43.305;583;583
2026-06-08T12:32:40.0000000Z;43.25;43.305;583;583
2026-06-08T12:33:11.0000000Z;43.25;43.305;583;583
2026-06-08T12:33:14.0000000Z;43.255;43.305;583;583
2026-06-08T12:33:44.0000000Z;43.255;43.305;583;583
2026-06-08T12:33:48.0000000Z;43.255;43.295;583;583
2026-06-08T12:33:51.0000000Z;43.245;43.295;583;583
2026-06-08T12:34:20.0000000Z;43.245;43.295;583;583
2026-06-08T12:34:24.0000000Z;43.24;43.295;583;583
2026-06-08T12:34:31.0000000Z;43.235;43.285;583;583
2026-06-08T12:35:02.0000000Z;43.235;43.285;583;583
2026-06-08T12:35:19.0000000Z;43.235;43.295;583;583
2026-06-08T12:35:26.0000000Z;43.24;43.295;583;583
2026-06-08T12:35:57.0000000Z;43.24;43.295;583;583
2026-06-08T12:36:27.0000000Z;43.24;43.295;583;583
2026-06-08T12:36:58.0000000Z;43.24;43.295;583;583
2026-06-08T12:37:28.0000000Z;43.24;43.295;583;583
2026-06-08T12:37:36.0000000Z;43.24;43.285;583;583
2026-06-08T12:37:37.0000000Z;43.235;43.285;583;583
2026-06-08T12:38:07.0000000Z;43.235;43.285;583;583
2026-06-08T12:38:38.0000000Z;43.235;43.285;583;583
2026-06-08T12:39:08.0000000Z;43.235;43.285;583;583
2026-06-08T12:39:39.0000000Z;43.235;43.285;583;583
2026-06-08T12:40:05.0000000Z;43.22;43.27;583;583
2026-06-08T12:40:07.0000000Z;43.23;43.28;583;583
2026-06-08T12:40:37.0000000Z;43.23;43.28;583;583
2026-06-08T12:41:07.0000000Z;43.23;43.28;583;583
2026-06-08T12:41:31.0000000Z;43.23;43.27;583;583
2026-06-08T12:42:01.0000000Z;43.23;43.27;583;583
2026-06-08T12:42:28.0000000Z;43.22;43.27;583;583
2026-06-08T12:42:38.0000000Z;43.22;43.385;583;583
2026-06-08T12:42:41.0000000Z;43.22;43.35;583;583
2026-06-08T12:42:46.0000000Z;43.235;43.28;583;583
2026-06-08T12:42:58.0000000Z;43.23;43.28;583;583
2026-06-08T12:43:28.0000000Z;43.23;43.28;583;583
2026-06-08T12:43:58.0000000Z;43.23;43.28;583;583
2026-06-08T12:43:59.0000000Z;43.23;43.27;583;583
2026-06-08T12:44:30.0000000Z;43.23;43.27;583;583
2026-06-08T12:45:00.0000000Z;43.23;43.27;583;583
2026-06-08T12:45:31.0000000Z;43.23;43.27;583;583
2026-06-08T12:46:02.0000000Z;43.23;43.26;583;583
2026-06-08T12:46:32.0000000Z;43.23;43.26;583;583
2026-06-08T12:46:43.0000000Z;43.22;43.26;583;583
2026-06-08T12:47:03.0000000Z;43.2;43.25;583;583
2026-06-08T12:47:25.0000000Z;43.19;43.25;583;583
2026-06-08T12:47:35.0000000Z;43.195;43.25;583;583
2026-06-08T12:47:45.0000000Z;43.195;43.24;583;583
2026-06-08T12:48:02.0000000Z;43.185;43.24;583;583
2026-06-08T12:48:32.0000000Z;43.185;43.24;583;583
2026-06-08T12:49:03.0000000Z;43.185;43.24;583;583
2026-06-08T12:49:08.0000000Z;43.195;43.24;583;583
2026-06-08T12:49:12.0000000Z;43.195;43.25;583;583
2026-06-08T12:49:27.0000000Z;43.195;43.24;583;583
2026-06-08T12:49:58.0000000Z;43.195;43.24;583;583
2026-06-08T12:50:14.0000000Z;43.185;43.24;583;583
2026-06-08T12:50:38.0000000Z;43.185;43.23;583;583
2026-06-08T12:50:42.0000000Z;43.18;43.23;583;583
2026-06-08T12:51:13.0000000Z;43.18;43.23;583;583
2026-06-08T12:51:44.0000000Z;43.18;43.23;583;583
2026-06-08T12:51:57.0000000Z;43.18;43.22;583;583
2026-06-08T12:52:28.0000000Z;43.18;43.22;583;583
2026-06-08T12:52:58.0000000Z;43.18;43.22;583;583
2026-06-08T12:53:29.0000000Z;43.18;43.22;583;583
2026-06-08T12:53:37.0000000Z;43.18;43.23;583;583
2026-06-08T12:53:51.0000000Z;43.18;43.24;583;583
2026-06-08T12:54:09.0000000Z;43.18;43.23;583;583
2026-06-08T12:54:16.0000000Z;43.18;43.24;583;583
2026-06-08T12:54:26.0000000Z;43.195;43.24;583;583
2026-06-08T12:54:57.0000000Z;43.195;43.24;583;583
2026-06-08T12:55:27.0000000Z;43.195;43.24;583;583
2026-06-08T12:55:50.0000000Z;43.195;43.25;583;583
2026-06-08T12:56:20.0000000Z;43.195;43.24;583;583
2026-06-08T12:56:50.0000000Z;43.195;43.24;583;583
2026-06-08T12:57:20.0000000Z;43.195;43.24;583;583
2026-06-08T12:57:51.0000000Z;43.195;43.24;583;583
2026-06-08T12:58:01.0000000Z;43.195;43.25;583;583
2026-06-08T12:58:28.0000000Z;43.2;43.25;583;583
2026-06-08T12:58:39.0000000Z;43.2;43.26;583;583
2026-06-08T12:59:09.0000000Z;43.2;43.26;583;583
2026-06-08T12:59:39.0000000Z;43.2;43.26;583;583
2026-06-08T12:59:53.0000000Z;43.2;43.25;583;583
2026-06-08T13:00:19.0000000Z;43.2;43.26;583;583
2026-06-08T13:00:21.0000000Z;43.22;43.26;583;583
2026-06-08T13:00:23.0000000Z;43.22;43.285;583;583
2026-06-08T13:00:25.0000000Z;43.22;43.275;583;583
2026-06-08T13:00:56.0000000Z;43.22;43.275;583;583
2026-06-08T13:01:07.0000000Z;43.215;43.275;583;583
2026-06-08T13:01:10.0000000Z;43.215;43.265;583;583
2026-06-08T13:01:18.0000000Z;43.215;43.255;583;583
2026-06-08T13:01:19.0000000Z;43.205;43.255;583;583
2026-06-08T13:01:39.0000000Z;43.215;43.255;583;583
2026-06-08T13:01:40.0000000Z;43.215;43.265;583;583
2026-06-08T13:02:10.0000000Z;43.215;43.265;583;583
2026-06-08T13:02:33.0000000Z;43.21;43.265;583;583
2026-06-08T13:02:56.0000000Z;43.22;43.275;583;583
2026-06-08T13:03:10.0000000Z;43.21;43.265;583;583
2026-06-08T13:03:11.0000000Z;43.22;43.275;583;583
2026-06-08T13:03:40.0000000Z;43.22;43.285;583;583
2026-06-08T13:04:05.0000000Z;43.22;43.275;583;583
2026-06-08T13:04:08.0000000Z;43.215;43.275;583;583
2026-06-08T13:04:27.0000000Z;43.22;43.275;583;583
2026-06-08T13:04:58.0000000Z;43.22;43.275;583;583
2026-06-08T13:05:10.0000000Z;43.22;43.265;583;583
2026-06-08T13:05:14.0000000Z;43.21;43.265;583;583
2026-06-08T13:05:45.0000000Z;43.21;43.265;583;583
2026-06-08T13:06:00.0000000Z;43.2;43.265;583;583
2026-06-08T13:06:04.0000000Z;43.21;43.265;583;583
2026-06-08T13:06:35.0000000Z;43.21;43.265;583;583
2026-06-08T13:07:01.0000000Z;43.21;43.275;583;583
2026-06-08T13:07:07.0000000Z;43.21;43.265;583;583
2026-06-08T13:07:38.0000000Z;43.21;43.265;583;583
2026-06-08T13:08:03.0000000Z;43.21;43.255;583;583
2026-06-08T13:08:23.0000000Z;43.2;43.255;583;583
2026-06-08T13:08:54.0000000Z;43.2;43.255;583;583
2026-06-08T13:08:58.0000000Z;43.21;43.255;583;583
2026-06-08T13:09:07.0000000Z;43.21;43.265;583;583
2026-06-08T13:09:23.0000000Z;43.22;43.265;583;583
2026-06-08T13:09:29.0000000Z;43.21;43.265;583;583
2026-06-08T13:09:52.0000000Z;43.21;43.265;583;583
2026-06-08T13:10:10.0000000Z;43.21;43.255;583;583
2026-06-08T13:10:13.0000000Z;43.2;43.255;583;583
2026-06-08T13:10:29.0000000Z;43.2;43.245;583;583
2026-06-08T13:10:36.0000000Z;43.195;43.245;583;583
2026-06-08T13:11:06.0000000Z;43.195;43.245;583;583
2026-06-08T13:11:08.0000000Z;43.2;43.245;583;583
2026-06-08T13:11:18.0000000Z;43.2;43.255;583;583
2026-06-08T13:11:48.0000000Z;43.2;43.255;583;583
2026-06-08T13:12:16.0000000Z;43.2;43.265;583;583
2026-06-08T13:12:28.0000000Z;43.2;43.255;583;583
2026-06-08T13:12:39.0000000Z;43.2;43.245;583;583
2026-06-08T13:12:44.0000000Z;43.2;43.255;583;583
2026-06-08T13:12:46.0000000Z;43.195;43.255;583;583
2026-06-08T13:12:54.0000000Z;43.2;43.255;583;583
2026-06-08T13:13:24.0000000Z;43.195;43.255;583;583
2026-06-08T13:13:55.0000000Z;43.195;43.255;583;583
2026-06-08T13:14:12.0000000Z;43.195;43.245;583;583
2026-06-08T13:14:43.0000000Z;43.195;43.245;583;583
2026-06-08T13:15:13.0000000Z;43.2;43.255;583;583
2026-06-08T13:15:41.0000000Z;43.195;43.255;583;583
2026-06-08T13:15:49.0000000Z;43.195;43.245;583;583
2026-06-08T13:15:59.0000000Z;43.19;43.245;583;583
2026-06-08T13:16:18.0000000Z;43.195;43.245;583;583
2026-06-08T13:16:19.0000000Z;43.19;43.245;583;583
2026-06-08T13:16:31.0000000Z;43.195;43.245;583;583
2026-06-08T13:16:35.0000000Z;43.19;43.245;583;583
2026-06-08T13:16:38.0000000Z;43.195;43.245;583;583
2026-06-08T13:17:09.0000000Z;43.195;43.245;583;583
2026-06-08T13:17:31.0000000Z;43.195;43.255;583;583
2026-06-08T13:17:48.0000000Z;43.195;43.245;583;583
2026-06-08T13:17:50.0000000Z;43.22;43.245;583;583
2026-06-08T13:18:21.0000000Z;43.22;43.245;583;583
2026-06-08T13:18:40.0000000Z;43.22;43.255;583;583
2026-06-08T13:18:49.0000000Z;43.22;43.245;583;583
2026-06-08T13:19:20.0000000Z;43.22;43.245;583;583
2026-06-08T13:19:51.0000000Z;43.22;43.245;583;583
2026-06-08T13:20:10.0000000Z;43.22;43.255;583;583
2026-06-08T13:20:41.0000000Z;43.22;43.255;583;583
2026-06-08T13:20:46.0000000Z;43.22;43.275;583;583
2026-06-08T13:20:51.0000000Z;43.23;43.275;583;583
2026-06-08T13:20:54.0000000Z;43.23;43.28;583;583
2026-06-08T13:21:21.0000000Z;43.23;43.28;583;583
2026-06-08T13:21:26.0000000Z;43.24;43.28;583;583
2026-06-08T13:21:56.0000000Z;43.24;43.28;583;583
2026-06-08T13:22:09.0000000Z;43.245;43.28;583;583
2026-06-08T13:22:11.0000000Z;43.245;43.305;583;583
2026-06-08T13:22:42.0000000Z;43.245;43.305;583;583
2026-06-08T13:22:47.0000000Z;43.25;43.305;583;583
2026-06-08T13:23:17.0000000Z;43.25;43.305;583;583
2026-06-08T13:23:25.0000000Z;43.245;43.305;583;583
2026-06-08T13:23:30.0000000Z;43.245;43.295;583;583
2026-06-08T13:23:45.0000000Z;43.24;43.295;583;583
2026-06-08T13:23:56.0000000Z;43.24;43.285;583;583
2026-06-08T13:24:26.0000000Z;43.24;43.285;583;583
2026-06-08T13:24:31.0000000Z;43.24;43.275;583;583
2026-06-08T13:24:40.0000000Z;43.235;43.275;583;583
2026-06-08T13:25:10.0000000Z;43.235;43.275;583;583
2026-06-08T13:25:32.0000000Z;43.225;43.285;583;583
2026-06-08T13:26:02.0000000Z;43.225;43.285;583;583
2026-06-08T13:26:06.0000000Z;43.225;43.275;583;583
2026-06-08T13:26:34.0000000Z;43.225;43.265;583;583
2026-06-08T13:26:50.0000000Z;43.225;43.275;583;583
2026-06-08T13:27:11.0000000Z;43.225;43.275;583;583
2026-06-08T13:27:42.0000000Z;43.225;43.275;583;583
2026-06-08T13:28:12.0000000Z;43.225;43.275;583;583
2026-06-08T13:28:43.0000000Z;43.225;43.275;583;583
2026-06-08T13:29:09.0000000Z;43.22;43.275;583;583
2026-06-08T13:29:25.0000000Z;43.22;43.265;583;583
2026-06-08T13:29:56.0000000Z;43.22;43.265;583;583
2026-06-08T13:30:07.0000000Z;43.22;43.275;583;583
2026-06-08T13:30:09.0000000Z;43.22;43.42;583;583
2026-06-08T13:30:39.0000000Z;43.22;43.42;583;583
2026-06-08T13:31:06.0000000Z;43.225;43.28;583;583
2026-06-08T13:31:14.0000000Z;43.22;43.27;583;583
2026-06-08T13:31:16.0000000Z;43.22;43.28;583;583
2026-06-08T13:31:23.0000000Z;43.225;43.28;583;583
2026-06-08T13:31:32.0000000Z;43.225;43.29;583;583
2026-06-08T13:31:34.0000000Z;43.225;43.28;583;583
2026-06-08T13:31:37.0000000Z;43.235;43.28;583;583
2026-06-08T13:31:38.0000000Z;43.235;43.29;583;583
2026-06-08T13:31:59.0000000Z;43.245;43.29;583;583
2026-06-08T13:32:00.0000000Z;43.245;43.3;583;583
2026-06-08T13:32:08.0000000Z;43.255;43.3;583;583
2026-06-08T13:32:10.0000000Z;43.255;43.31;583;583
2026-06-08T13:32:11.0000000Z;43.265;43.31;583;583
2026-06-08T13:32:12.0000000Z;43.265;43.32;583;583
2026-06-08T13:32:17.0000000Z;43.275;43.32;583;583
2026-06-08T13:32:20.0000000Z;43.275;43.33;583;583
2026-06-08T13:32:31.0000000Z;43.265;43.33;583;583
2026-06-08T13:32:33.0000000Z;43.275;43.33;583;583
2026-06-08T13:32:39.0000000Z;43.275;43.32;583;583
2026-06-08T13:32:40.0000000Z;43.265;43.32;583;583
2026-06-08T13:32:50.0000000Z;43.255;43.32;583;583
2026-06-08T13:32:59.0000000Z;43.255;43.31;583;583
2026-06-08T13:33:09.0000000Z;43.255;43.3;583;583
2026-06-08T13:33:11.0000000Z;43.245;43.3;583;583
2026-06-08T13:33:21.0000000Z;43.255;43.31;583;583
2026-06-08T13:33:27.0000000Z;43.265;43.31;583;583
2026-06-08T13:33:29.0000000Z;43.265;43.32;583;583
2026-06-08T13:33:45.0000000Z;43.26;43.31;583;583
2026-06-08T13:33:47.0000000Z;43.255;43.31;583;583
2026-06-08T13:34:01.0000000Z;43.245;43.31;583;583
2026-06-08T13:34:03.0000000Z;43.245;43.3;583;583
2026-06-08T13:34:09.0000000Z;43.235;43.3;583;583
2026-06-08T13:34:15.0000000Z;43.24;43.29;583;583
2026-06-08T13:34:19.0000000Z;43.235;43.29;583;583
2026-06-08T13:34:21.0000000Z;43.23;43.29;583;583
2026-06-08T13:34:24.0000000Z;43.23;43.28;583;583
2026-06-08T13:34:37.0000000Z;43.215;43.28;583;583
2026-06-08T13:34:49.0000000Z;43.225;43.28;583;583
2026-06-08T13:34:51.0000000Z;43.225;43.28;583;583
2026-06-08T13:34:53.0000000Z;43.215;43.27;583;583
2026-06-08T13:35:03.0000000Z;43.215;43.26;583;583
2026-06-08T13:35:33.0000000Z;43.205;43.26;583;583
2026-06-08T13:35:49.0000000Z;43.215;43.265;583;583
2026-06-08T13:35:52.0000000Z;43.225;43.265;583;583
2026-06-08T13:36:01.0000000Z;43.235;43.265;583;583
2026-06-08T13:36:04.0000000Z;43.235;43.285;583;583
2026-06-08T13:36:13.0000000Z;43.235;43.29;583;583
2026-06-08T13:36:24.0000000Z;43.225;43.29;583;583
2026-06-08T13:36:25.0000000Z;43.225;43.28;583;583
2026-06-08T13:36:37.0000000Z;43.235;43.29;583;583
2026-06-08T13:36:50.0000000Z;43.245;43.3;583;583
2026-06-08T13:37:21.0000000Z;43.245;43.3;583;583
2026-06-08T13:37:51.0000000Z;43.245;43.3;583;583
2026-06-08T13:38:16.0000000Z;43.25;43.3;583;583
2026-06-08T13:38:18.0000000Z;43.26;43.315;583;583
2026-06-08T13:38:30.0000000Z;43.27;43.315;583;583
2026-06-08T13:38:32.0000000Z;43.27;43.325;583;583
2026-06-08T13:38:36.0000000Z;43.26;43.325;583;583
2026-06-08T13:38:37.0000000Z;43.26;43.315;583;583
2026-06-08T13:38:48.0000000Z;43.25;43.315;583;583
2026-06-08T13:38:55.0000000Z;43.25;43.305;583;583
2026-06-08T13:39:04.0000000Z;43.25;43.315;583;583
2026-06-08T13:39:13.0000000Z;43.25;43.305;583;583
2026-06-08T13:39:44.0000000Z;43.25;43.305;583;583
2026-06-08T13:39:50.0000000Z;43.25;43.295;583;583
2026-06-08T13:39:55.0000000Z;43.24;43.295;583;583
2026-06-08T13:40:01.0000000Z;43.25;43.295;583;583
2026-06-08T13:40:03.0000000Z;43.25;43.305;583;583
2026-06-08T13:40:33.0000000Z;43.25;43.305;583;583
2026-06-08T13:40:40.0000000Z;43.26;43.305;583;583
2026-06-08T13:40:44.0000000Z;43.25;43.305;583;583
2026-06-08T13:40:51.0000000Z;43.25;43.295;583;583
2026-06-08T13:40:53.0000000Z;43.245;43.295;583;583
2026-06-08T13:41:02.0000000Z;43.24;43.295;583;583
2026-06-08T13:41:10.0000000Z;43.24;43.285;583;583
2026-06-08T13:41:14.0000000Z;43.235;43.285;583;583
2026-06-08T13:41:19.0000000Z;43.22;43.275;583;583
2026-06-08T13:41:24.0000000Z;43.23;43.285;583;583
2026-06-08T13:41:29.0000000Z;43.235;43.285;583;583
2026-06-08T13:41:42.0000000Z;43.24;43.285;583;583
2026-06-08T13:42:12.0000000Z;43.24;43.285;583;583
2026-06-08T13:42:18.0000000Z;43.24;43.295;583;583
2026-06-08T13:42:43.0000000Z;43.24;43.285;583;583
2026-06-08T13:42:46.0000000Z;43.235;43.285;583;583
2026-06-08T13:43:16.0000000Z;43.235;43.285;583;583
2026-06-08T13:43:18.0000000Z;43.24;43.295;583;583
2026-06-08T13:43:20.0000000Z;43.245;43.295;583;583
2026-06-08T13:43:51.0000000Z;43.245;43.295;583;583
2026-06-08T13:44:08.0000000Z;43.245;43.285;583;583
2026-06-08T13:44:10.0000000Z;43.235;43.285;583;583
2026-06-08T13:44:13.0000000Z;43.235;43.275;583;583
2026-06-08T13:44:14.0000000Z;43.225;43.275;583;583
2026-06-08T13:44:35.0000000Z;43.225;43.285;583;583
2026-06-08T13:44:39.0000000Z;43.23;43.285;583;583
2026-06-08T13:44:47.0000000Z;43.23;43.275;583;583
2026-06-08T13:45:11.0000000Z;43.225;43.275;583;583
2026-06-08T13:45:25.0000000Z;43.23;43.275;583;583
2026-06-08T13:45:27.0000000Z;43.235;43.275;583;583
2026-06-08T13:45:32.0000000Z;43.23;43.275;583;583
2026-06-08T13:45:49.0000000Z;43.23;43.285;583;583
2026-06-08T13:45:58.0000000Z;43.235;43.285;583;583
2026-06-08T13:46:06.0000000Z;43.24;43.285;583;583
2026-06-08T13:46:09.0000000Z;43.24;43.295;583;583
2026-06-08T13:46:11.0000000Z;43.245;43.33;583;583
2026-06-08T13:46:12.0000000Z;43.245;43.295;583;583
2026-06-08T13:46:15.0000000Z;43.24;43.295;583;583
2026-06-08T13:46:17.0000000Z;43.245;43.295;583;583
2026-06-08T13:46:27.0000000Z;43.245;43.305;583;583
2026-06-08T13:46:32.0000000Z;43.245;43.295;583;583
2026-06-08T13:47:03.0000000Z;43.245;43.295;583;583
2026-06-08T13:47:29.0000000Z;43.24;43.295;583;583
2026-06-08T13:47:36.0000000Z;43.245;43.295;583;583
2026-06-08T13:47:42.0000000Z;43.24;43.295;583;583
2026-06-08T13:48:00.0000000Z;43.24;43.295;583;583
2026-06-08T13:48:01.0000000Z;43.245;43.295;583;583
2026-06-08T13:48:06.0000000Z;43.245;43.305;583;583
2026-06-08T13:48:17.0000000Z;43.25;43.305;583;583
2026-06-08T13:48:30.0000000Z;43.245;43.305;583;583
2026-06-08T13:48:34.0000000Z;43.245;43.295;583;583
2026-06-08T13:48:44.0000000Z;43.245;43.285;583;583
2026-06-08T13:48:52.0000000Z;43.24;43.285;583;583
2026-06-08T13:48:54.0000000Z;43.24;43.295;583;583
2026-06-08T13:48:56.0000000Z;43.235;43.295;583;583
2026-06-08T13:49:12.0000000Z;43.235;43.285;583;583
2026-06-08T13:49:19.0000000Z;43.24;43.285;583;583
2026-06-08T13:49:22.0000000Z;43.245;43.285;583;583
2026-06-08T13:49:44.0000000Z;43.25;43.285;583;583
2026-06-08T13:49:59.0000000Z;43.245;43.285;583;583
2026-06-08T13:50:01.0000000Z;43.24;43.285;583;583
2026-06-08T13:50:04.0000000Z;43.24;43.305;583;583
2026-06-08T13:50:11.0000000Z;43.245;43.305;583;583
2026-06-08T13:50:12.0000000Z;43.245;43.295;583;583
2026-06-08T13:50:16.0000000Z;43.24;43.295;583;583
2026-06-08T13:50:36.0000000Z;43.245;43.295;583;583
2026-06-08T13:50:38.0000000Z;43.245;43.295;583;583
2026-06-08T13:50:40.0000000Z;43.24;43.295;583;583
2026-06-08T13:50:44.0000000Z;43.245;43.295;583;583
2026-06-08T13:50:46.0000000Z;43.24;43.285;583;583
2026-06-08T13:50:50.0000000Z;43.235;43.285;583;583
2026-06-08T13:50:58.0000000Z;43.22;43.285;583;583
2026-06-08T13:51:04.0000000Z;43.235;43.285;583;583
2026-06-08T13:51:21.0000000Z;43.235;43.295;583;583
2026-06-08T13:51:28.0000000Z;43.24;43.295;583;583
2026-06-08T13:51:30.0000000Z;43.245;43.295;583;583
2026-06-08T13:51:37.0000000Z;43.255;43.295;583;583
2026-06-08T13:51:40.0000000Z;43.25;43.295;583;583
2026-06-08T13:51:47.0000000Z;43.245;43.295;583;583
2026-06-08T13:51:55.0000000Z;43.25;43.295;583;583
2026-06-08T13:52:25.0000000Z;43.25;43.295;583;583
2026-06-08T13:52:26.0000000Z;43.26;43.295;583;583
2026-06-08T13:52:50.0000000Z;43.27;43.295;583;583
2026-06-08T13:53:03.0000000Z;43.28;43.295;583;583
2026-06-08T13:53:27.0000000Z;43.27;43.295;583;583
2026-06-08T13:53:31.0000000Z;43.28;43.295;583;583
2026-06-08T13:53:49.0000000Z;43.27;43.295;583;583
2026-06-08T13:53:59.0000000Z;43.28;43.295;583;583
2026-06-08T13:54:06.0000000Z;43.27;43.295;583;583
2026-06-08T13:54:36.0000000Z;43.265;43.295;583;583
2026-06-08T13:54:42.0000000Z;43.26;43.295;583;583
2026-06-08T13:55:04.0000000Z;43.27;43.295;583;583
2026-06-08T13:55:34.0000000Z;43.27;43.295;583;583
2026-06-08T13:56:00.0000000Z;43.245;43.295;583;583
2026-06-08T13:56:02.0000000Z;43.26;43.295;583;583
2026-06-08T13:56:10.0000000Z;43.26;43.315;583;583
2026-06-08T13:56:41.0000000Z;43.26;43.315;583;583
2026-06-08T13:56:55.0000000Z;43.27;43.315;583;583
2026-06-08T13:57:26.0000000Z;43.27;43.315;583;583
2026-06-08T13:57:27.0000000Z;43.265;43.315;583;583
2026-06-08T13:57:35.0000000Z;43.26;43.315;583;583
2026-06-08T13:57:36.0000000Z;43.25;43.315;583;583
2026-06-08T13:57:38.0000000Z;43.25;43.305;583;583
2026-06-08T13:57:41.0000000Z;43.25;43.295;583;583
2026-06-08T13:57:42.0000000Z;43.24;43.295;583;583
2026-06-08T13:57:45.0000000Z;43.245;43.295;583;583
2026-06-08T13:57:48.0000000Z;43.245;43.305;583;583
2026-06-08T13:58:05.0000000Z;43.245;43.295;583;583
2026-06-08T13:58:36.0000000Z;43.245;43.285;583;583
2026-06-08T13:58:41.0000000Z;43.235;43.285;583;583
2026-06-08T13:59:03.0000000Z;43.235;43.295;583;583
2026-06-08T13:59:06.0000000Z;43.245;43.295;583;583
2026-06-08T13:59:29.0000000Z;43.24;43.295;583;583
2026-06-08T13:59:34.0000000Z;43.245;43.295;583;583
2026-06-08T13:59:35.0000000Z;43.225;43.325;583;583
2026-06-08T13:59:41.0000000Z;43.225;43.36;583;583
2026-06-08T13:59:51.0000000Z;43.225;43.42;583;583
2026-06-08T14:00:21.0000000Z;43.225;43.42;583;583
2026-06-08T14:00:52.0000000Z;43.225;43.42;583;583
2026-06-08T14:01:22.0000000Z;43.225;43.42;583;583
2026-06-08T14:01:53.0000000Z;43.225;43.42;583;583
2026-06-08T14:02:06.0000000Z;43.225;43.36;583;583
2026-06-08T14:02:28.0000000Z;43.225;43.34;583;583
2026-06-08T14:02:31.0000000Z;43.255;43.31;583;583
2026-06-08T14:02:42.0000000Z;43.25;43.31;583;583
2026-06-08T14:02:47.0000000Z;43.25;43.3;583;583
2026-06-08T14:02:58.0000000Z;43.25;43.29;583;583
2026-06-08T14:03:00.0000000Z;43.24;43.29;583;583
2026-06-08T14:03:22.0000000Z;43.24;43.3;583;583
2026-06-08T14:03:23.0000000Z;43.245;43.3;583;583
2026-06-08T14:03:29.0000000Z;43.25;43.3;583;583
2026-06-08T14:03:32.0000000Z;43.255;43.31;583;583
2026-06-08T14:03:53.0000000Z;43.25;43.31;583;583
2026-06-08T14:03:56.0000000Z;43.25;43.3;583;583
2026-06-08T14:04:01.0000000Z;43.25;43.31;583;583
2026-06-08T14:04:08.0000000Z;43.25;43.3;583;583
2026-06-08T14:04:12.0000000Z;43.25;43.29;583;583
2026-06-08T14:04:13.0000000Z;43.24;43.29;583;583
2026-06-08T14:04:43.0000000Z;43.235;43.29;583;583
2026-06-08T14:04:52.0000000Z;43.24;43.29;583;583
2026-06-08T14:05:05.0000000Z;43.235;43.29;583;583
2026-06-08T14:05:23.0000000Z;43.23;43.29;583;583
2026-06-08T14:05:29.0000000Z;43.235;43.29;583;583
2026-06-08T14:05:43.0000000Z;43.24;43.29;583;583
2026-06-08T14:06:05.0000000Z;43.235;43.29;583;583
2026-06-08T14:06:06.0000000Z;43.24;43.29;583;583
2026-06-08T14:06:07.0000000Z;43.24;43.3;583;583
2026-06-08T14:06:09.0000000Z;43.25;43.3;583;583
2026-06-08T14:06:11.0000000Z;43.25;43.3;583;583
2026-06-08T14:06:15.0000000Z;43.245;43.3;583;583
2026-06-08T14:06:23.0000000Z;43.245;43.31;583;583
2026-06-08T14:06:24.0000000Z;43.25;43.31;583;583
2026-06-08T14:06:35.0000000Z;43.255;43.31;583;583
2026-06-08T14:06:55.0000000Z;43.255;43.32;583;583
2026-06-08T14:06:58.0000000Z;43.265;43.32;583;583
2026-06-08T14:07:13.0000000Z;43.26;43.32;583;583
2026-06-08T14:07:14.0000000Z;43.26;43.31;583;583
2026-06-08T14:07:32.0000000Z;43.255;43.31;583;583
2026-06-08T14:07:41.0000000Z;43.255;43.3;583;583
2026-06-08T14:07:42.0000000Z;43.25;43.3;583;583
2026-06-08T14:07:54.0000000Z;43.25;43.31;583;583
2026-06-08T14:08:05.0000000Z;43.255;43.31;583;583
2026-06-08T14:08:18.0000000Z;43.255;43.3;583;583
2026-06-08T14:08:20.0000000Z;43.25;43.3;583;583
2026-06-08T14:08:23.0000000Z;43.25;43.29;583;583
2026-06-08T14:08:26.0000000Z;43.235;43.29;583;583
2026-06-08T14:08:33.0000000Z;43.245;43.29;583;583
2026-06-08T14:08:34.0000000Z;43.245;43.3;583;583
2026-06-08T14:09:04.0000000Z;43.245;43.3;583;583
2026-06-08T14:09:34.0000000Z;43.245;43.3;583;583
2026-06-08T14:09:40.0000000Z;43.235;43.3;583;583
2026-06-08T14:09:56.0000000Z;43.235;43.29;583;583
2026-06-08T14:10:21.0000000Z;43.235;43.28;583;583
2026-06-08T14:10:51.0000000Z;43.235;43.27;583;583
2026-06-08T14:10:57.0000000Z;43.235;43.28;583;583
2026-06-08T14:11:01.0000000Z;43.22;43.28;583;583
2026-06-08T14:11:03.0000000Z;43.22;43.27;583;583
2026-06-08T14:11:23.0000000Z;43.22;43.26;583;583
2026-06-08T14:11:30.0000000Z;43.22;43.27;583;583
2026-06-08T14:11:52.0000000Z;43.23;43.27;583;583
2026-06-08T14:11:55.0000000Z;43.23;43.28;583;583
2026-06-08T14:12:03.0000000Z;43.23;43.27;583;583
2026-06-08T14:12:19.0000000Z;43.22;43.27;583;583
2026-06-08T14:12:36.0000000Z;43.22;43.26;583;583
2026-06-08T14:12:45.0000000Z;43.2;43.25;583;583
2026-06-08T14:13:11.0000000Z;43.195;43.25;583;583
2026-06-08T14:13:15.0000000Z;43.195;43.24;583;583
2026-06-08T14:13:20.0000000Z;43.19;43.24;583;583
2026-06-08T14:13:26.0000000Z;43.195;43.25;583;583
2026-06-08T14:13:31.0000000Z;43.195;43.24;583;583
2026-06-08T14:13:32.0000000Z;43.19;43.24;583;583
2026-06-08T14:13:46.0000000Z;43.185;43.24;583;583
2026-06-08T14:13:50.0000000Z;43.185;43.25;583;583
2026-06-08T14:13:51.0000000Z;43.195;43.25;583;583
2026-06-08T14:13:55.0000000Z;43.205;43.25;583;583
2026-06-08T14:13:56.0000000Z;43.205;43.26;583;583
2026-06-08T14:14:10.0000000Z;43.2;43.26;583;583
2026-06-08T14:14:20.0000000Z;43.195;43.26;583;583
2026-06-08T14:14:29.0000000Z;43.2;43.25;583;583
2026-06-08T14:14:34.0000000Z;43.195;43.25;583;583
2026-06-08T14:14:54.0000000Z;43.2;43.25;583;583
2026-06-08T14:15:22.0000000Z;43.195;43.25;583;583
2026-06-08T14:15:40.0000000Z;43.195;43.24;583;583
2026-06-08T14:15:42.0000000Z;43.19;43.24;583;583
2026-06-08T14:15:54.0000000Z;43.175;43.24;583;583
2026-06-08T14:15:55.0000000Z;43.18;43.23;583;583
2026-06-08T14:16:07.0000000Z;43.185;43.23;583;583
2026-06-08T14:16:08.0000000Z;43.185;43.24;583;583
2026-06-08T14:16:14.0000000Z;43.19;43.24;583;583
2026-06-08T14:16:44.0000000Z;43.19;43.24;583;583
2026-06-08T14:17:15.0000000Z;43.19;43.24;583;583
2026-06-08T14:17:21.0000000Z;43.19;43.25;583;583
2026-06-08T14:17:30.0000000Z;43.19;43.24;583;583
2026-06-08T14:17:43.0000000Z;43.19;43.25;583;583
2026-06-08T14:17:44.0000000Z;43.195;43.25;583;583
2026-06-08T14:18:14.0000000Z;43.195;43.25;583;583
2026-06-08T14:18:19.0000000Z;43.185;43.25;583;583
2026-06-08T14:18:23.0000000Z;43.185;43.24;583;583
2026-06-08T14:18:36.0000000Z;43.185;43.23;583;583
2026-06-08T14:18:37.0000000Z;43.175;43.23;583;583
2026-06-08T14:18:52.0000000Z;43.18;43.23;583;583
2026-06-08T14:19:17.0000000Z;43.175;43.23;583;583
2026-06-08T14:19:34.0000000Z;43.165;43.22;583;583
2026-06-08T14:19:50.0000000Z;43.17;43.22;583;583
2026-06-08T14:20:06.0000000Z;43.18;43.22;583;583
2026-06-08T14:20:08.0000000Z;43.18;43.23;583;583
2026-06-08T14:20:11.0000000Z;43.185;43.23;583;583
2026-06-08T14:20:14.0000000Z;43.185;43.24;583;583
2026-06-08T14:20:34.0000000Z;43.185;43.23;583;583
2026-06-08T14:20:36.0000000Z;43.18;43.23;583;583
2026-06-08T14:20:50.0000000Z;43.18;43.22;583;583
2026-06-08T14:21:16.0000000Z;43.165;43.21;583;583
2026-06-08T14:21:34.0000000Z;43.165;43.22;583;583
2026-06-08T14:22:05.0000000Z;43.165;43.22;583;583
2026-06-08T14:22:35.0000000Z;43.165;43.22;583;583
2026-06-08T14:23:06.0000000Z;43.165;43.22;583;583
2026-06-08T14:23:20.0000000Z;43.165;43.23;583;583
2026-06-08T14:23:28.0000000Z;43.18;43.23;583;583
2026-06-08T14:23:58.0000000Z;43.18;43.23;583;583
2026-06-08T14:24:29.0000000Z;43.18;43.23;583;583
2026-06-08T14:24:56.0000000Z;43.18;43.22;583;583
2026-06-08T14:25:27.0000000Z;43.18;43.22;583;583
2026-06-08T14:25:40.0000000Z;43.18;43.23;583;583
2026-06-08T14:25:51.0000000Z;43.18;43.23;583;583
2026-06-08T14:26:22.0000000Z;43.19;43.23;583;583
2026-06-08T14:26:35.0000000Z;43.18;43.23;583;583
2026-06-08T14:26:42.0000000Z;43.18;43.22;583;583
2026-06-08T14:26:52.0000000Z;43.18;43.23;583;583
2026-06-08T14:27:12.0000000Z;43.18;43.23;583;583
2026-06-08T14:27:30.0000000Z;43.18;43.22;583;583
2026-06-08T14:28:01.0000000Z;43.18;43.22;583;583
2026-06-08T14:28:20.0000000Z;43.18;43.21;583;583
2026-06-08T14:28:28.0000000Z;43.16;43.2;583;583
2026-06-08T14:28:34.0000000Z;43.165;43.2;583;583
2026-06-08T14:28:38.0000000Z;43.16;43.2;583;583
2026-06-08T14:28:44.0000000Z;43.15;43.2;583;583
2026-06-08T14:28:50.0000000Z;43.15;43.21;583;583
2026-06-08T14:29:14.0000000Z;43.155;43.21;583;583
2026-06-08T14:29:44.0000000Z;43.155;43.21;583;583
2026-06-08T14:30:15.0000000Z;43.155;43.21;583;583
2026-06-08T14:30:45.0000000Z;43.155;43.21;583;583
2026-06-08T14:31:16.0000000Z;43.155;43.21;583;583
2026-06-08T14:31:46.0000000Z;43.155;43.21;583;583
2026-06-08T14:32:11.0000000Z;43.155;43.22;583;583
2026-06-08T14:32:12.0000000Z;43.165;43.22;583;583
2026-06-08T14:32:22.0000000Z;43.17;43.22;583;583
2026-06-08T14:32:24.0000000Z;43.175;43.22;583;583
2026-06-08T14:32:31.0000000Z;43.175;43.23;583;583
2026-06-08T14:33:02.0000000Z;43.175;43.23;583;583
2026-06-08T14:33:21.0000000Z;43.17;43.23;583;583
2026-06-08T14:33:22.0000000Z;43.17;43.22;583;583
2026-06-08T14:33:39.0000000Z;43.165;43.22;583;583
2026-06-08T14:34:04.0000000Z;43.165;43.21;583;583
2026-06-08T14:34:21.0000000Z;43.155;43.21;583;583
2026-06-08T14:34:51.0000000Z;43.155;43.21;583;583
2026-06-08T14:34:53.0000000Z;43.155;43.22;583;583
2026-06-08T14:34:57.0000000Z;43.165;43.22;583;583
2026-06-08T14:35:15.0000000Z;43.17;43.22;583;583
2026-06-08T14:35:29.0000000Z;43.18;43.22;583;583
2026-06-08T14:35:38.0000000Z;43.18;43.235;583;583
2026-06-08T14:35:43.0000000Z;43.19;43.235;583;583
2026-06-08T14:36:02.0000000Z;43.2;43.235;583;583
2026-06-08T14:36:21.0000000Z;43.21;43.235;583;583
2026-06-08T14:36:30.0000000Z;43.21;43.265;583;583
2026-06-08T14:36:36.0000000Z;43.21;43.3;583;583
2026-06-08T14:36:37.0000000Z;43.22;43.27;583;583
2026-06-08T14:37:00.0000000Z;43.21;43.27;583;583
2026-06-08T14:37:15.0000000Z;43.21;43.265;583;583
2026-06-08T14:37:25.0000000Z;43.21;43.255;583;583
2026-06-08T14:37:40.0000000Z;43.2;43.255;583;583
2026-06-08T14:37:48.0000000Z;43.195;43.255;583;583
2026-06-08T14:38:04.0000000Z;43.2;43.255;583;583
2026-06-08T14:38:34.0000000Z;43.2;43.255;583;583
2026-06-08T14:38:39.0000000Z;43.2;43.265;583;583
2026-06-08T14:38:40.0000000Z;43.21;43.265;583;583
2026-06-08T14:39:11.0000000Z;43.21;43.265;583;583
2026-06-08T14:39:17.0000000Z;43.22;43.265;583;583
2026-06-08T14:39:20.0000000Z;43.22;43.27;583;583
2026-06-08T14:39:36.0000000Z;43.22;43.275;583;583
2026-06-08T14:39:38.0000000Z;43.23;43.275;583;583
2026-06-08T14:39:40.0000000Z;43.23;43.285;583;583
2026-06-08T14:39:48.0000000Z;43.19;43.285;583;583
2026-06-08T14:39:52.0000000Z;43.205;43.28;583;583
2026-06-08T14:39:55.0000000Z;43.225;43.275;583;583
2026-06-08T14:40:04.0000000Z;43.225;43.285;583;583
2026-06-08T14:40:22.0000000Z;43.235;43.285;583;583
2026-06-08T14:40:24.0000000Z;43.225;43.275;583;583
2026-06-08T14:40:29.0000000Z;43.22;43.275;583;583
2026-06-08T14:40:30.0000000Z;43.23;43.285;583;583
2026-06-08T14:40:51.0000000Z;43.23;43.275;583;583
2026-06-08T14:40:53.0000000Z;43.22;43.275;583;583
2026-06-08T14:41:17.0000000Z;43.22;43.265;583;583
2026-06-08T14:41:21.0000000Z;43.215;43.265;583;583
2026-06-08T14:41:37.0000000Z;43.17;43.265;583;583
2026-06-08T14:41:38.0000000Z;43.2;43.265;583;583
2026-06-08T14:41:41.0000000Z;43.2;43.255;583;583
2026-06-08T14:41:47.0000000Z;43.21;43.255;583;583
2026-06-08T14:41:55.0000000Z;43.21;43.265;583;583
2026-06-08T14:42:00.0000000Z;43.21;43.255;583;583
2026-06-08T14:42:17.0000000Z;43.2;43.255;583;583
2026-06-08T14:42:21.0000000Z;43.17;43.255;583;583
2026-06-08T14:42:22.0000000Z;43.195;43.255;583;583
2026-06-08T14:42:30.0000000Z;43.2;43.255;583;583
2026-06-08T14:43:01.0000000Z;43.2;43.255;583;583
2026-06-08T14:43:10.0000000Z;43.2;43.265;583;583
2026-06-08T14:43:13.0000000Z;43.2;43.255;583;583
2026-06-08T14:43:44.0000000Z;43.2;43.255;583;583
2026-06-08T14:44:08.0000000Z;43.21;43.255;583;583
2026-06-08T14:44:28.0000000Z;43.21;43.275;583;583
2026-06-08T14:44:32.0000000Z;43.22;43.275;583;583
2026-06-08T14:44:45.0000000Z;43.23;43.275;583;583
2026-06-08T14:44:48.0000000Z;43.23;43.285;583;583
2026-06-08T14:45:06.0000000Z;43.24;43.285;583;583
2026-06-08T14:45:08.0000000Z;43.24;43.295;583;583
2026-06-08T14:45:13.0000000Z;43.245;43.295;583;583
2026-06-08T14:45:18.0000000Z;43.25;43.295;583;583
2026-06-08T14:45:44.0000000Z;43.25;43.315;583;583
2026-06-08T14:45:54.0000000Z;43.25;43.305;583;583
2026-06-08T14:46:25.0000000Z;43.25;43.305;583;583
2026-06-08T14:46:38.0000000Z;43.25;43.315;583;583
2026-06-08T14:46:47.0000000Z;43.26;43.315;583;583
2026-06-08T14:46:52.0000000Z;43.26;43.325;583;583
2026-06-08T14:47:22.0000000Z;43.26;43.325;583;583
2026-06-08T14:47:33.0000000Z;43.26;43.315;583;583
2026-06-08T14:47:47.0000000Z;43.26;43.325;583;583
2026-06-08T14:47:51.0000000Z;43.26;43.325;583;583
2026-06-08T14:47:52.0000000Z;43.275;43.325;583;583
2026-06-08T14:47:54.0000000Z;43.275;43.335;583;583
2026-06-08T14:47:55.0000000Z;43.275;43.325;583;583
2026-06-08T14:48:04.0000000Z;43.265;43.325;583;583
2026-06-08T14:48:07.0000000Z;43.265;43.315;583;583
2026-06-08T14:48:10.0000000Z;43.26;43.315;583;583
2026-06-08T14:48:40.0000000Z;43.26;43.305;583;583
2026-06-08T14:48:41.0000000Z;43.255;43.305;583;583
2026-06-08T14:48:47.0000000Z;43.25;43.305;583;583
2026-06-08T14:49:08.0000000Z;43.255;43.305;583;583
2026-06-08T14:49:39.0000000Z;43.25;43.305;583;583
2026-06-08T14:49:45.0000000Z;43.245;43.305;583;583
2026-06-08T14:49:55.0000000Z;43.25;43.305;583;583
2026-06-08T14:49:58.0000000Z;43.25;43.295;583;583
2026-06-08T14:50:05.0000000Z;43.25;43.305;583;583
2026-06-08T14:50:36.0000000Z;43.25;43.305;583;583
2026-06-08T14:51:00.0000000Z;43.255;43.305;583;583
2026-06-08T14:51:24.0000000Z;43.255;43.315;583;583
2026-06-08T14:51:35.0000000Z;43.265;43.315;583;583
2026-06-08T14:51:51.0000000Z;43.265;43.325;583;583
2026-06-08T14:52:18.0000000Z;43.265;43.325;583;583
2026-06-08T14:52:49.0000000Z;43.265;43.325;583;583
2026-06-08T14:53:06.0000000Z;43.265;43.315;583;583
2026-06-08T14:53:16.0000000Z;43.26;43.315;583;583
2026-06-08T14:53:42.0000000Z;43.265;43.315;583;583
2026-06-08T14:53:54.0000000Z;43.265;43.325;583;583
2026-06-08T14:54:25.0000000Z;43.265;43.325;583;583
2026-06-08T14:54:55.0000000Z;43.265;43.325;583;583
2026-06-08T14:55:26.0000000Z;43.265;43.325;583;583
2026-06-08T14:55:56.0000000Z;43.265;43.325;583;583
2026-06-08T14:55:58.0000000Z;43.275;43.325;583;583
2026-06-08T14:56:25.0000000Z;43.265;43.325;583;583
2026-06-08T14:56:55.0000000Z;43.265;43.325;583;583
2026-06-08T14:57:18.0000000Z;43.275;43.325;583;583
2026-06-08T14:57:48.0000000Z;43.275;43.325;583;583
2026-06-08T14:57:59.0000000Z;43.275;43.335;583;583
2026-06-08T14:58:10.0000000Z;43.285;43.335;583;583
2026-06-08T14:58:32.0000000Z;43.285;43.345;583;583
2026-06-08T14:58:54.0000000Z;43.295;43.345;583;583
2026-06-08T14:59:01.0000000Z;43.3;43.345;583;583
2026-06-08T14:59:02.0000000Z;43.3;43.355;583;583
2026-06-08T14:59:06.0000000Z;43.295;43.355;583;583
2026-06-08T14:59:24.0000000Z;43.3;43.355;583;583
2026-06-08T14:59:26.0000000Z;43.295;43.355;583;583
2026-06-08T14:59:38.0000000Z;43.295;43.345;583;583
