2026-06-08T08:00:25.0000000Z;45.29;45.425;1113;1113
2026-06-08T08:00:30.0000000Z;45.29;45.39;1113;1113
2026-06-08T08:00:32.0000000Z;45.255;45.39;1113;1113
2026-06-08T08:01:03.0000000Z;45.255;45.39;1113;1113
2026-06-08T08:01:34.0000000Z;45.255;45.39;1113;1113
2026-06-08T08:02:04.0000000Z;45.255;45.39;1113;1113
2026-06-08T08:02:35.0000000Z;45.255;45.39;1113;1113
2026-06-08T08:03:05.0000000Z;45.255;45.39;1113;1113
2026-06-08T08:03:36.0000000Z;45.255;45.39;1113;1113
2026-06-08T08:04:06.0000000Z;45.255;45.39;1113;1113
2026-06-08T08:04:37.0000000Z;45.255;45.39;1113;1113
2026-06-08T08:04:56.0000000Z;45.29;45.39;1113;1113
2026-06-08T08:04:58.0000000Z;45.29;45.425;1113;1113
2026-06-08T08:05:28.0000000Z;45.29;45.425;1113;1113
2026-06-08T08:05:59.0000000Z;45.29;45.425;1113;1113
2026-06-08T08:06:29.0000000Z;45.29;45.425;1113;1113
2026-06-08T08:07:00.0000000Z;45.29;45.425;1113;1113
2026-06-08T08:07:30.0000000Z;45.29;45.425;1113;1113
2026-06-08T08:08:01.0000000Z;45.29;45.425;1113;1113
2026-06-08T08:08:32.0000000Z;45.29;45.425;1113;1113
2026-06-08T08:08:38.0000000Z;45.325;45.45;1113;1113
2026-06-08T08:08:53.0000000Z;45.32;45.45;1113;1113
2026-06-08T08:09:02.0000000Z;45.325;45.45;1113;1113
2026-06-08T08:09:03.0000000Z;45.325;45.45;1113;1113
2026-06-08T08:09:05.0000000Z;45.32;45.45;1113;1113
2026-06-08T08:09:09.0000000Z;45.32;45.425;1113;1113
2026-06-08T08:09:11.0000000Z;45.29;45.425;1113;1113
2026-06-08T08:09:42.0000000Z;45.29;45.425;1113;1113
2026-06-08T08:10:12.0000000Z;45.29;45.425;1113;1113
2026-06-08T08:10:38.0000000Z;45.29;45.39;1113;1113
2026-06-08T08:10:40.0000000Z;45.255;45.39;1113;1113
2026-06-08T08:11:11.0000000Z;45.255;45.39;1113;1113
2026-06-08T08:11:42.0000000Z;45.255;45.39;1113;1113
2026-06-08T08:11:50.0000000Z;45.29;45.425;1113;1113
2026-06-08T08:12:20.0000000Z;45.29;45.425;1113;1113
2026-06-08T08:12:51.0000000Z;45.29;45.425;1113;1113
2026-06-08T08:13:22.0000000Z;45.29;45.425;1113;1113
2026-06-08T08:13:52.0000000Z;45.29;45.425;1113;1113
2026-06-08T08:14:23.0000000Z;45.29;45.425;1113;1113
2026-06-08T08:14:53.0000000Z;45.29;45.425;1113;1113
2026-06-08T08:15:24.0000000Z;45.29;45.425;1113;1113
2026-06-08T08:15:54.0000000Z;45.29;45.425;1113;1113
2026-06-08T08:16:25.0000000Z;45.29;45.425;1113;1113
2026-06-08T08:16:55.0000000Z;45.29;45.425;1113;1113
2026-06-08T08:17:26.0000000Z;45.29;45.425;1113;1113
2026-06-08T08:17:56.0000000Z;45.29;45.425;1113;1113
2026-06-08T08:18:27.0000000Z;45.29;45.425;1113;1113
2026-06-08T08:18:57.0000000Z;45.29;45.425;1113;1113
2026-06-08T08:19:23.0000000Z;45.325;45.425;1113;1113
2026-06-08T08:19:24.0000000Z;45.325;45.45;1113;1113
2026-06-08T08:19:43.0000000Z;45.325;45.46;1113;1113
2026-06-08T08:20:13.0000000Z;45.325;45.46;1113;1113
2026-06-08T08:20:37.0000000Z;45.325;45.44;1113;1113
2026-06-08T08:20:44.0000000Z;45.325;45.46;1113;1113
2026-06-08T08:21:15.0000000Z;45.325;45.46;1113;1113
2026-06-08T08:21:19.0000000Z;45.325;45.44;1113;1113
2026-06-08T08:21:23.0000000Z;45.325;45.425;1113;1113
2026-06-08T08:21:24.0000000Z;45.29;45.425;1113;1113
2026-06-08T08:21:55.0000000Z;45.29;45.425;1113;1113
2026-06-08T08:22:26.0000000Z;45.29;45.425;1113;1113
2026-06-08T08:22:56.0000000Z;45.29;45.425;1113;1113
2026-06-08T08:23:27.0000000Z;45.29;45.425;1113;1113
2026-06-08T08:23:57.0000000Z;45.29;45.425;1113;1113
2026-06-08T08:24:28.0000000Z;45.29;45.425;1113;1113
2026-06-08T08:24:58.0000000Z;45.29;45.425;1113;1113
2026-06-08T08:25:29.0000000Z;45.29;45.425;1113;1113
2026-06-08T08:25:59.0000000Z;45.29;45.425;1113;1113
2026-06-08T08:26:30.0000000Z;45.29;45.425;1113;1113
2026-06-08T08:26:40.0000000Z;45.29;45.425;1113;1113
2026-06-08T08:27:00.0000000Z;45.325;45.425;1113;1113
2026-06-08T08:27:02.0000000Z;45.325;45.45;1113;1113
2026-06-08T08:27:27.0000000Z;45.325;45.445;1113;1113
2026-06-08T08:27:33.0000000Z;45.325;45.45;1113;1113
2026-06-08T08:28:03.0000000Z;45.325;45.45;1113;1113
2026-06-08T08:28:14.0000000Z;45.325;45.445;1113;1113
2026-06-08T08:28:19.0000000Z;45.325;45.45;1113;1113
2026-06-08T08:28:50.0000000Z;45.325;45.45;1113;1113
2026-06-08T08:29:21.0000000Z;45.325;45.45;1113;1113
2026-06-08T08:29:51.0000000Z;45.325;45.45;1113;1113
2026-06-08T08:30:10.0000000Z;45.325;45.445;1113;1113
2026-06-08T08:30:17.0000000Z;45.325;45.45;1113;1113
2026-06-08T08:30:18.0000000Z;45.325;45.445;1113;1113
2026-06-08T08:30:25.0000000Z;45.325;45.45;1113;1113
2026-06-08T08:30:55.0000000Z;45.325;45.45;1113;1113
2026-06-08T08:31:26.0000000Z;45.325;45.45;1113;1113
2026-06-08T08:31:28.0000000Z;45.325;45.46;1113;1113
2026-06-08T08:31:58.0000000Z;45.325;45.46;1113;1113
2026-06-08T08:32:29.0000000Z;45.325;45.46;1113;1113
2026-06-08T08:33:00.0000000Z;45.325;45.46;1113;1113
2026-06-08T08:33:30.0000000Z;45.325;45.46;1113;1113
2026-06-08T08:34:01.0000000Z;45.325;45.46;1113;1113
2026-06-08T08:34:31.0000000Z;45.325;45.46;1113;1113
2026-06-08T08:35:02.0000000Z;45.325;45.46;1113;1113
2026-06-08T08:35:32.0000000Z;45.325;45.46;1113;1113
2026-06-08T08:35:35.0000000Z;45.325;45.45;1113;1113
2026-06-08T08:35:40.0000000Z;45.325;45.44;1113;1113
2026-06-08T08:35:51.0000000Z;45.325;45.45;1113;1113
2026-06-08T08:36:09.0000000Z;45.325;45.46;1113;1113
2026-06-08T08:36:14.0000000Z;45.325;45.455;1113;1113
2026-06-08T08:36:15.0000000Z;45.325;45.45;1113;1113
2026-06-08T08:36:16.0000000Z;45.325;45.44;1113;1113
2026-06-08T08:36:23.0000000Z;45.325;45.45;1113;1113
2026-06-08T08:36:26.0000000Z;45.325;45.425;1113;1113
2026-06-08T08:36:27.0000000Z;45.29;45.425;1113;1113
2026-06-08T08:36:58.0000000Z;45.29;45.425;1113;1113
2026-06-08T08:37:28.0000000Z;45.29;45.425;1113;1113
2026-06-08T08:37:59.0000000Z;45.29;45.425;1113;1113
2026-06-08T08:38:29.0000000Z;45.29;45.425;1113;1113
2026-06-08T08:39:00.0000000Z;45.29;45.425;1113;1113
2026-06-08T08:39:30.0000000Z;45.29;45.425;1113;1113
2026-06-08T08:40:01.0000000Z;45.29;45.425;1113;1113
2026-06-08T08:40:32.0000000Z;45.29;45.425;1113;1113
2026-06-08T08:40:39.0000000Z;45.29;45.415;1113;1113
2026-06-08T08:40:45.0000000Z;45.29;45.425;1113;1113
2026-06-08T08:40:52.0000000Z;45.29;45.39;1113;1113
2026-06-08T08:40:53.0000000Z;45.255;45.39;1113;1113
2026-06-08T08:41:23.0000000Z;45.255;45.39;1113;1113
2026-06-08T08:41:54.0000000Z;45.255;45.39;1113;1113
2026-06-08T08:42:24.0000000Z;45.255;45.39;1113;1113
2026-06-08T08:42:55.0000000Z;45.255;45.39;1113;1113
2026-06-08T08:43:25.0000000Z;45.255;45.39;1113;1113
2026-06-08T08:43:56.0000000Z;45.255;45.39;1113;1113
2026-06-08T08:44:26.0000000Z;45.255;45.39;1113;1113
2026-06-08T08:44:57.0000000Z;45.255;45.39;1113;1113
2026-06-08T08:45:28.0000000Z;45.255;45.39;1113;1113
2026-06-08T08:45:58.0000000Z;45.255;45.39;1113;1113
2026-06-08T08:46:29.0000000Z;45.255;45.39;1113;1113
2026-06-08T08:46:59.0000000Z;45.255;45.39;1113;1113
2026-06-08T08:47:30.0000000Z;45.255;45.39;1113;1113
2026-06-08T08:48:00.0000000Z;45.255;45.39;1113;1113
2026-06-08T08:48:31.0000000Z;45.255;45.39;1113;1113
2026-06-08T08:48:38.0000000Z;45.255;45.37;1113;1113
2026-06-08T08:48:47.0000000Z;45.255;45.39;1113;1113
2026-06-08T08:49:15.0000000Z;45.255;45.39;1113;1113
2026-06-08T08:49:46.0000000Z;45.255;45.39;1113;1113
2026-06-08T08:50:16.0000000Z;45.255;45.39;1113;1113
2026-06-08T08:50:47.0000000Z;45.255;45.39;1113;1113
2026-06-08T08:51:17.0000000Z;45.255;45.39;1113;1113
2026-06-08T08:51:48.0000000Z;45.255;45.39;1113;1113
2026-06-08T08:52:19.0000000Z;45.255;45.39;1113;1113
2026-06-08T08:52:49.0000000Z;45.255;45.39;1113;1113
2026-06-08T08:53:09.0000000Z;45.32;45.39;1113;1113
2026-06-08T08:53:40.0000000Z;45.32;45.39;1113;1113
2026-06-08T08:54:11.0000000Z;45.32;45.39;1113;1113
2026-06-08T08:54:41.0000000Z;45.32;45.39;1113;1113
2026-06-08T08:55:12.0000000Z;45.32;45.39;1113;1113
2026-06-08T08:55:42.0000000Z;45.32;45.39;1113;1113
2026-06-08T08:55:55.0000000Z;45.32;45.37;1113;1113
2026-06-08T08:56:02.0000000Z;45.32;45.38;1113;1113
2026-06-08T08:56:14.0000000Z;45.32;45.39;1113;1113
2026-06-08T08:56:45.0000000Z;45.32;45.39;1113;1113
2026-06-08T08:57:16.0000000Z;45.32;45.39;1113;1113
2026-06-08T08:57:46.0000000Z;45.32;45.39;1113;1113
2026-06-08T08:58:17.0000000Z;45.32;45.39;1113;1113
2026-06-08T08:58:42.0000000Z;45.32;45.425;1113;1113
2026-06-08T08:59:11.0000000Z;45.32;45.425;1113;1113
2026-06-08T08:59:40.0000000Z;45.32;45.415;1113;1113
2026-06-08T08:59:52.0000000Z;45.32;45.405;1113;1113
2026-06-08T08:59:59.0000000Z;45.32;45.415;1113;1113
2026-06-08T09:00:18.0000000Z;45.32;45.425;1113;1113
2026-06-08T09:00:36.0000000Z;45.32;45.42;1113;1113
2026-06-08T09:00:44.0000000Z;45.32;45.425;1113;1113
2026-06-08T09:01:15.0000000Z;45.32;45.425;1113;1113
2026-06-08T09:01:43.0000000Z;45.325;45.425;1113;1113
2026-06-08T09:01:45.0000000Z;45.325;45.45;1113;1113
2026-06-08T09:02:16.0000000Z;45.325;45.45;1113;1113
2026-06-08T09:02:47.0000000Z;45.325;45.45;1113;1113
2026-06-08T09:03:02.0000000Z;45.325;45.46;1113;1113
2026-06-08T09:03:32.0000000Z;45.325;45.46;1113;1113
2026-06-08T09:04:03.0000000Z;45.325;45.46;1113;1113
2026-06-08T09:04:34.0000000Z;45.325;45.46;1113;1113
2026-06-08T09:05:04.0000000Z;45.325;45.46;1113;1113
2026-06-08T09:05:35.0000000Z;45.325;45.46;1113;1113
2026-06-08T09:05:40.0000000Z;45.325;45.455;1113;1113
2026-06-08T09:05:45.0000000Z;45.325;45.45;1113;1113
2026-06-08T09:06:16.0000000Z;45.325;45.45;1113;1113
2026-06-08T09:06:28.0000000Z;45.325;45.425;1113;1113
2026-06-08T09:06:30.0000000Z;45.32;45.425;1113;1113
2026-06-08T09:07:01.0000000Z;45.32;45.425;1113;1113
2026-06-08T09:07:32.0000000Z;45.32;45.425;1113;1113
2026-06-08T09:08:02.0000000Z;45.32;45.425;1113;1113
2026-06-08T09:08:33.0000000Z;45.32;45.425;1113;1113
2026-06-08T09:09:03.0000000Z;45.32;45.425;1113;1113
2026-06-08T09:09:34.0000000Z;45.32;45.425;1113;1113
2026-06-08T09:10:05.0000000Z;45.32;45.425;1113;1113
2026-06-08T09:10:06.0000000Z;45.325;45.425;1113;1113
2026-06-08T09:10:09.0000000Z;45.32;45.425;1113;1113
2026-06-08T09:10:39.0000000Z;45.32;45.425;1113;1113
2026-06-08T09:11:10.0000000Z;45.32;45.425;1113;1113
2026-06-08T09:11:40.0000000Z;45.32;45.425;1113;1113
2026-06-08T09:12:11.0000000Z;45.32;45.425;1113;1113
2026-06-08T09:12:41.0000000Z;45.32;45.425;1113;1113
2026-06-08T09:13:12.0000000Z;45.32;45.425;1113;1113
2026-06-08T09:13:33.0000000Z;45.29;45.425;1113;1113
2026-06-08T09:13:35.0000000Z;45.325;45.425;1113;1113
2026-06-08T09:13:37.0000000Z;45.325;45.46;1113;1113
2026-06-08T09:14:08.0000000Z;45.325;45.46;1113;1113
2026-06-08T09:14:39.0000000Z;45.325;45.46;1113;1113
2026-06-08T09:15:09.0000000Z;45.325;45.46;1113;1113
2026-06-08T09:15:40.0000000Z;45.325;45.46;1113;1113
2026-06-08T09:16:10.0000000Z;45.325;45.46;1113;1113
2026-06-08T09:16:41.0000000Z;45.325;45.46;1113;1113
2026-06-08T09:17:11.0000000Z;45.325;45.46;1113;1113
2026-06-08T09:17:42.0000000Z;45.325;45.46;1113;1113
2026-06-08T09:18:12.0000000Z;45.325;45.46;1113;1113
2026-06-08T09:18:43.0000000Z;45.325;45.46;1113;1113
2026-06-08T09:19:14.0000000Z;45.325;45.46;1113;1113
2026-06-08T09:19:44.0000000Z;45.325;45.46;1113;1113
2026-06-08T09:20:02.0000000Z;45.36;45.46;1113;1113
2026-06-08T09:20:17.0000000Z;45.36;45.495;1113;1113
2026-06-08T09:20:34.0000000Z;45.36;45.495;1113;1113
2026-06-08T09:21:05.0000000Z;45.36;45.495;1113;1113
2026-06-08T09:21:35.0000000Z;45.36;45.495;1113;1113
2026-06-08T09:22:06.0000000Z;45.36;45.495;1113;1113
2026-06-08T09:22:36.0000000Z;45.36;45.495;1113;1113
2026-06-08T09:23:07.0000000Z;45.36;45.495;1113;1113
2026-06-08T09:23:37.0000000Z;45.36;45.495;1113;1113
2026-06-08T09:24:08.0000000Z;45.36;45.495;1113;1113
2026-06-08T09:24:38.0000000Z;45.36;45.495;1113;1113
2026-06-08T09:25:09.0000000Z;45.36;45.495;1113;1113
2026-06-08T09:25:40.0000000Z;45.36;45.495;1113;1113
2026-06-08T09:26:10.0000000Z;45.36;45.495;1113;1113
2026-06-08T09:26:41.0000000Z;45.36;45.495;1113;1113
2026-06-08T09:27:11.0000000Z;45.36;45.495;1113;1113
2026-06-08T09:27:42.0000000Z;45.36;45.495;1113;1113
2026-06-08T09:28:12.0000000Z;45.36;45.495;1113;1113
2026-06-08T09:28:19.0000000Z;45.36;45.475;1113;1113
2026-06-08T09:28:29.0000000Z;45.36;45.46;1113;1113
2026-06-08T09:28:31.0000000Z;45.325;45.46;1113;1113
2026-06-08T09:29:02.0000000Z;45.325;45.46;1113;1113
2026-06-08T09:29:32.0000000Z;45.325;45.46;1113;1113
2026-06-08T09:30:03.0000000Z;45.325;45.46;1113;1113
2026-06-08T09:30:33.0000000Z;45.325;45.46;1113;1113
2026-06-08T09:31:04.0000000Z;45.325;45.46;1113;1113
2026-06-08T09:31:34.0000000Z;45.325;45.46;1113;1113
2026-06-08T09:32:05.0000000Z;45.325;45.46;1113;1113
2026-06-08T09:32:35.0000000Z;45.325;45.46;1113;1113
2026-06-08T09:33:06.0000000Z;45.325;45.46;1113;1113
2026-06-08T09:33:36.0000000Z;45.325;45.46;1113;1113
2026-06-08T09:34:07.0000000Z;45.325;45.46;1113;1113
2026-06-08T09:34:19.0000000Z;45.325;45.44;1113;1113
2026-06-08T09:34:24.0000000Z;45.325;45.45;1113;1113
2026-06-08T09:34:32.0000000Z;45.325;45.44;1113;1113
2026-06-08T09:34:45.0000000Z;45.325;45.45;1113;1113
2026-06-08T09:34:48.0000000Z;45.325;45.44;1113;1113
2026-06-08T09:34:55.0000000Z;45.325;45.44;1113;1113
2026-06-08T09:35:15.0000000Z;45.325;45.45;1113;1113
2026-06-08T09:35:21.0000000Z;45.325;45.44;1113;1113
2026-06-08T09:35:51.0000000Z;45.325;45.44;1113;1113
2026-06-08T09:35:55.0000000Z;45.325;45.425;1113;1113
2026-06-08T09:35:59.0000000Z;45.29;45.425;1113;1113
2026-06-08T09:36:30.0000000Z;45.29;45.425;1113;1113
2026-06-08T09:36:40.0000000Z;45.325;45.425;1113;1113
2026-06-08T09:36:42.0000000Z;45.325;45.46;1113;1113
2026-06-08T09:36:49.0000000Z;45.39;45.46;1113;1113
2026-06-08T09:36:50.0000000Z;45.39;45.53;1113;1113
2026-06-08T09:37:02.0000000Z;45.395;45.53;1113;1113
2026-06-08T09:37:07.0000000Z;45.395;45.51;1113;1113
2026-06-08T09:37:15.0000000Z;45.395;45.52;1113;1113
2026-06-08T09:37:21.0000000Z;45.395;45.53;1113;1113
2026-06-08T09:37:43.0000000Z;45.395;45.495;1113;1113
2026-06-08T09:37:45.0000000Z;45.36;45.495;1113;1113
2026-06-08T09:38:05.0000000Z;45.36;45.49;1113;1113
2026-06-08T09:38:24.0000000Z;45.36;45.495;1113;1113
2026-06-08T09:38:26.0000000Z;45.36;45.49;1113;1113
2026-06-08T09:38:38.0000000Z;45.36;45.495;1113;1113
2026-06-08T09:39:09.0000000Z;45.36;45.495;1113;1113
2026-06-08T09:39:40.0000000Z;45.36;45.495;1113;1113
2026-06-08T09:39:50.0000000Z;45.36;45.49;1113;1113
2026-06-08T09:40:09.0000000Z;45.36;45.495;1113;1113
2026-06-08T09:40:40.0000000Z;45.36;45.495;1113;1113
2026-06-08T09:41:10.0000000Z;45.36;45.495;1113;1113
2026-06-08T09:41:41.0000000Z;45.36;45.495;1113;1113
2026-06-08T09:42:11.0000000Z;45.36;45.495;1113;1113
2026-06-08T09:42:42.0000000Z;45.36;45.495;1113;1113
2026-06-08T09:43:12.0000000Z;45.36;45.495;1113;1113
2026-06-08T09:43:41.0000000Z;45.395;45.495;1113;1113
2026-06-08T09:43:42.0000000Z;45.395;45.53;1113;1113
2026-06-08T09:44:12.0000000Z;45.395;45.53;1113;1113
2026-06-08T09:44:43.0000000Z;45.395;45.53;1113;1113
2026-06-08T09:45:13.0000000Z;45.395;45.53;1113;1113
2026-06-08T09:45:24.0000000Z;45.395;45.525;1113;1113
2026-06-08T09:45:48.0000000Z;45.395;45.53;1113;1113
2026-06-08T09:46:19.0000000Z;45.395;45.53;1113;1113
2026-06-08T09:46:49.0000000Z;45.395;45.53;1113;1113
2026-06-08T09:47:20.0000000Z;45.395;45.53;1113;1113
2026-06-08T09:47:50.0000000Z;45.395;45.53;1113;1113
2026-06-08T09:48:21.0000000Z;45.395;45.53;1113;1113
2026-06-08T09:48:51.0000000Z;45.395;45.53;1113;1113
2026-06-08T09:49:22.0000000Z;45.395;45.53;1113;1113
2026-06-08T09:49:52.0000000Z;45.395;45.53;1113;1113
2026-06-08T09:50:23.0000000Z;45.395;45.53;1113;1113
2026-06-08T09:50:53.0000000Z;45.395;45.53;1113;1113
2026-06-08T09:51:24.0000000Z;45.395;45.53;1113;1113
2026-06-08T09:51:55.0000000Z;45.395;45.53;1113;1113
2026-06-08T09:52:25.0000000Z;45.395;45.53;1113;1113
2026-06-08T09:52:56.0000000Z;45.395;45.53;1113;1113
2026-06-08T09:53:26.0000000Z;45.395;45.53;1113;1113
2026-06-08T09:53:57.0000000Z;45.395;45.53;1113;1113
2026-06-08T09:54:28.0000000Z;45.395;45.53;1113;1113
2026-06-08T09:54:58.0000000Z;45.395;45.53;1113;1113
2026-06-08T09:55:29.0000000Z;45.395;45.53;1113;1113
2026-06-08T09:55:59.0000000Z;45.395;45.53;1113;1113
2026-06-08T09:56:30.0000000Z;45.395;45.53;1113;1113
2026-06-08T09:57:00.0000000Z;45.395;45.53;1113;1113
2026-06-08T09:57:31.0000000Z;45.395;45.53;1113;1113
2026-06-08T09:58:01.0000000Z;45.395;45.53;1113;1113
2026-06-08T09:58:32.0000000Z;45.395;45.53;1113;1113
2026-06-08T09:58:35.0000000Z;45.43;45.53;1113;1113
2026-06-08T09:58:37.0000000Z;45.43;45.555;1113;1113
2026-06-08T09:59:08.0000000Z;45.43;45.555;1113;1113
2026-06-08T09:59:38.0000000Z;45.43;45.555;1113;1113
2026-06-08T10:00:09.0000000Z;45.43;45.555;1113;1113
2026-06-08T10:00:39.0000000Z;45.43;45.555;1113;1113
2026-06-08T10:01:10.0000000Z;45.43;45.555;1113;1113
2026-06-08T10:01:40.0000000Z;45.43;45.555;1113;1113
2026-06-08T10:02:04.0000000Z;45.43;45.53;1113;1113
2026-06-08T10:02:05.0000000Z;45.395;45.53;1113;1113
2026-06-08T10:02:13.0000000Z;45.395;45.495;1113;1113
2026-06-08T10:02:14.0000000Z;45.36;45.495;1113;1113
2026-06-08T10:02:40.0000000Z;45.395;45.495;1113;1113
2026-06-08T10:02:42.0000000Z;45.395;45.53;1113;1113
2026-06-08T10:03:13.0000000Z;45.395;45.53;1113;1113
2026-06-08T10:03:44.0000000Z;45.395;45.53;1113;1113
2026-06-08T10:04:14.0000000Z;45.395;45.53;1113;1113
2026-06-08T10:04:45.0000000Z;45.395;45.53;1113;1113
2026-06-08T10:05:15.0000000Z;45.395;45.53;1113;1113
2026-06-08T10:05:46.0000000Z;45.395;45.53;1113;1113
2026-06-08T10:06:16.0000000Z;45.395;45.53;1113;1113
2026-06-08T10:06:35.0000000Z;45.43;45.53;1113;1113
2026-06-08T10:06:37.0000000Z;45.43;45.555;1113;1113
2026-06-08T10:06:41.0000000Z;45.43;45.565;1113;1113
2026-06-08T10:07:12.0000000Z;45.43;45.565;1113;1113
2026-06-08T10:07:43.0000000Z;45.43;45.565;1113;1113
2026-06-08T10:08:13.0000000Z;45.43;45.565;1113;1113
2026-06-08T10:08:44.0000000Z;45.43;45.565;1113;1113
2026-06-08T10:09:14.0000000Z;45.43;45.565;1113;1113
2026-06-08T10:09:16.0000000Z;45.465;45.565;1113;1113
2026-06-08T10:09:17.0000000Z;45.465;45.6;1113;1113
2026-06-08T10:09:48.0000000Z;45.465;45.6;1113;1113
2026-06-08T10:10:18.0000000Z;45.465;45.6;1113;1113
2026-06-08T10:10:49.0000000Z;45.465;45.6;1113;1113
2026-06-08T10:11:20.0000000Z;45.465;45.6;1113;1113
2026-06-08T10:11:50.0000000Z;45.465;45.6;1113;1113
2026-06-08T10:12:21.0000000Z;45.465;45.6;1113;1113
2026-06-08T10:12:51.0000000Z;45.465;45.6;1113;1113
2026-06-08T10:13:22.0000000Z;45.465;45.6;1113;1113
2026-06-08T10:13:52.0000000Z;45.465;45.6;1113;1113
2026-06-08T10:14:23.0000000Z;45.465;45.6;1113;1113
2026-06-08T10:14:53.0000000Z;45.465;45.6;1113;1113
2026-06-08T10:15:24.0000000Z;45.465;45.6;1113;1113
2026-06-08T10:15:54.0000000Z;45.465;45.6;1113;1113
2026-06-08T10:16:25.0000000Z;45.465;45.6;1113;1113
2026-06-08T10:16:50.0000000Z;45.465;45.59;1113;1113
2026-06-08T10:16:59.0000000Z;45.465;45.565;1113;1113
2026-06-08T10:17:01.0000000Z;45.43;45.565;1113;1113
2026-06-08T10:17:32.0000000Z;45.43;45.565;1113;1113
2026-06-08T10:18:03.0000000Z;45.43;45.565;1113;1113
2026-06-08T10:18:33.0000000Z;45.43;45.565;1113;1113
2026-06-08T10:19:04.0000000Z;45.43;45.565;1113;1113
2026-06-08T10:19:34.0000000Z;45.43;45.565;1113;1113
2026-06-08T10:20:05.0000000Z;45.43;45.565;1113;1113
2026-06-08T10:20:35.0000000Z;45.43;45.565;1113;1113
2026-06-08T10:21:06.0000000Z;45.43;45.565;1113;1113
2026-06-08T10:21:36.0000000Z;45.43;45.565;1113;1113
2026-06-08T10:22:07.0000000Z;45.43;45.565;1113;1113
2026-06-08T10:22:37.0000000Z;45.43;45.565;1113;1113
2026-06-08T10:23:08.0000000Z;45.43;45.565;1113;1113
2026-06-08T10:23:39.0000000Z;45.43;45.565;1113;1113
2026-06-08T10:24:09.0000000Z;45.43;45.565;1113;1113
2026-06-08T10:24:40.0000000Z;45.43;45.565;1113;1113
2026-06-08T10:25:10.0000000Z;45.43;45.565;1113;1113
2026-06-08T10:25:41.0000000Z;45.43;45.565;1113;1113
2026-06-08T10:26:11.0000000Z;45.43;45.565;1113;1113
2026-06-08T10:26:42.0000000Z;45.43;45.565;1113;1113
2026-06-08T10:27:12.0000000Z;45.43;45.565;1113;1113
2026-06-08T10:27:43.0000000Z;45.43;45.565;1113;1113
2026-06-08T10:28:14.0000000Z;45.43;45.565;1113;1113
2026-06-08T10:28:44.0000000Z;45.43;45.565;1113;1113
2026-06-08T10:29:15.0000000Z;45.43;45.565;1113;1113
2026-06-08T10:29:45.0000000Z;45.43;45.565;1113;1113
2026-06-08T10:30:16.0000000Z;45.43;45.565;1113;1113
2026-06-08T10:30:46.0000000Z;45.43;45.565;1113;1113
2026-06-08T10:31:17.0000000Z;45.43;45.565;1113;1113
2026-06-08T10:31:47.0000000Z;45.43;45.565;1113;1113
2026-06-08T10:32:18.0000000Z;45.43;45.565;1113;1113
2026-06-08T10:32:49.0000000Z;45.43;45.565;1113;1113
2026-06-08T10:33:19.0000000Z;45.43;45.565;1113;1113
2026-06-08T10:33:35.0000000Z;45.465;45.6;1113;1113
2026-06-08T10:34:06.0000000Z;45.465;45.6;1113;1113
2026-06-08T10:34:11.0000000Z;45.495;45.6;1113;1113
2026-06-08T10:34:12.0000000Z;45.495;45.635;1113;1113
2026-06-08T10:34:17.0000000Z;45.565;45.635;1113;1113
2026-06-08T10:34:18.0000000Z;45.565;45.705;1113;1113
2026-06-08T10:34:36.0000000Z;45.35;45.98;1113;1113
2026-06-08T10:34:39.0000000Z;45.38;45.98;1113;1113
2026-06-08T10:34:41.0000000Z;45.395;45.98;1113;1113
2026-06-08T10:34:51.0000000Z;45.405;45.98;1113;1113
2026-06-08T10:35:04.0000000Z;45.42;45.98;1113;1113
2026-06-08T10:35:09.0000000Z;45.43;45.98;1113;1113
2026-06-08T10:35:20.0000000Z;45.43;45.975;1113;1113
2026-06-08T10:35:22.0000000Z;45.46;45.975;1113;1113
2026-06-08T10:35:23.0000000Z;45.46;45.98;1113;1113
2026-06-08T10:35:24.0000000Z;45.465;45.98;1113;1113
2026-06-08T10:35:28.0000000Z;45.475;45.98;1113;1113
2026-06-08T10:35:37.0000000Z;45.465;45.98;1113;1113
2026-06-08T10:35:38.0000000Z;45.485;45.98;1113;1113
2026-06-08T10:35:42.0000000Z;45.48;45.98;1113;1113
2026-06-08T10:35:46.0000000Z;45.475;45.98;1113;1113
2026-06-08T10:36:01.0000000Z;45.465;45.98;1113;1113
2026-06-08T10:36:08.0000000Z;45.465;45.74;1113;1113
2026-06-08T10:36:09.0000000Z;45.465;45.7;1113;1113
2026-06-08T10:36:12.0000000Z;45.475;45.7;1113;1113
2026-06-08T10:36:16.0000000Z;45.485;45.745;1113;1113
2026-06-08T10:36:28.0000000Z;45.48;45.745;1113;1113
2026-06-08T10:36:29.0000000Z;45.49;45.745;1113;1113
2026-06-08T10:36:42.0000000Z;45.5;45.745;1113;1113
2026-06-08T10:36:44.0000000Z;45.49;45.745;1113;1113
2026-06-08T10:36:46.0000000Z;45.46;45.745;1113;1113
2026-06-08T10:36:55.0000000Z;45.495;45.745;1113;1113
2026-06-08T10:36:59.0000000Z;45.49;45.745;1113;1113
2026-06-08T10:37:06.0000000Z;45.5;45.745;1113;1113
2026-06-08T10:37:31.0000000Z;45.495;45.745;1113;1113
2026-06-08T10:37:33.0000000Z;45.44;45.745;1113;1113
2026-06-08T10:37:40.0000000Z;45.475;45.745;1113;1113
2026-06-08T10:37:42.0000000Z;45.48;45.745;1113;1113
2026-06-08T10:38:12.0000000Z;45.48;45.745;1113;1113
2026-06-08T10:38:32.0000000Z;45.475;45.745;1113;1113
2026-06-08T10:38:35.0000000Z;45.485;45.745;1113;1113
2026-06-08T10:38:36.0000000Z;45.49;45.745;1113;1113
2026-06-08T10:38:44.0000000Z;45.5;45.745;1113;1113
2026-06-08T10:38:48.0000000Z;45.495;45.745;1113;1113
2026-06-08T10:39:09.0000000Z;45.49;45.745;1113;1113
2026-06-08T10:39:29.0000000Z;45.485;45.745;1113;1113
2026-06-08T10:39:39.0000000Z;45.475;45.745;1113;1113
2026-06-08T10:39:44.0000000Z;45.485;45.745;1113;1113
2026-06-08T10:40:03.0000000Z;45.475;45.745;1113;1113
2026-06-08T10:40:21.0000000Z;45.485;45.745;1113;1113
2026-06-08T10:40:52.0000000Z;45.485;45.745;1113;1113
2026-06-08T10:41:09.0000000Z;45.495;45.745;1113;1113
2026-06-08T10:41:15.0000000Z;45.49;45.745;1113;1113
2026-06-08T10:41:22.0000000Z;45.5;45.745;1113;1113
2026-06-08T10:41:29.0000000Z;45.44;45.745;1113;1113
2026-06-08T10:41:32.0000000Z;45.485;45.745;1113;1113
2026-06-08T10:41:45.0000000Z;45.495;45.745;1113;1113
2026-06-08T10:42:13.0000000Z;45.49;45.745;1113;1113
2026-06-08T10:42:38.0000000Z;45.5;45.745;1113;1113
2026-06-08T10:43:09.0000000Z;45.5;45.745;1113;1113
2026-06-08T10:43:39.0000000Z;45.5;45.745;1113;1113
2026-06-08T10:44:10.0000000Z;45.5;45.745;1113;1113
2026-06-08T10:44:13.0000000Z;45.495;45.745;1113;1113
2026-06-08T10:44:28.0000000Z;45.495;45.75;1113;1113
2026-06-08T10:44:30.0000000Z;45.49;45.75;1113;1113
2026-06-08T10:44:44.0000000Z;45.485;45.75;1113;1113
2026-06-08T10:44:46.0000000Z;45.475;45.75;1113;1113
2026-06-08T10:44:47.0000000Z;45.475;45.745;1113;1113
2026-06-08T10:45:06.0000000Z;45.485;45.745;1113;1113
2026-06-08T10:45:28.0000000Z;45.48;45.745;1113;1113
2026-06-08T10:45:39.0000000Z;45.475;45.745;1113;1113
2026-06-08T10:45:41.0000000Z;45.475;45.75;1113;1113
2026-06-08T10:45:45.0000000Z;45.465;45.75;1113;1113
2026-06-08T10:45:47.0000000Z;45.465;45.74;1113;1113
2026-06-08T10:45:54.0000000Z;45.475;45.74;1113;1113
2026-06-08T10:46:01.0000000Z;45.47;45.745;1113;1113
2026-06-08T10:46:03.0000000Z;45.47;45.75;1113;1113
2026-06-08T10:46:14.0000000Z;45.465;45.75;1113;1113
2026-06-08T10:46:22.0000000Z;45.475;45.75;1113;1113
2026-06-08T10:46:28.0000000Z;45.475;45.745;1113;1113
2026-06-08T10:46:29.0000000Z;45.47;45.745;1113;1113
2026-06-08T10:46:30.0000000Z;45.46;45.745;1113;1113
2026-06-08T10:46:39.0000000Z;45.455;45.745;1113;1113
2026-06-08T10:46:49.0000000Z;45.45;45.745;1113;1113
2026-06-08T10:47:10.0000000Z;45.445;45.745;1113;1113
2026-06-08T10:47:16.0000000Z;45.44;45.745;1113;1113
2026-06-08T10:47:46.0000000Z;45.44;45.745;1113;1113
2026-06-08T10:48:17.0000000Z;45.44;45.745;1113;1113
2026-06-08T10:48:47.0000000Z;45.44;45.745;1113;1113
2026-06-08T10:49:00.0000000Z;45.45;45.745;1113;1113
2026-06-08T10:49:31.0000000Z;45.45;45.745;1113;1113
2026-06-08T10:49:50.0000000Z;45.445;45.745;1113;1113
2026-06-08T10:49:56.0000000Z;45.44;45.745;1113;1113
2026-06-08T10:50:12.0000000Z;45.435;45.745;1113;1113
2026-06-08T10:50:42.0000000Z;45.435;45.745;1113;1113
2026-06-08T10:51:03.0000000Z;45.43;45.745;1113;1113
2026-06-08T10:51:33.0000000Z;45.43;45.745;1113;1113
2026-06-08T10:51:48.0000000Z;45.44;45.745;1113;1113
2026-06-08T10:52:19.0000000Z;45.44;45.745;1113;1113
2026-06-08T10:52:50.0000000Z;45.44;45.745;1113;1113
2026-06-08T10:52:54.0000000Z;45.45;45.745;1113;1113
2026-06-08T10:53:24.0000000Z;45.45;45.745;1113;1113
2026-06-08T10:53:55.0000000Z;45.45;45.745;1113;1113
2026-06-08T10:54:00.0000000Z;45.44;45.745;1113;1113
2026-06-08T10:54:26.0000000Z;45.435;45.745;1113;1113
2026-06-08T10:54:57.0000000Z;45.435;45.745;1113;1113
2026-06-08T10:55:28.0000000Z;45.435;45.745;1113;1113
2026-06-08T10:55:58.0000000Z;45.435;45.745;1113;1113
2026-06-08T10:56:11.0000000Z;45.43;45.745;1113;1113
2026-06-08T10:56:42.0000000Z;45.43;45.745;1113;1113
2026-06-08T10:57:13.0000000Z;45.43;45.745;1113;1113
2026-06-08T10:57:43.0000000Z;45.43;45.745;1113;1113
2026-06-08T10:58:14.0000000Z;45.43;45.745;1113;1113
2026-06-08T10:58:44.0000000Z;45.43;45.745;1113;1113
2026-06-08T10:59:15.0000000Z;45.43;45.745;1113;1113
2026-06-08T10:59:46.0000000Z;45.43;45.745;1113;1113
2026-06-08T11:00:16.0000000Z;45.43;45.745;1113;1113
2026-06-08T11:00:47.0000000Z;45.43;45.745;1113;1113
2026-06-08T11:00:50.0000000Z;45.43;45.665;1113;1113
2026-06-08T11:00:51.0000000Z;45.4;45.665;1113;1113
2026-06-08T11:01:07.0000000Z;45.395;45.665;1113;1113
2026-06-08T11:01:14.0000000Z;45.385;45.665;1113;1113
2026-06-08T11:01:44.0000000Z;45.385;45.665;1113;1113
2026-06-08T11:01:56.0000000Z;45.375;45.665;1113;1113
2026-06-08T11:02:21.0000000Z;45.385;45.665;1113;1113
2026-06-08T11:02:51.0000000Z;45.385;45.665;1113;1113
2026-06-08T11:03:01.0000000Z;45.385;45.665;1113;1113
2026-06-08T11:03:26.0000000Z;45.395;45.665;1113;1113
2026-06-08T11:03:40.0000000Z;45.405;45.665;1113;1113
2026-06-08T11:03:49.0000000Z;45.45;45.585;1113;1113
2026-06-08T11:04:19.0000000Z;45.45;45.585;1113;1113
2026-06-08T11:04:50.0000000Z;45.45;45.585;1113;1113
2026-06-08T11:05:20.0000000Z;45.45;45.585;1113;1113
2026-06-08T11:05:51.0000000Z;45.45;45.585;1113;1113
2026-06-08T11:06:01.0000000Z;45.485;45.585;1113;1113
2026-06-08T11:06:08.0000000Z;45.485;45.62;1113;1113
2026-06-08T11:06:33.0000000Z;45.485;45.62;1113;1113
2026-06-08T11:07:03.0000000Z;45.485;45.62;1113;1113
2026-06-08T11:07:34.0000000Z;45.485;45.62;1113;1113
2026-06-08T11:08:05.0000000Z;45.485;45.62;1113;1113
2026-06-08T11:08:35.0000000Z;45.485;45.62;1113;1113
2026-06-08T11:09:06.0000000Z;45.485;45.62;1113;1113
2026-06-08T11:09:37.0000000Z;45.485;45.62;1113;1113
2026-06-08T11:10:07.0000000Z;45.485;45.62;1113;1113
2026-06-08T11:10:38.0000000Z;45.485;45.62;1113;1113
2026-06-08T11:10:52.0000000Z;45.46;45.66;1113;1113
2026-06-08T11:10:56.0000000Z;45.46;45.655;1113;1113
2026-06-08T11:10:58.0000000Z;45.46;45.68;1113;1113
2026-06-08T11:11:02.0000000Z;45.57;45.785;1113;1113
2026-06-08T11:11:08.0000000Z;45.57;45.75;1113;1113
2026-06-08T11:11:12.0000000Z;45.57;45.76;1113;1113
2026-06-08T11:11:20.0000000Z;45.57;45.755;1113;1113
2026-06-08T11:11:28.0000000Z;45.57;45.76;1113;1113
2026-06-08T11:11:32.0000000Z;45.53;45.735;1113;1113
2026-06-08T11:11:52.0000000Z;45.535;45.735;1113;1113
2026-06-08T11:11:53.0000000Z;45.535;45.725;1113;1113
2026-06-08T11:11:59.0000000Z;45.535;45.72;1113;1113
2026-06-08T11:12:07.0000000Z;45.535;45.735;1113;1113
2026-06-08T11:12:09.0000000Z;45.535;45.725;1113;1113
2026-06-08T11:12:19.0000000Z;45.535;45.735;1113;1113
2026-06-08T11:12:21.0000000Z;45.54;45.735;1113;1113
2026-06-08T11:12:52.0000000Z;45.54;45.735;1113;1113
2026-06-08T11:12:54.0000000Z;45.585;45.72;1113;1113
2026-06-08T11:13:24.0000000Z;45.585;45.72;1113;1113
2026-06-08T11:13:55.0000000Z;45.585;45.72;1113;1113
2026-06-08T11:14:25.0000000Z;45.585;45.72;1113;1113
2026-06-08T11:14:55.0000000Z;45.62;45.72;1113;1113
2026-06-08T11:14:59.0000000Z;45.655;45.72;1113;1113
2026-06-08T11:15:00.0000000Z;45.655;45.79;1113;1113
2026-06-08T11:15:07.0000000Z;45.695;45.79;1113;1113
2026-06-08T11:15:08.0000000Z;45.695;45.83;1113;1113
2026-06-08T11:15:17.0000000Z;45.45;46.04;1113;1113
2026-06-08T11:15:18.0000000Z;45.57;45.86;1113;1113
2026-06-08T11:15:25.0000000Z;45.575;45.86;1113;1113
2026-06-08T11:15:27.0000000Z;45.575;45.89;1113;1113
2026-06-08T11:15:28.0000000Z;45.59;45.88;1113;1113
2026-06-08T11:15:31.0000000Z;45.59;45.83;1113;1113
2026-06-08T11:15:33.0000000Z;45.59;45.82;1113;1113
2026-06-08T11:15:35.0000000Z;45.575;45.82;1113;1113
2026-06-08T11:15:41.0000000Z;45.57;45.88;1113;1113
2026-06-08T11:15:43.0000000Z;45.57;45.89;1113;1113
2026-06-08T11:15:54.0000000Z;45.615;45.89;1113;1113
2026-06-08T11:15:55.0000000Z;45.62;45.89;1113;1113
2026-06-08T11:16:13.0000000Z;45.595;45.89;1113;1113
2026-06-08T11:16:43.0000000Z;45.595;45.885;1113;1113
2026-06-08T11:17:06.0000000Z;45.58;45.885;1113;1113
2026-06-08T11:17:22.0000000Z;45.595;45.885;1113;1113
2026-06-08T11:17:53.0000000Z;45.595;45.885;1113;1113
2026-06-08T11:18:16.0000000Z;45.58;45.885;1113;1113
2026-06-08T11:18:20.0000000Z;45.595;45.885;1113;1113
2026-06-08T11:18:51.0000000Z;45.595;45.885;1113;1113
2026-06-08T11:18:58.0000000Z;45.595;45.89;1113;1113
2026-06-08T11:19:29.0000000Z;45.595;45.89;1113;1113
2026-06-08T11:19:41.0000000Z;45.61;45.89;1113;1113
2026-06-08T11:19:58.0000000Z;45.62;45.89;1113;1113
2026-06-08T11:20:00.0000000Z;45.625;45.89;1113;1113
2026-06-08T11:20:07.0000000Z;45.62;45.89;1113;1113
2026-06-08T11:20:38.0000000Z;45.62;45.89;1113;1113
2026-06-08T11:20:42.0000000Z;45.57;45.89;1113;1113
2026-06-08T11:20:44.0000000Z;45.595;45.89;1113;1113
2026-06-08T11:20:50.0000000Z;45.59;45.89;1113;1113
2026-06-08T11:21:12.0000000Z;45.605;45.89;1113;1113
2026-06-08T11:21:17.0000000Z;45.62;45.89;1113;1113
2026-06-08T11:21:22.0000000Z;45.625;45.89;1113;1113
2026-06-08T11:21:29.0000000Z;45.615;45.89;1113;1113
2026-06-08T11:21:36.0000000Z;45.63;45.89;1113;1113
2026-06-08T11:22:07.0000000Z;45.63;45.89;1113;1113
2026-06-08T11:22:34.0000000Z;45.615;45.89;1113;1113
2026-06-08T11:22:35.0000000Z;45.625;45.89;1113;1113
2026-06-08T11:23:06.0000000Z;45.625;45.89;1113;1113
2026-06-08T11:23:17.0000000Z;45.605;45.89;1113;1113
2026-06-08T11:23:46.0000000Z;45.605;45.89;1113;1113
2026-06-08T11:24:12.0000000Z;45.62;45.89;1113;1113
2026-06-08T11:24:43.0000000Z;45.62;45.89;1113;1113
2026-06-08T11:25:12.0000000Z;45.61;45.89;1113;1113
2026-06-08T11:25:32.0000000Z;45.625;45.89;1113;1113
2026-06-08T11:25:43.0000000Z;45.625;45.885;1113;1113
2026-06-08T11:26:13.0000000Z;45.625;45.885;1113;1113
2026-06-08T11:26:33.0000000Z;45.605;45.885;1113;1113
2026-06-08T11:26:45.0000000Z;45.62;45.885;1113;1113
2026-06-08T11:27:16.0000000Z;45.62;45.885;1113;1113
2026-06-08T11:27:42.0000000Z;45.57;45.885;1113;1113
2026-06-08T11:27:55.0000000Z;45.605;45.885;1113;1113
2026-06-08T11:27:56.0000000Z;45.615;45.885;1113;1113
2026-06-08T11:28:27.0000000Z;45.615;45.885;1113;1113
2026-06-08T11:28:57.0000000Z;45.615;45.885;1113;1113
2026-06-08T11:29:01.0000000Z;45.595;45.885;1113;1113
2026-06-08T11:29:07.0000000Z;45.61;45.885;1113;1113
2026-06-08T11:29:37.0000000Z;45.61;45.885;1113;1113
2026-06-08T11:30:07.0000000Z;45.61;45.885;1113;1113
2026-06-08T11:30:38.0000000Z;45.61;45.885;1113;1113
2026-06-08T11:30:40.0000000Z;45.61;45.885;1113;1113
2026-06-08T11:30:53.0000000Z;45.61;45.89;1113;1113
2026-06-08T11:31:09.0000000Z;45.605;45.89;1113;1113
2026-06-08T11:31:16.0000000Z;45.62;45.89;1113;1113
2026-06-08T11:31:21.0000000Z;45.615;45.89;1113;1113
2026-06-08T11:31:44.0000000Z;45.63;45.89;1113;1113
2026-06-08T11:32:15.0000000Z;45.63;45.89;1113;1113
2026-06-08T11:32:38.0000000Z;45.62;45.89;1113;1113
2026-06-08T11:33:07.0000000Z;45.62;45.89;1113;1113
2026-06-08T11:33:37.0000000Z;45.62;45.89;1113;1113
2026-06-08T11:33:44.0000000Z;45.615;45.89;1113;1113
2026-06-08T11:33:54.0000000Z;45.61;45.89;1113;1113
2026-06-08T11:34:02.0000000Z;45.605;45.89;1113;1113
2026-06-08T11:34:30.0000000Z;45.605;45.89;1113;1113
2026-06-08T11:34:57.0000000Z;45.62;45.89;1113;1113
2026-06-08T11:35:27.0000000Z;45.62;45.89;1113;1113
2026-06-08T11:35:55.0000000Z;45.615;45.89;1113;1113
2026-06-08T11:36:24.0000000Z;45.61;45.89;1113;1113
2026-06-08T11:36:55.0000000Z;45.61;45.89;1113;1113
2026-06-08T11:37:25.0000000Z;45.61;45.89;1113;1113
2026-06-08T11:37:29.0000000Z;45.57;45.89;1113;1113
2026-06-08T11:38:00.0000000Z;45.57;45.89;1113;1113
2026-06-08T11:38:30.0000000Z;45.57;45.89;1113;1113
2026-06-08T11:39:01.0000000Z;45.57;45.89;1113;1113
2026-06-08T11:39:32.0000000Z;45.57;45.89;1113;1113
2026-06-08T11:40:02.0000000Z;45.57;45.89;1113;1113
2026-06-08T11:40:17.0000000Z;45.605;45.89;1113;1113
2026-06-08T11:40:24.0000000Z;45.62;45.89;1113;1113
2026-06-08T11:40:54.0000000Z;45.62;45.89;1113;1113
2026-06-08T11:41:19.0000000Z;45.595;45.89;1113;1113
2026-06-08T11:41:48.0000000Z;45.6;45.89;1113;1113
2026-06-08T11:42:18.0000000Z;45.6;45.89;1113;1113
2026-06-08T11:42:46.0000000Z;45.615;45.89;1113;1113
2026-06-08T11:42:52.0000000Z;45.62;45.89;1113;1113
2026-06-08T11:42:59.0000000Z;45.615;45.89;1113;1113
2026-06-08T11:43:30.0000000Z;45.615;45.89;1113;1113
2026-06-08T11:43:46.0000000Z;45.595;45.89;1113;1113
2026-06-08T11:43:47.0000000Z;45.61;45.89;1113;1113
2026-06-08T11:43:56.0000000Z;45.605;45.89;1113;1113
2026-06-08T11:44:24.0000000Z;45.605;45.89;1113;1113
2026-06-08T11:44:54.0000000Z;45.605;45.89;1113;1113
2026-06-08T11:44:59.0000000Z;45.59;45.89;1113;1113
2026-06-08T11:45:30.0000000Z;45.59;45.89;1113;1113
2026-06-08T11:46:00.0000000Z;45.59;45.89;1113;1113
2026-06-08T11:46:08.0000000Z;45.58;45.89;1113;1113
2026-06-08T11:46:38.0000000Z;45.58;45.89;1113;1113
2026-06-08T11:46:58.0000000Z;45.57;45.89;1113;1113
2026-06-08T11:47:29.0000000Z;45.57;45.89;1113;1113
2026-06-08T11:47:48.0000000Z;45.57;45.825;1113;1113
2026-06-08T11:47:49.0000000Z;45.56;45.825;1113;1113
2026-06-08T11:47:54.0000000Z;45.555;45.825;1113;1113
2026-06-08T11:48:03.0000000Z;45.55;45.825;1113;1113
2026-06-08T11:48:33.0000000Z;45.55;45.825;1113;1113
2026-06-08T11:49:03.0000000Z;45.55;45.825;1113;1113
2026-06-08T11:49:34.0000000Z;45.55;45.825;1113;1113
2026-06-08T11:50:05.0000000Z;45.55;45.825;1113;1113
2026-06-08T11:50:35.0000000Z;45.55;45.825;1113;1113
2026-06-08T11:50:41.0000000Z;45.565;45.825;1113;1113
2026-06-08T11:51:12.0000000Z;45.565;45.825;1113;1113
2026-06-08T11:51:42.0000000Z;45.565;45.825;1113;1113
2026-06-08T11:52:13.0000000Z;45.565;45.825;1113;1113
2026-06-08T11:52:25.0000000Z;45.56;45.825;1113;1113
2026-06-08T11:52:55.0000000Z;45.56;45.825;1113;1113
2026-06-08T11:53:26.0000000Z;45.56;45.825;1113;1113
2026-06-08T11:53:57.0000000Z;45.56;45.825;1113;1113
2026-06-08T11:54:27.0000000Z;45.56;45.825;1113;1113
2026-06-08T11:54:58.0000000Z;45.56;45.825;1113;1113
2026-06-08T11:55:29.0000000Z;45.56;45.825;1113;1113
2026-06-08T11:55:59.0000000Z;45.56;45.825;1113;1113
2026-06-08T11:56:30.0000000Z;45.56;45.825;1113;1113
2026-06-08T11:57:00.0000000Z;45.56;45.825;1113;1113
2026-06-08T11:57:31.0000000Z;45.56;45.825;1113;1113
2026-06-08T11:58:01.0000000Z;45.56;45.825;1113;1113
2026-06-08T11:58:19.0000000Z;45.555;45.825;1113;1113
2026-06-08T11:58:49.0000000Z;45.555;45.825;1113;1113
2026-06-08T11:59:20.0000000Z;45.555;45.825;1113;1113
2026-06-08T11:59:50.0000000Z;45.555;45.825;1113;1113
2026-06-08T12:00:21.0000000Z;45.555;45.825;1113;1113
2026-06-08T12:00:50.0000000Z;45.57;45.825;1113;1113
2026-06-08T12:01:21.0000000Z;45.57;45.825;1113;1113
2026-06-08T12:01:37.0000000Z;45.575;45.825;1113;1113
2026-06-08T12:01:44.0000000Z;45.555;45.825;1113;1113
2026-06-08T12:01:48.0000000Z;45.56;45.825;1113;1113
2026-06-08T12:02:12.0000000Z;45.575;45.82;1113;1113
2026-06-08T12:02:43.0000000Z;45.575;45.82;1113;1113
2026-06-08T12:03:09.0000000Z;45.57;45.82;1113;1113
2026-06-08T12:03:23.0000000Z;45.585;45.82;1113;1113
2026-06-08T12:03:53.0000000Z;45.585;45.82;1113;1113
2026-06-08T12:04:16.0000000Z;45.565;45.82;1113;1113
2026-06-08T12:04:20.0000000Z;45.55;45.82;1113;1113
2026-06-08T12:04:32.0000000Z;45.565;45.82;1113;1113
2026-06-08T12:04:57.0000000Z;45.56;45.82;1113;1113
2026-06-08T12:05:01.0000000Z;45.57;45.82;1113;1113
2026-06-08T12:05:03.0000000Z;45.575;45.82;1113;1113
2026-06-08T12:05:21.0000000Z;45.625;45.76;1113;1113
2026-06-08T12:05:51.0000000Z;45.625;45.76;1113;1113
2026-06-08T12:05:59.0000000Z;45.625;45.755;1113;1113
2026-06-08T12:06:30.0000000Z;45.625;45.755;1113;1113
2026-06-08T12:07:01.0000000Z;45.625;45.755;1113;1113
2026-06-08T12:07:31.0000000Z;45.625;45.755;1113;1113
2026-06-08T12:07:39.0000000Z;45.625;45.76;1113;1113
2026-06-08T12:08:10.0000000Z;45.625;45.76;1113;1113
2026-06-08T12:08:40.0000000Z;45.625;45.76;1113;1113
2026-06-08T12:09:11.0000000Z;45.625;45.76;1113;1113
2026-06-08T12:09:41.0000000Z;45.625;45.76;1113;1113
2026-06-08T12:10:12.0000000Z;45.625;45.76;1113;1113
2026-06-08T12:10:43.0000000Z;45.625;45.76;1113;1113
2026-06-08T12:11:13.0000000Z;45.625;45.76;1113;1113
2026-06-08T12:11:16.0000000Z;45.625;45.725;1113;1113
2026-06-08T12:11:17.0000000Z;45.59;45.725;1113;1113
2026-06-08T12:11:47.0000000Z;45.59;45.725;1113;1113
2026-06-08T12:12:17.0000000Z;45.59;45.725;1113;1113
2026-06-08T12:12:48.0000000Z;45.59;45.725;1113;1113
2026-06-08T12:13:18.0000000Z;45.59;45.725;1113;1113
2026-06-08T12:13:36.0000000Z;45.59;45.72;1113;1113
2026-06-08T12:13:43.0000000Z;45.59;45.725;1113;1113
2026-06-08T12:14:13.0000000Z;45.59;45.725;1113;1113
2026-06-08T12:14:44.0000000Z;45.59;45.725;1113;1113
2026-06-08T12:15:14.0000000Z;45.59;45.725;1113;1113
2026-06-08T12:15:45.0000000Z;45.59;45.725;1113;1113
2026-06-08T12:15:52.0000000Z;45.59;45.69;1113;1113
2026-06-08T12:15:59.0000000Z;45.555;45.69;1113;1113
2026-06-08T12:16:30.0000000Z;45.555;45.69;1113;1113
2026-06-08T12:17:00.0000000Z;45.555;45.69;1113;1113
2026-06-08T12:17:31.0000000Z;45.555;45.69;1113;1113
2026-06-08T12:18:01.0000000Z;45.555;45.69;1113;1113
2026-06-08T12:18:32.0000000Z;45.555;45.69;1113;1113
2026-06-08T12:19:02.0000000Z;45.555;45.69;1113;1113
2026-06-08T12:19:33.0000000Z;45.59;45.69;1113;1113
2026-06-08T12:19:36.0000000Z;45.59;45.725;1113;1113
2026-06-08T12:20:07.0000000Z;45.59;45.725;1113;1113
2026-06-08T12:20:37.0000000Z;45.59;45.725;1113;1113
2026-06-08T12:21:08.0000000Z;45.59;45.725;1113;1113
2026-06-08T12:21:38.0000000Z;45.59;45.725;1113;1113
2026-06-08T12:22:09.0000000Z;45.59;45.725;1113;1113
2026-06-08T12:22:39.0000000Z;45.59;45.725;1113;1113
2026-06-08T12:23:10.0000000Z;45.59;45.725;1113;1113
2026-06-08T12:23:41.0000000Z;45.59;45.725;1113;1113
2026-06-08T12:24:11.0000000Z;45.59;45.725;1113;1113
2026-06-08T12:24:42.0000000Z;45.59;45.725;1113;1113
2026-06-08T12:25:12.0000000Z;45.59;45.725;1113;1113
2026-06-08T12:25:18.0000000Z;45.59;45.72;1113;1113
2026-06-08T12:25:49.0000000Z;45.59;45.72;1113;1113
2026-06-08T12:26:19.0000000Z;45.59;45.72;1113;1113
2026-06-08T12:26:50.0000000Z;45.59;45.72;1113;1113
2026-06-08T12:27:20.0000000Z;45.59;45.72;1113;1113
2026-06-08T12:27:51.0000000Z;45.59;45.72;1113;1113
2026-06-08T12:28:21.0000000Z;45.59;45.72;1113;1113
2026-06-08T12:28:52.0000000Z;45.59;45.72;1113;1113
2026-06-08T12:29:22.0000000Z;45.59;45.72;1113;1113
2026-06-08T12:29:48.0000000Z;45.59;45.725;1113;1113
2026-06-08T12:30:17.0000000Z;45.59;45.725;1113;1113
2026-06-08T12:30:48.0000000Z;45.59;45.725;1113;1113
2026-06-08T12:30:53.0000000Z;45.59;45.72;1113;1113
2026-06-08T12:31:00.0000000Z;45.59;45.725;1113;1113
2026-06-08T12:31:31.0000000Z;45.59;45.725;1113;1113
2026-06-08T12:32:01.0000000Z;45.59;45.725;1113;1113
2026-06-08T12:32:32.0000000Z;45.59;45.725;1113;1113
2026-06-08T12:33:03.0000000Z;45.59;45.725;1113;1113
2026-06-08T12:33:33.0000000Z;45.59;45.725;1113;1113
2026-06-08T12:34:04.0000000Z;45.59;45.725;1113;1113
2026-06-08T12:34:34.0000000Z;45.59;45.725;1113;1113
2026-06-08T12:35:05.0000000Z;45.59;45.725;1113;1113
2026-06-08T12:35:35.0000000Z;45.59;45.725;1113;1113
2026-06-08T12:36:06.0000000Z;45.59;45.725;1113;1113
2026-06-08T12:36:36.0000000Z;45.59;45.725;1113;1113
2026-06-08T12:37:07.0000000Z;45.59;45.725;1113;1113
2026-06-08T12:37:38.0000000Z;45.59;45.725;1113;1113
2026-06-08T12:38:08.0000000Z;45.59;45.725;1113;1113
2026-06-08T12:38:39.0000000Z;45.59;45.725;1113;1113
2026-06-08T12:39:09.0000000Z;45.59;45.725;1113;1113
2026-06-08T12:39:40.0000000Z;45.59;45.725;1113;1113
2026-06-08T12:40:02.0000000Z;45.55;45.69;1113;1113
2026-06-08T12:40:31.0000000Z;45.55;45.69;1113;1113
2026-06-08T12:41:01.0000000Z;45.55;45.69;1113;1113
2026-06-08T12:41:32.0000000Z;45.55;45.69;1113;1113
2026-06-08T12:42:02.0000000Z;45.55;45.69;1113;1113
2026-06-08T12:42:33.0000000Z;45.55;45.69;1113;1113
2026-06-08T12:42:39.0000000Z;45.59;45.73;1113;1113
2026-06-08T12:43:00.0000000Z;45.595;45.73;1113;1113
2026-06-08T12:43:30.0000000Z;45.595;45.73;1113;1113
2026-06-08T12:43:57.0000000Z;45.595;45.695;1113;1113
2026-06-08T12:44:00.0000000Z;45.56;45.695;1113;1113
2026-06-08T12:44:31.0000000Z;45.56;45.695;1113;1113
2026-06-08T12:45:01.0000000Z;45.56;45.695;1113;1113
2026-06-08T12:45:32.0000000Z;45.56;45.695;1113;1113
2026-06-08T12:46:03.0000000Z;45.56;45.695;1113;1113
2026-06-08T12:46:33.0000000Z;45.56;45.695;1113;1113
2026-06-08T12:47:04.0000000Z;45.56;45.695;1113;1113
2026-06-08T12:47:19.0000000Z;45.56;45.69;1113;1113
2026-06-08T12:47:39.0000000Z;45.56;45.695;1113;1113
2026-06-08T12:47:40.0000000Z;45.56;45.69;1113;1113
2026-06-08T12:47:46.0000000Z;45.56;45.695;1113;1113
2026-06-08T12:48:09.0000000Z;45.56;45.675;1113;1113
2026-06-08T12:48:10.0000000Z;45.56;45.66;1113;1113
2026-06-08T12:48:13.0000000Z;45.525;45.66;1113;1113
2026-06-08T12:48:43.0000000Z;45.525;45.66;1113;1113
2026-06-08T12:49:13.0000000Z;45.525;45.66;1113;1113
2026-06-08T12:49:44.0000000Z;45.525;45.66;1113;1113
2026-06-08T12:50:14.0000000Z;45.525;45.66;1113;1113
2026-06-08T12:50:45.0000000Z;45.525;45.66;1113;1113
2026-06-08T12:51:15.0000000Z;45.525;45.66;1113;1113
2026-06-08T12:51:46.0000000Z;45.525;45.66;1113;1113
2026-06-08T12:52:16.0000000Z;45.525;45.66;1113;1113
2026-06-08T12:52:47.0000000Z;45.525;45.66;1113;1113
2026-06-08T12:53:18.0000000Z;45.525;45.66;1113;1113
2026-06-08T12:53:48.0000000Z;45.525;45.66;1113;1113
2026-06-08T12:54:19.0000000Z;45.525;45.66;1113;1113
2026-06-08T12:54:49.0000000Z;45.525;45.66;1113;1113
2026-06-08T12:55:20.0000000Z;45.525;45.66;1113;1113
2026-06-08T12:55:51.0000000Z;45.525;45.66;1113;1113
2026-06-08T12:56:21.0000000Z;45.525;45.66;1113;1113
2026-06-08T12:56:52.0000000Z;45.525;45.66;1113;1113
2026-06-08T12:57:22.0000000Z;45.525;45.66;1113;1113
2026-06-08T12:57:53.0000000Z;45.525;45.66;1113;1113
2026-06-08T12:58:23.0000000Z;45.525;45.66;1113;1113
2026-06-08T12:58:54.0000000Z;45.525;45.66;1113;1113
2026-06-08T12:59:24.0000000Z;45.525;45.66;1113;1113
2026-06-08T12:59:55.0000000Z;45.525;45.66;1113;1113
2026-06-08T13:00:21.0000000Z;45.56;45.66;1113;1113
2026-06-08T13:00:24.0000000Z;45.56;45.695;1113;1113
2026-06-08T13:00:55.0000000Z;45.56;45.695;1113;1113
2026-06-08T13:01:25.0000000Z;45.56;45.695;1113;1113
2026-06-08T13:01:56.0000000Z;45.56;45.695;1113;1113
2026-06-08T13:02:26.0000000Z;45.56;45.695;1113;1113
2026-06-08T13:02:57.0000000Z;45.56;45.695;1113;1113
2026-06-08T13:03:27.0000000Z;45.56;45.695;1113;1113
2026-06-08T13:03:58.0000000Z;45.56;45.695;1113;1113
2026-06-08T13:04:28.0000000Z;45.56;45.695;1113;1113
2026-06-08T13:04:59.0000000Z;45.56;45.695;1113;1113
2026-06-08T13:05:29.0000000Z;45.56;45.695;1113;1113
2026-06-08T13:06:00.0000000Z;45.56;45.695;1113;1113
2026-06-08T13:06:30.0000000Z;45.56;45.695;1113;1113
2026-06-08T13:07:01.0000000Z;45.56;45.695;1113;1113
2026-06-08T13:07:32.0000000Z;45.56;45.695;1113;1113
2026-06-08T13:08:02.0000000Z;45.56;45.695;1113;1113
2026-06-08T13:08:33.0000000Z;45.56;45.695;1113;1113
2026-06-08T13:09:03.0000000Z;45.56;45.695;1113;1113
2026-06-08T13:09:34.0000000Z;45.56;45.695;1113;1113
2026-06-08T13:10:04.0000000Z;45.56;45.695;1113;1113
2026-06-08T13:10:35.0000000Z;45.56;45.695;1113;1113
2026-06-08T13:11:05.0000000Z;45.56;45.695;1113;1113
2026-06-08T13:11:36.0000000Z;45.56;45.695;1113;1113
2026-06-08T13:12:06.0000000Z;45.56;45.695;1113;1113
2026-06-08T13:12:37.0000000Z;45.56;45.695;1113;1113
2026-06-08T13:13:07.0000000Z;45.56;45.695;1113;1113
2026-06-08T13:13:38.0000000Z;45.56;45.695;1113;1113
2026-06-08T13:14:08.0000000Z;45.56;45.695;1113;1113
2026-06-08T13:14:39.0000000Z;45.56;45.695;1113;1113
2026-06-08T13:14:40.0000000Z;45.56;45.675;1113;1113
2026-06-08T13:14:41.0000000Z;45.56;45.66;1113;1113
2026-06-08T13:14:44.0000000Z;45.53;45.66;1113;1113
2026-06-08T13:15:15.0000000Z;45.53;45.66;1113;1113
2026-06-08T13:15:45.0000000Z;45.53;45.66;1113;1113
2026-06-08T13:16:16.0000000Z;45.53;45.66;1113;1113
2026-06-08T13:16:46.0000000Z;45.53;45.66;1113;1113
2026-06-08T13:17:17.0000000Z;45.53;45.66;1113;1113
2026-06-08T13:17:48.0000000Z;45.53;45.66;1113;1113
2026-06-08T13:18:18.0000000Z;45.53;45.66;1113;1113
2026-06-08T13:18:49.0000000Z;45.53;45.66;1113;1113
2026-06-08T13:19:19.0000000Z;45.53;45.66;1113;1113
2026-06-08T13:19:50.0000000Z;45.53;45.66;1113;1113
2026-06-08T13:20:20.0000000Z;45.53;45.66;1113;1113
2026-06-08T13:20:39.0000000Z;45.56;45.66;1113;1113
2026-06-08T13:20:41.0000000Z;45.56;45.695;1113;1113
2026-06-08T13:21:11.0000000Z;45.56;45.695;1113;1113
2026-06-08T13:21:42.0000000Z;45.56;45.695;1113;1113
2026-06-08T13:22:12.0000000Z;45.56;45.695;1113;1113
2026-06-08T13:22:43.0000000Z;45.56;45.695;1113;1113
2026-06-08T13:22:55.0000000Z;45.595;45.695;1113;1113
2026-06-08T13:22:57.0000000Z;45.595;45.73;1113;1113
2026-06-08T13:23:17.0000000Z;45.595;45.725;1113;1113
2026-06-08T13:23:31.0000000Z;45.595;45.73;1113;1113
2026-06-08T13:24:02.0000000Z;45.595;45.73;1113;1113
2026-06-08T13:24:28.0000000Z;45.595;45.695;1113;1113
2026-06-08T13:24:30.0000000Z;45.56;45.695;1113;1113
2026-06-08T13:25:01.0000000Z;45.56;45.695;1113;1113
2026-06-08T13:25:31.0000000Z;45.56;45.695;1113;1113
2026-06-08T13:26:02.0000000Z;45.56;45.695;1113;1113
2026-06-08T13:26:32.0000000Z;45.56;45.695;1113;1113
2026-06-08T13:27:03.0000000Z;45.56;45.695;1113;1113
2026-06-08T13:27:33.0000000Z;45.56;45.695;1113;1113
2026-06-08T13:28:02.0000000Z;45.555;45.695;1113;1113
2026-06-08T13:28:32.0000000Z;45.555;45.695;1113;1113
2026-06-08T13:29:03.0000000Z;45.555;45.695;1113;1113
2026-06-08T13:29:34.0000000Z;45.555;45.695;1113;1113
2026-06-08T13:30:04.0000000Z;45.555;45.695;1113;1113
2026-06-08T13:30:34.0000000Z;45.555;45.695;1113;1113
2026-06-08T13:31:05.0000000Z;45.555;45.695;1113;1113
2026-06-08T13:31:35.0000000Z;45.555;45.695;1113;1113
2026-06-08T13:31:46.0000000Z;45.59;45.695;1113;1113
2026-06-08T13:31:52.0000000Z;45.59;45.73;1113;1113
2026-06-08T13:32:01.0000000Z;45.595;45.73;1113;1113
2026-06-08T13:32:32.0000000Z;45.595;45.73;1113;1113
2026-06-08T13:33:03.0000000Z;45.595;45.73;1113;1113
2026-06-08T13:33:33.0000000Z;45.595;45.73;1113;1113
2026-06-08T13:34:04.0000000Z;45.595;45.73;1113;1113
2026-06-08T13:34:20.0000000Z;45.595;45.725;1113;1113
2026-06-08T13:34:50.0000000Z;45.595;45.725;1113;1113
2026-06-08T13:35:04.0000000Z;45.56;45.695;1113;1113
2026-06-08T13:35:35.0000000Z;45.56;45.695;1113;1113
2026-06-08T13:36:05.0000000Z;45.56;45.695;1113;1113
2026-06-08T13:36:36.0000000Z;45.56;45.695;1113;1113
2026-06-08T13:36:47.0000000Z;45.595;45.695;1113;1113
2026-06-08T13:36:50.0000000Z;45.595;45.73;1113;1113
2026-06-08T13:37:21.0000000Z;45.595;45.73;1113;1113
2026-06-08T13:37:51.0000000Z;45.595;45.73;1113;1113
2026-06-08T13:38:22.0000000Z;45.595;45.73;1113;1113
2026-06-08T13:38:52.0000000Z;45.595;45.73;1113;1113
2026-06-08T13:39:23.0000000Z;45.595;45.73;1113;1113
2026-06-08T13:39:53.0000000Z;45.595;45.73;1113;1113
2026-06-08T13:40:24.0000000Z;45.595;45.73;1113;1113
2026-06-08T13:40:54.0000000Z;45.595;45.73;1113;1113
2026-06-08T13:41:25.0000000Z;45.595;45.73;1113;1113
2026-06-08T13:41:55.0000000Z;45.595;45.73;1113;1113
2026-06-08T13:42:26.0000000Z;45.595;45.73;1113;1113
2026-06-08T13:42:47.0000000Z;45.595;45.725;1113;1113
2026-06-08T13:43:00.0000000Z;45.595;45.73;1113;1113
2026-06-08T13:43:12.0000000Z;45.595;45.725;1113;1113
2026-06-08T13:43:18.0000000Z;45.595;45.73;1113;1113
2026-06-08T13:43:49.0000000Z;45.595;45.73;1113;1113
2026-06-08T13:44:13.0000000Z;45.595;45.72;1113;1113
2026-06-08T13:44:17.0000000Z;45.595;45.71;1113;1113
2026-06-08T13:44:25.0000000Z;45.595;45.72;1113;1113
2026-06-08T13:44:32.0000000Z;45.595;45.725;1113;1113
2026-06-08T13:44:49.0000000Z;45.595;45.72;1113;1113
2026-06-08T13:45:00.0000000Z;45.595;45.725;1113;1113
2026-06-08T13:45:04.0000000Z;45.595;45.72;1113;1113
2026-06-08T13:45:16.0000000Z;45.595;45.73;1113;1113
2026-06-08T13:45:20.0000000Z;45.595;45.72;1113;1113
2026-06-08T13:45:26.0000000Z;45.595;45.725;1113;1113
2026-06-08T13:45:57.0000000Z;45.595;45.725;1113;1113
2026-06-08T13:46:03.0000000Z;45.595;45.73;1113;1113
2026-06-08T13:46:33.0000000Z;45.595;45.73;1113;1113
2026-06-08T13:47:04.0000000Z;45.595;45.73;1113;1113
2026-06-08T13:47:34.0000000Z;45.595;45.73;1113;1113
2026-06-08T13:48:05.0000000Z;45.595;45.73;1113;1113
2026-06-08T13:48:35.0000000Z;45.595;45.73;1113;1113
2026-06-08T13:49:06.0000000Z;45.595;45.73;1113;1113
2026-06-08T13:49:36.0000000Z;45.595;45.73;1113;1113
2026-06-08T13:50:07.0000000Z;45.595;45.73;1113;1113
2026-06-08T13:50:37.0000000Z;45.595;45.73;1113;1113
2026-06-08T13:50:44.0000000Z;45.595;45.725;1113;1113
2026-06-08T13:50:53.0000000Z;45.595;45.73;1113;1113
2026-06-08T13:51:24.0000000Z;45.595;45.73;1113;1113
2026-06-08T13:51:54.0000000Z;45.595;45.73;1113;1113
2026-06-08T13:52:25.0000000Z;45.595;45.73;1113;1113
2026-06-08T13:52:53.0000000Z;45.63;45.73;1113;1113
2026-06-08T13:52:55.0000000Z;45.63;45.765;1113;1113
2026-06-08T13:53:26.0000000Z;45.63;45.765;1113;1113
2026-06-08T13:53:56.0000000Z;45.63;45.765;1113;1113
2026-06-08T13:54:20.0000000Z;45.63;45.76;1113;1113
2026-06-08T13:54:23.0000000Z;45.63;45.765;1113;1113
2026-06-08T13:54:53.0000000Z;45.63;45.765;1113;1113
2026-06-08T13:55:24.0000000Z;45.63;45.765;1113;1113
2026-06-08T13:55:33.0000000Z;45.63;45.76;1113;1113
2026-06-08T13:56:04.0000000Z;45.63;45.76;1113;1113
2026-06-08T13:56:35.0000000Z;45.63;45.76;1113;1113
2026-06-08T13:56:53.0000000Z;45.63;45.765;1113;1113
2026-06-08T13:57:24.0000000Z;45.63;45.765;1113;1113
2026-06-08T13:57:38.0000000Z;45.63;45.73;1113;1113
2026-06-08T13:57:40.0000000Z;45.595;45.73;1113;1113
2026-06-08T13:58:10.0000000Z;45.595;45.73;1113;1113
2026-06-08T13:58:41.0000000Z;45.595;45.73;1113;1113
2026-06-08T13:59:11.0000000Z;45.595;45.73;1113;1113
2026-06-08T13:59:42.0000000Z;45.595;45.73;1113;1113
2026-06-08T14:00:12.0000000Z;45.595;45.73;1113;1113
2026-06-08T14:00:20.0000000Z;45.595;45.72;1113;1113
2026-06-08T14:00:26.0000000Z;45.595;45.725;1113;1113
2026-06-08T14:00:32.0000000Z;45.595;45.73;1113;1113
2026-06-08T14:00:39.0000000Z;45.595;45.725;1113;1113
2026-06-08T14:01:07.0000000Z;45.595;45.73;1113;1113
2026-06-08T14:01:38.0000000Z;45.595;45.73;1113;1113
2026-06-08T14:02:08.0000000Z;45.595;45.73;1113;1113
2026-06-08T14:02:39.0000000Z;45.595;45.73;1113;1113
2026-06-08T14:03:09.0000000Z;45.595;45.73;1113;1113
2026-06-08T14:03:40.0000000Z;45.595;45.73;1113;1113
2026-06-08T14:04:10.0000000Z;45.595;45.73;1113;1113
2026-06-08T14:04:41.0000000Z;45.595;45.73;1113;1113
2026-06-08T14:05:11.0000000Z;45.595;45.73;1113;1113
2026-06-08T14:05:42.0000000Z;45.595;45.73;1113;1113
2026-06-08T14:06:12.0000000Z;45.595;45.73;1113;1113
2026-06-08T14:06:43.0000000Z;45.595;45.73;1113;1113
2026-06-08T14:07:13.0000000Z;45.595;45.73;1113;1113
2026-06-08T14:07:44.0000000Z;45.595;45.73;1113;1113
2026-06-08T14:08:14.0000000Z;45.595;45.73;1113;1113
2026-06-08T14:08:45.0000000Z;45.595;45.73;1113;1113
2026-06-08T14:08:57.0000000Z;45.66;45.73;1113;1113
2026-06-08T14:09:27.0000000Z;45.66;45.73;1113;1113
2026-06-08T14:09:58.0000000Z;45.66;45.73;1113;1113
2026-06-08T14:10:28.0000000Z;45.66;45.73;1113;1113
2026-06-08T14:10:38.0000000Z;45.66;45.695;1113;1113
2026-06-08T14:11:09.0000000Z;45.66;45.695;1113;1113
2026-06-08T14:11:40.0000000Z;45.66;45.695;1113;1113
2026-06-08T14:12:10.0000000Z;45.66;45.695;1113;1113
2026-06-08T14:12:37.0000000Z;45.66;45.69;1113;1113
2026-06-08T14:12:44.0000000Z;45.56;45.69;1113;1113
2026-06-08T14:13:04.0000000Z;45.56;45.66;1113;1113
2026-06-08T14:13:05.0000000Z;45.525;45.66;1113;1113
2026-06-08T14:13:15.0000000Z;45.525;45.655;1113;1113
2026-06-08T14:13:22.0000000Z;45.525;45.66;1113;1113
2026-06-08T14:13:52.0000000Z;45.525;45.66;1113;1113
2026-06-08T14:14:22.0000000Z;45.525;45.66;1113;1113
2026-06-08T14:14:53.0000000Z;45.525;45.66;1113;1113
2026-06-08T14:15:23.0000000Z;45.525;45.66;1113;1113
2026-06-08T14:15:54.0000000Z;45.525;45.66;1113;1113
2026-06-08T14:16:24.0000000Z;45.525;45.66;1113;1113
2026-06-08T14:16:55.0000000Z;45.525;45.66;1113;1113
2026-06-08T14:17:25.0000000Z;45.525;45.66;1113;1113
2026-06-08T14:17:56.0000000Z;45.525;45.66;1113;1113
2026-06-08T14:18:20.0000000Z;45.525;45.655;1113;1113
2026-06-08T14:18:26.0000000Z;45.525;45.66;1113;1113
2026-06-08T14:18:32.0000000Z;45.525;45.655;1113;1113
2026-06-08T14:19:03.0000000Z;45.525;45.655;1113;1113
2026-06-08T14:19:33.0000000Z;45.525;45.655;1113;1113
2026-06-08T14:20:04.0000000Z;45.525;45.655;1113;1113
2026-06-08T14:20:32.0000000Z;45.525;45.65;1113;1113
2026-06-08T14:20:55.0000000Z;45.525;45.625;1113;1113
2026-06-08T14:20:56.0000000Z;45.49;45.625;1113;1113
2026-06-08T14:21:27.0000000Z;45.49;45.625;1113;1113
2026-06-08T14:21:57.0000000Z;45.49;45.625;1113;1113
2026-06-08T14:22:28.0000000Z;45.49;45.625;1113;1113
2026-06-08T14:22:58.0000000Z;45.49;45.625;1113;1113
2026-06-08T14:23:29.0000000Z;45.49;45.625;1113;1113
2026-06-08T14:24:00.0000000Z;45.49;45.625;1113;1113
2026-06-08T14:24:30.0000000Z;45.49;45.625;1113;1113
2026-06-08T14:25:01.0000000Z;45.49;45.625;1113;1113
2026-06-08T14:25:31.0000000Z;45.49;45.625;1113;1113
2026-06-08T14:26:02.0000000Z;45.49;45.625;1113;1113
2026-06-08T14:26:22.0000000Z;45.525;45.625;1113;1113
2026-06-08T14:26:34.0000000Z;45.525;45.66;1113;1113
2026-06-08T14:26:54.0000000Z;45.525;45.66;1113;1113
2026-06-08T14:27:25.0000000Z;45.525;45.66;1113;1113
2026-06-08T14:27:55.0000000Z;45.525;45.66;1113;1113
2026-06-08T14:28:14.0000000Z;45.525;45.625;1113;1113
2026-06-08T14:28:16.0000000Z;45.49;45.625;1113;1113
2026-06-08T14:28:46.0000000Z;45.49;45.625;1113;1113
2026-06-08T14:29:17.0000000Z;45.49;45.625;1113;1113
2026-06-08T14:29:47.0000000Z;45.49;45.625;1113;1113
2026-06-08T14:30:18.0000000Z;45.49;45.625;1113;1113
2026-06-08T14:30:48.0000000Z;45.49;45.625;1113;1113
2026-06-08T14:31:19.0000000Z;45.49;45.625;1113;1113
2026-06-08T14:31:49.0000000Z;45.49;45.625;1113;1113
2026-06-08T14:32:20.0000000Z;45.49;45.625;1113;1113
2026-06-08T14:32:50.0000000Z;45.49;45.625;1113;1113
2026-06-08T14:33:21.0000000Z;45.49;45.625;1113;1113
2026-06-08T14:33:51.0000000Z;45.49;45.625;1113;1113
2026-06-08T14:34:22.0000000Z;45.49;45.625;1113;1113
2026-06-08T14:34:52.0000000Z;45.49;45.625;1113;1113
2026-06-08T14:35:23.0000000Z;45.49;45.625;1113;1113
2026-06-08T14:35:36.0000000Z;45.525;45.625;1113;1113
2026-06-08T14:35:38.0000000Z;45.525;45.66;1113;1113
2026-06-08T14:36:09.0000000Z;45.525;45.66;1113;1113
2026-06-08T14:36:34.0000000Z;45.56;45.66;1113;1113
2026-06-08T14:36:35.0000000Z;45.56;45.685;1113;1113
2026-06-08T14:36:39.0000000Z;45.56;45.695;1113;1113
2026-06-08T14:37:10.0000000Z;45.56;45.695;1113;1113
2026-06-08T14:37:28.0000000Z;45.56;45.685;1113;1113
2026-06-08T14:37:34.0000000Z;45.56;45.695;1113;1113
2026-06-08T14:37:40.0000000Z;45.56;45.685;1113;1113
2026-06-08T14:37:44.0000000Z;45.56;45.675;1113;1113
2026-06-08T14:38:01.0000000Z;45.56;45.695;1113;1113
2026-06-08T14:38:31.0000000Z;45.56;45.695;1113;1113
2026-06-08T14:39:01.0000000Z;45.56;45.695;1113;1113
2026-06-08T14:39:32.0000000Z;45.56;45.695;1113;1113
2026-06-08T14:40:02.0000000Z;45.56;45.695;1113;1113
2026-06-08T14:40:33.0000000Z;45.56;45.695;1113;1113
2026-06-08T14:41:03.0000000Z;45.56;45.695;1113;1113
2026-06-08T14:41:34.0000000Z;45.56;45.695;1113;1113
2026-06-08T14:42:04.0000000Z;45.56;45.695;1113;1113
2026-06-08T14:42:35.0000000Z;45.56;45.695;1113;1113
2026-06-08T14:43:05.0000000Z;45.56;45.695;1113;1113
2026-06-08T14:43:36.0000000Z;45.56;45.695;1113;1113
2026-06-08T14:44:06.0000000Z;45.56;45.695;1113;1113
2026-06-08T14:44:37.0000000Z;45.56;45.695;1113;1113
2026-06-08T14:45:07.0000000Z;45.56;45.695;1113;1113
2026-06-08T14:45:15.0000000Z;45.59;45.73;1113;1113
2026-06-08T14:45:16.0000000Z;45.595;45.73;1113;1113
2026-06-08T14:45:46.0000000Z;45.595;45.73;1113;1113
2026-06-08T14:46:16.0000000Z;45.595;45.73;1113;1113
2026-06-08T14:46:47.0000000Z;45.595;45.73;1113;1113
2026-06-08T14:47:17.0000000Z;45.595;45.73;1113;1113
2026-06-08T14:47:48.0000000Z;45.595;45.73;1113;1113
2026-06-08T14:47:50.0000000Z;45.63;45.765;1113;1113
2026-06-08T14:48:20.0000000Z;45.63;45.765;1113;1113
2026-06-08T14:48:39.0000000Z;45.63;45.73;1113;1113
2026-06-08T14:48:40.0000000Z;45.595;45.73;1113;1113
2026-06-08T14:49:10.0000000Z;45.595;45.73;1113;1113
2026-06-08T14:49:41.0000000Z;45.595;45.73;1113;1113
2026-06-08T14:50:11.0000000Z;45.595;45.73;1113;1113
2026-06-08T14:50:42.0000000Z;45.595;45.73;1113;1113
2026-06-08T14:51:12.0000000Z;45.595;45.73;1113;1113
2026-06-08T14:51:43.0000000Z;45.595;45.73;1113;1113
2026-06-08T14:52:13.0000000Z;45.595;45.73;1113;1113
2026-06-08T14:52:44.0000000Z;45.595;45.73;1113;1113
2026-06-08T14:53:14.0000000Z;45.595;45.73;1113;1113
2026-06-08T14:53:45.0000000Z;45.595;45.73;1113;1113
2026-06-08T14:54:16.0000000Z;45.595;45.73;1113;1113
2026-06-08T14:54:46.0000000Z;45.595;45.73;1113;1113
2026-06-08T14:55:17.0000000Z;45.595;45.73;1113;1113
2026-06-08T14:55:47.0000000Z;45.595;45.73;1113;1113
2026-06-08T14:56:18.0000000Z;45.595;45.73;1113;1113
2026-06-08T14:56:48.0000000Z;45.595;45.73;1113;1113
2026-06-08T14:57:19.0000000Z;45.595;45.73;1113;1113
2026-06-08T14:57:49.0000000Z;45.595;45.73;1113;1113
2026-06-08T14:58:20.0000000Z;45.595;45.73;1113;1113
2026-06-08T14:58:23.0000000Z;45.63;45.73;1113;1113
2026-06-08T14:58:25.0000000Z;45.63;45.765;1113;1113
2026-06-08T14:58:55.0000000Z;45.63;45.765;1113;1113
2026-06-08T14:59:26.0000000Z;45.63;45.765;1113;1113
2026-06-08T14:59:56.0000000Z;45.63;45.765;1113;1113
