2026-06-08T08:00:24.0000000Z;5.639;5.65;895;895
2026-06-08T08:00:26.0000000Z;5.6382;5.65;895;895
2026-06-08T08:00:56.0000000Z;5.6382;5.65;895;895
2026-06-08T08:01:27.0000000Z;5.6382;5.65;895;895
2026-06-08T08:01:57.0000000Z;5.6382;5.65;895;895
2026-06-08T08:02:09.0000000Z;5.6382;5.6498;895;895
2026-06-08T08:02:40.0000000Z;5.6382;5.6498;895;895
2026-06-08T08:03:10.0000000Z;5.6382;5.6498;895;895
2026-06-08T08:03:41.0000000Z;5.6382;5.6498;895;895
2026-06-08T08:04:11.0000000Z;5.6382;5.6498;895;895
2026-06-08T08:04:32.0000000Z;5.6382;5.6496;895;895
2026-06-08T08:05:02.0000000Z;5.6382;5.6496;895;895
2026-06-08T08:05:32.0000000Z;5.6382;5.6496;895;895
2026-06-08T08:06:03.0000000Z;5.6382;5.6496;895;895
2026-06-08T08:06:34.0000000Z;5.6382;5.6496;895;895
2026-06-08T08:07:04.0000000Z;5.6382;5.6496;895;895
2026-06-08T08:07:35.0000000Z;5.6382;5.6496;895;895
2026-06-08T08:08:05.0000000Z;5.6382;5.6496;895;895
2026-06-08T08:08:36.0000000Z;5.6382;5.6496;895;895
2026-06-08T08:09:06.0000000Z;5.6382;5.6496;895;895
2026-06-08T08:09:37.0000000Z;5.6382;5.6496;895;895
2026-06-08T08:10:07.0000000Z;5.6382;5.6496;895;895
2026-06-08T08:10:38.0000000Z;5.6382;5.6496;895;895
2026-06-08T08:11:08.0000000Z;5.6382;5.6496;895;895
2026-06-08T08:11:39.0000000Z;5.6382;5.6496;895;895
2026-06-08T08:12:09.0000000Z;5.6382;5.6496;895;895
2026-06-08T08:12:40.0000000Z;5.6382;5.6496;895;895
2026-06-08T08:13:10.0000000Z;5.6382;5.6496;895;895
2026-06-08T08:13:34.0000000Z;5.6382;5.6494;895;895
2026-06-08T08:14:04.0000000Z;5.6382;5.6494;895;895
2026-06-08T08:14:35.0000000Z;5.6382;5.6494;895;895
2026-06-08T08:15:05.0000000Z;5.6382;5.6494;895;895
2026-06-08T08:15:36.0000000Z;5.6382;5.6494;895;895
2026-06-08T08:15:38.0000000Z;5.6374;5.6494;895;895
2026-06-08T08:16:08.0000000Z;5.6374;5.6494;895;895
2026-06-08T08:16:39.0000000Z;5.6374;5.6494;895;895
2026-06-08T08:17:09.0000000Z;5.6374;5.6494;895;895
2026-06-08T08:17:31.0000000Z;5.6374;5.6488;895;895
2026-06-08T08:18:02.0000000Z;5.6374;5.6488;895;895
2026-06-08T08:18:33.0000000Z;5.6374;5.6488;895;895
2026-06-08T08:18:59.0000000Z;5.6382;5.6488;895;895
2026-06-08T08:19:30.0000000Z;5.6382;5.6488;895;895
2026-06-08T08:20:00.0000000Z;5.6382;5.6488;895;895
2026-06-08T08:20:31.0000000Z;5.6382;5.6488;895;895
2026-06-08T08:21:01.0000000Z;5.6382;5.6488;895;895
2026-06-08T08:21:32.0000000Z;5.6382;5.6488;895;895
2026-06-08T08:22:02.0000000Z;5.6382;5.6488;895;895
2026-06-08T08:22:33.0000000Z;5.6382;5.6488;895;895
2026-06-08T08:23:03.0000000Z;5.6382;5.6488;895;895
2026-06-08T08:23:14.0000000Z;5.6374;5.6488;895;895
2026-06-08T08:23:42.0000000Z;5.6374;5.6488;895;895
2026-06-08T08:24:12.0000000Z;5.6374;5.6488;895;895
2026-06-08T08:24:43.0000000Z;5.6374;5.6488;895;895
2026-06-08T08:25:13.0000000Z;5.6374;5.6488;895;895
2026-06-08T08:25:44.0000000Z;5.6374;5.6488;895;895
2026-06-08T08:26:14.0000000Z;5.6374;5.6488;895;895
2026-06-08T08:26:45.0000000Z;5.6374;5.6488;895;895
2026-06-08T08:27:16.0000000Z;5.6374;5.6488;895;895
2026-06-08T08:27:46.0000000Z;5.6374;5.6488;895;895
2026-06-08T08:28:17.0000000Z;5.6374;5.6488;895;895
2026-06-08T08:28:47.0000000Z;5.6374;5.6488;895;895
2026-06-08T08:29:12.0000000Z;5.6374;5.6432;895;895
2026-06-08T08:29:31.0000000Z;5.6372;5.6432;895;895
2026-06-08T08:30:01.0000000Z;5.6372;5.6432;895;895
2026-06-08T08:30:32.0000000Z;5.6372;5.6432;895;895
2026-06-08T08:31:02.0000000Z;5.6372;5.6432;895;895
2026-06-08T08:31:33.0000000Z;5.6372;5.6432;895;895
2026-06-08T08:32:04.0000000Z;5.6372;5.6432;895;895
2026-06-08T08:32:16.0000000Z;5.6374;5.6432;895;895
2026-06-08T08:32:46.0000000Z;5.6374;5.6432;895;895
2026-06-08T08:33:17.0000000Z;5.6374;5.6432;895;895
2026-06-08T08:33:47.0000000Z;5.6374;5.6432;895;895
2026-06-08T08:34:18.0000000Z;5.6374;5.6432;895;895
2026-06-08T08:34:49.0000000Z;5.6374;5.6432;895;895
2026-06-08T08:35:19.0000000Z;5.6374;5.6432;895;895
2026-06-08T08:35:50.0000000Z;5.6374;5.6432;895;895
2026-06-08T08:36:20.0000000Z;5.6374;5.6432;895;895
2026-06-08T08:36:51.0000000Z;5.6374;5.6432;895;895
2026-06-08T08:37:21.0000000Z;5.6374;5.6432;895;895
2026-06-08T08:37:52.0000000Z;5.6374;5.6432;895;895
2026-06-08T08:38:22.0000000Z;5.6374;5.6432;895;895
2026-06-08T08:38:53.0000000Z;5.6374;5.6432;895;895
2026-06-08T08:39:23.0000000Z;5.6374;5.6432;895;895
2026-06-08T08:39:54.0000000Z;5.6374;5.6432;895;895
2026-06-08T08:40:25.0000000Z;5.6374;5.6432;895;895
2026-06-08T08:40:55.0000000Z;5.6374;5.6432;895;895
2026-06-08T08:41:25.0000000Z;5.6374;5.6432;895;895
2026-06-08T08:41:56.0000000Z;5.6374;5.6432;895;895
2026-06-08T08:42:26.0000000Z;5.6374;5.6432;895;895
2026-06-08T08:42:57.0000000Z;5.6374;5.6432;895;895
2026-06-08T08:43:27.0000000Z;5.6374;5.6432;895;895
2026-06-08T08:43:58.0000000Z;5.6374;5.6432;895;895
2026-06-08T08:44:29.0000000Z;5.6374;5.6432;895;895
2026-06-08T08:44:59.0000000Z;5.6374;5.6432;895;895
2026-06-08T08:45:30.0000000Z;5.6374;5.6432;895;895
2026-06-08T08:46:00.0000000Z;5.6374;5.6432;895;895
2026-06-08T08:46:31.0000000Z;5.6374;5.6432;895;895
2026-06-08T08:47:01.0000000Z;5.6374;5.6432;895;895
2026-06-08T08:47:32.0000000Z;5.6374;5.6432;895;895
2026-06-08T08:48:02.0000000Z;5.6374;5.6432;895;895
2026-06-08T08:48:33.0000000Z;5.6374;5.6432;895;895
2026-06-08T08:49:03.0000000Z;5.6374;5.6432;895;895
2026-06-08T08:49:34.0000000Z;5.6374;5.6432;895;895
2026-06-08T08:50:04.0000000Z;5.6374;5.6432;895;895
2026-06-08T08:50:35.0000000Z;5.6374;5.6432;895;895
2026-06-08T08:51:05.0000000Z;5.6374;5.6432;895;895
2026-06-08T08:51:36.0000000Z;5.6374;5.6432;895;895
2026-06-08T08:52:06.0000000Z;5.6374;5.6432;895;895
2026-06-08T08:52:24.0000000Z;5.6374;5.6434;895;895
2026-06-08T08:52:54.0000000Z;5.6374;5.6434;895;895
2026-06-08T08:53:25.0000000Z;5.6374;5.6434;895;895
2026-06-08T08:53:55.0000000Z;5.6374;5.6434;895;895
2026-06-08T08:54:26.0000000Z;5.6374;5.6434;895;895
2026-06-08T08:54:57.0000000Z;5.6374;5.6434;895;895
2026-06-08T08:55:27.0000000Z;5.6374;5.6434;895;895
2026-06-08T08:55:58.0000000Z;5.6374;5.6434;895;895
2026-06-08T08:56:28.0000000Z;5.6374;5.6434;895;895
2026-06-08T08:56:59.0000000Z;5.6374;5.6434;895;895
2026-06-08T08:57:29.0000000Z;5.6374;5.6434;895;895
2026-06-08T08:57:39.0000000Z;5.6374;5.6442;895;895
2026-06-08T08:58:09.0000000Z;5.6374;5.6442;895;895
2026-06-08T08:58:39.0000000Z;5.6374;5.6442;895;895
2026-06-08T08:59:10.0000000Z;5.6374;5.6442;895;895
2026-06-08T08:59:40.0000000Z;5.6374;5.6442;895;895
2026-06-08T09:00:11.0000000Z;5.6374;5.6442;895;895
2026-06-08T09:00:41.0000000Z;5.6374;5.6442;895;895
2026-06-08T09:01:12.0000000Z;5.6374;5.6442;895;895
2026-06-08T09:01:43.0000000Z;5.6374;5.6442;895;895
2026-06-08T09:02:13.0000000Z;5.6374;5.6442;895;895
2026-06-08T09:02:44.0000000Z;5.6374;5.6442;895;895
2026-06-08T09:03:14.0000000Z;5.6374;5.6442;895;895
2026-06-08T09:03:45.0000000Z;5.6374;5.6442;895;895
2026-06-08T09:04:15.0000000Z;5.6374;5.6442;895;895
2026-06-08T09:04:46.0000000Z;5.6374;5.6442;895;895
2026-06-08T09:05:16.0000000Z;5.6374;5.6442;895;895
2026-06-08T09:05:47.0000000Z;5.6374;5.6442;895;895
2026-06-08T09:06:17.0000000Z;5.6374;5.6442;895;895
2026-06-08T09:06:48.0000000Z;5.6374;5.6442;895;895
2026-06-08T09:07:18.0000000Z;5.6374;5.6442;895;895
2026-06-08T09:07:49.0000000Z;5.6374;5.6442;895;895
2026-06-08T09:08:20.0000000Z;5.6374;5.6442;895;895
2026-06-08T09:08:50.0000000Z;5.6374;5.6442;895;895
2026-06-08T09:09:21.0000000Z;5.6374;5.6442;895;895
2026-06-08T09:09:51.0000000Z;5.6374;5.6442;895;895
2026-06-08T09:10:22.0000000Z;5.6374;5.6442;895;895
2026-06-08T09:10:52.0000000Z;5.6374;5.6442;895;895
2026-06-08T09:11:23.0000000Z;5.6374;5.6442;895;895
2026-06-08T09:11:54.0000000Z;5.6374;5.6442;895;895
2026-06-08T09:12:24.0000000Z;5.6374;5.6442;895;895
2026-06-08T09:12:55.0000000Z;5.6374;5.6442;895;895
2026-06-08T09:13:25.0000000Z;5.6374;5.6442;895;895
2026-06-08T09:13:56.0000000Z;5.6374;5.6442;895;895
2026-06-08T09:14:26.0000000Z;5.6374;5.6442;895;895
2026-06-08T09:14:57.0000000Z;5.6374;5.6442;895;895
2026-06-08T09:15:28.0000000Z;5.6374;5.6442;895;895
2026-06-08T09:15:58.0000000Z;5.6374;5.6442;895;895
2026-06-08T09:16:29.0000000Z;5.6374;5.6442;895;895
2026-06-08T09:16:59.0000000Z;5.6374;5.6442;895;895
2026-06-08T09:17:30.0000000Z;5.6374;5.6442;895;895
2026-06-08T09:18:00.0000000Z;5.6374;5.6442;895;895
2026-06-08T09:18:31.0000000Z;5.6374;5.6442;895;895
2026-06-08T09:19:01.0000000Z;5.6374;5.6442;895;895
2026-06-08T09:19:32.0000000Z;5.6374;5.6442;895;895
2026-06-08T09:20:03.0000000Z;5.6374;5.6442;895;895
2026-06-08T09:20:33.0000000Z;5.6374;5.6442;895;895
2026-06-08T09:21:04.0000000Z;5.6374;5.6442;895;895
2026-06-08T09:21:31.0000000Z;5.6384;5.6442;895;895
2026-06-08T09:22:02.0000000Z;5.6384;5.6442;895;895
2026-06-08T09:22:31.0000000Z;5.6376;5.6442;895;895
2026-06-08T09:23:02.0000000Z;5.6376;5.6442;895;895
2026-06-08T09:23:32.0000000Z;5.6376;5.6442;895;895
2026-06-08T09:24:03.0000000Z;5.6376;5.6442;895;895
2026-06-08T09:24:33.0000000Z;5.6376;5.6442;895;895
2026-06-08T09:25:04.0000000Z;5.6376;5.6442;895;895
2026-06-08T09:25:34.0000000Z;5.6376;5.6442;895;895
2026-06-08T09:26:05.0000000Z;5.6376;5.6442;895;895
2026-06-08T09:26:36.0000000Z;5.6376;5.6442;895;895
2026-06-08T09:27:06.0000000Z;5.6376;5.6442;895;895
2026-06-08T09:27:37.0000000Z;5.6376;5.6442;895;895
2026-06-08T09:28:07.0000000Z;5.6376;5.6442;895;895
2026-06-08T09:28:38.0000000Z;5.6376;5.6442;895;895
2026-06-08T09:29:09.0000000Z;5.6376;5.6442;895;895
2026-06-08T09:29:39.0000000Z;5.6376;5.6442;895;895
2026-06-08T09:30:10.0000000Z;5.6376;5.6442;895;895
2026-06-08T09:30:40.0000000Z;5.6376;5.6442;895;895
2026-06-08T09:31:11.0000000Z;5.6376;5.6442;895;895
2026-06-08T09:31:41.0000000Z;5.6376;5.6442;895;895
2026-06-08T09:32:12.0000000Z;5.6376;5.6442;895;895
2026-06-08T09:32:43.0000000Z;5.6376;5.6442;895;895
2026-06-08T09:33:13.0000000Z;5.6376;5.6442;895;895
2026-06-08T09:33:44.0000000Z;5.6376;5.6442;895;895
2026-06-08T09:34:14.0000000Z;5.6376;5.6442;895;895
2026-06-08T09:34:45.0000000Z;5.6376;5.6442;895;895
2026-06-08T09:35:15.0000000Z;5.6376;5.6442;895;895
2026-06-08T09:35:46.0000000Z;5.6376;5.6442;895;895
2026-06-08T09:36:17.0000000Z;5.6376;5.6442;895;895
2026-06-08T09:36:47.0000000Z;5.6376;5.6442;895;895
2026-06-08T09:36:50.0000000Z;5.6374;5.6496;895;895
2026-06-08T09:36:56.0000000Z;5.6374;5.6548;895;895
2026-06-08T09:36:58.0000000Z;5.6374;5.653;895;895
2026-06-08T09:37:04.0000000Z;5.6376;5.6526;895;895
2026-06-08T09:37:06.0000000Z;5.6376;5.6554;895;895
2026-06-08T09:37:07.0000000Z;5.639;5.6508;895;895
2026-06-08T09:37:16.0000000Z;5.6302;5.6508;895;895
2026-06-08T09:37:18.0000000Z;5.637;5.649;895;895
2026-06-08T09:37:24.0000000Z;5.6372;5.649;895;895
2026-06-08T09:37:28.0000000Z;5.6382;5.6498;895;895
2026-06-08T09:37:29.0000000Z;5.638;5.6498;895;895
2026-06-08T09:37:32.0000000Z;5.638;5.655;895;895
2026-06-08T09:37:33.0000000Z;5.6388;5.6506;895;895
2026-06-08T09:37:39.0000000Z;5.639;5.6506;895;895
2026-06-08T09:37:58.0000000Z;5.6382;5.6498;895;895
2026-06-08T09:38:15.0000000Z;5.639;5.6506;895;895
2026-06-08T09:38:46.0000000Z;5.639;5.6506;895;895
2026-06-08T09:39:00.0000000Z;5.6344;5.6506;895;895
2026-06-08T09:39:08.0000000Z;5.6378;5.6494;895;895
2026-06-08T09:39:22.0000000Z;5.6388;5.6494;895;895
2026-06-08T09:39:53.0000000Z;5.6388;5.6494;895;895
2026-06-08T09:40:23.0000000Z;5.6388;5.6494;895;895
2026-06-08T09:40:54.0000000Z;5.6388;5.6494;895;895
2026-06-08T09:41:25.0000000Z;5.6388;5.6494;895;895
2026-06-08T09:41:55.0000000Z;5.6388;5.6494;895;895
2026-06-08T09:42:25.0000000Z;5.6388;5.6494;895;895
2026-06-08T09:42:56.0000000Z;5.6388;5.6494;895;895
2026-06-08T09:43:26.0000000Z;5.6388;5.6494;895;895
2026-06-08T09:43:56.0000000Z;5.6396;5.6494;895;895
2026-06-08T09:44:27.0000000Z;5.6396;5.6494;895;895
2026-06-08T09:44:57.0000000Z;5.6396;5.6494;895;895
2026-06-08T09:45:28.0000000Z;5.6396;5.6494;895;895
2026-06-08T09:45:58.0000000Z;5.6396;5.6494;895;895
2026-06-08T09:46:29.0000000Z;5.6396;5.6494;895;895
2026-06-08T09:46:59.0000000Z;5.6396;5.6494;895;895
2026-06-08T09:47:25.0000000Z;5.6396;5.6492;895;895
2026-06-08T09:47:55.0000000Z;5.6396;5.6492;895;895
2026-06-08T09:48:26.0000000Z;5.6396;5.6492;895;895
2026-06-08T09:48:56.0000000Z;5.6396;5.6492;895;895
2026-06-08T09:49:27.0000000Z;5.6396;5.6492;895;895
2026-06-08T09:49:58.0000000Z;5.6396;5.6492;895;895
2026-06-08T09:50:28.0000000Z;5.6396;5.6492;895;895
2026-06-08T09:50:59.0000000Z;5.6396;5.6492;895;895
2026-06-08T09:51:29.0000000Z;5.6396;5.6492;895;895
2026-06-08T09:52:00.0000000Z;5.6396;5.6492;895;895
2026-06-08T09:52:30.0000000Z;5.6396;5.6492;895;895
2026-06-08T09:53:01.0000000Z;5.6396;5.6492;895;895
2026-06-08T09:53:32.0000000Z;5.6396;5.6492;895;895
2026-06-08T09:54:02.0000000Z;5.6396;5.6492;895;895
2026-06-08T09:54:33.0000000Z;5.6396;5.6492;895;895
2026-06-08T09:55:03.0000000Z;5.6396;5.6492;895;895
2026-06-08T09:55:34.0000000Z;5.6396;5.6492;895;895
2026-06-08T09:56:04.0000000Z;5.6396;5.6492;895;895
2026-06-08T09:56:35.0000000Z;5.6396;5.6492;895;895
2026-06-08T09:57:05.0000000Z;5.6396;5.6492;895;895
2026-06-08T09:57:36.0000000Z;5.6396;5.6492;895;895
2026-06-08T09:58:07.0000000Z;5.6396;5.6492;895;895
2026-06-08T09:58:37.0000000Z;5.6396;5.6492;895;895
2026-06-08T09:59:08.0000000Z;5.6396;5.6492;895;895
2026-06-08T09:59:38.0000000Z;5.6396;5.6492;895;895
2026-06-08T10:00:09.0000000Z;5.6396;5.6492;895;895
2026-06-08T10:00:39.0000000Z;5.6396;5.6492;895;895
2026-06-08T10:01:10.0000000Z;5.6396;5.6492;895;895
2026-06-08T10:01:40.0000000Z;5.6396;5.6492;895;895
2026-06-08T10:02:11.0000000Z;5.6396;5.6492;895;895
2026-06-08T10:02:16.0000000Z;5.6396;5.649;895;895
2026-06-08T10:02:22.0000000Z;5.635;5.649;895;895
2026-06-08T10:02:37.0000000Z;5.6384;5.649;895;895
2026-06-08T10:03:08.0000000Z;5.6384;5.649;895;895
2026-06-08T10:03:27.0000000Z;5.6394;5.649;895;895
2026-06-08T10:03:58.0000000Z;5.6394;5.649;895;895
2026-06-08T10:04:28.0000000Z;5.6394;5.649;895;895
2026-06-08T10:04:59.0000000Z;5.6394;5.649;895;895
2026-06-08T10:05:29.0000000Z;5.6394;5.649;895;895
2026-06-08T10:06:00.0000000Z;5.6394;5.649;895;895
2026-06-08T10:06:31.0000000Z;5.6394;5.649;895;895
2026-06-08T10:07:01.0000000Z;5.6394;5.649;895;895
2026-06-08T10:07:31.0000000Z;5.6394;5.649;895;895
2026-06-08T10:08:02.0000000Z;5.6394;5.649;895;895
2026-06-08T10:08:17.0000000Z;5.6402;5.649;895;895
2026-06-08T10:08:48.0000000Z;5.6402;5.649;895;895
2026-06-08T10:09:03.0000000Z;5.6394;5.649;895;895
2026-06-08T10:09:34.0000000Z;5.6394;5.649;895;895
2026-06-08T10:10:04.0000000Z;5.6394;5.649;895;895
2026-06-08T10:10:26.0000000Z;5.6394;5.6488;895;895
2026-06-08T10:10:56.0000000Z;5.6394;5.6488;895;895
2026-06-08T10:11:27.0000000Z;5.6394;5.6488;895;895
2026-06-08T10:11:57.0000000Z;5.6394;5.6488;895;895
2026-06-08T10:12:28.0000000Z;5.6394;5.6488;895;895
2026-06-08T10:12:58.0000000Z;5.6394;5.6488;895;895
2026-06-08T10:13:29.0000000Z;5.6394;5.6488;895;895
2026-06-08T10:14:00.0000000Z;5.6394;5.6488;895;895
2026-06-08T10:14:30.0000000Z;5.6394;5.6488;895;895
2026-06-08T10:15:01.0000000Z;5.6394;5.6488;895;895
2026-06-08T10:15:13.0000000Z;5.6394;5.6486;895;895
2026-06-08T10:15:44.0000000Z;5.6394;5.6486;895;895
2026-06-08T10:16:15.0000000Z;5.6394;5.6486;895;895
2026-06-08T10:16:45.0000000Z;5.6394;5.6486;895;895
2026-06-08T10:17:16.0000000Z;5.6394;5.6486;895;895
2026-06-08T10:17:46.0000000Z;5.6394;5.6486;895;895
2026-06-08T10:18:17.0000000Z;5.6394;5.6486;895;895
2026-06-08T10:18:48.0000000Z;5.6394;5.6486;895;895
2026-06-08T10:19:18.0000000Z;5.6394;5.6486;895;895
2026-06-08T10:19:49.0000000Z;5.6394;5.6486;895;895
2026-06-08T10:20:19.0000000Z;5.6394;5.6486;895;895
2026-06-08T10:20:50.0000000Z;5.6394;5.6486;895;895
2026-06-08T10:21:20.0000000Z;5.6394;5.6486;895;895
2026-06-08T10:21:51.0000000Z;5.6394;5.6486;895;895
2026-06-08T10:22:21.0000000Z;5.6394;5.6486;895;895
2026-06-08T10:22:52.0000000Z;5.6394;5.6486;895;895
2026-06-08T10:23:22.0000000Z;5.6394;5.6486;895;895
2026-06-08T10:23:53.0000000Z;5.6394;5.6486;895;895
2026-06-08T10:24:23.0000000Z;5.6394;5.6486;895;895
2026-06-08T10:24:54.0000000Z;5.6394;5.6486;895;895
2026-06-08T10:25:03.0000000Z;5.6386;5.6486;895;895
2026-06-08T10:25:34.0000000Z;5.6386;5.6486;895;895
2026-06-08T10:25:54.0000000Z;5.6394;5.6486;895;895
2026-06-08T10:26:07.0000000Z;5.6394;5.6484;895;895
2026-06-08T10:26:38.0000000Z;5.6394;5.6484;895;895
2026-06-08T10:27:08.0000000Z;5.6394;5.6484;895;895
2026-06-08T10:27:39.0000000Z;5.6394;5.6484;895;895
2026-06-08T10:28:09.0000000Z;5.6394;5.6484;895;895
2026-06-08T10:28:40.0000000Z;5.6394;5.6484;895;895
2026-06-08T10:29:11.0000000Z;5.6394;5.6484;895;895
2026-06-08T10:29:41.0000000Z;5.6394;5.6484;895;895
2026-06-08T10:30:12.0000000Z;5.6394;5.6484;895;895
2026-06-08T10:30:42.0000000Z;5.6394;5.6484;895;895
2026-06-08T10:31:13.0000000Z;5.6394;5.6484;895;895
2026-06-08T10:31:43.0000000Z;5.6394;5.6484;895;895
2026-06-08T10:32:14.0000000Z;5.6394;5.6484;895;895
2026-06-08T10:32:44.0000000Z;5.6394;5.6484;895;895
2026-06-08T10:33:15.0000000Z;5.6394;5.6484;895;895
2026-06-08T10:33:46.0000000Z;5.6394;5.6484;895;895
2026-06-08T10:34:16.0000000Z;5.6394;5.6484;895;895
2026-06-08T10:34:18.0000000Z;5.6392;5.6484;895;895
2026-06-08T10:34:20.0000000Z;5.6392;5.6516;895;895
2026-06-08T10:34:32.0000000Z;5.6026;5.658;895;895
2026-06-08T10:34:34.0000000Z;5.6138;5.658;895;895
2026-06-08T10:34:40.0000000Z;5.6204;5.656;895;895
2026-06-08T10:34:43.0000000Z;5.6208;5.656;895;895
2026-06-08T10:34:44.0000000Z;5.6208;5.6768;895;895
2026-06-08T10:34:46.0000000Z;5.624;5.6672;895;895
2026-06-08T10:34:48.0000000Z;5.6296;5.6626;895;895
2026-06-08T10:34:51.0000000Z;5.6308;5.6618;895;895
2026-06-08T10:34:54.0000000Z;5.6308;5.6614;895;895
2026-06-08T10:34:56.0000000Z;5.6308;5.6598;895;895
2026-06-08T10:34:58.0000000Z;5.6302;5.6598;895;895
2026-06-08T10:35:01.0000000Z;5.6302;5.6586;895;895
2026-06-08T10:35:07.0000000Z;5.6302;5.6566;895;895
2026-06-08T10:35:09.0000000Z;5.6302;5.6554;895;895
2026-06-08T10:35:11.0000000Z;5.6302;5.6546;895;895
2026-06-08T10:35:14.0000000Z;5.6302;5.6634;895;895
2026-06-08T10:35:15.0000000Z;5.6302;5.659;895;895
2026-06-08T10:35:17.0000000Z;5.6302;5.6578;895;895
2026-06-08T10:35:20.0000000Z;5.6298;5.657;895;895
2026-06-08T10:35:24.0000000Z;5.6302;5.6566;895;895
2026-06-08T10:35:30.0000000Z;5.6302;5.655;895;895
2026-06-08T10:35:36.0000000Z;5.63;5.6588;895;895
2026-06-08T10:35:38.0000000Z;5.63;5.656;895;895
2026-06-08T10:35:39.0000000Z;5.63;5.6552;895;895
2026-06-08T10:35:46.0000000Z;5.63;5.655;895;895
2026-06-08T10:35:48.0000000Z;5.63;5.6548;895;895
2026-06-08T10:35:54.0000000Z;5.63;5.6588;895;895
2026-06-08T10:35:55.0000000Z;5.63;5.6576;895;895
2026-06-08T10:35:56.0000000Z;5.63;5.6556;895;895
2026-06-08T10:35:57.0000000Z;5.63;5.6548;895;895
2026-06-08T10:36:04.0000000Z;5.63;5.6568;895;895
2026-06-08T10:36:08.0000000Z;5.63;5.6592;895;895
2026-06-08T10:36:10.0000000Z;5.63;5.6596;895;895
2026-06-08T10:36:12.0000000Z;5.63;5.658;895;895
2026-06-08T10:36:16.0000000Z;5.63;5.6564;895;895
2026-06-08T10:36:18.0000000Z;5.63;5.6548;895;895
2026-06-08T10:36:22.0000000Z;5.63;5.6572;895;895
2026-06-08T10:36:23.0000000Z;5.63;5.6568;895;895
2026-06-08T10:36:26.0000000Z;5.63;5.6548;895;895
2026-06-08T10:36:30.0000000Z;5.6304;5.6548;895;895
2026-06-08T10:36:48.0000000Z;5.6306;5.658;895;895
2026-06-08T10:36:49.0000000Z;5.6308;5.6556;895;895
2026-06-08T10:36:50.0000000Z;5.6308;5.6552;895;895
2026-06-08T10:37:20.0000000Z;5.6334;5.6552;895;895
2026-06-08T10:37:21.0000000Z;5.6346;5.6552;895;895
2026-06-08T10:37:22.0000000Z;5.6346;5.6558;895;895
2026-06-08T10:37:26.0000000Z;5.6332;5.655;895;895
2026-06-08T10:37:32.0000000Z;5.6332;5.657;895;895
2026-06-08T10:37:33.0000000Z;5.6332;5.655;895;895
2026-06-08T10:37:39.0000000Z;5.6336;5.6572;895;895
2026-06-08T10:37:40.0000000Z;5.6336;5.657;895;895
2026-06-08T10:37:41.0000000Z;5.6336;5.6558;895;895
2026-06-08T10:37:42.0000000Z;5.6336;5.655;895;895
2026-06-08T10:38:13.0000000Z;5.6336;5.655;895;895
2026-06-08T10:38:20.0000000Z;5.6336;5.6546;895;895
2026-06-08T10:38:51.0000000Z;5.6336;5.6546;895;895
2026-06-08T10:39:21.0000000Z;5.6336;5.6546;895;895
2026-06-08T10:39:52.0000000Z;5.6336;5.6546;895;895
2026-06-08T10:40:23.0000000Z;5.6336;5.6546;895;895
2026-06-08T10:40:53.0000000Z;5.6336;5.6546;895;895
2026-06-08T10:41:24.0000000Z;5.6336;5.6546;895;895
2026-06-08T10:41:54.0000000Z;5.6336;5.6546;895;895
2026-06-08T10:42:25.0000000Z;5.6336;5.6546;895;895
2026-06-08T10:42:55.0000000Z;5.6336;5.6546;895;895
2026-06-08T10:43:26.0000000Z;5.6336;5.6546;895;895
2026-06-08T10:43:57.0000000Z;5.6336;5.6546;895;895
2026-06-08T10:44:27.0000000Z;5.6336;5.6546;895;895
2026-06-08T10:44:58.0000000Z;5.6336;5.6546;895;895
2026-06-08T10:45:29.0000000Z;5.6336;5.6546;895;895
2026-06-08T10:45:59.0000000Z;5.6336;5.6546;895;895
2026-06-08T10:46:07.0000000Z;5.6336;5.6544;895;895
2026-06-08T10:46:38.0000000Z;5.6336;5.6544;895;895
2026-06-08T10:46:47.0000000Z;5.6336;5.654;895;895
2026-06-08T10:47:18.0000000Z;5.6336;5.654;895;895
2026-06-08T10:47:21.0000000Z;5.6336;5.6538;895;895
2026-06-08T10:47:52.0000000Z;5.6336;5.6538;895;895
2026-06-08T10:48:23.0000000Z;5.6336;5.6538;895;895
2026-06-08T10:48:53.0000000Z;5.6336;5.6538;895;895
2026-06-08T10:49:24.0000000Z;5.6336;5.6538;895;895
2026-06-08T10:49:54.0000000Z;5.6336;5.6538;895;895
2026-06-08T10:50:25.0000000Z;5.6336;5.6538;895;895
2026-06-08T10:50:56.0000000Z;5.6336;5.6538;895;895
2026-06-08T10:51:26.0000000Z;5.6336;5.6538;895;895
2026-06-08T10:51:57.0000000Z;5.6336;5.6538;895;895
2026-06-08T10:52:27.0000000Z;5.6336;5.6538;895;895
2026-06-08T10:52:58.0000000Z;5.6336;5.6538;895;895
2026-06-08T10:53:28.0000000Z;5.6336;5.6538;895;895
2026-06-08T10:53:59.0000000Z;5.6336;5.6538;895;895
2026-06-08T10:54:29.0000000Z;5.6336;5.6538;895;895
2026-06-08T10:55:00.0000000Z;5.6336;5.6538;895;895
2026-06-08T10:55:31.0000000Z;5.6336;5.6538;895;895
2026-06-08T10:56:01.0000000Z;5.6336;5.6538;895;895
2026-06-08T10:56:32.0000000Z;5.6336;5.6538;895;895
2026-06-08T10:57:02.0000000Z;5.6336;5.6538;895;895
2026-06-08T10:57:33.0000000Z;5.6336;5.6538;895;895
2026-06-08T10:58:04.0000000Z;5.6336;5.6538;895;895
2026-06-08T10:58:34.0000000Z;5.6336;5.6538;895;895
2026-06-08T10:59:01.0000000Z;5.6336;5.6536;895;895
2026-06-08T10:59:31.0000000Z;5.6336;5.6536;895;895
2026-06-08T11:00:02.0000000Z;5.6336;5.6536;895;895
2026-06-08T11:00:32.0000000Z;5.6336;5.6536;895;895
2026-06-08T11:00:50.0000000Z;5.634;5.6534;895;895
2026-06-08T11:00:52.0000000Z;5.6344;5.6534;895;895
2026-06-08T11:01:13.0000000Z;5.6344;5.6532;895;895
2026-06-08T11:01:43.0000000Z;5.6344;5.6532;895;895
2026-06-08T11:02:13.0000000Z;5.6344;5.6532;895;895
2026-06-08T11:02:44.0000000Z;5.6344;5.6532;895;895
2026-06-08T11:03:15.0000000Z;5.6344;5.6532;895;895
2026-06-08T11:03:45.0000000Z;5.6344;5.6532;895;895
2026-06-08T11:04:16.0000000Z;5.6344;5.6532;895;895
2026-06-08T11:04:47.0000000Z;5.6344;5.6532;895;895
2026-06-08T11:05:17.0000000Z;5.6344;5.6532;895;895
2026-06-08T11:05:48.0000000Z;5.6344;5.6532;895;895
2026-06-08T11:06:18.0000000Z;5.6344;5.6532;895;895
2026-06-08T11:06:49.0000000Z;5.6344;5.6532;895;895
2026-06-08T11:07:20.0000000Z;5.6344;5.6532;895;895
2026-06-08T11:07:50.0000000Z;5.6396;5.6514;895;895
2026-06-08T11:08:20.0000000Z;5.6396;5.6514;895;895
2026-06-08T11:08:51.0000000Z;5.6396;5.6514;895;895
2026-06-08T11:09:21.0000000Z;5.6396;5.6514;895;895
2026-06-08T11:09:52.0000000Z;5.6396;5.6514;895;895
2026-06-08T11:10:22.0000000Z;5.6396;5.6514;895;895
2026-06-08T11:10:52.0000000Z;5.6394;5.6514;895;895
2026-06-08T11:11:04.0000000Z;5.6404;5.6514;895;895
2026-06-08T11:11:06.0000000Z;5.6404;5.6524;895;895
2026-06-08T11:11:26.0000000Z;5.6404;5.6602;895;895
2026-06-08T11:11:30.0000000Z;5.6412;5.6532;895;895
2026-06-08T11:12:01.0000000Z;5.6412;5.6532;895;895
2026-06-08T11:12:02.0000000Z;5.6412;5.654;895;895
2026-06-08T11:12:28.0000000Z;5.642;5.654;895;895
2026-06-08T11:12:59.0000000Z;5.642;5.654;895;895
2026-06-08T11:13:29.0000000Z;5.642;5.654;895;895
2026-06-08T11:14:00.0000000Z;5.642;5.654;895;895
2026-06-08T11:14:30.0000000Z;5.642;5.654;895;895
2026-06-08T11:14:55.0000000Z;5.6422;5.654;895;895
2026-06-08T11:15:18.0000000Z;5.6244;5.669;895;895
2026-06-08T11:15:20.0000000Z;5.6248;5.667;895;895
2026-06-08T11:15:23.0000000Z;5.628;5.6628;895;895
2026-06-08T11:15:25.0000000Z;5.6304;5.66;895;895
2026-06-08T11:15:26.0000000Z;5.6318;5.6596;895;895
2026-06-08T11:15:27.0000000Z;5.6318;5.6584;895;895
2026-06-08T11:15:29.0000000Z;5.6318;5.6564;895;895
2026-06-08T11:15:37.0000000Z;5.6318;5.6628;895;895
2026-06-08T11:15:43.0000000Z;5.6318;5.6624;895;895
2026-06-08T11:15:47.0000000Z;5.6318;5.6592;895;895
2026-06-08T11:15:48.0000000Z;5.6318;5.6568;895;895
2026-06-08T11:15:53.0000000Z;5.6318;5.6564;895;895
2026-06-08T11:15:54.0000000Z;5.6318;5.6568;895;895
2026-06-08T11:15:55.0000000Z;5.6318;5.6564;895;895
2026-06-08T11:15:57.0000000Z;5.6318;5.6612;895;895
2026-06-08T11:15:58.0000000Z;5.6318;5.66;895;895
2026-06-08T11:16:03.0000000Z;5.6318;5.6588;895;895
2026-06-08T11:16:06.0000000Z;5.6318;5.658;895;895
2026-06-08T11:16:09.0000000Z;5.6318;5.6568;895;895
2026-06-08T11:16:11.0000000Z;5.6318;5.6564;895;895
2026-06-08T11:16:14.0000000Z;5.6318;5.656;895;895
2026-06-08T11:16:19.0000000Z;5.6318;5.6616;895;895
2026-06-08T11:16:21.0000000Z;5.6318;5.6612;895;895
2026-06-08T11:16:22.0000000Z;5.6318;5.6584;895;895
2026-06-08T11:16:24.0000000Z;5.6318;5.6576;895;895
2026-06-08T11:16:26.0000000Z;5.6322;5.6564;895;895
2026-06-08T11:16:33.0000000Z;5.6322;5.6612;895;895
2026-06-08T11:16:34.0000000Z;5.6322;5.6576;895;895
2026-06-08T11:16:35.0000000Z;5.631;5.6564;895;895
2026-06-08T11:16:37.0000000Z;5.6328;5.6564;895;895
2026-06-08T11:16:39.0000000Z;5.6328;5.656;895;895
2026-06-08T11:16:43.0000000Z;5.6318;5.656;895;895
2026-06-08T11:16:44.0000000Z;5.6322;5.656;895;895
2026-06-08T11:16:45.0000000Z;5.6322;5.6584;895;895
2026-06-08T11:16:46.0000000Z;5.6322;5.6568;895;895
2026-06-08T11:16:48.0000000Z;5.6322;5.6564;895;895
2026-06-08T11:16:51.0000000Z;5.6326;5.6564;895;895
2026-06-08T11:16:58.0000000Z;5.6326;5.656;895;895
2026-06-08T11:17:00.0000000Z;5.6344;5.656;895;895
2026-06-08T11:17:01.0000000Z;5.6348;5.656;895;895
2026-06-08T11:17:32.0000000Z;5.6348;5.656;895;895
2026-06-08T11:18:02.0000000Z;5.6348;5.656;895;895
2026-06-08T11:18:33.0000000Z;5.6348;5.656;895;895
2026-06-08T11:19:03.0000000Z;5.6348;5.656;895;895
2026-06-08T11:19:34.0000000Z;5.6348;5.656;895;895
2026-06-08T11:19:58.0000000Z;5.6352;5.656;895;895
2026-06-08T11:20:01.0000000Z;5.6364;5.656;895;895
2026-06-08T11:20:12.0000000Z;5.643;5.655;895;895
2026-06-08T11:20:42.0000000Z;5.6432;5.655;895;895
2026-06-08T11:21:12.0000000Z;5.6432;5.655;895;895
2026-06-08T11:21:43.0000000Z;5.6432;5.655;895;895
2026-06-08T11:21:55.0000000Z;5.644;5.655;895;895
2026-06-08T11:22:18.0000000Z;5.6432;5.655;895;895
2026-06-08T11:22:49.0000000Z;5.6442;5.655;895;895
2026-06-08T11:23:19.0000000Z;5.6442;5.655;895;895
2026-06-08T11:23:25.0000000Z;5.6434;5.655;895;895
2026-06-08T11:23:55.0000000Z;5.6434;5.655;895;895
2026-06-08T11:24:26.0000000Z;5.6434;5.655;895;895
2026-06-08T11:24:56.0000000Z;5.6434;5.655;895;895
2026-06-08T11:25:27.0000000Z;5.6434;5.655;895;895
2026-06-08T11:25:57.0000000Z;5.6434;5.655;895;895
2026-06-08T11:26:21.0000000Z;5.6426;5.655;895;895
2026-06-08T11:26:38.0000000Z;5.6426;5.6542;895;895
2026-06-08T11:27:00.0000000Z;5.6438;5.6542;895;895
2026-06-08T11:27:31.0000000Z;5.6438;5.6542;895;895
2026-06-08T11:28:01.0000000Z;5.6438;5.6542;895;895
2026-06-08T11:28:32.0000000Z;5.6438;5.6542;895;895
2026-06-08T11:29:02.0000000Z;5.6438;5.6542;895;895
2026-06-08T11:29:33.0000000Z;5.6438;5.6542;895;895
2026-06-08T11:30:03.0000000Z;5.6438;5.6542;895;895
2026-06-08T11:30:34.0000000Z;5.6438;5.6542;895;895
2026-06-08T11:31:05.0000000Z;5.6438;5.6542;895;895
2026-06-08T11:31:35.0000000Z;5.6438;5.6542;895;895
2026-06-08T11:32:06.0000000Z;5.6438;5.6542;895;895
2026-06-08T11:32:36.0000000Z;5.6438;5.6542;895;895
2026-06-08T11:33:07.0000000Z;5.6438;5.6542;895;895
2026-06-08T11:33:37.0000000Z;5.6438;5.6542;895;895
2026-06-08T11:34:08.0000000Z;5.6438;5.6542;895;895
2026-06-08T11:34:38.0000000Z;5.6438;5.6542;895;895
2026-06-08T11:35:09.0000000Z;5.6438;5.6542;895;895
2026-06-08T11:35:40.0000000Z;5.6438;5.6542;895;895
2026-06-08T11:36:09.0000000Z;5.6446;5.6542;895;895
2026-06-08T11:36:40.0000000Z;5.6446;5.6542;895;895
2026-06-08T11:36:54.0000000Z;5.6438;5.6542;895;895
2026-06-08T11:37:24.0000000Z;5.6438;5.6542;895;895
2026-06-08T11:37:55.0000000Z;5.6438;5.6542;895;895
2026-06-08T11:38:25.0000000Z;5.6438;5.6542;895;895
2026-06-08T11:38:56.0000000Z;5.6438;5.6542;895;895
2026-06-08T11:39:27.0000000Z;5.6438;5.6542;895;895
2026-06-08T11:39:57.0000000Z;5.6438;5.6542;895;895
2026-06-08T11:40:27.0000000Z;5.6438;5.6542;895;895
2026-06-08T11:40:58.0000000Z;5.6438;5.6542;895;895
2026-06-08T11:41:29.0000000Z;5.6438;5.6542;895;895
2026-06-08T11:41:59.0000000Z;5.6438;5.6542;895;895
2026-06-08T11:42:30.0000000Z;5.6438;5.6542;895;895
2026-06-08T11:43:00.0000000Z;5.6438;5.6542;895;895
2026-06-08T11:43:31.0000000Z;5.6438;5.6542;895;895
2026-06-08T11:43:38.0000000Z;5.6446;5.6542;895;895
2026-06-08T11:44:09.0000000Z;5.6446;5.6542;895;895
2026-06-08T11:44:40.0000000Z;5.6446;5.6542;895;895
2026-06-08T11:45:10.0000000Z;5.6446;5.6542;895;895
2026-06-08T11:45:41.0000000Z;5.6446;5.6542;895;895
2026-06-08T11:46:11.0000000Z;5.6446;5.6542;895;895
2026-06-08T11:46:42.0000000Z;5.6446;5.6542;895;895
2026-06-08T11:47:12.0000000Z;5.6446;5.6542;895;895
2026-06-08T11:47:43.0000000Z;5.6446;5.6542;895;895
2026-06-08T11:48:13.0000000Z;5.6436;5.6542;895;895
2026-06-08T11:48:44.0000000Z;5.6436;5.6542;895;895
2026-06-08T11:49:15.0000000Z;5.6436;5.6542;895;895
2026-06-08T11:49:45.0000000Z;5.6436;5.6542;895;895
2026-06-08T11:50:16.0000000Z;5.6436;5.6542;895;895
2026-06-08T11:50:46.0000000Z;5.6436;5.6542;895;895
2026-06-08T11:51:17.0000000Z;5.6436;5.6542;895;895
2026-06-08T11:51:47.0000000Z;5.6436;5.6542;895;895
2026-06-08T11:52:18.0000000Z;5.6436;5.6542;895;895
2026-06-08T11:52:48.0000000Z;5.6436;5.6542;895;895
2026-06-08T11:53:19.0000000Z;5.6436;5.6542;895;895
2026-06-08T11:53:50.0000000Z;5.6436;5.6542;895;895
2026-06-08T11:54:20.0000000Z;5.6436;5.6542;895;895
2026-06-08T11:54:51.0000000Z;5.6436;5.6542;895;895
2026-06-08T11:55:21.0000000Z;5.6436;5.6542;895;895
2026-06-08T11:55:52.0000000Z;5.6436;5.6542;895;895
2026-06-08T11:56:22.0000000Z;5.6436;5.6542;895;895
2026-06-08T11:56:53.0000000Z;5.6436;5.6542;895;895
2026-06-08T11:57:24.0000000Z;5.6436;5.6542;895;895
2026-06-08T11:57:54.0000000Z;5.6436;5.6542;895;895
2026-06-08T11:58:25.0000000Z;5.6436;5.6542;895;895
2026-06-08T11:58:55.0000000Z;5.6436;5.6542;895;895
2026-06-08T11:59:26.0000000Z;5.6436;5.6542;895;895
2026-06-08T11:59:56.0000000Z;5.6436;5.6542;895;895
2026-06-08T12:00:27.0000000Z;5.6436;5.6542;895;895
2026-06-08T12:00:57.0000000Z;5.6436;5.6542;895;895
2026-06-08T12:01:28.0000000Z;5.6436;5.6542;895;895
2026-06-08T12:01:58.0000000Z;5.6436;5.6542;895;895
2026-06-08T12:02:29.0000000Z;5.6436;5.6542;895;895
2026-06-08T12:02:59.0000000Z;5.6436;5.6542;895;895
2026-06-08T12:03:30.0000000Z;5.6436;5.6542;895;895
2026-06-08T12:04:00.0000000Z;5.6436;5.6542;895;895
2026-06-08T12:04:31.0000000Z;5.6436;5.6542;895;895
2026-06-08T12:05:02.0000000Z;5.6436;5.6542;895;895
2026-06-08T12:05:32.0000000Z;5.6436;5.6542;895;895
2026-06-08T12:06:03.0000000Z;5.6436;5.6542;895;895
2026-06-08T12:06:33.0000000Z;5.6436;5.6542;895;895
2026-06-08T12:07:04.0000000Z;5.6436;5.6542;895;895
2026-06-08T12:07:34.0000000Z;5.6436;5.6542;895;895
2026-06-08T12:08:05.0000000Z;5.6436;5.6542;895;895
2026-06-08T12:08:35.0000000Z;5.6436;5.6542;895;895
2026-06-08T12:09:06.0000000Z;5.6436;5.6542;895;895
2026-06-08T12:09:36.0000000Z;5.6436;5.6542;895;895
2026-06-08T12:10:07.0000000Z;5.6436;5.6542;895;895
2026-06-08T12:10:37.0000000Z;5.6436;5.6542;895;895
2026-06-08T12:11:02.0000000Z;5.6426;5.6542;895;895
2026-06-08T12:11:32.0000000Z;5.6426;5.6542;895;895
2026-06-08T12:12:03.0000000Z;5.6426;5.6542;895;895
2026-06-08T12:12:33.0000000Z;5.6426;5.6542;895;895
2026-06-08T12:13:04.0000000Z;5.6426;5.6542;895;895
2026-06-08T12:13:35.0000000Z;5.6426;5.6542;895;895
2026-06-08T12:14:05.0000000Z;5.6426;5.6542;895;895
2026-06-08T12:14:36.0000000Z;5.6426;5.6542;895;895
2026-06-08T12:15:06.0000000Z;5.6426;5.6542;895;895
2026-06-08T12:15:37.0000000Z;5.6426;5.6542;895;895
2026-06-08T12:16:07.0000000Z;5.6426;5.6542;895;895
2026-06-08T12:16:38.0000000Z;5.6426;5.6542;895;895
2026-06-08T12:17:08.0000000Z;5.6426;5.6542;895;895
2026-06-08T12:17:39.0000000Z;5.6426;5.6542;895;895
2026-06-08T12:18:09.0000000Z;5.6426;5.6542;895;895
2026-06-08T12:18:40.0000000Z;5.6426;5.6542;895;895
2026-06-08T12:19:11.0000000Z;5.6426;5.6542;895;895
2026-06-08T12:19:41.0000000Z;5.6426;5.6542;895;895
2026-06-08T12:20:12.0000000Z;5.6426;5.6542;895;895
2026-06-08T12:20:42.0000000Z;5.6426;5.6542;895;895
2026-06-08T12:20:52.0000000Z;5.6434;5.6542;895;895
2026-06-08T12:21:23.0000000Z;5.6434;5.6542;895;895
2026-06-08T12:21:54.0000000Z;5.6434;5.6542;895;895
2026-06-08T12:22:24.0000000Z;5.6434;5.6542;895;895
2026-06-08T12:22:55.0000000Z;5.6434;5.6542;895;895
2026-06-08T12:23:25.0000000Z;5.6434;5.6542;895;895
2026-06-08T12:23:56.0000000Z;5.6434;5.6542;895;895
2026-06-08T12:24:26.0000000Z;5.6434;5.6542;895;895
2026-06-08T12:24:57.0000000Z;5.6434;5.6542;895;895
2026-06-08T12:25:27.0000000Z;5.6434;5.6542;895;895
2026-06-08T12:25:58.0000000Z;5.6434;5.6542;895;895
2026-06-08T12:26:28.0000000Z;5.6434;5.6542;895;895
2026-06-08T12:26:59.0000000Z;5.6434;5.6542;895;895
2026-06-08T12:27:29.0000000Z;5.6434;5.6542;895;895
2026-06-08T12:28:00.0000000Z;5.6434;5.6542;895;895
2026-06-08T12:28:30.0000000Z;5.6434;5.6542;895;895
2026-06-08T12:29:01.0000000Z;5.6434;5.6542;895;895
2026-06-08T12:29:32.0000000Z;5.6434;5.6542;895;895
2026-06-08T12:30:02.0000000Z;5.6434;5.6542;895;895
2026-06-08T12:30:33.0000000Z;5.6434;5.6542;895;895
2026-06-08T12:31:03.0000000Z;5.6434;5.6542;895;895
2026-06-08T12:31:34.0000000Z;5.6434;5.6542;895;895
2026-06-08T12:32:04.0000000Z;5.6434;5.6542;895;895
2026-06-08T12:32:35.0000000Z;5.6434;5.6542;895;895
2026-06-08T12:33:06.0000000Z;5.6434;5.6542;895;895
2026-06-08T12:33:36.0000000Z;5.6434;5.6542;895;895
2026-06-08T12:34:07.0000000Z;5.6434;5.6542;895;895
2026-06-08T12:34:37.0000000Z;5.6434;5.6542;895;895
2026-06-08T12:35:08.0000000Z;5.6434;5.6542;895;895
2026-06-08T12:35:38.0000000Z;5.6434;5.6542;895;895
2026-06-08T12:36:00.0000000Z;5.6426;5.6542;895;895
2026-06-08T12:36:31.0000000Z;5.6426;5.6542;895;895
2026-06-08T12:37:02.0000000Z;5.6426;5.6542;895;895
2026-06-08T12:37:32.0000000Z;5.6426;5.6542;895;895
2026-06-08T12:38:03.0000000Z;5.6426;5.6542;895;895
2026-06-08T12:38:34.0000000Z;5.6426;5.6542;895;895
2026-06-08T12:39:01.0000000Z;5.6426;5.6546;895;895
2026-06-08T12:39:32.0000000Z;5.6426;5.6546;895;895
2026-06-08T12:40:02.0000000Z;5.6426;5.6546;895;895
2026-06-08T12:40:33.0000000Z;5.6426;5.6546;895;895
2026-06-08T12:41:03.0000000Z;5.6426;5.6546;895;895
2026-06-08T12:41:34.0000000Z;5.6426;5.6546;895;895
2026-06-08T12:42:05.0000000Z;5.6426;5.6546;895;895
2026-06-08T12:42:35.0000000Z;5.6426;5.6546;895;895
2026-06-08T12:42:38.0000000Z;5.6424;5.6546;895;895
2026-06-08T12:42:56.0000000Z;5.6424;5.6624;895;895
2026-06-08T12:42:57.0000000Z;5.6424;5.6606;895;895
2026-06-08T12:43:05.0000000Z;5.6434;5.6554;895;895
2026-06-08T12:43:18.0000000Z;5.6434;5.6554;895;895
2026-06-08T12:43:20.0000000Z;5.6372;5.6554;895;895
2026-06-08T12:43:25.0000000Z;5.642;5.654;895;895
2026-06-08T12:43:30.0000000Z;5.644;5.654;895;895
2026-06-08T12:43:32.0000000Z;5.644;5.656;895;895
2026-06-08T12:43:51.0000000Z;5.644;5.655;895;895
2026-06-08T12:43:52.0000000Z;5.6428;5.655;895;895
2026-06-08T12:44:02.0000000Z;5.643;5.655;895;895
2026-06-08T12:44:33.0000000Z;5.643;5.655;895;895
2026-06-08T12:45:04.0000000Z;5.643;5.655;895;895
2026-06-08T12:45:34.0000000Z;5.643;5.655;895;895
2026-06-08T12:46:05.0000000Z;5.643;5.655;895;895
2026-06-08T12:46:35.0000000Z;5.643;5.655;895;895
2026-06-08T12:47:06.0000000Z;5.643;5.655;895;895
2026-06-08T12:47:36.0000000Z;5.643;5.655;895;895
2026-06-08T12:48:07.0000000Z;5.643;5.655;895;895
2026-06-08T12:48:38.0000000Z;5.643;5.655;895;895
2026-06-08T12:49:08.0000000Z;5.643;5.655;895;895
2026-06-08T12:49:39.0000000Z;5.643;5.655;895;895
2026-06-08T12:50:09.0000000Z;5.643;5.655;895;895
2026-06-08T12:50:40.0000000Z;5.643;5.655;895;895
2026-06-08T12:51:10.0000000Z;5.643;5.655;895;895
2026-06-08T12:51:41.0000000Z;5.643;5.655;895;895
2026-06-08T12:52:11.0000000Z;5.643;5.655;895;895
2026-06-08T12:52:42.0000000Z;5.643;5.655;895;895
2026-06-08T12:53:13.0000000Z;5.643;5.655;895;895
2026-06-08T12:53:43.0000000Z;5.643;5.655;895;895
2026-06-08T12:54:14.0000000Z;5.643;5.655;895;895
2026-06-08T12:54:44.0000000Z;5.643;5.655;895;895
2026-06-08T12:55:15.0000000Z;5.643;5.655;895;895
2026-06-08T12:55:45.0000000Z;5.643;5.655;895;895
2026-06-08T12:56:16.0000000Z;5.643;5.655;895;895
2026-06-08T12:56:47.0000000Z;5.643;5.655;895;895
2026-06-08T12:57:17.0000000Z;5.643;5.655;895;895
2026-06-08T12:57:48.0000000Z;5.643;5.655;895;895
2026-06-08T12:58:18.0000000Z;5.643;5.655;895;895
2026-06-08T12:58:49.0000000Z;5.643;5.655;895;895
2026-06-08T12:59:19.0000000Z;5.643;5.655;895;895
2026-06-08T12:59:50.0000000Z;5.643;5.655;895;895
2026-06-08T13:00:20.0000000Z;5.643;5.655;895;895
2026-06-08T13:00:51.0000000Z;5.643;5.655;895;895
2026-06-08T13:01:21.0000000Z;5.643;5.655;895;895
2026-06-08T13:01:52.0000000Z;5.643;5.655;895;895
2026-06-08T13:02:22.0000000Z;5.643;5.655;895;895
2026-06-08T13:02:53.0000000Z;5.643;5.655;895;895
2026-06-08T13:03:23.0000000Z;5.643;5.655;895;895
2026-06-08T13:03:54.0000000Z;5.643;5.655;895;895
2026-06-08T13:04:24.0000000Z;5.643;5.655;895;895
2026-06-08T13:04:55.0000000Z;5.643;5.655;895;895
2026-06-08T13:05:25.0000000Z;5.643;5.655;895;895
2026-06-08T13:05:56.0000000Z;5.643;5.655;895;895
2026-06-08T13:06:26.0000000Z;5.643;5.655;895;895
2026-06-08T13:06:57.0000000Z;5.643;5.655;895;895
2026-06-08T13:07:28.0000000Z;5.643;5.655;895;895
2026-06-08T13:07:58.0000000Z;5.643;5.655;895;895
2026-06-08T13:08:29.0000000Z;5.643;5.655;895;895
2026-06-08T13:08:36.0000000Z;5.643;5.654;895;895
2026-06-08T13:08:38.0000000Z;5.6422;5.654;895;895
2026-06-08T13:09:08.0000000Z;5.6422;5.654;895;895
2026-06-08T13:09:39.0000000Z;5.6422;5.654;895;895
2026-06-08T13:10:09.0000000Z;5.6422;5.654;895;895
2026-06-08T13:10:40.0000000Z;5.6422;5.654;895;895
2026-06-08T13:11:10.0000000Z;5.6422;5.654;895;895
2026-06-08T13:11:41.0000000Z;5.6422;5.654;895;895
2026-06-08T13:12:11.0000000Z;5.6422;5.654;895;895
2026-06-08T13:12:42.0000000Z;5.6422;5.654;895;895
2026-06-08T13:13:12.0000000Z;5.6422;5.654;895;895
2026-06-08T13:13:43.0000000Z;5.6422;5.654;895;895
2026-06-08T13:14:13.0000000Z;5.6422;5.654;895;895
2026-06-08T13:14:44.0000000Z;5.6422;5.654;895;895
2026-06-08T13:15:15.0000000Z;5.6422;5.654;895;895
2026-06-08T13:15:45.0000000Z;5.6422;5.654;895;895
2026-06-08T13:16:16.0000000Z;5.6422;5.654;895;895
2026-06-08T13:16:46.0000000Z;5.6422;5.654;895;895
2026-06-08T13:17:17.0000000Z;5.6422;5.654;895;895
2026-06-08T13:17:48.0000000Z;5.6422;5.654;895;895
2026-06-08T13:18:18.0000000Z;5.6422;5.654;895;895
2026-06-08T13:18:49.0000000Z;5.6422;5.654;895;895
2026-06-08T13:19:19.0000000Z;5.6422;5.654;895;895
2026-06-08T13:19:50.0000000Z;5.6422;5.654;895;895
2026-06-08T13:20:20.0000000Z;5.6422;5.654;895;895
2026-06-08T13:20:44.0000000Z;5.643;5.654;895;895
2026-06-08T13:21:15.0000000Z;5.643;5.654;895;895
2026-06-08T13:21:46.0000000Z;5.643;5.654;895;895
2026-06-08T13:22:15.0000000Z;5.6438;5.654;895;895
2026-06-08T13:22:46.0000000Z;5.6438;5.654;895;895
2026-06-08T13:23:16.0000000Z;5.6438;5.654;895;895
2026-06-08T13:23:47.0000000Z;5.6438;5.654;895;895
2026-06-08T13:24:17.0000000Z;5.6438;5.654;895;895
2026-06-08T13:24:48.0000000Z;5.6438;5.654;895;895
2026-06-08T13:25:18.0000000Z;5.6438;5.654;895;895
2026-06-08T13:25:49.0000000Z;5.6438;5.654;895;895
2026-06-08T13:26:19.0000000Z;5.6438;5.654;895;895
2026-06-08T13:26:50.0000000Z;5.6438;5.654;895;895
2026-06-08T13:27:20.0000000Z;5.6438;5.654;895;895
2026-06-08T13:27:51.0000000Z;5.6438;5.654;895;895
2026-06-08T13:28:01.0000000Z;5.643;5.654;895;895
2026-06-08T13:28:03.0000000Z;5.6428;5.654;895;895
2026-06-08T13:28:20.0000000Z;5.6436;5.654;895;895
2026-06-08T13:28:51.0000000Z;5.6436;5.654;895;895
2026-06-08T13:29:21.0000000Z;5.6436;5.654;895;895
2026-06-08T13:29:52.0000000Z;5.6436;5.654;895;895
2026-06-08T13:30:22.0000000Z;5.6436;5.654;895;895
2026-06-08T13:30:53.0000000Z;5.6436;5.654;895;895
2026-06-08T13:31:23.0000000Z;5.6436;5.654;895;895
2026-06-08T13:31:49.0000000Z;5.6436;5.6536;895;895
2026-06-08T13:31:58.0000000Z;5.6436;5.6534;895;895
2026-06-08T13:32:01.0000000Z;5.6438;5.6534;895;895
2026-06-08T13:32:31.0000000Z;5.6438;5.6534;895;895
2026-06-08T13:32:39.0000000Z;5.6438;5.6532;895;895
2026-06-08T13:33:10.0000000Z;5.6438;5.6532;895;895
2026-06-08T13:33:40.0000000Z;5.6438;5.6532;895;895
2026-06-08T13:34:11.0000000Z;5.6438;5.6532;895;895
2026-06-08T13:34:41.0000000Z;5.6438;5.6532;895;895
2026-06-08T13:35:03.0000000Z;5.6438;5.653;895;895
2026-06-08T13:35:34.0000000Z;5.6438;5.653;895;895
2026-06-08T13:35:57.0000000Z;5.6438;5.6528;895;895
2026-06-08T13:36:28.0000000Z;5.6438;5.6528;895;895
2026-06-08T13:36:58.0000000Z;5.6438;5.6528;895;895
2026-06-08T13:37:29.0000000Z;5.6438;5.6528;895;895
2026-06-08T13:37:59.0000000Z;5.6438;5.6528;895;895
2026-06-08T13:38:30.0000000Z;5.6438;5.6528;895;895
2026-06-08T13:39:00.0000000Z;5.6438;5.6528;895;895
2026-06-08T13:39:31.0000000Z;5.6438;5.6528;895;895
2026-06-08T13:40:01.0000000Z;5.6438;5.6528;895;895
2026-06-08T13:40:32.0000000Z;5.6438;5.6528;895;895
2026-06-08T13:41:02.0000000Z;5.6438;5.6528;895;895
2026-06-08T13:41:33.0000000Z;5.6438;5.6528;895;895
2026-06-08T13:42:03.0000000Z;5.6438;5.6528;895;895
2026-06-08T13:42:34.0000000Z;5.6438;5.6528;895;895
2026-06-08T13:43:04.0000000Z;5.6438;5.6528;895;895
2026-06-08T13:43:35.0000000Z;5.6438;5.6528;895;895
2026-06-08T13:44:05.0000000Z;5.6438;5.6528;895;895
2026-06-08T13:44:35.0000000Z;5.6438;5.6528;895;895
2026-06-08T13:44:40.0000000Z;5.6428;5.6528;895;895
2026-06-08T13:45:11.0000000Z;5.6428;5.6528;895;895
2026-06-08T13:45:41.0000000Z;5.6428;5.6528;895;895
2026-06-08T13:46:12.0000000Z;5.6428;5.6528;895;895
2026-06-08T13:46:42.0000000Z;5.6428;5.6528;895;895
2026-06-08T13:47:13.0000000Z;5.6428;5.6528;895;895
2026-06-08T13:47:43.0000000Z;5.6428;5.6528;895;895
2026-06-08T13:48:14.0000000Z;5.6428;5.6528;895;895
2026-06-08T13:48:44.0000000Z;5.6428;5.6528;895;895
2026-06-08T13:49:15.0000000Z;5.6428;5.6528;895;895
2026-06-08T13:49:45.0000000Z;5.6428;5.6528;895;895
2026-06-08T13:49:59.0000000Z;5.6428;5.6526;895;895
2026-06-08T13:50:30.0000000Z;5.6428;5.6526;895;895
2026-06-08T13:51:00.0000000Z;5.6428;5.6526;895;895
2026-06-08T13:51:31.0000000Z;5.6428;5.6526;895;895
2026-06-08T13:52:01.0000000Z;5.6428;5.6526;895;895
2026-06-08T13:52:32.0000000Z;5.6428;5.6526;895;895
2026-06-08T13:52:50.0000000Z;5.6428;5.6524;895;895
2026-06-08T13:53:21.0000000Z;5.6428;5.6524;895;895
2026-06-08T13:53:51.0000000Z;5.6428;5.6524;895;895
2026-06-08T13:54:22.0000000Z;5.6428;5.6524;895;895
2026-06-08T13:54:52.0000000Z;5.6428;5.6524;895;895
2026-06-08T13:55:20.0000000Z;5.6428;5.6522;895;895
2026-06-08T13:55:49.0000000Z;5.6428;5.6476;895;895
2026-06-08T13:56:20.0000000Z;5.6428;5.6476;895;895
2026-06-08T13:56:50.0000000Z;5.6428;5.6476;895;895
2026-06-08T13:57:21.0000000Z;5.6428;5.6476;895;895
2026-06-08T13:57:51.0000000Z;5.6428;5.6476;895;895
2026-06-08T13:58:22.0000000Z;5.6428;5.6486;895;895
2026-06-08T13:58:52.0000000Z;5.6428;5.6486;895;895
2026-06-08T13:59:22.0000000Z;5.6428;5.6486;895;895
2026-06-08T13:59:53.0000000Z;5.6428;5.6486;895;895
2026-06-08T14:00:23.0000000Z;5.6428;5.6486;895;895
2026-06-08T14:00:54.0000000Z;5.6428;5.6486;895;895
2026-06-08T14:01:24.0000000Z;5.6428;5.6486;895;895
2026-06-08T14:01:55.0000000Z;5.6428;5.6486;895;895
2026-06-08T14:02:25.0000000Z;5.6428;5.6486;895;895
2026-06-08T14:02:56.0000000Z;5.6428;5.6486;895;895
2026-06-08T14:03:26.0000000Z;5.6428;5.6486;895;895
2026-06-08T14:03:57.0000000Z;5.6428;5.6486;895;895
2026-06-08T14:04:27.0000000Z;5.6428;5.6486;895;895
2026-06-08T14:04:58.0000000Z;5.6428;5.6486;895;895
2026-06-08T14:05:28.0000000Z;5.6428;5.6486;895;895
2026-06-08T14:05:59.0000000Z;5.6428;5.6486;895;895
2026-06-08T14:06:29.0000000Z;5.6428;5.6486;895;895
2026-06-08T14:07:00.0000000Z;5.6428;5.6486;895;895
2026-06-08T14:07:30.0000000Z;5.6428;5.6486;895;895
2026-06-08T14:08:01.0000000Z;5.6428;5.6486;895;895
2026-06-08T14:08:31.0000000Z;5.6428;5.6486;895;895
2026-06-08T14:09:02.0000000Z;5.6428;5.6486;895;895
2026-06-08T14:09:32.0000000Z;5.6428;5.6486;895;895
2026-06-08T14:09:58.0000000Z;5.642;5.6486;895;895
2026-06-08T14:10:29.0000000Z;5.642;5.6486;895;895
2026-06-08T14:11:00.0000000Z;5.642;5.6486;895;895
2026-06-08T14:11:30.0000000Z;5.642;5.6486;895;895
2026-06-08T14:12:01.0000000Z;5.642;5.6486;895;895
2026-06-08T14:12:31.0000000Z;5.642;5.6486;895;895
2026-06-08T14:13:02.0000000Z;5.642;5.6486;895;895
2026-06-08T14:13:32.0000000Z;5.642;5.6486;895;895
2026-06-08T14:14:03.0000000Z;5.642;5.6486;895;895
2026-06-08T14:14:33.0000000Z;5.642;5.6486;895;895
2026-06-08T14:15:04.0000000Z;5.642;5.6486;895;895
2026-06-08T14:15:34.0000000Z;5.642;5.6486;895;895
2026-06-08T14:16:05.0000000Z;5.642;5.6486;895;895
2026-06-08T14:16:23.0000000Z;5.642;5.6454;895;895
2026-06-08T14:16:54.0000000Z;5.642;5.6454;895;895
2026-06-08T14:17:24.0000000Z;5.642;5.6454;895;895
2026-06-08T14:17:35.0000000Z;5.642;5.6474;895;895
2026-06-08T14:18:03.0000000Z;5.642;5.6474;895;895
2026-06-08T14:18:33.0000000Z;5.642;5.6474;895;895
2026-06-08T14:19:04.0000000Z;5.642;5.6474;895;895
2026-06-08T14:19:14.0000000Z;5.6418;5.6474;895;895
2026-06-08T14:19:44.0000000Z;5.6418;5.6474;895;895
2026-06-08T14:20:15.0000000Z;5.6418;5.6474;895;895
2026-06-08T14:20:45.0000000Z;5.6418;5.6474;895;895
2026-06-08T14:21:16.0000000Z;5.6418;5.6474;895;895
2026-06-08T14:21:46.0000000Z;5.6418;5.6474;895;895
2026-06-08T14:22:17.0000000Z;5.6418;5.6474;895;895
2026-06-08T14:22:47.0000000Z;5.6418;5.6474;895;895
2026-06-08T14:23:18.0000000Z;5.6418;5.6474;895;895
2026-06-08T14:23:48.0000000Z;5.6418;5.6474;895;895
2026-06-08T14:23:59.0000000Z;5.641;5.6474;895;895
2026-06-08T14:24:30.0000000Z;5.641;5.6474;895;895
2026-06-08T14:24:36.0000000Z;5.6408;5.6474;895;895
2026-06-08T14:24:40.0000000Z;5.641;5.6474;895;895
2026-06-08T14:25:11.0000000Z;5.641;5.6474;895;895
2026-06-08T14:25:41.0000000Z;5.641;5.6474;895;895
2026-06-08T14:26:12.0000000Z;5.641;5.6474;895;895
2026-06-08T14:26:42.0000000Z;5.641;5.6474;895;895
2026-06-08T14:27:13.0000000Z;5.641;5.6474;895;895
2026-06-08T14:27:43.0000000Z;5.641;5.6474;895;895
2026-06-08T14:28:14.0000000Z;5.641;5.6474;895;895
2026-06-08T14:28:44.0000000Z;5.641;5.6474;895;895
2026-06-08T14:29:15.0000000Z;5.641;5.6474;895;895
2026-06-08T14:29:45.0000000Z;5.641;5.6474;895;895
2026-06-08T14:30:16.0000000Z;5.641;5.6474;895;895
2026-06-08T14:30:46.0000000Z;5.641;5.6474;895;895
2026-06-08T14:31:17.0000000Z;5.641;5.6474;895;895
2026-06-08T14:31:47.0000000Z;5.641;5.6474;895;895
2026-06-08T14:32:18.0000000Z;5.641;5.6474;895;895
2026-06-08T14:32:48.0000000Z;5.641;5.6474;895;895
2026-06-08T14:33:19.0000000Z;5.641;5.6474;895;895
2026-06-08T14:33:49.0000000Z;5.641;5.6474;895;895
2026-06-08T14:33:58.0000000Z;5.6402;5.6474;895;895
2026-06-08T14:34:28.0000000Z;5.6402;5.6474;895;895
2026-06-08T14:34:58.0000000Z;5.6402;5.6474;895;895
2026-06-08T14:35:29.0000000Z;5.6402;5.6474;895;895
2026-06-08T14:35:59.0000000Z;5.6402;5.6474;895;895
2026-06-08T14:36:30.0000000Z;5.6402;5.6474;895;895
2026-06-08T14:37:00.0000000Z;5.6402;5.6474;895;895
2026-06-08T14:37:31.0000000Z;5.6402;5.6474;895;895
2026-06-08T14:38:01.0000000Z;5.6402;5.6474;895;895
2026-06-08T14:38:32.0000000Z;5.6402;5.6474;895;895
2026-06-08T14:39:02.0000000Z;5.6402;5.6474;895;895
2026-06-08T14:39:33.0000000Z;5.6402;5.6474;895;895
2026-06-08T14:40:03.0000000Z;5.6402;5.6474;895;895
2026-06-08T14:40:24.0000000Z;5.641;5.6474;895;895
2026-06-08T14:40:35.0000000Z;5.641;5.6472;895;895
2026-06-08T14:40:37.0000000Z;5.636;5.6472;895;895
2026-06-08T14:40:42.0000000Z;5.6402;5.6472;895;895
2026-06-08T14:41:13.0000000Z;5.6402;5.6472;895;895
2026-06-08T14:41:43.0000000Z;5.6402;5.6472;895;895
2026-06-08T14:42:00.0000000Z;5.6394;5.6472;895;895
2026-06-08T14:42:06.0000000Z;5.6402;5.6472;895;895
2026-06-08T14:42:36.0000000Z;5.6394;5.6472;895;895
2026-06-08T14:42:56.0000000Z;5.6402;5.6472;895;895
2026-06-08T14:43:27.0000000Z;5.6402;5.6472;895;895
2026-06-08T14:43:57.0000000Z;5.6402;5.6472;895;895
2026-06-08T14:44:28.0000000Z;5.6402;5.6472;895;895
2026-06-08T14:44:58.0000000Z;5.6402;5.6472;895;895
2026-06-08T14:45:29.0000000Z;5.6402;5.6472;895;895
2026-06-08T14:45:39.0000000Z;5.641;5.6472;895;895
2026-06-08T14:45:48.0000000Z;5.6402;5.6472;895;895
2026-06-08T14:46:01.0000000Z;5.641;5.6472;895;895
2026-06-08T14:46:31.0000000Z;5.641;5.6472;895;895
2026-06-08T14:47:01.0000000Z;5.641;5.6472;895;895
2026-06-08T14:47:32.0000000Z;5.641;5.6472;895;895
2026-06-08T14:48:02.0000000Z;5.641;5.6472;895;895
2026-06-08T14:48:19.0000000Z;5.6402;5.6472;895;895
2026-06-08T14:48:28.0000000Z;5.641;5.6472;895;895
2026-06-08T14:48:58.0000000Z;5.641;5.6472;895;895
2026-06-08T14:49:21.0000000Z;5.6408;5.6472;895;895
2026-06-08T14:49:35.0000000Z;5.641;5.6472;895;895
2026-06-08T14:49:49.0000000Z;5.6402;5.6472;895;895
2026-06-08T14:50:19.0000000Z;5.6402;5.6472;895;895
2026-06-08T14:50:50.0000000Z;5.6402;5.6472;895;895
2026-06-08T14:51:20.0000000Z;5.6402;5.6472;895;895
2026-06-08T14:51:51.0000000Z;5.6402;5.6472;895;895
2026-06-08T14:52:21.0000000Z;5.6402;5.6472;895;895
2026-06-08T14:52:43.0000000Z;5.641;5.6472;895;895
2026-06-08T14:53:13.0000000Z;5.641;5.6472;895;895
2026-06-08T14:53:44.0000000Z;5.641;5.6472;895;895
2026-06-08T14:54:15.0000000Z;5.641;5.6472;895;895
2026-06-08T14:54:29.0000000Z;5.64;5.6472;895;895
2026-06-08T14:54:55.0000000Z;5.641;5.6472;895;895
2026-06-08T14:55:26.0000000Z;5.641;5.6472;895;895
2026-06-08T14:55:56.0000000Z;5.641;5.6472;895;895
2026-06-08T14:56:27.0000000Z;5.641;5.6472;895;895
2026-06-08T14:56:57.0000000Z;5.641;5.6472;895;895
2026-06-08T14:57:28.0000000Z;5.641;5.6472;895;895
2026-06-08T14:57:58.0000000Z;5.641;5.6472;895;895
2026-06-08T14:58:29.0000000Z;5.641;5.6472;895;895
2026-06-08T14:58:59.0000000Z;5.641;5.6472;895;895
2026-06-08T14:59:12.0000000Z;5.6408;5.6526;895;895
2026-06-08T14:59:24.0000000Z;5.641;5.6526;895;895
2026-06-08T14:59:50.0000000Z;5.6408;5.6526;895;895
