2026-06-08T08:00:22.0000000Z;605.4;605.7;83;83
2026-06-08T08:00:52.0000000Z;605.4;605.7;83;83
2026-06-08T08:01:00.0000000Z;605.4;605.6;83;83
2026-06-08T08:01:03.0000000Z;605.4;605.7;83;83
2026-06-08T08:01:22.0000000Z;605.4;605.6;83;83
2026-06-08T08:01:23.0000000Z;605.4;605.7;83;83
2026-06-08T08:01:24.0000000Z;605.4;605.6;83;83
2026-06-08T08:01:27.0000000Z;605.4;605.7;83;83
2026-06-08T08:01:28.0000000Z;605.4;605.7;83;83
2026-06-08T08:01:29.0000000Z;605.4;605.6;83;83
2026-06-08T08:01:31.0000000Z;605.4;605.5;83;83
2026-06-08T08:02:01.0000000Z;605.4;605.5;83;83
2026-06-08T08:02:08.0000000Z;605.4;605.6;83;83
2026-06-08T08:02:16.0000000Z;605.4;605.5;83;83
2026-06-08T08:02:36.0000000Z;605.3;605.4;83;83
2026-06-08T08:02:38.0000000Z;605;605.4;83;83
2026-06-08T08:02:51.0000000Z;605;605.3;83;83
2026-06-08T08:02:52.0000000Z;604.8;605.3;83;83
2026-06-08T08:03:06.0000000Z;604.8;605.1;83;83
2026-06-08T08:03:08.0000000Z;604.7;605.1;83;83
2026-06-08T08:03:10.0000000Z;604.6;605.1;83;83
2026-06-08T08:03:41.0000000Z;604.6;605.1;83;83
2026-06-08T08:04:06.0000000Z;604.8;605.1;83;83
2026-06-08T08:04:07.0000000Z;604.7;605.1;83;83
2026-06-08T08:04:08.0000000Z;604.8;605.1;83;83
2026-06-08T08:04:10.0000000Z;604.7;605.1;83;83
2026-06-08T08:04:36.0000000Z;604.7;605.3;83;83
2026-06-08T08:04:43.0000000Z;604.9;605.3;83;83
2026-06-08T08:04:44.0000000Z;604.9;605.1;83;83
2026-06-08T08:04:46.0000000Z;604.8;605.1;83;83
2026-06-08T08:04:59.0000000Z;605;605.1;83;83
2026-06-08T08:05:00.0000000Z;605;605.3;83;83
2026-06-08T08:05:02.0000000Z;604.9;605.3;83;83
2026-06-08T08:05:24.0000000Z;604.9;605.4;83;83
2026-06-08T08:05:26.0000000Z;604.9;605.3;83;83
2026-06-08T08:05:29.0000000Z;604.9;605.4;83;83
2026-06-08T08:05:55.0000000Z;604.9;605.4;83;83
2026-06-08T08:06:25.0000000Z;604.9;605.4;83;83
2026-06-08T08:06:39.0000000Z;604.9;605.5;83;83
2026-06-08T08:07:09.0000000Z;604.9;605.5;83;83
2026-06-08T08:07:40.0000000Z;604.9;605.5;83;83
2026-06-08T08:07:50.0000000Z;604.9;605.4;83;83
2026-06-08T08:07:51.0000000Z;604.9;605.3;83;83
2026-06-08T08:07:59.0000000Z;604.8;605.3;83;83
2026-06-08T08:08:29.0000000Z;604.8;605.3;83;83
2026-06-08T08:08:59.0000000Z;604.8;605.3;83;83
2026-06-08T08:09:04.0000000Z;604.8;605.2;83;83
2026-06-08T08:09:10.0000000Z;604.8;605.1;83;83
2026-06-08T08:09:11.0000000Z;604.6;605.1;83;83
2026-06-08T08:09:42.0000000Z;604.8;605.1;83;83
2026-06-08T08:10:02.0000000Z;604.8;605.3;83;83
2026-06-08T08:10:27.0000000Z;604.8;605.2;83;83
2026-06-08T08:10:29.0000000Z;604.8;605.1;83;83
2026-06-08T08:10:30.0000000Z;604.7;605.1;83;83
2026-06-08T08:11:00.0000000Z;604.7;605.1;83;83
2026-06-08T08:11:30.0000000Z;604.7;605.1;83;83
2026-06-08T08:11:48.0000000Z;604.7;605.3;83;83
2026-06-08T08:11:52.0000000Z;604.9;605.3;83;83
2026-06-08T08:11:58.0000000Z;604.8;605.3;83;83
2026-06-08T08:12:28.0000000Z;604.8;605.3;83;83
2026-06-08T08:12:48.0000000Z;604.8;605.1;83;83
2026-06-08T08:12:50.0000000Z;604.7;605.1;83;83
2026-06-08T08:13:00.0000000Z;604.7;605.2;83;83
2026-06-08T08:13:10.0000000Z;604.8;605.2;83;83
2026-06-08T08:13:41.0000000Z;604.8;605.2;83;83
2026-06-08T08:14:11.0000000Z;604.8;605.2;83;83
2026-06-08T08:14:42.0000000Z;604.8;605.2;83;83
2026-06-08T08:14:45.0000000Z;604.7;605.2;83;83
2026-06-08T08:15:15.0000000Z;604.7;605.2;83;83
2026-06-08T08:15:18.0000000Z;604.9;605.2;83;83
2026-06-08T08:15:21.0000000Z;604.8;605.2;83;83
2026-06-08T08:15:30.0000000Z;604.9;605.2;83;83
2026-06-08T08:15:34.0000000Z;605;605.2;83;83
2026-06-08T08:15:35.0000000Z;605;605.4;83;83
2026-06-08T08:15:36.0000000Z;605;605.3;83;83
2026-06-08T08:15:38.0000000Z;604.9;605.3;83;83
2026-06-08T08:16:07.0000000Z;604.9;605.3;83;83
2026-06-08T08:16:30.0000000Z;604.9;605.4;83;83
2026-06-08T08:16:44.0000000Z;604.9;605.2;83;83
2026-06-08T08:16:45.0000000Z;604.8;605.2;83;83
2026-06-08T08:16:53.0000000Z;604.9;605.2;83;83
2026-06-08T08:16:57.0000000Z;604.6;605.2;83;83
2026-06-08T08:16:58.0000000Z;604.7;605.2;83;83
2026-06-08T08:17:29.0000000Z;604.7;605.2;83;83
2026-06-08T08:17:43.0000000Z;604.7;605.2;83;83
2026-06-08T08:17:50.0000000Z;604.7;605.2;83;83
2026-06-08T08:18:02.0000000Z;604.8;605.2;83;83
2026-06-08T08:18:18.0000000Z;604.8;605.3;83;83
2026-06-08T08:18:48.0000000Z;604.8;605.3;83;83
2026-06-08T08:18:53.0000000Z;604.9;605.3;83;83
2026-06-08T08:18:56.0000000Z;604.9;605.4;83;83
2026-06-08T08:18:57.0000000Z;605;605.4;83;83
2026-06-08T08:19:28.0000000Z;605;605.4;83;83
2026-06-08T08:19:58.0000000Z;605;605.4;83;83
2026-06-08T08:20:29.0000000Z;605;605.4;83;83
2026-06-08T08:20:32.0000000Z;604.9;605.4;83;83
2026-06-08T08:21:02.0000000Z;604.9;605.4;83;83
2026-06-08T08:21:24.0000000Z;604.9;605.3;83;83
2026-06-08T08:21:55.0000000Z;604.9;605.3;83;83
2026-06-08T08:21:56.0000000Z;604.9;605.4;83;83
2026-06-08T08:22:01.0000000Z;604.9;605.3;83;83
2026-06-08T08:22:31.0000000Z;604.9;605.3;83;83
2026-06-08T08:22:57.0000000Z;604.9;605.2;83;83
2026-06-08T08:23:04.0000000Z;604.9;605.1;83;83
2026-06-08T08:23:05.0000000Z;604.6;605.1;83;83
2026-06-08T08:23:15.0000000Z;604.6;604.9;83;83
2026-06-08T08:23:17.0000000Z;604.5;604.9;83;83
2026-06-08T08:23:29.0000000Z;604.7;604.9;83;83
2026-06-08T08:23:31.0000000Z;604.7;605.1;83;83
2026-06-08T08:23:33.0000000Z;604.6;605.1;83;83
2026-06-08T08:23:45.0000000Z;604.7;605.1;83;83
2026-06-08T08:23:48.0000000Z;604.8;605.1;83;83
2026-06-08T08:23:50.0000000Z;604.7;605.1;83;83
2026-06-08T08:23:51.0000000Z;604.8;605.1;83;83
2026-06-08T08:23:53.0000000Z;604.7;605.1;83;83
2026-06-08T08:24:03.0000000Z;604.8;605.1;83;83
2026-06-08T08:24:15.0000000Z;604.8;605.2;83;83
2026-06-08T08:24:31.0000000Z;604.9;605.3;83;83
2026-06-08T08:24:32.0000000Z;604.8;605.3;83;83
2026-06-08T08:24:33.0000000Z;604.9;605.3;83;83
2026-06-08T08:24:35.0000000Z;604.8;605.2;83;83
2026-06-08T08:24:36.0000000Z;604.8;605.3;83;83
2026-06-08T08:24:39.0000000Z;604.9;605.2;83;83
2026-06-08T08:24:40.0000000Z;604.8;605.2;83;83
2026-06-08T08:25:10.0000000Z;604.8;605.2;83;83
2026-06-08T08:25:41.0000000Z;604.8;605.2;83;83
2026-06-08T08:26:09.0000000Z;604.9;605.2;83;83
2026-06-08T08:26:11.0000000Z;604.9;605.2;83;83
2026-06-08T08:26:13.0000000Z;604.8;605.2;83;83
2026-06-08T08:26:42.0000000Z;604.8;605.2;83;83
2026-06-08T08:27:13.0000000Z;604.8;605.1;83;83
2026-06-08T08:27:25.0000000Z;604.7;605.1;83;83
2026-06-08T08:27:26.0000000Z;604.8;605.1;83;83
2026-06-08T08:27:55.0000000Z;604.7;605.1;83;83
2026-06-08T08:28:13.0000000Z;604.7;605;83;83
2026-06-08T08:28:23.0000000Z;604.7;605.1;83;83
2026-06-08T08:28:37.0000000Z;604.8;605.1;83;83
2026-06-08T08:28:44.0000000Z;604.7;605.1;83;83
2026-06-08T08:28:47.0000000Z;604.6;605.1;83;83
2026-06-08T08:28:57.0000000Z;604.7;605.1;83;83
2026-06-08T08:29:28.0000000Z;604.7;605.1;83;83
2026-06-08T08:29:58.0000000Z;604.7;605.1;83;83
2026-06-08T08:30:02.0000000Z;604.6;605.1;83;83
2026-06-08T08:30:25.0000000Z;604.6;605.1;83;83
2026-06-08T08:30:28.0000000Z;604.7;605.1;83;83
2026-06-08T08:30:31.0000000Z;604.8;605.1;83;83
2026-06-08T08:30:32.0000000Z;604.8;605.1;83;83
2026-06-08T08:30:34.0000000Z;604.7;605.1;83;83
2026-06-08T08:30:35.0000000Z;604.8;605.1;83;83
2026-06-08T08:31:06.0000000Z;604.8;605.1;83;83
2026-06-08T08:31:21.0000000Z;604.9;605.1;83;83
2026-06-08T08:31:24.0000000Z;604.9;605.3;83;83
2026-06-08T08:31:25.0000000Z;604.9;605.3;83;83
2026-06-08T08:31:26.0000000Z;604.9;605.2;83;83
2026-06-08T08:31:28.0000000Z;604.9;605.3;83;83
2026-06-08T08:31:58.0000000Z;604.9;605.3;83;83
2026-06-08T08:32:08.0000000Z;605;605.3;83;83
2026-06-08T08:32:10.0000000Z;605.1;605.4;83;83
2026-06-08T08:32:16.0000000Z;605.1;605.5;83;83
2026-06-08T08:32:47.0000000Z;605.1;605.5;83;83
2026-06-08T08:32:51.0000000Z;605;605.5;83;83
2026-06-08T08:33:21.0000000Z;605;605.5;83;83
2026-06-08T08:33:51.0000000Z;605;605.5;83;83
2026-06-08T08:34:22.0000000Z;605;605.5;83;83
2026-06-08T08:34:53.0000000Z;605;605.5;83;83
2026-06-08T08:35:23.0000000Z;605;605.5;83;83
2026-06-08T08:35:30.0000000Z;605;605.3;83;83
2026-06-08T08:35:35.0000000Z;605;605.5;83;83
2026-06-08T08:35:36.0000000Z;605;605.4;83;83
2026-06-08T08:35:48.0000000Z;605;605.3;83;83
2026-06-08T08:35:49.0000000Z;604.9;605.3;83;83
2026-06-08T08:36:05.0000000Z;604.8;605.3;83;83
2026-06-08T08:36:34.0000000Z;604.8;605.3;83;83
2026-06-08T08:36:42.0000000Z;604.8;605.1;83;83
2026-06-08T08:36:52.0000000Z;604.7;605.1;83;83
2026-06-08T08:37:10.0000000Z;604.6;605.1;83;83
2026-06-08T08:37:40.0000000Z;604.6;605.1;83;83
2026-06-08T08:38:08.0000000Z;604.8;605.1;83;83
2026-06-08T08:38:36.0000000Z;604.7;605.1;83;83
2026-06-08T08:39:06.0000000Z;604.7;605.1;83;83
2026-06-08T08:39:37.0000000Z;604.7;605.1;83;83
2026-06-08T08:40:01.0000000Z;604.6;605.1;83;83
2026-06-08T08:40:31.0000000Z;604.6;605.1;83;83
2026-06-08T08:40:52.0000000Z;604.6;604.9;83;83
2026-06-08T08:41:06.0000000Z;604.5;604.9;83;83
2026-06-08T08:41:08.0000000Z;604.4;604.9;83;83
2026-06-08T08:41:39.0000000Z;604.4;604.9;83;83
2026-06-08T08:42:01.0000000Z;604.6;604.9;83;83
2026-06-08T08:42:31.0000000Z;604.6;604.9;83;83
2026-06-08T08:42:57.0000000Z;604.5;604.9;83;83
2026-06-08T08:43:08.0000000Z;604.6;604.9;83;83
2026-06-08T08:43:09.0000000Z;604.6;605;83;83
2026-06-08T08:43:15.0000000Z;604.6;605.1;83;83
2026-06-08T08:43:46.0000000Z;604.6;605.1;83;83
2026-06-08T08:44:16.0000000Z;604.6;605.1;83;83
2026-06-08T08:44:45.0000000Z;604.6;604.9;83;83
2026-06-08T08:44:51.0000000Z;604.5;604.9;83;83
2026-06-08T08:45:21.0000000Z;604.5;604.9;83;83
2026-06-08T08:45:52.0000000Z;604.5;604.9;83;83
2026-06-08T08:45:56.0000000Z;604.5;605;83;83
2026-06-08T08:46:03.0000000Z;604.5;604.9;83;83
2026-06-08T08:46:34.0000000Z;604.5;604.9;83;83
2026-06-08T08:47:04.0000000Z;604.5;604.9;83;83
2026-06-08T08:47:08.0000000Z;604.4;604.9;83;83
2026-06-08T08:47:11.0000000Z;604.4;604.7;83;83
2026-06-08T08:47:42.0000000Z;604.4;604.7;83;83
2026-06-08T08:48:08.0000000Z;604.3;604.7;83;83
2026-06-08T08:48:39.0000000Z;604.3;604.7;83;83
2026-06-08T08:48:48.0000000Z;604.5;604.7;83;83
2026-06-08T08:48:50.0000000Z;604.5;604.9;83;83
2026-06-08T08:49:03.0000000Z;604.7;604.9;83;83
2026-06-08T08:49:05.0000000Z;604.7;605;83;83
2026-06-08T08:49:07.0000000Z;604.7;605.1;83;83
2026-06-08T08:49:37.0000000Z;604.7;605.2;83;83
2026-06-08T08:49:42.0000000Z;604.9;605.2;83;83
2026-06-08T08:49:55.0000000Z;604.8;605.2;83;83
2026-06-08T08:50:23.0000000Z;604.8;605.2;83;83
2026-06-08T08:50:53.0000000Z;604.8;605.2;83;83
2026-06-08T08:50:57.0000000Z;604.8;605.1;83;83
2026-06-08T08:51:03.0000000Z;604.6;605.1;83;83
2026-06-08T08:51:15.0000000Z;604.6;604.9;83;83
2026-06-08T08:51:17.0000000Z;604.6;604.9;83;83
2026-06-08T08:51:19.0000000Z;604.6;605.1;83;83
2026-06-08T08:51:20.0000000Z;604.6;605;83;83
2026-06-08T08:51:48.0000000Z;604.6;604.9;83;83
2026-06-08T08:52:04.0000000Z;604.5;604.9;83;83
2026-06-08T08:52:09.0000000Z;604.6;604.9;83;83
2026-06-08T08:52:15.0000000Z;604.5;604.9;83;83
2026-06-08T08:52:46.0000000Z;604.5;604.9;83;83
2026-06-08T08:52:53.0000000Z;604.7;604.9;83;83
2026-06-08T08:52:55.0000000Z;604.7;605.1;83;83
2026-06-08T08:52:59.0000000Z;604.6;605.1;83;83
2026-06-08T08:53:08.0000000Z;604.8;605.1;83;83
2026-06-08T08:53:39.0000000Z;604.8;605.1;83;83
2026-06-08T08:54:10.0000000Z;604.8;605.1;83;83
2026-06-08T08:54:40.0000000Z;604.8;605.1;83;83
2026-06-08T08:55:04.0000000Z;604.9;605.1;83;83
2026-06-08T08:55:06.0000000Z;604.9;605.3;83;83
2026-06-08T08:55:08.0000000Z;604.9;605.2;83;83
2026-06-08T08:55:26.0000000Z;604.8;605.2;83;83
2026-06-08T08:55:38.0000000Z;604.8;605.1;83;83
2026-06-08T08:56:09.0000000Z;604.8;605.1;83;83
2026-06-08T08:56:39.0000000Z;604.8;605.1;83;83
2026-06-08T08:56:55.0000000Z;604.9;605.2;83;83
2026-06-08T08:57:02.0000000Z;604.8;605.1;83;83
2026-06-08T08:57:18.0000000Z;604.8;605.2;83;83
2026-06-08T08:57:26.0000000Z;604.8;605.1;83;83
2026-06-08T08:57:32.0000000Z;604.8;605.2;83;83
2026-06-08T08:57:36.0000000Z;604.9;605.2;83;83
2026-06-08T08:57:38.0000000Z;604.9;605.3;83;83
2026-06-08T08:57:39.0000000Z;604.9;605.2;83;83
2026-06-08T08:57:40.0000000Z;604.9;605.2;83;83
2026-06-08T08:58:11.0000000Z;604.9;605.2;83;83
2026-06-08T08:58:14.0000000Z;604.9;605.3;83;83
2026-06-08T08:58:44.0000000Z;604.9;605.3;83;83
2026-06-08T08:59:15.0000000Z;604.9;605.3;83;83
2026-06-08T08:59:18.0000000Z;604.9;605.2;83;83
2026-06-08T08:59:19.0000000Z;604.9;605.3;83;83
2026-06-08T08:59:20.0000000Z;604.9;605.3;83;83
2026-06-08T08:59:23.0000000Z;605;605.3;83;83
2026-06-08T08:59:34.0000000Z;604.9;605.3;83;83
2026-06-08T08:59:41.0000000Z;605;605.3;83;83
2026-06-08T08:59:43.0000000Z;604.9;605.3;83;83
2026-06-08T08:59:44.0000000Z;605;605.3;83;83
2026-06-08T08:59:46.0000000Z;604.9;605.3;83;83
2026-06-08T09:00:13.0000000Z;605.1;605.3;83;83
2026-06-08T09:00:16.0000000Z;605.1;605.4;83;83
2026-06-08T09:00:18.0000000Z;605;605.4;83;83
2026-06-08T09:00:36.0000000Z;605;605.3;83;83
2026-06-08T09:01:07.0000000Z;605;605.3;83;83
2026-06-08T09:01:37.0000000Z;605;605.3;83;83
2026-06-08T09:01:41.0000000Z;605.2;605.3;83;83
2026-06-08T09:01:43.0000000Z;605.2;605.5;83;83
2026-06-08T09:02:13.0000000Z;605.2;605.5;83;83
2026-06-08T09:02:18.0000000Z;605;605.5;83;83
2026-06-08T09:02:20.0000000Z;605.2;605.5;83;83
2026-06-08T09:02:31.0000000Z;605.2;605.5;83;83
2026-06-08T09:02:55.0000000Z;605.1;605.5;83;83
2026-06-08T09:03:00.0000000Z;605.2;605.5;83;83
2026-06-08T09:03:03.0000000Z;605.2;605.7;83;83
2026-06-08T09:03:34.0000000Z;605.2;605.7;83;83
2026-06-08T09:03:44.0000000Z;605.2;605.5;83;83
2026-06-08T09:03:47.0000000Z;605.1;605.5;83;83
2026-06-08T09:04:17.0000000Z;605.1;605.5;83;83
2026-06-08T09:04:31.0000000Z;605.1;605.7;83;83
2026-06-08T09:04:39.0000000Z;605.2;605.7;83;83
2026-06-08T09:05:09.0000000Z;605.2;605.7;83;83
2026-06-08T09:05:32.0000000Z;605.2;605.5;83;83
2026-06-08T09:05:35.0000000Z;605.1;605.5;83;83
2026-06-08T09:05:57.0000000Z;605;605.5;83;83
2026-06-08T09:06:21.0000000Z;605;605.3;83;83
2026-06-08T09:06:51.0000000Z;605;605.3;83;83
2026-06-08T09:07:02.0000000Z;604.9;605.3;83;83
2026-06-08T09:07:32.0000000Z;604.9;605.3;83;83
2026-06-08T09:08:02.0000000Z;604.9;605.3;83;83
2026-06-08T09:08:33.0000000Z;604.9;605.3;83;83
2026-06-08T09:09:03.0000000Z;604.9;605.1;83;83
2026-06-08T09:09:04.0000000Z;604.8;605.1;83;83
2026-06-08T09:09:34.0000000Z;604.8;605.1;83;83
2026-06-08T09:10:05.0000000Z;604.8;605.1;83;83
2026-06-08T09:10:35.0000000Z;604.8;605.1;83;83
2026-06-08T09:10:37.0000000Z;604.9;605.1;83;83
2026-06-08T09:10:40.0000000Z;604.9;605.3;83;83
2026-06-08T09:11:11.0000000Z;604.9;605.3;83;83
2026-06-08T09:11:41.0000000Z;604.9;605.3;83;83
2026-06-08T09:12:12.0000000Z;604.9;605.3;83;83
2026-06-08T09:12:42.0000000Z;604.9;605.3;83;83
2026-06-08T09:12:52.0000000Z;605.1;605.3;83;83
2026-06-08T09:12:53.0000000Z;605;605.4;83;83
2026-06-08T09:13:24.0000000Z;605;605.4;83;83
2026-06-08T09:13:27.0000000Z;605;605.5;83;83
2026-06-08T09:13:33.0000000Z;605.2;605.5;83;83
2026-06-08T09:14:04.0000000Z;605.2;605.5;83;83
2026-06-08T09:14:35.0000000Z;605.2;605.5;83;83
2026-06-08T09:15:05.0000000Z;605.2;605.5;83;83
2026-06-08T09:15:21.0000000Z;605.2;605.7;83;83
2026-06-08T09:15:52.0000000Z;605.2;605.7;83;83
2026-06-08T09:16:19.0000000Z;605.4;605.7;83;83
2026-06-08T09:16:27.0000000Z;605.3;605.7;83;83
2026-06-08T09:16:57.0000000Z;605.3;605.7;83;83
2026-06-08T09:16:59.0000000Z;605.3;605.8;83;83
2026-06-08T09:17:30.0000000Z;605.3;605.8;83;83
2026-06-08T09:17:59.0000000Z;605.3;605.7;83;83
2026-06-08T09:18:30.0000000Z;605.3;605.7;83;83
2026-06-08T09:19:00.0000000Z;605.3;605.7;83;83
2026-06-08T09:19:31.0000000Z;605.3;605.7;83;83
2026-06-08T09:20:02.0000000Z;605.3;605.7;83;83
2026-06-08T09:20:12.0000000Z;605.3;605.9;83;83
2026-06-08T09:20:16.0000000Z;605.4;605.9;83;83
2026-06-08T09:20:18.0000000Z;605.5;605.9;83;83
2026-06-08T09:20:45.0000000Z;605.6;605.9;83;83
2026-06-08T09:20:46.0000000Z;605.6;606;83;83
2026-06-08T09:20:47.0000000Z;605.7;606;83;83
2026-06-08T09:20:48.0000000Z;605.7;606.2;83;83
2026-06-08T09:20:51.0000000Z;605.7;606.1;83;83
2026-06-08T09:20:52.0000000Z;605.7;606.2;83;83
2026-06-08T09:20:55.0000000Z;605.7;606.1;83;83
2026-06-08T09:21:02.0000000Z;605.7;606;83;83
2026-06-08T09:21:04.0000000Z;605.6;606;83;83
2026-06-08T09:21:35.0000000Z;605.6;606;83;83
2026-06-08T09:22:06.0000000Z;605.6;606;83;83
2026-06-08T09:22:36.0000000Z;605.6;606;83;83
2026-06-08T09:23:07.0000000Z;605.6;606;83;83
2026-06-08T09:23:37.0000000Z;605.6;606;83;83
2026-06-08T09:24:08.0000000Z;605.6;606;83;83
2026-06-08T09:24:38.0000000Z;605.6;606;83;83
2026-06-08T09:24:45.0000000Z;605.5;606;83;83
2026-06-08T09:25:16.0000000Z;605.5;606;83;83
2026-06-08T09:25:47.0000000Z;605.5;606;83;83
2026-06-08T09:26:17.0000000Z;605.5;606;83;83
2026-06-08T09:26:48.0000000Z;605.5;606;83;83
2026-06-08T09:27:18.0000000Z;605.5;606;83;83
2026-06-08T09:27:49.0000000Z;605.5;606;83;83
2026-06-08T09:28:20.0000000Z;605.5;606;83;83
2026-06-08T09:28:32.0000000Z;605.5;605.8;83;83
2026-06-08T09:29:03.0000000Z;605.5;605.8;83;83
2026-06-08T09:29:33.0000000Z;605.5;605.8;83;83
2026-06-08T09:30:04.0000000Z;605.5;605.8;83;83
2026-06-08T09:30:34.0000000Z;605.5;605.8;83;83
2026-06-08T09:30:35.0000000Z;605.5;606;83;83
2026-06-08T09:31:03.0000000Z;605.5;605.8;83;83
2026-06-08T09:31:05.0000000Z;605.4;605.8;83;83
2026-06-08T09:31:30.0000000Z;605.6;605.8;83;83
2026-06-08T09:31:31.0000000Z;605.6;606;83;83
2026-06-08T09:32:02.0000000Z;605.6;606;83;83
2026-06-08T09:32:32.0000000Z;605.6;606;83;83
2026-06-08T09:33:03.0000000Z;605.6;606;83;83
2026-06-08T09:33:33.0000000Z;605.6;606;83;83
2026-06-08T09:34:04.0000000Z;605.6;606;83;83
2026-06-08T09:34:35.0000000Z;605.6;606;83;83
2026-06-08T09:35:05.0000000Z;605.6;606;83;83
2026-06-08T09:35:11.0000000Z;605.6;605.9;83;83
2026-06-08T09:35:41.0000000Z;605.6;605.9;83;83
2026-06-08T09:35:52.0000000Z;605.5;605.9;83;83
2026-06-08T09:36:17.0000000Z;605.5;605.9;83;83
2026-06-08T09:36:30.0000000Z;605.5;606;83;83
2026-06-08T09:36:41.0000000Z;605.7;606;83;83
2026-06-08T09:36:42.0000000Z;605.7;606.2;83;83
2026-06-08T09:36:49.0000000Z;606;606.2;83;83
2026-06-08T09:36:50.0000000Z;606;606.4;83;83
2026-06-08T09:37:00.0000000Z;606;606.5;83;83
2026-06-08T09:37:07.0000000Z;606;606.4;83;83
2026-06-08T09:37:13.0000000Z;606;606.3;83;83
2026-06-08T09:37:15.0000000Z;606;606.3;83;83
2026-06-08T09:37:17.0000000Z;606;606.4;83;83
2026-06-08T09:37:19.0000000Z;606.2;606.4;83;83
2026-06-08T09:37:21.0000000Z;606.2;606.6;83;83
2026-06-08T09:37:22.0000000Z;606.2;606.4;83;83
2026-06-08T09:37:23.0000000Z;606.2;606.5;83;83
2026-06-08T09:37:25.0000000Z;606.2;606.5;83;83
2026-06-08T09:37:27.0000000Z;606.1;606.5;83;83
2026-06-08T09:37:28.0000000Z;606.2;606.5;83;83
2026-06-08T09:37:33.0000000Z;606.1;606.5;83;83
2026-06-08T09:37:35.0000000Z;606.1;606.3;83;83
2026-06-08T09:37:39.0000000Z;605.9;606.3;83;83
2026-06-08T09:37:52.0000000Z;606;606.3;83;83
2026-06-08T09:38:01.0000000Z;605.9;606.3;83;83
2026-06-08T09:38:13.0000000Z;605.8;606.3;83;83
2026-06-08T09:38:43.0000000Z;605.8;606.3;83;83
2026-06-08T09:38:53.0000000Z;605.8;606.1;83;83
2026-06-08T09:39:05.0000000Z;605.8;606;83;83
2026-06-08T09:39:07.0000000Z;605.7;606;83;83
2026-06-08T09:39:09.0000000Z;605.6;606;83;83
2026-06-08T09:39:11.0000000Z;605.7;606;83;83
2026-06-08T09:39:13.0000000Z;605.8;606.1;83;83
2026-06-08T09:39:15.0000000Z;605.8;606.2;83;83
2026-06-08T09:39:44.0000000Z;605.8;606.2;83;83
2026-06-08T09:40:14.0000000Z;605.8;606.2;83;83
2026-06-08T09:40:45.0000000Z;605.8;606.2;83;83
2026-06-08T09:41:06.0000000Z;605.8;606.3;83;83
2026-06-08T09:41:11.0000000Z;605.8;606.2;83;83
2026-06-08T09:41:14.0000000Z;605.8;606.3;83;83
2026-06-08T09:41:43.0000000Z;605.8;606.3;83;83
2026-06-08T09:41:51.0000000Z;605.8;606.2;83;83
2026-06-08T09:42:00.0000000Z;605.8;606.3;83;83
2026-06-08T09:42:03.0000000Z;605.8;606.3;83;83
2026-06-08T09:42:06.0000000Z;605.9;606.3;83;83
2026-06-08T09:42:07.0000000Z;606;606.3;83;83
2026-06-08T09:42:09.0000000Z;605.9;606.3;83;83
2026-06-08T09:42:10.0000000Z;606;606.3;83;83
2026-06-08T09:42:12.0000000Z;605.9;606.3;83;83
2026-06-08T09:42:39.0000000Z;606;606.3;83;83
2026-06-08T09:42:46.0000000Z;606;606.4;83;83
2026-06-08T09:42:59.0000000Z;606;606.5;83;83
2026-06-08T09:43:10.0000000Z;606.1;606.5;83;83
2026-06-08T09:43:32.0000000Z;606.1;606.6;83;83
2026-06-08T09:43:51.0000000Z;606.3;606.6;83;83
2026-06-08T09:43:52.0000000Z;606.3;606.7;83;83
2026-06-08T09:44:21.0000000Z;606.3;606.7;83;83
2026-06-08T09:44:52.0000000Z;606.3;606.7;83;83
2026-06-08T09:45:06.0000000Z;606.1;606.7;83;83
2026-06-08T09:45:07.0000000Z;606.3;606.7;83;83
2026-06-08T09:45:17.0000000Z;606.3;606.6;83;83
2026-06-08T09:45:38.0000000Z;606.3;606.7;83;83
2026-06-08T09:46:08.0000000Z;606.3;606.7;83;83
2026-06-08T09:46:38.0000000Z;606.4;606.7;83;83
2026-06-08T09:46:56.0000000Z;606.3;606.7;83;83
2026-06-08T09:47:24.0000000Z;606.3;606.7;83;83
2026-06-08T09:47:54.0000000Z;606.3;606.7;83;83
2026-06-08T09:48:25.0000000Z;606.3;606.7;83;83
2026-06-08T09:48:47.0000000Z;606.4;606.7;83;83
2026-06-08T09:48:55.0000000Z;606.4;606.7;83;83
2026-06-08T09:48:57.0000000Z;606.3;606.7;83;83
2026-06-08T09:48:59.0000000Z;606.4;606.7;83;83
2026-06-08T09:49:05.0000000Z;606.4;606.8;83;83
2026-06-08T09:49:11.0000000Z;606.4;606.9;83;83
2026-06-08T09:49:26.0000000Z;606.4;606.8;83;83
2026-06-08T09:49:56.0000000Z;606.4;606.8;83;83
2026-06-08T09:50:08.0000000Z;606.4;606.7;83;83
2026-06-08T09:50:18.0000000Z;606.4;606.6;83;83
2026-06-08T09:50:30.0000000Z;606.4;606.6;83;83
2026-06-08T09:50:37.0000000Z;606.4;606.6;83;83
2026-06-08T09:50:39.0000000Z;606.4;606.7;83;83
2026-06-08T09:50:45.0000000Z;606.3;606.7;83;83
2026-06-08T09:51:05.0000000Z;606.3;606.6;83;83
2026-06-08T09:51:36.0000000Z;606.3;606.6;83;83
2026-06-08T09:52:03.0000000Z;606.3;606.7;83;83
2026-06-08T09:52:26.0000000Z;606.4;606.7;83;83
2026-06-08T09:52:56.0000000Z;606.4;606.7;83;83
2026-06-08T09:53:11.0000000Z;606.4;606.6;83;83
2026-06-08T09:53:12.0000000Z;606.3;606.6;83;83
2026-06-08T09:53:13.0000000Z;606.3;606.7;83;83
2026-06-08T09:53:14.0000000Z;606.3;606.6;83;83
2026-06-08T09:53:16.0000000Z;606.3;606.7;83;83
2026-06-08T09:53:38.0000000Z;606.2;606.7;83;83
2026-06-08T09:54:04.0000000Z;606.3;606.7;83;83
2026-06-08T09:54:35.0000000Z;606.3;606.7;83;83
2026-06-08T09:55:05.0000000Z;606.3;606.7;83;83
2026-06-08T09:55:31.0000000Z;606.3;606.6;83;83
2026-06-08T09:55:34.0000000Z;606.2;606.6;83;83
2026-06-08T09:56:04.0000000Z;606.2;606.6;83;83
2026-06-08T09:56:35.0000000Z;606.2;606.6;83;83
2026-06-08T09:57:05.0000000Z;606.2;606.6;83;83
2026-06-08T09:57:36.0000000Z;606.2;606.6;83;83
2026-06-08T09:57:46.0000000Z;606.2;606.7;83;83
2026-06-08T09:57:56.0000000Z;606.2;606.6;83;83
2026-06-08T09:58:26.0000000Z;606.2;606.6;83;83
2026-06-08T09:58:29.0000000Z;606.2;606.7;83;83
2026-06-08T09:58:41.0000000Z;606.2;606.6;83;83
2026-06-08T09:58:59.0000000Z;606.2;606.7;83;83
2026-06-08T09:59:01.0000000Z;606.2;606.6;83;83
2026-06-08T09:59:23.0000000Z;606.2;606.7;83;83
2026-06-08T09:59:53.0000000Z;606.2;606.7;83;83
2026-06-08T09:59:55.0000000Z;606.3;606.7;83;83
2026-06-08T09:59:58.0000000Z;606.4;606.7;83;83
2026-06-08T09:59:59.0000000Z;606.4;606.7;83;83
2026-06-08T10:00:01.0000000Z;606.3;606.7;83;83
2026-06-08T10:00:03.0000000Z;606.4;606.7;83;83
2026-06-08T10:00:13.0000000Z;606.3;606.7;83;83
2026-06-08T10:00:43.0000000Z;606.3;606.7;83;83
2026-06-08T10:01:00.0000000Z;606.3;606.6;83;83
2026-06-08T10:01:30.0000000Z;606.3;606.6;83;83
2026-06-08T10:02:00.0000000Z;606.3;606.5;83;83
2026-06-08T10:02:02.0000000Z;606.1;606.5;83;83
2026-06-08T10:02:03.0000000Z;606.1;606.4;83;83
2026-06-08T10:02:04.0000000Z;605.9;606.4;83;83
2026-06-08T10:02:09.0000000Z;605.9;606.2;83;83
2026-06-08T10:02:14.0000000Z;605.6;606.1;83;83
2026-06-08T10:02:16.0000000Z;605.8;606.1;83;83
2026-06-08T10:02:18.0000000Z;605.8;606.3;83;83
2026-06-08T10:02:32.0000000Z;605.8;606.2;83;83
2026-06-08T10:02:42.0000000Z;605.8;606.3;83;83
2026-06-08T10:02:54.0000000Z;605.9;606.3;83;83
2026-06-08T10:03:02.0000000Z;605.9;606.5;83;83
2026-06-08T10:03:03.0000000Z;606;606.5;83;83
2026-06-08T10:03:33.0000000Z;606;606.5;83;83
2026-06-08T10:03:43.0000000Z;606.1;606.5;83;83
2026-06-08T10:03:47.0000000Z;606.1;606.6;83;83
2026-06-08T10:03:48.0000000Z;606.1;606.5;83;83
2026-06-08T10:04:03.0000000Z;605.9;606.5;83;83
2026-06-08T10:04:33.0000000Z;605.9;606.5;83;83
2026-06-08T10:04:36.0000000Z;606;606.5;83;83
2026-06-08T10:04:47.0000000Z;605.9;606.5;83;83
2026-06-08T10:05:14.0000000Z;606.1;606.5;83;83
2026-06-08T10:05:23.0000000Z;606.1;606.6;83;83
2026-06-08T10:05:54.0000000Z;606.1;606.6;83;83
2026-06-08T10:06:24.0000000Z;606.1;606.6;83;83
2026-06-08T10:06:29.0000000Z;606.1;606.5;83;83
2026-06-08T10:06:38.0000000Z;606.1;606.5;83;83
2026-06-08T10:06:42.0000000Z;606.1;606.6;83;83
2026-06-08T10:07:03.0000000Z;606.2;606.6;83;83
2026-06-08T10:07:12.0000000Z;606.1;606.6;83;83
2026-06-08T10:07:23.0000000Z;606.2;606.6;83;83
2026-06-08T10:07:24.0000000Z;606.1;606.6;83;83
2026-06-08T10:07:25.0000000Z;606.2;606.6;83;83
2026-06-08T10:07:30.0000000Z;606.2;606.6;83;83
2026-06-08T10:07:31.0000000Z;606.1;606.6;83;83
2026-06-08T10:07:32.0000000Z;606.2;606.6;83;83
2026-06-08T10:07:33.0000000Z;606.1;606.6;83;83
2026-06-08T10:07:43.0000000Z;606.1;606.5;83;83
2026-06-08T10:07:57.0000000Z;606.2;606.5;83;83
2026-06-08T10:08:01.0000000Z;606.2;606.6;83;83
2026-06-08T10:08:04.0000000Z;606.1;606.6;83;83
2026-06-08T10:08:13.0000000Z;606.2;606.6;83;83
2026-06-08T10:08:43.0000000Z;606.2;606.6;83;83
2026-06-08T10:09:09.0000000Z;606.3;606.6;83;83
2026-06-08T10:09:40.0000000Z;606.3;606.6;83;83
2026-06-08T10:09:44.0000000Z;606.3;606.5;83;83
2026-06-08T10:09:46.0000000Z;606.2;606.5;83;83
2026-06-08T10:09:56.0000000Z;606.1;606.5;83;83
2026-06-08T10:10:27.0000000Z;606.1;606.5;83;83
2026-06-08T10:10:57.0000000Z;606;606.5;83;83
2026-06-08T10:11:27.0000000Z;606;606.5;83;83
2026-06-08T10:11:48.0000000Z;606.1;606.5;83;83
2026-06-08T10:12:08.0000000Z;606.1;606.6;83;83
2026-06-08T10:12:09.0000000Z;606.2;606.6;83;83
2026-06-08T10:12:39.0000000Z;606.2;606.6;83;83
2026-06-08T10:13:01.0000000Z;606.1;606.6;83;83
2026-06-08T10:13:31.0000000Z;606.1;606.6;83;83
2026-06-08T10:13:41.0000000Z;606.2;606.6;83;83
2026-06-08T10:13:53.0000000Z;606.1;606.6;83;83
2026-06-08T10:13:56.0000000Z;606.1;606.5;83;83
2026-06-08T10:14:13.0000000Z;606.1;606.4;83;83
2026-06-08T10:14:44.0000000Z;606.1;606.4;83;83
2026-06-08T10:15:15.0000000Z;606.1;606.4;83;83
2026-06-08T10:15:45.0000000Z;606.1;606.4;83;83
2026-06-08T10:16:16.0000000Z;606.1;606.4;83;83
2026-06-08T10:16:21.0000000Z;606.1;606.5;83;83
2026-06-08T10:16:42.0000000Z;606;606.5;83;83
2026-06-08T10:16:56.0000000Z;606;606.2;83;83
2026-06-08T10:16:58.0000000Z;605.9;606.2;83;83
2026-06-08T10:17:28.0000000Z;605.9;606.2;83;83
2026-06-08T10:17:59.0000000Z;605.9;606.2;83;83
2026-06-08T10:18:29.0000000Z;605.9;606.2;83;83
2026-06-08T10:19:00.0000000Z;605.9;606.2;83;83
2026-06-08T10:19:30.0000000Z;605.9;606.2;83;83
2026-06-08T10:19:58.0000000Z;605.7;606.2;83;83
2026-06-08T10:20:04.0000000Z;605.7;606;83;83
2026-06-08T10:20:34.0000000Z;605.7;606;83;83
2026-06-08T10:21:05.0000000Z;605.7;606;83;83
2026-06-08T10:21:33.0000000Z;605.7;606.1;83;83
2026-06-08T10:21:35.0000000Z;605.7;606;83;83
2026-06-08T10:22:06.0000000Z;605.7;606;83;83
2026-06-08T10:22:36.0000000Z;605.7;606;83;83
2026-06-08T10:22:49.0000000Z;605.5;606;83;83
2026-06-08T10:22:52.0000000Z;605.5;605.8;83;83
2026-06-08T10:22:53.0000000Z;605.3;605.8;83;83
2026-06-08T10:23:22.0000000Z;605.3;605.8;83;83
2026-06-08T10:23:53.0000000Z;605.3;605.8;83;83
2026-06-08T10:24:01.0000000Z;605.4;605.8;83;83
2026-06-08T10:24:11.0000000Z;605.4;605.9;83;83
2026-06-08T10:24:14.0000000Z;605.5;605.9;83;83
2026-06-08T10:24:44.0000000Z;605.5;605.9;83;83
2026-06-08T10:24:45.0000000Z;605.5;605.8;83;83
2026-06-08T10:24:47.0000000Z;605.3;605.8;83;83
2026-06-08T10:24:57.0000000Z;605.3;605.9;83;83
2026-06-08T10:25:16.0000000Z;605.5;605.9;83;83
2026-06-08T10:25:31.0000000Z;605.3;605.9;83;83
2026-06-08T10:25:35.0000000Z;605.4;605.9;83;83
2026-06-08T10:25:42.0000000Z;605.4;605.8;83;83
2026-06-08T10:26:12.0000000Z;605.4;605.8;83;83
2026-06-08T10:26:43.0000000Z;605.4;605.8;83;83
2026-06-08T10:27:08.0000000Z;605.4;605.9;83;83
2026-06-08T10:27:27.0000000Z;605.4;605.8;83;83
2026-06-08T10:27:57.0000000Z;605.4;605.8;83;83
2026-06-08T10:28:24.0000000Z;605.5;605.9;83;83
2026-06-08T10:28:54.0000000Z;605.5;605.9;83;83
2026-06-08T10:29:07.0000000Z;605.6;605.9;83;83
2026-06-08T10:29:12.0000000Z;605.5;605.9;83;83
2026-06-08T10:29:22.0000000Z;605.5;606.1;83;83
2026-06-08T10:29:25.0000000Z;605.6;606.1;83;83
2026-06-08T10:29:44.0000000Z;605.7;606.1;83;83
2026-06-08T10:30:15.0000000Z;605.7;606.1;83;83
2026-06-08T10:30:45.0000000Z;605.7;606.1;83;83
2026-06-08T10:31:16.0000000Z;605.7;606.1;83;83
2026-06-08T10:31:46.0000000Z;605.7;606.1;83;83
2026-06-08T10:32:17.0000000Z;605.7;606.1;83;83
2026-06-08T10:32:42.0000000Z;605.7;605.9;83;83
2026-06-08T10:32:44.0000000Z;605.5;605.9;83;83
2026-06-08T10:33:14.0000000Z;605.5;605.9;83;83
2026-06-08T10:33:31.0000000Z;605.7;605.9;83;83
2026-06-08T10:33:32.0000000Z;605.7;606.1;83;83
2026-06-08T10:33:46.0000000Z;605.9;606.1;83;83
2026-06-08T10:33:48.0000000Z;605.9;606.2;83;83
2026-06-08T10:34:12.0000000Z;605.9;606.5;83;83
2026-06-08T10:34:17.0000000Z;606.4;606.5;83;83
2026-06-08T10:34:18.0000000Z;606.4;606.8;83;83
2026-06-08T10:34:23.0000000Z;606.4;606.6;83;83
2026-06-08T10:34:24.0000000Z;606.2;606.6;83;83
2026-06-08T10:34:33.0000000Z;606.5;606.9;83;83
2026-06-08T10:34:36.0000000Z;606.6;606.9;83;83
2026-06-08T10:34:38.0000000Z;606.6;607.1;83;83
2026-06-08T10:34:42.0000000Z;606.6;606.9;83;83
2026-06-08T10:34:44.0000000Z;606.5;606.9;83;83
2026-06-08T10:34:46.0000000Z;606.8;607.1;83;83
2026-06-08T10:34:48.0000000Z;606.8;607.2;83;83
2026-06-08T10:34:51.0000000Z;606.8;607.1;83;83
2026-06-08T10:34:52.0000000Z;606.6;607.1;83;83
2026-06-08T10:35:04.0000000Z;606.6;607;83;83
2026-06-08T10:35:06.0000000Z;606.4;607;83;83
2026-06-08T10:35:07.0000000Z;606.4;606.7;83;83
2026-06-08T10:35:08.0000000Z;606.1;606.7;83;83
2026-06-08T10:35:09.0000000Z;606.2;606.7;83;83
2026-06-08T10:35:40.0000000Z;606.2;606.7;83;83
2026-06-08T10:36:04.0000000Z;606.2;606.5;83;83
2026-06-08T10:36:07.0000000Z;606.1;606.5;83;83
2026-06-08T10:36:21.0000000Z;606.1;606.7;83;83
2026-06-08T10:36:43.0000000Z;606.3;606.7;83;83
2026-06-08T10:36:45.0000000Z;606.3;606.9;83;83
2026-06-08T10:36:48.0000000Z;606.4;606.9;83;83
2026-06-08T10:36:58.0000000Z;606.4;606.7;83;83
2026-06-08T10:36:59.0000000Z;606.3;606.7;83;83
2026-06-08T10:37:04.0000000Z;606.2;606.7;83;83
2026-06-08T10:37:08.0000000Z;606.3;606.7;83;83
2026-06-08T10:37:09.0000000Z;606.3;606.9;83;83
2026-06-08T10:37:29.0000000Z;606.3;606.7;83;83
2026-06-08T10:37:31.0000000Z;606.1;606.7;83;83
2026-06-08T10:37:35.0000000Z;606.2;606.7;83;83
2026-06-08T10:37:57.0000000Z;606.1;606.7;83;83
2026-06-08T10:38:27.0000000Z;606.1;606.7;83;83
2026-06-08T10:38:42.0000000Z;606.2;606.7;83;83
2026-06-08T10:38:45.0000000Z;606.3;606.7;83;83
2026-06-08T10:38:47.0000000Z;606.3;606.8;83;83
2026-06-08T10:38:49.0000000Z;606.3;606.9;83;83
2026-06-08T10:39:13.0000000Z;606.3;606.7;83;83
2026-06-08T10:39:15.0000000Z;606.1;606.7;83;83
2026-06-08T10:39:46.0000000Z;606.1;606.7;83;83
2026-06-08T10:40:12.0000000Z;606.2;606.7;83;83
2026-06-08T10:40:43.0000000Z;606.2;606.7;83;83
2026-06-08T10:41:14.0000000Z;606.2;606.7;83;83
2026-06-08T10:41:21.0000000Z;606.3;606.7;83;83
2026-06-08T10:41:22.0000000Z;606.3;606.9;83;83
2026-06-08T10:41:53.0000000Z;606.3;606.9;83;83
2026-06-08T10:42:24.0000000Z;606.3;606.9;83;83
2026-06-08T10:42:54.0000000Z;606.3;606.9;83;83
2026-06-08T10:43:25.0000000Z;606.3;606.9;83;83
2026-06-08T10:43:56.0000000Z;606.3;606.9;83;83
2026-06-08T10:44:26.0000000Z;606.3;606.9;83;83
2026-06-08T10:44:42.0000000Z;606.3;606.7;83;83
2026-06-08T10:44:43.0000000Z;606.1;606.7;83;83
2026-06-08T10:45:13.0000000Z;606.1;606.7;83;83
2026-06-08T10:45:43.0000000Z;606.2;606.7;83;83
2026-06-08T10:46:13.0000000Z;606.2;606.7;83;83
2026-06-08T10:46:39.0000000Z;606.2;606.5;83;83
2026-06-08T10:46:41.0000000Z;606;606.5;83;83
2026-06-08T10:47:11.0000000Z;606;606.5;83;83
2026-06-08T10:47:42.0000000Z;606;606.5;83;83
2026-06-08T10:48:13.0000000Z;606;606.5;83;83
2026-06-08T10:48:43.0000000Z;606;606.5;83;83
2026-06-08T10:49:14.0000000Z;606;606.5;83;83
2026-06-08T10:49:44.0000000Z;606;606.5;83;83
2026-06-08T10:50:11.0000000Z;606;606.3;83;83
2026-06-08T10:50:14.0000000Z;605.8;606.3;83;83
2026-06-08T10:50:42.0000000Z;605.8;606.3;83;83
2026-06-08T10:51:00.0000000Z;605.8;606.1;83;83
2026-06-08T10:51:02.0000000Z;605.7;606.1;83;83
2026-06-08T10:51:04.0000000Z;605.6;606.1;83;83
2026-06-08T10:51:17.0000000Z;605.8;606.1;83;83
2026-06-08T10:51:18.0000000Z;605.8;606.3;83;83
2026-06-08T10:51:48.0000000Z;605.8;606.3;83;83
2026-06-08T10:52:19.0000000Z;605.8;606.3;83;83
2026-06-08T10:52:22.0000000Z;606;606.3;83;83
2026-06-08T10:52:25.0000000Z;606;606.5;83;83
2026-06-08T10:52:55.0000000Z;606;606.5;83;83
2026-06-08T10:53:25.0000000Z;606;606.5;83;83
2026-06-08T10:53:56.0000000Z;606;606.5;83;83
2026-06-08T10:54:26.0000000Z;606;606.5;83;83
2026-06-08T10:54:57.0000000Z;606;606.5;83;83
2026-06-08T10:55:28.0000000Z;606;606.5;83;83
2026-06-08T10:55:58.0000000Z;606;606.5;83;83
2026-06-08T10:56:23.0000000Z;606;606.3;83;83
2026-06-08T10:56:30.0000000Z;605.8;606.3;83;83
2026-06-08T10:56:58.0000000Z;605.8;606.3;83;83
2026-06-08T10:57:29.0000000Z;605.8;606.3;83;83
2026-06-08T10:58:00.0000000Z;605.8;606.3;83;83
2026-06-08T10:58:24.0000000Z;605.9;606.3;83;83
2026-06-08T10:58:28.0000000Z;605.9;606.5;83;83
2026-06-08T10:58:37.0000000Z;606;606.5;83;83
2026-06-08T10:59:08.0000000Z;606;606.5;83;83
2026-06-08T10:59:38.0000000Z;606;606.5;83;83
2026-06-08T10:59:49.0000000Z;605.9;606.5;83;83
2026-06-08T10:59:50.0000000Z;606;606.5;83;83
2026-06-08T11:00:01.0000000Z;606;606.3;83;83
2026-06-08T11:00:03.0000000Z;605.9;606.3;83;83
2026-06-08T11:00:07.0000000Z;605.8;606.3;83;83
2026-06-08T11:00:31.0000000Z;605.7;606.3;83;83
2026-06-08T11:00:49.0000000Z;605.7;606.1;83;83
2026-06-08T11:01:09.0000000Z;605.5;605.6;83;83
2026-06-08T11:01:34.0000000Z;605.3;605.6;83;83
2026-06-08T11:02:04.0000000Z;605.3;605.6;83;83
2026-06-08T11:02:35.0000000Z;605.3;605.6;83;83
2026-06-08T11:03:06.0000000Z;605.3;605.6;83;83
2026-06-08T11:03:36.0000000Z;605.3;605.6;83;83
2026-06-08T11:03:49.0000000Z;605.4;605.6;83;83
2026-06-08T11:04:20.0000000Z;605.4;605.6;83;83
2026-06-08T11:04:33.0000000Z;605.6;605.7;83;83
2026-06-08T11:04:52.0000000Z;605.6;606.1;83;83
2026-06-08T11:05:05.0000000Z;605.7;606.1;83;83
2026-06-08T11:05:16.0000000Z;605.7;606.2;83;83
2026-06-08T11:05:22.0000000Z;605.9;606.2;83;83
2026-06-08T11:05:34.0000000Z;605.7;606.2;83;83
2026-06-08T11:06:04.0000000Z;605.7;606.2;83;83
2026-06-08T11:06:16.0000000Z;605.7;606.1;83;83
2026-06-08T11:06:47.0000000Z;605.7;606.1;83;83
2026-06-08T11:07:18.0000000Z;605.7;606.1;83;83
2026-06-08T11:07:25.0000000Z;605.7;606.2;83;83
2026-06-08T11:07:56.0000000Z;605.7;606.2;83;83
2026-06-08T11:08:26.0000000Z;605.7;606.2;83;83
2026-06-08T11:08:57.0000000Z;605.7;606.2;83;83
2026-06-08T11:09:12.0000000Z;605.9;606.2;83;83
2026-06-08T11:09:15.0000000Z;605.9;606.3;83;83
2026-06-08T11:09:46.0000000Z;605.9;606.3;83;83
2026-06-08T11:10:01.0000000Z;606.1;606.3;83;83
2026-06-08T11:10:03.0000000Z;606.1;606.4;83;83
2026-06-08T11:10:05.0000000Z;606.1;606.5;83;83
2026-06-08T11:10:36.0000000Z;606.1;606.5;83;83
2026-06-08T11:10:48.0000000Z;606.1;606.7;83;83
2026-06-08T11:10:50.0000000Z;606.3;606.7;83;83
2026-06-08T11:10:52.0000000Z;606.3;606.8;83;83
2026-06-08T11:10:57.0000000Z;606.5;606.8;83;83
2026-06-08T11:11:02.0000000Z;606.9;607;83;83
2026-06-08T11:11:06.0000000Z;606.7;606.8;83;83
2026-06-08T11:11:09.0000000Z;606.3;606.8;83;83
2026-06-08T11:11:12.0000000Z;607;607.3;83;83
2026-06-08T11:11:14.0000000Z;607;607.4;83;83
2026-06-08T11:11:45.0000000Z;607;607.4;83;83
2026-06-08T11:12:15.0000000Z;607;607.4;83;83
2026-06-08T11:12:22.0000000Z;607;607.5;83;83
2026-06-08T11:12:48.0000000Z;607.2;607.5;83;83
2026-06-08T11:12:54.0000000Z;607;607.3;83;83
2026-06-08T11:13:12.0000000Z;607;607.5;83;83
2026-06-08T11:13:19.0000000Z;607;607.3;83;83
2026-06-08T11:13:22.0000000Z;607;607.4;83;83
2026-06-08T11:13:27.0000000Z;607;607.3;83;83
2026-06-08T11:13:33.0000000Z;607;607.2;83;83
2026-06-08T11:13:36.0000000Z;606.8;607.2;83;83
2026-06-08T11:13:38.0000000Z;606.8;607.3;83;83
2026-06-08T11:14:07.0000000Z;606.8;607.3;83;83
2026-06-08T11:14:10.0000000Z;606.9;607.3;83;83
2026-06-08T11:14:16.0000000Z;607;607.3;83;83
2026-06-08T11:14:44.0000000Z;607.2;607.3;83;83
2026-06-08T11:15:02.0000000Z;607.4;607.5;83;83
2026-06-08T11:15:08.0000000Z;607.6;607.7;83;83
2026-06-08T11:15:33.0000000Z;607.6;608.1;83;83
2026-06-08T11:15:37.0000000Z;607.8;608.1;83;83
2026-06-08T11:15:40.0000000Z;607.6;608.1;83;83
2026-06-08T11:15:44.0000000Z;607.8;608.1;83;83
2026-06-08T11:15:55.0000000Z;607.8;608.3;83;83
2026-06-08T11:15:57.0000000Z;607.8;608;83;83
2026-06-08T11:15:59.0000000Z;607.8;607.9;83;83
2026-06-08T11:16:08.0000000Z;607.8;607.8;83;83
2026-06-08T11:16:15.0000000Z;607.5;607.6;83;83
2026-06-08T11:16:28.0000000Z;607.6;607.7;83;83
2026-06-08T11:16:41.0000000Z;607.5;607.6;83;83
2026-06-08T11:16:43.0000000Z;607.2;607.6;83;83
2026-06-08T11:16:52.0000000Z;607.3;607.6;83;83
2026-06-08T11:17:23.0000000Z;607.3;607.6;83;83
2026-06-08T11:17:31.0000000Z;607.3;607.7;83;83
2026-06-08T11:17:37.0000000Z;607.3;607.6;83;83
2026-06-08T11:17:47.0000000Z;607.1;607.6;83;83
2026-06-08T11:17:51.0000000Z;607.1;607.5;83;83
2026-06-08T11:18:19.0000000Z;607.1;607.6;83;83
2026-06-08T11:18:24.0000000Z;607.1;607.5;83;83
2026-06-08T11:18:33.0000000Z;607.1;607.6;83;83
2026-06-08T11:18:58.0000000Z;607.3;607.6;83;83
2026-06-08T11:19:18.0000000Z;607.3;607.4;83;83
2026-06-08T11:19:20.0000000Z;607.1;607.4;83;83
2026-06-08T11:19:30.0000000Z;607.1;607.6;83;83
2026-06-08T11:19:43.0000000Z;607.3;607.6;83;83
2026-06-08T11:19:52.0000000Z;607.3;607.8;83;83
2026-06-08T11:20:08.0000000Z;607.3;607.7;83;83
2026-06-08T11:20:24.0000000Z;607.3;607.6;83;83
2026-06-08T11:20:34.0000000Z;607.3;607.7;83;83
2026-06-08T11:20:40.0000000Z;607.3;607.5;83;83
2026-06-08T11:20:45.0000000Z;607.3;607.4;83;83
2026-06-08T11:20:47.0000000Z;607.3;607.5;83;83
2026-06-08T11:21:00.0000000Z;607.1;607.5;83;83
2026-06-08T11:21:01.0000000Z;607.2;607.5;83;83
2026-06-08T11:21:32.0000000Z;607.2;607.5;83;83
2026-06-08T11:21:41.0000000Z;607.4;607.5;83;83
2026-06-08T11:21:47.0000000Z;607.4;607.8;83;83
2026-06-08T11:21:58.0000000Z;607.7;607.8;83;83
2026-06-08T11:22:10.0000000Z;607.5;607.8;83;83
2026-06-08T11:22:40.0000000Z;607.5;607.8;83;83
2026-06-08T11:22:55.0000000Z;607.4;607.8;83;83
2026-06-08T11:22:57.0000000Z;607.3;607.8;83;83
2026-06-08T11:23:15.0000000Z;607.3;607.7;83;83
2026-06-08T11:23:45.0000000Z;607.3;607.7;83;83
2026-06-08T11:23:46.0000000Z;607.3;607.6;83;83
2026-06-08T11:23:51.0000000Z;607.3;607.5;83;83
2026-06-08T11:23:52.0000000Z;607.3;607.6;83;83
2026-06-08T11:23:53.0000000Z;607.3;607.7;83;83
2026-06-08T11:23:54.0000000Z;607.3;607.6;83;83
2026-06-08T11:23:55.0000000Z;607.3;607.7;83;83
2026-06-08T11:24:22.0000000Z;607.3;607.7;83;83
2026-06-08T11:24:41.0000000Z;607.2;607.6;83;83
2026-06-08T11:24:45.0000000Z;607.1;607.6;83;83
2026-06-08T11:24:53.0000000Z;607.2;607.6;83;83
2026-06-08T11:24:55.0000000Z;607.2;607.7;83;83
2026-06-08T11:24:56.0000000Z;607.2;607.6;83;83
2026-06-08T11:25:27.0000000Z;607.2;607.6;83;83
2026-06-08T11:25:57.0000000Z;607.2;607.6;83;83
2026-06-08T11:26:28.0000000Z;607.2;607.6;83;83
2026-06-08T11:26:47.0000000Z;607.4;607.6;83;83
2026-06-08T11:26:48.0000000Z;607.4;607.7;83;83
2026-06-08T11:27:19.0000000Z;607.4;607.7;83;83
2026-06-08T11:27:49.0000000Z;607.4;607.7;83;83
2026-06-08T11:28:20.0000000Z;607.4;607.7;83;83
2026-06-08T11:28:50.0000000Z;607.4;607.7;83;83
2026-06-08T11:29:21.0000000Z;607.4;607.7;83;83
2026-06-08T11:29:51.0000000Z;607.4;607.7;83;83
2026-06-08T11:30:22.0000000Z;607.4;607.7;83;83
2026-06-08T11:30:40.0000000Z;607.6;607.7;83;83
2026-06-08T11:30:53.0000000Z;607.6;607.9;83;83
2026-06-08T11:31:24.0000000Z;607.6;607.9;83;83
2026-06-08T11:31:54.0000000Z;607.6;607.9;83;83
2026-06-08T11:32:25.0000000Z;607.6;607.9;83;83
2026-06-08T11:32:50.0000000Z;607.6;608;83;83
2026-06-08T11:33:01.0000000Z;607.6;607.8;83;83
2026-06-08T11:33:06.0000000Z;607.4;607.8;83;83
2026-06-08T11:33:36.0000000Z;607.4;607.8;83;83
2026-06-08T11:33:39.0000000Z;607.6;607.8;83;83
2026-06-08T11:33:42.0000000Z;607.6;607.9;83;83
2026-06-08T11:34:12.0000000Z;607.6;607.9;83;83
2026-06-08T11:34:42.0000000Z;607.6;607.9;83;83
2026-06-08T11:35:13.0000000Z;607.6;607.9;83;83
2026-06-08T11:35:44.0000000Z;607.6;607.9;83;83
2026-06-08T11:35:52.0000000Z;607.6;608;83;83
2026-06-08T11:36:23.0000000Z;607.6;608;83;83
2026-06-08T11:36:41.0000000Z;607.7;608;83;83
2026-06-08T11:36:58.0000000Z;607.6;608;83;83
2026-06-08T11:37:11.0000000Z;607.6;608;83;83
2026-06-08T11:37:13.0000000Z;607.7;608;83;83
2026-06-08T11:37:41.0000000Z;607.7;608.1;83;83
2026-06-08T11:38:11.0000000Z;607.7;608.1;83;83
2026-06-08T11:38:42.0000000Z;607.7;608.1;83;83
2026-06-08T11:39:12.0000000Z;607.7;608.1;83;83
2026-06-08T11:39:43.0000000Z;607.7;608.1;83;83
2026-06-08T11:39:53.0000000Z;607.7;608.2;83;83
2026-06-08T11:40:20.0000000Z;607.9;608.2;83;83
2026-06-08T11:40:22.0000000Z;607.9;608.3;83;83
2026-06-08T11:40:52.0000000Z;607.9;608.3;83;83
2026-06-08T11:41:14.0000000Z;607.9;608.1;83;83
2026-06-08T11:41:15.0000000Z;607.7;608.1;83;83
2026-06-08T11:41:45.0000000Z;607.7;608.1;83;83
2026-06-08T11:42:11.0000000Z;607.7;608.2;83;83
2026-06-08T11:42:17.0000000Z;607.9;608.2;83;83
2026-06-08T11:42:19.0000000Z;607.9;608.4;83;83
2026-06-08T11:42:24.0000000Z;607.9;608.2;83;83
2026-06-08T11:42:54.0000000Z;607.9;608.2;83;83
2026-06-08T11:43:05.0000000Z;607.9;608.3;83;83
2026-06-08T11:43:18.0000000Z;607.9;608.1;83;83
2026-06-08T11:43:26.0000000Z;607.7;608.1;83;83
2026-06-08T11:43:54.0000000Z;607.7;608.1;83;83
2026-06-08T11:44:03.0000000Z;607.7;608;83;83
2026-06-08T11:44:05.0000000Z;607.5;608;83;83
2026-06-08T11:44:24.0000000Z;607.5;607.9;83;83
2026-06-08T11:44:54.0000000Z;607.5;607.9;83;83
2026-06-08T11:45:25.0000000Z;607.5;607.9;83;83
2026-06-08T11:45:55.0000000Z;607.5;607.9;83;83
2026-06-08T11:46:06.0000000Z;607.5;607.8;83;83
2026-06-08T11:46:08.0000000Z;607.3;607.8;83;83
2026-06-08T11:46:21.0000000Z;607.4;607.8;83;83
2026-06-08T11:46:29.0000000Z;607.4;607.7;83;83
2026-06-08T11:46:30.0000000Z;607.3;607.7;83;83
2026-06-08T11:47:00.0000000Z;607.3;607.7;83;83
2026-06-08T11:47:07.0000000Z;607.3;607.6;83;83
2026-06-08T11:47:08.0000000Z;607.1;607.6;83;83
2026-06-08T11:47:10.0000000Z;607.1;607.5;83;83
2026-06-08T11:47:15.0000000Z;607.2;607.5;83;83
2026-06-08T11:47:17.0000000Z;607.1;607.5;83;83
2026-06-08T11:47:45.0000000Z;607.1;607.5;83;83
2026-06-08T11:48:16.0000000Z;607.1;607.5;83;83
2026-06-08T11:48:46.0000000Z;607.1;607.5;83;83
2026-06-08T11:49:17.0000000Z;607.1;607.5;83;83
2026-06-08T11:49:28.0000000Z;607.2;607.5;83;83
2026-06-08T11:49:29.0000000Z;607.2;607.5;83;83
2026-06-08T11:49:31.0000000Z;607.2;607.5;83;83
2026-06-08T11:49:33.0000000Z;607.1;607.5;83;83
2026-06-08T11:50:00.0000000Z;607.3;607.5;83;83
2026-06-08T11:50:17.0000000Z;607.3;607.8;83;83
2026-06-08T11:50:47.0000000Z;607.3;607.8;83;83
2026-06-08T11:51:18.0000000Z;607.3;607.8;83;83
2026-06-08T11:51:48.0000000Z;607.3;607.8;83;83
2026-06-08T11:51:53.0000000Z;607.3;607.6;83;83
2026-06-08T11:52:24.0000000Z;607.3;607.6;83;83
2026-06-08T11:52:26.0000000Z;607.3;607.7;83;83
2026-06-08T11:52:27.0000000Z;607.3;607.5;83;83
2026-06-08T11:52:28.0000000Z;607;607.5;83;83
2026-06-08T11:52:54.0000000Z;607;607.6;83;83
2026-06-08T11:53:02.0000000Z;607;607.5;83;83
2026-06-08T11:53:13.0000000Z;607.1;607.5;83;83
2026-06-08T11:53:43.0000000Z;607.1;607.5;83;83
2026-06-08T11:54:08.0000000Z;607.1;607.4;83;83
2026-06-08T11:54:23.0000000Z;607;607.4;83;83
2026-06-08T11:54:24.0000000Z;607.1;607.4;83;83
2026-06-08T11:54:46.0000000Z;607;607.4;83;83
2026-06-08T11:55:11.0000000Z;607;607.4;83;83
2026-06-08T11:55:29.0000000Z;607;607.5;83;83
2026-06-08T11:55:59.0000000Z;607;607.5;83;83
2026-06-08T11:56:15.0000000Z;607.2;607.5;83;83
2026-06-08T11:56:29.0000000Z;607.2;607.6;83;83
2026-06-08T11:56:59.0000000Z;607.2;607.6;83;83
2026-06-08T11:57:30.0000000Z;607.2;607.6;83;83
2026-06-08T11:57:31.0000000Z;607.2;607.5;83;83
2026-06-08T11:57:41.0000000Z;607;607.5;83;83
2026-06-08T11:58:08.0000000Z;607;607.6;83;83
2026-06-08T11:58:14.0000000Z;607.2;607.6;83;83
2026-06-08T11:58:45.0000000Z;607.2;607.6;83;83
2026-06-08T11:59:10.0000000Z;607.2;607.5;83;83
2026-06-08T11:59:22.0000000Z;607;607.5;83;83
2026-06-08T11:59:52.0000000Z;607;607.6;83;83
2026-06-08T11:59:54.0000000Z;607;607.5;83;83
2026-06-08T12:00:21.0000000Z;607.2;607.5;83;83
2026-06-08T12:00:50.0000000Z;607.4;607.5;83;83
2026-06-08T12:00:54.0000000Z;607.4;607.8;83;83
2026-06-08T12:01:02.0000000Z;607.4;607.9;83;83
2026-06-08T12:01:33.0000000Z;607.4;607.9;83;83
2026-06-08T12:01:37.0000000Z;607.4;607.6;83;83
2026-06-08T12:01:42.0000000Z;607.3;607.4;83;83
2026-06-08T12:01:44.0000000Z;607.4;607.6;83;83
2026-06-08T12:01:45.0000000Z;607;607.4;83;83
2026-06-08T12:01:46.0000000Z;607;607.6;83;83
2026-06-08T12:01:47.0000000Z;607.2;607.6;83;83
2026-06-08T12:02:03.0000000Z;607;607.6;83;83
2026-06-08T12:02:06.0000000Z;607.2;607.6;83;83
2026-06-08T12:02:25.0000000Z;607.2;607.7;83;83
2026-06-08T12:02:51.0000000Z;607.2;607.7;83;83
2026-06-08T12:03:22.0000000Z;607.2;607.7;83;83
2026-06-08T12:03:52.0000000Z;607.2;607.7;83;83
2026-06-08T12:03:53.0000000Z;607;607.6;83;83
2026-06-08T12:04:03.0000000Z;607;607.5;83;83
2026-06-08T12:04:05.0000000Z;607.2;607.5;83;83
2026-06-08T12:04:13.0000000Z;607;607.5;83;83
2026-06-08T12:04:29.0000000Z;607.2;607.5;83;83
2026-06-08T12:04:55.0000000Z;607;607.5;83;83
2026-06-08T12:04:56.0000000Z;607.2;607.5;83;83
2026-06-08T12:04:58.0000000Z;607;607.5;83;83
2026-06-08T12:05:02.0000000Z;607.2;607.5;83;83
2026-06-08T12:05:06.0000000Z;607.2;607.7;83;83
2026-06-08T12:05:28.0000000Z;607.2;607.6;83;83
2026-06-08T12:05:53.0000000Z;607.2;607.5;83;83
2026-06-08T12:06:02.0000000Z;607;607.5;83;83
2026-06-08T12:06:10.0000000Z;607.2;607.5;83;83
2026-06-08T12:06:40.0000000Z;607.2;607.5;83;83
2026-06-08T12:07:11.0000000Z;607.2;607.5;83;83
2026-06-08T12:07:36.0000000Z;607.2;607.6;83;83
2026-06-08T12:08:07.0000000Z;607.2;607.6;83;83
2026-06-08T12:08:15.0000000Z;607.4;607.6;83;83
2026-06-08T12:08:19.0000000Z;607.4;607.7;83;83
2026-06-08T12:08:21.0000000Z;607.4;607.7;83;83
2026-06-08T12:08:22.0000000Z;607.4;607.7;83;83
2026-06-08T12:08:23.0000000Z;607.4;607.8;83;83
2026-06-08T12:08:51.0000000Z;607.4;607.8;83;83
2026-06-08T12:08:55.0000000Z;607.4;607.9;83;83
2026-06-08T12:09:25.0000000Z;607.6;607.9;83;83
2026-06-08T12:09:55.0000000Z;607.6;607.9;83;83
2026-06-08T12:10:25.0000000Z;607.6;607.9;83;83
2026-06-08T12:10:56.0000000Z;607.6;607.9;83;83
2026-06-08T12:11:16.0000000Z;607.6;607.8;83;83
2026-06-08T12:11:17.0000000Z;607.4;607.8;83;83
2026-06-08T12:11:48.0000000Z;607.4;607.8;83;83
2026-06-08T12:11:53.0000000Z;607.6;607.8;83;83
2026-06-08T12:11:56.0000000Z;607.6;607.9;83;83
2026-06-08T12:12:26.0000000Z;607.6;607.9;83;83
2026-06-08T12:12:40.0000000Z;607.6;608;83;83
2026-06-08T12:12:48.0000000Z;607.6;607.9;83;83
2026-06-08T12:13:18.0000000Z;607.6;607.9;83;83
2026-06-08T12:13:26.0000000Z;607.6;607.8;83;83
2026-06-08T12:13:38.0000000Z;607.6;607.9;83;83
2026-06-08T12:13:39.0000000Z;607.6;607.8;83;83
2026-06-08T12:13:46.0000000Z;607.4;607.8;83;83
2026-06-08T12:13:50.0000000Z;607.4;607.9;83;83
2026-06-08T12:13:52.0000000Z;607.4;607.8;83;83
2026-06-08T12:13:58.0000000Z;607.2;607.8;83;83
2026-06-08T12:14:01.0000000Z;607.4;607.8;83;83
2026-06-08T12:14:27.0000000Z;607.4;607.9;83;83
2026-06-08T12:14:42.0000000Z;607.4;607.8;83;83
2026-06-08T12:15:01.0000000Z;607.4;607.9;83;83
2026-06-08T12:15:16.0000000Z;607.4;607.8;83;83
2026-06-08T12:15:46.0000000Z;607.4;607.8;83;83
2026-06-08T12:15:47.0000000Z;607.4;607.9;83;83
2026-06-08T12:15:50.0000000Z;607.4;607.8;83;83
2026-06-08T12:16:20.0000000Z;607.4;607.8;83;83
2026-06-08T12:16:23.0000000Z;607.2;607.8;83;83
2026-06-08T12:16:53.0000000Z;607.2;607.8;83;83
2026-06-08T12:17:09.0000000Z;607.4;607.8;83;83
2026-06-08T12:17:17.0000000Z;607.4;607.9;83;83
2026-06-08T12:17:19.0000000Z;607.4;607.8;83;83
2026-06-08T12:17:49.0000000Z;607.4;607.8;83;83
2026-06-08T12:18:20.0000000Z;607.4;607.8;83;83
2026-06-08T12:18:33.0000000Z;607.4;607.9;83;83
2026-06-08T12:18:35.0000000Z;607.4;607.8;83;83
2026-06-08T12:18:46.0000000Z;607.4;607.8;83;83
2026-06-08T12:18:47.0000000Z;607.4;607.9;83;83
2026-06-08T12:19:12.0000000Z;607.4;607.9;83;83
2026-06-08T12:19:42.0000000Z;607.4;607.9;83;83
2026-06-08T12:20:13.0000000Z;607.4;607.9;83;83
2026-06-08T12:20:15.0000000Z;607.4;607.8;83;83
2026-06-08T12:20:24.0000000Z;607.4;607.9;83;83
2026-06-08T12:20:32.0000000Z;607.4;607.9;83;83
2026-06-08T12:20:35.0000000Z;607.6;607.9;83;83
2026-06-08T12:20:47.0000000Z;607.4;607.9;83;83
2026-06-08T12:21:02.0000000Z;607.7;607.9;83;83
2026-06-08T12:21:32.0000000Z;607.7;607.9;83;83
2026-06-08T12:22:03.0000000Z;607.7;607.9;83;83
2026-06-08T12:22:33.0000000Z;607.7;607.9;83;83
2026-06-08T12:22:48.0000000Z;607.7;608.1;83;83
2026-06-08T12:23:18.0000000Z;607.7;608.1;83;83
2026-06-08T12:23:49.0000000Z;607.7;608.1;83;83
2026-06-08T12:24:19.0000000Z;607.7;608.1;83;83
2026-06-08T12:24:50.0000000Z;607.7;608.1;83;83
2026-06-08T12:25:09.0000000Z;607.7;608.2;83;83
2026-06-08T12:25:11.0000000Z;607.7;608.1;83;83
2026-06-08T12:25:42.0000000Z;607.7;608.1;83;83
2026-06-08T12:26:13.0000000Z;607.7;608.1;83;83
2026-06-08T12:26:44.0000000Z;607.7;608.1;83;83
2026-06-08T12:27:14.0000000Z;607.7;608.1;83;83
2026-06-08T12:27:45.0000000Z;607.7;608.1;83;83
2026-06-08T12:28:15.0000000Z;607.7;608.1;83;83
2026-06-08T12:28:46.0000000Z;607.7;608.1;83;83
2026-06-08T12:29:16.0000000Z;607.7;608.1;83;83
2026-06-08T12:29:46.0000000Z;607.5;608.1;83;83
2026-06-08T12:30:14.0000000Z;607.5;608.2;83;83
2026-06-08T12:30:26.0000000Z;607.6;608.2;83;83
2026-06-08T12:30:48.0000000Z;607.6;608.3;83;83
2026-06-08T12:31:05.0000000Z;607.6;608.4;83;83
2026-06-08T12:31:06.0000000Z;607.7;608.4;83;83
2026-06-08T12:31:15.0000000Z;608;608.4;83;83
2026-06-08T12:31:45.0000000Z;608;608.4;83;83
2026-06-08T12:32:11.0000000Z;608;608.5;83;83
2026-06-08T12:32:41.0000000Z;608;608.5;83;83
2026-06-08T12:32:55.0000000Z;608;608.4;83;83
2026-06-08T12:33:25.0000000Z;608;608.4;83;83
2026-06-08T12:33:56.0000000Z;608;608.4;83;83
2026-06-08T12:34:21.0000000Z;608;608.3;83;83
2026-06-08T12:34:38.0000000Z;608;608.4;83;83
2026-06-08T12:35:08.0000000Z;608;608.4;83;83
2026-06-08T12:35:10.0000000Z;607.8;608.4;83;83
2026-06-08T12:35:22.0000000Z;607.8;608.3;83;83
2026-06-08T12:35:30.0000000Z;607.8;608.4;83;83
2026-06-08T12:35:33.0000000Z;607.8;608.3;83;83
2026-06-08T12:35:42.0000000Z;608;608.3;83;83
2026-06-08T12:36:13.0000000Z;608;608.3;83;83
2026-06-08T12:36:44.0000000Z;608;608.3;83;83
2026-06-08T12:36:52.0000000Z;608;608.4;83;83
2026-06-08T12:37:22.0000000Z;608;608.5;83;83
2026-06-08T12:37:26.0000000Z;608.2;608.5;83;83
2026-06-08T12:37:56.0000000Z;608.2;608.5;83;83
2026-06-08T12:37:59.0000000Z;608.2;608.4;83;83
2026-06-08T12:38:01.0000000Z;608;608.4;83;83
2026-06-08T12:38:32.0000000Z;608;608.4;83;83
2026-06-08T12:39:02.0000000Z;608;608.4;83;83
2026-06-08T12:39:11.0000000Z;608;608.5;83;83
2026-06-08T12:39:41.0000000Z;608;608.5;83;83
2026-06-08T12:40:02.0000000Z;608;608.3;83;83
2026-06-08T12:40:03.0000000Z;607.8;608.3;83;83
2026-06-08T12:40:07.0000000Z;608;608.3;83;83
2026-06-08T12:40:09.0000000Z;608;608.4;83;83
2026-06-08T12:40:19.0000000Z;608;608.5;83;83
2026-06-08T12:40:42.0000000Z;608;608.4;83;83
2026-06-08T12:41:13.0000000Z;608;608.4;83;83
2026-06-08T12:41:43.0000000Z;608;608.4;83;83
2026-06-08T12:42:04.0000000Z;608;608.3;83;83
2026-06-08T12:42:06.0000000Z;607.8;608.3;83;83
2026-06-08T12:42:09.0000000Z;607.8;608.2;83;83
2026-06-08T12:42:18.0000000Z;607.8;608.3;83;83
2026-06-08T12:42:38.0000000Z;608;608.5;83;83
2026-06-08T12:42:52.0000000Z;608;608.6;83;83
2026-06-08T12:43:02.0000000Z;608;608.5;83;83
2026-06-08T12:43:10.0000000Z;608;608.4;83;83
2026-06-08T12:43:11.0000000Z;608;608.3;83;83
2026-06-08T12:43:17.0000000Z;607.8;608.3;83;83
2026-06-08T12:43:29.0000000Z;608;608.3;83;83
2026-06-08T12:43:30.0000000Z;608;608.4;83;83
2026-06-08T12:44:00.0000000Z;608;608.4;83;83
2026-06-08T12:44:31.0000000Z;608;608.4;83;83
2026-06-08T12:44:39.0000000Z;607.8;608.4;83;83
2026-06-08T12:45:09.0000000Z;607.8;608.4;83;83
2026-06-08T12:45:39.0000000Z;607.8;608.4;83;83
2026-06-08T12:45:40.0000000Z;607.8;608.2;83;83
2026-06-08T12:45:57.0000000Z;607.8;608.3;83;83
2026-06-08T12:46:01.0000000Z;607.8;608.2;83;83
2026-06-08T12:46:13.0000000Z;608;608.3;83;83
2026-06-08T12:46:44.0000000Z;608;608.3;83;83
2026-06-08T12:47:14.0000000Z;608;608.3;83;83
2026-06-08T12:47:25.0000000Z;608;608.2;83;83
2026-06-08T12:47:27.0000000Z;607.8;608.2;83;83
2026-06-08T12:47:34.0000000Z;607.8;608.1;83;83
2026-06-08T12:47:42.0000000Z;607.8;608.2;83;83
2026-06-08T12:47:48.0000000Z;607.8;608.1;83;83
2026-06-08T12:47:56.0000000Z;607.8;608.2;83;83
2026-06-08T12:48:10.0000000Z;607.8;608.1;83;83
2026-06-08T12:48:24.0000000Z;607.8;608.2;83;83
2026-06-08T12:48:53.0000000Z;607.8;608.2;83;83
2026-06-08T12:49:23.0000000Z;607.8;608.2;83;83
2026-06-08T12:49:54.0000000Z;607.8;608.2;83;83
2026-06-08T12:50:12.0000000Z;607.8;608.3;83;83
2026-06-08T12:50:17.0000000Z;607.8;608.2;83;83
2026-06-08T12:50:48.0000000Z;607.8;608.2;83;83
2026-06-08T12:50:49.0000000Z;607.8;608.1;83;83
2026-06-08T12:51:03.0000000Z;607.8;608.2;83;83
2026-06-08T12:51:32.0000000Z;607.8;608.2;83;83
2026-06-08T12:51:38.0000000Z;607.8;608.1;83;83
2026-06-08T12:52:08.0000000Z;607.8;608.1;83;83
2026-06-08T12:52:12.0000000Z;607.8;608;83;83
2026-06-08T12:52:13.0000000Z;607.6;608;83;83
2026-06-08T12:52:25.0000000Z;607.6;608.1;83;83
2026-06-08T12:52:27.0000000Z;607.6;608;83;83
2026-06-08T12:52:33.0000000Z;607.6;608.1;83;83
2026-06-08T12:53:03.0000000Z;607.6;608.1;83;83
2026-06-08T12:53:10.0000000Z;607.8;608;83;83
2026-06-08T12:53:11.0000000Z;607.8;608;83;83
2026-06-08T12:53:13.0000000Z;607.6;608;83;83
2026-06-08T12:53:17.0000000Z;607.6;608.1;83;83
2026-06-08T12:53:25.0000000Z;607.8;608.1;83;83
2026-06-08T12:53:55.0000000Z;607.8;608.1;83;83
2026-06-08T12:54:26.0000000Z;607.8;608.1;83;83
2026-06-08T12:54:28.0000000Z;607.8;608.3;83;83
2026-06-08T12:54:30.0000000Z;607.8;608.3;83;83
2026-06-08T12:54:31.0000000Z;607.8;608.2;83;83
2026-06-08T12:55:02.0000000Z;607.8;608.2;83;83
2026-06-08T12:55:16.0000000Z;607.8;608.3;83;83
2026-06-08T12:55:18.0000000Z;607.8;608.2;83;83
2026-06-08T12:55:26.0000000Z;607.8;608.1;83;83
2026-06-08T12:55:28.0000000Z;607.8;608.2;83;83
2026-06-08T12:55:30.0000000Z;607.8;608.2;83;83
2026-06-08T12:55:38.0000000Z;607.8;608.3;83;83
2026-06-08T12:56:07.0000000Z;607.8;608.3;83;83
2026-06-08T12:56:18.0000000Z;607.8;608.2;83;83
2026-06-08T12:56:44.0000000Z;607.8;608.3;83;83
2026-06-08T12:56:45.0000000Z;607.8;608.2;83;83
2026-06-08T12:57:15.0000000Z;607.8;608.2;83;83
2026-06-08T12:57:23.0000000Z;607.8;608.1;83;83
2026-06-08T12:57:41.0000000Z;607.8;608.2;83;83
2026-06-08T12:58:10.0000000Z;607.8;608.2;83;83
2026-06-08T12:58:34.0000000Z;607.8;608.1;83;83
2026-06-08T12:58:37.0000000Z;607.6;608.1;83;83
2026-06-08T12:58:39.0000000Z;607.6;608.2;83;83
2026-06-08T12:58:50.0000000Z;607.8;608.2;83;83
2026-06-08T12:59:00.0000000Z;607.8;608.1;83;83
2026-06-08T12:59:30.0000000Z;607.8;608.1;83;83
2026-06-08T12:59:53.0000000Z;607.8;608;83;83
2026-06-08T12:59:55.0000000Z;607.6;608;83;83
2026-06-08T13:00:05.0000000Z;607.6;608.2;83;83
2026-06-08T13:00:11.0000000Z;607.6;608;83;83
2026-06-08T13:00:23.0000000Z;607.8;608.3;83;83
2026-06-08T13:00:25.0000000Z;607.8;608.2;83;83
2026-06-08T13:00:51.0000000Z;607.8;608.4;83;83
2026-06-08T13:00:56.0000000Z;607.8;608.3;83;83
2026-06-08T13:01:05.0000000Z;607.8;608.4;83;83
2026-06-08T13:01:13.0000000Z;607.8;608.3;83;83
2026-06-08T13:01:43.0000000Z;607.8;608.3;83;83
2026-06-08T13:01:52.0000000Z;607.8;608.1;83;83
2026-06-08T13:02:04.0000000Z;607.8;608.2;83;83
2026-06-08T13:02:33.0000000Z;607.8;608.2;83;83
2026-06-08T13:03:04.0000000Z;607.8;608.2;83;83
2026-06-08T13:03:34.0000000Z;607.8;608.2;83;83
2026-06-08T13:04:05.0000000Z;607.8;608.2;83;83
2026-06-08T13:04:35.0000000Z;607.8;608.2;83;83
2026-06-08T13:05:06.0000000Z;607.8;608.2;83;83
2026-06-08T13:05:15.0000000Z;607.8;608;83;83
2026-06-08T13:05:16.0000000Z;607.7;608;83;83
2026-06-08T13:05:18.0000000Z;607.6;608;83;83
2026-06-08T13:05:22.0000000Z;607.6;608.1;83;83
2026-06-08T13:05:27.0000000Z;607.6;608;83;83
2026-06-08T13:05:58.0000000Z;607.6;608;83;83
2026-06-08T13:06:00.0000000Z;607.5;608;83;83
2026-06-08T13:06:04.0000000Z;607.6;608;83;83
2026-06-08T13:06:35.0000000Z;607.6;608;83;83
2026-06-08T13:06:45.0000000Z;607.6;608.1;83;83
2026-06-08T13:07:13.0000000Z;607.8;608.1;83;83
2026-06-08T13:07:41.0000000Z;607.8;608.2;83;83
2026-06-08T13:07:43.0000000Z;607.8;608.1;83;83
2026-06-08T13:08:13.0000000Z;607.8;608.1;83;83
2026-06-08T13:08:29.0000000Z;607.8;608.2;83;83
2026-06-08T13:08:30.0000000Z;607.8;608.1;83;83
2026-06-08T13:09:00.0000000Z;607.8;608.1;83;83
2026-06-08T13:09:02.0000000Z;607.8;608.2;83;83
2026-06-08T13:09:33.0000000Z;607.8;608.2;83;83
2026-06-08T13:10:03.0000000Z;607.8;608.2;83;83
2026-06-08T13:10:34.0000000Z;607.8;608.2;83;83
2026-06-08T13:11:04.0000000Z;607.8;608.2;83;83
2026-06-08T13:11:35.0000000Z;607.8;608.2;83;83
2026-06-08T13:12:05.0000000Z;607.8;608.2;83;83
2026-06-08T13:12:36.0000000Z;607.8;608.1;83;83
2026-06-08T13:12:46.0000000Z;607.8;608.2;83;83
2026-06-08T13:13:16.0000000Z;607.8;608.2;83;83
2026-06-08T13:13:47.0000000Z;607.8;608.2;83;83
2026-06-08T13:14:18.0000000Z;607.8;608.2;83;83
2026-06-08T13:14:48.0000000Z;607.8;608.2;83;83
2026-06-08T13:15:19.0000000Z;607.8;608.2;83;83
2026-06-08T13:15:23.0000000Z;607.8;608.3;83;83
2026-06-08T13:15:49.0000000Z;607.8;608.1;83;83
2026-06-08T13:16:20.0000000Z;607.8;608.1;83;83
2026-06-08T13:16:50.0000000Z;607.8;608.1;83;83
2026-06-08T13:17:15.0000000Z;607.8;608;83;83
2026-06-08T13:17:19.0000000Z;607.6;608;83;83
2026-06-08T13:17:27.0000000Z;607.6;608.1;83;83
2026-06-08T13:17:58.0000000Z;607.6;608.1;83;83
2026-06-08T13:18:00.0000000Z;607.6;608.2;83;83
2026-06-08T13:18:02.0000000Z;607.6;608.1;83;83
2026-06-08T13:18:18.0000000Z;607.8;608.1;83;83
2026-06-08T13:18:32.0000000Z;607.8;608.2;83;83
2026-06-08T13:18:51.0000000Z;607.8;608.1;83;83
2026-06-08T13:19:21.0000000Z;607.8;608.1;83;83
2026-06-08T13:19:52.0000000Z;607.8;608.1;83;83
2026-06-08T13:20:22.0000000Z;607.8;608.1;83;83
2026-06-08T13:20:46.0000000Z;607.8;608.3;83;83
2026-06-08T13:21:16.0000000Z;607.8;608.3;83;83
2026-06-08T13:21:19.0000000Z;608;608.3;83;83
2026-06-08T13:21:27.0000000Z;608;608.4;83;83
2026-06-08T13:21:57.0000000Z;608;608.4;83;83
2026-06-08T13:22:27.0000000Z;608;608.4;83;83
2026-06-08T13:22:28.0000000Z;608;608.5;83;83
2026-06-08T13:22:45.0000000Z;608.2;608.5;83;83
2026-06-08T13:22:54.0000000Z;608.2;608.4;83;83
2026-06-08T13:22:57.0000000Z;608;608.4;83;83
2026-06-08T13:23:06.0000000Z;608;608.3;83;83
2026-06-08T13:23:12.0000000Z;608;608.2;83;83
2026-06-08T13:23:15.0000000Z;607.8;608.2;83;83
2026-06-08T13:23:43.0000000Z;607.8;608.2;83;83
2026-06-08T13:23:53.0000000Z;607.8;608.1;83;83
2026-06-08T13:24:07.0000000Z;607.8;608.2;83;83
2026-06-08T13:24:08.0000000Z;607.8;608.1;83;83
2026-06-08T13:24:11.0000000Z;607.8;608.2;83;83
2026-06-08T13:24:13.0000000Z;607.8;608.1;83;83
2026-06-08T13:24:43.0000000Z;607.8;608.1;83;83
2026-06-08T13:24:48.0000000Z;607.6;608.1;83;83
2026-06-08T13:25:07.0000000Z;607.8;608.1;83;83
2026-06-08T13:25:20.0000000Z;607.8;608.2;83;83
2026-06-08T13:25:48.0000000Z;607.8;608.2;83;83
2026-06-08T13:25:57.0000000Z;607.8;608.1;83;83
2026-06-08T13:26:27.0000000Z;607.8;608.1;83;83
2026-06-08T13:26:37.0000000Z;607.8;608;83;83
2026-06-08T13:27:00.0000000Z;607.6;608;83;83
2026-06-08T13:27:30.0000000Z;607.6;608;83;83
2026-06-08T13:27:32.0000000Z;607.6;608.1;83;83
2026-06-08T13:27:37.0000000Z;607.6;608;83;83
2026-06-08T13:27:40.0000000Z;607.6;607.9;83;83
2026-06-08T13:27:42.0000000Z;607.6;608;83;83
2026-06-08T13:27:44.0000000Z;607.5;608;83;83
2026-06-08T13:27:48.0000000Z;607.5;607.9;83;83
2026-06-08T13:27:50.0000000Z;607.5;607.8;83;83
2026-06-08T13:28:21.0000000Z;607.5;607.8;83;83
2026-06-08T13:28:52.0000000Z;607.5;607.8;83;83
2026-06-08T13:29:08.0000000Z;607.2;607.8;83;83
2026-06-08T13:29:23.0000000Z;607.2;607.7;83;83
2026-06-08T13:29:27.0000000Z;607.2;607.8;83;83
2026-06-08T13:29:29.0000000Z;607.2;607.7;83;83
2026-06-08T13:29:56.0000000Z;607.2;607.6;83;83
2026-06-08T13:29:59.0000000Z;607.2;607.6;83;83
2026-06-08T13:30:05.0000000Z;607;607.5;83;83
2026-06-08T13:30:12.0000000Z;607.2;607.7;83;83
2026-06-08T13:30:13.0000000Z;607.2;607.8;83;83
2026-06-08T13:30:14.0000000Z;607.2;607.7;83;83
2026-06-08T13:30:21.0000000Z;607.4;607.7;83;83
2026-06-08T13:30:27.0000000Z;607.4;607.9;83;83
2026-06-08T13:30:33.0000000Z;607.4;607.7;83;83
2026-06-08T13:30:36.0000000Z;607.4;607.7;83;83
2026-06-08T13:30:38.0000000Z;607.4;608;83;83
2026-06-08T13:30:43.0000000Z;607.6;608;83;83
2026-06-08T13:30:46.0000000Z;607.9;608.2;83;83
2026-06-08T13:30:48.0000000Z;607.9;608.5;83;83
2026-06-08T13:31:02.0000000Z;608.1;608.5;83;83
2026-06-08T13:31:04.0000000Z;608.1;608.6;83;83
2026-06-08T13:31:06.0000000Z;608.1;608.4;83;83
2026-06-08T13:31:08.0000000Z;607.9;608.4;83;83
2026-06-08T13:31:09.0000000Z;607.9;608.2;83;83
2026-06-08T13:31:22.0000000Z;607.9;608.4;83;83
2026-06-08T13:31:27.0000000Z;607.9;608.2;83;83
2026-06-08T13:31:31.0000000Z;607.9;608.2;83;83
2026-06-08T13:31:32.0000000Z;607.9;608.1;83;83
2026-06-08T13:31:34.0000000Z;607.9;608.2;83;83
2026-06-08T13:31:40.0000000Z;607.9;608.3;83;83
2026-06-08T13:31:44.0000000Z;607.9;608.2;83;83
2026-06-08T13:31:50.0000000Z;607.9;608;83;83
2026-06-08T13:31:52.0000000Z;607.9;608;83;83
2026-06-08T13:31:54.0000000Z;607.9;608.3;83;83
2026-06-08T13:32:00.0000000Z;607.9;608.2;83;83
2026-06-08T13:32:05.0000000Z;607.9;608.1;83;83
2026-06-08T13:32:10.0000000Z;607.9;608.2;83;83
2026-06-08T13:32:22.0000000Z;607.9;608.3;83;83
2026-06-08T13:32:25.0000000Z;607.9;608.1;83;83
2026-06-08T13:32:32.0000000Z;607.9;608.2;83;83
2026-06-08T13:32:56.0000000Z;607.9;608.3;83;83
2026-06-08T13:32:57.0000000Z;607.9;608.2;83;83
2026-06-08T13:33:02.0000000Z;607.9;608.3;83;83
2026-06-08T13:33:03.0000000Z;607.9;608.2;83;83
2026-06-08T13:33:13.0000000Z;607.9;608.3;83;83
2026-06-08T13:33:17.0000000Z;607.9;608.2;83;83
2026-06-08T13:33:19.0000000Z;607.7;608.2;83;83
2026-06-08T13:33:20.0000000Z;607.7;608.1;83;83
2026-06-08T13:33:30.0000000Z;607.5;607.6;83;83
2026-06-08T13:33:33.0000000Z;607.3;607.6;83;83
2026-06-08T13:33:43.0000000Z;607.1;607.5;83;83
2026-06-08T13:33:53.0000000Z;607.1;607.6;83;83
2026-06-08T13:33:58.0000000Z;607.1;607.3;83;83
2026-06-08T13:33:59.0000000Z;606.9;607.3;83;83
2026-06-08T13:34:13.0000000Z;606.9;607.2;83;83
2026-06-08T13:34:22.0000000Z;606.8;606.9;83;83
2026-06-08T13:34:23.0000000Z;606.5;606.9;83;83
2026-06-08T13:34:29.0000000Z;606.5;607;83;83
2026-06-08T13:34:32.0000000Z;606.5;606.9;83;83
2026-06-08T13:34:37.0000000Z;606.5;606.9;83;83
2026-06-08T13:34:39.0000000Z;606.4;606.9;83;83
2026-06-08T13:34:41.0000000Z;606.3;606.8;83;83
2026-06-08T13:34:45.0000000Z;606.3;606.7;83;83
2026-06-08T13:34:47.0000000Z;606.2;606.7;83;83
2026-06-08T13:34:51.0000000Z;606.2;606.6;83;83
2026-06-08T13:34:53.0000000Z;606.1;606.6;83;83
2026-06-08T13:35:00.0000000Z;606.1;606.5;83;83
2026-06-08T13:35:03.0000000Z;606;606.5;83;83
2026-06-08T13:35:13.0000000Z;605.9;606.5;83;83
2026-06-08T13:35:32.0000000Z;606.1;606.5;83;83
2026-06-08T13:35:37.0000000Z;606.1;606.6;83;83
2026-06-08T13:35:42.0000000Z;606.3;606.6;83;83
2026-06-08T13:35:46.0000000Z;606.3;606.8;83;83
2026-06-08T13:35:57.0000000Z;606.5;606.8;83;83
2026-06-08T13:36:04.0000000Z;606.5;607;83;83
2026-06-08T13:36:11.0000000Z;606.5;606.8;83;83
2026-06-08T13:36:28.0000000Z;606.3;606.8;83;83
2026-06-08T13:36:35.0000000Z;606.5;606.8;83;83
2026-06-08T13:36:40.0000000Z;606.5;606.9;83;83
2026-06-08T13:36:50.0000000Z;606.5;606.8;83;83
2026-06-08T13:36:58.0000000Z;606.5;606.7;83;83
2026-06-08T13:37:00.0000000Z;606.3;606.7;83;83
2026-06-08T13:37:04.0000000Z;606.3;606.8;83;83
2026-06-08T13:37:08.0000000Z;606.3;606.9;83;83
2026-06-08T13:37:13.0000000Z;606.3;606.8;83;83
2026-06-08T13:37:16.0000000Z;606.3;606.7;83;83
2026-06-08T13:37:29.0000000Z;606.3;606.6;83;83
2026-06-08T13:37:38.0000000Z;606.3;606.8;83;83
2026-06-08T13:37:39.0000000Z;606.3;606.7;83;83
2026-06-08T13:37:42.0000000Z;606.3;606.7;83;83
2026-06-08T13:37:50.0000000Z;606.3;606.6;83;83
2026-06-08T13:38:06.0000000Z;606.3;606.8;83;83
2026-06-08T13:38:09.0000000Z;606.3;606.7;83;83
2026-06-08T13:38:14.0000000Z;606.3;606.8;83;83
2026-06-08T13:38:19.0000000Z;606.5;606.8;83;83
2026-06-08T13:38:20.0000000Z;606.5;606.9;83;83
2026-06-08T13:38:31.0000000Z;606.7;606.9;83;83
2026-06-08T13:38:32.0000000Z;606.7;607;83;83
2026-06-08T13:38:36.0000000Z;606.7;607.1;83;83
2026-06-08T13:38:40.0000000Z;606.7;606.9;83;83
2026-06-08T13:38:42.0000000Z;606.5;606.9;83;83
2026-06-08T13:38:45.0000000Z;606.5;606.8;83;83
2026-06-08T13:39:08.0000000Z;606.5;606.7;83;83
2026-06-08T13:39:10.0000000Z;606.5;606.8;83;83
2026-06-08T13:39:14.0000000Z;606.4;606.5;83;83
2026-06-08T13:39:16.0000000Z;606.1;606.5;83;83
2026-06-08T13:39:18.0000000Z;606.2;606.6;83;83
2026-06-08T13:39:20.0000000Z;606.1;606.5;83;83
2026-06-08T13:39:23.0000000Z;606.1;606.6;83;83
2026-06-08T13:39:25.0000000Z;606.2;606.6;83;83
2026-06-08T13:39:28.0000000Z;606.3;606.6;83;83
2026-06-08T13:39:43.0000000Z;606.3;606.5;83;83
2026-06-08T13:39:44.0000000Z;606.3;606.6;83;83
2026-06-08T13:39:46.0000000Z;606.1;606.7;83;83
2026-06-08T13:39:48.0000000Z;606.1;606.6;83;83
2026-06-08T13:39:55.0000000Z;606.1;606.5;83;83
2026-06-08T13:39:59.0000000Z;606.1;606.4;83;83
2026-06-08T13:40:00.0000000Z;605.9;606.4;83;83
2026-06-08T13:40:01.0000000Z;606;606.4;83;83
2026-06-08T13:40:11.0000000Z;605.9;606.4;83;83
2026-06-08T13:40:18.0000000Z;606.1;606.4;83;83
2026-06-08T13:40:19.0000000Z;606.1;606.5;83;83
2026-06-08T13:40:23.0000000Z;606.1;606.4;83;83
2026-06-08T13:40:31.0000000Z;606.1;606.5;83;83
2026-06-08T13:40:38.0000000Z;606.4;606.5;83;83
2026-06-08T13:40:40.0000000Z;606.2;606.5;83;83
2026-06-08T13:40:42.0000000Z;606.1;606.4;83;83
2026-06-08T13:40:44.0000000Z;606.1;606.5;83;83
2026-06-08T13:40:47.0000000Z;606.1;606.4;83;83
2026-06-08T13:40:53.0000000Z;606;606.4;83;83
2026-06-08T13:40:55.0000000Z;606;606.5;83;83
2026-06-08T13:40:58.0000000Z;606.2;606.5;83;83
2026-06-08T13:41:06.0000000Z;606;606.5;83;83
2026-06-08T13:41:10.0000000Z;606;606.4;83;83
2026-06-08T13:41:24.0000000Z;606.2;606.5;83;83
2026-06-08T13:41:47.0000000Z;606.3;606.5;83;83
2026-06-08T13:41:59.0000000Z;606.5;606.6;83;83
2026-06-08T13:42:14.0000000Z;606.3;606.5;83;83
2026-06-08T13:42:18.0000000Z;606.3;606.8;83;83
2026-06-08T13:42:25.0000000Z;606.3;606.7;83;83
2026-06-08T13:42:40.0000000Z;606.7;606.8;83;83
2026-06-08T13:42:45.0000000Z;606.3;606.7;83;83
2026-06-08T13:42:46.0000000Z;606.3;606.8;83;83
2026-06-08T13:42:48.0000000Z;606.3;606.9;83;83
2026-06-08T13:42:56.0000000Z;606.4;606.9;83;83
2026-06-08T13:42:58.0000000Z;606.8;606.9;83;83
2026-06-08T13:43:03.0000000Z;606.6;607;83;83
2026-06-08T13:43:10.0000000Z;606.8;607;83;83
2026-06-08T13:43:14.0000000Z;607;607.1;83;83
2026-06-08T13:43:18.0000000Z;607;607.4;83;83
2026-06-08T13:43:23.0000000Z;607;607.3;83;83
2026-06-08T13:43:28.0000000Z;606.8;607.3;83;83
2026-06-08T13:43:30.0000000Z;606.8;607.2;83;83
2026-06-08T13:43:37.0000000Z;607;607.2;83;83
2026-06-08T13:43:38.0000000Z;607;607.3;83;83
2026-06-08T13:43:45.0000000Z;607;607.2;83;83
2026-06-08T13:43:46.0000000Z;606.8;607.2;83;83
2026-06-08T13:44:06.0000000Z;606.8;607.1;83;83
2026-06-08T13:44:08.0000000Z;606.8;607;83;83
2026-06-08T13:44:10.0000000Z;606.6;607;83;83
2026-06-08T13:44:29.0000000Z;606.6;607.1;83;83
2026-06-08T13:44:32.0000000Z;606.8;607.1;83;83
2026-06-08T13:44:33.0000000Z;606.8;607.2;83;83
2026-06-08T13:44:37.0000000Z;606.8;607.3;83;83
2026-06-08T13:44:38.0000000Z;607;607.3;83;83
2026-06-08T13:44:47.0000000Z;606.8;607.3;83;83
2026-06-08T13:44:51.0000000Z;606.8;607.1;83;83
2026-06-08T13:44:52.0000000Z;606.8;607;83;83
2026-06-08T13:44:53.0000000Z;606.6;607;83;83
2026-06-08T13:45:02.0000000Z;606.8;607;83;83
2026-06-08T13:45:12.0000000Z;606.8;607.2;83;83
2026-06-08T13:45:27.0000000Z;607;607.2;83;83
2026-06-08T13:45:32.0000000Z;606.8;607.2;83;83
2026-06-08T13:45:47.0000000Z;607;607.2;83;83
2026-06-08T13:45:49.0000000Z;607;607.3;83;83
2026-06-08T13:46:03.0000000Z;607;607.4;83;83
2026-06-08T13:46:07.0000000Z;607.2;607.4;83;83
2026-06-08T13:46:09.0000000Z;607.2;607.7;83;83
2026-06-08T13:46:10.0000000Z;607.4;607.7;83;83
2026-06-08T13:46:11.0000000Z;607.4;607.8;83;83
2026-06-08T13:46:15.0000000Z;607.4;607.7;83;83
2026-06-08T13:46:23.0000000Z;607.4;607.7;83;83
2026-06-08T13:46:27.0000000Z;607.4;607.8;83;83
2026-06-08T13:46:30.0000000Z;607.4;607.7;83;83
2026-06-08T13:46:37.0000000Z;607.4;607.6;83;83
2026-06-08T13:46:39.0000000Z;607.4;607.7;83;83
2026-06-08T13:47:01.0000000Z;607.4;607.5;83;83
2026-06-08T13:47:03.0000000Z;607.2;607.5;83;83
2026-06-08T13:47:05.0000000Z;607.2;607.4;83;83
2026-06-08T13:47:07.0000000Z;607.2;607.5;83;83
2026-06-08T13:47:10.0000000Z;607.2;607.4;83;83
2026-06-08T13:47:11.0000000Z;607.2;607.5;83;83
2026-06-08T13:47:34.0000000Z;607.2;607.5;83;83
2026-06-08T13:47:53.0000000Z;607.2;607.4;83;83
2026-06-08T13:47:55.0000000Z;607.2;607.5;83;83
2026-06-08T13:47:58.0000000Z;607.2;607.4;83;83
2026-06-08T13:48:11.0000000Z;607.1;607.2;83;83
2026-06-08T13:48:14.0000000Z;607.2;607.3;83;83
2026-06-08T13:48:17.0000000Z;607.2;607.4;83;83
2026-06-08T13:48:23.0000000Z;607.2;607.3;83;83
2026-06-08T13:48:32.0000000Z;607;607.1;83;83
2026-06-08T13:48:33.0000000Z;607.1;607.2;83;83
2026-06-08T13:48:47.0000000Z;606.9;607;83;83
2026-06-08T13:48:50.0000000Z;607;607.1;83;83
2026-06-08T13:48:52.0000000Z;606.7;607.1;83;83
2026-06-08T13:48:54.0000000Z;606.7;606.9;83;83
2026-06-08T13:48:56.0000000Z;606.5;606.9;83;83
2026-06-08T13:49:04.0000000Z;606.5;607;83;83
2026-06-08T13:49:08.0000000Z;606.7;607.2;83;83
2026-06-08T13:49:09.0000000Z;606.7;606.9;83;83
2026-06-08T13:49:12.0000000Z;606.7;607;83;83
2026-06-08T13:49:13.0000000Z;606.7;606.9;83;83
2026-06-08T13:49:14.0000000Z;606.7;607;83;83
2026-06-08T13:49:16.0000000Z;606.5;607;83;83
2026-06-08T13:49:27.0000000Z;606.7;607;83;83
2026-06-08T13:49:43.0000000Z;606.9;607;83;83
2026-06-08T13:49:50.0000000Z;606.7;607;83;83
2026-06-08T13:50:04.0000000Z;606.7;607.2;83;83
2026-06-08T13:50:10.0000000Z;606.9;607.2;83;83
2026-06-08T13:50:23.0000000Z;606.7;607.1;83;83
2026-06-08T13:50:31.0000000Z;606.7;607;83;83
2026-06-08T13:50:35.0000000Z;606.7;607.1;83;83
2026-06-08T13:50:36.0000000Z;606.7;607;83;83
2026-06-08T13:50:38.0000000Z;606.5;607;83;83
2026-06-08T13:50:40.0000000Z;606.5;607.1;83;83
2026-06-08T13:50:47.0000000Z;606.7;607;83;83
2026-06-08T13:50:58.0000000Z;606.5;607;83;83
2026-06-08T13:51:13.0000000Z;606.7;607;83;83
2026-06-08T13:51:33.0000000Z;606.7;607.1;83;83
2026-06-08T13:51:38.0000000Z;606.9;607.1;83;83
2026-06-08T13:51:48.0000000Z;606.7;607.1;83;83
2026-06-08T13:52:03.0000000Z;606.9;607.1;83;83
2026-06-08T13:52:25.0000000Z;606.8;607.1;83;83
2026-06-08T13:52:26.0000000Z;606.9;607.1;83;83
2026-06-08T13:52:39.0000000Z;607.1;607.2;83;83
2026-06-08T13:52:41.0000000Z;607.3;607.4;83;83
2026-06-08T13:53:12.0000000Z;607.3;607.4;83;83
2026-06-08T13:53:21.0000000Z;607.5;607.6;83;83
2026-06-08T13:53:25.0000000Z;607.3;607.4;83;83
2026-06-08T13:53:31.0000000Z;607.5;607.6;83;83
2026-06-08T13:53:45.0000000Z;607.7;607.8;83;83
2026-06-08T13:53:47.0000000Z;607.5;607.6;83;83
2026-06-08T13:54:09.0000000Z;607.7;607.8;83;83
2026-06-08T13:54:12.0000000Z;607.5;607.6;83;83
2026-06-08T13:54:14.0000000Z;607.7;607.8;83;83
2026-06-08T13:54:33.0000000Z;607.5;607.6;83;83
2026-06-08T13:55:04.0000000Z;607.5;607.6;83;83
2026-06-08T13:55:35.0000000Z;607.5;607.6;83;83
2026-06-08T13:55:53.0000000Z;607.1;607.2;83;83
2026-06-08T13:55:58.0000000Z;606.9;607.1;83;83
2026-06-08T13:56:06.0000000Z;606.7;607.1;83;83
2026-06-08T13:56:10.0000000Z;606.7;607.2;83;83
2026-06-08T13:56:18.0000000Z;606.7;607.1;83;83
2026-06-08T13:56:26.0000000Z;606.7;607;83;83
2026-06-08T13:56:38.0000000Z;606.7;607.1;83;83
2026-06-08T13:56:44.0000000Z;606.7;607.2;83;83
2026-06-08T13:56:47.0000000Z;606.9;607.2;83;83
2026-06-08T13:57:17.0000000Z;606.7;607;83;83
2026-06-08T13:57:18.0000000Z;606.7;607.2;83;83
2026-06-08T13:57:19.0000000Z;606.7;607.2;83;83
2026-06-08T13:57:25.0000000Z;606.7;607.1;83;83
2026-06-08T13:57:29.0000000Z;606.7;606.9;83;83
2026-06-08T13:57:34.0000000Z;606.5;606.9;83;83
2026-06-08T13:57:35.0000000Z;606.5;606.7;83;83
2026-06-08T13:57:38.0000000Z;606.3;606.7;83;83
2026-06-08T13:57:39.0000000Z;606.3;606.5;83;83
2026-06-08T13:57:42.0000000Z;606.1;606.5;83;83
2026-06-08T13:57:44.0000000Z;606.1;606.6;83;83
2026-06-08T13:57:55.0000000Z;606.1;606.5;83;83
2026-06-08T13:57:57.0000000Z;606;606.5;83;83
2026-06-08T13:58:05.0000000Z;606;606.4;83;83
2026-06-08T13:58:07.0000000Z;605.9;606.4;83;83
2026-06-08T13:58:13.0000000Z;605.9;606.5;83;83
2026-06-08T13:58:17.0000000Z;605.9;606.4;83;83
2026-06-08T13:58:25.0000000Z;605.9;606.3;83;83
2026-06-08T13:58:27.0000000Z;605.8;606.3;83;83
2026-06-08T13:58:37.0000000Z;605.7;606.2;83;83
2026-06-08T13:58:49.0000000Z;605.9;606.2;83;83
2026-06-08T13:58:51.0000000Z;605.9;606.3;83;83
2026-06-08T13:58:53.0000000Z;605.7;606.3;83;83
2026-06-08T13:58:55.0000000Z;605.9;606.3;83;83
2026-06-08T13:59:03.0000000Z;605.9;606.4;83;83
2026-06-08T13:59:04.0000000Z;605.9;606.3;83;83
2026-06-08T13:59:07.0000000Z;605.9;606.3;83;83
2026-06-08T13:59:09.0000000Z;605.9;606.5;83;83
2026-06-08T13:59:17.0000000Z;606.2;606.5;83;83
2026-06-08T13:59:21.0000000Z;606.2;606.6;83;83
2026-06-08T13:59:31.0000000Z;606.2;606.5;83;83
2026-06-08T13:59:39.0000000Z;606.2;606.6;83;83
2026-06-08T13:59:41.0000000Z;606.2;606.5;83;83
2026-06-08T13:59:46.0000000Z;606.2;606.4;83;83
2026-06-08T13:59:47.0000000Z;605.9;606.4;83;83
2026-06-08T13:59:50.0000000Z;605.9;606.3;83;83
2026-06-08T13:59:51.0000000Z;605.7;606.3;83;83
2026-06-08T13:59:53.0000000Z;605.6;606.3;83;83
2026-06-08T14:00:00.0000000Z;605.6;606.1;83;83
2026-06-08T14:00:02.0000000Z;605.8;606.1;83;83
2026-06-08T14:00:05.0000000Z;605.6;606.4;83;83
2026-06-08T14:00:10.0000000Z;605.8;606.4;83;83
2026-06-08T14:00:11.0000000Z;605.8;606.5;83;83
2026-06-08T14:00:16.0000000Z;605.8;606.3;83;83
2026-06-08T14:00:17.0000000Z;605.6;606.3;83;83
2026-06-08T14:00:20.0000000Z;605.7;606.3;83;83
2026-06-08T14:00:21.0000000Z;605.7;606.3;83;83
2026-06-08T14:00:23.0000000Z;605.7;606.4;83;83
2026-06-08T14:00:25.0000000Z;605.9;606.4;83;83
2026-06-08T14:00:27.0000000Z;605.9;606.5;83;83
2026-06-08T14:00:38.0000000Z;605.7;606.5;83;83
2026-06-08T14:00:44.0000000Z;605.7;606.3;83;83
2026-06-08T14:00:45.0000000Z;605.6;606.3;83;83
2026-06-08T14:00:46.0000000Z;605.7;606.3;83;83
2026-06-08T14:00:47.0000000Z;605.7;606.5;83;83
2026-06-08T14:00:53.0000000Z;605.9;606.5;83;83
2026-06-08T14:00:55.0000000Z;605.9;606.4;83;83
2026-06-08T14:01:03.0000000Z;605.9;606.5;83;83
2026-06-08T14:01:04.0000000Z;606.1;606.5;83;83
2026-06-08T14:01:06.0000000Z;606.1;606.6;83;83
2026-06-08T14:01:10.0000000Z;606.1;606.5;83;83
2026-06-08T14:01:28.0000000Z;606.1;606.6;83;83
2026-06-08T14:01:29.0000000Z;606.1;606.5;83;83
2026-06-08T14:01:34.0000000Z;606.1;606.6;83;83
2026-06-08T14:01:36.0000000Z;606.3;606.6;83;83
2026-06-08T14:01:38.0000000Z;606.3;606.7;83;83
2026-06-08T14:01:46.0000000Z;606.3;606.7;83;83
2026-06-08T14:01:50.0000000Z;606.3;606.8;83;83
2026-06-08T14:01:52.0000000Z;606.5;606.8;83;83
2026-06-08T14:01:56.0000000Z;606.5;607;83;83
2026-06-08T14:02:04.0000000Z;606.7;607;83;83
2026-06-08T14:02:08.0000000Z;606.7;607.1;83;83
2026-06-08T14:02:27.0000000Z;606.7;606.9;83;83
2026-06-08T14:02:28.0000000Z;606.5;606.9;83;83
2026-06-08T14:02:33.0000000Z;606.7;607;83;83
2026-06-08T14:02:39.0000000Z;606.7;606.9;83;83
2026-06-08T14:02:40.0000000Z;606.5;606.9;83;83
2026-06-08T14:02:52.0000000Z;606.5;606.8;83;83
2026-06-08T14:03:07.0000000Z;606.5;606.7;83;83
2026-06-08T14:03:08.0000000Z;606.5;606.7;83;83
2026-06-08T14:03:17.0000000Z;606.5;606.8;83;83
2026-06-08T14:03:18.0000000Z;606.5;606.9;83;83
2026-06-08T14:03:20.0000000Z;606.5;607;83;83
2026-06-08T14:03:34.0000000Z;606.7;607;83;83
2026-06-08T14:03:38.0000000Z;606.7;607.1;83;83
2026-06-08T14:03:40.0000000Z;606.7;607;83;83
2026-06-08T14:03:51.0000000Z;606.5;607;83;83
2026-06-08T14:03:52.0000000Z;606.5;606.8;83;83
2026-06-08T14:03:59.0000000Z;606.5;606.7;83;83
2026-06-08T14:04:03.0000000Z;606.5;606.8;83;83
2026-06-08T14:04:10.0000000Z;606.5;606.7;83;83
2026-06-08T14:04:17.0000000Z;606.5;606.8;83;83
2026-06-08T14:04:18.0000000Z;606.5;606.7;83;83
2026-06-08T14:04:19.0000000Z;606.5;606.8;83;83
2026-06-08T14:04:20.0000000Z;606.5;606.7;83;83
2026-06-08T14:04:21.0000000Z;606.5;606.8;83;83
2026-06-08T14:04:25.0000000Z;606.5;606.7;83;83
2026-06-08T14:04:33.0000000Z;606.5;606.7;83;83
2026-06-08T14:04:34.0000000Z;606.5;606.8;83;83
2026-06-08T14:04:35.0000000Z;606.5;606.7;83;83
2026-06-08T14:04:37.0000000Z;606.5;606.8;83;83
2026-06-08T14:04:38.0000000Z;606.5;606.7;83;83
2026-06-08T14:04:42.0000000Z;606.5;606.6;83;83
2026-06-08T14:04:43.0000000Z;606.1;606.6;83;83
2026-06-08T14:04:59.0000000Z;606.1;606.4;83;83
2026-06-08T14:05:07.0000000Z;605.9;606.4;83;83
2026-06-08T14:05:13.0000000Z;605.9;606.5;83;83
2026-06-08T14:05:18.0000000Z;605.9;606.4;83;83
2026-06-08T14:05:27.0000000Z;606.1;606.4;83;83
2026-06-08T14:05:30.0000000Z;606.1;606.5;83;83
2026-06-08T14:05:33.0000000Z;606.1;606.6;83;83
2026-06-08T14:05:41.0000000Z;606.1;606.5;83;83
2026-06-08T14:05:43.0000000Z;606.1;606.4;83;83
2026-06-08T14:05:45.0000000Z;606.1;606.4;83;83
2026-06-08T14:05:47.0000000Z;606.1;606.5;83;83
2026-06-08T14:05:55.0000000Z;606.1;606.4;83;83
2026-06-08T14:05:59.0000000Z;606.1;606.6;83;83
2026-06-08T14:06:05.0000000Z;606.1;606.7;83;83
2026-06-08T14:06:07.0000000Z;606.2;606.7;83;83
2026-06-08T14:06:09.0000000Z;606.2;606.6;83;83
2026-06-08T14:06:11.0000000Z;606.2;606.6;83;83
2026-06-08T14:06:13.0000000Z;606.4;606.7;83;83
2026-06-08T14:06:17.0000000Z;606.4;606.8;83;83
2026-06-08T14:06:29.0000000Z;606.6;606.8;83;83
2026-06-08T14:06:30.0000000Z;606.4;606.9;83;83
2026-06-08T14:06:33.0000000Z;606.4;606.8;83;83
2026-06-08T14:06:35.0000000Z;606.4;606.9;83;83
2026-06-08T14:06:36.0000000Z;606.6;606.9;83;83
2026-06-08T14:06:37.0000000Z;606.6;607;83;83
2026-06-08T14:06:44.0000000Z;606.8;607;83;83
2026-06-08T14:06:47.0000000Z;606.8;607.1;83;83
2026-06-08T14:06:55.0000000Z;606.8;607.2;83;83
2026-06-08T14:07:03.0000000Z;606.8;607.1;83;83
2026-06-08T14:07:07.0000000Z;606.8;607.2;83;83
2026-06-08T14:07:08.0000000Z;606.8;607.1;83;83
2026-06-08T14:07:21.0000000Z;606.8;607.2;83;83
2026-06-08T14:07:27.0000000Z;606.8;607.1;83;83
2026-06-08T14:07:30.0000000Z;606.6;607.1;83;83
2026-06-08T14:07:32.0000000Z;606.6;607;83;83
2026-06-08T14:07:33.0000000Z;606.6;607.1;83;83
2026-06-08T14:07:34.0000000Z;606.6;607;83;83
2026-06-08T14:07:36.0000000Z;606.6;607.1;83;83
2026-06-08T14:07:41.0000000Z;606.6;606.9;83;83
2026-06-08T14:07:44.0000000Z;606.4;606.9;83;83
2026-06-08T14:07:48.0000000Z;606.4;607;83;83
2026-06-08T14:07:55.0000000Z;606.6;607;83;83
2026-06-08T14:07:58.0000000Z;606.6;607.1;83;83
2026-06-08T14:08:02.0000000Z;606.8;607.1;83;83
2026-06-08T14:08:04.0000000Z;606.8;607.2;83;83
2026-06-08T14:08:08.0000000Z;606.8;607.1;83;83
2026-06-08T14:08:22.0000000Z;606.6;607.1;83;83
2026-06-08T14:08:23.0000000Z;606.6;606.9;83;83
2026-06-08T14:08:34.0000000Z;606.6;606.9;83;83
2026-06-08T14:08:35.0000000Z;606.6;607;83;83
2026-06-08T14:08:36.0000000Z;606.6;606.9;83;83
2026-06-08T14:08:38.0000000Z;606.6;607;83;83
2026-06-08T14:08:39.0000000Z;606.6;606.9;83;83
2026-06-08T14:08:42.0000000Z;606.6;606.8;83;83
2026-06-08T14:08:46.0000000Z;606.6;606.9;83;83
2026-06-08T14:08:49.0000000Z;606.6;606.8;83;83
2026-06-08T14:08:54.0000000Z;606.6;606.9;83;83
2026-06-08T14:08:56.0000000Z;606.6;607;83;83
2026-06-08T14:08:57.0000000Z;606.8;607;83;83
2026-06-08T14:08:58.0000000Z;606.8;607.1;83;83
2026-06-08T14:09:26.0000000Z;606.8;607.2;83;83
2026-06-08T14:09:34.0000000Z;606.8;607.4;83;83
2026-06-08T14:09:36.0000000Z;606.8;607.2;83;83
2026-06-08T14:09:40.0000000Z;606.8;607.4;83;83
2026-06-08T14:09:41.0000000Z;607;607.3;83;83
2026-06-08T14:10:11.0000000Z;607;607.3;83;83
2026-06-08T14:10:14.0000000Z;607;607.4;83;83
2026-06-08T14:10:16.0000000Z;607;607.2;83;83
2026-06-08T14:10:18.0000000Z;606.8;607.2;83;83
2026-06-08T14:10:20.0000000Z;606.8;607.3;83;83
2026-06-08T14:10:21.0000000Z;606.8;607.1;83;83
2026-06-08T14:10:29.0000000Z;606.8;607.2;83;83
2026-06-08T14:10:30.0000000Z;606.8;607.1;83;83
2026-06-08T14:11:01.0000000Z;606.8;607.1;83;83
2026-06-08T14:11:31.0000000Z;606.8;607.1;83;83
2026-06-08T14:11:55.0000000Z;606.8;607.2;83;83
2026-06-08T14:12:04.0000000Z;606.8;607.1;83;83
2026-06-08T14:12:34.0000000Z;606.8;607.1;83;83
2026-06-08T14:12:37.0000000Z;606.8;606.9;83;83
2026-06-08T14:12:39.0000000Z;606.8;606.9;83;83
2026-06-08T14:12:41.0000000Z;606.8;607;83;83
2026-06-08T14:12:43.0000000Z;606.8;606.9;83;83
2026-06-08T14:13:14.0000000Z;606.8;606.9;83;83
2026-06-08T14:13:45.0000000Z;606.8;606.9;83;83
2026-06-08T14:13:48.0000000Z;606.8;607.1;83;83
2026-06-08T14:13:54.0000000Z;606.8;607.1;83;83
2026-06-08T14:13:57.0000000Z;606.8;607;83;83
2026-06-08T14:14:00.0000000Z;606.8;607.1;83;83
2026-06-08T14:14:03.0000000Z;606.8;607;83;83
2026-06-08T14:14:05.0000000Z;606.8;607.1;83;83
2026-06-08T14:14:06.0000000Z;606.8;607;83;83
2026-06-08T14:14:07.0000000Z;606.8;606.9;83;83
2026-06-08T14:14:12.0000000Z;606.8;607;83;83
2026-06-08T14:14:13.0000000Z;606.8;607.1;83;83
2026-06-08T14:14:14.0000000Z;606.8;607;83;83
2026-06-08T14:14:16.0000000Z;606.8;607.1;83;83
2026-06-08T14:14:17.0000000Z;606.8;607;83;83
2026-06-08T14:14:20.0000000Z;606.8;607.1;83;83
2026-06-08T14:14:29.0000000Z;606.8;606.9;83;83
2026-06-08T14:14:34.0000000Z;606.8;607;83;83
2026-06-08T14:14:36.0000000Z;606.6;606.7;83;83
2026-06-08T14:14:38.0000000Z;606.4;606.7;83;83
2026-06-08T14:14:40.0000000Z;606.4;606.8;83;83
2026-06-08T14:15:10.0000000Z;606.3;606.8;83;83
2026-06-08T14:15:14.0000000Z;606.2;606.8;83;83
2026-06-08T14:15:20.0000000Z;606.2;606.5;83;83
2026-06-08T14:15:51.0000000Z;606.2;606.5;83;83
2026-06-08T14:15:52.0000000Z;606.2;606.4;83;83
2026-06-08T14:16:00.0000000Z;606.2;606.5;83;83
2026-06-08T14:16:31.0000000Z;606.2;606.5;83;83
2026-06-08T14:16:46.0000000Z;606.2;606.3;83;83
2026-06-08T14:16:47.0000000Z;606.2;606.4;83;83
2026-06-08T14:16:48.0000000Z;606.2;606.3;83;83
2026-06-08T14:16:50.0000000Z;606.2;606.4;83;83
2026-06-08T14:16:51.0000000Z;606.2;606.3;83;83
2026-06-08T14:16:57.0000000Z;606.2;606.4;83;83
2026-06-08T14:16:58.0000000Z;606.2;606.3;83;83
2026-06-08T14:17:00.0000000Z;606.2;606.4;83;83
2026-06-08T14:17:01.0000000Z;606.2;606.3;83;83
2026-06-08T14:17:04.0000000Z;606.2;606.4;83;83
2026-06-08T14:17:06.0000000Z;606.2;606.3;83;83
2026-06-08T14:17:09.0000000Z;606.2;606.5;83;83
2026-06-08T14:17:39.0000000Z;606.2;606.5;83;83
2026-06-08T14:17:41.0000000Z;606.2;606.7;83;83
2026-06-08T14:17:53.0000000Z;606.2;606.6;83;83
2026-06-08T14:17:56.0000000Z;606.4;606.6;83;83
2026-06-08T14:17:57.0000000Z;606.4;606.7;83;83
2026-06-08T14:18:03.0000000Z;606.2;606.7;83;83
2026-06-08T14:18:08.0000000Z;606.4;606.7;83;83
2026-06-08T14:18:09.0000000Z;606.4;607;83;83
2026-06-08T14:18:11.0000000Z;606.4;606.8;83;83
2026-06-08T14:18:13.0000000Z;606.2;606.8;83;83
2026-06-08T14:18:19.0000000Z;606.2;606.7;83;83
2026-06-08T14:18:26.0000000Z;606.4;606.7;83;83
2026-06-08T14:18:37.0000000Z;606.2;606.7;83;83
2026-06-08T14:18:38.0000000Z;606.2;606.6;83;83
2026-06-08T14:18:39.0000000Z;606.2;606.7;83;83
2026-06-08T14:18:50.0000000Z;606.4;606.7;83;83
2026-06-08T14:18:59.0000000Z;606.4;606.6;83;83
2026-06-08T14:19:01.0000000Z;606.2;606.5;83;83
2026-06-08T14:19:23.0000000Z;606.2;606.8;83;83
2026-06-08T14:19:29.0000000Z;606.2;606.6;83;83
2026-06-08T14:19:30.0000000Z;606.2;606.5;83;83
2026-06-08T14:19:54.0000000Z;606.2;606.6;83;83
2026-06-08T14:20:06.0000000Z;606.4;606.7;83;83
2026-06-08T14:20:08.0000000Z;606.4;606.8;83;83
2026-06-08T14:20:09.0000000Z;606.6;606.8;83;83
2026-06-08T14:20:13.0000000Z;606.6;606.9;83;83
2026-06-08T14:20:20.0000000Z;606.6;607;83;83
2026-06-08T14:20:48.0000000Z;606.4;607;83;83
2026-06-08T14:20:52.0000000Z;606.4;606.7;83;83
2026-06-08T14:21:23.0000000Z;606.4;606.7;83;83
2026-06-08T14:21:40.0000000Z;606.4;606.9;83;83
2026-06-08T14:21:50.0000000Z;606.6;606.9;83;83
2026-06-08T14:21:54.0000000Z;606.4;606.9;83;83
2026-06-08T14:22:12.0000000Z;606.4;606.7;83;83
2026-06-08T14:22:42.0000000Z;606.4;606.7;83;83
2026-06-08T14:23:13.0000000Z;606.4;606.7;83;83
2026-06-08T14:23:23.0000000Z;606.4;606.8;83;83
2026-06-08T14:23:32.0000000Z;606.4;606.9;83;83
2026-06-08T14:23:43.0000000Z;606.5;606.9;83;83
2026-06-08T14:23:45.0000000Z;606.6;606.9;83;83
2026-06-08T14:23:59.0000000Z;606.8;606.9;83;83
2026-06-08T14:24:04.0000000Z;606.8;607.1;83;83
2026-06-08T14:24:13.0000000Z;606.8;607.2;83;83
2026-06-08T14:24:34.0000000Z;606.8;607;83;83
2026-06-08T14:24:40.0000000Z;606.8;607.1;83;83
2026-06-08T14:24:45.0000000Z;606.8;607.2;83;83
2026-06-08T14:25:16.0000000Z;606.8;607.2;83;83
2026-06-08T14:25:21.0000000Z;606.8;607.1;83;83
2026-06-08T14:25:36.0000000Z;606.8;607.2;83;83
2026-06-08T14:25:50.0000000Z;607;607.2;83;83
2026-06-08T14:26:17.0000000Z;607.2;607.3;83;83
2026-06-08T14:26:34.0000000Z;607;607.2;83;83
2026-06-08T14:26:51.0000000Z;607.2;607.3;83;83
2026-06-08T14:26:53.0000000Z;607.2;607.5;83;83
2026-06-08T14:26:55.0000000Z;607.2;607.4;83;83
2026-06-08T14:26:56.0000000Z;607.2;607.4;83;83
2026-06-08T14:26:58.0000000Z;607.2;607.5;83;83
2026-06-08T14:26:59.0000000Z;607.2;607.4;83;83
2026-06-08T14:27:02.0000000Z;607.2;607.5;83;83
2026-06-08T14:27:07.0000000Z;607.2;607.4;83;83
2026-06-08T14:27:09.0000000Z;607.2;607.5;83;83
2026-06-08T14:27:10.0000000Z;607.2;607.4;83;83
2026-06-08T14:27:11.0000000Z;607.2;607.5;83;83
2026-06-08T14:27:17.0000000Z;607;607.5;83;83
2026-06-08T14:27:20.0000000Z;607.2;607.5;83;83
2026-06-08T14:27:27.0000000Z;607.2;607.6;83;83
2026-06-08T14:27:29.0000000Z;607;607.6;83;83
2026-06-08T14:27:38.0000000Z;607;607.5;83;83
2026-06-08T14:27:43.0000000Z;607.2;607.5;83;83
2026-06-08T14:27:49.0000000Z;607.2;607.6;83;83
2026-06-08T14:28:03.0000000Z;607.2;607.4;83;83
2026-06-08T14:28:14.0000000Z;607.2;607.3;83;83
2026-06-08T14:28:21.0000000Z;607.1;607.2;83;83
2026-06-08T14:28:28.0000000Z;607;607.2;83;83
2026-06-08T14:28:34.0000000Z;607;607.1;83;83
2026-06-08T14:28:35.0000000Z;607;607.2;83;83
2026-06-08T14:28:44.0000000Z;607;607.3;83;83
2026-06-08T14:29:14.0000000Z;607;607.3;83;83
2026-06-08T14:29:22.0000000Z;607;607.5;83;83
2026-06-08T14:29:23.0000000Z;607;607.3;83;83
2026-06-08T14:29:24.0000000Z;607;607.5;83;83
2026-06-08T14:29:35.0000000Z;607;607.3;83;83
2026-06-08T14:29:40.0000000Z;607;607.5;83;83
2026-06-08T14:29:45.0000000Z;607;607.4;83;83
2026-06-08T14:29:49.0000000Z;607;607.5;83;83
2026-06-08T14:29:52.0000000Z;607;607.5;83;83
2026-06-08T14:29:53.0000000Z;607;607.3;83;83
2026-06-08T14:29:58.0000000Z;606.9;607.3;83;83
2026-06-08T14:30:02.0000000Z;606.8;607.3;83;83
2026-06-08T14:30:08.0000000Z;606.7;607.3;83;83
2026-06-08T14:30:09.0000000Z;606.8;607.3;83;83
2026-06-08T14:30:15.0000000Z;606.9;607.3;83;83
2026-06-08T14:30:25.0000000Z;607.1;607.3;83;83
2026-06-08T14:30:28.0000000Z;607.1;607.4;83;83
2026-06-08T14:30:30.0000000Z;606.9;607.4;83;83
2026-06-08T14:30:36.0000000Z;606.9;607.5;83;83
2026-06-08T14:30:41.0000000Z;606.9;607.4;83;83
2026-06-08T14:30:44.0000000Z;606.9;607.5;83;83
2026-06-08T14:30:49.0000000Z;607.1;607.5;83;83
2026-06-08T14:30:52.0000000Z;607.1;607.4;83;83
2026-06-08T14:30:58.0000000Z;607.1;607.5;83;83
2026-06-08T14:31:02.0000000Z;607.1;607.4;83;83
2026-06-08T14:31:08.0000000Z;607.1;607.5;83;83
2026-06-08T14:31:24.0000000Z;606.9;607.5;83;83
2026-06-08T14:31:30.0000000Z;606.9;607.3;83;83
2026-06-08T14:31:32.0000000Z;606.7;607.3;83;83
2026-06-08T14:31:34.0000000Z;606.9;607.4;83;83
2026-06-08T14:31:42.0000000Z;606.9;607.5;83;83
2026-06-08T14:31:44.0000000Z;606.9;607.4;83;83
2026-06-08T14:31:59.0000000Z;606.9;607.3;83;83
2026-06-08T14:32:11.0000000Z;606.9;607.5;83;83
2026-06-08T14:32:12.0000000Z;606.9;607.3;83;83
2026-06-08T14:32:19.0000000Z;606.9;607.5;83;83
2026-06-08T14:32:20.0000000Z;607.1;607.5;83;83
2026-06-08T14:32:22.0000000Z;607;607.4;83;83
2026-06-08T14:32:24.0000000Z;607;607.5;83;83
2026-06-08T14:32:27.0000000Z;607;607.6;83;83
2026-06-08T14:32:53.0000000Z;607;607.4;83;83
2026-06-08T14:33:09.0000000Z;607;607.5;83;83
2026-06-08T14:33:11.0000000Z;607;607.6;83;83
2026-06-08T14:33:12.0000000Z;607;607.5;83;83
2026-06-08T14:33:17.0000000Z;607;607.6;83;83
2026-06-08T14:33:22.0000000Z;607;607.5;83;83
2026-06-08T14:33:27.0000000Z;607;607.3;83;83
2026-06-08T14:33:37.0000000Z;607;607.5;83;83
2026-06-08T14:33:38.0000000Z;607;607.3;83;83
2026-06-08T14:33:40.0000000Z;607;607.4;83;83
2026-06-08T14:33:43.0000000Z;606.8;607.4;83;83
2026-06-08T14:33:52.0000000Z;607;607.4;83;83
2026-06-08T14:34:21.0000000Z;607;607.5;83;83
2026-06-08T14:34:51.0000000Z;607.2;607.5;83;83
2026-06-08T14:35:01.0000000Z;607.2;607.6;83;83
2026-06-08T14:35:04.0000000Z;607.2;607.5;83;83
2026-06-08T14:35:15.0000000Z;607.2;607.6;83;83
2026-06-08T14:35:38.0000000Z;607.2;607.7;83;83
2026-06-08T14:35:42.0000000Z;607.4;607.7;83;83
2026-06-08T14:36:12.0000000Z;607.4;607.7;83;83
2026-06-08T14:36:13.0000000Z;607.2;607.7;83;83
2026-06-08T14:36:17.0000000Z;607.4;607.7;83;83
2026-06-08T14:36:20.0000000Z;607.6;607.7;83;83
2026-06-08T14:36:30.0000000Z;607.6;607.9;83;83
2026-06-08T14:36:34.0000000Z;607.6;608.1;83;83
2026-06-08T14:36:42.0000000Z;607.8;608.2;83;83
2026-06-08T14:36:46.0000000Z;607.8;608.1;83;83
2026-06-08T14:37:08.0000000Z;607.8;608.2;83;83
2026-06-08T14:37:09.0000000Z;607.8;608.1;83;83
2026-06-08T14:37:10.0000000Z;607.8;608.2;83;83
2026-06-08T14:37:15.0000000Z;607.8;608.1;83;83
2026-06-08T14:37:25.0000000Z;607.8;607.9;83;83
2026-06-08T14:37:32.0000000Z;607.8;608.1;83;83
2026-06-08T14:37:39.0000000Z;607.8;607.9;83;83
2026-06-08T14:37:40.0000000Z;607.5;607.9;83;83
2026-06-08T14:37:47.0000000Z;607.6;607.9;83;83
2026-06-08T14:37:55.0000000Z;607.6;608.1;83;83
2026-06-08T14:37:57.0000000Z;607.6;608;83;83
2026-06-08T14:38:08.0000000Z;607.4;608;83;83
2026-06-08T14:38:15.0000000Z;607.6;608;83;83
2026-06-08T14:38:18.0000000Z;607.4;608;83;83
2026-06-08T14:38:49.0000000Z;607.6;608;83;83
2026-06-08T14:39:08.0000000Z;607.4;608;83;83
2026-06-08T14:39:18.0000000Z;607.6;608;83;83
2026-06-08T14:39:20.0000000Z;607.6;608.1;83;83
2026-06-08T14:39:34.0000000Z;607.8;608.1;83;83
2026-06-08T14:39:48.0000000Z;607.8;607.9;83;83
2026-06-08T14:39:50.0000000Z;607.4;607.9;83;83
2026-06-08T14:39:54.0000000Z;607.4;608;83;83
2026-06-08T14:39:59.0000000Z;607.5;608;83;83
2026-06-08T14:40:00.0000000Z;607.4;608;83;83
2026-06-08T14:40:01.0000000Z;607.5;608;83;83
2026-06-08T14:40:02.0000000Z;607.7;608;83;83
2026-06-08T14:40:04.0000000Z;607.7;608.2;83;83
2026-06-08T14:40:10.0000000Z;607.9;608.2;83;83
2026-06-08T14:40:25.0000000Z;607.9;608;83;83
2026-06-08T14:40:29.0000000Z;607.6;608;83;83
2026-06-08T14:40:34.0000000Z;607.6;608.2;83;83
2026-06-08T14:40:37.0000000Z;607.8;608.2;83;83
2026-06-08T14:40:38.0000000Z;607.8;608.3;83;83
2026-06-08T14:40:52.0000000Z;607.8;608.2;83;83
2026-06-08T14:40:53.0000000Z;607.8;608.2;83;83
2026-06-08T14:41:13.0000000Z;607.6;608.2;83;83
2026-06-08T14:41:17.0000000Z;607.6;608;83;83
2026-06-08T14:41:34.0000000Z;607.6;607.9;83;83
2026-06-08T14:41:37.0000000Z;607.4;607.8;83;83
2026-06-08T14:41:39.0000000Z;607.2;607.8;83;83
2026-06-08T14:41:43.0000000Z;607.5;607.8;83;83
2026-06-08T14:41:55.0000000Z;607.5;607.9;83;83
2026-06-08T14:42:13.0000000Z;607.5;607.7;83;83
2026-06-08T14:42:17.0000000Z;607.4;607.7;83;83
2026-06-08T14:42:19.0000000Z;607.2;607.7;83;83
2026-06-08T14:42:49.0000000Z;607.2;607.5;83;83
2026-06-08T14:42:55.0000000Z;607;607.5;83;83
2026-06-08T14:43:08.0000000Z;607;607.4;83;83
2026-06-08T14:43:10.0000000Z;606.9;607.4;83;83
2026-06-08T14:43:12.0000000Z;607;607.4;83;83
2026-06-08T14:43:21.0000000Z;607;607.5;83;83
2026-06-08T14:43:27.0000000Z;607.1;607.5;83;83
2026-06-08T14:43:29.0000000Z;607.1;607.4;83;83
2026-06-08T14:43:33.0000000Z;607.1;607.6;83;83
2026-06-08T14:43:38.0000000Z;607.1;607.4;83;83
2026-06-08T14:43:53.0000000Z;607.1;607.3;83;83
2026-06-08T14:43:59.0000000Z;607.1;607.4;83;83
2026-06-08T14:44:08.0000000Z;607.2;607.4;83;83
2026-06-08T14:44:28.0000000Z;607.2;607.6;83;83
2026-06-08T14:44:38.0000000Z;607.4;607.6;83;83
2026-06-08T14:44:40.0000000Z;607.4;607.8;83;83
2026-06-08T14:44:48.0000000Z;607.4;607.9;83;83
2026-06-08T14:44:56.0000000Z;607.4;607.9;83;83
2026-06-08T14:44:58.0000000Z;607.4;607.8;83;83
2026-06-08T14:45:00.0000000Z;607.4;607.7;83;83
2026-06-08T14:45:01.0000000Z;607.4;607.9;83;83
2026-06-08T14:45:14.0000000Z;607.6;607.9;83;83
2026-06-08T14:45:28.0000000Z;607.8;607.9;83;83
2026-06-08T14:45:44.0000000Z;607.8;608.2;83;83
2026-06-08T14:46:00.0000000Z;608;608.2;83;83
2026-06-08T14:46:01.0000000Z;607.8;608.2;83;83
2026-06-08T14:46:09.0000000Z;608;608.2;83;83
2026-06-08T14:46:23.0000000Z;608;608.4;83;83
2026-06-08T14:46:28.0000000Z;608;608.5;83;83
2026-06-08T14:46:35.0000000Z;608.2;608.5;83;83
2026-06-08T14:46:52.0000000Z;608.2;608.7;83;83
2026-06-08T14:47:01.0000000Z;608.4;608.7;83;83
2026-06-08T14:47:31.0000000Z;608.4;608.7;83;83
2026-06-08T14:47:54.0000000Z;608.4;608.8;83;83
2026-06-08T14:48:03.0000000Z;608.4;608.7;83;83
2026-06-08T14:48:04.0000000Z;608.2;608.7;83;83
2026-06-08T14:48:07.0000000Z;608.2;608.6;83;83
2026-06-08T14:48:14.0000000Z;608.2;608.7;83;83
2026-06-08T14:48:16.0000000Z;608.2;608.8;83;83
2026-06-08T14:48:32.0000000Z;608.2;608.6;83;83
2026-06-08T14:48:35.0000000Z;608.2;608.7;83;83
2026-06-08T14:48:43.0000000Z;608.2;608.6;83;83
2026-06-08T14:48:49.0000000Z;608.2;608.7;83;83
2026-06-08T14:49:09.0000000Z;608.2;608.8;83;83
2026-06-08T14:49:11.0000000Z;608.4;608.8;83;83
2026-06-08T14:49:25.0000000Z;608.4;608.7;83;83
2026-06-08T14:49:29.0000000Z;608.4;608.8;83;83
2026-06-08T14:49:34.0000000Z;608.4;608.6;83;83
2026-06-08T14:49:35.0000000Z;608.2;608.6;83;83
2026-06-08T14:49:39.0000000Z;608.2;608.8;83;83
2026-06-08T14:49:43.0000000Z;608.2;608.6;83;83
2026-06-08T14:49:47.0000000Z;608.2;608.8;83;83
2026-06-08T14:49:55.0000000Z;608.2;608.6;83;83
2026-06-08T14:49:59.0000000Z;608.1;608.6;83;83
2026-06-08T14:50:01.0000000Z;608;608.5;83;83
2026-06-08T14:50:05.0000000Z;608.2;608.5;83;83
2026-06-08T14:50:07.0000000Z;608.2;608.6;83;83
2026-06-08T14:50:21.0000000Z;608;608.6;83;83
2026-06-08T14:50:25.0000000Z;608;608.4;83;83
2026-06-08T14:50:27.0000000Z;608;608.5;83;83
2026-06-08T14:50:30.0000000Z;608;608.4;83;83
2026-06-08T14:50:32.0000000Z;607.9;608.4;83;83
2026-06-08T14:50:46.0000000Z;608;608.4;83;83
2026-06-08T14:50:56.0000000Z;608;608.5;83;83
2026-06-08T14:51:27.0000000Z;608;608.5;83;83
2026-06-08T14:51:33.0000000Z;608.2;608.5;83;83
2026-06-08T14:51:36.0000000Z;608.2;608.6;83;83
2026-06-08T14:52:06.0000000Z;608.2;608.6;83;83
2026-06-08T14:52:18.0000000Z;608.4;608.6;83;83
2026-06-08T14:52:20.0000000Z;608.4;608.7;83;83
2026-06-08T14:52:28.0000000Z;608.4;608.8;83;83
2026-06-08T14:52:58.0000000Z;608.4;608.8;83;83
2026-06-08T14:53:00.0000000Z;608.4;608.9;83;83
2026-06-08T14:53:01.0000000Z;608.4;608.8;83;83
2026-06-08T14:53:03.0000000Z;608.4;608.6;83;83
2026-06-08T14:53:04.0000000Z;608.2;608.6;83;83
2026-06-08T14:53:06.0000000Z;608.2;608.7;83;83
2026-06-08T14:53:15.0000000Z;608.2;608.6;83;83
2026-06-08T14:53:45.0000000Z;608.2;608.6;83;83
2026-06-08T14:54:04.0000000Z;608.2;608.7;83;83
2026-06-08T14:54:16.0000000Z;608.2;608.6;83;83
2026-06-08T14:54:47.0000000Z;608.2;608.6;83;83
2026-06-08T14:55:13.0000000Z;608;608.6;83;83
2026-06-08T14:55:16.0000000Z;608.2;608.6;83;83
2026-06-08T14:55:18.0000000Z;608;608.5;83;83
2026-06-08T14:55:20.0000000Z;608.2;608.5;83;83
2026-06-08T14:55:21.0000000Z;608;608.5;83;83
2026-06-08T14:55:40.0000000Z;608.2;608.5;83;83
2026-06-08T14:55:43.0000000Z;608.2;608.6;83;83
2026-06-08T14:56:11.0000000Z;608.2;608.5;83;83
2026-06-08T14:56:13.0000000Z;608;608.5;83;83
2026-06-08T14:56:23.0000000Z;608;608.4;83;83
2026-06-08T14:56:25.0000000Z;607.9;608.4;83;83
2026-06-08T14:56:30.0000000Z;608;608.4;83;83
2026-06-08T14:56:33.0000000Z;608;608.5;83;83
2026-06-08T14:56:47.0000000Z;608.2;608.5;83;83
2026-06-08T14:56:51.0000000Z;608.2;608.6;83;83
2026-06-08T14:57:19.0000000Z;608.2;608.7;83;83
2026-06-08T14:57:32.0000000Z;608.4;608.7;83;83
2026-06-08T14:57:50.0000000Z;608.6;608.7;83;83
2026-06-08T14:57:51.0000000Z;608.6;608.9;83;83
2026-06-08T14:58:22.0000000Z;608.6;608.9;83;83
2026-06-08T14:58:52.0000000Z;608.6;608.9;83;83
2026-06-08T14:58:56.0000000Z;608.6;609.1;83;83
2026-06-08T14:59:17.0000000Z;608.6;608.9;83;83
2026-06-08T14:59:30.0000000Z;608.6;609.1;83;83
2026-06-08T14:59:43.0000000Z;608.8;609.1;83;83
