2026-06-08T08:00:05.0000000Z;17.112;17.146;1465;1465
2026-06-08T08:00:11.0000000Z;17.114;17.146;1465;1465
2026-06-08T08:00:42.0000000Z;17.114;17.146;1465;1465
2026-06-08T08:01:01.0000000Z;17.114;17.138;1465;1465
2026-06-08T08:01:03.0000000Z;17.104;17.138;1465;1465
2026-06-08T08:01:34.0000000Z;17.104;17.138;1465;1465
2026-06-08T08:02:04.0000000Z;17.104;17.138;1465;1465
2026-06-08T08:02:35.0000000Z;17.104;17.138;1465;1465
2026-06-08T08:03:05.0000000Z;17.104;17.138;1465;1465
2026-06-08T08:03:36.0000000Z;17.104;17.138;1465;1465
2026-06-08T08:04:06.0000000Z;17.104;17.138;1465;1465
2026-06-08T08:04:37.0000000Z;17.104;17.138;1465;1465
2026-06-08T08:05:07.0000000Z;17.104;17.138;1465;1465
2026-06-08T08:05:38.0000000Z;17.104;17.138;1465;1465
2026-06-08T08:06:08.0000000Z;17.104;17.138;1465;1465
2026-06-08T08:06:30.0000000Z;17.114;17.138;1465;1465
2026-06-08T08:06:33.0000000Z;17.114;17.146;1465;1465
2026-06-08T08:07:03.0000000Z;17.114;17.146;1465;1465
2026-06-08T08:07:34.0000000Z;17.114;17.146;1465;1465
2026-06-08T08:08:04.0000000Z;17.114;17.146;1465;1465
2026-06-08T08:08:05.0000000Z;17.114;17.138;1465;1465
2026-06-08T08:08:07.0000000Z;17.104;17.138;1465;1465
2026-06-08T08:08:38.0000000Z;17.104;17.138;1465;1465
2026-06-08T08:08:42.0000000Z;17.114;17.138;1465;1465
2026-06-08T08:08:43.0000000Z;17.114;17.146;1465;1465
2026-06-08T08:08:56.0000000Z;17.114;17.138;1465;1465
2026-06-08T08:08:57.0000000Z;17.104;17.138;1465;1465
2026-06-08T08:09:28.0000000Z;17.104;17.138;1465;1465
2026-06-08T08:09:58.0000000Z;17.104;17.138;1465;1465
2026-06-08T08:10:09.0000000Z;17.104;17.14;1465;1465
2026-06-08T08:10:29.0000000Z;17.104;17.128;1465;1465
2026-06-08T08:10:30.0000000Z;17.094;17.128;1465;1465
2026-06-08T08:11:00.0000000Z;17.094;17.128;1465;1465
2026-06-08T08:11:30.0000000Z;17.094;17.128;1465;1465
2026-06-08T08:11:46.0000000Z;17.102;17.128;1465;1465
2026-06-08T08:11:48.0000000Z;17.104;17.138;1465;1465
2026-06-08T08:12:19.0000000Z;17.104;17.138;1465;1465
2026-06-08T08:12:50.0000000Z;17.104;17.138;1465;1465
2026-06-08T08:13:21.0000000Z;17.104;17.138;1465;1465
2026-06-08T08:13:51.0000000Z;17.104;17.138;1465;1465
2026-06-08T08:14:07.0000000Z;17.114;17.138;1465;1465
2026-06-08T08:14:09.0000000Z;17.114;17.146;1465;1465
2026-06-08T08:14:39.0000000Z;17.114;17.146;1465;1465
2026-06-08T08:14:47.0000000Z;17.114;17.138;1465;1465
2026-06-08T08:14:49.0000000Z;17.104;17.138;1465;1465
2026-06-08T08:15:20.0000000Z;17.104;17.138;1465;1465
2026-06-08T08:15:50.0000000Z;17.104;17.138;1465;1465
2026-06-08T08:16:21.0000000Z;17.104;17.138;1465;1465
2026-06-08T08:16:51.0000000Z;17.104;17.138;1465;1465
2026-06-08T08:17:22.0000000Z;17.104;17.138;1465;1465
2026-06-08T08:17:52.0000000Z;17.104;17.138;1465;1465
2026-06-08T08:18:23.0000000Z;17.104;17.138;1465;1465
2026-06-08T08:18:52.0000000Z;17.114;17.138;1465;1465
2026-06-08T08:18:54.0000000Z;17.114;17.146;1465;1465
2026-06-08T08:19:25.0000000Z;17.114;17.146;1465;1465
2026-06-08T08:19:55.0000000Z;17.114;17.146;1465;1465
2026-06-08T08:20:26.0000000Z;17.114;17.146;1465;1465
2026-06-08T08:20:36.0000000Z;17.114;17.14;1465;1465
2026-06-08T08:20:38.0000000Z;17.104;17.14;1465;1465
2026-06-08T08:21:08.0000000Z;17.104;17.14;1465;1465
2026-06-08T08:21:39.0000000Z;17.104;17.14;1465;1465
2026-06-08T08:22:09.0000000Z;17.104;17.14;1465;1465
2026-06-08T08:22:40.0000000Z;17.104;17.14;1465;1465
2026-06-08T08:23:02.0000000Z;17.104;17.138;1465;1465
2026-06-08T08:23:04.0000000Z;17.104;17.13;1465;1465
2026-06-08T08:23:05.0000000Z;17.094;17.13;1465;1465
2026-06-08T08:23:35.0000000Z;17.094;17.13;1465;1465
2026-06-08T08:23:48.0000000Z;17.104;17.13;1465;1465
2026-06-08T08:23:51.0000000Z;17.104;17.136;1465;1465
2026-06-08T08:24:22.0000000Z;17.104;17.136;1465;1465
2026-06-08T08:24:52.0000000Z;17.104;17.136;1465;1465
2026-06-08T08:25:23.0000000Z;17.104;17.136;1465;1465
2026-06-08T08:25:53.0000000Z;17.104;17.136;1465;1465
2026-06-08T08:26:24.0000000Z;17.104;17.136;1465;1465
2026-06-08T08:26:54.0000000Z;17.104;17.136;1465;1465
2026-06-08T08:27:25.0000000Z;17.104;17.136;1465;1465
2026-06-08T08:27:55.0000000Z;17.104;17.136;1465;1465
2026-06-08T08:28:26.0000000Z;17.104;17.136;1465;1465
2026-06-08T08:28:56.0000000Z;17.104;17.136;1465;1465
2026-06-08T08:29:27.0000000Z;17.104;17.136;1465;1465
2026-06-08T08:29:57.0000000Z;17.104;17.136;1465;1465
2026-06-08T08:29:58.0000000Z;17.112;17.136;1465;1465
2026-06-08T08:30:00.0000000Z;17.112;17.146;1465;1465
2026-06-08T08:30:29.0000000Z;17.112;17.146;1465;1465
2026-06-08T08:30:59.0000000Z;17.112;17.146;1465;1465
2026-06-08T08:31:30.0000000Z;17.112;17.146;1465;1465
2026-06-08T08:32:01.0000000Z;17.112;17.146;1465;1465
2026-06-08T08:32:05.0000000Z;17.114;17.146;1465;1465
2026-06-08T08:32:35.0000000Z;17.114;17.146;1465;1465
2026-06-08T08:33:06.0000000Z;17.114;17.146;1465;1465
2026-06-08T08:33:36.0000000Z;17.114;17.146;1465;1465
2026-06-08T08:34:07.0000000Z;17.114;17.146;1465;1465
2026-06-08T08:34:37.0000000Z;17.114;17.146;1465;1465
2026-06-08T08:35:08.0000000Z;17.114;17.146;1465;1465
2026-06-08T08:35:38.0000000Z;17.114;17.14;1465;1465
2026-06-08T08:35:41.0000000Z;17.104;17.14;1465;1465
2026-06-08T08:36:12.0000000Z;17.104;17.14;1465;1465
2026-06-08T08:36:43.0000000Z;17.104;17.14;1465;1465
2026-06-08T08:37:13.0000000Z;17.104;17.14;1465;1465
2026-06-08T08:37:44.0000000Z;17.104;17.14;1465;1465
2026-06-08T08:38:14.0000000Z;17.104;17.14;1465;1465
2026-06-08T08:38:45.0000000Z;17.104;17.14;1465;1465
2026-06-08T08:39:15.0000000Z;17.104;17.14;1465;1465
2026-06-08T08:39:46.0000000Z;17.104;17.14;1465;1465
2026-06-08T08:40:16.0000000Z;17.104;17.14;1465;1465
2026-06-08T08:40:47.0000000Z;17.104;17.14;1465;1465
2026-06-08T08:40:52.0000000Z;17.104;17.138;1465;1465
2026-06-08T08:41:22.0000000Z;17.104;17.138;1465;1465
2026-06-08T08:41:27.0000000Z;17.104;17.128;1465;1465
2026-06-08T08:41:29.0000000Z;17.094;17.128;1465;1465
2026-06-08T08:41:51.0000000Z;17.104;17.128;1465;1465
2026-06-08T08:41:53.0000000Z;17.104;17.138;1465;1465
2026-06-08T08:42:04.0000000Z;17.104;17.136;1465;1465
2026-06-08T08:42:34.0000000Z;17.104;17.136;1465;1465
2026-06-08T08:43:05.0000000Z;17.104;17.136;1465;1465
2026-06-08T08:43:36.0000000Z;17.104;17.136;1465;1465
2026-06-08T08:44:06.0000000Z;17.104;17.136;1465;1465
2026-06-08T08:44:37.0000000Z;17.104;17.136;1465;1465
2026-06-08T08:45:07.0000000Z;17.104;17.136;1465;1465
2026-06-08T08:45:38.0000000Z;17.104;17.136;1465;1465
2026-06-08T08:46:08.0000000Z;17.104;17.136;1465;1465
2026-06-08T08:46:39.0000000Z;17.104;17.136;1465;1465
2026-06-08T08:47:09.0000000Z;17.104;17.136;1465;1465
2026-06-08T08:47:40.0000000Z;17.104;17.136;1465;1465
2026-06-08T08:48:10.0000000Z;17.104;17.136;1465;1465
2026-06-08T08:48:41.0000000Z;17.104;17.136;1465;1465
2026-06-08T08:49:04.0000000Z;17.114;17.136;1465;1465
2026-06-08T08:49:06.0000000Z;17.112;17.136;1465;1465
2026-06-08T08:49:07.0000000Z;17.114;17.146;1465;1465
2026-06-08T08:49:37.0000000Z;17.114;17.146;1465;1465
2026-06-08T08:50:07.0000000Z;17.114;17.146;1465;1465
2026-06-08T08:50:38.0000000Z;17.114;17.146;1465;1465
2026-06-08T08:51:05.0000000Z;17.112;17.146;1465;1465
2026-06-08T08:51:07.0000000Z;17.114;17.146;1465;1465
2026-06-08T08:51:38.0000000Z;17.114;17.146;1465;1465
2026-06-08T08:52:08.0000000Z;17.114;17.146;1465;1465
2026-06-08T08:52:21.0000000Z;17.112;17.146;1465;1465
2026-06-08T08:52:24.0000000Z;17.114;17.146;1465;1465
2026-06-08T08:52:55.0000000Z;17.114;17.146;1465;1465
2026-06-08T08:53:09.0000000Z;17.13;17.146;1465;1465
2026-06-08T08:53:40.0000000Z;17.13;17.146;1465;1465
2026-06-08T08:54:11.0000000Z;17.13;17.146;1465;1465
2026-06-08T08:54:41.0000000Z;17.13;17.146;1465;1465
2026-06-08T08:55:04.0000000Z;17.13;17.156;1465;1465
2026-06-08T08:55:34.0000000Z;17.13;17.156;1465;1465
2026-06-08T08:55:40.0000000Z;17.13;17.148;1465;1465
2026-06-08T08:56:11.0000000Z;17.13;17.148;1465;1465
2026-06-08T08:56:41.0000000Z;17.13;17.148;1465;1465
2026-06-08T08:56:46.0000000Z;17.13;17.156;1465;1465
2026-06-08T08:57:17.0000000Z;17.13;17.156;1465;1465
2026-06-08T08:57:47.0000000Z;17.13;17.156;1465;1465
2026-06-08T08:58:18.0000000Z;17.13;17.156;1465;1465
2026-06-08T08:58:32.0000000Z;17.132;17.156;1465;1465
2026-06-08T08:58:34.0000000Z;17.132;17.166;1465;1465
2026-06-08T08:59:05.0000000Z;17.132;17.166;1465;1465
2026-06-08T08:59:35.0000000Z;17.132;17.166;1465;1465
2026-06-08T09:00:06.0000000Z;17.132;17.166;1465;1465
2026-06-08T09:00:14.0000000Z;17.134;17.166;1465;1465
2026-06-08T09:00:16.0000000Z;17.134;17.166;1465;1465
2026-06-08T09:00:18.0000000Z;17.132;17.166;1465;1465
2026-06-08T09:00:32.0000000Z;17.134;17.166;1465;1465
2026-06-08T09:01:02.0000000Z;17.134;17.166;1465;1465
2026-06-08T09:01:32.0000000Z;17.134;17.166;1465;1465
2026-06-08T09:01:43.0000000Z;17.132;17.166;1465;1465
2026-06-08T09:02:11.0000000Z;17.132;17.166;1465;1465
2026-06-08T09:02:42.0000000Z;17.132;17.166;1465;1465
2026-06-08T09:03:12.0000000Z;17.132;17.166;1465;1465
2026-06-08T09:03:43.0000000Z;17.132;17.166;1465;1465
2026-06-08T09:04:13.0000000Z;17.132;17.166;1465;1465
2026-06-08T09:04:44.0000000Z;17.132;17.166;1465;1465
2026-06-08T09:05:14.0000000Z;17.132;17.166;1465;1465
2026-06-08T09:05:45.0000000Z;17.132;17.166;1465;1465
2026-06-08T09:06:15.0000000Z;17.132;17.166;1465;1465
2026-06-08T09:06:29.0000000Z;17.132;17.158;1465;1465
2026-06-08T09:06:31.0000000Z;17.13;17.158;1465;1465
2026-06-08T09:07:02.0000000Z;17.13;17.158;1465;1465
2026-06-08T09:07:33.0000000Z;17.13;17.158;1465;1465
2026-06-08T09:08:03.0000000Z;17.13;17.158;1465;1465
2026-06-08T09:08:34.0000000Z;17.13;17.158;1465;1465
2026-06-08T09:09:04.0000000Z;17.13;17.158;1465;1465
2026-06-08T09:09:35.0000000Z;17.13;17.158;1465;1465
2026-06-08T09:10:06.0000000Z;17.13;17.158;1465;1465
2026-06-08T09:10:36.0000000Z;17.13;17.158;1465;1465
2026-06-08T09:11:07.0000000Z;17.13;17.158;1465;1465
2026-06-08T09:11:37.0000000Z;17.13;17.158;1465;1465
2026-06-08T09:12:08.0000000Z;17.13;17.158;1465;1465
2026-06-08T09:12:38.0000000Z;17.13;17.158;1465;1465
2026-06-08T09:13:09.0000000Z;17.13;17.158;1465;1465
2026-06-08T09:13:24.0000000Z;17.132;17.158;1465;1465
2026-06-08T09:13:27.0000000Z;17.132;17.166;1465;1465
2026-06-08T09:13:57.0000000Z;17.132;17.166;1465;1465
2026-06-08T09:14:27.0000000Z;17.132;17.166;1465;1465
2026-06-08T09:14:58.0000000Z;17.132;17.166;1465;1465
2026-06-08T09:15:29.0000000Z;17.132;17.166;1465;1465
2026-06-08T09:15:59.0000000Z;17.132;17.166;1465;1465
2026-06-08T09:16:30.0000000Z;17.132;17.166;1465;1465
2026-06-08T09:17:00.0000000Z;17.132;17.166;1465;1465
2026-06-08T09:17:01.0000000Z;17.142;17.166;1465;1465
2026-06-08T09:17:03.0000000Z;17.142;17.176;1465;1465
2026-06-08T09:17:34.0000000Z;17.142;17.176;1465;1465
2026-06-08T09:18:04.0000000Z;17.142;17.176;1465;1465
2026-06-08T09:18:35.0000000Z;17.142;17.176;1465;1465
2026-06-08T09:19:05.0000000Z;17.142;17.176;1465;1465
2026-06-08T09:19:36.0000000Z;17.142;17.176;1465;1465
2026-06-08T09:20:07.0000000Z;17.142;17.176;1465;1465
2026-06-08T09:20:37.0000000Z;17.142;17.176;1465;1465
2026-06-08T09:21:08.0000000Z;17.142;17.176;1465;1465
2026-06-08T09:21:38.0000000Z;17.142;17.176;1465;1465
2026-06-08T09:22:09.0000000Z;17.142;17.176;1465;1465
2026-06-08T09:22:39.0000000Z;17.142;17.176;1465;1465
2026-06-08T09:23:10.0000000Z;17.142;17.176;1465;1465
2026-06-08T09:23:40.0000000Z;17.142;17.176;1465;1465
2026-06-08T09:24:11.0000000Z;17.142;17.176;1465;1465
2026-06-08T09:24:41.0000000Z;17.142;17.176;1465;1465
2026-06-08T09:25:12.0000000Z;17.142;17.176;1465;1465
2026-06-08T09:25:43.0000000Z;17.142;17.176;1465;1465
2026-06-08T09:26:13.0000000Z;17.142;17.176;1465;1465
2026-06-08T09:26:44.0000000Z;17.142;17.176;1465;1465
2026-06-08T09:27:14.0000000Z;17.142;17.176;1465;1465
2026-06-08T09:27:45.0000000Z;17.142;17.176;1465;1465
2026-06-08T09:28:16.0000000Z;17.142;17.176;1465;1465
2026-06-08T09:28:46.0000000Z;17.142;17.176;1465;1465
2026-06-08T09:29:17.0000000Z;17.142;17.176;1465;1465
2026-06-08T09:29:47.0000000Z;17.142;17.176;1465;1465
2026-06-08T09:30:18.0000000Z;17.142;17.176;1465;1465
2026-06-08T09:30:48.0000000Z;17.142;17.176;1465;1465
2026-06-08T09:31:19.0000000Z;17.142;17.176;1465;1465
2026-06-08T09:31:49.0000000Z;17.142;17.176;1465;1465
2026-06-08T09:32:20.0000000Z;17.142;17.176;1465;1465
2026-06-08T09:32:51.0000000Z;17.142;17.176;1465;1465
2026-06-08T09:33:21.0000000Z;17.142;17.176;1465;1465
2026-06-08T09:33:52.0000000Z;17.142;17.176;1465;1465
2026-06-08T09:34:22.0000000Z;17.142;17.176;1465;1465
2026-06-08T09:34:53.0000000Z;17.142;17.176;1465;1465
2026-06-08T09:35:24.0000000Z;17.142;17.176;1465;1465
2026-06-08T09:35:32.0000000Z;17.142;17.168;1465;1465
2026-06-08T09:35:34.0000000Z;17.134;17.168;1465;1465
2026-06-08T09:36:04.0000000Z;17.134;17.168;1465;1465
2026-06-08T09:36:35.0000000Z;17.134;17.168;1465;1465
2026-06-08T09:36:39.0000000Z;17.142;17.168;1465;1465
2026-06-08T09:36:40.0000000Z;17.142;17.176;1465;1465
2026-06-08T09:36:48.0000000Z;17.156;17.176;1465;1465
2026-06-08T09:36:50.0000000Z;17.156;17.192;1465;1465
2026-06-08T09:36:53.0000000Z;17.156;17.184;1465;1465
2026-06-08T09:36:56.0000000Z;17.146;17.184;1465;1465
2026-06-08T09:36:58.0000000Z;17.156;17.184;1465;1465
2026-06-08T09:37:00.0000000Z;17.156;17.192;1465;1465
2026-06-08T09:37:04.0000000Z;17.158;17.192;1465;1465
2026-06-08T09:37:12.0000000Z;17.158;17.19;1465;1465
2026-06-08T09:37:13.0000000Z;17.118;17.19;1465;1465
2026-06-08T09:37:15.0000000Z;17.154;17.186;1465;1465
2026-06-08T09:37:43.0000000Z;17.154;17.18;1465;1465
2026-06-08T09:37:47.0000000Z;17.144;17.18;1465;1465
2026-06-08T09:38:15.0000000Z;17.144;17.18;1465;1465
2026-06-08T09:38:17.0000000Z;17.144;17.178;1465;1465
2026-06-08T09:38:48.0000000Z;17.144;17.178;1465;1465
2026-06-08T09:39:13.0000000Z;17.152;17.178;1465;1465
2026-06-08T09:39:15.0000000Z;17.152;17.186;1465;1465
2026-06-08T09:39:18.0000000Z;17.154;17.186;1465;1465
2026-06-08T09:39:48.0000000Z;17.154;17.186;1465;1465
2026-06-08T09:40:18.0000000Z;17.154;17.186;1465;1465
2026-06-08T09:40:49.0000000Z;17.154;17.186;1465;1465
2026-06-08T09:41:19.0000000Z;17.154;17.186;1465;1465
2026-06-08T09:41:50.0000000Z;17.154;17.186;1465;1465
2026-06-08T09:42:20.0000000Z;17.154;17.186;1465;1465
2026-06-08T09:42:51.0000000Z;17.154;17.186;1465;1465
2026-06-08T09:42:53.0000000Z;17.162;17.186;1465;1465
2026-06-08T09:42:57.0000000Z;17.162;17.196;1465;1465
2026-06-08T09:43:24.0000000Z;17.162;17.196;1465;1465
2026-06-08T09:43:45.0000000Z;17.172;17.196;1465;1465
2026-06-08T09:43:46.0000000Z;17.172;17.206;1465;1465
2026-06-08T09:44:16.0000000Z;17.172;17.206;1465;1465
2026-06-08T09:44:47.0000000Z;17.172;17.206;1465;1465
2026-06-08T09:45:18.0000000Z;17.172;17.206;1465;1465
2026-06-08T09:45:48.0000000Z;17.172;17.206;1465;1465
2026-06-08T09:46:19.0000000Z;17.172;17.206;1465;1465
2026-06-08T09:46:49.0000000Z;17.172;17.206;1465;1465
2026-06-08T09:47:20.0000000Z;17.172;17.206;1465;1465
2026-06-08T09:47:50.0000000Z;17.172;17.206;1465;1465
2026-06-08T09:48:21.0000000Z;17.172;17.206;1465;1465
2026-06-08T09:48:51.0000000Z;17.172;17.206;1465;1465
2026-06-08T09:48:54.0000000Z;17.174;17.206;1465;1465
2026-06-08T09:49:25.0000000Z;17.174;17.206;1465;1465
2026-06-08T09:49:55.0000000Z;17.174;17.206;1465;1465
2026-06-08T09:50:26.0000000Z;17.174;17.206;1465;1465
2026-06-08T09:50:57.0000000Z;17.174;17.206;1465;1465
2026-06-08T09:51:27.0000000Z;17.174;17.206;1465;1465
2026-06-08T09:51:58.0000000Z;17.174;17.206;1465;1465
2026-06-08T09:52:28.0000000Z;17.174;17.206;1465;1465
2026-06-08T09:52:59.0000000Z;17.174;17.206;1465;1465
2026-06-08T09:53:29.0000000Z;17.174;17.206;1465;1465
2026-06-08T09:54:00.0000000Z;17.174;17.206;1465;1465
2026-06-08T09:54:31.0000000Z;17.174;17.206;1465;1465
2026-06-08T09:55:01.0000000Z;17.174;17.206;1465;1465
2026-06-08T09:55:32.0000000Z;17.174;17.206;1465;1465
2026-06-08T09:56:02.0000000Z;17.174;17.206;1465;1465
2026-06-08T09:56:33.0000000Z;17.174;17.206;1465;1465
2026-06-08T09:56:58.0000000Z;17.172;17.206;1465;1465
2026-06-08T09:57:29.0000000Z;17.172;17.206;1465;1465
2026-06-08T09:57:59.0000000Z;17.172;17.206;1465;1465
2026-06-08T09:58:30.0000000Z;17.172;17.206;1465;1465
2026-06-08T09:59:00.0000000Z;17.172;17.206;1465;1465
2026-06-08T09:59:31.0000000Z;17.172;17.206;1465;1465
2026-06-08T09:59:58.0000000Z;17.174;17.206;1465;1465
2026-06-08T10:00:19.0000000Z;17.172;17.206;1465;1465
2026-06-08T10:00:50.0000000Z;17.172;17.206;1465;1465
2026-06-08T10:01:20.0000000Z;17.172;17.206;1465;1465
2026-06-08T10:01:33.0000000Z;17.172;17.196;1465;1465
2026-06-08T10:01:34.0000000Z;17.164;17.196;1465;1465
2026-06-08T10:02:03.0000000Z;17.164;17.188;1465;1465
2026-06-08T10:02:08.0000000Z;17.154;17.18;1465;1465
2026-06-08T10:02:13.0000000Z;17.146;17.178;1465;1465
2026-06-08T10:02:18.0000000Z;17.144;17.178;1465;1465
2026-06-08T10:02:26.0000000Z;17.146;17.178;1465;1465
2026-06-08T10:02:41.0000000Z;17.154;17.178;1465;1465
2026-06-08T10:02:42.0000000Z;17.154;17.188;1465;1465
2026-06-08T10:03:13.0000000Z;17.154;17.188;1465;1465
2026-06-08T10:03:44.0000000Z;17.154;17.188;1465;1465
2026-06-08T10:04:14.0000000Z;17.154;17.188;1465;1465
2026-06-08T10:04:45.0000000Z;17.154;17.188;1465;1465
2026-06-08T10:05:15.0000000Z;17.154;17.188;1465;1465
2026-06-08T10:05:21.0000000Z;17.164;17.188;1465;1465
2026-06-08T10:05:23.0000000Z;17.164;17.198;1465;1465
2026-06-08T10:05:54.0000000Z;17.164;17.198;1465;1465
2026-06-08T10:06:24.0000000Z;17.164;17.198;1465;1465
2026-06-08T10:06:55.0000000Z;17.164;17.198;1465;1465
2026-06-08T10:07:25.0000000Z;17.164;17.198;1465;1465
2026-06-08T10:07:56.0000000Z;17.164;17.198;1465;1465
2026-06-08T10:08:01.0000000Z;17.166;17.198;1465;1465
2026-06-08T10:08:32.0000000Z;17.166;17.198;1465;1465
2026-06-08T10:09:02.0000000Z;17.166;17.198;1465;1465
2026-06-08T10:09:15.0000000Z;17.174;17.198;1465;1465
2026-06-08T10:09:16.0000000Z;17.174;17.208;1465;1465
2026-06-08T10:09:47.0000000Z;17.174;17.208;1465;1465
2026-06-08T10:09:52.0000000Z;17.174;17.2;1465;1465
2026-06-08T10:09:54.0000000Z;17.166;17.2;1465;1465
2026-06-08T10:10:24.0000000Z;17.166;17.2;1465;1465
2026-06-08T10:10:55.0000000Z;17.166;17.2;1465;1465
2026-06-08T10:11:26.0000000Z;17.166;17.2;1465;1465
2026-06-08T10:11:56.0000000Z;17.166;17.2;1465;1465
2026-06-08T10:12:27.0000000Z;17.166;17.2;1465;1465
2026-06-08T10:12:57.0000000Z;17.166;17.2;1465;1465
2026-06-08T10:13:28.0000000Z;17.166;17.2;1465;1465
2026-06-08T10:13:59.0000000Z;17.166;17.2;1465;1465
2026-06-08T10:14:29.0000000Z;17.166;17.2;1465;1465
2026-06-08T10:14:59.0000000Z;17.166;17.2;1465;1465
2026-06-08T10:15:30.0000000Z;17.166;17.2;1465;1465
2026-06-08T10:16:01.0000000Z;17.166;17.2;1465;1465
2026-06-08T10:16:31.0000000Z;17.166;17.2;1465;1465
2026-06-08T10:16:50.0000000Z;17.166;17.192;1465;1465
2026-06-08T10:16:52.0000000Z;17.156;17.192;1465;1465
2026-06-08T10:17:22.0000000Z;17.156;17.192;1465;1465
2026-06-08T10:17:37.0000000Z;17.156;17.19;1465;1465
2026-06-08T10:18:08.0000000Z;17.156;17.19;1465;1465
2026-06-08T10:18:38.0000000Z;17.156;17.19;1465;1465
2026-06-08T10:19:09.0000000Z;17.156;17.19;1465;1465
2026-06-08T10:19:35.0000000Z;17.156;17.18;1465;1465
2026-06-08T10:19:36.0000000Z;17.146;17.18;1465;1465
2026-06-08T10:20:07.0000000Z;17.146;17.18;1465;1465
2026-06-08T10:20:37.0000000Z;17.146;17.18;1465;1465
2026-06-08T10:21:08.0000000Z;17.146;17.18;1465;1465
2026-06-08T10:21:38.0000000Z;17.146;17.18;1465;1465
2026-06-08T10:22:09.0000000Z;17.146;17.18;1465;1465
2026-06-08T10:22:40.0000000Z;17.146;17.18;1465;1465
2026-06-08T10:22:52.0000000Z;17.146;17.172;1465;1465
2026-06-08T10:22:53.0000000Z;17.14;17.172;1465;1465
2026-06-08T10:23:23.0000000Z;17.14;17.172;1465;1465
2026-06-08T10:23:54.0000000Z;17.14;17.172;1465;1465
2026-06-08T10:24:24.0000000Z;17.14;17.172;1465;1465
2026-06-08T10:24:55.0000000Z;17.14;17.172;1465;1465
2026-06-08T10:25:13.0000000Z;17.148;17.172;1465;1465
2026-06-08T10:25:15.0000000Z;17.148;17.182;1465;1465
2026-06-08T10:25:46.0000000Z;17.148;17.182;1465;1465
2026-06-08T10:26:16.0000000Z;17.148;17.182;1465;1465
2026-06-08T10:26:47.0000000Z;17.148;17.182;1465;1465
2026-06-08T10:27:17.0000000Z;17.148;17.182;1465;1465
2026-06-08T10:27:48.0000000Z;17.148;17.182;1465;1465
2026-06-08T10:28:19.0000000Z;17.148;17.182;1465;1465
2026-06-08T10:28:49.0000000Z;17.148;17.182;1465;1465
2026-06-08T10:29:20.0000000Z;17.148;17.182;1465;1465
2026-06-08T10:29:21.0000000Z;17.158;17.182;1465;1465
2026-06-08T10:29:22.0000000Z;17.158;17.192;1465;1465
2026-06-08T10:29:53.0000000Z;17.158;17.192;1465;1465
2026-06-08T10:30:24.0000000Z;17.158;17.192;1465;1465
2026-06-08T10:30:54.0000000Z;17.158;17.192;1465;1465
2026-06-08T10:31:25.0000000Z;17.158;17.192;1465;1465
2026-06-08T10:31:56.0000000Z;17.158;17.192;1465;1465
2026-06-08T10:32:26.0000000Z;17.158;17.192;1465;1465
2026-06-08T10:32:57.0000000Z;17.158;17.192;1465;1465
2026-06-08T10:33:27.0000000Z;17.158;17.192;1465;1465
2026-06-08T10:33:58.0000000Z;17.158;17.192;1465;1465
2026-06-08T10:34:12.0000000Z;17.144;17.192;1465;1465
2026-06-08T10:34:17.0000000Z;17.188;17.192;1465;1465
2026-06-08T10:34:18.0000000Z;17.188;17.224;1465;1465
2026-06-08T10:34:21.0000000Z;17.188;17.216;1465;1465
2026-06-08T10:34:22.0000000Z;17.18;17.216;1465;1465
2026-06-08T10:34:28.0000000Z;17.188;17.216;1465;1465
2026-06-08T10:34:36.0000000Z;17.168;17.23;1465;1465
2026-06-08T10:34:44.0000000Z;17.14;17.23;1465;1465
2026-06-08T10:34:46.0000000Z;17.142;17.23;1465;1465
2026-06-08T10:34:52.0000000Z;17.14;17.23;1465;1465
2026-06-08T10:35:04.0000000Z;17.14;17.224;1465;1465
2026-06-08T10:35:07.0000000Z;17.14;17.22;1465;1465
2026-06-08T10:35:08.0000000Z;17.128;17.22;1465;1465
2026-06-08T10:35:13.0000000Z;17.13;17.22;1465;1465
2026-06-08T10:35:15.0000000Z;17.146;17.22;1465;1465
2026-06-08T10:35:17.0000000Z;17.152;17.22;1465;1465
2026-06-08T10:35:20.0000000Z;17.15;17.22;1465;1465
2026-06-08T10:35:28.0000000Z;17.154;17.22;1465;1465
2026-06-08T10:35:38.0000000Z;17.158;17.22;1465;1465
2026-06-08T10:35:40.0000000Z;17.158;17.22;1465;1465
2026-06-08T10:35:42.0000000Z;17.16;17.22;1465;1465
2026-06-08T10:35:44.0000000Z;17.158;17.216;1465;1465
2026-06-08T10:35:45.0000000Z;17.16;17.216;1465;1465
2026-06-08T10:35:47.0000000Z;17.158;17.214;1465;1465
2026-06-08T10:35:49.0000000Z;17.156;17.214;1465;1465
2026-06-08T10:35:53.0000000Z;17.156;17.218;1465;1465
2026-06-08T10:36:05.0000000Z;17.128;17.218;1465;1465
2026-06-08T10:36:12.0000000Z;17.154;17.218;1465;1465
2026-06-08T10:36:16.0000000Z;17.158;17.214;1465;1465
2026-06-08T10:36:18.0000000Z;17.158;17.218;1465;1465
2026-06-08T10:36:19.0000000Z;17.158;17.214;1465;1465
2026-06-08T10:36:21.0000000Z;17.158;17.218;1465;1465
2026-06-08T10:36:23.0000000Z;17.156;17.218;1465;1465
2026-06-08T10:36:30.0000000Z;17.16;17.218;1465;1465
2026-06-08T10:36:44.0000000Z;17.16;17.216;1465;1465
2026-06-08T10:36:46.0000000Z;17.16;17.218;1465;1465
2026-06-08T10:36:47.0000000Z;17.16;17.216;1465;1465
2026-06-08T10:36:49.0000000Z;17.164;17.218;1465;1465
2026-06-08T10:36:50.0000000Z;17.162;17.218;1465;1465
2026-06-08T10:37:06.0000000Z;17.164;17.218;1465;1465
2026-06-08T10:37:33.0000000Z;17.162;17.218;1465;1465
2026-06-08T10:37:41.0000000Z;17.16;17.218;1465;1465
2026-06-08T10:38:11.0000000Z;17.16;17.218;1465;1465
2026-06-08T10:38:17.0000000Z;17.158;17.218;1465;1465
2026-06-08T10:38:36.0000000Z;17.162;17.214;1465;1465
2026-06-08T10:38:38.0000000Z;17.162;17.216;1465;1465
2026-06-08T10:38:47.0000000Z;17.162;17.218;1465;1465
2026-06-08T10:39:03.0000000Z;17.166;17.218;1465;1465
2026-06-08T10:39:10.0000000Z;17.164;17.218;1465;1465
2026-06-08T10:39:23.0000000Z;17.162;17.218;1465;1465
2026-06-08T10:39:54.0000000Z;17.162;17.218;1465;1465
2026-06-08T10:40:25.0000000Z;17.162;17.218;1465;1465
2026-06-08T10:40:51.0000000Z;17.16;17.218;1465;1465
2026-06-08T10:40:59.0000000Z;17.164;17.218;1465;1465
2026-06-08T10:41:08.0000000Z;17.162;17.218;1465;1465
2026-06-08T10:41:15.0000000Z;17.16;17.218;1465;1465
2026-06-08T10:41:46.0000000Z;17.162;17.218;1465;1465
2026-06-08T10:42:10.0000000Z;17.16;17.218;1465;1465
2026-06-08T10:42:24.0000000Z;17.162;17.218;1465;1465
2026-06-08T10:42:34.0000000Z;17.16;17.218;1465;1465
2026-06-08T10:42:43.0000000Z;17.16;17.214;1465;1465
2026-06-08T10:42:44.0000000Z;17.16;17.214;1465;1465
2026-06-08T10:42:46.0000000Z;17.16;17.218;1465;1465
2026-06-08T10:42:53.0000000Z;17.164;17.218;1465;1465
2026-06-08T10:43:02.0000000Z;17.162;17.218;1465;1465
2026-06-08T10:43:19.0000000Z;17.164;17.218;1465;1465
2026-06-08T10:43:50.0000000Z;17.164;17.218;1465;1465
2026-06-08T10:44:15.0000000Z;17.162;17.218;1465;1465
2026-06-08T10:44:26.0000000Z;17.162;17.214;1465;1465
2026-06-08T10:44:29.0000000Z;17.16;17.214;1465;1465
2026-06-08T10:44:41.0000000Z;17.158;17.214;1465;1465
2026-06-08T10:44:45.0000000Z;17.158;17.216;1465;1465
2026-06-08T10:45:15.0000000Z;17.158;17.216;1465;1465
2026-06-08T10:45:19.0000000Z;17.158;17.212;1465;1465
2026-06-08T10:45:25.0000000Z;17.162;17.212;1465;1465
2026-06-08T10:45:31.0000000Z;17.16;17.216;1465;1465
2026-06-08T10:45:41.0000000Z;17.158;17.216;1465;1465
2026-06-08T10:45:57.0000000Z;17.156;17.216;1465;1465
2026-06-08T10:46:28.0000000Z;17.156;17.216;1465;1465
2026-06-08T10:46:29.0000000Z;17.156;17.206;1465;1465
2026-06-08T10:46:30.0000000Z;17.156;17.208;1465;1465
2026-06-08T10:46:31.0000000Z;17.156;17.206;1465;1465
2026-06-08T10:46:33.0000000Z;17.156;17.208;1465;1465
2026-06-08T10:46:39.0000000Z;17.154;17.208;1465;1465
2026-06-08T10:46:51.0000000Z;17.154;17.204;1465;1465
2026-06-08T10:46:53.0000000Z;17.152;17.204;1465;1465
2026-06-08T10:46:59.0000000Z;17.152;17.206;1465;1465
2026-06-08T10:47:11.0000000Z;17.126;17.206;1465;1465
2026-06-08T10:47:19.0000000Z;17.146;17.206;1465;1465
2026-06-08T10:47:37.0000000Z;17.15;17.206;1465;1465
2026-06-08T10:47:45.0000000Z;17.148;17.206;1465;1465
2026-06-08T10:48:16.0000000Z;17.148;17.206;1465;1465
2026-06-08T10:48:42.0000000Z;17.148;17.208;1465;1465
2026-06-08T10:49:10.0000000Z;17.152;17.208;1465;1465
2026-06-08T10:49:12.0000000Z;17.15;17.208;1465;1465
2026-06-08T10:49:14.0000000Z;17.152;17.208;1465;1465
2026-06-08T10:49:25.0000000Z;17.15;17.208;1465;1465
2026-06-08T10:49:26.0000000Z;17.148;17.208;1465;1465
2026-06-08T10:49:33.0000000Z;17.152;17.204;1465;1465
2026-06-08T10:49:41.0000000Z;17.152;17.202;1465;1465
2026-06-08T10:49:46.0000000Z;17.152;17.206;1465;1465
2026-06-08T10:50:12.0000000Z;17.15;17.206;1465;1465
2026-06-08T10:50:42.0000000Z;17.15;17.206;1465;1465
2026-06-08T10:51:04.0000000Z;17.126;17.206;1465;1465
2026-06-08T10:51:11.0000000Z;17.146;17.206;1465;1465
2026-06-08T10:51:20.0000000Z;17.148;17.206;1465;1465
2026-06-08T10:51:48.0000000Z;17.152;17.206;1465;1465
2026-06-08T10:52:02.0000000Z;17.15;17.206;1465;1465
2026-06-08T10:52:32.0000000Z;17.15;17.206;1465;1465
2026-06-08T10:52:35.0000000Z;17.154;17.206;1465;1465
2026-06-08T10:52:36.0000000Z;17.152;17.206;1465;1465
2026-06-08T10:53:06.0000000Z;17.152;17.206;1465;1465
2026-06-08T10:53:11.0000000Z;17.152;17.208;1465;1465
2026-06-08T10:53:42.0000000Z;17.152;17.208;1465;1465
2026-06-08T10:53:54.0000000Z;17.154;17.208;1465;1465
2026-06-08T10:54:01.0000000Z;17.132;17.208;1465;1465
2026-06-08T10:54:08.0000000Z;17.152;17.208;1465;1465
2026-06-08T10:54:27.0000000Z;17.15;17.208;1465;1465
2026-06-08T10:54:56.0000000Z;17.15;17.208;1465;1465
2026-06-08T10:55:04.0000000Z;17.144;17.208;1465;1465
2026-06-08T10:55:05.0000000Z;17.148;17.208;1465;1465
2026-06-08T10:55:18.0000000Z;17.146;17.208;1465;1465
2026-06-08T10:55:28.0000000Z;17.148;17.208;1465;1465
2026-06-08T10:55:29.0000000Z;17.146;17.208;1465;1465
2026-06-08T10:55:34.0000000Z;17.144;17.208;1465;1465
2026-06-08T10:56:03.0000000Z;17.148;17.208;1465;1465
2026-06-08T10:56:09.0000000Z;17.146;17.208;1465;1465
2026-06-08T10:56:11.0000000Z;17.144;17.208;1465;1465
2026-06-08T10:56:22.0000000Z;17.126;17.208;1465;1465
2026-06-08T10:56:32.0000000Z;17.142;17.208;1465;1465
2026-06-08T10:57:02.0000000Z;17.142;17.208;1465;1465
2026-06-08T10:57:33.0000000Z;17.142;17.208;1465;1465
2026-06-08T10:58:04.0000000Z;17.142;17.208;1465;1465
2026-06-08T10:58:09.0000000Z;17.146;17.208;1465;1465
2026-06-08T10:58:10.0000000Z;17.144;17.208;1465;1465
2026-06-08T10:58:15.0000000Z;17.148;17.208;1465;1465
2026-06-08T10:58:16.0000000Z;17.146;17.208;1465;1465
2026-06-08T10:58:21.0000000Z;17.15;17.208;1465;1465
2026-06-08T10:58:51.0000000Z;17.15;17.208;1465;1465
2026-06-08T10:59:22.0000000Z;17.15;17.208;1465;1465
2026-06-08T10:59:42.0000000Z;17.154;17.208;1465;1465
2026-06-08T11:00:03.0000000Z;17.132;17.208;1465;1465
2026-06-08T11:00:11.0000000Z;17.134;17.208;1465;1465
2026-06-08T11:00:13.0000000Z;17.148;17.208;1465;1465
2026-06-08T11:00:43.0000000Z;17.148;17.204;1465;1465
2026-06-08T11:00:46.0000000Z;17.146;17.206;1465;1465
2026-06-08T11:01:16.0000000Z;17.146;17.206;1465;1465
2026-06-08T11:01:34.0000000Z;17.142;17.206;1465;1465
2026-06-08T11:01:40.0000000Z;17.142;17.192;1465;1465
2026-06-08T11:01:42.0000000Z;17.138;17.192;1465;1465
2026-06-08T11:02:06.0000000Z;17.138;17.196;1465;1465
2026-06-08T11:02:34.0000000Z;17.142;17.192;1465;1465
2026-06-08T11:02:40.0000000Z;17.14;17.192;1465;1465
2026-06-08T11:02:46.0000000Z;17.14;17.196;1465;1465
2026-06-08T11:03:17.0000000Z;17.14;17.196;1465;1465
2026-06-08T11:03:26.0000000Z;17.144;17.196;1465;1465
2026-06-08T11:03:48.0000000Z;17.144;17.198;1465;1465
2026-06-08T11:03:49.0000000Z;17.162;17.194;1465;1465
2026-06-08T11:04:20.0000000Z;17.162;17.194;1465;1465
2026-06-08T11:04:51.0000000Z;17.162;17.194;1465;1465
2026-06-08T11:05:21.0000000Z;17.162;17.194;1465;1465
2026-06-08T11:05:52.0000000Z;17.162;17.194;1465;1465
2026-06-08T11:06:23.0000000Z;17.162;17.194;1465;1465
2026-06-08T11:06:53.0000000Z;17.162;17.194;1465;1465
2026-06-08T11:07:24.0000000Z;17.162;17.194;1465;1465
2026-06-08T11:07:55.0000000Z;17.162;17.194;1465;1465
2026-06-08T11:08:25.0000000Z;17.162;17.194;1465;1465
2026-06-08T11:08:56.0000000Z;17.162;17.194;1465;1465
2026-06-08T11:09:26.0000000Z;17.162;17.194;1465;1465
2026-06-08T11:09:54.0000000Z;17.17;17.194;1465;1465
2026-06-08T11:09:55.0000000Z;17.17;17.198;1465;1465
2026-06-08T11:10:03.0000000Z;17.17;17.204;1465;1465
2026-06-08T11:10:34.0000000Z;17.17;17.204;1465;1465
2026-06-08T11:10:39.0000000Z;17.18;17.204;1465;1465
2026-06-08T11:10:41.0000000Z;17.18;17.214;1465;1465
2026-06-08T11:10:52.0000000Z;17.162;17.22;1465;1465
2026-06-08T11:11:01.0000000Z;17.18;17.22;1465;1465
2026-06-08T11:11:06.0000000Z;17.162;17.22;1465;1465
2026-06-08T11:11:12.0000000Z;17.18;17.25;1465;1465
2026-06-08T11:11:42.0000000Z;17.18;17.25;1465;1465
2026-06-08T11:12:13.0000000Z;17.18;17.25;1465;1465
2026-06-08T11:12:44.0000000Z;17.18;17.25;1465;1465
2026-06-08T11:13:02.0000000Z;17.202;17.236;1465;1465
2026-06-08T11:13:21.0000000Z;17.204;17.236;1465;1465
2026-06-08T11:13:52.0000000Z;17.204;17.236;1465;1465
2026-06-08T11:14:22.0000000Z;17.204;17.236;1465;1465
2026-06-08T11:14:31.0000000Z;17.212;17.236;1465;1465
2026-06-08T11:14:59.0000000Z;17.222;17.236;1465;1465
2026-06-08T11:15:07.0000000Z;17.234;17.236;1465;1465
2026-06-08T11:15:12.0000000Z;17.224;17.236;1465;1465
2026-06-08T11:15:15.0000000Z;17.204;17.236;1465;1465
2026-06-08T11:15:21.0000000Z;17.208;17.236;1465;1465
2026-06-08T11:15:33.0000000Z;17.208;17.272;1465;1465
2026-06-08T11:15:36.0000000Z;17.22;17.272;1465;1465
2026-06-08T11:15:39.0000000Z;17.214;17.272;1465;1465
2026-06-08T11:15:42.0000000Z;17.218;17.272;1465;1465
2026-06-08T11:15:43.0000000Z;17.216;17.272;1465;1465
2026-06-08T11:15:47.0000000Z;17.214;17.272;1465;1465
2026-06-08T11:15:49.0000000Z;17.212;17.272;1465;1465
2026-06-08T11:15:51.0000000Z;17.208;17.268;1465;1465
2026-06-08T11:15:54.0000000Z;17.208;17.27;1465;1465
2026-06-08T11:15:55.0000000Z;17.208;17.266;1465;1465
2026-06-08T11:15:58.0000000Z;17.212;17.266;1465;1465
2026-06-08T11:16:04.0000000Z;17.208;17.266;1465;1465
2026-06-08T11:16:17.0000000Z;17.208;17.254;1465;1465
2026-06-08T11:16:26.0000000Z;17.208;17.258;1465;1465
2026-06-08T11:16:43.0000000Z;17.2;17.258;1465;1465
2026-06-08T11:17:14.0000000Z;17.2;17.258;1465;1465
2026-06-08T11:17:31.0000000Z;17.198;17.258;1465;1465
2026-06-08T11:17:33.0000000Z;17.198;17.26;1465;1465
2026-06-08T11:18:03.0000000Z;17.198;17.26;1465;1465
2026-06-08T11:18:23.0000000Z;17.2;17.26;1465;1465
2026-06-08T11:18:54.0000000Z;17.2;17.26;1465;1465
2026-06-08T11:19:20.0000000Z;17.178;17.26;1465;1465
2026-06-08T11:19:28.0000000Z;17.198;17.26;1465;1465
2026-06-08T11:19:30.0000000Z;17.198;17.258;1465;1465
2026-06-08T11:19:38.0000000Z;17.198;17.256;1465;1465
2026-06-08T11:19:42.0000000Z;17.202;17.256;1465;1465
2026-06-08T11:19:50.0000000Z;17.206;17.256;1465;1465
2026-06-08T11:19:52.0000000Z;17.206;17.26;1465;1465
2026-06-08T11:20:02.0000000Z;17.206;17.264;1465;1465
2026-06-08T11:20:04.0000000Z;17.206;17.266;1465;1465
2026-06-08T11:20:16.0000000Z;17.206;17.262;1465;1465
2026-06-08T11:20:21.0000000Z;17.206;17.266;1465;1465
2026-06-08T11:20:24.0000000Z;17.204;17.266;1465;1465
2026-06-08T11:20:27.0000000Z;17.204;17.258;1465;1465
2026-06-08T11:20:33.0000000Z;17.204;17.256;1465;1465
2026-06-08T11:20:34.0000000Z;17.2;17.256;1465;1465
2026-06-08T11:20:36.0000000Z;17.2;17.258;1465;1465
2026-06-08T11:20:40.0000000Z;17.2;17.256;1465;1465
2026-06-08T11:20:42.0000000Z;17.2;17.258;1465;1465
2026-06-08T11:21:00.0000000Z;17.2;17.26;1465;1465
2026-06-08T11:21:02.0000000Z;17.204;17.26;1465;1465
2026-06-08T11:21:33.0000000Z;17.204;17.26;1465;1465
2026-06-08T11:21:36.0000000Z;17.206;17.26;1465;1465
2026-06-08T11:21:43.0000000Z;17.21;17.26;1465;1465
2026-06-08T11:22:13.0000000Z;17.21;17.26;1465;1465
2026-06-08T11:22:44.0000000Z;17.21;17.26;1465;1465
2026-06-08T11:22:57.0000000Z;17.206;17.27;1465;1465
2026-06-08T11:23:17.0000000Z;17.188;17.27;1465;1465
2026-06-08T11:23:20.0000000Z;17.204;17.27;1465;1465
2026-06-08T11:23:41.0000000Z;17.202;17.27;1465;1465
2026-06-08T11:24:11.0000000Z;17.202;17.27;1465;1465
2026-06-08T11:24:41.0000000Z;17.204;17.27;1465;1465
2026-06-08T11:24:47.0000000Z;17.202;17.27;1465;1465
2026-06-08T11:25:13.0000000Z;17.202;17.27;1465;1465
2026-06-08T11:25:22.0000000Z;17.202;17.26;1465;1465
2026-06-08T11:25:30.0000000Z;17.204;17.26;1465;1465
2026-06-08T11:25:42.0000000Z;17.202;17.26;1465;1465
2026-06-08T11:25:54.0000000Z;17.202;17.26;1465;1465
2026-06-08T11:26:25.0000000Z;17.202;17.26;1465;1465
2026-06-08T11:26:45.0000000Z;17.204;17.26;1465;1465
2026-06-08T11:26:47.0000000Z;17.206;17.26;1465;1465
2026-06-08T11:26:49.0000000Z;17.21;17.26;1465;1465
2026-06-08T11:26:54.0000000Z;17.208;17.27;1465;1465
2026-06-08T11:27:24.0000000Z;17.208;17.27;1465;1465
2026-06-08T11:27:54.0000000Z;17.208;17.27;1465;1465
2026-06-08T11:28:04.0000000Z;17.206;17.27;1465;1465
2026-06-08T11:28:35.0000000Z;17.206;17.27;1465;1465
2026-06-08T11:28:44.0000000Z;17.204;17.27;1465;1465
2026-06-08T11:28:47.0000000Z;17.204;17.266;1465;1465
2026-06-08T11:28:53.0000000Z;17.204;17.268;1465;1465
2026-06-08T11:28:59.0000000Z;17.204;17.27;1465;1465
2026-06-08T11:29:09.0000000Z;17.208;17.27;1465;1465
2026-06-08T11:29:23.0000000Z;17.206;17.27;1465;1465
2026-06-08T11:29:29.0000000Z;17.206;17.262;1465;1465
2026-06-08T11:29:39.0000000Z;17.208;17.262;1465;1465
2026-06-08T11:30:03.0000000Z;17.204;17.262;1465;1465
2026-06-08T11:30:13.0000000Z;17.21;17.262;1465;1465
2026-06-08T11:30:18.0000000Z;17.204;17.262;1465;1465
2026-06-08T11:30:31.0000000Z;17.204;17.262;1465;1465
2026-06-08T11:30:38.0000000Z;17.21;17.262;1465;1465
2026-06-08T11:30:48.0000000Z;17.214;17.262;1465;1465
2026-06-08T11:30:53.0000000Z;17.214;17.272;1465;1465
2026-06-08T11:31:17.0000000Z;17.216;17.272;1465;1465
2026-06-08T11:31:29.0000000Z;17.218;17.272;1465;1465
2026-06-08T11:31:31.0000000Z;17.216;17.272;1465;1465
2026-06-08T11:31:38.0000000Z;17.22;17.272;1465;1465
2026-06-08T11:31:40.0000000Z;17.218;17.272;1465;1465
2026-06-08T11:31:54.0000000Z;17.218;17.272;1465;1465
2026-06-08T11:32:03.0000000Z;17.216;17.272;1465;1465
2026-06-08T11:32:30.0000000Z;17.216;17.272;1465;1465
2026-06-08T11:32:50.0000000Z;17.212;17.28;1465;1465
2026-06-08T11:33:06.0000000Z;17.2;17.28;1465;1465
2026-06-08T11:33:11.0000000Z;17.212;17.28;1465;1465
2026-06-08T11:33:17.0000000Z;17.216;17.28;1465;1465
2026-06-08T11:33:24.0000000Z;17.214;17.28;1465;1465
2026-06-08T11:33:55.0000000Z;17.214;17.28;1465;1465
2026-06-08T11:33:58.0000000Z;17.212;17.28;1465;1465
2026-06-08T11:34:04.0000000Z;17.21;17.28;1465;1465
2026-06-08T11:34:14.0000000Z;17.214;17.28;1465;1465
2026-06-08T11:34:15.0000000Z;17.21;17.28;1465;1465
2026-06-08T11:34:34.0000000Z;17.21;17.28;1465;1465
2026-06-08T11:34:50.0000000Z;17.212;17.28;1465;1465
2026-06-08T11:35:09.0000000Z;17.21;17.28;1465;1465
2026-06-08T11:35:11.0000000Z;17.21;17.28;1465;1465
2026-06-08T11:35:20.0000000Z;17.21;17.268;1465;1465
2026-06-08T11:35:32.0000000Z;17.21;17.272;1465;1465
2026-06-08T11:35:41.0000000Z;17.21;17.268;1465;1465
2026-06-08T11:35:43.0000000Z;17.21;17.272;1465;1465
2026-06-08T11:35:51.0000000Z;17.214;17.274;1465;1465
2026-06-08T11:36:06.0000000Z;17.218;17.274;1465;1465
2026-06-08T11:36:15.0000000Z;17.216;17.274;1465;1465
2026-06-08T11:36:30.0000000Z;17.214;17.274;1465;1465
2026-06-08T11:37:01.0000000Z;17.214;17.274;1465;1465
2026-06-08T11:37:16.0000000Z;17.214;17.27;1465;1465
2026-06-08T11:37:18.0000000Z;17.214;17.272;1465;1465
2026-06-08T11:37:24.0000000Z;17.216;17.272;1465;1465
2026-06-08T11:37:25.0000000Z;17.216;17.274;1465;1465
2026-06-08T11:37:56.0000000Z;17.216;17.274;1465;1465
2026-06-08T11:38:26.0000000Z;17.22;17.274;1465;1465
2026-06-08T11:38:33.0000000Z;17.218;17.274;1465;1465
2026-06-08T11:39:04.0000000Z;17.218;17.274;1465;1465
2026-06-08T11:39:32.0000000Z;17.222;17.274;1465;1465
2026-06-08T11:39:53.0000000Z;17.22;17.274;1465;1465
2026-06-08T11:40:23.0000000Z;17.22;17.274;1465;1465
2026-06-08T11:40:54.0000000Z;17.22;17.274;1465;1465
2026-06-08T11:41:15.0000000Z;17.2;17.274;1465;1465
2026-06-08T11:41:24.0000000Z;17.212;17.274;1465;1465
2026-06-08T11:41:33.0000000Z;17.216;17.274;1465;1465
2026-06-08T11:42:04.0000000Z;17.216;17.274;1465;1465
2026-06-08T11:42:14.0000000Z;17.22;17.274;1465;1465
2026-06-08T11:42:23.0000000Z;17.218;17.274;1465;1465
2026-06-08T11:42:33.0000000Z;17.216;17.274;1465;1465
2026-06-08T11:42:42.0000000Z;17.22;17.274;1465;1465
2026-06-08T11:43:05.0000000Z;17.218;17.274;1465;1465
2026-06-08T11:43:25.0000000Z;17.216;17.274;1465;1465
2026-06-08T11:43:43.0000000Z;17.214;17.274;1465;1465
2026-06-08T11:43:45.0000000Z;17.212;17.274;1465;1465
2026-06-08T11:43:53.0000000Z;17.21;17.274;1465;1465
2026-06-08T11:43:59.0000000Z;17.208;17.274;1465;1465
2026-06-08T11:44:13.0000000Z;17.206;17.274;1465;1465
2026-06-08T11:44:44.0000000Z;17.206;17.274;1465;1465
2026-06-08T11:45:14.0000000Z;17.206;17.274;1465;1465
2026-06-08T11:45:31.0000000Z;17.24;17.274;1465;1465
2026-06-08T11:46:01.0000000Z;17.24;17.274;1465;1465
2026-06-08T11:46:07.0000000Z;17.24;17.264;1465;1465
2026-06-08T11:46:37.0000000Z;17.24;17.264;1465;1465
2026-06-08T11:47:07.0000000Z;17.24;17.264;1465;1465
2026-06-08T11:47:38.0000000Z;17.24;17.264;1465;1465
2026-06-08T11:48:08.0000000Z;17.24;17.264;1465;1465
2026-06-08T11:48:39.0000000Z;17.24;17.264;1465;1465
2026-06-08T11:49:10.0000000Z;17.24;17.264;1465;1465
2026-06-08T11:49:40.0000000Z;17.24;17.264;1465;1465
2026-06-08T11:50:11.0000000Z;17.24;17.264;1465;1465
2026-06-08T11:50:41.0000000Z;17.24;17.264;1465;1465
2026-06-08T11:51:12.0000000Z;17.24;17.264;1465;1465
2026-06-08T11:51:42.0000000Z;17.24;17.264;1465;1465
2026-06-08T11:52:13.0000000Z;17.24;17.264;1465;1465
2026-06-08T11:52:43.0000000Z;17.24;17.264;1465;1465
2026-06-08T11:53:14.0000000Z;17.24;17.264;1465;1465
2026-06-08T11:53:44.0000000Z;17.24;17.264;1465;1465
2026-06-08T11:54:15.0000000Z;17.24;17.264;1465;1465
2026-06-08T11:54:46.0000000Z;17.24;17.264;1465;1465
2026-06-08T11:55:05.0000000Z;17.24;17.256;1465;1465
2026-06-08T11:55:10.0000000Z;17.24;17.252;1465;1465
2026-06-08T11:55:16.0000000Z;17.24;17.256;1465;1465
2026-06-08T11:55:47.0000000Z;17.24;17.256;1465;1465
2026-06-08T11:56:17.0000000Z;17.24;17.256;1465;1465
2026-06-08T11:56:29.0000000Z;17.24;17.252;1465;1465
2026-06-08T11:56:31.0000000Z;17.24;17.252;1465;1465
2026-06-08T11:56:33.0000000Z;17.24;17.256;1465;1465
2026-06-08T11:57:02.0000000Z;17.24;17.256;1465;1465
2026-06-08T11:57:12.0000000Z;17.24;17.252;1465;1465
2026-06-08T11:57:13.0000000Z;17.24;17.256;1465;1465
2026-06-08T11:57:27.0000000Z;17.24;17.252;1465;1465
2026-06-08T11:57:28.0000000Z;17.24;17.256;1465;1465
2026-06-08T11:57:41.0000000Z;17.24;17.258;1465;1465
2026-06-08T11:58:01.0000000Z;17.24;17.258;1465;1465
2026-06-08T11:58:20.0000000Z;17.24;17.254;1465;1465
2026-06-08T11:58:50.0000000Z;17.24;17.254;1465;1465
2026-06-08T11:59:21.0000000Z;17.24;17.254;1465;1465
2026-06-08T11:59:22.0000000Z;17.24;17.256;1465;1465
2026-06-08T11:59:50.0000000Z;17.24;17.258;1465;1465
2026-06-08T11:59:52.0000000Z;17.24;17.26;1465;1465
2026-06-08T12:00:02.0000000Z;17.24;17.27;1465;1465
2026-06-08T12:00:29.0000000Z;17.24;17.268;1465;1465
2026-06-08T12:00:39.0000000Z;17.24;17.27;1465;1465
2026-06-08T12:00:46.0000000Z;17.24;17.268;1465;1465
2026-06-08T12:00:53.0000000Z;17.24;17.27;1465;1465
2026-06-08T12:00:54.0000000Z;17.24;17.268;1465;1465
2026-06-08T12:01:16.0000000Z;17.24;17.266;1465;1465
2026-06-08T12:01:21.0000000Z;17.24;17.268;1465;1465
2026-06-08T12:01:27.0000000Z;17.24;17.264;1465;1465
2026-06-08T12:01:29.0000000Z;17.24;17.266;1465;1465
2026-06-08T12:01:33.0000000Z;17.24;17.264;1465;1465
2026-06-08T12:01:37.0000000Z;17.24;17.266;1465;1465
2026-06-08T12:01:41.0000000Z;17.24;17.264;1465;1465
2026-06-08T12:02:12.0000000Z;17.24;17.264;1465;1465
2026-06-08T12:02:33.0000000Z;17.24;17.266;1465;1465
2026-06-08T12:02:35.0000000Z;17.24;17.264;1465;1465
2026-06-08T12:02:44.0000000Z;17.24;17.266;1465;1465
2026-06-08T12:02:45.0000000Z;17.24;17.264;1465;1465
2026-06-08T12:03:15.0000000Z;17.24;17.264;1465;1465
2026-06-08T12:03:29.0000000Z;17.202;17.266;1465;1465
2026-06-08T12:03:41.0000000Z;17.198;17.266;1465;1465
2026-06-08T12:03:48.0000000Z;17.202;17.266;1465;1465
2026-06-08T12:03:55.0000000Z;17.182;17.266;1465;1465
2026-06-08T12:04:16.0000000Z;17.198;17.266;1465;1465
2026-06-08T12:04:17.0000000Z;17.198;17.266;1465;1465
2026-06-08T12:04:48.0000000Z;17.198;17.266;1465;1465
2026-06-08T12:04:56.0000000Z;17.196;17.266;1465;1465
2026-06-08T12:05:08.0000000Z;17.2;17.266;1465;1465
2026-06-08T12:05:21.0000000Z;17.22;17.256;1465;1465
2026-06-08T12:05:51.0000000Z;17.22;17.256;1465;1465
2026-06-08T12:05:57.0000000Z;17.22;17.248;1465;1465
2026-06-08T12:06:02.0000000Z;17.212;17.248;1465;1465
2026-06-08T12:06:32.0000000Z;17.212;17.248;1465;1465
2026-06-08T12:07:03.0000000Z;17.212;17.248;1465;1465
2026-06-08T12:07:33.0000000Z;17.212;17.248;1465;1465
2026-06-08T12:07:39.0000000Z;17.22;17.248;1465;1465
2026-06-08T12:07:40.0000000Z;17.22;17.256;1465;1465
2026-06-08T12:08:11.0000000Z;17.22;17.256;1465;1465
2026-06-08T12:08:41.0000000Z;17.22;17.256;1465;1465
2026-06-08T12:09:12.0000000Z;17.22;17.256;1465;1465
2026-06-08T12:09:42.0000000Z;17.22;17.256;1465;1465
2026-06-08T12:10:13.0000000Z;17.22;17.256;1465;1465
2026-06-08T12:10:44.0000000Z;17.22;17.256;1465;1465
2026-06-08T12:11:14.0000000Z;17.22;17.256;1465;1465
2026-06-08T12:11:44.0000000Z;17.22;17.256;1465;1465
2026-06-08T12:12:15.0000000Z;17.22;17.256;1465;1465
2026-06-08T12:12:46.0000000Z;17.22;17.256;1465;1465
2026-06-08T12:13:16.0000000Z;17.22;17.256;1465;1465
2026-06-08T12:13:47.0000000Z;17.22;17.256;1465;1465
2026-06-08T12:14:17.0000000Z;17.22;17.256;1465;1465
2026-06-08T12:14:48.0000000Z;17.22;17.256;1465;1465
2026-06-08T12:15:18.0000000Z;17.22;17.256;1465;1465
2026-06-08T12:15:49.0000000Z;17.22;17.256;1465;1465
2026-06-08T12:15:56.0000000Z;17.22;17.248;1465;1465
2026-06-08T12:15:57.0000000Z;17.212;17.248;1465;1465
2026-06-08T12:16:28.0000000Z;17.212;17.248;1465;1465
2026-06-08T12:16:58.0000000Z;17.212;17.248;1465;1465
2026-06-08T12:17:29.0000000Z;17.212;17.248;1465;1465
2026-06-08T12:17:59.0000000Z;17.212;17.248;1465;1465
2026-06-08T12:18:30.0000000Z;17.212;17.248;1465;1465
2026-06-08T12:19:00.0000000Z;17.212;17.248;1465;1465
2026-06-08T12:19:31.0000000Z;17.212;17.248;1465;1465
2026-06-08T12:20:02.0000000Z;17.212;17.248;1465;1465
2026-06-08T12:20:32.0000000Z;17.212;17.248;1465;1465
2026-06-08T12:20:33.0000000Z;17.22;17.248;1465;1465
2026-06-08T12:21:04.0000000Z;17.22;17.248;1465;1465
2026-06-08T12:21:06.0000000Z;17.222;17.248;1465;1465
2026-06-08T12:21:13.0000000Z;17.22;17.248;1465;1465
2026-06-08T12:21:44.0000000Z;17.22;17.248;1465;1465
2026-06-08T12:21:52.0000000Z;17.222;17.248;1465;1465
2026-06-08T12:21:54.0000000Z;17.22;17.248;1465;1465
2026-06-08T12:21:58.0000000Z;17.222;17.248;1465;1465
2026-06-08T12:22:01.0000000Z;17.22;17.248;1465;1465
2026-06-08T12:22:31.0000000Z;17.22;17.248;1465;1465
2026-06-08T12:22:39.0000000Z;17.222;17.248;1465;1465
2026-06-08T12:22:48.0000000Z;17.222;17.256;1465;1465
2026-06-08T12:23:18.0000000Z;17.222;17.256;1465;1465
2026-06-08T12:23:49.0000000Z;17.222;17.256;1465;1465
2026-06-08T12:24:19.0000000Z;17.222;17.256;1465;1465
2026-06-08T12:24:24.0000000Z;17.22;17.256;1465;1465
2026-06-08T12:24:28.0000000Z;17.222;17.256;1465;1465
2026-06-08T12:24:55.0000000Z;17.23;17.256;1465;1465
2026-06-08T12:24:57.0000000Z;17.23;17.266;1465;1465
2026-06-08T12:25:27.0000000Z;17.23;17.266;1465;1465
2026-06-08T12:25:58.0000000Z;17.23;17.266;1465;1465
2026-06-08T12:26:28.0000000Z;17.23;17.266;1465;1465
2026-06-08T12:26:59.0000000Z;17.23;17.266;1465;1465
2026-06-08T12:27:20.0000000Z;17.23;17.264;1465;1465
2026-06-08T12:27:27.0000000Z;17.23;17.266;1465;1465
2026-06-08T12:27:58.0000000Z;17.23;17.266;1465;1465
2026-06-08T12:28:28.0000000Z;17.23;17.266;1465;1465
2026-06-08T12:28:59.0000000Z;17.23;17.266;1465;1465
2026-06-08T12:29:30.0000000Z;17.23;17.266;1465;1465
2026-06-08T12:30:00.0000000Z;17.23;17.266;1465;1465
2026-06-08T12:30:31.0000000Z;17.23;17.266;1465;1465
2026-06-08T12:31:01.0000000Z;17.23;17.266;1465;1465
2026-06-08T12:31:32.0000000Z;17.23;17.266;1465;1465
2026-06-08T12:32:02.0000000Z;17.23;17.266;1465;1465
2026-06-08T12:32:33.0000000Z;17.23;17.266;1465;1465
2026-06-08T12:33:04.0000000Z;17.23;17.266;1465;1465
2026-06-08T12:33:34.0000000Z;17.23;17.266;1465;1465
2026-06-08T12:34:05.0000000Z;17.23;17.266;1465;1465
2026-06-08T12:34:35.0000000Z;17.23;17.266;1465;1465
2026-06-08T12:35:06.0000000Z;17.23;17.266;1465;1465
2026-06-08T12:35:36.0000000Z;17.23;17.266;1465;1465
2026-06-08T12:36:07.0000000Z;17.23;17.266;1465;1465
2026-06-08T12:36:37.0000000Z;17.23;17.266;1465;1465
2026-06-08T12:37:08.0000000Z;17.23;17.266;1465;1465
2026-06-08T12:37:10.0000000Z;17.24;17.266;1465;1465
2026-06-08T12:37:12.0000000Z;17.24;17.276;1465;1465
2026-06-08T12:37:41.0000000Z;17.24;17.276;1465;1465
2026-06-08T12:38:11.0000000Z;17.24;17.276;1465;1465
2026-06-08T12:38:42.0000000Z;17.24;17.276;1465;1465
2026-06-08T12:39:12.0000000Z;17.24;17.276;1465;1465
2026-06-08T12:39:43.0000000Z;17.24;17.276;1465;1465
2026-06-08T12:40:14.0000000Z;17.24;17.276;1465;1465
2026-06-08T12:40:44.0000000Z;17.24;17.276;1465;1465
2026-06-08T12:40:56.0000000Z;17.24;17.274;1465;1465
2026-06-08T12:40:57.0000000Z;17.24;17.276;1465;1465
2026-06-08T12:41:12.0000000Z;17.24;17.274;1465;1465
2026-06-08T12:41:13.0000000Z;17.24;17.276;1465;1465
2026-06-08T12:41:43.0000000Z;17.24;17.276;1465;1465
2026-06-08T12:41:45.0000000Z;17.24;17.274;1465;1465
2026-06-08T12:41:58.0000000Z;17.24;17.276;1465;1465
2026-06-08T12:42:09.0000000Z;17.24;17.268;1465;1465
2026-06-08T12:42:12.0000000Z;17.238;17.268;1465;1465
2026-06-08T12:42:15.0000000Z;17.232;17.268;1465;1465
2026-06-08T12:42:36.0000000Z;17.24;17.268;1465;1465
2026-06-08T12:42:40.0000000Z;17.24;17.276;1465;1465
2026-06-08T12:42:41.0000000Z;17.24;17.272;1465;1465
2026-06-08T12:42:44.0000000Z;17.234;17.272;1465;1465
2026-06-08T12:43:15.0000000Z;17.234;17.272;1465;1465
2026-06-08T12:43:45.0000000Z;17.234;17.272;1465;1465
2026-06-08T12:44:16.0000000Z;17.234;17.272;1465;1465
2026-06-08T12:44:46.0000000Z;17.234;17.272;1465;1465
2026-06-08T12:45:17.0000000Z;17.234;17.272;1465;1465
2026-06-08T12:45:47.0000000Z;17.234;17.272;1465;1465
2026-06-08T12:46:18.0000000Z;17.234;17.272;1465;1465
2026-06-08T12:46:49.0000000Z;17.234;17.272;1465;1465
2026-06-08T12:47:19.0000000Z;17.234;17.272;1465;1465
2026-06-08T12:47:50.0000000Z;17.234;17.272;1465;1465
2026-06-08T12:48:20.0000000Z;17.234;17.272;1465;1465
2026-06-08T12:48:51.0000000Z;17.234;17.272;1465;1465
2026-06-08T12:49:21.0000000Z;17.234;17.272;1465;1465
2026-06-08T12:49:52.0000000Z;17.234;17.272;1465;1465
2026-06-08T12:50:22.0000000Z;17.234;17.272;1465;1465
2026-06-08T12:50:53.0000000Z;17.234;17.272;1465;1465
2026-06-08T12:50:57.0000000Z;17.234;17.27;1465;1465
2026-06-08T12:51:09.0000000Z;17.234;17.272;1465;1465
2026-06-08T12:51:13.0000000Z;17.234;17.27;1465;1465
2026-06-08T12:51:23.0000000Z;17.234;17.272;1465;1465
2026-06-08T12:51:53.0000000Z;17.234;17.272;1465;1465
2026-06-08T12:52:22.0000000Z;17.234;17.27;1465;1465
2026-06-08T12:52:24.0000000Z;17.234;17.272;1465;1465
2026-06-08T12:52:30.0000000Z;17.234;17.272;1465;1465
2026-06-08T12:53:00.0000000Z;17.234;17.272;1465;1465
2026-06-08T12:53:04.0000000Z;17.234;17.27;1465;1465
2026-06-08T12:53:05.0000000Z;17.234;17.27;1465;1465
2026-06-08T12:53:07.0000000Z;17.234;17.272;1465;1465
2026-06-08T12:53:12.0000000Z;17.234;17.27;1465;1465
2026-06-08T12:53:19.0000000Z;17.234;17.272;1465;1465
2026-06-08T12:53:21.0000000Z;17.234;17.27;1465;1465
2026-06-08T12:53:22.0000000Z;17.234;17.27;1465;1465
2026-06-08T12:53:27.0000000Z;17.234;17.272;1465;1465
2026-06-08T12:53:57.0000000Z;17.234;17.272;1465;1465
2026-06-08T12:54:28.0000000Z;17.234;17.272;1465;1465
2026-06-08T12:54:59.0000000Z;17.234;17.272;1465;1465
2026-06-08T12:55:29.0000000Z;17.234;17.272;1465;1465
2026-06-08T12:56:00.0000000Z;17.234;17.272;1465;1465
2026-06-08T12:56:30.0000000Z;17.234;17.272;1465;1465
2026-06-08T12:57:01.0000000Z;17.234;17.272;1465;1465
2026-06-08T12:57:31.0000000Z;17.234;17.272;1465;1465
2026-06-08T12:58:02.0000000Z;17.234;17.272;1465;1465
2026-06-08T12:58:32.0000000Z;17.234;17.272;1465;1465
2026-06-08T12:59:03.0000000Z;17.234;17.272;1465;1465
2026-06-08T12:59:33.0000000Z;17.234;17.272;1465;1465
2026-06-08T13:00:04.0000000Z;17.234;17.272;1465;1465
2026-06-08T13:00:26.0000000Z;17.234;17.266;1465;1465
2026-06-08T13:00:27.0000000Z;17.232;17.266;1465;1465
2026-06-08T13:00:29.0000000Z;17.232;17.268;1465;1465
2026-06-08T13:00:32.0000000Z;17.232;17.266;1465;1465
2026-06-08T13:00:33.0000000Z;17.232;17.266;1465;1465
2026-06-08T13:00:35.0000000Z;17.232;17.268;1465;1465
2026-06-08T13:01:06.0000000Z;17.232;17.268;1465;1465
2026-06-08T13:01:36.0000000Z;17.232;17.268;1465;1465
2026-06-08T13:01:47.0000000Z;17.232;17.258;1465;1465
2026-06-08T13:01:48.0000000Z;17.232;17.26;1465;1465
2026-06-08T13:01:50.0000000Z;17.224;17.26;1465;1465
2026-06-08T13:02:00.0000000Z;17.224;17.258;1465;1465
2026-06-08T13:02:02.0000000Z;17.222;17.258;1465;1465
2026-06-08T13:02:03.0000000Z;17.224;17.258;1465;1465
2026-06-08T13:02:04.0000000Z;17.224;17.26;1465;1465
2026-06-08T13:02:11.0000000Z;17.224;17.258;1465;1465
2026-06-08T13:02:14.0000000Z;17.224;17.26;1465;1465
2026-06-08T13:02:44.0000000Z;17.224;17.26;1465;1465
2026-06-08T13:03:08.0000000Z;17.224;17.258;1465;1465
2026-06-08T13:03:09.0000000Z;17.224;17.26;1465;1465
2026-06-08T13:03:10.0000000Z;17.224;17.26;1465;1465
2026-06-08T13:03:17.0000000Z;17.224;17.258;1465;1465
2026-06-08T13:03:24.0000000Z;17.224;17.26;1465;1465
2026-06-08T13:03:36.0000000Z;17.224;17.26;1465;1465
2026-06-08T13:04:06.0000000Z;17.224;17.26;1465;1465
2026-06-08T13:04:08.0000000Z;17.222;17.26;1465;1465
2026-06-08T13:04:17.0000000Z;17.224;17.26;1465;1465
2026-06-08T13:04:48.0000000Z;17.224;17.26;1465;1465
2026-06-08T13:04:49.0000000Z;17.224;17.258;1465;1465
2026-06-08T13:04:54.0000000Z;17.222;17.258;1465;1465
2026-06-08T13:04:57.0000000Z;17.224;17.258;1465;1465
2026-06-08T13:04:58.0000000Z;17.224;17.26;1465;1465
2026-06-08T13:05:14.0000000Z;17.222;17.26;1465;1465
2026-06-08T13:05:45.0000000Z;17.222;17.26;1465;1465
2026-06-08T13:06:15.0000000Z;17.222;17.26;1465;1465
2026-06-08T13:06:46.0000000Z;17.222;17.26;1465;1465
2026-06-08T13:07:16.0000000Z;17.222;17.26;1465;1465
2026-06-08T13:07:47.0000000Z;17.222;17.26;1465;1465
2026-06-08T13:08:17.0000000Z;17.222;17.26;1465;1465
2026-06-08T13:08:48.0000000Z;17.222;17.26;1465;1465
2026-06-08T13:09:06.0000000Z;17.224;17.26;1465;1465
2026-06-08T13:09:13.0000000Z;17.232;17.26;1465;1465
2026-06-08T13:09:44.0000000Z;17.232;17.26;1465;1465
2026-06-08T13:10:12.0000000Z;17.232;17.266;1465;1465
2026-06-08T13:10:23.0000000Z;17.232;17.258;1465;1465
2026-06-08T13:10:25.0000000Z;17.232;17.26;1465;1465
2026-06-08T13:10:36.0000000Z;17.224;17.26;1465;1465
2026-06-08T13:11:06.0000000Z;17.224;17.26;1465;1465
2026-06-08T13:11:18.0000000Z;17.222;17.26;1465;1465
2026-06-08T13:11:19.0000000Z;17.222;17.258;1465;1465
2026-06-08T13:11:24.0000000Z;17.224;17.258;1465;1465
2026-06-08T13:11:46.0000000Z;17.224;17.26;1465;1465
2026-06-08T13:12:16.0000000Z;17.224;17.26;1465;1465
2026-06-08T13:12:32.0000000Z;17.222;17.26;1465;1465
2026-06-08T13:13:02.0000000Z;17.222;17.26;1465;1465
2026-06-08T13:13:33.0000000Z;17.222;17.26;1465;1465
2026-06-08T13:14:03.0000000Z;17.222;17.26;1465;1465
2026-06-08T13:14:34.0000000Z;17.222;17.26;1465;1465
2026-06-08T13:15:04.0000000Z;17.222;17.26;1465;1465
2026-06-08T13:15:35.0000000Z;17.222;17.26;1465;1465
2026-06-08T13:16:06.0000000Z;17.222;17.26;1465;1465
2026-06-08T13:16:36.0000000Z;17.222;17.26;1465;1465
2026-06-08T13:17:07.0000000Z;17.222;17.26;1465;1465
2026-06-08T13:17:36.0000000Z;17.222;17.25;1465;1465
2026-06-08T13:17:41.0000000Z;17.214;17.25;1465;1465
2026-06-08T13:18:12.0000000Z;17.214;17.25;1465;1465
2026-06-08T13:18:42.0000000Z;17.214;17.25;1465;1465
2026-06-08T13:19:13.0000000Z;17.214;17.25;1465;1465
2026-06-08T13:19:44.0000000Z;17.214;17.25;1465;1465
2026-06-08T13:20:14.0000000Z;17.214;17.25;1465;1465
2026-06-08T13:20:19.0000000Z;17.222;17.25;1465;1465
2026-06-08T13:20:46.0000000Z;17.222;17.258;1465;1465
2026-06-08T13:21:12.0000000Z;17.224;17.258;1465;1465
2026-06-08T13:21:24.0000000Z;17.232;17.258;1465;1465
2026-06-08T13:21:27.0000000Z;17.232;17.268;1465;1465
2026-06-08T13:21:40.0000000Z;17.232;17.266;1465;1465
2026-06-08T13:22:05.0000000Z;17.232;17.268;1465;1465
2026-06-08T13:22:31.0000000Z;17.232;17.268;1465;1465
2026-06-08T13:23:02.0000000Z;17.232;17.268;1465;1465
2026-06-08T13:23:32.0000000Z;17.232;17.268;1465;1465
2026-06-08T13:23:38.0000000Z;17.232;17.26;1465;1465
2026-06-08T13:23:45.0000000Z;17.224;17.26;1465;1465
2026-06-08T13:24:16.0000000Z;17.222;17.26;1465;1465
2026-06-08T13:24:20.0000000Z;17.224;17.26;1465;1465
2026-06-08T13:24:37.0000000Z;17.222;17.26;1465;1465
2026-06-08T13:24:40.0000000Z;17.224;17.26;1465;1465
2026-06-08T13:24:50.0000000Z;17.222;17.26;1465;1465
2026-06-08T13:25:16.0000000Z;17.224;17.26;1465;1465
2026-06-08T13:25:32.0000000Z;17.222;17.26;1465;1465
2026-06-08T13:25:58.0000000Z;17.224;17.26;1465;1465
2026-06-08T13:26:28.0000000Z;17.224;17.26;1465;1465
2026-06-08T13:26:59.0000000Z;17.224;17.26;1465;1465
2026-06-08T13:27:29.0000000Z;17.224;17.26;1465;1465
2026-06-08T13:27:44.0000000Z;17.222;17.26;1465;1465
2026-06-08T13:27:54.0000000Z;17.232;17.26;1465;1465
2026-06-08T13:28:06.0000000Z;17.222;17.26;1465;1465
2026-06-08T13:28:31.0000000Z;17.222;17.26;1465;1465
2026-06-08T13:29:02.0000000Z;17.222;17.26;1465;1465
2026-06-08T13:29:07.0000000Z;17.2;17.398;1465;1465
2026-06-08T13:29:10.0000000Z;17.2;17.39;1465;1465
2026-06-08T13:29:13.0000000Z;17.174;17.39;1465;1465
2026-06-08T13:29:16.0000000Z;17.178;17.39;1465;1465
2026-06-08T13:29:17.0000000Z;17.178;17.398;1465;1465
2026-06-08T13:29:27.0000000Z;17.154;17.398;1465;1465
2026-06-08T13:29:58.0000000Z;17.154;17.398;1465;1465
2026-06-08T13:30:04.0000000Z;17.122;17.364;1465;1465
2026-06-08T13:30:08.0000000Z;17.13;17.326;1465;1465
2026-06-08T13:30:11.0000000Z;17.14;17.326;1465;1465
2026-06-08T13:30:15.0000000Z;17.136;17.326;1465;1465
2026-06-08T13:30:19.0000000Z;17.134;17.326;1465;1465
2026-06-08T13:30:25.0000000Z;17.134;17.36;1465;1465
2026-06-08T13:30:26.0000000Z;17.136;17.332;1465;1465
2026-06-08T13:30:28.0000000Z;17.136;17.326;1465;1465
2026-06-08T13:30:30.0000000Z;17.14;17.322;1465;1465
2026-06-08T13:30:33.0000000Z;17.154;17.32;1465;1465
2026-06-08T13:30:34.0000000Z;17.166;17.32;1465;1465
2026-06-08T13:30:38.0000000Z;17.166;17.336;1465;1465
2026-06-08T13:30:39.0000000Z;17.17;17.336;1465;1465
2026-06-08T13:30:44.0000000Z;17.168;17.4;1465;1465
2026-06-08T13:30:45.0000000Z;17.168;17.398;1465;1465
2026-06-08T13:30:49.0000000Z;17.168;17.39;1465;1465
2026-06-08T13:30:59.0000000Z;17.1;17.39;1465;1465
2026-06-08T13:31:01.0000000Z;17.104;17.388;1465;1465
2026-06-08T13:31:04.0000000Z;17.14;17.32;1465;1465
2026-06-08T13:31:08.0000000Z;17.144;17.32;1465;1465
2026-06-08T13:31:10.0000000Z;17.144;17.388;1465;1465
2026-06-08T13:31:12.0000000Z;17.142;17.388;1465;1465
2026-06-08T13:31:20.0000000Z;17.146;17.392;1465;1465
2026-06-08T13:31:21.0000000Z;17.166;17.334;1465;1465
2026-06-08T13:31:23.0000000Z;17.166;17.324;1465;1465
2026-06-08T13:31:30.0000000Z;17.166;17.35;1465;1465
2026-06-08T13:31:31.0000000Z;17.166;17.33;1465;1465
2026-06-08T13:31:34.0000000Z;17.164;17.324;1465;1465
2026-06-08T13:31:42.0000000Z;17.164;17.312;1465;1465
2026-06-08T13:31:44.0000000Z;17.164;17.31;1465;1465
2026-06-08T13:31:50.0000000Z;17.166;17.31;1465;1465
2026-06-08T13:31:52.0000000Z;17.166;17.324;1465;1465
2026-06-08T13:31:53.0000000Z;17.166;17.284;1465;1465
2026-06-08T13:31:54.0000000Z;17.164;17.284;1465;1465
2026-06-08T13:31:56.0000000Z;17.162;17.284;1465;1465
2026-06-08T13:32:01.0000000Z;17.168;17.256;1465;1465
2026-06-08T13:32:05.0000000Z;17.168;17.252;1465;1465
2026-06-08T13:32:10.0000000Z;17.156;17.252;1465;1465
2026-06-08T13:32:24.0000000Z;17.156;17.266;1465;1465
2026-06-08T13:32:29.0000000Z;17.17;17.266;1465;1465
2026-06-08T13:32:37.0000000Z;17.17;17.262;1465;1465
2026-06-08T13:32:39.0000000Z;17.194;17.262;1465;1465
2026-06-08T13:32:46.0000000Z;17.198;17.262;1465;1465
2026-06-08T13:32:48.0000000Z;17.194;17.262;1465;1465
2026-06-08T13:32:50.0000000Z;17.198;17.262;1465;1465
2026-06-08T13:32:52.0000000Z;17.198;17.26;1465;1465
2026-06-08T13:32:58.0000000Z;17.194;17.26;1465;1465
2026-06-08T13:33:04.0000000Z;17.194;17.262;1465;1465
2026-06-08T13:33:05.0000000Z;17.196;17.262;1465;1465
2026-06-08T13:33:08.0000000Z;17.196;17.276;1465;1465
2026-06-08T13:33:11.0000000Z;17.198;17.266;1465;1465
2026-06-08T13:33:13.0000000Z;17.138;17.266;1465;1465
2026-06-08T13:33:15.0000000Z;17.178;17.262;1465;1465
2026-06-08T13:33:17.0000000Z;17.178;17.262;1465;1465
2026-06-08T13:33:22.0000000Z;17.178;17.268;1465;1465
2026-06-08T13:33:23.0000000Z;17.202;17.264;1465;1465
2026-06-08T13:33:25.0000000Z;17.204;17.264;1465;1465
2026-06-08T13:33:27.0000000Z;17.208;17.274;1465;1465
2026-06-08T13:33:31.0000000Z;17.206;17.274;1465;1465
2026-06-08T13:33:41.0000000Z;17.206;17.278;1465;1465
2026-06-08T13:33:43.0000000Z;17.204;17.278;1465;1465
2026-06-08T13:33:45.0000000Z;17.202;17.278;1465;1465
2026-06-08T13:33:47.0000000Z;17.2;17.278;1465;1465
2026-06-08T13:33:48.0000000Z;17.204;17.258;1465;1465
2026-06-08T13:34:01.0000000Z;17.194;17.258;1465;1465
2026-06-08T13:34:03.0000000Z;17.198;17.252;1465;1465
2026-06-08T13:34:06.0000000Z;17.216;17.252;1465;1465
2026-06-08T13:34:17.0000000Z;17.216;17.246;1465;1465
2026-06-08T13:34:19.0000000Z;17.216;17.244;1465;1465
2026-06-08T13:34:21.0000000Z;17.208;17.244;1465;1465
2026-06-08T13:34:22.0000000Z;17.208;17.24;1465;1465
2026-06-08T13:34:30.0000000Z;17.208;17.234;1465;1465
2026-06-08T13:34:33.0000000Z;17.198;17.234;1465;1465
2026-06-08T13:34:47.0000000Z;17.206;17.234;1465;1465
2026-06-08T13:34:49.0000000Z;17.206;17.24;1465;1465
2026-06-08T13:35:03.0000000Z;17.206;17.234;1465;1465
2026-06-08T13:35:05.0000000Z;17.198;17.234;1465;1465
2026-06-08T13:35:11.0000000Z;17.196;17.234;1465;1465
2026-06-08T13:35:12.0000000Z;17.198;17.234;1465;1465
2026-06-08T13:35:40.0000000Z;17.198;17.228;1465;1465
2026-06-08T13:35:57.0000000Z;17.198;17.234;1465;1465
2026-06-08T13:36:01.0000000Z;17.206;17.234;1465;1465
2026-06-08T13:36:04.0000000Z;17.206;17.24;1465;1465
2026-06-08T13:36:11.0000000Z;17.206;17.234;1465;1465
2026-06-08T13:36:15.0000000Z;17.206;17.23;1465;1465
2026-06-08T13:36:22.0000000Z;17.196;17.228;1465;1465
2026-06-08T13:36:26.0000000Z;17.194;17.222;1465;1465
2026-06-08T13:36:27.0000000Z;17.196;17.222;1465;1465
2026-06-08T13:36:36.0000000Z;17.194;17.222;1465;1465
2026-06-08T13:36:37.0000000Z;17.194;17.216;1465;1465
2026-06-08T13:36:40.0000000Z;17.186;17.216;1465;1465
2026-06-08T13:36:50.0000000Z;17.186;17.222;1465;1465
2026-06-08T13:37:09.0000000Z;17.194;17.222;1465;1465
2026-06-08T13:37:26.0000000Z;17.186;17.222;1465;1465
2026-06-08T13:37:45.0000000Z;17.186;17.216;1465;1465
2026-06-08T13:37:54.0000000Z;17.184;17.216;1465;1465
2026-06-08T13:38:08.0000000Z;17.184;17.21;1465;1465
2026-06-08T13:38:10.0000000Z;17.176;17.21;1465;1465
2026-06-08T13:38:39.0000000Z;17.176;17.21;1465;1465
2026-06-08T13:38:43.0000000Z;17.176;17.204;1465;1465
2026-06-08T13:38:48.0000000Z;17.168;17.198;1465;1465
2026-06-08T13:39:16.0000000Z;17.166;17.192;1465;1465
2026-06-08T13:39:19.0000000Z;17.166;17.188;1465;1465
2026-06-08T13:39:21.0000000Z;17.156;17.188;1465;1465
2026-06-08T13:39:30.0000000Z;17.156;17.192;1465;1465
2026-06-08T13:39:50.0000000Z;17.156;17.186;1465;1465
2026-06-08T13:40:17.0000000Z;17.156;17.182;1465;1465
2026-06-08T13:40:28.0000000Z;17.156;17.178;1465;1465
2026-06-08T13:40:30.0000000Z;17.156;17.182;1465;1465
2026-06-08T13:40:50.0000000Z;17.156;17.182;1465;1465
2026-06-08T13:40:53.0000000Z;17.154;17.186;1465;1465
2026-06-08T13:40:55.0000000Z;17.156;17.186;1465;1465
2026-06-08T13:41:12.0000000Z;17.156;17.182;1465;1465
2026-06-08T13:41:16.0000000Z;17.154;17.182;1465;1465
2026-06-08T13:41:17.0000000Z;17.154;17.178;1465;1465
2026-06-08T13:41:24.0000000Z;17.156;17.178;1465;1465
2026-06-08T13:41:42.0000000Z;17.164;17.178;1465;1465
2026-06-08T13:41:53.0000000Z;17.166;17.178;1465;1465
2026-06-08T13:42:09.0000000Z;17.174;17.178;1465;1465
2026-06-08T13:42:18.0000000Z;17.174;17.202;1465;1465
2026-06-08T13:42:23.0000000Z;17.174;17.198;1465;1465
2026-06-08T13:42:45.0000000Z;17.174;17.194;1465;1465
2026-06-08T13:42:46.0000000Z;17.166;17.194;1465;1465
2026-06-08T13:42:51.0000000Z;17.166;17.19;1465;1465
2026-06-08T13:43:03.0000000Z;17.156;17.19;1465;1465
2026-06-08T13:43:12.0000000Z;17.166;17.19;1465;1465
2026-06-08T13:43:18.0000000Z;17.166;17.194;1465;1465
2026-06-08T13:43:29.0000000Z;17.166;17.19;1465;1465
2026-06-08T13:43:37.0000000Z;17.166;17.194;1465;1465
2026-06-08T13:43:51.0000000Z;17.166;17.194;1465;1465
2026-06-08T13:44:11.0000000Z;17.166;17.19;1465;1465
2026-06-08T13:44:19.0000000Z;17.158;17.19;1465;1465
2026-06-08T13:44:32.0000000Z;17.166;17.19;1465;1465
2026-06-08T13:44:37.0000000Z;17.166;17.194;1465;1465
2026-06-08T13:44:43.0000000Z;17.166;17.198;1465;1465
2026-06-08T13:44:50.0000000Z;17.166;17.194;1465;1465
2026-06-08T13:45:10.0000000Z;17.166;17.198;1465;1465
2026-06-08T13:45:11.0000000Z;17.166;17.2;1465;1465
2026-06-08T13:45:14.0000000Z;17.174;17.2;1465;1465
2026-06-08T13:45:15.0000000Z;17.174;17.202;1465;1465
2026-06-08T13:45:17.0000000Z;17.174;17.206;1465;1465
2026-06-08T13:45:23.0000000Z;17.176;17.206;1465;1465
2026-06-08T13:45:27.0000000Z;17.184;17.206;1465;1465
2026-06-08T13:45:49.0000000Z;17.184;17.21;1465;1465
2026-06-08T13:45:54.0000000Z;17.184;17.208;1465;1465
2026-06-08T13:45:56.0000000Z;17.184;17.21;1465;1465
2026-06-08T13:45:57.0000000Z;17.184;17.208;1465;1465
2026-06-08T13:46:02.0000000Z;17.184;17.21;1465;1465
2026-06-08T13:46:11.0000000Z;17.186;17.22;1465;1465
2026-06-08T13:46:13.0000000Z;17.186;17.216;1465;1465
2026-06-08T13:46:27.0000000Z;17.186;17.218;1465;1465
2026-06-08T13:46:32.0000000Z;17.186;17.216;1465;1465
2026-06-08T13:46:34.0000000Z;17.186;17.214;1465;1465
2026-06-08T13:46:37.0000000Z;17.186;17.21;1465;1465
2026-06-08T13:46:40.0000000Z;17.186;17.208;1465;1465
2026-06-08T13:46:51.0000000Z;17.176;17.208;1465;1465
2026-06-08T13:47:02.0000000Z;17.176;17.212;1465;1465
2026-06-08T13:47:17.0000000Z;17.184;17.212;1465;1465
2026-06-08T13:47:23.0000000Z;17.186;17.212;1465;1465
2026-06-08T13:47:27.0000000Z;17.184;17.212;1465;1465
2026-06-08T13:47:29.0000000Z;17.186;17.218;1465;1465
2026-06-08T13:47:36.0000000Z;17.186;17.218;1465;1465
2026-06-08T13:47:40.0000000Z;17.186;17.214;1465;1465
2026-06-08T13:47:45.0000000Z;17.186;17.212;1465;1465
2026-06-08T13:47:47.0000000Z;17.186;17.214;1465;1465
2026-06-08T13:48:17.0000000Z;17.186;17.214;1465;1465
2026-06-08T13:48:47.0000000Z;17.186;17.214;1465;1465
2026-06-08T13:48:52.0000000Z;17.186;17.216;1465;1465
2026-06-08T13:49:02.0000000Z;17.186;17.212;1465;1465
2026-06-08T13:49:32.0000000Z;17.186;17.212;1465;1465
2026-06-08T13:50:03.0000000Z;17.186;17.212;1465;1465
2026-06-08T13:50:04.0000000Z;17.186;17.216;1465;1465
2026-06-08T13:50:35.0000000Z;17.186;17.216;1465;1465
2026-06-08T13:50:36.0000000Z;17.186;17.214;1465;1465
2026-06-08T13:50:38.0000000Z;17.184;17.214;1465;1465
2026-06-08T13:50:40.0000000Z;17.184;17.216;1465;1465
2026-06-08T13:50:44.0000000Z;17.186;17.216;1465;1465
2026-06-08T13:50:50.0000000Z;17.186;17.212;1465;1465
2026-06-08T13:50:53.0000000Z;17.186;17.208;1465;1465
2026-06-08T13:50:55.0000000Z;17.186;17.204;1465;1465
2026-06-08T13:50:58.0000000Z;17.176;17.204;1465;1465
2026-06-08T13:51:11.0000000Z;17.176;17.206;1465;1465
2026-06-08T13:51:16.0000000Z;17.176;17.208;1465;1465
2026-06-08T13:51:18.0000000Z;17.176;17.206;1465;1465
2026-06-08T13:51:19.0000000Z;17.176;17.208;1465;1465
2026-06-08T13:51:27.0000000Z;17.186;17.208;1465;1465
2026-06-08T13:51:31.0000000Z;17.186;17.212;1465;1465
2026-06-08T13:51:37.0000000Z;17.194;17.212;1465;1465
2026-06-08T13:52:08.0000000Z;17.194;17.212;1465;1465
2026-06-08T13:52:38.0000000Z;17.194;17.212;1465;1465
2026-06-08T13:52:40.0000000Z;17.196;17.212;1465;1465
2026-06-08T13:52:50.0000000Z;17.204;17.212;1465;1465
2026-06-08T13:53:06.0000000Z;17.206;17.212;1465;1465
2026-06-08T13:53:36.0000000Z;17.206;17.212;1465;1465
2026-06-08T13:54:06.0000000Z;17.206;17.212;1465;1465
2026-06-08T13:54:07.0000000Z;17.204;17.212;1465;1465
2026-06-08T13:54:09.0000000Z;17.206;17.212;1465;1465
2026-06-08T13:54:10.0000000Z;17.204;17.212;1465;1465
2026-06-08T13:54:11.0000000Z;17.206;17.212;1465;1465
2026-06-08T13:54:15.0000000Z;17.204;17.212;1465;1465
2026-06-08T13:54:17.0000000Z;17.206;17.212;1465;1465
2026-06-08T13:54:23.0000000Z;17.204;17.212;1465;1465
2026-06-08T13:54:24.0000000Z;17.206;17.212;1465;1465
2026-06-08T13:54:36.0000000Z;17.204;17.212;1465;1465
2026-06-08T13:54:38.0000000Z;17.206;17.212;1465;1465
2026-06-08T13:54:40.0000000Z;17.204;17.212;1465;1465
2026-06-08T13:55:01.0000000Z;17.206;17.212;1465;1465
2026-06-08T13:55:04.0000000Z;17.204;17.212;1465;1465
2026-06-08T13:55:09.0000000Z;17.206;17.212;1465;1465
2026-06-08T13:55:11.0000000Z;17.204;17.212;1465;1465
2026-06-08T13:55:22.0000000Z;17.206;17.212;1465;1465
2026-06-08T13:55:24.0000000Z;17.204;17.212;1465;1465
2026-06-08T13:55:26.0000000Z;17.206;17.212;1465;1465
2026-06-08T13:55:27.0000000Z;17.204;17.212;1465;1465
2026-06-08T13:55:28.0000000Z;17.206;17.212;1465;1465
2026-06-08T13:55:30.0000000Z;17.204;17.212;1465;1465
2026-06-08T13:55:50.0000000Z;17.206;17.212;1465;1465
2026-06-08T13:55:53.0000000Z;17.204;17.212;1465;1465
2026-06-08T13:55:57.0000000Z;17.196;17.212;1465;1465
2026-06-08T13:56:10.0000000Z;17.196;17.224;1465;1465
2026-06-08T13:56:16.0000000Z;17.196;17.22;1465;1465
2026-06-08T13:56:20.0000000Z;17.196;17.216;1465;1465
2026-06-08T13:56:24.0000000Z;17.196;17.22;1465;1465
2026-06-08T13:56:54.0000000Z;17.196;17.22;1465;1465
2026-06-08T13:57:09.0000000Z;17.196;17.218;1465;1465
2026-06-08T13:57:15.0000000Z;17.196;17.216;1465;1465
2026-06-08T13:57:32.0000000Z;17.196;17.21;1465;1465
2026-06-08T13:57:34.0000000Z;17.184;17.21;1465;1465
2026-06-08T13:57:44.0000000Z;17.186;17.208;1465;1465
2026-06-08T13:57:52.0000000Z;17.186;17.21;1465;1465
2026-06-08T13:57:55.0000000Z;17.186;17.212;1465;1465
2026-06-08T13:58:26.0000000Z;17.186;17.212;1465;1465
2026-06-08T13:58:53.0000000Z;17.186;17.216;1465;1465
2026-06-08T13:58:55.0000000Z;17.186;17.216;1465;1465
2026-06-08T13:59:04.0000000Z;17.194;17.216;1465;1465
2026-06-08T13:59:05.0000000Z;17.194;17.22;1465;1465
2026-06-08T13:59:31.0000000Z;17.194;17.228;1465;1465
2026-06-08T13:59:46.0000000Z;17.194;17.22;1465;1465
2026-06-08T13:59:47.0000000Z;17.184;17.22;1465;1465
2026-06-08T13:59:48.0000000Z;17.186;17.22;1465;1465
2026-06-08T14:00:01.0000000Z;17.184;17.22;1465;1465
2026-06-08T14:00:05.0000000Z;17.186;17.22;1465;1465
2026-06-08T14:00:17.0000000Z;17.184;17.22;1465;1465
2026-06-08T14:00:34.0000000Z;17.186;17.22;1465;1465
2026-06-08T14:00:37.0000000Z;17.186;17.222;1465;1465
2026-06-08T14:00:51.0000000Z;17.184;17.222;1465;1465
2026-06-08T14:00:56.0000000Z;17.186;17.222;1465;1465
2026-06-08T14:01:04.0000000Z;17.194;17.222;1465;1465
2026-06-08T14:01:06.0000000Z;17.194;17.228;1465;1465
2026-06-08T14:01:36.0000000Z;17.194;17.228;1465;1465
2026-06-08T14:01:44.0000000Z;17.194;17.23;1465;1465
2026-06-08T14:01:54.0000000Z;17.204;17.23;1465;1465
2026-06-08T14:01:56.0000000Z;17.204;17.238;1465;1465
2026-06-08T14:02:08.0000000Z;17.204;17.24;1465;1465
2026-06-08T14:02:09.0000000Z;17.204;17.238;1465;1465
2026-06-08T14:02:11.0000000Z;17.204;17.24;1465;1465
2026-06-08T14:02:12.0000000Z;17.204;17.238;1465;1465
2026-06-08T14:02:14.0000000Z;17.204;17.24;1465;1465
2026-06-08T14:02:36.0000000Z;17.206;17.24;1465;1465
2026-06-08T14:02:38.0000000Z;17.206;17.232;1465;1465
2026-06-08T14:02:42.0000000Z;17.204;17.232;1465;1465
2026-06-08T14:02:45.0000000Z;17.206;17.232;1465;1465
2026-06-08T14:02:49.0000000Z;17.206;17.228;1465;1465
2026-06-08T14:02:50.0000000Z;17.204;17.228;1465;1465
2026-06-08T14:03:03.0000000Z;17.204;17.224;1465;1465
2026-06-08T14:03:05.0000000Z;17.198;17.224;1465;1465
2026-06-08T14:03:18.0000000Z;17.196;17.224;1465;1465
2026-06-08T14:03:20.0000000Z;17.196;17.228;1465;1465
2026-06-08T14:03:32.0000000Z;17.204;17.228;1465;1465
2026-06-08T14:03:36.0000000Z;17.204;17.232;1465;1465
2026-06-08T14:03:54.0000000Z;17.204;17.228;1465;1465
2026-06-08T14:03:57.0000000Z;17.198;17.228;1465;1465
2026-06-08T14:04:01.0000000Z;17.198;17.224;1465;1465
2026-06-08T14:04:12.0000000Z;17.198;17.22;1465;1465
2026-06-08T14:04:13.0000000Z;17.188;17.22;1465;1465
2026-06-08T14:04:14.0000000Z;17.188;17.216;1465;1465
2026-06-08T14:04:27.0000000Z;17.186;17.212;1465;1465
2026-06-08T14:04:37.0000000Z;17.186;17.216;1465;1465
2026-06-08T14:04:44.0000000Z;17.186;17.214;1465;1465
2026-06-08T14:04:46.0000000Z;17.186;17.216;1465;1465
2026-06-08T14:04:47.0000000Z;17.186;17.216;1465;1465
2026-06-08T14:04:55.0000000Z;17.186;17.214;1465;1465
2026-06-08T14:04:56.0000000Z;17.186;17.216;1465;1465
2026-06-08T14:04:57.0000000Z;17.186;17.214;1465;1465
2026-06-08T14:04:58.0000000Z;17.186;17.212;1465;1465
2026-06-08T14:05:15.0000000Z;17.186;17.216;1465;1465
2026-06-08T14:05:42.0000000Z;17.186;17.214;1465;1465
2026-06-08T14:05:48.0000000Z;17.186;17.212;1465;1465
2026-06-08T14:06:07.0000000Z;17.186;17.222;1465;1465
2026-06-08T14:06:09.0000000Z;17.186;17.216;1465;1465
2026-06-08T14:06:31.0000000Z;17.186;17.22;1465;1465
2026-06-08T14:06:40.0000000Z;17.194;17.22;1465;1465
2026-06-08T14:06:47.0000000Z;17.194;17.224;1465;1465
2026-06-08T14:06:58.0000000Z;17.196;17.224;1465;1465
2026-06-08T14:07:19.0000000Z;17.196;17.228;1465;1465
2026-06-08T14:07:20.0000000Z;17.204;17.228;1465;1465
2026-06-08T14:07:21.0000000Z;17.204;17.232;1465;1465
2026-06-08T14:07:44.0000000Z;17.204;17.228;1465;1465
2026-06-08T14:07:58.0000000Z;17.204;17.232;1465;1465
2026-06-08T14:08:12.0000000Z;17.204;17.228;1465;1465
2026-06-08T14:08:25.0000000Z;17.204;17.224;1465;1465
2026-06-08T14:08:26.0000000Z;17.194;17.224;1465;1465
2026-06-08T14:08:34.0000000Z;17.194;17.228;1465;1465
2026-06-08T14:08:37.0000000Z;17.204;17.228;1465;1465
2026-06-08T14:08:57.0000000Z;17.216;17.228;1465;1465
2026-06-08T14:08:58.0000000Z;17.216;17.232;1465;1465
2026-06-08T14:09:28.0000000Z;17.216;17.232;1465;1465
2026-06-08T14:09:34.0000000Z;17.216;17.234;1465;1465
2026-06-08T14:09:39.0000000Z;17.216;17.232;1465;1465
2026-06-08T14:09:46.0000000Z;17.216;17.236;1465;1465
2026-06-08T14:09:57.0000000Z;17.216;17.234;1465;1465
2026-06-08T14:10:02.0000000Z;17.216;17.236;1465;1465
2026-06-08T14:10:07.0000000Z;17.216;17.234;1465;1465
2026-06-08T14:10:10.0000000Z;17.216;17.236;1465;1465
2026-06-08T14:10:23.0000000Z;17.216;17.232;1465;1465
2026-06-08T14:10:43.0000000Z;17.204;17.232;1465;1465
2026-06-08T14:11:06.0000000Z;17.204;17.228;1465;1465
2026-06-08T14:11:18.0000000Z;17.204;17.224;1465;1465
2026-06-08T14:11:19.0000000Z;17.194;17.224;1465;1465
2026-06-08T14:11:21.0000000Z;17.194;17.22;1465;1465
2026-06-08T14:11:25.0000000Z;17.196;17.22;1465;1465
2026-06-08T14:11:26.0000000Z;17.194;17.22;1465;1465
2026-06-08T14:11:29.0000000Z;17.196;17.22;1465;1465
2026-06-08T14:11:33.0000000Z;17.196;17.224;1465;1465
2026-06-08T14:11:43.0000000Z;17.194;17.224;1465;1465
2026-06-08T14:11:45.0000000Z;17.196;17.224;1465;1465
2026-06-08T14:12:04.0000000Z;17.196;17.222;1465;1465
2026-06-08T14:12:05.0000000Z;17.196;17.224;1465;1465
2026-06-08T14:12:09.0000000Z;17.196;17.22;1465;1465
2026-06-08T14:12:11.0000000Z;17.194;17.22;1465;1465
2026-06-08T14:12:15.0000000Z;17.196;17.22;1465;1465
2026-06-08T14:12:21.0000000Z;17.194;17.222;1465;1465
2026-06-08T14:12:22.0000000Z;17.196;17.222;1465;1465
2026-06-08T14:12:23.0000000Z;17.196;17.224;1465;1465
2026-06-08T14:12:47.0000000Z;17.194;17.224;1465;1465
2026-06-08T14:12:54.0000000Z;17.196;17.224;1465;1465
2026-06-08T14:12:56.0000000Z;17.196;17.222;1465;1465
2026-06-08T14:13:09.0000000Z;17.194;17.218;1465;1465
2026-06-08T14:13:13.0000000Z;17.194;17.22;1465;1465
2026-06-08T14:13:15.0000000Z;17.194;17.216;1465;1465
2026-06-08T14:13:28.0000000Z;17.188;17.218;1465;1465
2026-06-08T14:13:32.0000000Z;17.188;17.22;1465;1465
2026-06-08T14:13:45.0000000Z;17.188;17.216;1465;1465
2026-06-08T14:13:51.0000000Z;17.194;17.216;1465;1465
2026-06-08T14:13:54.0000000Z;17.194;17.22;1465;1465
2026-06-08T14:14:07.0000000Z;17.196;17.22;1465;1465
2026-06-08T14:14:10.0000000Z;17.196;17.224;1465;1465
2026-06-08T14:14:26.0000000Z;17.196;17.222;1465;1465
2026-06-08T14:14:30.0000000Z;17.196;17.224;1465;1465
2026-06-08T14:14:38.0000000Z;17.194;17.224;1465;1465
2026-06-08T14:14:46.0000000Z;17.194;17.218;1465;1465
2026-06-08T14:14:48.0000000Z;17.196;17.218;1465;1465
2026-06-08T14:14:53.0000000Z;17.196;17.22;1465;1465
2026-06-08T14:15:02.0000000Z;17.196;17.214;1465;1465
2026-06-08T14:15:03.0000000Z;17.196;17.216;1465;1465
2026-06-08T14:15:04.0000000Z;17.196;17.21;1465;1465
2026-06-08T14:15:06.0000000Z;17.188;17.21;1465;1465
2026-06-08T14:15:08.0000000Z;17.186;17.212;1465;1465
2026-06-08T14:15:12.0000000Z;17.186;17.206;1465;1465
2026-06-08T14:15:13.0000000Z;17.186;17.208;1465;1465
2026-06-08T14:15:14.0000000Z;17.184;17.208;1465;1465
2026-06-08T14:15:44.0000000Z;17.184;17.208;1465;1465
2026-06-08T14:15:46.0000000Z;17.176;17.208;1465;1465
2026-06-08T14:15:52.0000000Z;17.176;17.202;1465;1465
2026-06-08T14:16:02.0000000Z;17.176;17.204;1465;1465
2026-06-08T14:16:11.0000000Z;17.176;17.206;1465;1465
2026-06-08T14:16:16.0000000Z;17.176;17.208;1465;1465
2026-06-08T14:16:41.0000000Z;17.176;17.204;1465;1465
2026-06-08T14:16:49.0000000Z;17.176;17.206;1465;1465
2026-06-08T14:16:51.0000000Z;17.176;17.208;1465;1465
2026-06-08T14:17:07.0000000Z;17.176;17.204;1465;1465
2026-06-08T14:17:21.0000000Z;17.176;17.206;1465;1465
2026-06-08T14:17:27.0000000Z;17.176;17.208;1465;1465
2026-06-08T14:17:31.0000000Z;17.176;17.204;1465;1465
2026-06-08T14:17:43.0000000Z;17.176;17.21;1465;1465
2026-06-08T14:17:44.0000000Z;17.184;17.21;1465;1465
2026-06-08T14:17:47.0000000Z;17.184;17.212;1465;1465
2026-06-08T14:17:58.0000000Z;17.186;17.212;1465;1465
2026-06-08T14:18:00.0000000Z;17.184;17.212;1465;1465
2026-06-08T14:18:02.0000000Z;17.186;17.212;1465;1465
2026-06-08T14:18:09.0000000Z;17.184;17.216;1465;1465
2026-06-08T14:18:11.0000000Z;17.184;17.22;1465;1465
2026-06-08T14:18:13.0000000Z;17.184;17.216;1465;1465
2026-06-08T14:18:19.0000000Z;17.186;17.216;1465;1465
2026-06-08T14:18:23.0000000Z;17.184;17.216;1465;1465
2026-06-08T14:18:27.0000000Z;17.186;17.216;1465;1465
2026-06-08T14:18:29.0000000Z;17.186;17.216;1465;1465
2026-06-08T14:18:38.0000000Z;17.186;17.212;1465;1465
2026-06-08T14:19:09.0000000Z;17.186;17.212;1465;1465
2026-06-08T14:19:17.0000000Z;17.184;17.206;1465;1465
2026-06-08T14:19:19.0000000Z;17.174;17.206;1465;1465
2026-06-08T14:19:25.0000000Z;17.174;17.208;1465;1465
2026-06-08T14:19:33.0000000Z;17.174;17.202;1465;1465
2026-06-08T14:19:50.0000000Z;17.176;17.202;1465;1465
2026-06-08T14:20:04.0000000Z;17.176;17.204;1465;1465
2026-06-08T14:20:06.0000000Z;17.184;17.204;1465;1465
2026-06-08T14:20:08.0000000Z;17.184;17.208;1465;1465
2026-06-08T14:20:09.0000000Z;17.186;17.208;1465;1465
2026-06-08T14:20:13.0000000Z;17.186;17.212;1465;1465
2026-06-08T14:20:14.0000000Z;17.186;17.216;1465;1465
2026-06-08T14:20:16.0000000Z;17.184;17.216;1465;1465
2026-06-08T14:20:26.0000000Z;17.186;17.216;1465;1465
2026-06-08T14:20:29.0000000Z;17.186;17.214;1465;1465
2026-06-08T14:20:30.0000000Z;17.186;17.214;1465;1465
2026-06-08T14:20:32.0000000Z;17.186;17.216;1465;1465
2026-06-08T14:20:37.0000000Z;17.184;17.216;1465;1465
2026-06-08T14:20:43.0000000Z;17.186;17.216;1465;1465
2026-06-08T14:20:46.0000000Z;17.186;17.21;1465;1465
2026-06-08T14:20:52.0000000Z;17.186;17.206;1465;1465
2026-06-08T14:20:54.0000000Z;17.184;17.206;1465;1465
2026-06-08T14:21:01.0000000Z;17.176;17.206;1465;1465
2026-06-08T14:21:15.0000000Z;17.176;17.204;1465;1465
2026-06-08T14:21:20.0000000Z;17.176;17.202;1465;1465
2026-06-08T14:21:21.0000000Z;17.176;17.204;1465;1465
2026-06-08T14:21:22.0000000Z;17.176;17.202;1465;1465
2026-06-08T14:21:26.0000000Z;17.176;17.204;1465;1465
2026-06-08T14:21:40.0000000Z;17.176;17.206;1465;1465
2026-06-08T14:21:48.0000000Z;17.176;17.208;1465;1465
2026-06-08T14:21:54.0000000Z;17.176;17.206;1465;1465
2026-06-08T14:21:58.0000000Z;17.176;17.208;1465;1465
2026-06-08T14:22:27.0000000Z;17.176;17.202;1465;1465
2026-06-08T14:22:29.0000000Z;17.176;17.204;1465;1465
2026-06-08T14:22:59.0000000Z;17.176;17.204;1465;1465
2026-06-08T14:23:02.0000000Z;17.176;17.202;1465;1465
2026-06-08T14:23:04.0000000Z;17.176;17.204;1465;1465
2026-06-08T14:23:16.0000000Z;17.176;17.206;1465;1465
2026-06-08T14:23:17.0000000Z;17.176;17.208;1465;1465
2026-06-08T14:23:41.0000000Z;17.176;17.206;1465;1465
2026-06-08T14:23:48.0000000Z;17.176;17.208;1465;1465
2026-06-08T14:23:58.0000000Z;17.186;17.208;1465;1465
2026-06-08T14:24:04.0000000Z;17.186;17.21;1465;1465
2026-06-08T14:24:12.0000000Z;17.186;17.212;1465;1465
2026-06-08T14:24:22.0000000Z;17.186;17.21;1465;1465
2026-06-08T14:24:25.0000000Z;17.186;17.212;1465;1465
2026-06-08T14:24:34.0000000Z;17.186;17.206;1465;1465
2026-06-08T14:24:36.0000000Z;17.186;17.208;1465;1465
2026-06-08T14:24:45.0000000Z;17.186;17.212;1465;1465
2026-06-08T14:24:54.0000000Z;17.186;17.21;1465;1465
2026-06-08T14:24:56.0000000Z;17.186;17.212;1465;1465
2026-06-08T14:25:07.0000000Z;17.186;17.21;1465;1465
2026-06-08T14:25:10.0000000Z;17.186;17.212;1465;1465
2026-06-08T14:25:11.0000000Z;17.186;17.212;1465;1465
2026-06-08T14:25:27.0000000Z;17.186;17.21;1465;1465
2026-06-08T14:25:29.0000000Z;17.186;17.212;1465;1465
2026-06-08T14:25:32.0000000Z;17.186;17.21;1465;1465
2026-06-08T14:25:33.0000000Z;17.186;17.212;1465;1465
2026-06-08T14:25:44.0000000Z;17.194;17.212;1465;1465
2026-06-08T14:26:15.0000000Z;17.194;17.212;1465;1465
2026-06-08T14:26:25.0000000Z;17.196;17.212;1465;1465
2026-06-08T14:26:53.0000000Z;17.196;17.222;1465;1465
2026-06-08T14:26:55.0000000Z;17.196;17.224;1465;1465
2026-06-08T14:27:26.0000000Z;17.196;17.224;1465;1465
2026-06-08T14:27:33.0000000Z;17.196;17.218;1465;1465
2026-06-08T14:27:35.0000000Z;17.194;17.218;1465;1465
2026-06-08T14:27:37.0000000Z;17.194;17.22;1465;1465
2026-06-08T14:27:38.0000000Z;17.196;17.22;1465;1465
2026-06-08T14:27:55.0000000Z;17.194;17.22;1465;1465
2026-06-08T14:28:03.0000000Z;17.186;17.22;1465;1465
2026-06-08T14:28:05.0000000Z;17.186;17.216;1465;1465
2026-06-08T14:28:09.0000000Z;17.186;17.21;1465;1465
2026-06-08T14:28:21.0000000Z;17.186;17.206;1465;1465
2026-06-08T14:28:23.0000000Z;17.186;17.202;1465;1465
2026-06-08T14:28:25.0000000Z;17.186;17.204;1465;1465
2026-06-08T14:28:27.0000000Z;17.176;17.204;1465;1465
2026-06-08T14:28:48.0000000Z;17.176;17.202;1465;1465
2026-06-08T14:29:06.0000000Z;17.176;17.204;1465;1465
2026-06-08T14:29:22.0000000Z;17.176;17.208;1465;1465
2026-06-08T14:29:41.0000000Z;17.176;17.204;1465;1465
2026-06-08T14:29:49.0000000Z;17.176;17.206;1465;1465
2026-06-08T14:29:56.0000000Z;17.176;17.204;1465;1465
2026-06-08T14:30:08.0000000Z;17.176;17.204;1465;1465
2026-06-08T14:30:09.0000000Z;17.176;17.202;1465;1465
2026-06-08T14:30:14.0000000Z;17.176;17.204;1465;1465
2026-06-08T14:30:28.0000000Z;17.176;17.208;1465;1465
2026-06-08T14:30:39.0000000Z;17.176;17.206;1465;1465
2026-06-08T14:30:50.0000000Z;17.176;17.208;1465;1465
2026-06-08T14:30:52.0000000Z;17.176;17.206;1465;1465
2026-06-08T14:30:58.0000000Z;17.176;17.208;1465;1465
2026-06-08T14:30:59.0000000Z;17.176;17.206;1465;1465
2026-06-08T14:31:29.0000000Z;17.176;17.206;1465;1465
2026-06-08T14:31:42.0000000Z;17.176;17.208;1465;1465
2026-06-08T14:32:07.0000000Z;17.176;17.206;1465;1465
2026-06-08T14:32:09.0000000Z;17.176;17.208;1465;1465
2026-06-08T14:32:13.0000000Z;17.184;17.208;1465;1465
2026-06-08T14:32:31.0000000Z;17.184;17.212;1465;1465
2026-06-08T14:32:33.0000000Z;17.184;17.216;1465;1465
2026-06-08T14:32:37.0000000Z;17.186;17.216;1465;1465
2026-06-08T14:32:40.0000000Z;17.186;17.214;1465;1465
2026-06-08T14:32:41.0000000Z;17.186;17.216;1465;1465
2026-06-08T14:33:12.0000000Z;17.186;17.216;1465;1465
2026-06-08T14:33:34.0000000Z;17.194;17.216;1465;1465
2026-06-08T14:33:37.0000000Z;17.194;17.22;1465;1465
2026-06-08T14:34:08.0000000Z;17.194;17.22;1465;1465
2026-06-08T14:34:38.0000000Z;17.194;17.22;1465;1465
2026-06-08T14:35:09.0000000Z;17.194;17.22;1465;1465
2026-06-08T14:35:10.0000000Z;17.194;17.224;1465;1465
2026-06-08T14:35:15.0000000Z;17.194;17.222;1465;1465
2026-06-08T14:35:17.0000000Z;17.194;17.224;1465;1465
2026-06-08T14:35:31.0000000Z;17.196;17.224;1465;1465
2026-06-08T14:35:40.0000000Z;17.196;17.224;1465;1465
2026-06-08T14:36:04.0000000Z;17.204;17.224;1465;1465
2026-06-08T14:36:30.0000000Z;17.204;17.234;1465;1465
2026-06-08T14:36:32.0000000Z;17.204;17.236;1465;1465
2026-06-08T14:36:38.0000000Z;17.214;17.236;1465;1465
2026-06-08T14:36:42.0000000Z;17.214;17.24;1465;1465
2026-06-08T14:36:49.0000000Z;17.214;17.236;1465;1465
2026-06-08T14:37:20.0000000Z;17.214;17.236;1465;1465
2026-06-08T14:37:26.0000000Z;17.214;17.232;1465;1465
2026-06-08T14:37:38.0000000Z;17.214;17.228;1465;1465
2026-06-08T14:37:40.0000000Z;17.204;17.228;1465;1465
2026-06-08T14:38:11.0000000Z;17.204;17.228;1465;1465
2026-06-08T14:38:29.0000000Z;17.204;17.232;1465;1465
2026-06-08T14:38:59.0000000Z;17.204;17.232;1465;1465
2026-06-08T14:39:00.0000000Z;17.206;17.232;1465;1465
2026-06-08T14:39:28.0000000Z;17.206;17.236;1465;1465
2026-06-08T14:39:34.0000000Z;17.214;17.236;1465;1465
2026-06-08T14:39:36.0000000Z;17.214;17.24;1465;1465
2026-06-08T14:39:38.0000000Z;17.216;17.24;1465;1465
2026-06-08T14:39:48.0000000Z;17.204;17.24;1465;1465
2026-06-08T14:39:52.0000000Z;17.21;17.24;1465;1465
2026-06-08T14:39:54.0000000Z;17.21;17.246;1465;1465
2026-06-08T14:39:56.0000000Z;17.212;17.24;1465;1465
2026-06-08T14:40:04.0000000Z;17.212;17.244;1465;1465
2026-06-08T14:40:09.0000000Z;17.22;17.244;1465;1465
2026-06-08T14:40:40.0000000Z;17.22;17.244;1465;1465
2026-06-08T14:40:45.0000000Z;17.22;17.248;1465;1465
2026-06-08T14:40:53.0000000Z;17.22;17.242;1465;1465
2026-06-08T14:41:17.0000000Z;17.22;17.238;1465;1465
2026-06-08T14:41:21.0000000Z;17.212;17.238;1465;1465
2026-06-08T14:41:37.0000000Z;17.21;17.238;1465;1465
2026-06-08T14:41:39.0000000Z;17.212;17.234;1465;1465
2026-06-08T14:42:04.0000000Z;17.212;17.23;1465;1465
2026-06-08T14:42:17.0000000Z;17.202;17.23;1465;1465
2026-06-08T14:42:20.0000000Z;17.202;17.226;1465;1465
2026-06-08T14:42:25.0000000Z;17.2;17.226;1465;1465
2026-06-08T14:42:52.0000000Z;17.2;17.222;1465;1465
2026-06-08T14:42:55.0000000Z;17.192;17.222;1465;1465
2026-06-08T14:43:03.0000000Z;17.192;17.226;1465;1465
2026-06-08T14:43:06.0000000Z;17.2;17.226;1465;1465
2026-06-08T14:43:37.0000000Z;17.2;17.226;1465;1465
2026-06-08T14:44:07.0000000Z;17.2;17.226;1465;1465
2026-06-08T14:44:20.0000000Z;17.202;17.226;1465;1465
2026-06-08T14:44:28.0000000Z;17.202;17.234;1465;1465
2026-06-08T14:44:45.0000000Z;17.21;17.234;1465;1465
2026-06-08T14:44:48.0000000Z;17.21;17.238;1465;1465
2026-06-08T14:44:58.0000000Z;17.212;17.238;1465;1465
2026-06-08T14:45:08.0000000Z;17.212;17.242;1465;1465
2026-06-08T14:45:13.0000000Z;17.22;17.242;1465;1465
2026-06-08T14:45:14.0000000Z;17.22;17.256;1465;1465
2026-06-08T14:45:17.0000000Z;17.22;17.246;1465;1465
2026-06-08T14:45:19.0000000Z;17.22;17.25;1465;1465
2026-06-08T14:45:50.0000000Z;17.22;17.25;1465;1465
2026-06-08T14:46:20.0000000Z;17.22;17.25;1465;1465
2026-06-08T14:46:47.0000000Z;17.222;17.25;1465;1465
2026-06-08T14:46:52.0000000Z;17.222;17.254;1465;1465
2026-06-08T14:47:22.0000000Z;17.222;17.254;1465;1465
2026-06-08T14:47:45.0000000Z;17.222;17.25;1465;1465
2026-06-08T14:47:48.0000000Z;17.222;17.254;1465;1465
2026-06-08T14:47:51.0000000Z;17.222;17.254;1465;1465
2026-06-08T14:47:52.0000000Z;17.222;17.252;1465;1465
2026-06-08T14:48:01.0000000Z;17.222;17.248;1465;1465
2026-06-08T14:48:32.0000000Z;17.222;17.248;1465;1465
2026-06-08T14:48:45.0000000Z;17.222;17.244;1465;1465
2026-06-08T14:49:15.0000000Z;17.222;17.244;1465;1465
2026-06-08T14:49:21.0000000Z;17.214;17.244;1465;1465
2026-06-08T14:49:52.0000000Z;17.214;17.244;1465;1465
2026-06-08T14:49:59.0000000Z;17.212;17.24;1465;1465
2026-06-08T14:50:23.0000000Z;17.212;17.236;1465;1465
2026-06-08T14:50:40.0000000Z;17.212;17.232;1465;1465
2026-06-08T14:50:41.0000000Z;17.212;17.236;1465;1465
2026-06-08T14:50:42.0000000Z;17.212;17.232;1465;1465
2026-06-08T14:50:44.0000000Z;17.212;17.236;1465;1465
2026-06-08T14:50:46.0000000Z;17.212;17.232;1465;1465
2026-06-08T14:51:02.0000000Z;17.212;17.236;1465;1465
2026-06-08T14:51:17.0000000Z;17.212;17.232;1465;1465
2026-06-08T14:51:32.0000000Z;17.212;17.236;1465;1465
2026-06-08T14:51:52.0000000Z;17.212;17.24;1465;1465
2026-06-08T14:52:20.0000000Z;17.212;17.24;1465;1465
2026-06-08T14:52:51.0000000Z;17.212;17.24;1465;1465
2026-06-08T14:53:16.0000000Z;17.212;17.236;1465;1465
2026-06-08T14:53:23.0000000Z;17.212;17.232;1465;1465
2026-06-08T14:53:48.0000000Z;17.212;17.236;1465;1465
2026-06-08T14:54:19.0000000Z;17.212;17.236;1465;1465
2026-06-08T14:54:46.0000000Z;17.212;17.24;1465;1465
2026-06-08T14:55:09.0000000Z;17.212;17.236;1465;1465
2026-06-08T14:55:21.0000000Z;17.202;17.236;1465;1465
2026-06-08T14:55:47.0000000Z;17.202;17.232;1465;1465
2026-06-08T14:56:17.0000000Z;17.202;17.232;1465;1465
2026-06-08T14:56:18.0000000Z;17.202;17.228;1465;1465
2026-06-08T14:56:48.0000000Z;17.202;17.228;1465;1465
2026-06-08T14:57:09.0000000Z;17.202;17.232;1465;1465
2026-06-08T14:57:40.0000000Z;17.202;17.232;1465;1465
2026-06-08T14:57:55.0000000Z;17.202;17.236;1465;1465
2026-06-08T14:58:26.0000000Z;17.202;17.236;1465;1465
2026-06-08T14:58:56.0000000Z;17.202;17.236;1465;1465
2026-06-08T14:58:58.0000000Z;17.212;17.238;1465;1465
2026-06-08T14:59:00.0000000Z;17.212;17.24;1465;1465
2026-06-08T14:59:30.0000000Z;17.212;17.24;1465;1465
