2026-06-08T08:00:07.0000000Z;22.465;22.505;4999;4999
2026-06-08T08:00:09.0000000Z;22.465;22.51;4999;4999
2026-06-08T08:00:22.0000000Z;22.465;22.505;4999;4999
2026-06-08T08:00:23.0000000Z;22.46;22.505;4999;4999
2026-06-08T08:00:29.0000000Z;22.46;22.51;4999;4999
2026-06-08T08:00:59.0000000Z;22.46;22.51;4999;4999
2026-06-08T08:01:11.0000000Z;22.47;22.505;4999;4999
2026-06-08T08:01:42.0000000Z;22.47;22.505;4999;4999
2026-06-08T08:02:12.0000000Z;22.47;22.505;4999;4999
2026-06-08T08:02:41.0000000Z;22.465;22.51;4999;4999
2026-06-08T08:02:49.0000000Z;22.465;22.505;4999;4999
2026-06-08T08:02:51.0000000Z;22.46;22.505;4999;4999
2026-06-08T08:03:21.0000000Z;22.46;22.505;4999;4999
2026-06-08T08:03:32.0000000Z;22.46;22.5;4999;4999
2026-06-08T08:04:02.0000000Z;22.46;22.5;4999;4999
2026-06-08T08:04:33.0000000Z;22.46;22.5;4999;4999
2026-06-08T08:04:44.0000000Z;22.47;22.5;4999;4999
2026-06-08T08:04:45.0000000Z;22.47;22.505;4999;4999
2026-06-08T08:05:15.0000000Z;22.47;22.505;4999;4999
2026-06-08T08:05:24.0000000Z;22.485;22.505;4999;4999
2026-06-08T08:05:55.0000000Z;22.485;22.505;4999;4999
2026-06-08T08:06:25.0000000Z;22.485;22.505;4999;4999
2026-06-08T08:06:56.0000000Z;22.485;22.505;4999;4999
2026-06-08T08:07:26.0000000Z;22.485;22.505;4999;4999
2026-06-08T08:07:57.0000000Z;22.485;22.505;4999;4999
2026-06-08T08:08:01.0000000Z;22.48;22.505;4999;4999
2026-06-08T08:08:31.0000000Z;22.48;22.505;4999;4999
2026-06-08T08:08:56.0000000Z;22.475;22.5;4999;4999
2026-06-08T08:08:58.0000000Z;22.47;22.5;4999;4999
2026-06-08T08:09:29.0000000Z;22.47;22.5;4999;4999
2026-06-08T08:09:59.0000000Z;22.47;22.5;4999;4999
2026-06-08T08:10:13.0000000Z;22.47;22.505;4999;4999
2026-06-08T08:10:22.0000000Z;22.485;22.505;4999;4999
2026-06-08T08:10:52.0000000Z;22.485;22.505;4999;4999
2026-06-08T08:11:10.0000000Z;22.48;22.505;4999;4999
2026-06-08T08:11:41.0000000Z;22.48;22.505;4999;4999
2026-06-08T08:12:11.0000000Z;22.48;22.505;4999;4999
2026-06-08T08:12:42.0000000Z;22.48;22.505;4999;4999
2026-06-08T08:13:12.0000000Z;22.48;22.505;4999;4999
2026-06-08T08:13:43.0000000Z;22.48;22.505;4999;4999
2026-06-08T08:14:13.0000000Z;22.48;22.505;4999;4999
2026-06-08T08:14:44.0000000Z;22.48;22.505;4999;4999
2026-06-08T08:15:14.0000000Z;22.48;22.505;4999;4999
2026-06-08T08:15:45.0000000Z;22.48;22.505;4999;4999
2026-06-08T08:16:15.0000000Z;22.48;22.505;4999;4999
2026-06-08T08:16:46.0000000Z;22.48;22.505;4999;4999
2026-06-08T08:16:56.0000000Z;22.485;22.505;4999;4999
2026-06-08T08:17:27.0000000Z;22.485;22.505;4999;4999
2026-06-08T08:17:57.0000000Z;22.485;22.505;4999;4999
2026-06-08T08:18:08.0000000Z;22.48;22.505;4999;4999
2026-06-08T08:18:39.0000000Z;22.48;22.505;4999;4999
2026-06-08T08:19:09.0000000Z;22.48;22.505;4999;4999
2026-06-08T08:19:40.0000000Z;22.48;22.505;4999;4999
2026-06-08T08:20:10.0000000Z;22.48;22.505;4999;4999
2026-06-08T08:20:17.0000000Z;22.495;22.505;4999;4999
2026-06-08T08:20:48.0000000Z;22.495;22.505;4999;4999
2026-06-08T08:21:19.0000000Z;22.495;22.505;4999;4999
2026-06-08T08:21:49.0000000Z;22.495;22.505;4999;4999
2026-06-08T08:22:06.0000000Z;22.495;22.515;4999;4999
2026-06-08T08:22:12.0000000Z;22.49;22.515;4999;4999
2026-06-08T08:22:38.0000000Z;22.485;22.515;4999;4999
2026-06-08T08:23:08.0000000Z;22.485;22.515;4999;4999
2026-06-08T08:23:09.0000000Z;22.485;22.505;4999;4999
2026-06-08T08:23:40.0000000Z;22.485;22.505;4999;4999
2026-06-08T08:24:10.0000000Z;22.485;22.505;4999;4999
2026-06-08T08:24:41.0000000Z;22.485;22.505;4999;4999
2026-06-08T08:25:11.0000000Z;22.485;22.505;4999;4999
2026-06-08T08:25:42.0000000Z;22.485;22.505;4999;4999
2026-06-08T08:26:12.0000000Z;22.485;22.505;4999;4999
2026-06-08T08:26:43.0000000Z;22.485;22.505;4999;4999
2026-06-08T08:27:14.0000000Z;22.485;22.505;4999;4999
2026-06-08T08:27:44.0000000Z;22.485;22.505;4999;4999
2026-06-08T08:28:15.0000000Z;22.485;22.505;4999;4999
2026-06-08T08:28:45.0000000Z;22.485;22.505;4999;4999
2026-06-08T08:29:16.0000000Z;22.485;22.505;4999;4999
2026-06-08T08:29:27.0000000Z;22.48;22.505;4999;4999
2026-06-08T08:29:58.0000000Z;22.48;22.505;4999;4999
2026-06-08T08:30:29.0000000Z;22.48;22.505;4999;4999
2026-06-08T08:30:59.0000000Z;22.48;22.505;4999;4999
2026-06-08T08:31:30.0000000Z;22.48;22.505;4999;4999
2026-06-08T08:32:00.0000000Z;22.485;22.505;4999;4999
2026-06-08T08:32:15.0000000Z;22.495;22.505;4999;4999
2026-06-08T08:32:20.0000000Z;22.5;22.505;4999;4999
2026-06-08T08:32:22.0000000Z;22.5;22.55;4999;4999
2026-06-08T08:32:26.0000000Z;22.5;22.545;4999;4999
2026-06-08T08:32:45.0000000Z;22.5;22.525;4999;4999
2026-06-08T08:33:16.0000000Z;22.5;22.525;4999;4999
2026-06-08T08:33:46.0000000Z;22.5;22.525;4999;4999
2026-06-08T08:34:17.0000000Z;22.5;22.525;4999;4999
2026-06-08T08:34:47.0000000Z;22.5;22.525;4999;4999
2026-06-08T08:35:18.0000000Z;22.5;22.525;4999;4999
2026-06-08T08:35:49.0000000Z;22.5;22.525;4999;4999
2026-06-08T08:36:19.0000000Z;22.5;22.525;4999;4999
2026-06-08T08:36:50.0000000Z;22.5;22.525;4999;4999
2026-06-08T08:37:14.0000000Z;22.5;22.515;4999;4999
2026-06-08T08:37:23.0000000Z;22.485;22.515;4999;4999
2026-06-08T08:37:54.0000000Z;22.485;22.515;4999;4999
2026-06-08T08:38:24.0000000Z;22.485;22.515;4999;4999
2026-06-08T08:38:55.0000000Z;22.485;22.515;4999;4999
2026-06-08T08:39:25.0000000Z;22.485;22.515;4999;4999
2026-06-08T08:39:56.0000000Z;22.485;22.515;4999;4999
2026-06-08T08:40:27.0000000Z;22.485;22.515;4999;4999
2026-06-08T08:40:57.0000000Z;22.485;22.515;4999;4999
2026-06-08T08:41:22.0000000Z;22.485;22.525;4999;4999
2026-06-08T08:41:53.0000000Z;22.485;22.525;4999;4999
2026-06-08T08:42:23.0000000Z;22.485;22.525;4999;4999
2026-06-08T08:42:54.0000000Z;22.485;22.525;4999;4999
2026-06-08T08:43:24.0000000Z;22.485;22.525;4999;4999
2026-06-08T08:43:55.0000000Z;22.485;22.525;4999;4999
2026-06-08T08:44:25.0000000Z;22.485;22.525;4999;4999
2026-06-08T08:44:49.0000000Z;22.485;22.515;4999;4999
2026-06-08T08:45:02.0000000Z;22.47;22.515;4999;4999
2026-06-08T08:45:32.0000000Z;22.47;22.515;4999;4999
2026-06-08T08:46:02.0000000Z;22.47;22.515;4999;4999
2026-06-08T08:46:33.0000000Z;22.47;22.515;4999;4999
2026-06-08T08:47:03.0000000Z;22.47;22.515;4999;4999
2026-06-08T08:47:19.0000000Z;22.47;22.51;4999;4999
2026-06-08T08:47:42.0000000Z;22.47;22.515;4999;4999
2026-06-08T08:48:07.0000000Z;22.47;22.51;4999;4999
2026-06-08T08:48:37.0000000Z;22.47;22.515;4999;4999
2026-06-08T08:48:45.0000000Z;22.47;22.51;4999;4999
2026-06-08T08:49:05.0000000Z;22.47;22.515;4999;4999
2026-06-08T08:49:36.0000000Z;22.47;22.515;4999;4999
2026-06-08T08:50:06.0000000Z;22.47;22.515;4999;4999
2026-06-08T08:50:37.0000000Z;22.47;22.515;4999;4999
2026-06-08T08:51:07.0000000Z;22.47;22.515;4999;4999
2026-06-08T08:51:38.0000000Z;22.47;22.515;4999;4999
2026-06-08T08:52:08.0000000Z;22.47;22.515;4999;4999
2026-06-08T08:52:39.0000000Z;22.47;22.515;4999;4999
2026-06-08T08:53:09.0000000Z;22.47;22.515;4999;4999
2026-06-08T08:53:40.0000000Z;22.47;22.515;4999;4999
2026-06-08T08:54:11.0000000Z;22.47;22.515;4999;4999
2026-06-08T08:54:41.0000000Z;22.47;22.515;4999;4999
2026-06-08T08:55:12.0000000Z;22.47;22.515;4999;4999
2026-06-08T08:55:42.0000000Z;22.47;22.515;4999;4999
2026-06-08T08:56:13.0000000Z;22.47;22.515;4999;4999
2026-06-08T08:56:43.0000000Z;22.47;22.515;4999;4999
2026-06-08T08:57:14.0000000Z;22.47;22.515;4999;4999
2026-06-08T08:57:44.0000000Z;22.47;22.515;4999;4999
2026-06-08T08:58:15.0000000Z;22.47;22.515;4999;4999
2026-06-08T08:58:45.0000000Z;22.47;22.515;4999;4999
2026-06-08T08:59:16.0000000Z;22.47;22.515;4999;4999
2026-06-08T08:59:25.0000000Z;22.48;22.515;4999;4999
2026-06-08T08:59:26.0000000Z;22.48;22.52;4999;4999
2026-06-08T08:59:57.0000000Z;22.48;22.525;4999;4999
2026-06-08T09:00:27.0000000Z;22.48;22.525;4999;4999
2026-06-08T09:00:35.0000000Z;22.48;22.52;4999;4999
2026-06-08T09:01:05.0000000Z;22.48;22.52;4999;4999
2026-06-08T09:01:35.0000000Z;22.48;22.52;4999;4999
2026-06-08T09:02:06.0000000Z;22.48;22.52;4999;4999
2026-06-08T09:02:37.0000000Z;22.48;22.52;4999;4999
2026-06-08T09:03:07.0000000Z;22.48;22.52;4999;4999
2026-06-08T09:03:38.0000000Z;22.48;22.52;4999;4999
2026-06-08T09:04:08.0000000Z;22.48;22.52;4999;4999
2026-06-08T09:04:39.0000000Z;22.48;22.52;4999;4999
2026-06-08T09:05:09.0000000Z;22.48;22.52;4999;4999
2026-06-08T09:05:40.0000000Z;22.48;22.52;4999;4999
2026-06-08T09:06:10.0000000Z;22.48;22.52;4999;4999
2026-06-08T09:06:31.0000000Z;22.48;22.525;4999;4999
2026-06-08T09:06:44.0000000Z;22.48;22.52;4999;4999
2026-06-08T09:07:14.0000000Z;22.48;22.52;4999;4999
2026-06-08T09:07:45.0000000Z;22.48;22.52;4999;4999
2026-06-08T09:08:15.0000000Z;22.48;22.52;4999;4999
2026-06-08T09:08:46.0000000Z;22.48;22.52;4999;4999
2026-06-08T09:09:17.0000000Z;22.48;22.52;4999;4999
2026-06-08T09:09:47.0000000Z;22.48;22.52;4999;4999
2026-06-08T09:10:18.0000000Z;22.48;22.52;4999;4999
2026-06-08T09:10:48.0000000Z;22.48;22.52;4999;4999
2026-06-08T09:11:19.0000000Z;22.48;22.52;4999;4999
2026-06-08T09:11:45.0000000Z;22.48;22.525;4999;4999
2026-06-08T09:12:16.0000000Z;22.48;22.525;4999;4999
2026-06-08T09:12:47.0000000Z;22.48;22.52;4999;4999
2026-06-08T09:13:11.0000000Z;22.48;22.525;4999;4999
2026-06-08T09:13:42.0000000Z;22.48;22.525;4999;4999
2026-06-08T09:14:12.0000000Z;22.48;22.525;4999;4999
2026-06-08T09:14:43.0000000Z;22.48;22.525;4999;4999
2026-06-08T09:15:13.0000000Z;22.48;22.525;4999;4999
2026-06-08T09:15:44.0000000Z;22.48;22.525;4999;4999
2026-06-08T09:16:02.0000000Z;22.48;22.52;4999;4999
2026-06-08T09:16:33.0000000Z;22.48;22.52;4999;4999
2026-06-08T09:17:02.0000000Z;22.49;22.53;4999;4999
2026-06-08T09:17:17.0000000Z;22.49;22.535;4999;4999
2026-06-08T09:17:34.0000000Z;22.5;22.535;4999;4999
2026-06-08T09:18:04.0000000Z;22.5;22.535;4999;4999
2026-06-08T09:18:35.0000000Z;22.5;22.535;4999;4999
2026-06-08T09:19:05.0000000Z;22.5;22.535;4999;4999
2026-06-08T09:19:36.0000000Z;22.5;22.535;4999;4999
2026-06-08T09:20:07.0000000Z;22.5;22.535;4999;4999
2026-06-08T09:20:37.0000000Z;22.5;22.535;4999;4999
2026-06-08T09:21:08.0000000Z;22.5;22.535;4999;4999
2026-06-08T09:21:38.0000000Z;22.5;22.535;4999;4999
2026-06-08T09:22:09.0000000Z;22.5;22.535;4999;4999
2026-06-08T09:22:39.0000000Z;22.5;22.535;4999;4999
2026-06-08T09:23:10.0000000Z;22.5;22.535;4999;4999
2026-06-08T09:23:40.0000000Z;22.5;22.535;4999;4999
2026-06-08T09:24:11.0000000Z;22.5;22.535;4999;4999
2026-06-08T09:24:20.0000000Z;22.5;22.54;4999;4999
2026-06-08T09:24:51.0000000Z;22.5;22.54;4999;4999
2026-06-08T09:25:21.0000000Z;22.5;22.54;4999;4999
2026-06-08T09:25:52.0000000Z;22.5;22.54;4999;4999
2026-06-08T09:26:22.0000000Z;22.5;22.54;4999;4999
2026-06-08T09:26:53.0000000Z;22.5;22.54;4999;4999
2026-06-08T09:27:24.0000000Z;22.5;22.54;4999;4999
2026-06-08T09:27:54.0000000Z;22.5;22.54;4999;4999
2026-06-08T09:28:25.0000000Z;22.5;22.54;4999;4999
2026-06-08T09:28:55.0000000Z;22.5;22.54;4999;4999
2026-06-08T09:29:26.0000000Z;22.5;22.54;4999;4999
2026-06-08T09:29:57.0000000Z;22.5;22.54;4999;4999
2026-06-08T09:30:27.0000000Z;22.5;22.54;4999;4999
2026-06-08T09:30:58.0000000Z;22.5;22.54;4999;4999
2026-06-08T09:31:28.0000000Z;22.5;22.54;4999;4999
2026-06-08T09:31:59.0000000Z;22.5;22.54;4999;4999
2026-06-08T09:32:29.0000000Z;22.5;22.54;4999;4999
2026-06-08T09:33:00.0000000Z;22.5;22.54;4999;4999
2026-06-08T09:33:30.0000000Z;22.5;22.54;4999;4999
2026-06-08T09:34:01.0000000Z;22.5;22.54;4999;4999
2026-06-08T09:34:32.0000000Z;22.5;22.54;4999;4999
2026-06-08T09:35:02.0000000Z;22.5;22.54;4999;4999
2026-06-08T09:35:33.0000000Z;22.5;22.54;4999;4999
2026-06-08T09:36:03.0000000Z;22.5;22.54;4999;4999
2026-06-08T09:36:34.0000000Z;22.5;22.54;4999;4999
2026-06-08T09:36:44.0000000Z;22.5;22.53;4999;4999
2026-06-08T09:36:47.0000000Z;22.495;22.53;4999;4999
2026-06-08T09:36:54.0000000Z;22.51;22.53;4999;4999
2026-06-08T09:36:55.0000000Z;22.51;22.54;4999;4999
2026-06-08T09:36:59.0000000Z;22.51;22.56;4999;4999
2026-06-08T09:37:03.0000000Z;22.495;22.56;4999;4999
2026-06-08T09:37:05.0000000Z;22.495;22.575;4999;4999
2026-06-08T09:37:06.0000000Z;22.5;22.57;4999;4999
2026-06-08T09:37:23.0000000Z;22.5;22.555;4999;4999
2026-06-08T09:37:46.0000000Z;22.485;22.575;4999;4999
2026-06-08T09:38:16.0000000Z;22.485;22.575;4999;4999
2026-06-08T09:38:21.0000000Z;22.485;22.56;4999;4999
2026-06-08T09:38:52.0000000Z;22.485;22.56;4999;4999
2026-06-08T09:39:22.0000000Z;22.485;22.56;4999;4999
2026-06-08T09:39:53.0000000Z;22.485;22.56;4999;4999
2026-06-08T09:40:23.0000000Z;22.485;22.56;4999;4999
2026-06-08T09:40:54.0000000Z;22.485;22.56;4999;4999
2026-06-08T09:41:25.0000000Z;22.485;22.56;4999;4999
2026-06-08T09:41:55.0000000Z;22.485;22.56;4999;4999
2026-06-08T09:42:22.0000000Z;22.485;22.55;4999;4999
2026-06-08T09:42:53.0000000Z;22.485;22.55;4999;4999
2026-06-08T09:43:23.0000000Z;22.485;22.55;4999;4999
2026-06-08T09:43:25.0000000Z;22.47;22.55;4999;4999
2026-06-08T09:43:56.0000000Z;22.47;22.55;4999;4999
2026-06-08T09:44:27.0000000Z;22.47;22.55;4999;4999
2026-06-08T09:44:38.0000000Z;22.485;22.55;4999;4999
2026-06-08T09:45:08.0000000Z;22.485;22.55;4999;4999
2026-06-08T09:45:39.0000000Z;22.485;22.55;4999;4999
2026-06-08T09:46:09.0000000Z;22.485;22.55;4999;4999
2026-06-08T09:46:40.0000000Z;22.485;22.55;4999;4999
2026-06-08T09:47:10.0000000Z;22.485;22.55;4999;4999
2026-06-08T09:47:41.0000000Z;22.485;22.55;4999;4999
2026-06-08T09:48:12.0000000Z;22.485;22.55;4999;4999
2026-06-08T09:48:42.0000000Z;22.485;22.55;4999;4999
2026-06-08T09:49:13.0000000Z;22.485;22.55;4999;4999
2026-06-08T09:49:43.0000000Z;22.485;22.55;4999;4999
2026-06-08T09:50:14.0000000Z;22.485;22.55;4999;4999
2026-06-08T09:50:44.0000000Z;22.485;22.55;4999;4999
2026-06-08T09:51:15.0000000Z;22.485;22.55;4999;4999
2026-06-08T09:51:45.0000000Z;22.485;22.55;4999;4999
2026-06-08T09:52:16.0000000Z;22.485;22.55;4999;4999
2026-06-08T09:52:47.0000000Z;22.485;22.55;4999;4999
2026-06-08T09:53:17.0000000Z;22.485;22.55;4999;4999
2026-06-08T09:53:48.0000000Z;22.485;22.55;4999;4999
2026-06-08T09:54:18.0000000Z;22.485;22.55;4999;4999
2026-06-08T09:54:49.0000000Z;22.485;22.55;4999;4999
2026-06-08T09:55:19.0000000Z;22.485;22.55;4999;4999
2026-06-08T09:55:50.0000000Z;22.485;22.55;4999;4999
2026-06-08T09:56:05.0000000Z;22.47;22.55;4999;4999
2026-06-08T09:56:35.0000000Z;22.47;22.55;4999;4999
2026-06-08T09:57:05.0000000Z;22.47;22.55;4999;4999
2026-06-08T09:57:36.0000000Z;22.47;22.55;4999;4999
2026-06-08T09:58:07.0000000Z;22.47;22.55;4999;4999
2026-06-08T09:58:37.0000000Z;22.47;22.55;4999;4999
2026-06-08T09:59:08.0000000Z;22.47;22.55;4999;4999
2026-06-08T09:59:38.0000000Z;22.47;22.55;4999;4999
2026-06-08T10:00:09.0000000Z;22.47;22.55;4999;4999
2026-06-08T10:00:36.0000000Z;22.485;22.55;4999;4999
2026-06-08T10:01:06.0000000Z;22.485;22.55;4999;4999
2026-06-08T10:01:15.0000000Z;22.485;22.535;4999;4999
2026-06-08T10:01:17.0000000Z;22.485;22.53;4999;4999
2026-06-08T10:01:48.0000000Z;22.485;22.53;4999;4999
2026-06-08T10:02:14.0000000Z;22.485;22.525;4999;4999
2026-06-08T10:02:17.0000000Z;22.485;22.52;4999;4999
2026-06-08T10:02:18.0000000Z;22.475;22.52;4999;4999
2026-06-08T10:02:49.0000000Z;22.475;22.52;4999;4999
2026-06-08T10:03:19.0000000Z;22.475;22.52;4999;4999
2026-06-08T10:03:50.0000000Z;22.475;22.52;4999;4999
2026-06-08T10:04:20.0000000Z;22.475;22.52;4999;4999
2026-06-08T10:04:51.0000000Z;22.475;22.52;4999;4999
2026-06-08T10:04:53.0000000Z;22.485;22.52;4999;4999
2026-06-08T10:04:54.0000000Z;22.485;22.53;4999;4999
2026-06-08T10:05:24.0000000Z;22.485;22.53;4999;4999
2026-06-08T10:05:55.0000000Z;22.485;22.53;4999;4999
2026-06-08T10:06:25.0000000Z;22.485;22.53;4999;4999
2026-06-08T10:06:56.0000000Z;22.485;22.53;4999;4999
2026-06-08T10:07:07.0000000Z;22.485;22.52;4999;4999
2026-06-08T10:07:11.0000000Z;22.475;22.52;4999;4999
2026-06-08T10:07:41.0000000Z;22.475;22.52;4999;4999
2026-06-08T10:08:11.0000000Z;22.475;22.52;4999;4999
2026-06-08T10:08:42.0000000Z;22.475;22.52;4999;4999
2026-06-08T10:09:12.0000000Z;22.475;22.52;4999;4999
2026-06-08T10:09:43.0000000Z;22.475;22.52;4999;4999
2026-06-08T10:10:13.0000000Z;22.475;22.52;4999;4999
2026-06-08T10:10:44.0000000Z;22.475;22.52;4999;4999
2026-06-08T10:11:14.0000000Z;22.475;22.52;4999;4999
2026-06-08T10:11:45.0000000Z;22.475;22.52;4999;4999
2026-06-08T10:12:16.0000000Z;22.475;22.52;4999;4999
2026-06-08T10:12:46.0000000Z;22.475;22.52;4999;4999
2026-06-08T10:13:17.0000000Z;22.475;22.52;4999;4999
2026-06-08T10:13:47.0000000Z;22.475;22.52;4999;4999
2026-06-08T10:14:18.0000000Z;22.475;22.52;4999;4999
2026-06-08T10:14:48.0000000Z;22.475;22.52;4999;4999
2026-06-08T10:14:55.0000000Z;22.475;22.515;4999;4999
2026-06-08T10:15:15.0000000Z;22.475;22.52;4999;4999
2026-06-08T10:15:45.0000000Z;22.475;22.52;4999;4999
2026-06-08T10:16:16.0000000Z;22.475;22.52;4999;4999
2026-06-08T10:16:46.0000000Z;22.475;22.52;4999;4999
2026-06-08T10:17:17.0000000Z;22.475;22.52;4999;4999
2026-06-08T10:17:47.0000000Z;22.475;22.52;4999;4999
2026-06-08T10:18:18.0000000Z;22.475;22.52;4999;4999
2026-06-08T10:18:49.0000000Z;22.475;22.52;4999;4999
2026-06-08T10:19:19.0000000Z;22.475;22.52;4999;4999
2026-06-08T10:19:50.0000000Z;22.475;22.52;4999;4999
2026-06-08T10:20:20.0000000Z;22.475;22.52;4999;4999
2026-06-08T10:20:51.0000000Z;22.475;22.52;4999;4999
2026-06-08T10:21:21.0000000Z;22.475;22.52;4999;4999
2026-06-08T10:21:52.0000000Z;22.475;22.52;4999;4999
2026-06-08T10:22:06.0000000Z;22.475;22.51;4999;4999
2026-06-08T10:22:36.0000000Z;22.475;22.51;4999;4999
2026-06-08T10:22:38.0000000Z;22.465;22.51;4999;4999
2026-06-08T10:23:09.0000000Z;22.465;22.51;4999;4999
2026-06-08T10:23:40.0000000Z;22.465;22.51;4999;4999
2026-06-08T10:24:08.0000000Z;22.465;22.505;4999;4999
2026-06-08T10:24:39.0000000Z;22.465;22.505;4999;4999
2026-06-08T10:25:09.0000000Z;22.465;22.505;4999;4999
2026-06-08T10:25:40.0000000Z;22.465;22.505;4999;4999
2026-06-08T10:26:10.0000000Z;22.465;22.505;4999;4999
2026-06-08T10:26:41.0000000Z;22.465;22.505;4999;4999
2026-06-08T10:27:11.0000000Z;22.465;22.505;4999;4999
2026-06-08T10:27:42.0000000Z;22.465;22.505;4999;4999
2026-06-08T10:28:13.0000000Z;22.465;22.505;4999;4999
2026-06-08T10:28:43.0000000Z;22.465;22.505;4999;4999
2026-06-08T10:29:10.0000000Z;22.465;22.51;4999;4999
2026-06-08T10:29:40.0000000Z;22.465;22.51;4999;4999
2026-06-08T10:30:11.0000000Z;22.465;22.51;4999;4999
2026-06-08T10:30:41.0000000Z;22.465;22.51;4999;4999
2026-06-08T10:31:12.0000000Z;22.465;22.51;4999;4999
2026-06-08T10:31:42.0000000Z;22.465;22.51;4999;4999
2026-06-08T10:32:13.0000000Z;22.465;22.51;4999;4999
2026-06-08T10:32:43.0000000Z;22.465;22.51;4999;4999
2026-06-08T10:33:14.0000000Z;22.465;22.51;4999;4999
2026-06-08T10:33:45.0000000Z;22.465;22.51;4999;4999
2026-06-08T10:34:15.0000000Z;22.465;22.51;4999;4999
2026-06-08T10:34:20.0000000Z;22.46;22.5;4999;4999
2026-06-08T10:34:27.0000000Z;22.46;22.51;4999;4999
2026-06-08T10:34:30.0000000Z;22.46;22.505;4999;4999
2026-06-08T10:34:53.0000000Z;22.46;22.51;4999;4999
2026-06-08T10:35:14.0000000Z;22.46;22.505;4999;4999
2026-06-08T10:35:44.0000000Z;22.46;22.505;4999;4999
2026-06-08T10:36:15.0000000Z;22.46;22.505;4999;4999
2026-06-08T10:36:45.0000000Z;22.46;22.505;4999;4999
2026-06-08T10:37:07.0000000Z;22.46;22.51;4999;4999
2026-06-08T10:37:37.0000000Z;22.46;22.51;4999;4999
2026-06-08T10:38:08.0000000Z;22.46;22.51;4999;4999
2026-06-08T10:38:38.0000000Z;22.46;22.51;4999;4999
2026-06-08T10:39:09.0000000Z;22.46;22.51;4999;4999
2026-06-08T10:39:40.0000000Z;22.46;22.51;4999;4999
2026-06-08T10:40:10.0000000Z;22.46;22.51;4999;4999
2026-06-08T10:40:41.0000000Z;22.46;22.51;4999;4999
2026-06-08T10:41:12.0000000Z;22.46;22.51;4999;4999
2026-06-08T10:41:42.0000000Z;22.46;22.51;4999;4999
2026-06-08T10:42:13.0000000Z;22.46;22.51;4999;4999
2026-06-08T10:42:33.0000000Z;22.475;22.51;4999;4999
2026-06-08T10:43:04.0000000Z;22.475;22.51;4999;4999
2026-06-08T10:43:34.0000000Z;22.475;22.51;4999;4999
2026-06-08T10:44:05.0000000Z;22.475;22.51;4999;4999
2026-06-08T10:44:35.0000000Z;22.475;22.51;4999;4999
2026-06-08T10:44:57.0000000Z;22.465;22.51;4999;4999
2026-06-08T10:45:28.0000000Z;22.465;22.51;4999;4999
2026-06-08T10:45:58.0000000Z;22.465;22.51;4999;4999
2026-06-08T10:46:26.0000000Z;22.475;22.51;4999;4999
2026-06-08T10:46:47.0000000Z;22.465;22.51;4999;4999
2026-06-08T10:47:18.0000000Z;22.465;22.51;4999;4999
2026-06-08T10:47:48.0000000Z;22.465;22.51;4999;4999
2026-06-08T10:48:19.0000000Z;22.465;22.51;4999;4999
2026-06-08T10:48:20.0000000Z;22.46;22.5;4999;4999
2026-06-08T10:48:50.0000000Z;22.46;22.5;4999;4999
2026-06-08T10:49:21.0000000Z;22.46;22.5;4999;4999
2026-06-08T10:49:51.0000000Z;22.46;22.5;4999;4999
2026-06-08T10:50:22.0000000Z;22.46;22.5;4999;4999
2026-06-08T10:50:53.0000000Z;22.46;22.5;4999;4999
2026-06-08T10:51:23.0000000Z;22.46;22.5;4999;4999
2026-06-08T10:51:54.0000000Z;22.46;22.5;4999;4999
2026-06-08T10:52:24.0000000Z;22.46;22.5;4999;4999
2026-06-08T10:52:55.0000000Z;22.46;22.5;4999;4999
2026-06-08T10:53:25.0000000Z;22.46;22.5;4999;4999
2026-06-08T10:53:56.0000000Z;22.46;22.5;4999;4999
2026-06-08T10:54:26.0000000Z;22.46;22.5;4999;4999
2026-06-08T10:54:57.0000000Z;22.46;22.5;4999;4999
2026-06-08T10:55:28.0000000Z;22.46;22.5;4999;4999
2026-06-08T10:55:58.0000000Z;22.46;22.5;4999;4999
2026-06-08T10:56:29.0000000Z;22.46;22.5;4999;4999
2026-06-08T10:56:59.0000000Z;22.46;22.5;4999;4999
2026-06-08T10:57:30.0000000Z;22.46;22.5;4999;4999
2026-06-08T10:58:01.0000000Z;22.46;22.5;4999;4999
2026-06-08T10:58:31.0000000Z;22.46;22.5;4999;4999
2026-06-08T10:59:02.0000000Z;22.46;22.5;4999;4999
2026-06-08T10:59:32.0000000Z;22.46;22.5;4999;4999
2026-06-08T10:59:47.0000000Z;22.455;22.5;4999;4999
2026-06-08T11:00:17.0000000Z;22.455;22.5;4999;4999
2026-06-08T11:00:48.0000000Z;22.455;22.5;4999;4999
2026-06-08T11:01:18.0000000Z;22.455;22.5;4999;4999
2026-06-08T11:01:49.0000000Z;22.455;22.5;4999;4999
2026-06-08T11:02:01.0000000Z;22.455;22.495;4999;4999
2026-06-08T11:02:32.0000000Z;22.455;22.495;4999;4999
2026-06-08T11:02:36.0000000Z;22.455;22.5;4999;4999
2026-06-08T11:03:01.0000000Z;22.455;22.5;4999;4999
2026-06-08T11:03:32.0000000Z;22.455;22.5;4999;4999
2026-06-08T11:04:03.0000000Z;22.455;22.5;4999;4999
2026-06-08T11:04:33.0000000Z;22.455;22.5;4999;4999
2026-06-08T11:05:04.0000000Z;22.455;22.5;4999;4999
2026-06-08T11:05:35.0000000Z;22.455;22.5;4999;4999
2026-06-08T11:06:05.0000000Z;22.455;22.5;4999;4999
2026-06-08T11:06:36.0000000Z;22.455;22.5;4999;4999
2026-06-08T11:07:06.0000000Z;22.455;22.5;4999;4999
2026-06-08T11:07:37.0000000Z;22.455;22.5;4999;4999
2026-06-08T11:08:08.0000000Z;22.455;22.5;4999;4999
2026-06-08T11:08:29.0000000Z;22.47;22.5;4999;4999
2026-06-08T11:09:00.0000000Z;22.47;22.5;4999;4999
2026-06-08T11:09:10.0000000Z;22.47;22.505;4999;4999
2026-06-08T11:09:41.0000000Z;22.47;22.505;4999;4999
2026-06-08T11:09:44.0000000Z;22.47;22.51;4999;4999
2026-06-08T11:10:15.0000000Z;22.47;22.51;4999;4999
2026-06-08T11:10:46.0000000Z;22.47;22.51;4999;4999
2026-06-08T11:10:49.0000000Z;22.485;22.51;4999;4999
2026-06-08T11:11:00.0000000Z;22.495;22.51;4999;4999
2026-06-08T11:11:10.0000000Z;22.48;22.51;4999;4999
2026-06-08T11:11:22.0000000Z;22.465;22.51;4999;4999
2026-06-08T11:11:52.0000000Z;22.465;22.515;4999;4999
2026-06-08T11:12:23.0000000Z;22.465;22.515;4999;4999
2026-06-08T11:12:54.0000000Z;22.465;22.515;4999;4999
2026-06-08T11:13:02.0000000Z;22.47;22.515;4999;4999
2026-06-08T11:13:32.0000000Z;22.47;22.515;4999;4999
2026-06-08T11:14:03.0000000Z;22.47;22.515;4999;4999
2026-06-08T11:14:33.0000000Z;22.47;22.515;4999;4999
2026-06-08T11:15:02.0000000Z;22.47;22.51;4999;4999
2026-06-08T11:15:09.0000000Z;22.485;22.51;4999;4999
2026-06-08T11:15:13.0000000Z;22.485;22.515;4999;4999
2026-06-08T11:15:19.0000000Z;22.485;22.52;4999;4999
2026-06-08T11:15:49.0000000Z;22.485;22.52;4999;4999
2026-06-08T11:15:50.0000000Z;22.475;22.52;4999;4999
2026-06-08T11:16:20.0000000Z;22.475;22.52;4999;4999
2026-06-08T11:16:50.0000000Z;22.475;22.52;4999;4999
2026-06-08T11:17:21.0000000Z;22.475;22.52;4999;4999
2026-06-08T11:17:51.0000000Z;22.475;22.52;4999;4999
2026-06-08T11:18:22.0000000Z;22.475;22.52;4999;4999
2026-06-08T11:18:49.0000000Z;22.485;22.52;4999;4999
2026-06-08T11:19:20.0000000Z;22.485;22.52;4999;4999
2026-06-08T11:19:50.0000000Z;22.485;22.52;4999;4999
2026-06-08T11:20:07.0000000Z;22.485;22.51;4999;4999
2026-06-08T11:20:34.0000000Z;22.485;22.5;4999;4999
2026-06-08T11:20:40.0000000Z;22.47;22.5;4999;4999
2026-06-08T11:21:10.0000000Z;22.47;22.5;4999;4999
2026-06-08T11:21:41.0000000Z;22.47;22.5;4999;4999
2026-06-08T11:21:57.0000000Z;22.47;22.51;4999;4999
2026-06-08T11:22:28.0000000Z;22.47;22.51;4999;4999
2026-06-08T11:22:58.0000000Z;22.47;22.51;4999;4999
2026-06-08T11:23:29.0000000Z;22.47;22.51;4999;4999
2026-06-08T11:23:59.0000000Z;22.47;22.51;4999;4999
2026-06-08T11:24:30.0000000Z;22.47;22.51;4999;4999
2026-06-08T11:25:00.0000000Z;22.47;22.51;4999;4999
2026-06-08T11:25:31.0000000Z;22.47;22.51;4999;4999
2026-06-08T11:26:01.0000000Z;22.47;22.51;4999;4999
2026-06-08T11:26:32.0000000Z;22.47;22.51;4999;4999
2026-06-08T11:26:56.0000000Z;22.485;22.51;4999;4999
2026-06-08T11:27:27.0000000Z;22.485;22.51;4999;4999
2026-06-08T11:27:57.0000000Z;22.485;22.51;4999;4999
2026-06-08T11:28:28.0000000Z;22.485;22.51;4999;4999
2026-06-08T11:28:58.0000000Z;22.485;22.51;4999;4999
2026-06-08T11:29:29.0000000Z;22.485;22.51;4999;4999
2026-06-08T11:29:59.0000000Z;22.485;22.51;4999;4999
2026-06-08T11:30:30.0000000Z;22.485;22.51;4999;4999
2026-06-08T11:31:00.0000000Z;22.485;22.51;4999;4999
2026-06-08T11:31:31.0000000Z;22.485;22.51;4999;4999
2026-06-08T11:32:02.0000000Z;22.485;22.51;4999;4999
2026-06-08T11:32:32.0000000Z;22.485;22.51;4999;4999
2026-06-08T11:33:03.0000000Z;22.485;22.51;4999;4999
2026-06-08T11:33:33.0000000Z;22.485;22.51;4999;4999
2026-06-08T11:34:04.0000000Z;22.485;22.51;4999;4999
2026-06-08T11:34:34.0000000Z;22.485;22.51;4999;4999
2026-06-08T11:34:49.0000000Z;22.5;22.51;4999;4999
2026-06-08T11:35:19.0000000Z;22.5;22.51;4999;4999
2026-06-08T11:35:50.0000000Z;22.5;22.51;4999;4999
2026-06-08T11:36:20.0000000Z;22.5;22.51;4999;4999
2026-06-08T11:36:34.0000000Z;22.5;22.56;4999;4999
2026-06-08T11:36:42.0000000Z;22.5;22.555;4999;4999
2026-06-08T11:36:46.0000000Z;22.5;22.565;4999;4999
2026-06-08T11:36:50.0000000Z;22.5;22.52;4999;4999
2026-06-08T11:37:20.0000000Z;22.5;22.52;4999;4999
2026-06-08T11:37:51.0000000Z;22.5;22.52;4999;4999
2026-06-08T11:38:21.0000000Z;22.5;22.52;4999;4999
2026-06-08T11:38:52.0000000Z;22.5;22.52;4999;4999
2026-06-08T11:39:22.0000000Z;22.5;22.52;4999;4999
2026-06-08T11:39:53.0000000Z;22.5;22.52;4999;4999
2026-06-08T11:40:23.0000000Z;22.5;22.52;4999;4999
2026-06-08T11:40:54.0000000Z;22.5;22.52;4999;4999
2026-06-08T11:41:24.0000000Z;22.5;22.52;4999;4999
2026-06-08T11:41:55.0000000Z;22.5;22.52;4999;4999
2026-06-08T11:42:26.0000000Z;22.5;22.52;4999;4999
2026-06-08T11:42:56.0000000Z;22.5;22.52;4999;4999
2026-06-08T11:43:27.0000000Z;22.5;22.52;4999;4999
2026-06-08T11:43:57.0000000Z;22.5;22.52;4999;4999
2026-06-08T11:44:28.0000000Z;22.5;22.52;4999;4999
2026-06-08T11:44:58.0000000Z;22.5;22.52;4999;4999
2026-06-08T11:45:29.0000000Z;22.5;22.52;4999;4999
2026-06-08T11:45:56.0000000Z;22.515;22.52;4999;4999
2026-06-08T11:46:27.0000000Z;22.515;22.52;4999;4999
2026-06-08T11:46:57.0000000Z;22.515;22.52;4999;4999
2026-06-08T11:47:00.0000000Z;22.5;22.52;4999;4999
2026-06-08T11:47:31.0000000Z;22.5;22.52;4999;4999
2026-06-08T11:48:01.0000000Z;22.5;22.52;4999;4999
2026-06-08T11:48:32.0000000Z;22.5;22.52;4999;4999
2026-06-08T11:49:02.0000000Z;22.5;22.52;4999;4999
2026-06-08T11:49:33.0000000Z;22.5;22.52;4999;4999
2026-06-08T11:50:04.0000000Z;22.5;22.52;4999;4999
2026-06-08T11:50:34.0000000Z;22.5;22.52;4999;4999
2026-06-08T11:51:05.0000000Z;22.5;22.52;4999;4999
2026-06-08T11:51:35.0000000Z;22.5;22.52;4999;4999
2026-06-08T11:52:06.0000000Z;22.5;22.52;4999;4999
2026-06-08T11:52:36.0000000Z;22.5;22.52;4999;4999
2026-06-08T11:53:07.0000000Z;22.5;22.52;4999;4999
2026-06-08T11:53:37.0000000Z;22.5;22.52;4999;4999
2026-06-08T11:54:08.0000000Z;22.5;22.52;4999;4999
2026-06-08T11:54:28.0000000Z;22.495;22.52;4999;4999
2026-06-08T11:54:32.0000000Z;22.495;22.51;4999;4999
2026-06-08T11:55:02.0000000Z;22.495;22.51;4999;4999
2026-06-08T11:55:22.0000000Z;22.5;22.51;4999;4999
2026-06-08T11:55:52.0000000Z;22.5;22.51;4999;4999
2026-06-08T11:56:22.0000000Z;22.5;22.51;4999;4999
2026-06-08T11:56:53.0000000Z;22.5;22.51;4999;4999
2026-06-08T11:57:24.0000000Z;22.5;22.51;4999;4999
2026-06-08T11:57:54.0000000Z;22.5;22.51;4999;4999
2026-06-08T11:58:25.0000000Z;22.5;22.51;4999;4999
2026-06-08T11:58:55.0000000Z;22.5;22.51;4999;4999
2026-06-08T11:59:26.0000000Z;22.5;22.51;4999;4999
2026-06-08T11:59:56.0000000Z;22.5;22.51;4999;4999
2026-06-08T12:00:06.0000000Z;22.495;22.51;4999;4999
2026-06-08T12:00:37.0000000Z;22.495;22.51;4999;4999
2026-06-08T12:00:53.0000000Z;22.495;22.57;4999;4999
2026-06-08T12:01:07.0000000Z;22.495;22.56;4999;4999
2026-06-08T12:01:17.0000000Z;22.495;22.555;4999;4999
2026-06-08T12:01:40.0000000Z;22.495;22.515;4999;4999
2026-06-08T12:02:11.0000000Z;22.495;22.515;4999;4999
2026-06-08T12:02:41.0000000Z;22.495;22.515;4999;4999
2026-06-08T12:03:10.0000000Z;22.495;22.505;4999;4999
2026-06-08T12:03:41.0000000Z;22.495;22.505;4999;4999
2026-06-08T12:04:12.0000000Z;22.495;22.505;4999;4999
2026-06-08T12:04:42.0000000Z;22.495;22.505;4999;4999
2026-06-08T12:05:13.0000000Z;22.495;22.505;4999;4999
2026-06-08T12:05:43.0000000Z;22.495;22.505;4999;4999
2026-06-08T12:06:14.0000000Z;22.495;22.505;4999;4999
2026-06-08T12:06:44.0000000Z;22.495;22.505;4999;4999
2026-06-08T12:07:15.0000000Z;22.495;22.505;4999;4999
2026-06-08T12:07:45.0000000Z;22.495;22.505;4999;4999
2026-06-08T12:08:16.0000000Z;22.495;22.505;4999;4999
2026-06-08T12:08:47.0000000Z;22.495;22.505;4999;4999
2026-06-08T12:09:17.0000000Z;22.495;22.505;4999;4999
2026-06-08T12:09:48.0000000Z;22.495;22.505;4999;4999
2026-06-08T12:09:53.0000000Z;22.495;22.515;4999;4999
2026-06-08T12:10:23.0000000Z;22.495;22.515;4999;4999
2026-06-08T12:10:54.0000000Z;22.495;22.515;4999;4999
2026-06-08T12:11:24.0000000Z;22.495;22.515;4999;4999
2026-06-08T12:11:55.0000000Z;22.495;22.515;4999;4999
2026-06-08T12:12:25.0000000Z;22.495;22.515;4999;4999
2026-06-08T12:12:56.0000000Z;22.495;22.515;4999;4999
2026-06-08T12:13:26.0000000Z;22.495;22.515;4999;4999
2026-06-08T12:13:57.0000000Z;22.495;22.515;4999;4999
2026-06-08T12:14:27.0000000Z;22.495;22.515;4999;4999
2026-06-08T12:14:58.0000000Z;22.495;22.515;4999;4999
2026-06-08T12:15:29.0000000Z;22.495;22.515;4999;4999
2026-06-08T12:15:59.0000000Z;22.495;22.515;4999;4999
2026-06-08T12:16:30.0000000Z;22.495;22.515;4999;4999
2026-06-08T12:17:00.0000000Z;22.495;22.515;4999;4999
2026-06-08T12:17:31.0000000Z;22.495;22.515;4999;4999
2026-06-08T12:18:01.0000000Z;22.495;22.515;4999;4999
2026-06-08T12:18:32.0000000Z;22.495;22.515;4999;4999
2026-06-08T12:19:02.0000000Z;22.495;22.515;4999;4999
2026-06-08T12:19:33.0000000Z;22.495;22.515;4999;4999
2026-06-08T12:20:04.0000000Z;22.495;22.515;4999;4999
2026-06-08T12:20:34.0000000Z;22.495;22.515;4999;4999
2026-06-08T12:21:05.0000000Z;22.495;22.515;4999;4999
2026-06-08T12:21:35.0000000Z;22.495;22.515;4999;4999
2026-06-08T12:21:49.0000000Z;22.495;22.52;4999;4999
2026-06-08T12:22:19.0000000Z;22.495;22.52;4999;4999
2026-06-08T12:22:50.0000000Z;22.495;22.52;4999;4999
2026-06-08T12:23:20.0000000Z;22.495;22.52;4999;4999
2026-06-08T12:23:51.0000000Z;22.495;22.52;4999;4999
2026-06-08T12:24:21.0000000Z;22.495;22.52;4999;4999
2026-06-08T12:24:52.0000000Z;22.495;22.52;4999;4999
2026-06-08T12:25:22.0000000Z;22.495;22.52;4999;4999
2026-06-08T12:25:53.0000000Z;22.495;22.52;4999;4999
2026-06-08T12:26:23.0000000Z;22.495;22.52;4999;4999
2026-06-08T12:26:54.0000000Z;22.495;22.52;4999;4999
2026-06-08T12:27:24.0000000Z;22.495;22.52;4999;4999
2026-06-08T12:27:55.0000000Z;22.495;22.52;4999;4999
2026-06-08T12:28:25.0000000Z;22.495;22.52;4999;4999
2026-06-08T12:28:56.0000000Z;22.495;22.52;4999;4999
2026-06-08T12:29:27.0000000Z;22.495;22.52;4999;4999
2026-06-08T12:29:57.0000000Z;22.495;22.52;4999;4999
2026-06-08T12:30:28.0000000Z;22.495;22.52;4999;4999
2026-06-08T12:30:58.0000000Z;22.495;22.52;4999;4999
2026-06-08T12:31:29.0000000Z;22.495;22.52;4999;4999
2026-06-08T12:31:34.0000000Z;22.495;22.53;4999;4999
2026-06-08T12:32:04.0000000Z;22.495;22.53;4999;4999
2026-06-08T12:32:35.0000000Z;22.495;22.53;4999;4999
2026-06-08T12:33:06.0000000Z;22.495;22.53;4999;4999
2026-06-08T12:33:36.0000000Z;22.495;22.53;4999;4999
2026-06-08T12:34:07.0000000Z;22.495;22.53;4999;4999
2026-06-08T12:34:37.0000000Z;22.495;22.53;4999;4999
2026-06-08T12:35:08.0000000Z;22.495;22.53;4999;4999
2026-06-08T12:35:38.0000000Z;22.495;22.53;4999;4999
2026-06-08T12:36:09.0000000Z;22.495;22.53;4999;4999
2026-06-08T12:36:39.0000000Z;22.495;22.53;4999;4999
2026-06-08T12:37:10.0000000Z;22.495;22.53;4999;4999
2026-06-08T12:37:41.0000000Z;22.495;22.53;4999;4999
2026-06-08T12:38:11.0000000Z;22.495;22.53;4999;4999
2026-06-08T12:38:42.0000000Z;22.495;22.53;4999;4999
2026-06-08T12:39:12.0000000Z;22.495;22.53;4999;4999
2026-06-08T12:39:43.0000000Z;22.495;22.53;4999;4999
2026-06-08T12:40:14.0000000Z;22.495;22.53;4999;4999
2026-06-08T12:40:22.0000000Z;22.495;22.54;4999;4999
2026-06-08T12:40:53.0000000Z;22.495;22.54;4999;4999
2026-06-08T12:41:02.0000000Z;22.495;22.53;4999;4999
2026-06-08T12:41:32.0000000Z;22.495;22.53;4999;4999
2026-06-08T12:42:02.0000000Z;22.495;22.53;4999;4999
2026-06-08T12:42:33.0000000Z;22.495;22.53;4999;4999
2026-06-08T12:42:40.0000000Z;22.495;22.52;4999;4999
2026-06-08T12:42:46.0000000Z;22.495;22.53;4999;4999
2026-06-08T12:43:03.0000000Z;22.5;22.53;4999;4999
2026-06-08T12:43:34.0000000Z;22.5;22.53;4999;4999
2026-06-08T12:44:04.0000000Z;22.5;22.53;4999;4999
2026-06-08T12:44:35.0000000Z;22.5;22.53;4999;4999
2026-06-08T12:44:36.0000000Z;22.51;22.53;4999;4999
2026-06-08T12:45:02.0000000Z;22.5;22.53;4999;4999
2026-06-08T12:45:32.0000000Z;22.5;22.53;4999;4999
2026-06-08T12:46:03.0000000Z;22.5;22.53;4999;4999
2026-06-08T12:46:33.0000000Z;22.5;22.53;4999;4999
2026-06-08T12:47:04.0000000Z;22.5;22.53;4999;4999
2026-06-08T12:47:34.0000000Z;22.5;22.53;4999;4999
2026-06-08T12:48:05.0000000Z;22.5;22.53;4999;4999
2026-06-08T12:48:36.0000000Z;22.5;22.53;4999;4999
2026-06-08T12:49:06.0000000Z;22.5;22.53;4999;4999
2026-06-08T12:49:37.0000000Z;22.5;22.53;4999;4999
2026-06-08T12:50:07.0000000Z;22.5;22.53;4999;4999
2026-06-08T12:50:38.0000000Z;22.5;22.53;4999;4999
2026-06-08T12:51:08.0000000Z;22.5;22.53;4999;4999
2026-06-08T12:51:39.0000000Z;22.5;22.53;4999;4999
2026-06-08T12:52:09.0000000Z;22.5;22.53;4999;4999
2026-06-08T12:52:40.0000000Z;22.5;22.53;4999;4999
2026-06-08T12:53:11.0000000Z;22.5;22.53;4999;4999
2026-06-08T12:53:41.0000000Z;22.5;22.53;4999;4999
2026-06-08T12:54:12.0000000Z;22.5;22.53;4999;4999
2026-06-08T12:54:42.0000000Z;22.5;22.53;4999;4999
2026-06-08T12:55:13.0000000Z;22.5;22.53;4999;4999
2026-06-08T12:55:43.0000000Z;22.5;22.53;4999;4999
2026-06-08T12:56:14.0000000Z;22.5;22.53;4999;4999
2026-06-08T12:56:45.0000000Z;22.5;22.53;4999;4999
2026-06-08T12:57:15.0000000Z;22.5;22.53;4999;4999
2026-06-08T12:57:46.0000000Z;22.5;22.53;4999;4999
2026-06-08T12:58:16.0000000Z;22.5;22.53;4999;4999
2026-06-08T12:58:47.0000000Z;22.5;22.53;4999;4999
2026-06-08T12:59:17.0000000Z;22.5;22.53;4999;4999
2026-06-08T12:59:48.0000000Z;22.5;22.53;4999;4999
2026-06-08T13:00:15.0000000Z;22.5;22.52;4999;4999
2026-06-08T13:00:25.0000000Z;22.495;22.52;4999;4999
2026-06-08T13:00:36.0000000Z;22.5;22.52;4999;4999
2026-06-08T13:01:06.0000000Z;22.5;22.52;4999;4999
2026-06-08T13:01:15.0000000Z;22.5;22.53;4999;4999
2026-06-08T13:01:45.0000000Z;22.5;22.53;4999;4999
2026-06-08T13:02:16.0000000Z;22.5;22.53;4999;4999
2026-06-08T13:02:46.0000000Z;22.5;22.53;4999;4999
2026-06-08T13:03:17.0000000Z;22.5;22.53;4999;4999
2026-06-08T13:03:48.0000000Z;22.5;22.53;4999;4999
2026-06-08T13:04:18.0000000Z;22.5;22.53;4999;4999
2026-06-08T13:04:49.0000000Z;22.5;22.53;4999;4999
2026-06-08T13:05:19.0000000Z;22.5;22.53;4999;4999
2026-06-08T13:05:50.0000000Z;22.5;22.53;4999;4999
2026-06-08T13:06:20.0000000Z;22.5;22.53;4999;4999
2026-06-08T13:06:51.0000000Z;22.5;22.53;4999;4999
2026-06-08T13:07:21.0000000Z;22.5;22.53;4999;4999
2026-06-08T13:07:52.0000000Z;22.5;22.53;4999;4999
2026-06-08T13:08:22.0000000Z;22.5;22.53;4999;4999
2026-06-08T13:08:32.0000000Z;22.51;22.53;4999;4999
2026-06-08T13:09:02.0000000Z;22.51;22.53;4999;4999
2026-06-08T13:09:14.0000000Z;22.51;22.535;4999;4999
2026-06-08T13:09:45.0000000Z;22.51;22.535;4999;4999
2026-06-08T13:10:15.0000000Z;22.51;22.535;4999;4999
2026-06-08T13:10:44.0000000Z;22.5;22.535;4999;4999
2026-06-08T13:11:14.0000000Z;22.5;22.535;4999;4999
2026-06-08T13:11:21.0000000Z;22.51;22.535;4999;4999
2026-06-08T13:11:51.0000000Z;22.51;22.535;4999;4999
2026-06-08T13:12:21.0000000Z;22.51;22.535;4999;4999
2026-06-08T13:12:52.0000000Z;22.51;22.535;4999;4999
2026-06-08T13:13:23.0000000Z;22.51;22.535;4999;4999
2026-06-08T13:13:53.0000000Z;22.51;22.535;4999;4999
2026-06-08T13:14:24.0000000Z;22.51;22.535;4999;4999
2026-06-08T13:14:54.0000000Z;22.51;22.535;4999;4999
2026-06-08T13:15:25.0000000Z;22.51;22.535;4999;4999
2026-06-08T13:15:55.0000000Z;22.51;22.535;4999;4999
2026-06-08T13:16:26.0000000Z;22.51;22.535;4999;4999
2026-06-08T13:16:57.0000000Z;22.51;22.535;4999;4999
2026-06-08T13:17:27.0000000Z;22.51;22.535;4999;4999
2026-06-08T13:17:58.0000000Z;22.51;22.535;4999;4999
2026-06-08T13:18:28.0000000Z;22.51;22.535;4999;4999
2026-06-08T13:18:59.0000000Z;22.51;22.535;4999;4999
2026-06-08T13:19:29.0000000Z;22.51;22.535;4999;4999
2026-06-08T13:20:00.0000000Z;22.51;22.535;4999;4999
2026-06-08T13:20:23.0000000Z;22.5;22.535;4999;4999
2026-06-08T13:20:53.0000000Z;22.5;22.535;4999;4999
2026-06-08T13:21:23.0000000Z;22.5;22.535;4999;4999
2026-06-08T13:21:54.0000000Z;22.5;22.535;4999;4999
2026-06-08T13:22:24.0000000Z;22.5;22.535;4999;4999
2026-06-08T13:22:51.0000000Z;22.5;22.53;4999;4999
2026-06-08T13:23:22.0000000Z;22.5;22.53;4999;4999
2026-06-08T13:23:53.0000000Z;22.5;22.53;4999;4999
2026-06-08T13:23:59.0000000Z;22.5;22.52;4999;4999
2026-06-08T13:24:02.0000000Z;22.495;22.52;4999;4999
2026-06-08T13:24:32.0000000Z;22.495;22.52;4999;4999
2026-06-08T13:25:03.0000000Z;22.495;22.52;4999;4999
2026-06-08T13:25:05.0000000Z;22.495;22.525;4999;4999
2026-06-08T13:25:35.0000000Z;22.495;22.525;4999;4999
2026-06-08T13:26:06.0000000Z;22.495;22.525;4999;4999
2026-06-08T13:26:36.0000000Z;22.495;22.525;4999;4999
2026-06-08T13:27:07.0000000Z;22.495;22.525;4999;4999
2026-06-08T13:27:38.0000000Z;22.495;22.525;4999;4999
2026-06-08T13:28:08.0000000Z;22.495;22.525;4999;4999
2026-06-08T13:28:12.0000000Z;22.495;22.57;4999;4999
2026-06-08T13:28:43.0000000Z;22.495;22.57;4999;4999
2026-06-08T13:29:13.0000000Z;22.495;22.57;4999;4999
2026-06-08T13:29:35.0000000Z;22.495;22.605;4999;4999
2026-06-08T13:30:02.0000000Z;22.495;22.59;4999;4999
2026-06-08T13:30:09.0000000Z;22.495;22.575;4999;4999
2026-06-08T13:30:14.0000000Z;22.495;22.59;4999;4999
2026-06-08T13:30:41.0000000Z;22.495;22.605;4999;4999
2026-06-08T13:30:47.0000000Z;22.495;22.59;4999;4999
2026-06-08T13:31:17.0000000Z;22.495;22.575;4999;4999
2026-06-08T13:31:41.0000000Z;22.495;22.56;4999;4999
2026-06-08T13:31:48.0000000Z;22.495;22.555;4999;4999
2026-06-08T13:31:52.0000000Z;22.495;22.545;4999;4999
2026-06-08T13:31:57.0000000Z;22.495;22.655;4999;4999
2026-06-08T13:32:12.0000000Z;22.495;22.55;4999;4999
2026-06-08T13:32:38.0000000Z;22.495;22.55;4999;4999
2026-06-08T13:33:09.0000000Z;22.495;22.55;4999;4999
2026-06-08T13:33:13.0000000Z;22.475;22.55;4999;4999
2026-06-08T13:33:24.0000000Z;22.485;22.55;4999;4999
2026-06-08T13:33:54.0000000Z;22.485;22.55;4999;4999
2026-06-08T13:33:59.0000000Z;22.485;22.53;4999;4999
2026-06-08T13:34:09.0000000Z;22.47;22.53;4999;4999
2026-06-08T13:34:39.0000000Z;22.47;22.53;4999;4999
2026-06-08T13:34:58.0000000Z;22.47;22.52;4999;4999
2026-06-08T13:35:01.0000000Z;22.47;22.515;4999;4999
2026-06-08T13:35:10.0000000Z;22.455;22.515;4999;4999
2026-06-08T13:35:33.0000000Z;22.47;22.515;4999;4999
2026-06-08T13:35:36.0000000Z;22.47;22.53;4999;4999
2026-06-08T13:36:06.0000000Z;22.47;22.53;4999;4999
2026-06-08T13:36:37.0000000Z;22.47;22.53;4999;4999
2026-06-08T13:37:07.0000000Z;22.47;22.53;4999;4999
2026-06-08T13:37:38.0000000Z;22.47;22.53;4999;4999
2026-06-08T13:37:46.0000000Z;22.47;22.52;4999;4999
2026-06-08T13:37:48.0000000Z;22.465;22.52;4999;4999
2026-06-08T13:37:50.0000000Z;22.46;22.52;4999;4999
2026-06-08T13:37:52.0000000Z;22.46;22.515;4999;4999
2026-06-08T13:38:13.0000000Z;22.47;22.515;4999;4999
2026-06-08T13:38:15.0000000Z;22.47;22.53;4999;4999
2026-06-08T13:38:46.0000000Z;22.47;22.53;4999;4999
2026-06-08T13:39:16.0000000Z;22.47;22.53;4999;4999
2026-06-08T13:39:47.0000000Z;22.47;22.53;4999;4999
2026-06-08T13:39:51.0000000Z;22.465;22.515;4999;4999
2026-06-08T13:39:54.0000000Z;22.46;22.515;4999;4999
2026-06-08T13:40:25.0000000Z;22.46;22.515;4999;4999
2026-06-08T13:40:31.0000000Z;22.455;22.515;4999;4999
2026-06-08T13:41:00.0000000Z;22.455;22.515;4999;4999
2026-06-08T13:41:31.0000000Z;22.455;22.515;4999;4999
2026-06-08T13:41:43.0000000Z;22.465;22.515;4999;4999
2026-06-08T13:41:58.0000000Z;22.47;22.515;4999;4999
2026-06-08T13:42:07.0000000Z;22.47;22.53;4999;4999
2026-06-08T13:42:37.0000000Z;22.47;22.53;4999;4999
2026-06-08T13:43:07.0000000Z;22.47;22.53;4999;4999
2026-06-08T13:43:11.0000000Z;22.48;22.53;4999;4999
2026-06-08T13:43:14.0000000Z;22.485;22.545;4999;4999
2026-06-08T13:43:26.0000000Z;22.485;22.53;4999;4999
2026-06-08T13:43:32.0000000Z;22.49;22.53;4999;4999
2026-06-08T13:43:39.0000000Z;22.5;22.53;4999;4999
2026-06-08T13:43:41.0000000Z;22.5;22.545;4999;4999
2026-06-08T13:43:46.0000000Z;22.5;22.535;4999;4999
2026-06-08T13:43:49.0000000Z;22.49;22.535;4999;4999
2026-06-08T13:43:53.0000000Z;22.485;22.535;4999;4999
2026-06-08T13:43:57.0000000Z;22.49;22.535;4999;4999
2026-06-08T13:44:11.0000000Z;22.49;22.525;4999;4999
2026-06-08T13:44:13.0000000Z;22.48;22.525;4999;4999
2026-06-08T13:44:22.0000000Z;22.485;22.525;4999;4999
2026-06-08T13:44:27.0000000Z;22.485;22.535;4999;4999
2026-06-08T13:44:33.0000000Z;22.49;22.535;4999;4999
2026-06-08T13:44:48.0000000Z;22.485;22.535;4999;4999
2026-06-08T13:44:49.0000000Z;22.485;22.525;4999;4999
2026-06-08T13:44:53.0000000Z;22.485;22.515;4999;4999
2026-06-08T13:44:54.0000000Z;22.475;22.515;4999;4999
2026-06-08T13:44:59.0000000Z;22.49;22.515;4999;4999
2026-06-08T13:45:04.0000000Z;22.49;22.535;4999;4999
2026-06-08T13:45:10.0000000Z;22.485;22.535;4999;4999
2026-06-08T13:45:15.0000000Z;22.49;22.535;4999;4999
2026-06-08T13:45:22.0000000Z;22.485;22.535;4999;4999
2026-06-08T13:45:38.0000000Z;22.485;22.525;4999;4999
2026-06-08T13:45:39.0000000Z;22.48;22.525;4999;4999
2026-06-08T13:45:42.0000000Z;22.485;22.525;4999;4999
2026-06-08T13:45:45.0000000Z;22.485;22.535;4999;4999
2026-06-08T13:46:08.0000000Z;22.495;22.535;4999;4999
2026-06-08T13:46:11.0000000Z;22.5;22.535;4999;4999
2026-06-08T13:46:13.0000000Z;22.5;22.545;4999;4999
2026-06-08T13:46:36.0000000Z;22.495;22.545;4999;4999
2026-06-08T13:46:44.0000000Z;22.5;22.545;4999;4999
2026-06-08T13:47:01.0000000Z;22.495;22.545;4999;4999
2026-06-08T13:47:02.0000000Z;22.495;22.535;4999;4999
2026-06-08T13:47:04.0000000Z;22.485;22.535;4999;4999
2026-06-08T13:47:12.0000000Z;22.495;22.535;4999;4999
2026-06-08T13:47:15.0000000Z;22.495;22.545;4999;4999
2026-06-08T13:47:18.0000000Z;22.495;22.535;4999;4999
2026-06-08T13:47:31.0000000Z;22.485;22.535;4999;4999
2026-06-08T13:47:49.0000000Z;22.495;22.535;4999;4999
2026-06-08T13:47:54.0000000Z;22.49;22.535;4999;4999
2026-06-08T13:47:59.0000000Z;22.48;22.53;4999;4999
2026-06-08T13:48:01.0000000Z;22.49;22.535;4999;4999
2026-06-08T13:48:06.0000000Z;22.495;22.535;4999;4999
2026-06-08T13:48:09.0000000Z;22.49;22.535;4999;4999
2026-06-08T13:48:11.0000000Z;22.495;22.53;4999;4999
2026-06-08T13:48:13.0000000Z;22.48;22.53;4999;4999
2026-06-08T13:48:16.0000000Z;22.49;22.53;4999;4999
2026-06-08T13:48:21.0000000Z;22.49;22.535;4999;4999
2026-06-08T13:48:22.0000000Z;22.49;22.53;4999;4999
2026-06-08T13:48:25.0000000Z;22.48;22.53;4999;4999
2026-06-08T13:48:26.0000000Z;22.48;22.525;4999;4999
2026-06-08T13:48:34.0000000Z;22.48;22.53;4999;4999
2026-06-08T13:48:40.0000000Z;22.48;22.525;4999;4999
2026-06-08T13:48:42.0000000Z;22.48;22.515;4999;4999
2026-06-08T13:48:45.0000000Z;22.47;22.515;4999;4999
2026-06-08T13:48:47.0000000Z;22.475;22.515;4999;4999
2026-06-08T13:48:48.0000000Z;22.475;22.525;4999;4999
2026-06-08T13:48:51.0000000Z;22.485;22.525;4999;4999
2026-06-08T13:48:52.0000000Z;22.485;22.535;4999;4999
2026-06-08T13:48:55.0000000Z;22.485;22.525;4999;4999
2026-06-08T13:48:56.0000000Z;22.485;22.52;4999;4999
2026-06-08T13:48:58.0000000Z;22.475;22.52;4999;4999
2026-06-08T13:49:00.0000000Z;22.475;22.525;4999;4999
2026-06-08T13:49:10.0000000Z;22.475;22.52;4999;4999
2026-06-08T13:49:15.0000000Z;22.48;22.52;4999;4999
2026-06-08T13:49:19.0000000Z;22.48;22.525;4999;4999
2026-06-08T13:49:45.0000000Z;22.485;22.525;4999;4999
2026-06-08T13:49:54.0000000Z;22.475;22.525;4999;4999
2026-06-08T13:49:56.0000000Z;22.485;22.525;4999;4999
2026-06-08T13:50:08.0000000Z;22.475;22.525;4999;4999
2026-06-08T13:50:10.0000000Z;22.485;22.525;4999;4999
2026-06-08T13:50:26.0000000Z;22.485;22.53;4999;4999
2026-06-08T13:50:37.0000000Z;22.485;22.525;4999;4999
2026-06-08T13:50:40.0000000Z;22.475;22.525;4999;4999
2026-06-08T13:50:50.0000000Z;22.475;22.52;4999;4999
2026-06-08T13:50:52.0000000Z;22.47;22.52;4999;4999
2026-06-08T13:50:56.0000000Z;22.475;22.525;4999;4999
2026-06-08T13:51:06.0000000Z;22.485;22.525;4999;4999
2026-06-08T13:51:15.0000000Z;22.475;22.525;4999;4999
2026-06-08T13:51:33.0000000Z;22.485;22.525;4999;4999
2026-06-08T13:51:35.0000000Z;22.49;22.525;4999;4999
2026-06-08T13:51:38.0000000Z;22.5;22.525;4999;4999
2026-06-08T13:51:41.0000000Z;22.49;22.525;4999;4999
2026-06-08T13:51:43.0000000Z;22.49;22.53;4999;4999
2026-06-08T13:51:49.0000000Z;22.475;22.52;4999;4999
2026-06-08T13:51:54.0000000Z;22.48;22.52;4999;4999
2026-06-08T13:51:55.0000000Z;22.49;22.52;4999;4999
2026-06-08T13:51:57.0000000Z;22.49;22.53;4999;4999
2026-06-08T13:52:16.0000000Z;22.48;22.53;4999;4999
2026-06-08T13:52:32.0000000Z;22.49;22.53;4999;4999
2026-06-08T13:52:37.0000000Z;22.495;22.53;4999;4999
2026-06-08T13:52:48.0000000Z;22.49;22.53;4999;4999
2026-06-08T13:52:51.0000000Z;22.495;22.53;4999;4999
2026-06-08T13:53:01.0000000Z;22.49;22.53;4999;4999
2026-06-08T13:53:04.0000000Z;22.495;22.53;4999;4999
2026-06-08T13:53:10.0000000Z;22.49;22.53;4999;4999
2026-06-08T13:53:23.0000000Z;22.48;22.53;4999;4999
2026-06-08T13:53:30.0000000Z;22.49;22.53;4999;4999
2026-06-08T13:53:32.0000000Z;22.495;22.53;4999;4999
2026-06-08T13:53:35.0000000Z;22.495;22.54;4999;4999
2026-06-08T13:53:49.0000000Z;22.49;22.54;4999;4999
2026-06-08T13:54:00.0000000Z;22.495;22.54;4999;4999
2026-06-08T13:54:28.0000000Z;22.505;22.54;4999;4999
2026-06-08T13:54:38.0000000Z;22.495;22.54;4999;4999
2026-06-08T13:54:43.0000000Z;22.495;22.53;4999;4999
2026-06-08T13:54:44.0000000Z;22.48;22.53;4999;4999
2026-06-08T13:54:47.0000000Z;22.49;22.53;4999;4999
2026-06-08T13:54:53.0000000Z;22.48;22.53;4999;4999
2026-06-08T13:54:58.0000000Z;22.485;22.53;4999;4999
2026-06-08T13:55:05.0000000Z;22.48;22.53;4999;4999
2026-06-08T13:55:35.0000000Z;22.48;22.53;4999;4999
2026-06-08T13:55:51.0000000Z;22.48;22.515;4999;4999
2026-06-08T13:56:00.0000000Z;22.47;22.515;4999;4999
2026-06-08T13:56:06.0000000Z;22.47;22.51;4999;4999
2026-06-08T13:56:10.0000000Z;22.48;22.52;4999;4999
2026-06-08T13:56:14.0000000Z;22.47;22.52;4999;4999
2026-06-08T13:56:16.0000000Z;22.47;22.51;4999;4999
2026-06-08T13:56:18.0000000Z;22.465;22.51;4999;4999
2026-06-08T13:56:21.0000000Z;22.47;22.51;4999;4999
2026-06-08T13:56:24.0000000Z;22.47;22.52;4999;4999
2026-06-08T13:56:46.0000000Z;22.48;22.52;4999;4999
2026-06-08T13:57:05.0000000Z;22.47;22.52;4999;4999
2026-06-08T13:57:17.0000000Z;22.47;22.51;4999;4999
2026-06-08T13:57:19.0000000Z;22.465;22.51;4999;4999
2026-06-08T13:57:21.0000000Z;22.465;22.505;4999;4999
2026-06-08T13:57:23.0000000Z;22.46;22.505;4999;4999
2026-06-08T13:57:25.0000000Z;22.465;22.505;4999;4999
2026-06-08T13:57:30.0000000Z;22.46;22.505;4999;4999
2026-06-08T13:57:34.0000000Z;22.46;22.495;4999;4999
2026-06-08T13:57:36.0000000Z;22.46;22.49;4999;4999
2026-06-08T13:57:42.0000000Z;22.46;22.505;4999;4999
2026-06-08T13:57:45.0000000Z;22.455;22.505;4999;4999
2026-06-08T13:57:54.0000000Z;22.455;22.495;4999;4999
2026-06-08T13:58:16.0000000Z;22.45;22.495;4999;4999
2026-06-08T13:58:25.0000000Z;22.45;22.49;4999;4999
2026-06-08T13:58:28.0000000Z;22.445;22.49;4999;4999
2026-06-08T13:58:36.0000000Z;22.445;22.495;4999;4999
2026-06-08T13:58:37.0000000Z;22.445;22.48;4999;4999
2026-06-08T13:58:38.0000000Z;22.44;22.48;4999;4999
2026-06-08T13:58:43.0000000Z;22.44;22.49;4999;4999
2026-06-08T13:58:45.0000000Z;22.45;22.49;4999;4999
2026-06-08T13:58:47.0000000Z;22.45;22.495;4999;4999
2026-06-08T13:58:49.0000000Z;22.46;22.495;4999;4999
2026-06-08T13:58:55.0000000Z;22.45;22.495;4999;4999
2026-06-08T13:59:08.0000000Z;22.46;22.495;4999;4999
2026-06-08T13:59:13.0000000Z;22.46;22.5;4999;4999
2026-06-08T13:59:17.0000000Z;22.46;22.5;4999;4999
2026-06-08T13:59:19.0000000Z;22.46;22.505;4999;4999
2026-06-08T13:59:34.0000000Z;22.46;22.5;4999;4999
2026-06-08T13:59:36.0000000Z;22.45;22.5;4999;4999
2026-06-08T13:59:54.0000000Z;22.46;22.51;4999;4999
2026-06-08T14:00:12.0000000Z;22.47;22.51;4999;4999
2026-06-08T14:00:13.0000000Z;22.47;22.515;4999;4999
2026-06-08T14:00:14.0000000Z;22.47;22.51;4999;4999
2026-06-08T14:00:17.0000000Z;22.47;22.5;4999;4999
2026-06-08T14:00:18.0000000Z;22.46;22.5;4999;4999
2026-06-08T14:00:19.0000000Z;22.45;22.5;4999;4999
2026-06-08T14:00:26.0000000Z;22.465;22.5;4999;4999
2026-06-08T14:00:30.0000000Z;22.475;22.51;4999;4999
2026-06-08T14:00:31.0000000Z;22.475;22.51;4999;4999
2026-06-08T14:00:33.0000000Z;22.465;22.51;4999;4999
2026-06-08T14:00:35.0000000Z;22.46;22.51;4999;4999
2026-06-08T14:00:36.0000000Z;22.46;22.5;4999;4999
2026-06-08T14:00:39.0000000Z;22.45;22.5;4999;4999
2026-06-08T14:00:47.0000000Z;22.46;22.5;4999;4999
2026-06-08T14:00:51.0000000Z;22.46;22.505;4999;4999
2026-06-08T14:00:53.0000000Z;22.465;22.505;4999;4999
2026-06-08T14:01:06.0000000Z;22.465;22.51;4999;4999
2026-06-08T14:01:07.0000000Z;22.465;22.505;4999;4999
2026-06-08T14:01:08.0000000Z;22.455;22.505;4999;4999
2026-06-08T14:01:14.0000000Z;22.46;22.505;4999;4999
2026-06-08T14:01:28.0000000Z;22.46;22.51;4999;4999
2026-06-08T14:01:46.0000000Z;22.46;22.505;4999;4999
2026-06-08T14:01:47.0000000Z;22.47;22.51;4999;4999
2026-06-08T14:01:50.0000000Z;22.47;22.515;4999;4999
2026-06-08T14:01:56.0000000Z;22.475;22.515;4999;4999
2026-06-08T14:02:04.0000000Z;22.47;22.515;4999;4999
2026-06-08T14:02:07.0000000Z;22.475;22.515;4999;4999
2026-06-08T14:02:10.0000000Z;22.47;22.515;4999;4999
2026-06-08T14:02:15.0000000Z;22.465;22.515;4999;4999
2026-06-08T14:02:45.0000000Z;22.465;22.515;4999;4999
2026-06-08T14:02:50.0000000Z;22.465;22.51;4999;4999
2026-06-08T14:02:51.0000000Z;22.46;22.51;4999;4999
2026-06-08T14:02:53.0000000Z;22.46;22.5;4999;4999
2026-06-08T14:02:55.0000000Z;22.45;22.5;4999;4999
2026-06-08T14:03:04.0000000Z;22.46;22.5;4999;4999
2026-06-08T14:03:12.0000000Z;22.465;22.5;4999;4999
2026-06-08T14:03:15.0000000Z;22.475;22.5;4999;4999
2026-06-08T14:03:18.0000000Z;22.47;22.5;4999;4999
2026-06-08T14:03:20.0000000Z;22.475;22.5;4999;4999
2026-06-08T14:03:30.0000000Z;22.475;22.5;4999;4999
2026-06-08T14:03:34.0000000Z;22.475;22.51;4999;4999
2026-06-08T14:03:36.0000000Z;22.47;22.51;4999;4999
2026-06-08T14:03:38.0000000Z;22.46;22.51;4999;4999
2026-06-08T14:03:45.0000000Z;22.46;22.5;4999;4999
2026-06-08T14:03:49.0000000Z;22.45;22.5;4999;4999
2026-06-08T14:03:53.0000000Z;22.45;22.49;4999;4999
2026-06-08T14:03:56.0000000Z;22.46;22.49;4999;4999
2026-06-08T14:04:01.0000000Z;22.46;22.51;4999;4999
2026-06-08T14:04:11.0000000Z;22.46;22.505;4999;4999
2026-06-08T14:04:13.0000000Z;22.46;22.51;4999;4999
2026-06-08T14:04:17.0000000Z;22.47;22.51;4999;4999
2026-06-08T14:04:42.0000000Z;22.46;22.51;4999;4999
2026-06-08T14:05:06.0000000Z;22.46;22.505;4999;4999
2026-06-08T14:05:09.0000000Z;22.46;22.5;4999;4999
2026-06-08T14:05:26.0000000Z;22.46;22.505;4999;4999
2026-06-08T14:05:57.0000000Z;22.465;22.505;4999;4999
2026-06-08T14:05:59.0000000Z;22.475;22.505;4999;4999
2026-06-08T14:06:08.0000000Z;22.485;22.505;4999;4999
2026-06-08T14:06:10.0000000Z;22.475;22.505;4999;4999
2026-06-08T14:06:11.0000000Z;22.485;22.52;4999;4999
2026-06-08T14:06:13.0000000Z;22.47;22.52;4999;4999
2026-06-08T14:06:14.0000000Z;22.47;22.515;4999;4999
2026-06-08T14:06:15.0000000Z;22.465;22.515;4999;4999
2026-06-08T14:06:23.0000000Z;22.47;22.515;4999;4999
2026-06-08T14:06:37.0000000Z;22.475;22.515;4999;4999
2026-06-08T14:06:39.0000000Z;22.485;22.515;4999;4999
2026-06-08T14:07:10.0000000Z;22.485;22.515;4999;4999
2026-06-08T14:07:16.0000000Z;22.465;22.515;4999;4999
2026-06-08T14:07:21.0000000Z;22.475;22.515;4999;4999
2026-06-08T14:07:30.0000000Z;22.47;22.515;4999;4999
2026-06-08T14:07:32.0000000Z;22.47;22.51;4999;4999
2026-06-08T14:07:36.0000000Z;22.46;22.51;4999;4999
2026-06-08T14:07:45.0000000Z;22.47;22.51;4999;4999
2026-06-08T14:07:48.0000000Z;22.485;22.51;4999;4999
2026-06-08T14:07:54.0000000Z;22.485;22.515;4999;4999
2026-06-08T14:08:03.0000000Z;22.475;22.515;4999;4999
2026-06-08T14:08:04.0000000Z;22.485;22.515;4999;4999
2026-06-08T14:08:13.0000000Z;22.475;22.515;4999;4999
2026-06-08T14:08:21.0000000Z;22.47;22.51;4999;4999
2026-06-08T14:08:23.0000000Z;22.46;22.51;4999;4999
2026-06-08T14:08:24.0000000Z;22.46;22.5;4999;4999
2026-06-08T14:08:29.0000000Z;22.465;22.5;4999;4999
2026-06-08T14:08:32.0000000Z;22.475;22.5;4999;4999
2026-06-08T14:08:35.0000000Z;22.475;22.515;4999;4999
2026-06-08T14:08:43.0000000Z;22.465;22.515;4999;4999
2026-06-08T14:08:56.0000000Z;22.48;22.515;4999;4999
2026-06-08T14:09:04.0000000Z;22.475;22.515;4999;4999
2026-06-08T14:09:19.0000000Z;22.475;22.525;4999;4999
2026-06-08T14:09:24.0000000Z;22.48;22.525;4999;4999
2026-06-08T14:09:31.0000000Z;22.49;22.525;4999;4999
2026-06-08T14:09:37.0000000Z;22.48;22.525;4999;4999
2026-06-08T14:09:43.0000000Z;22.49;22.525;4999;4999
2026-06-08T14:09:53.0000000Z;22.48;22.525;4999;4999
2026-06-08T14:09:58.0000000Z;22.49;22.525;4999;4999
2026-06-08T14:10:20.0000000Z;22.49;22.53;4999;4999
2026-06-08T14:10:22.0000000Z;22.48;22.53;4999;4999
2026-06-08T14:10:39.0000000Z;22.48;22.52;4999;4999
2026-06-08T14:10:40.0000000Z;22.47;22.52;4999;4999
2026-06-08T14:11:11.0000000Z;22.47;22.52;4999;4999
2026-06-08T14:11:31.0000000Z;22.48;22.52;4999;4999
2026-06-08T14:11:33.0000000Z;22.48;22.525;4999;4999
2026-06-08T14:11:42.0000000Z;22.48;22.52;4999;4999
2026-06-08T14:11:43.0000000Z;22.47;22.52;4999;4999
2026-06-08T14:11:53.0000000Z;22.48;22.52;4999;4999
2026-06-08T14:11:58.0000000Z;22.48;22.525;4999;4999
2026-06-08T14:12:01.0000000Z;22.48;22.52;4999;4999
2026-06-08T14:12:06.0000000Z;22.47;22.52;4999;4999
2026-06-08T14:12:19.0000000Z;22.48;22.52;4999;4999
2026-06-08T14:12:20.0000000Z;22.48;22.525;4999;4999
2026-06-08T14:12:35.0000000Z;22.48;22.52;4999;4999
2026-06-08T14:12:38.0000000Z;22.48;22.515;4999;4999
2026-06-08T14:12:39.0000000Z;22.465;22.515;4999;4999
2026-06-08T14:12:40.0000000Z;22.47;22.515;4999;4999
2026-06-08T14:12:43.0000000Z;22.47;22.52;4999;4999
2026-06-08T14:13:12.0000000Z;22.47;22.515;4999;4999
2026-06-08T14:13:15.0000000Z;22.465;22.515;4999;4999
2026-06-08T14:13:16.0000000Z;22.47;22.515;4999;4999
2026-06-08T14:13:22.0000000Z;22.47;22.52;4999;4999
2026-06-08T14:13:23.0000000Z;22.485;22.52;4999;4999
2026-06-08T14:13:26.0000000Z;22.485;22.525;4999;4999
2026-06-08T14:13:32.0000000Z;22.48;22.525;4999;4999
2026-06-08T14:14:02.0000000Z;22.48;22.525;4999;4999
2026-06-08T14:14:19.0000000Z;22.485;22.525;4999;4999
2026-06-08T14:14:23.0000000Z;22.485;22.53;4999;4999
2026-06-08T14:14:30.0000000Z;22.485;22.525;4999;4999
2026-06-08T14:14:32.0000000Z;22.485;22.52;4999;4999
2026-06-08T14:14:33.0000000Z;22.47;22.52;4999;4999
2026-06-08T14:14:35.0000000Z;22.47;22.51;4999;4999
2026-06-08T14:14:37.0000000Z;22.465;22.51;4999;4999
2026-06-08T14:14:40.0000000Z;22.47;22.51;4999;4999
2026-06-08T14:14:49.0000000Z;22.47;22.52;4999;4999
2026-06-08T14:15:20.0000000Z;22.47;22.52;4999;4999
2026-06-08T14:15:30.0000000Z;22.47;22.51;4999;4999
2026-06-08T14:15:36.0000000Z;22.465;22.51;4999;4999
2026-06-08T14:15:54.0000000Z;22.46;22.505;4999;4999
2026-06-08T14:15:57.0000000Z;22.475;22.505;4999;4999
2026-06-08T14:16:02.0000000Z;22.475;22.51;4999;4999
2026-06-08T14:16:04.0000000Z;22.48;22.51;4999;4999
2026-06-08T14:16:10.0000000Z;22.475;22.51;4999;4999
2026-06-08T14:16:19.0000000Z;22.475;22.515;4999;4999
2026-06-08T14:16:49.0000000Z;22.475;22.515;4999;4999
2026-06-08T14:17:17.0000000Z;22.48;22.515;4999;4999
2026-06-08T14:17:25.0000000Z;22.475;22.515;4999;4999
2026-06-08T14:17:39.0000000Z;22.485;22.515;4999;4999
2026-06-08T14:17:42.0000000Z;22.49;22.515;4999;4999
2026-06-08T14:17:48.0000000Z;22.485;22.515;4999;4999
2026-06-08T14:17:54.0000000Z;22.475;22.515;4999;4999
2026-06-08T14:18:09.0000000Z;22.485;22.515;4999;4999
2026-06-08T14:18:13.0000000Z;22.485;22.525;4999;4999
2026-06-08T14:18:17.0000000Z;22.475;22.525;4999;4999
2026-06-08T14:18:19.0000000Z;22.475;22.52;4999;4999
2026-06-08T14:18:20.0000000Z;22.475;22.51;4999;4999
2026-06-08T14:18:25.0000000Z;22.465;22.51;4999;4999
2026-06-08T14:18:31.0000000Z;22.47;22.51;4999;4999
2026-06-08T14:18:33.0000000Z;22.47;22.52;4999;4999
2026-06-08T14:18:51.0000000Z;22.475;22.525;4999;4999
2026-06-08T14:18:53.0000000Z;22.485;22.525;4999;4999
2026-06-08T14:19:01.0000000Z;22.475;22.525;4999;4999
2026-06-08T14:19:21.0000000Z;22.485;22.525;4999;4999
2026-06-08T14:19:24.0000000Z;22.485;22.535;4999;4999
2026-06-08T14:19:27.0000000Z;22.485;22.525;4999;4999
2026-06-08T14:19:33.0000000Z;22.485;22.52;4999;4999
2026-06-08T14:19:34.0000000Z;22.475;22.52;4999;4999
2026-06-08T14:19:38.0000000Z;22.47;22.52;4999;4999
2026-06-08T14:19:41.0000000Z;22.475;22.52;4999;4999
2026-06-08T14:19:50.0000000Z;22.475;22.515;4999;4999
2026-06-08T14:20:07.0000000Z;22.485;22.515;4999;4999
2026-06-08T14:20:11.0000000Z;22.485;22.525;4999;4999
2026-06-08T14:20:17.0000000Z;22.475;22.525;4999;4999
2026-06-08T14:20:26.0000000Z;22.485;22.525;4999;4999
2026-06-08T14:20:53.0000000Z;22.485;22.52;4999;4999
2026-06-08T14:20:58.0000000Z;22.48;22.52;4999;4999
2026-06-08T14:21:00.0000000Z;22.48;22.525;4999;4999
2026-06-08T14:21:02.0000000Z;22.49;22.525;4999;4999
2026-06-08T14:21:10.0000000Z;22.48;22.525;4999;4999
2026-06-08T14:21:20.0000000Z;22.49;22.525;4999;4999
2026-06-08T14:21:22.0000000Z;22.49;22.53;4999;4999
2026-06-08T14:21:33.0000000Z;22.495;22.53;4999;4999
2026-06-08T14:21:42.0000000Z;22.485;22.53;4999;4999
2026-06-08T14:21:48.0000000Z;22.48;22.53;4999;4999
2026-06-08T14:21:50.0000000Z;22.485;22.53;4999;4999
2026-06-08T14:22:21.0000000Z;22.48;22.53;4999;4999
2026-06-08T14:22:35.0000000Z;22.485;22.53;4999;4999
2026-06-08T14:23:00.0000000Z;22.495;22.53;4999;4999
2026-06-08T14:23:01.0000000Z;22.5;22.53;4999;4999
2026-06-08T14:23:09.0000000Z;22.485;22.53;4999;4999
2026-06-08T14:23:27.0000000Z;22.49;22.53;4999;4999
2026-06-08T14:23:36.0000000Z;22.485;22.53;4999;4999
2026-06-08T14:23:39.0000000Z;22.49;22.53;4999;4999
2026-06-08T14:23:55.0000000Z;22.5;22.53;4999;4999
2026-06-08T14:24:05.0000000Z;22.49;22.53;4999;4999
2026-06-08T14:24:19.0000000Z;22.49;22.54;4999;4999
2026-06-08T14:24:33.0000000Z;22.49;22.535;4999;4999
2026-06-08T14:24:35.0000000Z;22.485;22.535;4999;4999
2026-06-08T14:24:37.0000000Z;22.49;22.535;4999;4999
2026-06-08T14:24:41.0000000Z;22.49;22.54;4999;4999
2026-06-08T14:24:44.0000000Z;22.49;22.535;4999;4999
2026-06-08T14:24:45.0000000Z;22.485;22.535;4999;4999
2026-06-08T14:24:46.0000000Z;22.49;22.535;4999;4999
2026-06-08T14:24:47.0000000Z;22.49;22.54;4999;4999
2026-06-08T14:24:48.0000000Z;22.5;22.54;4999;4999
2026-06-08T14:24:49.0000000Z;22.5;22.545;4999;4999
2026-06-08T14:24:59.0000000Z;22.495;22.545;4999;4999
2026-06-08T14:25:30.0000000Z;22.495;22.545;4999;4999
2026-06-08T14:25:38.0000000Z;22.5;22.545;4999;4999
2026-06-08T14:26:07.0000000Z;22.5;22.545;4999;4999
2026-06-08T14:26:14.0000000Z;22.505;22.545;4999;4999
2026-06-08T14:26:20.0000000Z;22.515;22.545;4999;4999
2026-06-08T14:26:37.0000000Z;22.5;22.545;4999;4999
2026-06-08T14:26:41.0000000Z;22.495;22.545;4999;4999
2026-06-08T14:26:45.0000000Z;22.5;22.545;4999;4999
2026-06-08T14:27:16.0000000Z;22.5;22.545;4999;4999
2026-06-08T14:27:19.0000000Z;22.51;22.545;4999;4999
2026-06-08T14:27:22.0000000Z;22.51;22.555;4999;4999
2026-06-08T14:27:29.0000000Z;22.51;22.545;4999;4999
2026-06-08T14:27:30.0000000Z;22.5;22.545;4999;4999
2026-06-08T14:28:01.0000000Z;22.5;22.545;4999;4999
2026-06-08T14:28:10.0000000Z;22.5;22.54;4999;4999
2026-06-08T14:28:13.0000000Z;22.49;22.54;4999;4999
2026-06-08T14:28:18.0000000Z;22.495;22.54;4999;4999
2026-06-08T14:28:19.0000000Z;22.49;22.535;4999;4999
2026-06-08T14:28:41.0000000Z;22.49;22.54;4999;4999
2026-06-08T14:29:11.0000000Z;22.49;22.54;4999;4999
2026-06-08T14:29:13.0000000Z;22.5;22.54;4999;4999
2026-06-08T14:29:16.0000000Z;22.5;22.545;4999;4999
2026-06-08T14:29:46.0000000Z;22.5;22.545;4999;4999
2026-06-08T14:30:17.0000000Z;22.5;22.545;4999;4999
2026-06-08T14:30:26.0000000Z;22.505;22.545;4999;4999
2026-06-08T14:30:57.0000000Z;22.505;22.545;4999;4999
2026-06-08T14:31:01.0000000Z;22.5;22.545;4999;4999
2026-06-08T14:31:30.0000000Z;22.5;22.54;4999;4999
2026-06-08T14:31:32.0000000Z;22.49;22.54;4999;4999
2026-06-08T14:31:37.0000000Z;22.495;22.54;4999;4999
2026-06-08T14:31:40.0000000Z;22.495;22.545;4999;4999
2026-06-08T14:32:11.0000000Z;22.495;22.545;4999;4999
2026-06-08T14:32:41.0000000Z;22.495;22.545;4999;4999
2026-06-08T14:33:12.0000000Z;22.495;22.545;4999;4999
2026-06-08T14:33:28.0000000Z;22.495;22.54;4999;4999
2026-06-08T14:33:34.0000000Z;22.49;22.54;4999;4999
2026-06-08T14:33:58.0000000Z;22.49;22.54;4999;4999
2026-06-08T14:34:15.0000000Z;22.495;22.54;4999;4999
2026-06-08T14:34:17.0000000Z;22.495;22.545;4999;4999
2026-06-08T14:34:38.0000000Z;22.505;22.545;4999;4999
2026-06-08T14:35:09.0000000Z;22.505;22.545;4999;4999
2026-06-08T14:35:13.0000000Z;22.495;22.545;4999;4999
2026-06-08T14:35:39.0000000Z;22.505;22.545;4999;4999
2026-06-08T14:35:46.0000000Z;22.515;22.545;4999;4999
2026-06-08T14:35:50.0000000Z;22.505;22.545;4999;4999
2026-06-08T14:36:14.0000000Z;22.495;22.545;4999;4999
2026-06-08T14:36:18.0000000Z;22.505;22.545;4999;4999
2026-06-08T14:36:22.0000000Z;22.515;22.545;4999;4999
2026-06-08T14:36:29.0000000Z;22.515;22.555;4999;4999
2026-06-08T14:36:49.0000000Z;22.505;22.555;4999;4999
2026-06-08T14:37:20.0000000Z;22.505;22.555;4999;4999
2026-06-08T14:37:37.0000000Z;22.515;22.555;4999;4999
2026-06-08T14:37:41.0000000Z;22.505;22.555;4999;4999
2026-06-08T14:37:51.0000000Z;22.51;22.555;4999;4999
2026-06-08T14:38:22.0000000Z;22.51;22.555;4999;4999
2026-06-08T14:38:23.0000000Z;22.505;22.555;4999;4999
2026-06-08T14:38:33.0000000Z;22.51;22.555;4999;4999
2026-06-08T14:38:51.0000000Z;22.52;22.555;4999;4999
2026-06-08T14:38:55.0000000Z;22.51;22.555;4999;4999
2026-06-08T14:39:26.0000000Z;22.51;22.555;4999;4999
2026-06-08T14:39:39.0000000Z;22.52;22.555;4999;4999
2026-06-08T14:39:48.0000000Z;22.505;22.56;4999;4999
2026-06-08T14:39:49.0000000Z;22.505;22.55;4999;4999
2026-06-08T14:39:56.0000000Z;22.505;22.555;4999;4999
2026-06-08T14:40:03.0000000Z;22.515;22.555;4999;4999
2026-06-08T14:40:04.0000000Z;22.515;22.56;4999;4999
2026-06-08T14:40:10.0000000Z;22.525;22.56;4999;4999
2026-06-08T14:40:11.0000000Z;22.515;22.56;4999;4999
2026-06-08T14:40:41.0000000Z;22.515;22.56;4999;4999
2026-06-08T14:41:12.0000000Z;22.515;22.56;4999;4999
2026-06-08T14:41:16.0000000Z;22.51;22.56;4999;4999
2026-06-08T14:41:29.0000000Z;22.515;22.56;4999;4999
2026-06-08T14:41:37.0000000Z;22.51;22.55;4999;4999
2026-06-08T14:41:39.0000000Z;22.505;22.55;4999;4999
2026-06-08T14:41:40.0000000Z;22.51;22.55;4999;4999
2026-06-08T14:41:41.0000000Z;22.51;22.56;4999;4999
2026-06-08T14:41:44.0000000Z;22.515;22.56;4999;4999
2026-06-08T14:42:01.0000000Z;22.51;22.56;4999;4999
2026-06-08T14:42:19.0000000Z;22.51;22.55;4999;4999
2026-06-08T14:42:21.0000000Z;22.505;22.54;4999;4999
2026-06-08T14:42:29.0000000Z;22.505;22.55;4999;4999
2026-06-08T14:43:00.0000000Z;22.505;22.55;4999;4999
2026-06-08T14:43:24.0000000Z;22.51;22.55;4999;4999
2026-06-08T14:43:39.0000000Z;22.5;22.55;4999;4999
2026-06-08T14:44:02.0000000Z;22.51;22.55;4999;4999
2026-06-08T14:44:03.0000000Z;22.51;22.555;4999;4999
2026-06-08T14:44:34.0000000Z;22.51;22.555;4999;4999
2026-06-08T14:45:04.0000000Z;22.51;22.555;4999;4999
2026-06-08T14:45:14.0000000Z;22.515;22.555;4999;4999
2026-06-08T14:45:22.0000000Z;22.515;22.56;4999;4999
2026-06-08T14:45:53.0000000Z;22.515;22.56;4999;4999
2026-06-08T14:46:10.0000000Z;22.525;22.56;4999;4999
2026-06-08T14:46:41.0000000Z;22.515;22.56;4999;4999
2026-06-08T14:46:49.0000000Z;22.525;22.56;4999;4999
2026-06-08T14:46:56.0000000Z;22.525;22.57;4999;4999
2026-06-08T14:47:24.0000000Z;22.525;22.57;4999;4999
2026-06-08T14:47:55.0000000Z;22.525;22.57;4999;4999
2026-06-08T14:48:09.0000000Z;22.525;22.565;4999;4999
2026-06-08T14:48:13.0000000Z;22.515;22.565;4999;4999
2026-06-08T14:48:16.0000000Z;22.525;22.565;4999;4999
2026-06-08T14:48:19.0000000Z;22.525;22.57;4999;4999
2026-06-08T14:48:35.0000000Z;22.52;22.57;4999;4999
2026-06-08T14:48:39.0000000Z;22.525;22.57;4999;4999
2026-06-08T14:49:09.0000000Z;22.525;22.57;4999;4999
2026-06-08T14:49:13.0000000Z;22.535;22.57;4999;4999
2026-06-08T14:49:16.0000000Z;22.535;22.575;4999;4999
2026-06-08T14:49:20.0000000Z;22.525;22.575;4999;4999
2026-06-08T14:49:40.0000000Z;22.535;22.575;4999;4999
2026-06-08T14:49:59.0000000Z;22.525;22.57;4999;4999
2026-06-08T14:50:01.0000000Z;22.52;22.57;4999;4999
2026-06-08T14:50:05.0000000Z;22.525;22.57;4999;4999
2026-06-08T14:50:07.0000000Z;22.525;22.575;4999;4999
2026-06-08T14:50:36.0000000Z;22.525;22.575;4999;4999
2026-06-08T14:50:37.0000000Z;22.525;22.57;4999;4999
2026-06-08T14:50:39.0000000Z;22.525;22.575;4999;4999
2026-06-08T14:51:08.0000000Z;22.525;22.575;4999;4999
2026-06-08T14:51:39.0000000Z;22.525;22.575;4999;4999
2026-06-08T14:52:09.0000000Z;22.525;22.575;4999;4999
2026-06-08T14:52:16.0000000Z;22.535;22.575;4999;4999
2026-06-08T14:52:46.0000000Z;22.535;22.575;4999;4999
2026-06-08T14:53:05.0000000Z;22.525;22.575;4999;4999
2026-06-08T14:53:33.0000000Z;22.525;22.575;4999;4999
2026-06-08T14:53:36.0000000Z;22.525;22.57;4999;4999
2026-06-08T14:53:37.0000000Z;22.52;22.57;4999;4999
2026-06-08T14:54:07.0000000Z;22.52;22.57;4999;4999
2026-06-08T14:54:19.0000000Z;22.52;22.56;4999;4999
2026-06-08T14:54:23.0000000Z;22.515;22.56;4999;4999
2026-06-08T14:54:44.0000000Z;22.52;22.56;4999;4999
2026-06-08T14:54:46.0000000Z;22.52;22.57;4999;4999
2026-06-08T14:55:17.0000000Z;22.52;22.57;4999;4999
2026-06-08T14:55:47.0000000Z;22.52;22.57;4999;4999
2026-06-08T14:56:10.0000000Z;22.52;22.565;4999;4999
2026-06-08T14:56:13.0000000Z;22.515;22.565;4999;4999
2026-06-08T14:56:43.0000000Z;22.52;22.565;4999;4999
2026-06-08T14:56:45.0000000Z;22.52;22.57;4999;4999
2026-06-08T14:57:08.0000000Z;22.53;22.57;4999;4999
2026-06-08T14:57:13.0000000Z;22.52;22.57;4999;4999
2026-06-08T14:57:40.0000000Z;22.53;22.57;4999;4999
2026-06-08T14:57:41.0000000Z;22.53;22.58;4999;4999
2026-06-08T14:57:53.0000000Z;22.53;22.57;4999;4999
2026-06-08T14:57:57.0000000Z;22.52;22.57;4999;4999
2026-06-08T14:58:28.0000000Z;22.53;22.57;4999;4999
2026-06-08T14:58:34.0000000Z;22.53;22.58;4999;4999
2026-06-08T14:59:05.0000000Z;22.53;22.58;4999;4999
2026-06-08T14:59:16.0000000Z;22.53;22.575;4999;4999
2026-06-08T14:59:46.0000000Z;22.53;22.575;4999;4999
