2026-06-08T08:00:21.0000000Z;6.214;6.224;8123;8123
2026-06-08T08:00:22.0000000Z;6.213;6.224;8123;8123
2026-06-08T08:00:27.0000000Z;6.213;6.222;8123;8123
2026-06-08T08:00:57.0000000Z;6.213;6.222;8123;8123
2026-06-08T08:01:28.0000000Z;6.213;6.222;8123;8123
2026-06-08T08:01:31.0000000Z;6.213;6.221;8123;8123
2026-06-08T08:01:33.0000000Z;6.21;6.221;8123;8123
2026-06-08T08:02:03.0000000Z;6.21;6.221;8123;8123
2026-06-08T08:02:22.0000000Z;6.209;6.221;8123;8123
2026-06-08T08:02:32.0000000Z;6.209;6.219;8123;8123
2026-06-08T08:02:54.0000000Z;6.21;6.221;8123;8123
2026-06-08T08:03:02.0000000Z;6.209;6.221;8123;8123
2026-06-08T08:03:16.0000000Z;6.21;6.221;8123;8123
2026-06-08T08:03:43.0000000Z;6.209;6.221;8123;8123
2026-06-08T08:03:51.0000000Z;6.21;6.221;8123;8123
2026-06-08T08:04:21.0000000Z;6.21;6.222;8123;8123
2026-06-08T08:04:24.0000000Z;6.212;6.222;8123;8123
2026-06-08T08:04:39.0000000Z;6.214;6.224;8123;8123
2026-06-08T08:04:41.0000000Z;6.214;6.225;8123;8123
2026-06-08T08:05:00.0000000Z;6.216;6.225;8123;8123
2026-06-08T08:05:14.0000000Z;6.216;6.227;8123;8123
2026-06-08T08:05:17.0000000Z;6.216;6.226;8123;8123
2026-06-08T08:05:18.0000000Z;6.215;6.226;8123;8123
2026-06-08T08:05:43.0000000Z;6.216;6.226;8123;8123
2026-06-08T08:06:06.0000000Z;6.216;6.228;8123;8123
2026-06-08T08:06:30.0000000Z;6.218;6.228;8123;8123
2026-06-08T08:06:41.0000000Z;6.218;6.229;8123;8123
2026-06-08T08:07:11.0000000Z;6.218;6.229;8123;8123
2026-06-08T08:07:42.0000000Z;6.218;6.229;8123;8123
2026-06-08T08:07:50.0000000Z;6.218;6.228;8123;8123
2026-06-08T08:07:52.0000000Z;6.217;6.228;8123;8123
2026-06-08T08:08:20.0000000Z;6.217;6.228;8123;8123
2026-06-08T08:08:29.0000000Z;6.218;6.228;8123;8123
2026-06-08T08:08:38.0000000Z;6.218;6.229;8123;8123
2026-06-08T08:08:52.0000000Z;6.218;6.228;8123;8123
2026-06-08T08:08:53.0000000Z;6.217;6.228;8123;8123
2026-06-08T08:09:04.0000000Z;6.217;6.226;8123;8123
2026-06-08T08:09:35.0000000Z;6.217;6.226;8123;8123
2026-06-08T08:10:05.0000000Z;6.217;6.226;8123;8123
2026-06-08T08:10:07.0000000Z;6.217;6.224;8123;8123
2026-06-08T08:10:08.0000000Z;6.213;6.224;8123;8123
2026-06-08T08:10:20.0000000Z;6.213;6.222;8123;8123
2026-06-08T08:10:24.0000000Z;6.213;6.221;8123;8123
2026-06-08T08:10:26.0000000Z;6.21;6.221;8123;8123
2026-06-08T08:10:28.0000000Z;6.209;6.221;8123;8123
2026-06-08T08:10:38.0000000Z;6.209;6.219;8123;8123
2026-06-08T08:10:57.0000000Z;6.209;6.22;8123;8123
2026-06-08T08:11:24.0000000Z;6.209;6.22;8123;8123
2026-06-08T08:11:30.0000000Z;6.209;6.219;8123;8123
2026-06-08T08:11:43.0000000Z;6.209;6.22;8123;8123
2026-06-08T08:11:47.0000000Z;6.21;6.222;8123;8123
2026-06-08T08:11:49.0000000Z;6.212;6.222;8123;8123
2026-06-08T08:11:50.0000000Z;6.212;6.223;8123;8123
2026-06-08T08:12:20.0000000Z;6.212;6.223;8123;8123
2026-06-08T08:12:51.0000000Z;6.212;6.223;8123;8123
2026-06-08T08:13:12.0000000Z;6.214;6.223;8123;8123
2026-06-08T08:13:15.0000000Z;6.214;6.225;8123;8123
2026-06-08T08:13:46.0000000Z;6.214;6.225;8123;8123
2026-06-08T08:13:49.0000000Z;6.214;6.226;8123;8123
2026-06-08T08:14:12.0000000Z;6.214;6.225;8123;8123
2026-06-08T08:14:22.0000000Z;6.212;6.225;8123;8123
2026-06-08T08:14:43.0000000Z;6.213;6.225;8123;8123
2026-06-08T08:14:44.0000000Z;6.213;6.223;8123;8123
2026-06-08T08:15:14.0000000Z;6.213;6.223;8123;8123
2026-06-08T08:15:29.0000000Z;6.214;6.223;8123;8123
2026-06-08T08:15:33.0000000Z;6.214;6.225;8123;8123
2026-06-08T08:15:51.0000000Z;6.213;6.225;8123;8123
2026-06-08T08:15:53.0000000Z;6.214;6.225;8123;8123
2026-06-08T08:16:24.0000000Z;6.214;6.225;8123;8123
2026-06-08T08:16:46.0000000Z;6.213;6.225;8123;8123
2026-06-08T08:16:55.0000000Z;6.213;6.223;8123;8123
2026-06-08T08:17:26.0000000Z;6.213;6.223;8123;8123
2026-06-08T08:17:53.0000000Z;6.213;6.224;8123;8123
2026-06-08T08:17:56.0000000Z;6.214;6.224;8123;8123
2026-06-08T08:18:03.0000000Z;6.214;6.226;8123;8123
2026-06-08T08:18:34.0000000Z;6.214;6.226;8123;8123
2026-06-08T08:18:41.0000000Z;6.216;6.226;8123;8123
2026-06-08T08:18:46.0000000Z;6.216;6.228;8123;8123
2026-06-08T08:18:51.0000000Z;6.218;6.228;8123;8123
2026-06-08T08:18:56.0000000Z;6.218;6.23;8123;8123
2026-06-08T08:19:24.0000000Z;6.22;6.231;8123;8123
2026-06-08T08:19:55.0000000Z;6.22;6.231;8123;8123
2026-06-08T08:20:16.0000000Z;6.22;6.23;8123;8123
2026-06-08T08:20:17.0000000Z;6.218;6.23;8123;8123
2026-06-08T08:20:25.0000000Z;6.218;6.228;8123;8123
2026-06-08T08:20:27.0000000Z;6.217;6.228;8123;8123
2026-06-08T08:20:33.0000000Z;6.217;6.226;8123;8123
2026-06-08T08:21:03.0000000Z;6.217;6.226;8123;8123
2026-06-08T08:21:21.0000000Z;6.217;6.225;8123;8123
2026-06-08T08:21:23.0000000Z;6.217;6.224;8123;8123
2026-06-08T08:21:24.0000000Z;6.213;6.224;8123;8123
2026-06-08T08:21:51.0000000Z;6.214;6.224;8123;8123
2026-06-08T08:22:01.0000000Z;6.213;6.224;8123;8123
2026-06-08T08:22:09.0000000Z;6.213;6.222;8123;8123
2026-06-08T08:22:31.0000000Z;6.213;6.224;8123;8123
2026-06-08T08:22:36.0000000Z;6.214;6.224;8123;8123
2026-06-08T08:22:51.0000000Z;6.213;6.224;8123;8123
2026-06-08T08:23:00.0000000Z;6.213;6.221;8123;8123
2026-06-08T08:23:06.0000000Z;6.209;6.221;8123;8123
2026-06-08T08:23:08.0000000Z;6.21;6.221;8123;8123
2026-06-08T08:23:37.0000000Z;6.211;6.221;8123;8123
2026-06-08T08:23:48.0000000Z;6.211;6.222;8123;8123
2026-06-08T08:24:03.0000000Z;6.213;6.222;8123;8123
2026-06-08T08:24:04.0000000Z;6.213;6.224;8123;8123
2026-06-08T08:24:13.0000000Z;6.215;6.224;8123;8123
2026-06-08T08:24:14.0000000Z;6.215;6.226;8123;8123
2026-06-08T08:24:34.0000000Z;6.213;6.226;8123;8123
2026-06-08T08:24:36.0000000Z;6.213;6.224;8123;8123
2026-06-08T08:25:06.0000000Z;6.213;6.224;8123;8123
2026-06-08T08:25:37.0000000Z;6.213;6.224;8123;8123
2026-06-08T08:25:53.0000000Z;6.215;6.224;8123;8123
2026-06-08T08:25:55.0000000Z;6.215;6.226;8123;8123
2026-06-08T08:26:09.0000000Z;6.217;6.226;8123;8123
2026-06-08T08:26:12.0000000Z;6.217;6.228;8123;8123
2026-06-08T08:26:22.0000000Z;6.217;6.226;8123;8123
2026-06-08T08:26:24.0000000Z;6.215;6.226;8123;8123
2026-06-08T08:26:39.0000000Z;6.217;6.226;8123;8123
2026-06-08T08:26:40.0000000Z;6.217;6.228;8123;8123
2026-06-08T08:26:58.0000000Z;6.216;6.228;8123;8123
2026-06-08T08:27:04.0000000Z;6.217;6.228;8123;8123
2026-06-08T08:27:20.0000000Z;6.217;6.227;8123;8123
2026-06-08T08:27:22.0000000Z;6.216;6.227;8123;8123
2026-06-08T08:27:53.0000000Z;6.216;6.227;8123;8123
2026-06-08T08:28:22.0000000Z;6.216;6.225;8123;8123
2026-06-08T08:28:52.0000000Z;6.216;6.225;8123;8123
2026-06-08T08:29:23.0000000Z;6.216;6.225;8123;8123
2026-06-08T08:29:46.0000000Z;6.216;6.227;8123;8123
2026-06-08T08:29:57.0000000Z;6.217;6.227;8123;8123
2026-06-08T08:30:11.0000000Z;6.216;6.227;8123;8123
2026-06-08T08:30:33.0000000Z;6.216;6.227;8123;8123
2026-06-08T08:30:36.0000000Z;6.217;6.227;8123;8123
2026-06-08T08:30:39.0000000Z;6.217;6.229;8123;8123
2026-06-08T08:30:49.0000000Z;6.219;6.229;8123;8123
2026-06-08T08:30:51.0000000Z;6.219;6.23;8123;8123
2026-06-08T08:31:22.0000000Z;6.219;6.23;8123;8123
2026-06-08T08:31:26.0000000Z;6.221;6.23;8123;8123
2026-06-08T08:31:28.0000000Z;6.221;6.232;8123;8123
2026-06-08T08:31:58.0000000Z;6.221;6.232;8123;8123
2026-06-08T08:32:11.0000000Z;6.223;6.232;8123;8123
2026-06-08T08:32:12.0000000Z;6.223;6.234;8123;8123
2026-06-08T08:32:43.0000000Z;6.223;6.234;8123;8123
2026-06-08T08:32:45.0000000Z;6.222;6.234;8123;8123
2026-06-08T08:32:50.0000000Z;6.222;6.232;8123;8123
2026-06-08T08:33:17.0000000Z;6.222;6.231;8123;8123
2026-06-08T08:33:23.0000000Z;6.222;6.232;8123;8123
2026-06-08T08:33:53.0000000Z;6.222;6.232;8123;8123
2026-06-08T08:34:24.0000000Z;6.222;6.232;8123;8123
2026-06-08T08:34:55.0000000Z;6.222;6.232;8123;8123
2026-06-08T08:35:24.0000000Z;6.222;6.231;8123;8123
2026-06-08T08:35:37.0000000Z;6.222;6.229;8123;8123
2026-06-08T08:35:39.0000000Z;6.218;6.229;8123;8123
2026-06-08T08:36:02.0000000Z;6.218;6.228;8123;8123
2026-06-08T08:36:21.0000000Z;6.215;6.228;8123;8123
2026-06-08T08:36:22.0000000Z;6.218;6.228;8123;8123
2026-06-08T08:36:23.0000000Z;6.218;6.229;8123;8123
2026-06-08T08:36:54.0000000Z;6.218;6.229;8123;8123
2026-06-08T08:37:09.0000000Z;6.218;6.227;8123;8123
2026-06-08T08:37:40.0000000Z;6.218;6.227;8123;8123
2026-06-08T08:38:04.0000000Z;6.218;6.229;8123;8123
2026-06-08T08:38:10.0000000Z;6.219;6.229;8123;8123
2026-06-08T08:38:38.0000000Z;6.218;6.229;8123;8123
2026-06-08T08:39:08.0000000Z;6.218;6.229;8123;8123
2026-06-08T08:39:14.0000000Z;6.218;6.228;8123;8123
2026-06-08T08:39:39.0000000Z;6.218;6.228;8123;8123
2026-06-08T08:40:09.0000000Z;6.218;6.228;8123;8123
2026-06-08T08:40:40.0000000Z;6.218;6.228;8123;8123
2026-06-08T08:40:49.0000000Z;6.218;6.226;8123;8123
2026-06-08T08:40:52.0000000Z;6.218;6.224;8123;8123
2026-06-08T08:40:53.0000000Z;6.214;6.224;8123;8123
2026-06-08T08:41:23.0000000Z;6.214;6.224;8123;8123
2026-06-08T08:41:26.0000000Z;6.214;6.222;8123;8123
2026-06-08T08:41:56.0000000Z;6.214;6.222;8123;8123
2026-06-08T08:42:26.0000000Z;6.214;6.222;8123;8123
2026-06-08T08:42:57.0000000Z;6.214;6.222;8123;8123
2026-06-08T08:43:08.0000000Z;6.214;6.224;8123;8123
2026-06-08T08:43:39.0000000Z;6.214;6.224;8123;8123
2026-06-08T08:44:09.0000000Z;6.214;6.224;8123;8123
2026-06-08T08:44:40.0000000Z;6.214;6.224;8123;8123
2026-06-08T08:45:10.0000000Z;6.214;6.224;8123;8123
2026-06-08T08:45:41.0000000Z;6.214;6.224;8123;8123
2026-06-08T08:45:45.0000000Z;6.214;6.225;8123;8123
2026-06-08T08:45:50.0000000Z;6.215;6.225;8123;8123
2026-06-08T08:45:59.0000000Z;6.214;6.225;8123;8123
2026-06-08T08:46:20.0000000Z;6.214;6.224;8123;8123
2026-06-08T08:46:50.0000000Z;6.214;6.224;8123;8123
2026-06-08T08:47:10.0000000Z;6.214;6.222;8123;8123
2026-06-08T08:47:30.0000000Z;6.214;6.221;8123;8123
2026-06-08T08:47:32.0000000Z;6.21;6.221;8123;8123
2026-06-08T08:47:37.0000000Z;6.211;6.221;8123;8123
2026-06-08T08:47:44.0000000Z;6.21;6.219;8123;8123
2026-06-08T08:48:14.0000000Z;6.21;6.219;8123;8123
2026-06-08T08:48:45.0000000Z;6.21;6.219;8123;8123
2026-06-08T08:48:53.0000000Z;6.21;6.221;8123;8123
2026-06-08T08:49:00.0000000Z;6.212;6.221;8123;8123
2026-06-08T08:49:01.0000000Z;6.212;6.223;8123;8123
2026-06-08T08:49:05.0000000Z;6.213;6.223;8123;8123
2026-06-08T08:49:07.0000000Z;6.213;6.225;8123;8123
2026-06-08T08:49:12.0000000Z;6.214;6.225;8123;8123
2026-06-08T08:49:42.0000000Z;6.214;6.225;8123;8123
2026-06-08T08:50:12.0000000Z;6.214;6.225;8123;8123
2026-06-08T08:50:22.0000000Z;6.214;6.226;8123;8123
2026-06-08T08:50:30.0000000Z;6.216;6.226;8123;8123
2026-06-08T08:50:43.0000000Z;6.217;6.226;8123;8123
2026-06-08T08:50:44.0000000Z;6.217;6.228;8123;8123
2026-06-08T08:51:04.0000000Z;6.217;6.233;8123;8123
2026-06-08T08:51:05.0000000Z;6.217;6.226;8123;8123
2026-06-08T08:51:35.0000000Z;6.217;6.226;8123;8123
2026-06-08T08:52:02.0000000Z;6.217;6.225;8123;8123
2026-06-08T08:52:33.0000000Z;6.217;6.225;8123;8123
2026-06-08T08:52:57.0000000Z;6.217;6.223;8123;8123
2026-06-08T08:53:17.0000000Z;6.213;6.223;8123;8123
2026-06-08T08:53:30.0000000Z;6.213;6.223;8123;8123
2026-06-08T08:53:49.0000000Z;6.213;6.222;8123;8123
2026-06-08T08:54:20.0000000Z;6.213;6.222;8123;8123
2026-06-08T08:54:50.0000000Z;6.213;6.222;8123;8123
2026-06-08T08:54:53.0000000Z;6.213;6.223;8123;8123
2026-06-08T08:55:15.0000000Z;6.213;6.222;8123;8123
2026-06-08T08:55:23.0000000Z;6.213;6.221;8123;8123
2026-06-08T08:55:40.0000000Z;6.213;6.219;8123;8123
2026-06-08T08:55:42.0000000Z;6.209;6.219;8123;8123
2026-06-08T08:56:11.0000000Z;6.209;6.219;8123;8123
2026-06-08T08:56:16.0000000Z;6.21;6.219;8123;8123
2026-06-08T08:56:18.0000000Z;6.21;6.221;8123;8123
2026-06-08T08:56:49.0000000Z;6.21;6.221;8123;8123
2026-06-08T08:56:59.0000000Z;6.21;6.222;8123;8123
2026-06-08T08:57:29.0000000Z;6.21;6.222;8123;8123
2026-06-08T08:57:33.0000000Z;6.212;6.222;8123;8123
2026-06-08T08:57:54.0000000Z;6.213;6.222;8123;8123
2026-06-08T08:57:56.0000000Z;6.213;6.224;8123;8123
2026-06-08T08:58:08.0000000Z;6.214;6.224;8123;8123
2026-06-08T08:58:32.0000000Z;6.214;6.226;8123;8123
2026-06-08T08:59:03.0000000Z;6.214;6.226;8123;8123
2026-06-08T08:59:33.0000000Z;6.214;6.226;8123;8123
2026-06-08T08:59:47.0000000Z;6.214;6.224;8123;8123
2026-06-08T09:00:13.0000000Z;6.216;6.224;8123;8123
2026-06-08T09:00:14.0000000Z;6.216;6.226;8123;8123
2026-06-08T09:00:38.0000000Z;6.214;6.226;8123;8123
2026-06-08T09:00:43.0000000Z;6.216;6.226;8123;8123
2026-06-08T09:00:48.0000000Z;6.216;6.228;8123;8123
2026-06-08T09:00:50.0000000Z;6.217;6.228;8123;8123
2026-06-08T09:01:20.0000000Z;6.217;6.228;8123;8123
2026-06-08T09:01:21.0000000Z;6.218;6.228;8123;8123
2026-06-08T09:01:38.0000000Z;6.22;6.228;8123;8123
2026-06-08T09:01:39.0000000Z;6.22;6.23;8123;8123
2026-06-08T09:01:43.0000000Z;6.221;6.231;8123;8123
2026-06-08T09:01:45.0000000Z;6.222;6.231;8123;8123
2026-06-08T09:02:03.0000000Z;6.221;6.231;8123;8123
2026-06-08T09:02:33.0000000Z;6.221;6.231;8123;8123
2026-06-08T09:03:00.0000000Z;6.222;6.231;8123;8123
2026-06-08T09:03:02.0000000Z;6.222;6.233;8123;8123
2026-06-08T09:03:32.0000000Z;6.222;6.233;8123;8123
2026-06-08T09:04:03.0000000Z;6.222;6.233;8123;8123
2026-06-08T09:04:34.0000000Z;6.222;6.233;8123;8123
2026-06-08T09:05:04.0000000Z;6.222;6.233;8123;8123
2026-06-08T09:05:20.0000000Z;6.221;6.233;8123;8123
2026-06-08T09:05:39.0000000Z;6.221;6.231;8123;8123
2026-06-08T09:05:52.0000000Z;6.221;6.229;8123;8123
2026-06-08T09:06:21.0000000Z;6.221;6.228;8123;8123
2026-06-08T09:06:28.0000000Z;6.217;6.228;8123;8123
2026-06-08T09:06:58.0000000Z;6.217;6.228;8123;8123
2026-06-08T09:07:07.0000000Z;6.217;6.226;8123;8123
2026-06-08T09:07:38.0000000Z;6.217;6.226;8123;8123
2026-06-08T09:08:08.0000000Z;6.217;6.226;8123;8123
2026-06-08T09:08:39.0000000Z;6.217;6.226;8123;8123
2026-06-08T09:09:10.0000000Z;6.217;6.226;8123;8123
2026-06-08T09:09:40.0000000Z;6.217;6.226;8123;8123
2026-06-08T09:10:06.0000000Z;6.217;6.224;8123;8123
2026-06-08T09:10:13.0000000Z;6.217;6.226;8123;8123
2026-06-08T09:10:35.0000000Z;6.217;6.228;8123;8123
2026-06-08T09:10:44.0000000Z;6.218;6.228;8123;8123
2026-06-08T09:10:47.0000000Z;6.218;6.229;8123;8123
2026-06-08T09:11:06.0000000Z;6.218;6.228;8123;8123
2026-06-08T09:11:08.0000000Z;6.217;6.228;8123;8123
2026-06-08T09:11:31.0000000Z;6.218;6.228;8123;8123
2026-06-08T09:11:46.0000000Z;6.217;6.228;8123;8123
2026-06-08T09:12:15.0000000Z;6.218;6.228;8123;8123
2026-06-08T09:12:46.0000000Z;6.218;6.228;8123;8123
2026-06-08T09:12:52.0000000Z;6.218;6.229;8123;8123
2026-06-08T09:13:20.0000000Z;6.22;6.229;8123;8123
2026-06-08T09:13:25.0000000Z;6.22;6.231;8123;8123
2026-06-08T09:13:36.0000000Z;6.222;6.231;8123;8123
2026-06-08T09:13:37.0000000Z;6.222;6.233;8123;8123
2026-06-08T09:14:08.0000000Z;6.222;6.233;8123;8123
2026-06-08T09:14:39.0000000Z;6.222;6.233;8123;8123
2026-06-08T09:15:09.0000000Z;6.222;6.233;8123;8123
2026-06-08T09:15:32.0000000Z;6.222;6.234;8123;8123
2026-06-08T09:15:33.0000000Z;6.224;6.234;8123;8123
2026-06-08T09:16:03.0000000Z;6.224;6.234;8123;8123
2026-06-08T09:16:18.0000000Z;6.225;6.234;8123;8123
2026-06-08T09:16:19.0000000Z;6.225;6.236;8123;8123
2026-06-08T09:16:26.0000000Z;6.226;6.236;8123;8123
2026-06-08T09:16:38.0000000Z;6.225;6.236;8123;8123
2026-06-08T09:16:59.0000000Z;6.226;6.236;8123;8123
2026-06-08T09:17:16.0000000Z;6.225;6.236;8123;8123
2026-06-08T09:17:46.0000000Z;6.225;6.236;8123;8123
2026-06-08T09:18:16.0000000Z;6.225;6.236;8123;8123
2026-06-08T09:18:24.0000000Z;6.226;6.236;8123;8123
2026-06-08T09:18:54.0000000Z;6.226;6.236;8123;8123
2026-06-08T09:18:57.0000000Z;6.225;6.236;8123;8123
2026-06-08T09:19:26.0000000Z;6.225;6.236;8123;8123
2026-06-08T09:19:43.0000000Z;6.226;6.236;8123;8123
2026-06-08T09:20:06.0000000Z;6.226;6.238;8123;8123
2026-06-08T09:20:34.0000000Z;6.226;6.238;8123;8123
2026-06-08T09:20:38.0000000Z;6.228;6.238;8123;8123
2026-06-08T09:20:40.0000000Z;6.228;6.239;8123;8123
2026-06-08T09:20:48.0000000Z;6.23;6.239;8123;8123
2026-06-08T09:20:51.0000000Z;6.23;6.241;8123;8123
2026-06-08T09:21:21.0000000Z;6.23;6.241;8123;8123
2026-06-08T09:21:51.0000000Z;6.23;6.241;8123;8123
2026-06-08T09:22:20.0000000Z;6.228;6.241;8123;8123
2026-06-08T09:22:24.0000000Z;6.229;6.239;8123;8123
2026-06-08T09:22:47.0000000Z;6.23;6.239;8123;8123
2026-06-08T09:22:54.0000000Z;6.229;6.239;8123;8123
2026-06-08T09:23:24.0000000Z;6.229;6.239;8123;8123
2026-06-08T09:23:55.0000000Z;6.229;6.239;8123;8123
2026-06-08T09:24:25.0000000Z;6.229;6.239;8123;8123
2026-06-08T09:24:47.0000000Z;6.229;6.238;8123;8123
2026-06-08T09:25:17.0000000Z;6.229;6.238;8123;8123
2026-06-08T09:25:48.0000000Z;6.229;6.238;8123;8123
2026-06-08T09:26:18.0000000Z;6.229;6.238;8123;8123
2026-06-08T09:26:22.0000000Z;6.229;6.236;8123;8123
2026-06-08T09:26:24.0000000Z;6.225;6.236;8123;8123
2026-06-08T09:26:54.0000000Z;6.225;6.236;8123;8123
2026-06-08T09:27:25.0000000Z;6.225;6.236;8123;8123
2026-06-08T09:27:55.0000000Z;6.225;6.236;8123;8123
2026-06-08T09:28:15.0000000Z;6.225;6.234;8123;8123
2026-06-08T09:28:32.0000000Z;6.225;6.233;8123;8123
2026-06-08T09:29:03.0000000Z;6.225;6.233;8123;8123
2026-06-08T09:29:16.0000000Z;6.225;6.234;8123;8123
2026-06-08T09:29:44.0000000Z;6.225;6.234;8123;8123
2026-06-08T09:30:15.0000000Z;6.225;6.234;8123;8123
2026-06-08T09:30:45.0000000Z;6.225;6.234;8123;8123
2026-06-08T09:31:04.0000000Z;6.225;6.232;8123;8123
2026-06-08T09:31:35.0000000Z;6.225;6.232;8123;8123
2026-06-08T09:32:06.0000000Z;6.225;6.232;8123;8123
2026-06-08T09:32:25.0000000Z;6.221;6.232;8123;8123
2026-06-08T09:32:54.0000000Z;6.222;6.232;8123;8123
2026-06-08T09:33:24.0000000Z;6.222;6.232;8123;8123
2026-06-08T09:33:26.0000000Z;6.221;6.232;8123;8123
2026-06-08T09:33:56.0000000Z;6.221;6.232;8123;8123
2026-06-08T09:34:04.0000000Z;6.221;6.231;8123;8123
2026-06-08T09:34:35.0000000Z;6.221;6.231;8123;8123
2026-06-08T09:35:05.0000000Z;6.221;6.231;8123;8123
2026-06-08T09:35:36.0000000Z;6.221;6.231;8123;8123
2026-06-08T09:35:51.0000000Z;6.221;6.229;8123;8123
2026-06-08T09:36:22.0000000Z;6.221;6.229;8123;8123
2026-06-08T09:36:34.0000000Z;6.221;6.231;8123;8123
2026-06-08T09:36:40.0000000Z;6.221;6.233;8123;8123
2026-06-08T09:36:41.0000000Z;6.232;6.233;8123;8123
2026-06-08T09:36:44.0000000Z;6.232;6.246;8123;8123
2026-06-08T09:36:50.0000000Z;6.233;6.244;8123;8123
2026-06-08T09:37:00.0000000Z;6.233;6.25;8123;8123
2026-06-08T09:37:02.0000000Z;6.233;6.249;8123;8123
2026-06-08T09:37:05.0000000Z;6.232;6.249;8123;8123
2026-06-08T09:37:15.0000000Z;6.232;6.247;8123;8123
2026-06-08T09:37:17.0000000Z;6.232;6.249;8123;8123
2026-06-08T09:37:19.0000000Z;6.233;6.249;8123;8123
2026-06-08T09:37:22.0000000Z;6.233;6.25;8123;8123
2026-06-08T09:37:37.0000000Z;6.233;6.248;8123;8123
2026-06-08T09:37:39.0000000Z;6.232;6.248;8123;8123
2026-06-08T09:37:44.0000000Z;6.232;6.246;8123;8123
2026-06-08T09:37:57.0000000Z;6.232;6.248;8123;8123
2026-06-08T09:37:59.0000000Z;6.232;6.246;8123;8123
2026-06-08T09:38:09.0000000Z;6.228;6.246;8123;8123
2026-06-08T09:38:11.0000000Z;6.228;6.244;8123;8123
2026-06-08T09:38:37.0000000Z;6.229;6.244;8123;8123
2026-06-08T09:38:38.0000000Z;6.229;6.246;8123;8123
2026-06-08T09:38:50.0000000Z;6.228;6.244;8123;8123
2026-06-08T09:39:03.0000000Z;6.228;6.246;8123;8123
2026-06-08T09:39:06.0000000Z;6.228;6.244;8123;8123
2026-06-08T09:39:11.0000000Z;6.23;6.246;8123;8123
2026-06-08T09:39:13.0000000Z;6.23;6.257;8123;8123
2026-06-08T09:39:14.0000000Z;6.232;6.248;8123;8123
2026-06-08T09:39:23.0000000Z;6.23;6.248;8123;8123
2026-06-08T09:39:34.0000000Z;6.23;6.246;8123;8123
2026-06-08T09:39:37.0000000Z;6.229;6.246;8123;8123
2026-06-08T09:40:08.0000000Z;6.229;6.246;8123;8123
2026-06-08T09:40:39.0000000Z;6.229;6.246;8123;8123
2026-06-08T09:40:45.0000000Z;6.23;6.246;8123;8123
2026-06-08T09:41:02.0000000Z;6.229;6.246;8123;8123
2026-06-08T09:41:19.0000000Z;6.23;6.246;8123;8123
2026-06-08T09:41:42.0000000Z;6.23;6.248;8123;8123
2026-06-08T09:41:52.0000000Z;6.23;6.246;8123;8123
2026-06-08T09:42:22.0000000Z;6.23;6.246;8123;8123
2026-06-08T09:42:41.0000000Z;6.23;6.248;8123;8123
2026-06-08T09:42:45.0000000Z;6.232;6.248;8123;8123
2026-06-08T09:42:57.0000000Z;6.232;6.25;8123;8123
2026-06-08T09:42:59.0000000Z;6.234;6.25;8123;8123
2026-06-08T09:43:05.0000000Z;6.233;6.25;8123;8123
2026-06-08T09:43:19.0000000Z;6.234;6.25;8123;8123
2026-06-08T09:43:42.0000000Z;6.234;6.252;8123;8123
2026-06-08T09:43:49.0000000Z;6.236;6.252;8123;8123
2026-06-08T09:44:19.0000000Z;6.236;6.252;8123;8123
2026-06-08T09:44:50.0000000Z;6.236;6.252;8123;8123
2026-06-08T09:44:51.0000000Z;6.234;6.252;8123;8123
2026-06-08T09:45:04.0000000Z;6.234;6.25;8123;8123
2026-06-08T09:45:34.0000000Z;6.234;6.25;8123;8123
2026-06-08T09:45:39.0000000Z;6.234;6.252;8123;8123
2026-06-08T09:45:47.0000000Z;6.236;6.252;8123;8123
2026-06-08T09:46:00.0000000Z;6.236;6.253;8123;8123
2026-06-08T09:46:30.0000000Z;6.236;6.253;8123;8123
2026-06-08T09:46:59.0000000Z;6.238;6.253;8123;8123
2026-06-08T09:47:02.0000000Z;6.238;6.254;8123;8123
2026-06-08T09:47:22.0000000Z;6.236;6.254;8123;8123
2026-06-08T09:47:53.0000000Z;6.236;6.254;8123;8123
2026-06-08T09:47:54.0000000Z;6.238;6.254;8123;8123
2026-06-08T09:48:25.0000000Z;6.238;6.254;8123;8123
2026-06-08T09:48:55.0000000Z;6.238;6.254;8123;8123
2026-06-08T09:48:58.0000000Z;6.237;6.254;8123;8123
2026-06-08T09:49:00.0000000Z;6.238;6.254;8123;8123
2026-06-08T09:49:28.0000000Z;6.237;6.254;8123;8123
2026-06-08T09:49:59.0000000Z;6.237;6.254;8123;8123
2026-06-08T09:50:01.0000000Z;6.237;6.252;8123;8123
2026-06-08T09:50:20.0000000Z;6.237;6.25;8123;8123
2026-06-08T09:50:39.0000000Z;6.237;6.252;8123;8123
2026-06-08T09:51:10.0000000Z;6.237;6.252;8123;8123
2026-06-08T09:51:12.0000000Z;6.237;6.25;8123;8123
2026-06-08T09:51:42.0000000Z;6.237;6.25;8123;8123
2026-06-08T09:52:00.0000000Z;6.237;6.252;8123;8123
2026-06-08T09:52:12.0000000Z;6.237;6.253;8123;8123
2026-06-08T09:52:20.0000000Z;6.238;6.253;8123;8123
2026-06-08T09:52:30.0000000Z;6.238;6.254;8123;8123
2026-06-08T09:52:54.0000000Z;6.237;6.254;8123;8123
2026-06-08T09:53:07.0000000Z;6.237;6.252;8123;8123
2026-06-08T09:53:38.0000000Z;6.237;6.252;8123;8123
2026-06-08T09:54:06.0000000Z;6.237;6.253;8123;8123
2026-06-08T09:54:36.0000000Z;6.237;6.253;8123;8123
2026-06-08T09:54:37.0000000Z;6.237;6.252;8123;8123
2026-06-08T09:54:46.0000000Z;6.237;6.253;8123;8123
2026-06-08T09:55:16.0000000Z;6.237;6.253;8123;8123
2026-06-08T09:55:24.0000000Z;6.237;6.252;8123;8123
2026-06-08T09:55:54.0000000Z;6.237;6.252;8123;8123
2026-06-08T09:56:25.0000000Z;6.237;6.252;8123;8123
2026-06-08T09:56:49.0000000Z;6.237;6.25;8123;8123
2026-06-08T09:57:06.0000000Z;6.237;6.252;8123;8123
2026-06-08T09:57:36.0000000Z;6.237;6.252;8123;8123
2026-06-08T09:57:46.0000000Z;6.237;6.253;8123;8123
2026-06-08T09:57:59.0000000Z;6.237;6.252;8123;8123
2026-06-08T09:58:25.0000000Z;6.237;6.253;8123;8123
2026-06-08T09:58:27.0000000Z;6.238;6.253;8123;8123
2026-06-08T09:58:33.0000000Z;6.238;6.254;8123;8123
2026-06-08T09:58:56.0000000Z;6.238;6.251;8123;8123
2026-06-08T09:58:59.0000000Z;6.237;6.251;8123;8123
2026-06-08T09:59:30.0000000Z;6.237;6.251;8123;8123
2026-06-08T09:59:58.0000000Z;6.238;6.251;8123;8123
2026-06-08T10:00:28.0000000Z;6.238;6.251;8123;8123
2026-06-08T10:00:39.0000000Z;6.237;6.251;8123;8123
2026-06-08T10:00:51.0000000Z;6.237;6.251;8123;8123
2026-06-08T10:01:21.0000000Z;6.237;6.251;8123;8123
2026-06-08T10:01:52.0000000Z;6.237;6.251;8123;8123
2026-06-08T10:02:01.0000000Z;6.237;6.249;8123;8123
2026-06-08T10:02:04.0000000Z;6.237;6.247;8123;8123
2026-06-08T10:02:05.0000000Z;6.232;6.247;8123;8123
2026-06-08T10:02:09.0000000Z;6.232;6.244;8123;8123
2026-06-08T10:02:13.0000000Z;6.227;6.244;8123;8123
2026-06-08T10:02:16.0000000Z;6.232;6.246;8123;8123
2026-06-08T10:02:47.0000000Z;6.232;6.246;8123;8123
2026-06-08T10:02:56.0000000Z;6.234;6.246;8123;8123
2026-06-08T10:03:02.0000000Z;6.234;6.248;8123;8123
2026-06-08T10:03:33.0000000Z;6.234;6.248;8123;8123
2026-06-08T10:03:54.0000000Z;6.235;6.248;8123;8123
2026-06-08T10:04:24.0000000Z;6.235;6.248;8123;8123
2026-06-08T10:04:55.0000000Z;6.235;6.248;8123;8123
2026-06-08T10:05:21.0000000Z;6.236;6.248;8123;8123
2026-06-08T10:05:33.0000000Z;6.236;6.251;8123;8123
2026-06-08T10:06:03.0000000Z;6.236;6.251;8123;8123
2026-06-08T10:06:23.0000000Z;6.238;6.251;8123;8123
2026-06-08T10:06:41.0000000Z;6.238;6.253;8123;8123
2026-06-08T10:06:54.0000000Z;6.24;6.253;8123;8123
2026-06-08T10:07:22.0000000Z;6.24;6.256;8123;8123
2026-06-08T10:07:29.0000000Z;6.242;6.256;8123;8123
2026-06-08T10:07:59.0000000Z;6.242;6.256;8123;8123
2026-06-08T10:08:19.0000000Z;6.242;6.257;8123;8123
2026-06-08T10:08:29.0000000Z;6.244;6.257;8123;8123
2026-06-08T10:08:45.0000000Z;6.242;6.257;8123;8123
2026-06-08T10:09:11.0000000Z;6.244;6.257;8123;8123
2026-06-08T10:09:42.0000000Z;6.244;6.257;8123;8123
2026-06-08T10:09:46.0000000Z;6.242;6.257;8123;8123
2026-06-08T10:09:54.0000000Z;6.242;6.255;8123;8123
2026-06-08T10:09:56.0000000Z;6.241;6.255;8123;8123
2026-06-08T10:10:24.0000000Z;6.241;6.255;8123;8123
2026-06-08T10:10:41.0000000Z;6.242;6.255;8123;8123
2026-06-08T10:11:11.0000000Z;6.242;6.255;8123;8123
2026-06-08T10:11:42.0000000Z;6.242;6.255;8123;8123
2026-06-08T10:12:10.0000000Z;6.244;6.255;8123;8123
2026-06-08T10:12:12.0000000Z;6.244;6.257;8123;8123
2026-06-08T10:12:42.0000000Z;6.244;6.257;8123;8123
2026-06-08T10:13:13.0000000Z;6.244;6.257;8123;8123
2026-06-08T10:13:43.0000000Z;6.244;6.257;8123;8123
2026-06-08T10:14:03.0000000Z;6.242;6.257;8123;8123
2026-06-08T10:14:34.0000000Z;6.242;6.257;8123;8123
2026-06-08T10:15:05.0000000Z;6.242;6.257;8123;8123
2026-06-08T10:15:35.0000000Z;6.242;6.257;8123;8123
2026-06-08T10:16:06.0000000Z;6.242;6.257;8123;8123
2026-06-08T10:16:18.0000000Z;6.244;6.257;8123;8123
2026-06-08T10:16:27.0000000Z;6.242;6.257;8123;8123
2026-06-08T10:16:48.0000000Z;6.242;6.255;8123;8123
2026-06-08T10:16:49.0000000Z;6.241;6.255;8123;8123
2026-06-08T10:17:10.0000000Z;6.241;6.252;8123;8123
2026-06-08T10:17:40.0000000Z;6.241;6.252;8123;8123
2026-06-08T10:18:11.0000000Z;6.241;6.252;8123;8123
2026-06-08T10:18:41.0000000Z;6.241;6.252;8123;8123
2026-06-08T10:19:12.0000000Z;6.241;6.252;8123;8123
2026-06-08T10:19:39.0000000Z;6.237;6.252;8123;8123
2026-06-08T10:19:57.0000000Z;6.237;6.25;8123;8123
2026-06-08T10:20:27.0000000Z;6.237;6.25;8123;8123
2026-06-08T10:20:58.0000000Z;6.237;6.25;8123;8123
2026-06-08T10:20:59.0000000Z;6.238;6.25;8123;8123
2026-06-08T10:21:29.0000000Z;6.238;6.25;8123;8123
2026-06-08T10:21:48.0000000Z;6.237;6.25;8123;8123
2026-06-08T10:22:18.0000000Z;6.237;6.25;8123;8123
2026-06-08T10:22:49.0000000Z;6.237;6.25;8123;8123
2026-06-08T10:22:50.0000000Z;6.237;6.248;8123;8123
2026-06-08T10:23:21.0000000Z;6.237;6.248;8123;8123
2026-06-08T10:23:52.0000000Z;6.237;6.248;8123;8123
2026-06-08T10:24:22.0000000Z;6.237;6.248;8123;8123
2026-06-08T10:24:53.0000000Z;6.237;6.248;8123;8123
2026-06-08T10:25:14.0000000Z;6.237;6.25;8123;8123
2026-06-08T10:25:45.0000000Z;6.237;6.25;8123;8123
2026-06-08T10:25:53.0000000Z;6.238;6.25;8123;8123
2026-06-08T10:26:05.0000000Z;6.237;6.25;8123;8123
2026-06-08T10:26:36.0000000Z;6.237;6.25;8123;8123
2026-06-08T10:26:57.0000000Z;6.238;6.25;8123;8123
2026-06-08T10:27:28.0000000Z;6.238;6.25;8123;8123
2026-06-08T10:27:42.0000000Z;6.237;6.25;8123;8123
2026-06-08T10:28:13.0000000Z;6.237;6.25;8123;8123
2026-06-08T10:28:36.0000000Z;6.238;6.25;8123;8123
2026-06-08T10:29:06.0000000Z;6.238;6.25;8123;8123
2026-06-08T10:29:09.0000000Z;6.238;6.252;8123;8123
2026-06-08T10:29:25.0000000Z;6.24;6.252;8123;8123
2026-06-08T10:29:47.0000000Z;6.24;6.255;8123;8123
2026-06-08T10:30:18.0000000Z;6.24;6.255;8123;8123
2026-06-08T10:30:48.0000000Z;6.24;6.255;8123;8123
2026-06-08T10:31:19.0000000Z;6.24;6.255;8123;8123
2026-06-08T10:31:49.0000000Z;6.24;6.255;8123;8123
2026-06-08T10:32:20.0000000Z;6.24;6.255;8123;8123
2026-06-08T10:32:51.0000000Z;6.24;6.255;8123;8123
2026-06-08T10:33:21.0000000Z;6.24;6.255;8123;8123
2026-06-08T10:33:33.0000000Z;6.242;6.255;8123;8123
2026-06-08T10:33:44.0000000Z;6.242;6.257;8123;8123
2026-06-08T10:34:11.0000000Z;6.243;6.257;8123;8123
2026-06-08T10:34:12.0000000Z;6.243;6.259;8123;8123
2026-06-08T10:34:18.0000000Z;6.254;6.259;8123;8123
2026-06-08T10:34:23.0000000Z;6.254;6.271;8123;8123
2026-06-08T10:34:24.0000000Z;6.251;6.271;8123;8123
2026-06-08T10:34:29.0000000Z;6.266;6.282;8123;8123
2026-06-08T10:34:33.0000000Z;6.266;6.277;8123;8123
2026-06-08T10:34:35.0000000Z;6.262;6.277;8123;8123
2026-06-08T10:34:41.0000000Z;6.262;6.275;8123;8123
2026-06-08T10:34:47.0000000Z;6.259;6.273;8123;8123
2026-06-08T10:34:52.0000000Z;6.259;6.271;8123;8123
2026-06-08T10:34:59.0000000Z;6.259;6.269;8123;8123
2026-06-08T10:35:01.0000000Z;6.254;6.269;8123;8123
2026-06-08T10:35:02.0000000Z;6.256;6.269;8123;8123
2026-06-08T10:35:04.0000000Z;6.256;6.267;8123;8123
2026-06-08T10:35:07.0000000Z;6.253;6.267;8123;8123
2026-06-08T10:35:08.0000000Z;6.253;6.265;8123;8123
2026-06-08T10:35:09.0000000Z;6.248;6.265;8123;8123
2026-06-08T10:35:13.0000000Z;6.25;6.265;8123;8123
2026-06-08T10:35:17.0000000Z;6.248;6.265;8123;8123
2026-06-08T10:35:22.0000000Z;6.25;6.265;8123;8123
2026-06-08T10:35:28.0000000Z;6.252;6.265;8123;8123
2026-06-08T10:35:31.0000000Z;6.252;6.267;8123;8123
2026-06-08T10:35:37.0000000Z;6.251;6.267;8123;8123
2026-06-08T10:35:39.0000000Z;6.252;6.267;8123;8123
2026-06-08T10:36:03.0000000Z;6.252;6.265;8123;8123
2026-06-08T10:36:06.0000000Z;6.251;6.265;8123;8123
2026-06-08T10:36:11.0000000Z;6.252;6.265;8123;8123
2026-06-08T10:36:18.0000000Z;6.252;6.267;8123;8123
2026-06-08T10:36:32.0000000Z;6.254;6.267;8123;8123
2026-06-08T10:37:02.0000000Z;6.254;6.267;8123;8123
2026-06-08T10:37:19.0000000Z;6.254;6.27;8123;8123
2026-06-08T10:37:31.0000000Z;6.253;6.267;8123;8123
2026-06-08T10:38:02.0000000Z;6.253;6.267;8123;8123
2026-06-08T10:38:32.0000000Z;6.253;6.267;8123;8123
2026-06-08T10:38:42.0000000Z;6.254;6.267;8123;8123
2026-06-08T10:39:02.0000000Z;6.254;6.27;8123;8123
2026-06-08T10:39:21.0000000Z;6.254;6.268;8123;8123
2026-06-08T10:39:35.0000000Z;6.253;6.268;8123;8123
2026-06-08T10:40:05.0000000Z;6.253;6.268;8123;8123
2026-06-08T10:40:36.0000000Z;6.253;6.268;8123;8123
2026-06-08T10:40:59.0000000Z;6.254;6.268;8123;8123
2026-06-08T10:41:29.0000000Z;6.254;6.268;8123;8123
2026-06-08T10:41:59.0000000Z;6.254;6.268;8123;8123
2026-06-08T10:42:30.0000000Z;6.254;6.268;8123;8123
2026-06-08T10:42:50.0000000Z;6.254;6.27;8123;8123
2026-06-08T10:43:12.0000000Z;6.256;6.27;8123;8123
2026-06-08T10:43:42.0000000Z;6.256;6.27;8123;8123
2026-06-08T10:44:13.0000000Z;6.256;6.27;8123;8123
2026-06-08T10:44:30.0000000Z;6.254;6.27;8123;8123
2026-06-08T10:44:45.0000000Z;6.254;6.268;8123;8123
2026-06-08T10:45:15.0000000Z;6.254;6.268;8123;8123
2026-06-08T10:45:41.0000000Z;6.253;6.268;8123;8123
2026-06-08T10:45:59.0000000Z;6.253;6.266;8123;8123
2026-06-08T10:46:30.0000000Z;6.253;6.266;8123;8123
2026-06-08T10:46:49.0000000Z;6.253;6.263;8123;8123
2026-06-08T10:46:54.0000000Z;6.249;6.263;8123;8123
2026-06-08T10:47:08.0000000Z;6.249;6.261;8123;8123
2026-06-08T10:47:39.0000000Z;6.249;6.261;8123;8123
2026-06-08T10:48:09.0000000Z;6.249;6.261;8123;8123
2026-06-08T10:48:40.0000000Z;6.249;6.261;8123;8123
2026-06-08T10:49:11.0000000Z;6.249;6.261;8123;8123
2026-06-08T10:49:41.0000000Z;6.249;6.261;8123;8123
2026-06-08T10:50:12.0000000Z;6.249;6.261;8123;8123
2026-06-08T10:50:42.0000000Z;6.249;6.261;8123;8123
2026-06-08T10:51:01.0000000Z;6.249;6.259;8123;8123
2026-06-08T10:51:03.0000000Z;6.245;6.259;8123;8123
2026-06-08T10:51:33.0000000Z;6.245;6.259;8123;8123
2026-06-08T10:51:47.0000000Z;6.246;6.259;8123;8123
2026-06-08T10:52:18.0000000Z;6.246;6.259;8123;8123
2026-06-08T10:52:49.0000000Z;6.246;6.259;8123;8123
2026-06-08T10:53:11.0000000Z;6.246;6.262;8123;8123
2026-06-08T10:53:42.0000000Z;6.246;6.262;8123;8123
2026-06-08T10:54:00.0000000Z;6.246;6.259;8123;8123
2026-06-08T10:54:02.0000000Z;6.245;6.259;8123;8123
2026-06-08T10:54:32.0000000Z;6.245;6.259;8123;8123
2026-06-08T10:55:03.0000000Z;6.245;6.259;8123;8123
2026-06-08T10:55:31.0000000Z;6.245;6.257;8123;8123
2026-06-08T10:56:02.0000000Z;6.245;6.257;8123;8123
2026-06-08T10:56:19.0000000Z;6.245;6.255;8123;8123
2026-06-08T10:56:22.0000000Z;6.241;6.255;8123;8123
2026-06-08T10:56:50.0000000Z;6.241;6.255;8123;8123
2026-06-08T10:57:21.0000000Z;6.241;6.255;8123;8123
2026-06-08T10:57:51.0000000Z;6.241;6.255;8123;8123
2026-06-08T10:58:22.0000000Z;6.241;6.255;8123;8123
2026-06-08T10:58:26.0000000Z;6.242;6.255;8123;8123
2026-06-08T10:58:57.0000000Z;6.242;6.255;8123;8123
2026-06-08T10:59:03.0000000Z;6.241;6.255;8123;8123
2026-06-08T10:59:32.0000000Z;6.241;6.255;8123;8123
2026-06-08T10:59:45.0000000Z;6.242;6.255;8123;8123
2026-06-08T10:59:49.0000000Z;6.241;6.255;8123;8123
2026-06-08T11:00:03.0000000Z;6.238;6.255;8123;8123
2026-06-08T11:00:33.0000000Z;6.238;6.255;8123;8123
2026-06-08T11:00:46.0000000Z;6.238;6.252;8123;8123
2026-06-08T11:01:14.0000000Z;6.238;6.25;8123;8123
2026-06-08T11:01:45.0000000Z;6.238;6.25;8123;8123
2026-06-08T11:02:16.0000000Z;6.238;6.25;8123;8123
2026-06-08T11:02:46.0000000Z;6.238;6.25;8123;8123
2026-06-08T11:03:17.0000000Z;6.238;6.25;8123;8123
2026-06-08T11:03:30.0000000Z;6.238;6.252;8123;8123
2026-06-08T11:03:35.0000000Z;6.239;6.252;8123;8123
2026-06-08T11:04:06.0000000Z;6.239;6.252;8123;8123
2026-06-08T11:04:12.0000000Z;6.238;6.252;8123;8123
2026-06-08T11:04:42.0000000Z;6.238;6.252;8123;8123
2026-06-08T11:04:48.0000000Z;6.239;6.252;8123;8123
2026-06-08T11:05:07.0000000Z;6.239;6.255;8123;8123
2026-06-08T11:05:22.0000000Z;6.241;6.255;8123;8123
2026-06-08T11:05:27.0000000Z;6.239;6.255;8123;8123
2026-06-08T11:05:51.0000000Z;6.241;6.255;8123;8123
2026-06-08T11:06:18.0000000Z;6.24;6.255;8123;8123
2026-06-08T11:06:49.0000000Z;6.24;6.255;8123;8123
2026-06-08T11:07:05.0000000Z;6.241;6.255;8123;8123
2026-06-08T11:07:35.0000000Z;6.241;6.255;8123;8123
2026-06-08T11:08:06.0000000Z;6.241;6.255;8123;8123
2026-06-08T11:08:25.0000000Z;6.243;6.255;8123;8123
2026-06-08T11:08:28.0000000Z;6.243;6.257;8123;8123
2026-06-08T11:08:58.0000000Z;6.243;6.257;8123;8123
2026-06-08T11:09:28.0000000Z;6.243;6.257;8123;8123
2026-06-08T11:09:59.0000000Z;6.245;6.257;8123;8123
2026-06-08T11:10:03.0000000Z;6.245;6.259;8123;8123
2026-06-08T11:10:34.0000000Z;6.245;6.259;8123;8123
2026-06-08T11:10:42.0000000Z;6.247;6.259;8123;8123
2026-06-08T11:10:44.0000000Z;6.247;6.261;8123;8123
2026-06-08T11:10:58.0000000Z;6.249;6.268;8123;8123
2026-06-08T11:11:04.0000000Z;6.247;6.295;8123;8123
2026-06-08T11:11:08.0000000Z;6.253;6.272;8123;8123
2026-06-08T11:11:11.0000000Z;6.256;6.272;8123;8123
2026-06-08T11:11:14.0000000Z;6.258;6.272;8123;8123
2026-06-08T11:11:16.0000000Z;6.256;6.272;8123;8123
2026-06-08T11:11:22.0000000Z;6.258;6.272;8123;8123
2026-06-08T11:11:24.0000000Z;6.256;6.272;8123;8123
2026-06-08T11:11:34.0000000Z;6.256;6.27;8123;8123
2026-06-08T11:11:41.0000000Z;6.26;6.275;8123;8123
2026-06-08T11:11:43.0000000Z;6.258;6.275;8123;8123
2026-06-08T11:11:49.0000000Z;6.258;6.272;8123;8123
2026-06-08T11:11:51.0000000Z;6.256;6.272;8123;8123
2026-06-08T11:12:19.0000000Z;6.258;6.272;8123;8123
2026-06-08T11:12:22.0000000Z;6.26;6.274;8123;8123
2026-06-08T11:12:33.0000000Z;6.258;6.274;8123;8123
2026-06-08T11:12:46.0000000Z;6.26;6.274;8123;8123
2026-06-08T11:12:58.0000000Z;6.259;6.274;8123;8123
2026-06-08T11:13:13.0000000Z;6.261;6.274;8123;8123
2026-06-08T11:13:18.0000000Z;6.259;6.274;8123;8123
2026-06-08T11:13:23.0000000Z;6.259;6.272;8123;8123
2026-06-08T11:13:54.0000000Z;6.259;6.272;8123;8123
2026-06-08T11:14:17.0000000Z;6.261;6.272;8123;8123
2026-06-08T11:14:20.0000000Z;6.261;6.274;8123;8123
2026-06-08T11:14:44.0000000Z;6.262;6.274;8123;8123
2026-06-08T11:14:46.0000000Z;6.262;6.276;8123;8123
2026-06-08T11:14:56.0000000Z;6.263;6.276;8123;8123
2026-06-08T11:15:00.0000000Z;6.266;6.276;8123;8123
2026-06-08T11:15:02.0000000Z;6.266;6.307;8123;8123
2026-06-08T11:15:03.0000000Z;6.278;6.296;8123;8123
2026-06-08T11:15:10.0000000Z;6.27;6.289;8123;8123
2026-06-08T11:15:15.0000000Z;6.273;6.287;8123;8123
2026-06-08T11:15:18.0000000Z;6.273;6.284;8123;8123
2026-06-08T11:15:35.0000000Z;6.27;6.284;8123;8123
2026-06-08T11:15:37.0000000Z;6.275;6.284;8123;8123
2026-06-08T11:15:39.0000000Z;6.275;6.289;8123;8123
2026-06-08T11:15:40.0000000Z;6.275;6.285;8123;8123
2026-06-08T11:15:41.0000000Z;6.274;6.285;8123;8123
2026-06-08T11:15:43.0000000Z;6.274;6.288;8123;8123
2026-06-08T11:15:46.0000000Z;6.274;6.285;8123;8123
2026-06-08T11:15:54.0000000Z;6.27;6.285;8123;8123
2026-06-08T11:15:57.0000000Z;6.271;6.285;8123;8123
2026-06-08T11:15:59.0000000Z;6.272;6.285;8123;8123
2026-06-08T11:16:04.0000000Z;6.272;6.283;8123;8123
2026-06-08T11:16:05.0000000Z;6.266;6.283;8123;8123
2026-06-08T11:16:09.0000000Z;6.269;6.283;8123;8123
2026-06-08T11:16:16.0000000Z;6.269;6.281;8123;8123
2026-06-08T11:16:47.0000000Z;6.269;6.281;8123;8123
2026-06-08T11:17:06.0000000Z;6.269;6.279;8123;8123
2026-06-08T11:17:23.0000000Z;6.269;6.281;8123;8123
2026-06-08T11:17:53.0000000Z;6.269;6.281;8123;8123
2026-06-08T11:18:11.0000000Z;6.269;6.279;8123;8123
2026-06-08T11:18:28.0000000Z;6.269;6.282;8123;8123
2026-06-08T11:18:58.0000000Z;6.269;6.282;8123;8123
2026-06-08T11:19:18.0000000Z;6.269;6.279;8123;8123
2026-06-08T11:19:29.0000000Z;6.269;6.282;8123;8123
2026-06-08T11:19:53.0000000Z;6.27;6.282;8123;8123
2026-06-08T11:19:55.0000000Z;6.27;6.284;8123;8123
2026-06-08T11:20:24.0000000Z;6.27;6.284;8123;8123
2026-06-08T11:20:39.0000000Z;6.269;6.284;8123;8123
2026-06-08T11:20:41.0000000Z;6.269;6.282;8123;8123
2026-06-08T11:21:11.0000000Z;6.269;6.282;8123;8123
2026-06-08T11:21:17.0000000Z;6.27;6.282;8123;8123
2026-06-08T11:21:19.0000000Z;6.27;6.284;8123;8123
2026-06-08T11:21:43.0000000Z;6.272;6.284;8123;8123
2026-06-08T11:22:08.0000000Z;6.27;6.284;8123;8123
2026-06-08T11:22:36.0000000Z;6.272;6.284;8123;8123
2026-06-08T11:22:44.0000000Z;6.27;6.284;8123;8123
2026-06-08T11:23:07.0000000Z;6.269;6.284;8123;8123
2026-06-08T11:23:12.0000000Z;6.269;6.282;8123;8123
2026-06-08T11:23:43.0000000Z;6.269;6.282;8123;8123
2026-06-08T11:24:07.0000000Z;6.269;6.284;8123;8123
2026-06-08T11:24:12.0000000Z;6.27;6.284;8123;8123
2026-06-08T11:24:43.0000000Z;6.27;6.284;8123;8123
2026-06-08T11:24:44.0000000Z;6.269;6.284;8123;8123
2026-06-08T11:24:51.0000000Z;6.27;6.284;8123;8123
2026-06-08T11:25:22.0000000Z;6.27;6.284;8123;8123
2026-06-08T11:25:52.0000000Z;6.27;6.284;8123;8123
2026-06-08T11:26:23.0000000Z;6.27;6.284;8123;8123
2026-06-08T11:26:46.0000000Z;6.272;6.284;8123;8123
2026-06-08T11:26:48.0000000Z;6.272;6.286;8123;8123
2026-06-08T11:27:04.0000000Z;6.271;6.286;8123;8123
2026-06-08T11:27:34.0000000Z;6.271;6.286;8123;8123
2026-06-08T11:27:50.0000000Z;6.272;6.286;8123;8123
2026-06-08T11:28:19.0000000Z;6.271;6.286;8123;8123
2026-06-08T11:28:49.0000000Z;6.271;6.286;8123;8123
2026-06-08T11:29:09.0000000Z;6.272;6.286;8123;8123
2026-06-08T11:29:28.0000000Z;6.271;6.286;8123;8123
2026-06-08T11:29:42.0000000Z;6.272;6.286;8123;8123
2026-06-08T11:30:13.0000000Z;6.272;6.286;8123;8123
2026-06-08T11:30:37.0000000Z;6.274;6.286;8123;8123
2026-06-08T11:30:44.0000000Z;6.274;6.288;8123;8123
2026-06-08T11:31:14.0000000Z;6.274;6.288;8123;8123
2026-06-08T11:31:44.0000000Z;6.274;6.288;8123;8123
2026-06-08T11:31:51.0000000Z;6.276;6.288;8123;8123
2026-06-08T11:32:12.0000000Z;6.274;6.288;8123;8123
2026-06-08T11:32:42.0000000Z;6.274;6.288;8123;8123
2026-06-08T11:33:13.0000000Z;6.274;6.288;8123;8123
2026-06-08T11:33:31.0000000Z;6.276;6.288;8123;8123
2026-06-08T11:33:54.0000000Z;6.274;6.288;8123;8123
2026-06-08T11:34:04.0000000Z;6.272;6.288;8123;8123
2026-06-08T11:34:12.0000000Z;6.274;6.288;8123;8123
2026-06-08T11:34:42.0000000Z;6.274;6.288;8123;8123
2026-06-08T11:35:13.0000000Z;6.274;6.288;8123;8123
2026-06-08T11:35:21.0000000Z;6.272;6.288;8123;8123
2026-06-08T11:35:47.0000000Z;6.274;6.288;8123;8123
2026-06-08T11:36:17.0000000Z;6.274;6.288;8123;8123
2026-06-08T11:36:34.0000000Z;6.272;6.288;8123;8123
2026-06-08T11:36:51.0000000Z;6.273;6.288;8123;8123
2026-06-08T11:37:21.0000000Z;6.273;6.288;8123;8123
2026-06-08T11:37:23.0000000Z;6.274;6.288;8123;8123
2026-06-08T11:37:54.0000000Z;6.274;6.288;8123;8123
2026-06-08T11:38:24.0000000Z;6.274;6.288;8123;8123
2026-06-08T11:38:38.0000000Z;6.276;6.288;8123;8123
2026-06-08T11:39:00.0000000Z;6.274;6.288;8123;8123
2026-06-08T11:39:31.0000000Z;6.274;6.288;8123;8123
2026-06-08T11:39:32.0000000Z;6.276;6.288;8123;8123
2026-06-08T11:39:33.0000000Z;6.276;6.29;8123;8123
2026-06-08T11:40:04.0000000Z;6.276;6.29;8123;8123
2026-06-08T11:40:16.0000000Z;6.274;6.29;8123;8123
2026-06-08T11:40:19.0000000Z;6.274;6.288;8123;8123
2026-06-08T11:40:49.0000000Z;6.274;6.288;8123;8123
2026-06-08T11:41:19.0000000Z;6.274;6.288;8123;8123
2026-06-08T11:41:23.0000000Z;6.273;6.288;8123;8123
2026-06-08T11:41:54.0000000Z;6.273;6.288;8123;8123
2026-06-08T11:42:14.0000000Z;6.274;6.288;8123;8123
2026-06-08T11:42:45.0000000Z;6.274;6.288;8123;8123
2026-06-08T11:43:02.0000000Z;6.276;6.288;8123;8123
2026-06-08T11:43:03.0000000Z;6.276;6.29;8123;8123
2026-06-08T11:43:34.0000000Z;6.274;6.29;8123;8123
2026-06-08T11:43:45.0000000Z;6.274;6.288;8123;8123
2026-06-08T11:43:58.0000000Z;6.273;6.288;8123;8123
2026-06-08T11:44:04.0000000Z;6.273;6.285;8123;8123
2026-06-08T11:44:34.0000000Z;6.273;6.285;8123;8123
2026-06-08T11:45:04.0000000Z;6.273;6.285;8123;8123
2026-06-08T11:45:35.0000000Z;6.273;6.285;8123;8123
2026-06-08T11:46:05.0000000Z;6.273;6.285;8123;8123
2026-06-08T11:46:27.0000000Z;6.273;6.283;8123;8123
2026-06-08T11:46:30.0000000Z;6.268;6.283;8123;8123
2026-06-08T11:46:55.0000000Z;6.268;6.281;8123;8123
2026-06-08T11:46:56.0000000Z;6.267;6.281;8123;8123
2026-06-08T11:47:24.0000000Z;6.266;6.281;8123;8123
2026-06-08T11:47:30.0000000Z;6.265;6.281;8123;8123
2026-06-08T11:47:43.0000000Z;6.265;6.278;8123;8123
2026-06-08T11:48:14.0000000Z;6.265;6.278;8123;8123
2026-06-08T11:48:44.0000000Z;6.265;6.278;8123;8123
2026-06-08T11:49:15.0000000Z;6.265;6.278;8123;8123
2026-06-08T11:49:45.0000000Z;6.265;6.278;8123;8123
2026-06-08T11:50:05.0000000Z;6.266;6.278;8123;8123
2026-06-08T11:50:09.0000000Z;6.266;6.281;8123;8123
2026-06-08T11:50:39.0000000Z;6.266;6.281;8123;8123
2026-06-08T11:51:10.0000000Z;6.266;6.281;8123;8123
2026-06-08T11:51:17.0000000Z;6.268;6.281;8123;8123
2026-06-08T11:51:47.0000000Z;6.268;6.281;8123;8123
2026-06-08T11:51:51.0000000Z;6.267;6.281;8123;8123
2026-06-08T11:52:21.0000000Z;6.267;6.281;8123;8123
2026-06-08T11:52:51.0000000Z;6.267;6.281;8123;8123
2026-06-08T11:53:15.0000000Z;6.267;6.278;8123;8123
2026-06-08T11:53:45.0000000Z;6.267;6.278;8123;8123
2026-06-08T11:54:16.0000000Z;6.267;6.278;8123;8123
2026-06-08T11:54:47.0000000Z;6.267;6.278;8123;8123
2026-06-08T11:55:17.0000000Z;6.267;6.278;8123;8123
2026-06-08T11:55:48.0000000Z;6.267;6.278;8123;8123
2026-06-08T11:56:18.0000000Z;6.267;6.278;8123;8123
2026-06-08T11:56:25.0000000Z;6.267;6.281;8123;8123
2026-06-08T11:56:55.0000000Z;6.267;6.281;8123;8123
2026-06-08T11:57:26.0000000Z;6.267;6.279;8123;8123
2026-06-08T11:57:42.0000000Z;6.263;6.279;8123;8123
2026-06-08T11:58:08.0000000Z;6.265;6.279;8123;8123
2026-06-08T11:58:38.0000000Z;6.265;6.279;8123;8123
2026-06-08T11:59:09.0000000Z;6.265;6.279;8123;8123
2026-06-08T11:59:10.0000000Z;6.265;6.276;8123;8123
2026-06-08T11:59:41.0000000Z;6.265;6.276;8123;8123
2026-06-08T12:00:12.0000000Z;6.265;6.276;8123;8123
2026-06-08T12:00:33.0000000Z;6.265;6.279;8123;8123
2026-06-08T12:00:39.0000000Z;6.266;6.279;8123;8123
2026-06-08T12:00:45.0000000Z;6.266;6.281;8123;8123
2026-06-08T12:00:53.0000000Z;6.268;6.281;8123;8123
2026-06-08T12:00:59.0000000Z;6.268;6.283;8123;8123
2026-06-08T12:01:29.0000000Z;6.27;6.283;8123;8123
2026-06-08T12:01:40.0000000Z;6.268;6.283;8123;8123
2026-06-08T12:01:44.0000000Z;6.267;6.28;8123;8123
2026-06-08T12:02:09.0000000Z;6.268;6.28;8123;8123
2026-06-08T12:02:14.0000000Z;6.268;6.282;8123;8123
2026-06-08T12:02:45.0000000Z;6.268;6.282;8123;8123
2026-06-08T12:03:00.0000000Z;6.27;6.282;8123;8123
2026-06-08T12:03:31.0000000Z;6.27;6.282;8123;8123
2026-06-08T12:03:54.0000000Z;6.268;6.282;8123;8123
2026-06-08T12:04:25.0000000Z;6.268;6.282;8123;8123
2026-06-08T12:04:55.0000000Z;6.268;6.282;8123;8123
2026-06-08T12:04:57.0000000Z;6.267;6.282;8123;8123
2026-06-08T12:05:02.0000000Z;6.268;6.282;8123;8123
2026-06-08T12:05:32.0000000Z;6.268;6.282;8123;8123
2026-06-08T12:05:50.0000000Z;6.267;6.28;8123;8123
2026-06-08T12:06:20.0000000Z;6.267;6.28;8123;8123
2026-06-08T12:06:50.0000000Z;6.267;6.28;8123;8123
2026-06-08T12:07:21.0000000Z;6.267;6.28;8123;8123
2026-06-08T12:07:52.0000000Z;6.267;6.28;8123;8123
2026-06-08T12:08:22.0000000Z;6.267;6.28;8123;8123
2026-06-08T12:08:29.0000000Z;6.268;6.28;8123;8123
2026-06-08T12:09:00.0000000Z;6.268;6.28;8123;8123
2026-06-08T12:09:30.0000000Z;6.268;6.28;8123;8123
2026-06-08T12:09:33.0000000Z;6.268;6.283;8123;8123
2026-06-08T12:10:04.0000000Z;6.268;6.283;8123;8123
2026-06-08T12:10:34.0000000Z;6.268;6.283;8123;8123
2026-06-08T12:10:44.0000000Z;6.268;6.281;8123;8123
2026-06-08T12:10:46.0000000Z;6.267;6.281;8123;8123
2026-06-08T12:11:14.0000000Z;6.267;6.278;8123;8123
2026-06-08T12:11:19.0000000Z;6.267;6.276;8123;8123
2026-06-08T12:11:21.0000000Z;6.263;6.276;8123;8123
2026-06-08T12:11:48.0000000Z;6.264;6.276;8123;8123
2026-06-08T12:11:52.0000000Z;6.265;6.276;8123;8123
2026-06-08T12:11:53.0000000Z;6.265;6.278;8123;8123
2026-06-08T12:12:02.0000000Z;6.266;6.278;8123;8123
2026-06-08T12:12:32.0000000Z;6.266;6.278;8123;8123
2026-06-08T12:13:03.0000000Z;6.266;6.278;8123;8123
2026-06-08T12:13:31.0000000Z;6.265;6.278;8123;8123
2026-06-08T12:13:32.0000000Z;6.265;6.277;8123;8123
2026-06-08T12:14:02.0000000Z;6.265;6.277;8123;8123
2026-06-08T12:14:32.0000000Z;6.265;6.277;8123;8123
2026-06-08T12:14:48.0000000Z;6.265;6.274;8123;8123
2026-06-08T12:15:18.0000000Z;6.265;6.274;8123;8123
2026-06-08T12:15:20.0000000Z;6.261;6.274;8123;8123
2026-06-08T12:15:51.0000000Z;6.261;6.274;8123;8123
2026-06-08T12:16:04.0000000Z;6.26;6.274;8123;8123
2026-06-08T12:16:12.0000000Z;6.261;6.274;8123;8123
2026-06-08T12:16:43.0000000Z;6.261;6.274;8123;8123
2026-06-08T12:17:13.0000000Z;6.261;6.274;8123;8123
2026-06-08T12:17:25.0000000Z;6.261;6.276;8123;8123
2026-06-08T12:17:55.0000000Z;6.261;6.276;8123;8123
2026-06-08T12:18:26.0000000Z;6.261;6.276;8123;8123
2026-06-08T12:18:49.0000000Z;6.263;6.276;8123;8123
2026-06-08T12:19:20.0000000Z;6.263;6.276;8123;8123
2026-06-08T12:19:32.0000000Z;6.263;6.278;8123;8123
2026-06-08T12:20:03.0000000Z;6.263;6.278;8123;8123
2026-06-08T12:20:05.0000000Z;6.265;6.278;8123;8123
2026-06-08T12:20:35.0000000Z;6.265;6.278;8123;8123
2026-06-08T12:21:05.0000000Z;6.265;6.28;8123;8123
2026-06-08T12:21:06.0000000Z;6.267;6.28;8123;8123
2026-06-08T12:21:32.0000000Z;6.265;6.28;8123;8123
2026-06-08T12:22:00.0000000Z;6.265;6.28;8123;8123
2026-06-08T12:22:07.0000000Z;6.265;6.278;8123;8123
2026-06-08T12:22:25.0000000Z;6.264;6.278;8123;8123
2026-06-08T12:22:30.0000000Z;6.265;6.278;8123;8123
2026-06-08T12:23:01.0000000Z;6.265;6.278;8123;8123
2026-06-08T12:23:27.0000000Z;6.264;6.278;8123;8123
2026-06-08T12:23:58.0000000Z;6.264;6.278;8123;8123
2026-06-08T12:24:28.0000000Z;6.264;6.278;8123;8123
2026-06-08T12:24:59.0000000Z;6.264;6.278;8123;8123
2026-06-08T12:25:29.0000000Z;6.264;6.278;8123;8123
2026-06-08T12:25:36.0000000Z;6.264;6.276;8123;8123
2026-06-08T12:26:07.0000000Z;6.264;6.276;8123;8123
2026-06-08T12:26:37.0000000Z;6.264;6.276;8123;8123
2026-06-08T12:27:08.0000000Z;6.264;6.276;8123;8123
2026-06-08T12:27:11.0000000Z;6.264;6.274;8123;8123
2026-06-08T12:27:42.0000000Z;6.264;6.274;8123;8123
2026-06-08T12:28:12.0000000Z;6.264;6.274;8123;8123
2026-06-08T12:28:43.0000000Z;6.264;6.274;8123;8123
2026-06-08T12:29:13.0000000Z;6.264;6.274;8123;8123
2026-06-08T12:29:37.0000000Z;6.264;6.276;8123;8123
2026-06-08T12:30:07.0000000Z;6.264;6.276;8123;8123
2026-06-08T12:30:38.0000000Z;6.264;6.276;8123;8123
2026-06-08T12:31:08.0000000Z;6.264;6.276;8123;8123
2026-06-08T12:31:39.0000000Z;6.264;6.276;8123;8123
2026-06-08T12:32:09.0000000Z;6.264;6.276;8123;8123
2026-06-08T12:32:13.0000000Z;6.264;6.278;8123;8123
2026-06-08T12:32:32.0000000Z;6.265;6.278;8123;8123
2026-06-08T12:32:54.0000000Z;6.264;6.278;8123;8123
2026-06-08T12:33:24.0000000Z;6.264;6.278;8123;8123
2026-06-08T12:33:55.0000000Z;6.264;6.278;8123;8123
2026-06-08T12:34:25.0000000Z;6.264;6.278;8123;8123
2026-06-08T12:34:56.0000000Z;6.264;6.278;8123;8123
2026-06-08T12:35:26.0000000Z;6.264;6.278;8123;8123
2026-06-08T12:35:57.0000000Z;6.264;6.278;8123;8123
2026-06-08T12:36:27.0000000Z;6.264;6.278;8123;8123
2026-06-08T12:36:33.0000000Z;6.265;6.278;8123;8123
2026-06-08T12:36:41.0000000Z;6.265;6.282;8123;8123
2026-06-08T12:37:08.0000000Z;6.265;6.282;8123;8123
2026-06-08T12:37:28.0000000Z;6.264;6.282;8123;8123
2026-06-08T12:37:36.0000000Z;6.264;6.28;8123;8123
2026-06-08T12:38:06.0000000Z;6.264;6.28;8123;8123
2026-06-08T12:38:37.0000000Z;6.264;6.28;8123;8123
2026-06-08T12:38:38.0000000Z;6.264;6.277;8123;8123
2026-06-08T12:39:09.0000000Z;6.264;6.277;8123;8123
2026-06-08T12:39:40.0000000Z;6.264;6.277;8123;8123
2026-06-08T12:39:59.0000000Z;6.264;6.274;8123;8123
2026-06-08T12:40:04.0000000Z;6.259;6.274;8123;8123
2026-06-08T12:40:09.0000000Z;6.26;6.274;8123;8123
2026-06-08T12:40:19.0000000Z;6.26;6.278;8123;8123
2026-06-08T12:40:49.0000000Z;6.26;6.278;8123;8123
2026-06-08T12:41:00.0000000Z;6.26;6.274;8123;8123
2026-06-08T12:41:31.0000000Z;6.26;6.274;8123;8123
2026-06-08T12:41:46.0000000Z;6.259;6.274;8123;8123
2026-06-08T12:42:16.0000000Z;6.259;6.274;8123;8123
2026-06-08T12:42:36.0000000Z;6.261;6.274;8123;8123
2026-06-08T12:42:37.0000000Z;6.261;6.279;8123;8123
2026-06-08T12:42:42.0000000Z;6.261;6.275;8123;8123
2026-06-08T12:43:13.0000000Z;6.261;6.275;8123;8123
2026-06-08T12:43:19.0000000Z;6.259;6.275;8123;8123
2026-06-08T12:43:49.0000000Z;6.259;6.275;8123;8123
2026-06-08T12:43:59.0000000Z;6.259;6.274;8123;8123
2026-06-08T12:44:20.0000000Z;6.259;6.272;8123;8123
2026-06-08T12:44:50.0000000Z;6.259;6.272;8123;8123
2026-06-08T12:45:21.0000000Z;6.259;6.272;8123;8123
2026-06-08T12:45:52.0000000Z;6.259;6.272;8123;8123
2026-06-08T12:46:22.0000000Z;6.259;6.272;8123;8123
2026-06-08T12:46:53.0000000Z;6.259;6.272;8123;8123
2026-06-08T12:47:03.0000000Z;6.259;6.27;8123;8123
2026-06-08T12:47:05.0000000Z;6.256;6.27;8123;8123
2026-06-08T12:47:35.0000000Z;6.256;6.27;8123;8123
2026-06-08T12:48:06.0000000Z;6.256;6.27;8123;8123
2026-06-08T12:48:37.0000000Z;6.256;6.27;8123;8123
2026-06-08T12:49:07.0000000Z;6.256;6.27;8123;8123
2026-06-08T12:49:38.0000000Z;6.256;6.27;8123;8123
2026-06-08T12:50:08.0000000Z;6.256;6.27;8123;8123
2026-06-08T12:50:18.0000000Z;6.256;6.268;8123;8123
2026-06-08T12:50:49.0000000Z;6.256;6.268;8123;8123
2026-06-08T12:51:19.0000000Z;6.256;6.268;8123;8123
2026-06-08T12:51:40.0000000Z;6.256;6.266;8123;8123
2026-06-08T12:51:42.0000000Z;6.252;6.266;8123;8123
2026-06-08T12:52:12.0000000Z;6.252;6.266;8123;8123
2026-06-08T12:52:43.0000000Z;6.252;6.266;8123;8123
2026-06-08T12:53:14.0000000Z;6.252;6.266;8123;8123
2026-06-08T12:53:35.0000000Z;6.253;6.266;8123;8123
2026-06-08T12:53:39.0000000Z;6.253;6.268;8123;8123
2026-06-08T12:54:10.0000000Z;6.253;6.268;8123;8123
2026-06-08T12:54:25.0000000Z;6.255;6.268;8123;8123
2026-06-08T12:54:56.0000000Z;6.255;6.268;8123;8123
2026-06-08T12:55:26.0000000Z;6.255;6.268;8123;8123
2026-06-08T12:55:57.0000000Z;6.255;6.268;8123;8123
2026-06-08T12:55:59.0000000Z;6.255;6.27;8123;8123
2026-06-08T12:56:29.0000000Z;6.255;6.27;8123;8123
2026-06-08T12:57:00.0000000Z;6.255;6.27;8123;8123
2026-06-08T12:57:30.0000000Z;6.255;6.27;8123;8123
2026-06-08T12:58:01.0000000Z;6.255;6.27;8123;8123
2026-06-08T12:58:27.0000000Z;6.257;6.27;8123;8123
2026-06-08T12:58:58.0000000Z;6.257;6.27;8123;8123
2026-06-08T12:59:28.0000000Z;6.257;6.27;8123;8123
2026-06-08T12:59:59.0000000Z;6.257;6.27;8123;8123
2026-06-08T13:00:24.0000000Z;6.256;6.275;8123;8123
2026-06-08T13:00:26.0000000Z;6.261;6.275;8123;8123
2026-06-08T13:00:57.0000000Z;6.261;6.275;8123;8123
2026-06-08T13:01:13.0000000Z;6.261;6.273;8123;8123
2026-06-08T13:01:15.0000000Z;6.259;6.273;8123;8123
2026-06-08T13:01:40.0000000Z;6.261;6.273;8123;8123
2026-06-08T13:01:43.0000000Z;6.261;6.275;8123;8123
2026-06-08T13:02:14.0000000Z;6.261;6.275;8123;8123
2026-06-08T13:02:44.0000000Z;6.261;6.275;8123;8123
2026-06-08T13:02:56.0000000Z;6.263;6.275;8123;8123
2026-06-08T13:02:58.0000000Z;6.263;6.275;8123;8123
2026-06-08T13:03:03.0000000Z;6.261;6.275;8123;8123
2026-06-08T13:03:10.0000000Z;6.263;6.275;8123;8123
2026-06-08T13:03:27.0000000Z;6.263;6.277;8123;8123
2026-06-08T13:03:57.0000000Z;6.263;6.277;8123;8123
2026-06-08T13:04:09.0000000Z;6.262;6.277;8123;8123
2026-06-08T13:04:29.0000000Z;6.263;6.277;8123;8123
2026-06-08T13:05:00.0000000Z;6.263;6.277;8123;8123
2026-06-08T13:05:06.0000000Z;6.262;6.277;8123;8123
2026-06-08T13:05:10.0000000Z;6.262;6.275;8123;8123
2026-06-08T13:05:41.0000000Z;6.262;6.275;8123;8123
2026-06-08T13:06:11.0000000Z;6.262;6.275;8123;8123
2026-06-08T13:06:42.0000000Z;6.262;6.275;8123;8123
2026-06-08T13:07:12.0000000Z;6.262;6.275;8123;8123
2026-06-08T13:07:43.0000000Z;6.262;6.275;8123;8123
2026-06-08T13:07:54.0000000Z;6.263;6.275;8123;8123
2026-06-08T13:07:55.0000000Z;6.263;6.277;8123;8123
2026-06-08T13:08:03.0000000Z;6.262;6.274;8123;8123
2026-06-08T13:08:34.0000000Z;6.262;6.274;8123;8123
2026-06-08T13:08:53.0000000Z;6.263;6.274;8123;8123
2026-06-08T13:08:58.0000000Z;6.263;6.277;8123;8123
2026-06-08T13:09:18.0000000Z;6.265;6.277;8123;8123
2026-06-08T13:09:31.0000000Z;6.263;6.277;8123;8123
2026-06-08T13:10:01.0000000Z;6.263;6.277;8123;8123
2026-06-08T13:10:11.0000000Z;6.262;6.277;8123;8123
2026-06-08T13:10:30.0000000Z;6.262;6.274;8123;8123
2026-06-08T13:11:00.0000000Z;6.262;6.274;8123;8123
2026-06-08T13:11:31.0000000Z;6.262;6.274;8123;8123
2026-06-08T13:12:01.0000000Z;6.262;6.274;8123;8123
2026-06-08T13:12:32.0000000Z;6.262;6.274;8123;8123
2026-06-08T13:13:02.0000000Z;6.262;6.274;8123;8123
2026-06-08T13:13:33.0000000Z;6.262;6.274;8123;8123
2026-06-08T13:14:03.0000000Z;6.262;6.274;8123;8123
2026-06-08T13:14:34.0000000Z;6.262;6.274;8123;8123
2026-06-08T13:15:04.0000000Z;6.262;6.274;8123;8123
2026-06-08T13:15:13.0000000Z;6.263;6.274;8123;8123
2026-06-08T13:15:14.0000000Z;6.263;6.277;8123;8123
2026-06-08T13:15:37.0000000Z;6.262;6.277;8123;8123
2026-06-08T13:15:40.0000000Z;6.262;6.274;8123;8123
2026-06-08T13:16:11.0000000Z;6.262;6.274;8123;8123
2026-06-08T13:16:41.0000000Z;6.262;6.274;8123;8123
2026-06-08T13:17:12.0000000Z;6.262;6.274;8123;8123
2026-06-08T13:17:42.0000000Z;6.262;6.274;8123;8123
2026-06-08T13:18:13.0000000Z;6.262;6.274;8123;8123
2026-06-08T13:18:43.0000000Z;6.262;6.274;8123;8123
2026-06-08T13:19:03.0000000Z;6.262;6.272;8123;8123
2026-06-08T13:19:33.0000000Z;6.262;6.272;8123;8123
2026-06-08T13:20:04.0000000Z;6.262;6.272;8123;8123
2026-06-08T13:20:24.0000000Z;6.262;6.275;8123;8123
2026-06-08T13:20:33.0000000Z;6.263;6.275;8123;8123
2026-06-08T13:20:39.0000000Z;6.263;6.277;8123;8123
2026-06-08T13:20:50.0000000Z;6.265;6.277;8123;8123
2026-06-08T13:20:59.0000000Z;6.265;6.279;8123;8123
2026-06-08T13:21:26.0000000Z;6.265;6.279;8123;8123
2026-06-08T13:21:57.0000000Z;6.265;6.279;8123;8123
2026-06-08T13:22:01.0000000Z;6.267;6.279;8123;8123
2026-06-08T13:22:10.0000000Z;6.267;6.282;8123;8123
2026-06-08T13:22:41.0000000Z;6.267;6.282;8123;8123
2026-06-08T13:22:47.0000000Z;6.269;6.282;8123;8123
2026-06-08T13:23:17.0000000Z;6.269;6.282;8123;8123
2026-06-08T13:23:38.0000000Z;6.267;6.282;8123;8123
2026-06-08T13:24:08.0000000Z;6.267;6.282;8123;8123
2026-06-08T13:24:18.0000000Z;6.266;6.282;8123;8123
2026-06-08T13:24:25.0000000Z;6.266;6.279;8123;8123
2026-06-08T13:24:56.0000000Z;6.266;6.279;8123;8123
2026-06-08T13:25:01.0000000Z;6.267;6.279;8123;8123
2026-06-08T13:25:05.0000000Z;6.266;6.279;8123;8123
2026-06-08T13:25:35.0000000Z;6.266;6.279;8123;8123
2026-06-08T13:25:50.0000000Z;6.267;6.279;8123;8123
2026-06-08T13:26:20.0000000Z;6.267;6.279;8123;8123
2026-06-08T13:26:22.0000000Z;6.266;6.279;8123;8123
2026-06-08T13:26:53.0000000Z;6.266;6.279;8123;8123
2026-06-08T13:27:23.0000000Z;6.266;6.279;8123;8123
2026-06-08T13:27:54.0000000Z;6.266;6.279;8123;8123
2026-06-08T13:28:02.0000000Z;6.265;6.279;8123;8123
2026-06-08T13:28:10.0000000Z;6.265;6.282;8123;8123
2026-06-08T13:28:12.0000000Z;6.267;6.282;8123;8123
2026-06-08T13:28:14.0000000Z;6.267;6.284;8123;8123
2026-06-08T13:28:25.0000000Z;6.267;6.281;8123;8123
2026-06-08T13:28:51.0000000Z;6.265;6.281;8123;8123
2026-06-08T13:28:59.0000000Z;6.265;6.279;8123;8123
2026-06-08T13:29:29.0000000Z;6.265;6.279;8123;8123
2026-06-08T13:30:00.0000000Z;6.265;6.279;8123;8123
2026-06-08T13:30:05.0000000Z;6.263;6.277;8123;8123
2026-06-08T13:30:10.0000000Z;6.257;6.277;8123;8123
2026-06-08T13:30:12.0000000Z;6.259;6.277;8123;8123
2026-06-08T13:30:14.0000000Z;6.259;6.279;8123;8123
2026-06-08T13:30:45.0000000Z;6.259;6.279;8123;8123
2026-06-08T13:30:48.0000000Z;6.261;6.279;8123;8123
2026-06-08T13:30:50.0000000Z;6.261;6.281;8123;8123
2026-06-08T13:31:06.0000000Z;6.265;6.279;8123;8123
2026-06-08T13:31:11.0000000Z;6.263;6.279;8123;8123
2026-06-08T13:31:23.0000000Z;6.265;6.279;8123;8123
2026-06-08T13:31:27.0000000Z;6.265;6.281;8123;8123
2026-06-08T13:31:32.0000000Z;6.265;6.281;8123;8123
2026-06-08T13:31:37.0000000Z;6.267;6.281;8123;8123
2026-06-08T13:32:01.0000000Z;6.268;6.281;8123;8123
2026-06-08T13:32:09.0000000Z;6.269;6.283;8123;8123
2026-06-08T13:32:18.0000000Z;6.271;6.283;8123;8123
2026-06-08T13:32:20.0000000Z;6.271;6.285;8123;8123
2026-06-08T13:32:30.0000000Z;6.269;6.285;8123;8123
2026-06-08T13:32:34.0000000Z;6.271;6.285;8123;8123
2026-06-08T13:32:42.0000000Z;6.269;6.285;8123;8123
2026-06-08T13:33:08.0000000Z;6.268;6.282;8123;8123
2026-06-08T13:33:23.0000000Z;6.269;6.282;8123;8123
2026-06-08T13:33:27.0000000Z;6.271;6.282;8123;8123
2026-06-08T13:33:29.0000000Z;6.271;6.284;8123;8123
2026-06-08T13:33:33.0000000Z;6.269;6.284;8123;8123
2026-06-08T13:33:35.0000000Z;6.271;6.284;8123;8123
2026-06-08T13:33:51.0000000Z;6.269;6.284;8123;8123
2026-06-08T13:34:01.0000000Z;6.269;6.283;8123;8123
2026-06-08T13:34:13.0000000Z;6.268;6.281;8123;8123
2026-06-08T13:34:22.0000000Z;6.266;6.281;8123;8123
2026-06-08T13:34:24.0000000Z;6.266;6.279;8123;8123
2026-06-08T13:34:54.0000000Z;6.266;6.279;8123;8123
2026-06-08T13:35:04.0000000Z;6.266;6.276;8123;8123
2026-06-08T13:35:20.0000000Z;6.263;6.276;8123;8123
2026-06-08T13:35:43.0000000Z;6.264;6.276;8123;8123
2026-06-08T13:35:45.0000000Z;6.264;6.279;8123;8123
2026-06-08T13:35:46.0000000Z;6.265;6.279;8123;8123
2026-06-08T13:35:53.0000000Z;6.265;6.281;8123;8123
2026-06-08T13:35:55.0000000Z;6.267;6.281;8123;8123
2026-06-08T13:36:01.0000000Z;6.269;6.281;8123;8123
2026-06-08T13:36:03.0000000Z;6.269;6.283;8123;8123
2026-06-08T13:36:13.0000000Z;6.268;6.283;8123;8123
2026-06-08T13:36:25.0000000Z;6.268;6.28;8123;8123
2026-06-08T13:36:47.0000000Z;6.269;6.28;8123;8123
2026-06-08T13:36:48.0000000Z;6.269;6.283;8123;8123
2026-06-08T13:37:19.0000000Z;6.269;6.283;8123;8123
2026-06-08T13:37:49.0000000Z;6.269;6.283;8123;8123
2026-06-08T13:38:12.0000000Z;6.272;6.283;8123;8123
2026-06-08T13:38:13.0000000Z;6.272;6.284;8123;8123
2026-06-08T13:38:17.0000000Z;6.27;6.284;8123;8123
2026-06-08T13:38:23.0000000Z;6.272;6.286;8123;8123
2026-06-08T13:38:48.0000000Z;6.272;6.284;8123;8123
2026-06-08T13:38:58.0000000Z;6.271;6.284;8123;8123
2026-06-08T13:39:20.0000000Z;6.271;6.284;8123;8123
2026-06-08T13:39:51.0000000Z;6.271;6.284;8123;8123
2026-06-08T13:39:53.0000000Z;6.271;6.282;8123;8123
2026-06-08T13:40:05.0000000Z;6.271;6.284;8123;8123
2026-06-08T13:40:22.0000000Z;6.27;6.284;8123;8123
2026-06-08T13:40:38.0000000Z;6.272;6.284;8123;8123
2026-06-08T13:40:40.0000000Z;6.272;6.287;8123;8123
2026-06-08T13:40:51.0000000Z;6.271;6.284;8123;8123
2026-06-08T13:40:56.0000000Z;6.272;6.284;8123;8123
2026-06-08T13:41:00.0000000Z;6.271;6.284;8123;8123
2026-06-08T13:41:16.0000000Z;6.269;6.284;8123;8123
2026-06-08T13:41:19.0000000Z;6.269;6.282;8123;8123
2026-06-08T13:41:29.0000000Z;6.27;6.282;8123;8123
2026-06-08T13:41:43.0000000Z;6.27;6.284;8123;8123
2026-06-08T13:42:11.0000000Z;6.272;6.287;8123;8123
2026-06-08T13:42:25.0000000Z;6.271;6.287;8123;8123
2026-06-08T13:42:27.0000000Z;6.271;6.284;8123;8123
2026-06-08T13:42:35.0000000Z;6.272;6.284;8123;8123
2026-06-08T13:42:45.0000000Z;6.271;6.287;8123;8123
2026-06-08T13:42:58.0000000Z;6.272;6.287;8123;8123
2026-06-08T13:43:28.0000000Z;6.272;6.287;8123;8123
2026-06-08T13:43:51.0000000Z;6.271;6.287;8123;8123
2026-06-08T13:44:11.0000000Z;6.271;6.284;8123;8123
2026-06-08T13:44:22.0000000Z;6.269;6.283;8123;8123
2026-06-08T13:44:34.0000000Z;6.27;6.283;8123;8123
2026-06-08T13:44:50.0000000Z;6.269;6.283;8123;8123
2026-06-08T13:45:20.0000000Z;6.269;6.283;8123;8123
2026-06-08T13:45:27.0000000Z;6.27;6.283;8123;8123
2026-06-08T13:45:30.0000000Z;6.269;6.283;8123;8123
2026-06-08T13:45:51.0000000Z;6.269;6.283;8123;8123
2026-06-08T13:46:07.0000000Z;6.27;6.283;8123;8123
2026-06-08T13:46:09.0000000Z;6.27;6.285;8123;8123
2026-06-08T13:46:13.0000000Z;6.272;6.285;8123;8123
2026-06-08T13:46:17.0000000Z;6.27;6.285;8123;8123
2026-06-08T13:46:19.0000000Z;6.272;6.285;8123;8123
2026-06-08T13:46:25.0000000Z;6.272;6.287;8123;8123
2026-06-08T13:46:55.0000000Z;6.272;6.287;8123;8123
2026-06-08T13:47:26.0000000Z;6.272;6.287;8123;8123
2026-06-08T13:47:56.0000000Z;6.272;6.287;8123;8123
2026-06-08T13:48:15.0000000Z;6.274;6.287;8123;8123
2026-06-08T13:48:33.0000000Z;6.272;6.287;8123;8123
2026-06-08T13:49:04.0000000Z;6.272;6.287;8123;8123
2026-06-08T13:49:30.0000000Z;6.274;6.287;8123;8123
2026-06-08T13:49:44.0000000Z;6.274;6.289;8123;8123
2026-06-08T13:50:15.0000000Z;6.274;6.289;8123;8123
2026-06-08T13:50:44.0000000Z;6.274;6.287;8123;8123
2026-06-08T13:50:49.0000000Z;6.272;6.287;8123;8123
2026-06-08T13:50:57.0000000Z;6.271;6.285;8123;8123
2026-06-08T13:51:04.0000000Z;6.272;6.285;8123;8123
2026-06-08T13:51:17.0000000Z;6.272;6.287;8123;8123
2026-06-08T13:51:30.0000000Z;6.274;6.287;8123;8123
2026-06-08T13:51:35.0000000Z;6.276;6.287;8123;8123
2026-06-08T13:51:38.0000000Z;6.276;6.289;8123;8123
2026-06-08T13:51:48.0000000Z;6.274;6.289;8123;8123
2026-06-08T13:52:07.0000000Z;6.276;6.289;8123;8123
2026-06-08T13:52:27.0000000Z;6.276;6.292;8123;8123
2026-06-08T13:52:35.0000000Z;6.278;6.292;8123;8123
2026-06-08T13:52:51.0000000Z;6.28;6.292;8123;8123
2026-06-08T13:52:53.0000000Z;6.28;6.294;8123;8123
2026-06-08T13:53:24.0000000Z;6.28;6.294;8123;8123
2026-06-08T13:53:54.0000000Z;6.28;6.294;8123;8123
2026-06-08T13:54:25.0000000Z;6.28;6.294;8123;8123
2026-06-08T13:54:44.0000000Z;6.279;6.294;8123;8123
2026-06-08T13:55:04.0000000Z;6.28;6.294;8123;8123
2026-06-08T13:55:07.0000000Z;6.28;6.291;8123;8123
2026-06-08T13:55:38.0000000Z;6.28;6.291;8123;8123
2026-06-08T13:55:49.0000000Z;6.279;6.291;8123;8123
2026-06-08T13:55:53.0000000Z;6.279;6.288;8123;8123
2026-06-08T13:55:54.0000000Z;6.278;6.288;8123;8123
2026-06-08T13:56:00.0000000Z;6.277;6.288;8123;8123
2026-06-08T13:56:06.0000000Z;6.277;6.287;8123;8123
2026-06-08T13:56:36.0000000Z;6.277;6.287;8123;8123
2026-06-08T13:57:04.0000000Z;6.278;6.287;8123;8123
2026-06-08T13:57:05.0000000Z;6.278;6.288;8123;8123
2026-06-08T13:57:19.0000000Z;6.277;6.288;8123;8123
2026-06-08T13:57:28.0000000Z;6.277;6.287;8123;8123
2026-06-08T13:57:36.0000000Z;6.277;6.286;8123;8123
2026-06-08T13:57:38.0000000Z;6.273;6.286;8123;8123
2026-06-08T13:57:42.0000000Z;6.274;6.284;8123;8123
2026-06-08T13:57:46.0000000Z;6.275;6.284;8123;8123
2026-06-08T13:57:53.0000000Z;6.275;6.286;8123;8123
2026-06-08T13:58:05.0000000Z;6.275;6.284;8123;8123
2026-06-08T13:58:18.0000000Z;6.274;6.284;8123;8123
2026-06-08T13:58:24.0000000Z;6.273;6.284;8123;8123
2026-06-08T13:58:37.0000000Z;6.273;6.282;8123;8123
2026-06-08T13:59:05.0000000Z;6.273;6.284;8123;8123
2026-06-08T13:59:09.0000000Z;6.274;6.285;8123;8123
2026-06-08T13:59:15.0000000Z;6.273;6.285;8123;8123
2026-06-08T13:59:27.0000000Z;6.274;6.285;8123;8123
2026-06-08T13:59:35.0000000Z;6.273;6.285;8123;8123
2026-06-08T13:59:43.0000000Z;6.273;6.283;8123;8123
2026-06-08T13:59:50.0000000Z;6.273;6.282;8123;8123
2026-06-08T13:59:52.0000000Z;6.269;6.282;8123;8123
2026-06-08T14:00:00.0000000Z;6.268;6.282;8123;8123
2026-06-08T14:00:30.0000000Z;6.268;6.282;8123;8123
2026-06-08T14:00:32.0000000Z;6.256;6.303;8123;8123
2026-06-08T14:00:33.0000000Z;6.27;6.283;8123;8123
2026-06-08T14:00:46.0000000Z;6.27;6.281;8123;8123
2026-06-08T14:01:16.0000000Z;6.27;6.281;8123;8123
2026-06-08T14:01:19.0000000Z;6.268;6.281;8123;8123
2026-06-08T14:01:29.0000000Z;6.268;6.279;8123;8123
2026-06-08T14:01:31.0000000Z;6.267;6.279;8123;8123
2026-06-08T14:01:40.0000000Z;6.268;6.279;8123;8123
2026-06-08T14:01:41.0000000Z;6.268;6.281;8123;8123
2026-06-08T14:01:52.0000000Z;6.27;6.281;8123;8123
2026-06-08T14:01:54.0000000Z;6.27;6.283;8123;8123
2026-06-08T14:02:00.0000000Z;6.271;6.284;8123;8123
2026-06-08T14:02:04.0000000Z;6.273;6.284;8123;8123
2026-06-08T14:02:12.0000000Z;6.274;6.284;8123;8123
2026-06-08T14:02:21.0000000Z;6.273;6.284;8123;8123
2026-06-08T14:02:26.0000000Z;6.273;6.283;8123;8123
2026-06-08T14:02:29.0000000Z;6.272;6.283;8123;8123
2026-06-08T14:02:39.0000000Z;6.272;6.281;8123;8123
2026-06-08T14:02:59.0000000Z;6.272;6.279;8123;8123
2026-06-08T14:03:05.0000000Z;6.268;6.279;8123;8123
2026-06-08T14:03:20.0000000Z;6.269;6.279;8123;8123
2026-06-08T14:03:22.0000000Z;6.27;6.279;8123;8123
2026-06-08T14:03:23.0000000Z;6.27;6.281;8123;8123
2026-06-08T14:03:31.0000000Z;6.271;6.283;8123;8123
2026-06-08T14:03:53.0000000Z;6.271;6.286;8123;8123
2026-06-08T14:03:55.0000000Z;6.27;6.286;8123;8123
2026-06-08T14:03:56.0000000Z;6.27;6.281;8123;8123
2026-06-08T14:04:01.0000000Z;6.271;6.281;8123;8123
2026-06-08T14:04:09.0000000Z;6.27;6.281;8123;8123
2026-06-08T14:04:12.0000000Z;6.27;6.279;8123;8123
2026-06-08T14:04:19.0000000Z;6.269;6.279;8123;8123
2026-06-08T14:04:50.0000000Z;6.269;6.279;8123;8123
2026-06-08T14:05:03.0000000Z;6.27;6.279;8123;8123
2026-06-08T14:05:04.0000000Z;6.27;6.28;8123;8123
2026-06-08T14:05:34.0000000Z;6.27;6.28;8123;8123
2026-06-08T14:06:04.0000000Z;6.27;6.28;8123;8123
2026-06-08T14:06:07.0000000Z;6.271;6.28;8123;8123
2026-06-08T14:06:09.0000000Z;6.271;6.283;8123;8123
2026-06-08T14:06:40.0000000Z;6.271;6.283;8123;8123
2026-06-08T14:06:45.0000000Z;6.273;6.283;8123;8123
2026-06-08T14:06:56.0000000Z;6.273;6.284;8123;8123
2026-06-08T14:07:02.0000000Z;6.274;6.284;8123;8123
2026-06-08T14:07:18.0000000Z;6.273;6.284;8123;8123
2026-06-08T14:07:41.0000000Z;6.272;6.284;8123;8123
2026-06-08T14:07:42.0000000Z;6.272;6.283;8123;8123
2026-06-08T14:07:47.0000000Z;6.273;6.283;8123;8123
2026-06-08T14:08:07.0000000Z;6.273;6.284;8123;8123
2026-06-08T14:08:19.0000000Z;6.273;6.283;8123;8123
2026-06-08T14:08:24.0000000Z;6.272;6.28;8123;8123
2026-06-08T14:08:32.0000000Z;6.272;6.282;8123;8123
2026-06-08T14:08:55.0000000Z;6.273;6.282;8123;8123
2026-06-08T14:09:04.0000000Z;6.273;6.284;8123;8123
2026-06-08T14:09:35.0000000Z;6.273;6.284;8123;8123
2026-06-08T14:10:06.0000000Z;6.273;6.284;8123;8123
2026-06-08T14:10:17.0000000Z;6.272;6.283;8123;8123
2026-06-08T14:10:21.0000000Z;6.272;6.281;8123;8123
2026-06-08T14:10:52.0000000Z;6.272;6.281;8123;8123
2026-06-08T14:11:18.0000000Z;6.27;6.279;8123;8123
2026-06-08T14:11:49.0000000Z;6.27;6.279;8123;8123
2026-06-08T14:11:53.0000000Z;6.271;6.281;8123;8123
2026-06-08T14:12:02.0000000Z;6.27;6.281;8123;8123
2026-06-08T14:12:09.0000000Z;6.27;6.279;8123;8123
2026-06-08T14:12:18.0000000Z;6.269;6.279;8123;8123
2026-06-08T14:12:49.0000000Z;6.269;6.279;8123;8123
2026-06-08T14:13:04.0000000Z;6.269;6.277;8123;8123
2026-06-08T14:13:19.0000000Z;6.266;6.277;8123;8123
2026-06-08T14:13:24.0000000Z;6.267;6.277;8123;8123
2026-06-08T14:13:52.0000000Z;6.269;6.277;8123;8123
2026-06-08T14:13:54.0000000Z;6.269;6.279;8123;8123
2026-06-08T14:14:20.0000000Z;6.269;6.28;8123;8123
2026-06-08T14:14:33.0000000Z;6.269;6.279;8123;8123
2026-06-08T14:14:34.0000000Z;6.268;6.279;8123;8123
2026-06-08T14:14:50.0000000Z;6.269;6.279;8123;8123
2026-06-08T14:14:54.0000000Z;6.269;6.28;8123;8123
2026-06-08T14:15:11.0000000Z;6.269;6.279;8123;8123
2026-06-08T14:15:15.0000000Z;6.268;6.279;8123;8123
2026-06-08T14:15:44.0000000Z;6.268;6.277;8123;8123
2026-06-08T14:15:55.0000000Z;6.266;6.282;8123;8123
2026-06-08T14:15:57.0000000Z;6.266;6.275;8123;8123
2026-06-08T14:16:18.0000000Z;6.267;6.275;8123;8123
2026-06-08T14:16:20.0000000Z;6.267;6.277;8123;8123
2026-06-08T14:16:40.0000000Z;6.266;6.277;8123;8123
2026-06-08T14:16:50.0000000Z;6.266;6.276;8123;8123
2026-06-08T14:17:20.0000000Z;6.266;6.276;8123;8123
2026-06-08T14:17:44.0000000Z;6.267;6.276;8123;8123
2026-06-08T14:17:46.0000000Z;6.266;6.276;8123;8123
2026-06-08T14:17:52.0000000Z;6.266;6.276;8123;8123
2026-06-08T14:17:59.0000000Z;6.266;6.278;8123;8123
2026-06-08T14:18:07.0000000Z;6.267;6.278;8123;8123
2026-06-08T14:18:19.0000000Z;6.267;6.277;8123;8123
2026-06-08T14:18:20.0000000Z;6.266;6.277;8123;8123
2026-06-08T14:18:34.0000000Z;6.266;6.275;8123;8123
2026-06-08T14:19:05.0000000Z;6.266;6.275;8123;8123
2026-06-08T14:19:10.0000000Z;6.266;6.273;8123;8123
2026-06-08T14:19:19.0000000Z;6.261;6.273;8123;8123
2026-06-08T14:19:33.0000000Z;6.262;6.273;8123;8123
2026-06-08T14:20:04.0000000Z;6.262;6.273;8123;8123
2026-06-08T14:20:11.0000000Z;6.263;6.273;8123;8123
2026-06-08T14:20:28.0000000Z;6.263;6.274;8123;8123
2026-06-08T14:20:31.0000000Z;6.263;6.273;8123;8123
2026-06-08T14:20:34.0000000Z;6.262;6.273;8123;8123
2026-06-08T14:20:52.0000000Z;6.262;6.271;8123;8123
2026-06-08T14:21:20.0000000Z;6.26;6.271;8123;8123
2026-06-08T14:21:35.0000000Z;6.261;6.271;8123;8123
2026-06-08T14:22:06.0000000Z;6.261;6.271;8123;8123
2026-06-08T14:22:25.0000000Z;6.26;6.271;8123;8123
2026-06-08T14:22:55.0000000Z;6.26;6.271;8123;8123
2026-06-08T14:23:07.0000000Z;6.262;6.272;8123;8123
2026-06-08T14:23:15.0000000Z;6.261;6.272;8123;8123
2026-06-08T14:23:45.0000000Z;6.261;6.272;8123;8123
2026-06-08T14:24:15.0000000Z;6.263;6.272;8123;8123
2026-06-08T14:24:16.0000000Z;6.263;6.274;8123;8123
2026-06-08T14:24:28.0000000Z;6.261;6.274;8123;8123
2026-06-08T14:24:31.0000000Z;6.261;6.272;8123;8123
2026-06-08T14:25:02.0000000Z;6.261;6.272;8123;8123
2026-06-08T14:25:18.0000000Z;6.262;6.272;8123;8123
2026-06-08T14:25:38.0000000Z;6.263;6.274;8123;8123
2026-06-08T14:26:09.0000000Z;6.263;6.28;8123;8123
2026-06-08T14:26:16.0000000Z;6.265;6.28;8123;8123
2026-06-08T14:26:18.0000000Z;6.265;6.282;8123;8123
2026-06-08T14:26:38.0000000Z;6.265;6.28;8123;8123
2026-06-08T14:26:41.0000000Z;6.264;6.28;8123;8123
2026-06-08T14:26:52.0000000Z;6.265;6.28;8123;8123
2026-06-08T14:26:55.0000000Z;6.265;6.282;8123;8123
2026-06-08T14:27:24.0000000Z;6.265;6.282;8123;8123
2026-06-08T14:27:28.0000000Z;6.265;6.28;8123;8123
2026-06-08T14:27:31.0000000Z;6.264;6.28;8123;8123
2026-06-08T14:28:02.0000000Z;6.264;6.28;8123;8123
2026-06-08T14:28:05.0000000Z;6.264;6.278;8123;8123
2026-06-08T14:28:06.0000000Z;6.263;6.278;8123;8123
2026-06-08T14:28:17.0000000Z;6.262;6.278;8123;8123
2026-06-08T14:28:23.0000000Z;6.262;6.276;8123;8123
2026-06-08T14:28:24.0000000Z;6.253;6.276;8123;8123
2026-06-08T14:28:25.0000000Z;6.26;6.276;8123;8123
2026-06-08T14:28:47.0000000Z;6.261;6.276;8123;8123
2026-06-08T14:28:51.0000000Z;6.261;6.278;8123;8123
2026-06-08T14:29:15.0000000Z;6.262;6.278;8123;8123
2026-06-08T14:29:22.0000000Z;6.262;6.273;8123;8123
2026-06-08T14:29:52.0000000Z;6.262;6.273;8123;8123
2026-06-08T14:30:23.0000000Z;6.262;6.273;8123;8123
2026-06-08T14:30:53.0000000Z;6.262;6.273;8123;8123
2026-06-08T14:31:24.0000000Z;6.262;6.273;8123;8123
2026-06-08T14:31:54.0000000Z;6.262;6.273;8123;8123
2026-06-08T14:32:07.0000000Z;6.263;6.273;8123;8123
2026-06-08T14:32:22.0000000Z;6.265;6.275;8123;8123
2026-06-08T14:32:53.0000000Z;6.265;6.275;8123;8123
2026-06-08T14:33:02.0000000Z;6.264;6.275;8123;8123
2026-06-08T14:33:10.0000000Z;6.264;6.28;8123;8123
2026-06-08T14:33:21.0000000Z;6.263;6.28;8123;8123
2026-06-08T14:33:51.0000000Z;6.263;6.28;8123;8123
2026-06-08T14:34:01.0000000Z;6.263;6.278;8123;8123
2026-06-08T14:34:07.0000000Z;6.262;6.278;8123;8123
2026-06-08T14:34:36.0000000Z;6.262;6.278;8123;8123
2026-06-08T14:34:38.0000000Z;6.263;6.278;8123;8123
2026-06-08T14:34:52.0000000Z;6.263;6.28;8123;8123
2026-06-08T14:35:13.0000000Z;6.264;6.28;8123;8123
2026-06-08T14:35:14.0000000Z;6.264;6.287;8123;8123
2026-06-08T14:35:16.0000000Z;6.264;6.281;8123;8123
2026-06-08T14:35:27.0000000Z;6.266;6.281;8123;8123
2026-06-08T14:35:28.0000000Z;6.266;6.283;8123;8123
2026-06-08T14:35:37.0000000Z;6.267;6.283;8123;8123
2026-06-08T14:35:45.0000000Z;6.268;6.285;8123;8123
2026-06-08T14:36:05.0000000Z;6.27;6.287;8123;8123
2026-06-08T14:36:16.0000000Z;6.271;6.287;8123;8123
2026-06-08T14:36:23.0000000Z;6.271;6.289;8123;8123
2026-06-08T14:36:25.0000000Z;6.272;6.289;8123;8123
2026-06-08T14:36:55.0000000Z;6.272;6.289;8123;8123
2026-06-08T14:37:02.0000000Z;6.272;6.287;8123;8123
2026-06-08T14:37:06.0000000Z;6.271;6.287;8123;8123
2026-06-08T14:37:34.0000000Z;6.271;6.287;8123;8123
2026-06-08T14:37:43.0000000Z;6.271;6.285;8123;8123
2026-06-08T14:38:14.0000000Z;6.271;6.285;8123;8123
2026-06-08T14:38:19.0000000Z;6.269;6.285;8123;8123
2026-06-08T14:38:25.0000000Z;6.269;6.287;8123;8123
2026-06-08T14:38:26.0000000Z;6.271;6.287;8123;8123
2026-06-08T14:38:56.0000000Z;6.271;6.287;8123;8123
2026-06-08T14:39:16.0000000Z;6.272;6.287;8123;8123
2026-06-08T14:39:20.0000000Z;6.272;6.289;8123;8123
2026-06-08T14:39:38.0000000Z;6.274;6.289;8123;8123
2026-06-08T14:39:41.0000000Z;6.274;6.291;8123;8123
2026-06-08T14:39:48.0000000Z;6.274;6.287;8123;8123
2026-06-08T14:39:51.0000000Z;6.27;6.287;8123;8123
2026-06-08T14:39:53.0000000Z;6.271;6.287;8123;8123
2026-06-08T14:39:55.0000000Z;6.271;6.295;8123;8123
2026-06-08T14:39:56.0000000Z;6.274;6.289;8123;8123
2026-06-08T14:40:05.0000000Z;6.274;6.291;8123;8123
2026-06-08T14:40:25.0000000Z;6.274;6.289;8123;8123
2026-06-08T14:40:36.0000000Z;6.274;6.291;8123;8123
2026-06-08T14:40:52.0000000Z;6.274;6.289;8123;8123
2026-06-08T14:40:54.0000000Z;6.272;6.289;8123;8123
2026-06-08T14:41:17.0000000Z;6.272;6.287;8123;8123
2026-06-08T14:41:20.0000000Z;6.271;6.287;8123;8123
2026-06-08T14:41:37.0000000Z;6.271;6.285;8123;8123
2026-06-08T14:42:07.0000000Z;6.271;6.285;8123;8123
2026-06-08T14:42:19.0000000Z;6.269;6.285;8123;8123
2026-06-08T14:42:21.0000000Z;6.268;6.285;8123;8123
2026-06-08T14:42:22.0000000Z;6.269;6.285;8123;8123
2026-06-08T14:42:53.0000000Z;6.269;6.285;8123;8123
2026-06-08T14:43:00.0000000Z;6.27;6.285;8123;8123
2026-06-08T14:43:02.0000000Z;6.27;6.287;8123;8123
2026-06-08T14:43:32.0000000Z;6.27;6.287;8123;8123
2026-06-08T14:44:02.0000000Z;6.27;6.287;8123;8123
2026-06-08T14:44:13.0000000Z;6.271;6.287;8123;8123
2026-06-08T14:44:18.0000000Z;6.272;6.287;8123;8123
2026-06-08T14:44:19.0000000Z;6.272;6.289;8123;8123
2026-06-08T14:44:43.0000000Z;6.274;6.289;8123;8123
2026-06-08T14:45:00.0000000Z;6.274;6.291;8123;8123
2026-06-08T14:45:07.0000000Z;6.276;6.291;8123;8123
2026-06-08T14:45:15.0000000Z;6.276;6.293;8123;8123
2026-06-08T14:45:18.0000000Z;6.278;6.293;8123;8123
2026-06-08T14:45:23.0000000Z;6.278;6.295;8123;8123
2026-06-08T14:45:53.0000000Z;6.278;6.295;8123;8123
2026-06-08T14:46:06.0000000Z;6.278;6.293;8123;8123
2026-06-08T14:46:34.0000000Z;6.278;6.295;8123;8123
2026-06-08T14:46:48.0000000Z;6.279;6.295;8123;8123
2026-06-08T14:46:50.0000000Z;6.28;6.295;8123;8123
2026-06-08T14:47:20.0000000Z;6.28;6.295;8123;8123
2026-06-08T14:47:35.0000000Z;6.279;6.295;8123;8123
2026-06-08T14:47:49.0000000Z;6.281;6.295;8123;8123
2026-06-08T14:47:50.0000000Z;6.281;6.298;8123;8123
2026-06-08T14:47:52.0000000Z;6.281;6.296;8123;8123
2026-06-08T14:47:56.0000000Z;6.279;6.296;8123;8123
2026-06-08T14:48:03.0000000Z;6.279;6.294;8123;8123
2026-06-08T14:48:20.0000000Z;6.278;6.294;8123;8123
2026-06-08T14:48:31.0000000Z;6.278;6.292;8123;8123
2026-06-08T14:48:43.0000000Z;6.278;6.29;8123;8123
2026-06-08T14:49:14.0000000Z;6.278;6.29;8123;8123
2026-06-08T14:49:17.0000000Z;6.276;6.29;8123;8123
2026-06-08T14:49:47.0000000Z;6.276;6.29;8123;8123
2026-06-08T14:50:17.0000000Z;6.276;6.29;8123;8123
2026-06-08T14:50:20.0000000Z;6.274;6.29;8123;8123
2026-06-08T14:50:50.0000000Z;6.274;6.29;8123;8123
2026-06-08T14:51:00.0000000Z;6.275;6.29;8123;8123
2026-06-08T14:51:23.0000000Z;6.275;6.292;8123;8123
2026-06-08T14:51:35.0000000Z;6.276;6.292;8123;8123
2026-06-08T14:51:46.0000000Z;6.277;6.292;8123;8123
2026-06-08T14:52:16.0000000Z;6.277;6.292;8123;8123
2026-06-08T14:52:47.0000000Z;6.277;6.292;8123;8123
2026-06-08T14:53:17.0000000Z;6.277;6.292;8123;8123
2026-06-08T14:53:48.0000000Z;6.277;6.292;8123;8123
2026-06-08T14:54:02.0000000Z;6.277;6.294;8123;8123
2026-06-08T14:54:32.0000000Z;6.277;6.294;8123;8123
2026-06-08T14:55:02.0000000Z;6.277;6.294;8123;8123
2026-06-08T14:55:33.0000000Z;6.277;6.294;8123;8123
2026-06-08T14:56:03.0000000Z;6.277;6.294;8123;8123
2026-06-08T14:56:11.0000000Z;6.277;6.292;8123;8123
2026-06-08T14:56:24.0000000Z;6.275;6.292;8123;8123
2026-06-08T14:56:54.0000000Z;6.275;6.292;8123;8123
2026-06-08T14:57:17.0000000Z;6.277;6.292;8123;8123
2026-06-08T14:57:34.0000000Z;6.277;6.294;8123;8123
2026-06-08T14:58:04.0000000Z;6.277;6.294;8123;8123
2026-06-08T14:58:28.0000000Z;6.279;6.294;8123;8123
2026-06-08T14:58:48.0000000Z;6.279;6.296;8123;8123
2026-06-08T14:58:53.0000000Z;6.28;6.296;8123;8123
2026-06-08T14:59:02.0000000Z;6.281;6.296;8123;8123
2026-06-08T14:59:32.0000000Z;6.281;6.296;8123;8123
