2026-06-08T08:00:11.0000000Z;10.854;10.876;4664;4664
2026-06-08T08:00:20.0000000Z;10.854;10.874;4664;4664
2026-06-08T08:00:24.0000000Z;10.85;10.872;4664;4664
2026-06-08T08:00:32.0000000Z;10.85;10.87;4664;4664
2026-06-08T08:01:02.0000000Z;10.85;10.87;4664;4664
2026-06-08T08:01:05.0000000Z;10.848;10.868;4664;4664
2026-06-08T08:01:33.0000000Z;10.848;10.866;4664;4664
2026-06-08T08:01:57.0000000Z;10.848;10.868;4664;4664
2026-06-08T08:02:09.0000000Z;10.848;10.87;4664;4664
2026-06-08T08:02:11.0000000Z;10.848;10.868;4664;4664
2026-06-08T08:02:17.0000000Z;10.848;10.866;4664;4664
2026-06-08T08:02:28.0000000Z;10.848;10.868;4664;4664
2026-06-08T08:02:34.0000000Z;10.848;10.866;4664;4664
2026-06-08T08:02:44.0000000Z;10.848;10.868;4664;4664
2026-06-08T08:02:46.0000000Z;10.848;10.866;4664;4664
2026-06-08T08:02:56.0000000Z;10.848;10.868;4664;4664
2026-06-08T08:03:08.0000000Z;10.848;10.866;4664;4664
2026-06-08T08:03:20.0000000Z;10.848;10.87;4664;4664
2026-06-08T08:03:30.0000000Z;10.848;10.868;4664;4664
2026-06-08T08:03:38.0000000Z;10.848;10.87;4664;4664
2026-06-08T08:03:51.0000000Z;10.848;10.868;4664;4664
2026-06-08T08:04:01.0000000Z;10.848;10.872;4664;4664
2026-06-08T08:04:03.0000000Z;10.848;10.87;4664;4664
2026-06-08T08:04:23.0000000Z;10.848;10.872;4664;4664
2026-06-08T08:04:33.0000000Z;10.848;10.874;4664;4664
2026-06-08T08:04:39.0000000Z;10.85;10.874;4664;4664
2026-06-08T08:04:43.0000000Z;10.85;10.878;4664;4664
2026-06-08T08:04:45.0000000Z;10.85;10.876;4664;4664
2026-06-08T08:04:57.0000000Z;10.85;10.878;4664;4664
2026-06-08T08:05:16.0000000Z;10.85;10.876;4664;4664
2026-06-08T08:05:20.0000000Z;10.85;10.874;4664;4664
2026-06-08T08:05:24.0000000Z;10.85;10.878;4664;4664
2026-06-08T08:05:26.0000000Z;10.85;10.88;4664;4664
2026-06-08T08:05:34.0000000Z;10.85;10.894;4664;4664
2026-06-08T08:05:36.0000000Z;10.85;10.892;4664;4664
2026-06-08T08:06:06.0000000Z;10.85;10.892;4664;4664
2026-06-08T08:06:32.0000000Z;10.854;10.892;4664;4664
2026-06-08T08:07:03.0000000Z;10.854;10.892;4664;4664
2026-06-08T08:07:34.0000000Z;10.854;10.892;4664;4664
2026-06-08T08:08:04.0000000Z;10.854;10.892;4664;4664
2026-06-08T08:08:35.0000000Z;10.854;10.892;4664;4664
2026-06-08T08:09:04.0000000Z;10.854;10.886;4664;4664
2026-06-08T08:09:35.0000000Z;10.854;10.886;4664;4664
2026-06-08T08:10:03.0000000Z;10.854;10.882;4664;4664
2026-06-08T08:10:17.0000000Z;10.85;10.878;4664;4664
2026-06-08T08:10:30.0000000Z;10.85;10.874;4664;4664
2026-06-08T08:10:34.0000000Z;10.848;10.874;4664;4664
2026-06-08T08:10:40.0000000Z;10.848;10.87;4664;4664
2026-06-08T08:10:42.0000000Z;10.848;10.868;4664;4664
2026-06-08T08:11:12.0000000Z;10.848;10.868;4664;4664
2026-06-08T08:11:32.0000000Z;10.848;10.866;4664;4664
2026-06-08T08:11:45.0000000Z;10.848;10.87;4664;4664
2026-06-08T08:11:55.0000000Z;10.848;10.874;4664;4664
2026-06-08T08:12:17.0000000Z;10.848;10.876;4664;4664
2026-06-08T08:12:19.0000000Z;10.848;10.874;4664;4664
2026-06-08T08:12:50.0000000Z;10.848;10.874;4664;4664
2026-06-08T08:13:10.0000000Z;10.848;10.872;4664;4664
2026-06-08T08:13:20.0000000Z;10.848;10.878;4664;4664
2026-06-08T08:13:28.0000000Z;10.848;10.876;4664;4664
2026-06-08T08:13:50.0000000Z;10.848;10.878;4664;4664
2026-06-08T08:13:52.0000000Z;10.848;10.876;4664;4664
2026-06-08T08:14:13.0000000Z;10.848;10.874;4664;4664
2026-06-08T08:14:43.0000000Z;10.848;10.874;4664;4664
2026-06-08T08:14:50.0000000Z;10.848;10.872;4664;4664
2026-06-08T08:15:01.0000000Z;10.848;10.874;4664;4664
2026-06-08T08:15:06.0000000Z;10.848;10.872;4664;4664
2026-06-08T08:15:16.0000000Z;10.848;10.874;4664;4664
2026-06-08T08:15:38.0000000Z;10.848;10.876;4664;4664
2026-06-08T08:15:44.0000000Z;10.848;10.874;4664;4664
2026-06-08T08:15:50.0000000Z;10.848;10.872;4664;4664
2026-06-08T08:16:00.0000000Z;10.848;10.874;4664;4664
2026-06-08T08:16:06.0000000Z;10.848;10.872;4664;4664
2026-06-08T08:16:19.0000000Z;10.848;10.874;4664;4664
2026-06-08T08:16:29.0000000Z;10.848;10.876;4664;4664
2026-06-08T08:16:33.0000000Z;10.848;10.874;4664;4664
2026-06-08T08:16:43.0000000Z;10.848;10.872;4664;4664
2026-06-08T08:16:47.0000000Z;10.848;10.87;4664;4664
2026-06-08T08:16:59.0000000Z;10.848;10.868;4664;4664
2026-06-08T08:17:21.0000000Z;10.848;10.87;4664;4664
2026-06-08T08:17:52.0000000Z;10.848;10.87;4664;4664
2026-06-08T08:18:04.0000000Z;10.848;10.872;4664;4664
2026-06-08T08:18:14.0000000Z;10.848;10.874;4664;4664
2026-06-08T08:18:45.0000000Z;10.848;10.874;4664;4664
2026-06-08T08:18:53.0000000Z;10.848;10.876;4664;4664
2026-06-08T08:19:01.0000000Z;10.854;10.876;4664;4664
2026-06-08T08:19:03.0000000Z;10.854;10.878;4664;4664
2026-06-08T08:19:13.0000000Z;10.854;10.876;4664;4664
2026-06-08T08:19:21.0000000Z;10.854;10.878;4664;4664
2026-06-08T08:19:52.0000000Z;10.854;10.878;4664;4664
2026-06-08T08:19:56.0000000Z;10.854;10.88;4664;4664
2026-06-08T08:20:02.0000000Z;10.854;10.878;4664;4664
2026-06-08T08:20:14.0000000Z;10.854;10.88;4664;4664
2026-06-08T08:20:16.0000000Z;10.854;10.878;4664;4664
2026-06-08T08:20:20.0000000Z;10.854;10.876;4664;4664
2026-06-08T08:20:32.0000000Z;10.854;10.874;4664;4664
2026-06-08T08:20:40.0000000Z;10.85;10.872;4664;4664
2026-06-08T08:20:50.0000000Z;10.85;10.874;4664;4664
2026-06-08T08:21:17.0000000Z;10.85;10.872;4664;4664
2026-06-08T08:21:23.0000000Z;10.85;10.87;4664;4664
2026-06-08T08:21:25.0000000Z;10.85;10.868;4664;4664
2026-06-08T08:21:33.0000000Z;10.848;10.868;4664;4664
2026-06-08T08:21:35.0000000Z;10.848;10.87;4664;4664
2026-06-08T08:21:37.0000000Z;10.848;10.868;4664;4664
2026-06-08T08:21:59.0000000Z;10.848;10.87;4664;4664
2026-06-08T08:22:01.0000000Z;10.848;10.868;4664;4664
2026-06-08T08:22:09.0000000Z;10.848;10.866;4664;4664
2026-06-08T08:22:22.0000000Z;10.848;10.868;4664;4664
2026-06-08T08:22:31.0000000Z;10.848;10.87;4664;4664
2026-06-08T08:22:33.0000000Z;10.848;10.868;4664;4664
2026-06-08T08:22:44.0000000Z;10.848;10.872;4664;4664
2026-06-08T08:22:46.0000000Z;10.848;10.87;4664;4664
2026-06-08T08:22:56.0000000Z;10.848;10.868;4664;4664
2026-06-08T08:23:03.0000000Z;10.848;10.864;4664;4664
2026-06-08T08:23:12.0000000Z;10.848;10.866;4664;4664
2026-06-08T08:23:43.0000000Z;10.848;10.866;4664;4664
2026-06-08T08:23:54.0000000Z;10.848;10.868;4664;4664
2026-06-08T08:24:07.0000000Z;10.848;10.87;4664;4664
2026-06-08T08:24:17.0000000Z;10.848;10.872;4664;4664
2026-06-08T08:24:21.0000000Z;10.848;10.87;4664;4664
2026-06-08T08:24:35.0000000Z;10.848;10.868;4664;4664
2026-06-08T08:25:03.0000000Z;10.848;10.87;4664;4664
2026-06-08T08:25:13.0000000Z;10.85;10.87;4664;4664
2026-06-08T08:25:21.0000000Z;10.85;10.872;4664;4664
2026-06-08T08:25:37.0000000Z;10.85;10.87;4664;4664
2026-06-08T08:25:48.0000000Z;10.85;10.872;4664;4664
2026-06-08T08:25:58.0000000Z;10.85;10.876;4664;4664
2026-06-08T08:26:00.0000000Z;10.85;10.874;4664;4664
2026-06-08T08:26:18.0000000Z;10.85;10.872;4664;4664
2026-06-08T08:26:32.0000000Z;10.85;10.874;4664;4664
2026-06-08T08:26:51.0000000Z;10.85;10.876;4664;4664
2026-06-08T08:27:01.0000000Z;10.85;10.878;4664;4664
2026-06-08T08:27:15.0000000Z;10.852;10.876;4664;4664
2026-06-08T08:27:21.0000000Z;10.852;10.874;4664;4664
2026-06-08T08:27:45.0000000Z;10.852;10.876;4664;4664
2026-06-08T08:27:47.0000000Z;10.852;10.874;4664;4664
2026-06-08T08:28:18.0000000Z;10.852;10.874;4664;4664
2026-06-08T08:28:34.0000000Z;10.852;10.872;4664;4664
2026-06-08T08:28:58.0000000Z;10.852;10.87;4664;4664
2026-06-08T08:29:12.0000000Z;10.85;10.872;4664;4664
2026-06-08T08:29:43.0000000Z;10.85;10.872;4664;4664
2026-06-08T08:30:14.0000000Z;10.85;10.872;4664;4664
2026-06-08T08:30:44.0000000Z;10.85;10.874;4664;4664
2026-06-08T08:30:46.0000000Z;10.85;10.872;4664;4664
2026-06-08T08:30:56.0000000Z;10.85;10.874;4664;4664
2026-06-08T08:31:14.0000000Z;10.85;10.872;4664;4664
2026-06-08T08:31:24.0000000Z;10.85;10.874;4664;4664
2026-06-08T08:31:54.0000000Z;10.85;10.874;4664;4664
2026-06-08T08:32:02.0000000Z;10.85;10.872;4664;4664
2026-06-08T08:32:13.0000000Z;10.85;10.876;4664;4664
2026-06-08T08:32:43.0000000Z;10.85;10.876;4664;4664
2026-06-08T08:32:49.0000000Z;10.85;10.874;4664;4664
2026-06-08T08:32:59.0000000Z;10.85;10.876;4664;4664
2026-06-08T08:33:16.0000000Z;10.85;10.874;4664;4664
2026-06-08T08:33:24.0000000Z;10.85;10.876;4664;4664
2026-06-08T08:33:42.0000000Z;10.85;10.874;4664;4664
2026-06-08T08:34:00.0000000Z;10.85;10.872;4664;4664
2026-06-08T08:34:22.0000000Z;10.85;10.874;4664;4664
2026-06-08T08:34:24.0000000Z;10.85;10.872;4664;4664
2026-06-08T08:34:44.0000000Z;10.85;10.87;4664;4664
2026-06-08T08:34:55.0000000Z;10.85;10.872;4664;4664
2026-06-08T08:35:05.0000000Z;10.85;10.874;4664;4664
2026-06-08T08:35:07.0000000Z;10.85;10.872;4664;4664
2026-06-08T08:35:37.0000000Z;10.85;10.868;4664;4664
2026-06-08T08:35:47.0000000Z;10.85;10.87;4664;4664
2026-06-08T08:36:01.0000000Z;10.85;10.868;4664;4664
2026-06-08T08:36:13.0000000Z;10.85;10.87;4664;4664
2026-06-08T08:36:44.0000000Z;10.85;10.87;4664;4664
2026-06-08T08:36:50.0000000Z;10.848;10.868;4664;4664
2026-06-08T08:36:54.0000000Z;10.848;10.87;4664;4664
2026-06-08T08:36:56.0000000Z;10.848;10.868;4664;4664
2026-06-08T08:37:10.0000000Z;10.848;10.866;4664;4664
2026-06-08T08:37:21.0000000Z;10.848;10.868;4664;4664
2026-06-08T08:37:50.0000000Z;10.848;10.868;4664;4664
2026-06-08T08:38:13.0000000Z;10.848;10.87;4664;4664
2026-06-08T08:38:22.0000000Z;10.848;10.868;4664;4664
2026-06-08T08:38:52.0000000Z;10.848;10.868;4664;4664
2026-06-08T08:38:58.0000000Z;10.848;10.87;4664;4664
2026-06-08T08:39:00.0000000Z;10.848;10.868;4664;4664
2026-06-08T08:39:08.0000000Z;10.848;10.864;4664;4664
2026-06-08T08:39:30.0000000Z;10.848;10.866;4664;4664
2026-06-08T08:40:01.0000000Z;10.848;10.866;4664;4664
2026-06-08T08:40:17.0000000Z;10.848;10.868;4664;4664
2026-06-08T08:40:19.0000000Z;10.848;10.866;4664;4664
2026-06-08T08:40:41.0000000Z;10.848;10.864;4664;4664
2026-06-08T08:41:11.0000000Z;10.848;10.864;4664;4664
2026-06-08T08:41:17.0000000Z;10.842;10.86;4664;4664
2026-06-08T08:41:23.0000000Z;10.838;10.862;4664;4664
2026-06-08T08:41:33.0000000Z;10.838;10.86;4664;4664
2026-06-08T08:41:59.0000000Z;10.838;10.862;4664;4664
2026-06-08T08:42:07.0000000Z;10.838;10.86;4664;4664
2026-06-08T08:42:18.0000000Z;10.838;10.862;4664;4664
2026-06-08T08:42:24.0000000Z;10.838;10.86;4664;4664
2026-06-08T08:42:48.0000000Z;10.838;10.862;4664;4664
2026-06-08T08:42:54.0000000Z;10.838;10.86;4664;4664
2026-06-08T08:43:06.0000000Z;10.838;10.862;4664;4664
2026-06-08T08:43:20.0000000Z;10.838;10.864;4664;4664
2026-06-08T08:43:26.0000000Z;10.838;10.862;4664;4664
2026-06-08T08:43:37.0000000Z;10.838;10.864;4664;4664
2026-06-08T08:43:43.0000000Z;10.838;10.862;4664;4664
2026-06-08T08:43:53.0000000Z;10.838;10.864;4664;4664
2026-06-08T08:44:23.0000000Z;10.838;10.864;4664;4664
2026-06-08T08:44:43.0000000Z;10.838;10.862;4664;4664
2026-06-08T08:44:53.0000000Z;10.838;10.864;4664;4664
2026-06-08T08:45:16.0000000Z;10.838;10.868;4664;4664
2026-06-08T08:45:18.0000000Z;10.842;10.866;4664;4664
2026-06-08T08:45:24.0000000Z;10.842;10.864;4664;4664
2026-06-08T08:45:28.0000000Z;10.838;10.864;4664;4664
2026-06-08T08:45:36.0000000Z;10.838;10.866;4664;4664
2026-06-08T08:45:51.0000000Z;10.844;10.868;4664;4664
2026-06-08T08:45:55.0000000Z;10.844;10.866;4664;4664
2026-06-08T08:45:57.0000000Z;10.844;10.864;4664;4664
2026-06-08T08:46:09.0000000Z;10.844;10.868;4664;4664
2026-06-08T08:46:13.0000000Z;10.844;10.866;4664;4664
2026-06-08T08:46:25.0000000Z;10.844;10.868;4664;4664
2026-06-08T08:46:27.0000000Z;10.844;10.866;4664;4664
2026-06-08T08:46:53.0000000Z;10.844;10.868;4664;4664
2026-06-08T08:46:55.0000000Z;10.844;10.866;4664;4664
2026-06-08T08:47:05.0000000Z;10.844;10.864;4664;4664
2026-06-08T08:47:11.0000000Z;10.844;10.862;4664;4664
2026-06-08T08:47:32.0000000Z;10.842;10.86;4664;4664
2026-06-08T08:47:40.0000000Z;10.842;10.864;4664;4664
2026-06-08T08:47:42.0000000Z;10.842;10.862;4664;4664
2026-06-08T08:47:44.0000000Z;10.842;10.86;4664;4664
2026-06-08T08:47:46.0000000Z;10.838;10.86;4664;4664
2026-06-08T08:47:52.0000000Z;10.838;10.862;4664;4664
2026-06-08T08:48:18.0000000Z;10.838;10.86;4664;4664
2026-06-08T08:48:34.0000000Z;10.838;10.862;4664;4664
2026-06-08T08:48:38.0000000Z;10.838;10.86;4664;4664
2026-06-08T08:49:01.0000000Z;10.838;10.864;4664;4664
2026-06-08T08:49:17.0000000Z;10.838;10.866;4664;4664
2026-06-08T08:49:23.0000000Z;10.844;10.866;4664;4664
2026-06-08T08:49:39.0000000Z;10.844;10.868;4664;4664
2026-06-08T08:49:49.0000000Z;10.844;10.866;4664;4664
2026-06-08T08:50:01.0000000Z;10.844;10.868;4664;4664
2026-06-08T08:50:08.0000000Z;10.844;10.866;4664;4664
2026-06-08T08:50:36.0000000Z;10.844;10.868;4664;4664
2026-06-08T08:50:44.0000000Z;10.844;10.87;4664;4664
2026-06-08T08:50:56.0000000Z;10.844;10.868;4664;4664
2026-06-08T08:51:08.0000000Z;10.844;10.866;4664;4664
2026-06-08T08:51:21.0000000Z;10.844;10.868;4664;4664
2026-06-08T08:51:22.0000000Z;10.844;10.866;4664;4664
2026-06-08T08:51:53.0000000Z;10.844;10.868;4664;4664
2026-06-08T08:51:55.0000000Z;10.844;10.866;4664;4664
2026-06-08T08:52:25.0000000Z;10.844;10.866;4664;4664
2026-06-08T08:52:41.0000000Z;10.844;10.868;4664;4664
2026-06-08T08:52:55.0000000Z;10.844;10.866;4664;4664
2026-06-08T08:53:01.0000000Z;10.844;10.862;4664;4664
2026-06-08T08:53:11.0000000Z;10.844;10.864;4664;4664
2026-06-08T08:53:21.0000000Z;10.844;10.866;4664;4664
2026-06-08T08:53:27.0000000Z;10.844;10.864;4664;4664
2026-06-08T08:53:33.0000000Z;10.844;10.862;4664;4664
2026-06-08T08:53:54.0000000Z;10.844;10.864;4664;4664
2026-06-08T08:54:20.0000000Z;10.844;10.866;4664;4664
2026-06-08T08:54:22.0000000Z;10.844;10.864;4664;4664
2026-06-08T08:54:36.0000000Z;10.842;10.864;4664;4664
2026-06-08T08:54:40.0000000Z;10.842;10.862;4664;4664
2026-06-08T08:54:51.0000000Z;10.842;10.864;4664;4664
2026-06-08T08:55:19.0000000Z;10.842;10.862;4664;4664
2026-06-08T08:55:33.0000000Z;10.842;10.86;4664;4664
2026-06-08T08:55:41.0000000Z;10.838;10.86;4664;4664
2026-06-08T08:55:45.0000000Z;10.838;10.862;4664;4664
2026-06-08T08:55:55.0000000Z;10.838;10.86;4664;4664
2026-06-08T08:56:08.0000000Z;10.838;10.862;4664;4664
2026-06-08T08:56:34.0000000Z;10.838;10.864;4664;4664
2026-06-08T08:56:36.0000000Z;10.838;10.862;4664;4664
2026-06-08T08:56:46.0000000Z;10.838;10.864;4664;4664
2026-06-08T08:56:58.0000000Z;10.838;10.866;4664;4664
2026-06-08T08:57:06.0000000Z;10.838;10.864;4664;4664
2026-06-08T08:57:19.0000000Z;10.838;10.866;4664;4664
2026-06-08T08:57:41.0000000Z;10.844;10.866;4664;4664
2026-06-08T08:57:49.0000000Z;10.844;10.868;4664;4664
2026-06-08T08:57:55.0000000Z;10.844;10.866;4664;4664
2026-06-08T08:58:05.0000000Z;10.844;10.868;4664;4664
2026-06-08T08:58:27.0000000Z;10.844;10.87;4664;4664
2026-06-08T08:58:52.0000000Z;10.844;10.872;4664;4664
2026-06-08T08:59:02.0000000Z;10.844;10.87;4664;4664
2026-06-08T08:59:33.0000000Z;10.844;10.868;4664;4664
2026-06-08T08:59:47.0000000Z;10.844;10.866;4664;4664
2026-06-08T09:00:05.0000000Z;10.844;10.868;4664;4664
2026-06-08T09:00:28.0000000Z;10.844;10.87;4664;4664
2026-06-08T09:00:38.0000000Z;10.844;10.868;4664;4664
2026-06-08T09:00:52.0000000Z;10.844;10.87;4664;4664
2026-06-08T09:01:14.0000000Z;10.844;10.872;4664;4664
2026-06-08T09:01:20.0000000Z;10.844;10.87;4664;4664
2026-06-08T09:01:31.0000000Z;10.844;10.872;4664;4664
2026-06-08T09:01:33.0000000Z;10.85;10.872;4664;4664
2026-06-08T09:01:43.0000000Z;10.848;10.874;4664;4664
2026-06-08T09:01:53.0000000Z;10.848;10.876;4664;4664
2026-06-08T09:02:05.0000000Z;10.848;10.874;4664;4664
2026-06-08T09:02:21.0000000Z;10.848;10.872;4664;4664
2026-06-08T09:02:34.0000000Z;10.848;10.874;4664;4664
2026-06-08T09:02:36.0000000Z;10.848;10.872;4664;4664
2026-06-08T09:02:48.0000000Z;10.848;10.876;4664;4664
2026-06-08T09:02:54.0000000Z;10.848;10.874;4664;4664
2026-06-08T09:03:04.0000000Z;10.85;10.876;4664;4664
2026-06-08T09:03:32.0000000Z;10.85;10.878;4664;4664
2026-06-08T09:03:34.0000000Z;10.85;10.876;4664;4664
2026-06-08T09:03:54.0000000Z;10.85;10.878;4664;4664
2026-06-08T09:04:03.0000000Z;10.85;10.876;4664;4664
2026-06-08T09:04:17.0000000Z;10.854;10.878;4664;4664
2026-06-08T09:04:47.0000000Z;10.854;10.878;4664;4664
2026-06-08T09:04:55.0000000Z;10.854;10.876;4664;4664
2026-06-08T09:05:15.0000000Z;10.854;10.874;4664;4664
2026-06-08T09:05:27.0000000Z;10.854;10.872;4664;4664
2026-06-08T09:05:35.0000000Z;10.852;10.872;4664;4664
2026-06-08T09:05:52.0000000Z;10.852;10.87;4664;4664
2026-06-08T09:05:54.0000000Z;10.85;10.87;4664;4664
2026-06-08T09:06:10.0000000Z;10.85;10.872;4664;4664
2026-06-08T09:06:12.0000000Z;10.85;10.87;4664;4664
2026-06-08T09:06:18.0000000Z;10.85;10.868;4664;4664
2026-06-08T09:06:22.0000000Z;10.848;10.868;4664;4664
2026-06-08T09:06:30.0000000Z;10.848;10.866;4664;4664
2026-06-08T09:06:46.0000000Z;10.848;10.868;4664;4664
2026-06-08T09:07:00.0000000Z;10.848;10.866;4664;4664
2026-06-08T09:07:11.0000000Z;10.848;10.864;4664;4664
2026-06-08T09:07:19.0000000Z;10.848;10.866;4664;4664
2026-06-08T09:07:25.0000000Z;10.842;10.864;4664;4664
2026-06-08T09:07:47.0000000Z;10.842;10.866;4664;4664
2026-06-08T09:07:59.0000000Z;10.842;10.868;4664;4664
2026-06-08T09:08:01.0000000Z;10.842;10.866;4664;4664
2026-06-08T09:08:31.0000000Z;10.842;10.864;4664;4664
2026-06-08T09:08:44.0000000Z;10.842;10.866;4664;4664
2026-06-08T09:09:04.0000000Z;10.842;10.864;4664;4664
2026-06-08T09:09:16.0000000Z;10.842;10.866;4664;4664
2026-06-08T09:09:28.0000000Z;10.842;10.864;4664;4664
2026-06-08T09:09:46.0000000Z;10.842;10.866;4664;4664
2026-06-08T09:10:00.0000000Z;10.842;10.864;4664;4664
2026-06-08T09:10:23.0000000Z;10.842;10.866;4664;4664
2026-06-08T09:10:33.0000000Z;10.842;10.868;4664;4664
2026-06-08T09:10:55.0000000Z;10.842;10.87;4664;4664
2026-06-08T09:11:03.0000000Z;10.842;10.868;4664;4664
2026-06-08T09:11:17.0000000Z;10.842;10.866;4664;4664
2026-06-08T09:11:28.0000000Z;10.842;10.87;4664;4664
2026-06-08T09:11:32.0000000Z;10.842;10.868;4664;4664
2026-06-08T09:12:02.0000000Z;10.842;10.868;4664;4664
2026-06-08T09:12:04.0000000Z;10.842;10.87;4664;4664
2026-06-08T09:12:34.0000000Z;10.842;10.87;4664;4664
2026-06-08T09:12:54.0000000Z;10.842;10.868;4664;4664
2026-06-08T09:13:04.0000000Z;10.842;10.872;4664;4664
2026-06-08T09:13:15.0000000Z;10.848;10.872;4664;4664
2026-06-08T09:13:37.0000000Z;10.848;10.876;4664;4664
2026-06-08T09:13:45.0000000Z;10.848;10.874;4664;4664
2026-06-08T09:13:57.0000000Z;10.848;10.876;4664;4664
2026-06-08T09:14:01.0000000Z;10.848;10.874;4664;4664
2026-06-08T09:14:12.0000000Z;10.848;10.876;4664;4664
2026-06-08T09:14:40.0000000Z;10.848;10.874;4664;4664
2026-06-08T09:14:52.0000000Z;10.848;10.876;4664;4664
2026-06-08T09:15:02.0000000Z;10.848;10.874;4664;4664
2026-06-08T09:15:28.0000000Z;10.848;10.876;4664;4664
2026-06-08T09:15:34.0000000Z;10.85;10.876;4664;4664
2026-06-08T09:15:40.0000000Z;10.85;10.878;4664;4664
2026-06-08T09:16:10.0000000Z;10.85;10.878;4664;4664
2026-06-08T09:16:13.0000000Z;10.854;10.878;4664;4664
2026-06-08T09:16:29.0000000Z;10.854;10.88;4664;4664
2026-06-08T09:16:59.0000000Z;10.854;10.88;4664;4664
2026-06-08T09:17:03.0000000Z;10.854;10.882;4664;4664
2026-06-08T09:17:09.0000000Z;10.854;10.88;4664;4664
2026-06-08T09:17:18.0000000Z;10.854;10.878;4664;4664
2026-06-08T09:17:26.0000000Z;10.854;10.88;4664;4664
2026-06-08T09:17:56.0000000Z;10.854;10.88;4664;4664
2026-06-08T09:18:27.0000000Z;10.854;10.882;4664;4664
2026-06-08T09:18:29.0000000Z;10.854;10.88;4664;4664
2026-06-08T09:18:43.0000000Z;10.854;10.878;4664;4664
2026-06-08T09:19:05.0000000Z;10.854;10.88;4664;4664
2026-06-08T09:19:11.0000000Z;10.854;10.878;4664;4664
2026-06-08T09:19:39.0000000Z;10.854;10.88;4664;4664
2026-06-08T09:19:50.0000000Z;10.854;10.882;4664;4664
2026-06-08T09:20:20.0000000Z;10.854;10.882;4664;4664
2026-06-08T09:20:26.0000000Z;10.856;10.882;4664;4664
2026-06-08T09:20:36.0000000Z;10.856;10.884;4664;4664
2026-06-08T09:20:38.0000000Z;10.856;10.882;4664;4664
2026-06-08T09:20:46.0000000Z;10.862;10.882;4664;4664
2026-06-08T09:20:48.0000000Z;10.862;10.886;4664;4664
2026-06-08T09:21:00.0000000Z;10.862;10.888;4664;4664
2026-06-08T09:21:04.0000000Z;10.862;10.886;4664;4664
2026-06-08T09:21:31.0000000Z;10.862;10.888;4664;4664
2026-06-08T09:21:33.0000000Z;10.862;10.886;4664;4664
2026-06-08T09:21:43.0000000Z;10.862;10.888;4664;4664
2026-06-08T09:22:14.0000000Z;10.862;10.888;4664;4664
2026-06-08T09:22:15.0000000Z;10.866;10.888;4664;4664
2026-06-08T09:22:19.0000000Z;10.866;10.886;4664;4664
2026-06-08T09:22:42.0000000Z;10.866;10.888;4664;4664
2026-06-08T09:23:08.0000000Z;10.866;10.886;4664;4664
2026-06-08T09:23:20.0000000Z;10.866;10.888;4664;4664
2026-06-08T09:23:34.0000000Z;10.866;10.886;4664;4664
2026-06-08T09:23:46.0000000Z;10.866;10.888;4664;4664
2026-06-08T09:23:54.0000000Z;10.866;10.886;4664;4664
2026-06-08T09:24:02.0000000Z;10.866;10.884;4664;4664
2026-06-08T09:24:22.0000000Z;10.866;10.886;4664;4664
2026-06-08T09:24:44.0000000Z;10.866;10.888;4664;4664
2026-06-08T09:24:48.0000000Z;10.866;10.886;4664;4664
2026-06-08T09:25:07.0000000Z;10.866;10.884;4664;4664
2026-06-08T09:25:15.0000000Z;10.862;10.884;4664;4664
2026-06-08T09:25:27.0000000Z;10.862;10.882;4664;4664
2026-06-08T09:25:47.0000000Z;10.862;10.884;4664;4664
2026-06-08T09:26:07.0000000Z;10.86;10.884;4664;4664
2026-06-08T09:26:24.0000000Z;10.86;10.882;4664;4664
2026-06-08T09:26:34.0000000Z;10.86;10.884;4664;4664
2026-06-08T09:26:54.0000000Z;10.86;10.882;4664;4664
2026-06-08T09:27:08.0000000Z;10.86;10.884;4664;4664
2026-06-08T09:27:32.0000000Z;10.86;10.882;4664;4664
2026-06-08T09:28:02.0000000Z;10.86;10.882;4664;4664
2026-06-08T09:28:15.0000000Z;10.86;10.88;4664;4664
2026-06-08T09:28:31.0000000Z;10.86;10.878;4664;4664
2026-06-08T09:28:33.0000000Z;10.856;10.878;4664;4664
2026-06-08T09:28:41.0000000Z;10.856;10.88;4664;4664
2026-06-08T09:28:43.0000000Z;10.856;10.878;4664;4664
2026-06-08T09:28:55.0000000Z;10.856;10.88;4664;4664
2026-06-08T09:28:57.0000000Z;10.856;10.878;4664;4664
2026-06-08T09:29:01.0000000Z;10.854;10.878;4664;4664
2026-06-08T09:29:11.0000000Z;10.854;10.88;4664;4664
2026-06-08T09:29:42.0000000Z;10.854;10.88;4664;4664
2026-06-08T09:29:46.0000000Z;10.854;10.882;4664;4664
2026-06-08T09:29:48.0000000Z;10.854;10.88;4664;4664
2026-06-08T09:30:14.0000000Z;10.854;10.878;4664;4664
2026-06-08T09:30:24.0000000Z;10.854;10.88;4664;4664
2026-06-08T09:30:28.0000000Z;10.854;10.878;4664;4664
2026-06-08T09:30:38.0000000Z;10.854;10.88;4664;4664
2026-06-08T09:30:50.0000000Z;10.854;10.878;4664;4664
2026-06-08T09:31:21.0000000Z;10.854;10.878;4664;4664
2026-06-08T09:31:31.0000000Z;10.854;10.88;4664;4664
2026-06-08T09:31:47.0000000Z;10.854;10.878;4664;4664
2026-06-08T09:32:07.0000000Z;10.854;10.88;4664;4664
2026-06-08T09:32:37.0000000Z;10.854;10.88;4664;4664
2026-06-08T09:33:08.0000000Z;10.854;10.88;4664;4664
2026-06-08T09:33:26.0000000Z;10.854;10.878;4664;4664
2026-06-08T09:33:42.0000000Z;10.854;10.88;4664;4664
2026-06-08T09:33:51.0000000Z;10.854;10.878;4664;4664
2026-06-08T09:34:01.0000000Z;10.854;10.88;4664;4664
2026-06-08T09:34:03.0000000Z;10.854;10.878;4664;4664
2026-06-08T09:34:34.0000000Z;10.854;10.878;4664;4664
2026-06-08T09:34:55.0000000Z;10.854;10.876;4664;4664
2026-06-08T09:35:26.0000000Z;10.854;10.876;4664;4664
2026-06-08T09:35:56.0000000Z;10.854;10.874;4664;4664
2026-06-08T09:36:18.0000000Z;10.854;10.876;4664;4664
2026-06-08T09:36:22.0000000Z;10.854;10.874;4664;4664
2026-06-08T09:36:35.0000000Z;10.854;10.878;4664;4664
2026-06-08T09:36:53.0000000Z;10.854;10.888;4664;4664
2026-06-08T09:36:55.0000000Z;10.868;10.896;4664;4664
2026-06-08T09:36:57.0000000Z;10.874;10.916;4664;4664
2026-06-08T09:37:05.0000000Z;10.874;10.912;4664;4664
2026-06-08T09:37:13.0000000Z;10.868;10.912;4664;4664
2026-06-08T09:37:17.0000000Z;10.868;10.91;4664;4664
2026-06-08T09:37:35.0000000Z;10.868;10.908;4664;4664
2026-06-08T09:38:06.0000000Z;10.868;10.906;4664;4664
2026-06-08T09:38:10.0000000Z;10.868;10.904;4664;4664
2026-06-08T09:38:12.0000000Z;10.864;10.904;4664;4664
2026-06-08T09:38:43.0000000Z;10.864;10.904;4664;4664
2026-06-08T09:38:47.0000000Z;10.864;10.9;4664;4664
2026-06-08T09:39:17.0000000Z;10.864;10.9;4664;4664
2026-06-08T09:39:42.0000000Z;10.866;10.9;4664;4664
2026-06-08T09:40:12.0000000Z;10.866;10.9;4664;4664
2026-06-08T09:40:43.0000000Z;10.866;10.9;4664;4664
2026-06-08T09:41:13.0000000Z;10.866;10.9;4664;4664
2026-06-08T09:41:44.0000000Z;10.866;10.9;4664;4664
2026-06-08T09:42:14.0000000Z;10.866;10.9;4664;4664
2026-06-08T09:42:37.0000000Z;10.868;10.9;4664;4664
2026-06-08T09:43:07.0000000Z;10.868;10.9;4664;4664
2026-06-08T09:43:27.0000000Z;10.868;10.898;4664;4664
2026-06-08T09:43:31.0000000Z;10.868;10.896;4664;4664
2026-06-08T09:43:41.0000000Z;10.868;10.898;4664;4664
2026-06-08T09:43:43.0000000Z;10.868;10.896;4664;4664
2026-06-08T09:43:54.0000000Z;10.868;10.898;4664;4664
2026-06-08T09:43:56.0000000Z;10.874;10.898;4664;4664
2026-06-08T09:44:10.0000000Z;10.874;10.896;4664;4664
2026-06-08T09:44:20.0000000Z;10.874;10.898;4664;4664
2026-06-08T09:44:50.0000000Z;10.874;10.896;4664;4664
2026-06-08T09:45:21.0000000Z;10.874;10.896;4664;4664
2026-06-08T09:45:45.0000000Z;10.874;10.9;4664;4664
2026-06-08T09:45:47.0000000Z;10.874;10.898;4664;4664
2026-06-08T09:46:04.0000000Z;10.874;10.9;4664;4664
2026-06-08T09:46:28.0000000Z;10.874;10.902;4664;4664
2026-06-08T09:46:32.0000000Z;10.874;10.9;4664;4664
2026-06-08T09:46:56.0000000Z;10.874;10.902;4664;4664
2026-06-08T09:47:04.0000000Z;10.874;10.9;4664;4664
2026-06-08T09:47:12.0000000Z;10.874;10.902;4664;4664
2026-06-08T09:47:14.0000000Z;10.874;10.9;4664;4664
2026-06-08T09:47:45.0000000Z;10.874;10.9;4664;4664
2026-06-08T09:47:52.0000000Z;10.874;10.902;4664;4664
2026-06-08T09:48:23.0000000Z;10.874;10.902;4664;4664
2026-06-08T09:48:25.0000000Z;10.874;10.9;4664;4664
2026-06-08T09:48:55.0000000Z;10.874;10.9;4664;4664
2026-06-08T09:49:15.0000000Z;10.874;10.902;4664;4664
2026-06-08T09:49:24.0000000Z;10.874;10.9;4664;4664
2026-06-08T09:49:34.0000000Z;10.874;10.902;4664;4664
2026-06-08T09:49:36.0000000Z;10.874;10.9;4664;4664
2026-06-08T09:50:06.0000000Z;10.874;10.898;4664;4664
2026-06-08T09:50:37.0000000Z;10.874;10.898;4664;4664
2026-06-08T09:50:43.0000000Z;10.874;10.9;4664;4664
2026-06-08T09:50:47.0000000Z;10.874;10.898;4664;4664
2026-06-08T09:51:18.0000000Z;10.874;10.898;4664;4664
2026-06-08T09:51:35.0000000Z;10.874;10.9;4664;4664
2026-06-08T09:51:54.0000000Z;10.874;10.898;4664;4664
2026-06-08T09:52:06.0000000Z;10.874;10.9;4664;4664
2026-06-08T09:52:26.0000000Z;10.874;10.902;4664;4664
2026-06-08T09:52:54.0000000Z;10.874;10.9;4664;4664
2026-06-08T09:53:09.0000000Z;10.874;10.898;4664;4664
2026-06-08T09:53:19.0000000Z;10.874;10.9;4664;4664
2026-06-08T09:53:45.0000000Z;10.874;10.902;4664;4664
2026-06-08T09:54:15.0000000Z;10.874;10.902;4664;4664
2026-06-08T09:54:38.0000000Z;10.874;10.9;4664;4664
2026-06-08T09:54:50.0000000Z;10.874;10.902;4664;4664
2026-06-08T09:54:56.0000000Z;10.874;10.9;4664;4664
2026-06-08T09:55:08.0000000Z;10.874;10.902;4664;4664
2026-06-08T09:55:16.0000000Z;10.874;10.9;4664;4664
2026-06-08T09:55:42.0000000Z;10.874;10.902;4664;4664
2026-06-08T09:55:53.0000000Z;10.874;10.9;4664;4664
2026-06-08T09:56:05.0000000Z;10.874;10.902;4664;4664
2026-06-08T09:56:07.0000000Z;10.874;10.9;4664;4664
2026-06-08T09:56:17.0000000Z;10.874;10.902;4664;4664
2026-06-08T09:56:21.0000000Z;10.874;10.9;4664;4664
2026-06-08T09:56:33.0000000Z;10.874;10.902;4664;4664
2026-06-08T09:56:39.0000000Z;10.874;10.9;4664;4664
2026-06-08T09:57:00.0000000Z;10.874;10.898;4664;4664
2026-06-08T09:57:30.0000000Z;10.874;10.898;4664;4664
2026-06-08T09:57:40.0000000Z;10.874;10.9;4664;4664
2026-06-08T09:57:46.0000000Z;10.874;10.898;4664;4664
2026-06-08T09:57:56.0000000Z;10.874;10.9;4664;4664
2026-06-08T09:57:58.0000000Z;10.874;10.898;4664;4664
2026-06-08T09:58:08.0000000Z;10.874;10.896;4664;4664
2026-06-08T09:58:20.0000000Z;10.874;10.898;4664;4664
2026-06-08T09:58:29.0000000Z;10.874;10.9;4664;4664
2026-06-08T09:58:39.0000000Z;10.874;10.902;4664;4664
2026-06-08T09:58:43.0000000Z;10.874;10.9;4664;4664
2026-06-08T09:58:55.0000000Z;10.874;10.898;4664;4664
2026-06-08T09:59:05.0000000Z;10.874;10.9;4664;4664
2026-06-08T09:59:07.0000000Z;10.874;10.898;4664;4664
2026-06-08T09:59:17.0000000Z;10.874;10.9;4664;4664
2026-06-08T09:59:47.0000000Z;10.874;10.898;4664;4664
2026-06-08T09:59:58.0000000Z;10.874;10.9;4664;4664
2026-06-08T10:00:14.0000000Z;10.874;10.902;4664;4664
2026-06-08T10:00:16.0000000Z;10.874;10.9;4664;4664
2026-06-08T10:00:18.0000000Z;10.874;10.898;4664;4664
2026-06-08T10:00:28.0000000Z;10.874;10.9;4664;4664
2026-06-08T10:00:30.0000000Z;10.874;10.898;4664;4664
2026-06-08T10:00:59.0000000Z;10.874;10.9;4664;4664
2026-06-08T10:01:03.0000000Z;10.874;10.898;4664;4664
2026-06-08T10:01:29.0000000Z;10.874;10.9;4664;4664
2026-06-08T10:01:37.0000000Z;10.874;10.898;4664;4664
2026-06-08T10:01:49.0000000Z;10.874;10.9;4664;4664
2026-06-08T10:02:01.0000000Z;10.874;10.896;4664;4664
2026-06-08T10:02:13.0000000Z;10.866;10.886;4664;4664
2026-06-08T10:02:15.0000000Z;10.864;10.888;4664;4664
2026-06-08T10:02:19.0000000Z;10.864;10.894;4664;4664
2026-06-08T10:02:26.0000000Z;10.864;10.89;4664;4664
2026-06-08T10:02:36.0000000Z;10.864;10.892;4664;4664
2026-06-08T10:02:48.0000000Z;10.864;10.894;4664;4664
2026-06-08T10:02:58.0000000Z;10.864;10.896;4664;4664
2026-06-08T10:03:00.0000000Z;10.868;10.894;4664;4664
2026-06-08T10:03:10.0000000Z;10.868;10.896;4664;4664
2026-06-08T10:03:39.0000000Z;10.868;10.894;4664;4664
2026-06-08T10:03:49.0000000Z;10.868;10.896;4664;4664
2026-06-08T10:04:03.0000000Z;10.868;10.894;4664;4664
2026-06-08T10:04:07.0000000Z;10.868;10.892;4664;4664
2026-06-08T10:04:20.0000000Z;10.868;10.896;4664;4664
2026-06-08T10:04:44.0000000Z;10.868;10.894;4664;4664
2026-06-08T10:05:08.0000000Z;10.868;10.896;4664;4664
2026-06-08T10:05:22.0000000Z;10.868;10.898;4664;4664
2026-06-08T10:05:32.0000000Z;10.874;10.898;4664;4664
2026-06-08T10:05:44.0000000Z;10.874;10.896;4664;4664
2026-06-08T10:05:57.0000000Z;10.874;10.898;4664;4664
2026-06-08T10:06:27.0000000Z;10.874;10.898;4664;4664
2026-06-08T10:06:35.0000000Z;10.874;10.9;4664;4664
2026-06-08T10:06:49.0000000Z;10.874;10.902;4664;4664
2026-06-08T10:07:00.0000000Z;10.874;10.904;4664;4664
2026-06-08T10:07:14.0000000Z;10.88;10.904;4664;4664
2026-06-08T10:07:40.0000000Z;10.88;10.906;4664;4664
2026-06-08T10:07:42.0000000Z;10.88;10.904;4664;4664
2026-06-08T10:08:00.0000000Z;10.88;10.906;4664;4664
2026-06-08T10:08:31.0000000Z;10.88;10.906;4664;4664
2026-06-08T10:09:01.0000000Z;10.88;10.906;4664;4664
2026-06-08T10:09:15.0000000Z;10.88;10.908;4664;4664
2026-06-08T10:09:27.0000000Z;10.882;10.91;4664;4664
2026-06-08T10:09:37.0000000Z;10.882;10.906;4664;4664
2026-06-08T10:09:51.0000000Z;10.882;10.904;4664;4664
2026-06-08T10:10:06.0000000Z;10.88;10.904;4664;4664
2026-06-08T10:10:08.0000000Z;10.88;10.902;4664;4664
2026-06-08T10:10:18.0000000Z;10.88;10.904;4664;4664
2026-06-08T10:10:24.0000000Z;10.88;10.902;4664;4664
2026-06-08T10:10:32.0000000Z;10.88;10.904;4664;4664
2026-06-08T10:11:02.0000000Z;10.88;10.904;4664;4664
2026-06-08T10:11:04.0000000Z;10.88;10.906;4664;4664
2026-06-08T10:11:06.0000000Z;10.88;10.904;4664;4664
2026-06-08T10:11:37.0000000Z;10.88;10.904;4664;4664
2026-06-08T10:11:43.0000000Z;10.88;10.906;4664;4664
2026-06-08T10:12:04.0000000Z;10.88;10.904;4664;4664
2026-06-08T10:12:22.0000000Z;10.88;10.906;4664;4664
2026-06-08T10:12:46.0000000Z;10.88;10.908;4664;4664
2026-06-08T10:13:17.0000000Z;10.88;10.908;4664;4664
2026-06-08T10:13:47.0000000Z;10.88;10.908;4664;4664
2026-06-08T10:14:11.0000000Z;10.88;10.906;4664;4664
2026-06-08T10:14:41.0000000Z;10.88;10.906;4664;4664
2026-06-08T10:15:12.0000000Z;10.88;10.906;4664;4664
2026-06-08T10:15:20.0000000Z;10.88;10.908;4664;4664
2026-06-08T10:15:23.0000000Z;10.88;10.906;4664;4664
2026-06-08T10:15:34.0000000Z;10.88;10.908;4664;4664
2026-06-08T10:15:44.0000000Z;10.88;10.906;4664;4664
2026-06-08T10:15:54.0000000Z;10.88;10.908;4664;4664
2026-06-08T10:15:58.0000000Z;10.88;10.906;4664;4664
2026-06-08T10:16:08.0000000Z;10.88;10.908;4664;4664
2026-06-08T10:16:10.0000000Z;10.88;10.906;4664;4664
2026-06-08T10:16:33.0000000Z;10.88;10.908;4664;4664
2026-06-08T10:16:37.0000000Z;10.88;10.906;4664;4664
2026-06-08T10:16:41.0000000Z;10.88;10.904;4664;4664
2026-06-08T10:16:45.0000000Z;10.882;10.904;4664;4664
2026-06-08T10:16:51.0000000Z;10.882;10.902;4664;4664
2026-06-08T10:17:07.0000000Z;10.88;10.9;4664;4664
2026-06-08T10:17:09.0000000Z;10.882;10.9;4664;4664
2026-06-08T10:17:20.0000000Z;10.88;10.9;4664;4664
2026-06-08T10:17:49.0000000Z;10.88;10.9;4664;4664
2026-06-08T10:17:56.0000000Z;10.882;10.9;4664;4664
2026-06-08T10:18:21.0000000Z;10.882;10.902;4664;4664
2026-06-08T10:18:39.0000000Z;10.882;10.9;4664;4664
2026-06-08T10:19:09.0000000Z;10.882;10.9;4664;4664
2026-06-08T10:19:40.0000000Z;10.882;10.9;4664;4664
2026-06-08T10:19:54.0000000Z;10.882;10.902;4664;4664
2026-06-08T10:19:56.0000000Z;10.882;10.9;4664;4664
2026-06-08T10:20:12.0000000Z;10.88;10.898;4664;4664
2026-06-08T10:20:22.0000000Z;10.882;10.9;4664;4664
2026-06-08T10:20:28.0000000Z;10.88;10.9;4664;4664
2026-06-08T10:20:58.0000000Z;10.88;10.902;4664;4664
2026-06-08T10:21:04.0000000Z;10.88;10.9;4664;4664
2026-06-08T10:21:23.0000000Z;10.88;10.902;4664;4664
2026-06-08T10:21:37.0000000Z;10.88;10.9;4664;4664
2026-06-08T10:21:57.0000000Z;10.88;10.902;4664;4664
2026-06-08T10:22:01.0000000Z;10.88;10.9;4664;4664
2026-06-08T10:22:32.0000000Z;10.88;10.9;4664;4664
2026-06-08T10:22:40.0000000Z;10.88;10.898;4664;4664
2026-06-08T10:22:52.0000000Z;10.878;10.896;4664;4664
2026-06-08T10:23:16.0000000Z;10.878;10.898;4664;4664
2026-06-08T10:23:43.0000000Z;10.88;10.9;4664;4664
2026-06-08T10:23:45.0000000Z;10.878;10.898;4664;4664
2026-06-08T10:24:07.0000000Z;10.88;10.9;4664;4664
2026-06-08T10:24:15.0000000Z;10.878;10.9;4664;4664
2026-06-08T10:24:46.0000000Z;10.878;10.9;4664;4664
2026-06-08T10:25:14.0000000Z;10.88;10.902;4664;4664
2026-06-08T10:25:40.0000000Z;10.88;10.904;4664;4664
2026-06-08T10:25:47.0000000Z;10.88;10.902;4664;4664
2026-06-08T10:25:59.0000000Z;10.88;10.904;4664;4664
2026-06-08T10:26:27.0000000Z;10.88;10.902;4664;4664
2026-06-08T10:26:49.0000000Z;10.88;10.904;4664;4664
2026-06-08T10:27:01.0000000Z;10.88;10.902;4664;4664
2026-06-08T10:27:11.0000000Z;10.88;10.904;4664;4664
2026-06-08T10:27:25.0000000Z;10.88;10.902;4664;4664
2026-06-08T10:27:46.0000000Z;10.88;10.9;4664;4664
2026-06-08T10:27:56.0000000Z;10.88;10.902;4664;4664
2026-06-08T10:28:27.0000000Z;10.88;10.902;4664;4664
2026-06-08T10:28:34.0000000Z;10.88;10.904;4664;4664
2026-06-08T10:28:46.0000000Z;10.88;10.902;4664;4664
2026-06-08T10:28:58.0000000Z;10.88;10.904;4664;4664
2026-06-08T10:29:12.0000000Z;10.882;10.906;4664;4664
2026-06-08T10:29:14.0000000Z;10.882;10.904;4664;4664
2026-06-08T10:29:16.0000000Z;10.88;10.904;4664;4664
2026-06-08T10:29:27.0000000Z;10.882;10.908;4664;4664
2026-06-08T10:29:43.0000000Z;10.88;10.906;4664;4664
2026-06-08T10:30:05.0000000Z;10.882;10.906;4664;4664
2026-06-08T10:30:15.0000000Z;10.882;10.908;4664;4664
2026-06-08T10:30:25.0000000Z;10.882;10.906;4664;4664
2026-06-08T10:30:37.0000000Z;10.882;10.908;4664;4664
2026-06-08T10:31:08.0000000Z;10.882;10.908;4664;4664
2026-06-08T10:31:26.0000000Z;10.882;10.906;4664;4664
2026-06-08T10:31:57.0000000Z;10.882;10.906;4664;4664
2026-06-08T10:32:10.0000000Z;10.882;10.908;4664;4664
2026-06-08T10:32:16.0000000Z;10.882;10.906;4664;4664
2026-06-08T10:32:33.0000000Z;10.882;10.908;4664;4664
2026-06-08T10:32:35.0000000Z;10.882;10.906;4664;4664
2026-06-08T10:33:05.0000000Z;10.882;10.906;4664;4664
2026-06-08T10:33:31.0000000Z;10.882;10.908;4664;4664
2026-06-08T10:33:43.0000000Z;10.886;10.91;4664;4664
2026-06-08T10:34:14.0000000Z;10.886;10.91;4664;4664
2026-06-08T10:34:24.0000000Z;10.886;10.916;4664;4664
2026-06-08T10:34:55.0000000Z;10.886;10.916;4664;4664
2026-06-08T10:35:03.0000000Z;10.89;10.916;4664;4664
2026-06-08T10:35:13.0000000Z;10.896;10.916;4664;4664
2026-06-08T10:35:21.0000000Z;10.896;10.914;4664;4664
2026-06-08T10:35:28.0000000Z;10.898;10.916;4664;4664
2026-06-08T10:35:31.0000000Z;10.896;10.916;4664;4664
2026-06-08T10:36:02.0000000Z;10.896;10.916;4664;4664
2026-06-08T10:36:14.0000000Z;10.902;10.916;4664;4664
2026-06-08T10:36:44.0000000Z;10.902;10.916;4664;4664
2026-06-08T10:37:15.0000000Z;10.902;10.916;4664;4664
2026-06-08T10:37:45.0000000Z;10.902;10.916;4664;4664
2026-06-08T10:38:16.0000000Z;10.902;10.916;4664;4664
2026-06-08T10:38:46.0000000Z;10.902;10.916;4664;4664
2026-06-08T10:39:17.0000000Z;10.902;10.916;4664;4664
2026-06-08T10:39:48.0000000Z;10.902;10.916;4664;4664
2026-06-08T10:40:18.0000000Z;10.902;10.916;4664;4664
2026-06-08T10:40:49.0000000Z;10.902;10.916;4664;4664
2026-06-08T10:41:20.0000000Z;10.902;10.916;4664;4664
2026-06-08T10:41:50.0000000Z;10.902;10.916;4664;4664
2026-06-08T10:42:21.0000000Z;10.902;10.916;4664;4664
2026-06-08T10:42:51.0000000Z;10.902;10.916;4664;4664
2026-06-08T10:43:22.0000000Z;10.902;10.916;4664;4664
2026-06-08T10:43:53.0000000Z;10.902;10.916;4664;4664
2026-06-08T10:44:23.0000000Z;10.902;10.916;4664;4664
2026-06-08T10:44:54.0000000Z;10.902;10.916;4664;4664
2026-06-08T10:45:24.0000000Z;10.902;10.916;4664;4664
2026-06-08T10:45:55.0000000Z;10.902;10.916;4664;4664
2026-06-08T10:46:26.0000000Z;10.902;10.916;4664;4664
2026-06-08T10:46:41.0000000Z;10.902;10.914;4664;4664
2026-06-08T10:46:49.0000000Z;10.896;10.914;4664;4664
2026-06-08T10:47:20.0000000Z;10.896;10.914;4664;4664
2026-06-08T10:47:50.0000000Z;10.896;10.914;4664;4664
2026-06-08T10:48:21.0000000Z;10.896;10.914;4664;4664
2026-06-08T10:48:51.0000000Z;10.896;10.914;4664;4664
2026-06-08T10:49:22.0000000Z;10.896;10.914;4664;4664
2026-06-08T10:49:52.0000000Z;10.896;10.914;4664;4664
2026-06-08T10:50:23.0000000Z;10.896;10.914;4664;4664
2026-06-08T10:50:54.0000000Z;10.896;10.914;4664;4664
2026-06-08T10:51:02.0000000Z;10.89;10.914;4664;4664
2026-06-08T10:51:11.0000000Z;10.888;10.914;4664;4664
2026-06-08T10:51:41.0000000Z;10.888;10.914;4664;4664
2026-06-08T10:52:12.0000000Z;10.888;10.914;4664;4664
2026-06-08T10:52:42.0000000Z;10.888;10.914;4664;4664
2026-06-08T10:53:13.0000000Z;10.888;10.914;4664;4664
2026-06-08T10:53:44.0000000Z;10.888;10.914;4664;4664
2026-06-08T10:54:14.0000000Z;10.888;10.914;4664;4664
2026-06-08T10:54:45.0000000Z;10.888;10.914;4664;4664
2026-06-08T10:55:15.0000000Z;10.888;10.914;4664;4664
2026-06-08T10:55:46.0000000Z;10.888;10.914;4664;4664
2026-06-08T10:55:49.0000000Z;10.89;10.914;4664;4664
2026-06-08T10:56:20.0000000Z;10.89;10.914;4664;4664
2026-06-08T10:56:50.0000000Z;10.884;10.914;4664;4664
2026-06-08T10:57:20.0000000Z;10.884;10.914;4664;4664
2026-06-08T10:57:50.0000000Z;10.884;10.914;4664;4664
2026-06-08T10:58:21.0000000Z;10.884;10.914;4664;4664
2026-06-08T10:58:51.0000000Z;10.884;10.914;4664;4664
2026-06-08T10:59:22.0000000Z;10.884;10.914;4664;4664
2026-06-08T10:59:53.0000000Z;10.884;10.914;4664;4664
2026-06-08T11:00:02.0000000Z;10.878;10.914;4664;4664
2026-06-08T11:00:04.0000000Z;10.878;10.916;4664;4664
2026-06-08T11:00:10.0000000Z;10.884;10.916;4664;4664
2026-06-08T11:00:41.0000000Z;10.884;10.916;4664;4664
2026-06-08T11:01:11.0000000Z;10.884;10.916;4664;4664
2026-06-08T11:01:42.0000000Z;10.884;10.916;4664;4664
2026-06-08T11:01:56.0000000Z;10.878;10.916;4664;4664
2026-06-08T11:02:26.0000000Z;10.878;10.914;4664;4664
2026-06-08T11:02:56.0000000Z;10.878;10.914;4664;4664
2026-06-08T11:03:27.0000000Z;10.878;10.914;4664;4664
2026-06-08T11:03:50.0000000Z;10.88;10.914;4664;4664
2026-06-08T11:03:54.0000000Z;10.88;10.91;4664;4664
2026-06-08T11:04:02.0000000Z;10.88;10.908;4664;4664
2026-06-08T11:04:06.0000000Z;10.88;10.906;4664;4664
2026-06-08T11:04:26.0000000Z;10.88;10.904;4664;4664
2026-06-08T11:04:38.0000000Z;10.88;10.906;4664;4664
2026-06-08T11:04:51.0000000Z;10.88;10.908;4664;4664
2026-06-08T11:04:53.0000000Z;10.884;10.908;4664;4664
2026-06-08T11:05:19.0000000Z;10.884;10.91;4664;4664
2026-06-08T11:05:21.0000000Z;10.884;10.908;4664;4664
2026-06-08T11:05:52.0000000Z;10.884;10.91;4664;4664
2026-06-08T11:06:18.0000000Z;10.884;10.908;4664;4664
2026-06-08T11:06:48.0000000Z;10.884;10.908;4664;4664
2026-06-08T11:07:07.0000000Z;10.884;10.91;4664;4664
2026-06-08T11:07:11.0000000Z;10.884;10.908;4664;4664
2026-06-08T11:07:37.0000000Z;10.884;10.91;4664;4664
2026-06-08T11:07:57.0000000Z;10.884;10.908;4664;4664
2026-06-08T11:08:15.0000000Z;10.884;10.91;4664;4664
2026-06-08T11:08:42.0000000Z;10.884;10.912;4664;4664
2026-06-08T11:08:54.0000000Z;10.884;10.91;4664;4664
2026-06-08T11:09:02.0000000Z;10.884;10.908;4664;4664
2026-06-08T11:09:14.0000000Z;10.884;10.91;4664;4664
2026-06-08T11:09:45.0000000Z;10.884;10.91;4664;4664
2026-06-08T11:10:09.0000000Z;10.89;10.914;4664;4664
2026-06-08T11:10:17.0000000Z;10.89;10.912;4664;4664
2026-06-08T11:10:27.0000000Z;10.89;10.914;4664;4664
2026-06-08T11:10:29.0000000Z;10.89;10.912;4664;4664
2026-06-08T11:10:41.0000000Z;10.89;10.916;4664;4664
2026-06-08T11:10:51.0000000Z;10.89;10.918;4664;4664
2026-06-08T11:11:08.0000000Z;10.89;10.928;4664;4664
2026-06-08T11:11:12.0000000Z;10.89;10.95;4664;4664
2026-06-08T11:11:18.0000000Z;10.91;10.95;4664;4664
2026-06-08T11:11:42.0000000Z;10.91;10.942;4664;4664
2026-06-08T11:11:48.0000000Z;10.91;10.934;4664;4664
2026-06-08T11:11:53.0000000Z;10.91;10.932;4664;4664
2026-06-08T11:12:19.0000000Z;10.91;10.934;4664;4664
2026-06-08T11:12:39.0000000Z;10.91;10.936;4664;4664
2026-06-08T11:12:49.0000000Z;10.91;10.934;4664;4664
2026-06-08T11:12:58.0000000Z;10.91;10.936;4664;4664
2026-06-08T11:13:10.0000000Z;10.91;10.938;4664;4664
2026-06-08T11:13:12.0000000Z;10.91;10.936;4664;4664
2026-06-08T11:13:24.0000000Z;10.91;10.934;4664;4664
2026-06-08T11:13:55.0000000Z;10.91;10.934;4664;4664
2026-06-08T11:14:03.0000000Z;10.91;10.932;4664;4664
2026-06-08T11:14:11.0000000Z;10.91;10.938;4664;4664
2026-06-08T11:14:13.0000000Z;10.91;10.936;4664;4664
2026-06-08T11:14:15.0000000Z;10.91;10.94;4664;4664
2026-06-08T11:14:23.0000000Z;10.91;10.938;4664;4664
2026-06-08T11:14:29.0000000Z;10.91;10.946;4664;4664
2026-06-08T11:14:43.0000000Z;10.916;10.946;4664;4664
2026-06-08T11:14:50.0000000Z;10.916;10.952;4664;4664
2026-06-08T11:14:52.0000000Z;10.916;10.95;4664;4664
2026-06-08T11:15:16.0000000Z;10.938;10.962;4664;4664
2026-06-08T11:15:18.0000000Z;10.938;10.984;4664;4664
2026-06-08T11:15:20.0000000Z;10.93;10.982;4664;4664
2026-06-08T11:15:24.0000000Z;10.93;10.972;4664;4664
2026-06-08T11:15:54.0000000Z;10.93;10.972;4664;4664
2026-06-08T11:16:13.0000000Z;10.92;10.972;4664;4664
2026-06-08T11:16:21.0000000Z;10.924;10.972;4664;4664
2026-06-08T11:16:25.0000000Z;10.924;10.966;4664;4664
2026-06-08T11:16:31.0000000Z;10.924;10.964;4664;4664
2026-06-08T11:16:48.0000000Z;10.924;10.966;4664;4664
2026-06-08T11:16:58.0000000Z;10.924;10.964;4664;4664
2026-06-08T11:17:22.0000000Z;10.924;10.966;4664;4664
2026-06-08T11:17:52.0000000Z;10.924;10.966;4664;4664
2026-06-08T11:18:23.0000000Z;10.924;10.966;4664;4664
2026-06-08T11:18:53.0000000Z;10.924;10.966;4664;4664
2026-06-08T11:19:24.0000000Z;10.924;10.966;4664;4664
2026-06-08T11:19:54.0000000Z;10.924;10.966;4664;4664
2026-06-08T11:20:03.0000000Z;10.93;10.966;4664;4664
2026-06-08T11:20:33.0000000Z;10.93;10.966;4664;4664
2026-06-08T11:21:03.0000000Z;10.93;10.966;4664;4664
2026-06-08T11:21:14.0000000Z;10.93;10.972;4664;4664
2026-06-08T11:21:45.0000000Z;10.93;10.972;4664;4664
2026-06-08T11:22:15.0000000Z;10.93;10.972;4664;4664
2026-06-08T11:22:46.0000000Z;10.93;10.972;4664;4664
2026-06-08T11:23:16.0000000Z;10.93;10.972;4664;4664
2026-06-08T11:23:20.0000000Z;10.93;10.97;4664;4664
2026-06-08T11:23:32.0000000Z;10.93;10.972;4664;4664
2026-06-08T11:23:42.0000000Z;10.93;10.97;4664;4664
2026-06-08T11:24:07.0000000Z;10.93;10.972;4664;4664
2026-06-08T11:24:37.0000000Z;10.93;10.972;4664;4664
2026-06-08T11:25:07.0000000Z;10.93;10.972;4664;4664
2026-06-08T11:25:38.0000000Z;10.93;10.972;4664;4664
2026-06-08T11:25:52.0000000Z;10.93;10.97;4664;4664
2026-06-08T11:26:23.0000000Z;10.93;10.97;4664;4664
2026-06-08T11:26:53.0000000Z;10.93;10.97;4664;4664
2026-06-08T11:26:55.0000000Z;10.93;10.972;4664;4664
2026-06-08T11:27:26.0000000Z;10.93;10.972;4664;4664
2026-06-08T11:27:56.0000000Z;10.93;10.972;4664;4664
2026-06-08T11:28:27.0000000Z;10.93;10.972;4664;4664
2026-06-08T11:28:32.0000000Z;10.93;10.966;4664;4664
2026-06-08T11:29:02.0000000Z;10.93;10.966;4664;4664
2026-06-08T11:29:33.0000000Z;10.93;10.966;4664;4664
2026-06-08T11:30:03.0000000Z;10.93;10.966;4664;4664
2026-06-08T11:30:34.0000000Z;10.93;10.966;4664;4664
2026-06-08T11:31:05.0000000Z;10.93;10.966;4664;4664
2026-06-08T11:31:35.0000000Z;10.93;10.966;4664;4664
2026-06-08T11:32:06.0000000Z;10.93;10.966;4664;4664
2026-06-08T11:32:36.0000000Z;10.93;10.966;4664;4664
2026-06-08T11:33:07.0000000Z;10.93;10.966;4664;4664
2026-06-08T11:33:37.0000000Z;10.93;10.966;4664;4664
2026-06-08T11:34:08.0000000Z;10.93;10.966;4664;4664
2026-06-08T11:34:38.0000000Z;10.93;10.966;4664;4664
2026-06-08T11:35:09.0000000Z;10.93;10.966;4664;4664
2026-06-08T11:35:40.0000000Z;10.93;10.966;4664;4664
2026-06-08T11:36:10.0000000Z;10.93;10.966;4664;4664
2026-06-08T11:36:41.0000000Z;10.93;10.966;4664;4664
2026-06-08T11:37:11.0000000Z;10.93;10.966;4664;4664
2026-06-08T11:37:42.0000000Z;10.93;10.966;4664;4664
2026-06-08T11:38:12.0000000Z;10.93;10.966;4664;4664
2026-06-08T11:38:43.0000000Z;10.93;10.966;4664;4664
2026-06-08T11:39:13.0000000Z;10.93;10.966;4664;4664
2026-06-08T11:39:44.0000000Z;10.93;10.966;4664;4664
2026-06-08T11:40:14.0000000Z;10.93;10.966;4664;4664
2026-06-08T11:40:45.0000000Z;10.93;10.966;4664;4664
2026-06-08T11:40:58.0000000Z;10.924;10.966;4664;4664
2026-06-08T11:41:29.0000000Z;10.924;10.966;4664;4664
2026-06-08T11:41:52.0000000Z;10.924;10.964;4664;4664
2026-06-08T11:42:23.0000000Z;10.924;10.964;4664;4664
2026-06-08T11:42:49.0000000Z;10.924;10.966;4664;4664
2026-06-08T11:43:20.0000000Z;10.924;10.966;4664;4664
2026-06-08T11:43:46.0000000Z;10.924;10.964;4664;4664
2026-06-08T11:43:56.0000000Z;10.924;10.96;4664;4664
2026-06-08T11:44:09.0000000Z;10.918;10.96;4664;4664
2026-06-08T11:44:39.0000000Z;10.918;10.96;4664;4664
2026-06-08T11:45:09.0000000Z;10.918;10.96;4664;4664
2026-06-08T11:45:40.0000000Z;10.918;10.96;4664;4664
2026-06-08T11:46:10.0000000Z;10.918;10.96;4664;4664
2026-06-08T11:46:23.0000000Z;10.918;10.958;4664;4664
2026-06-08T11:46:35.0000000Z;10.918;10.954;4664;4664
2026-06-08T11:46:54.0000000Z;10.914;10.954;4664;4664
2026-06-08T11:47:25.0000000Z;10.914;10.954;4664;4664
2026-06-08T11:47:26.0000000Z;10.912;10.954;4664;4664
2026-06-08T11:47:45.0000000Z;10.912;10.952;4664;4664
2026-06-08T11:47:54.0000000Z;10.912;10.948;4664;4664
2026-06-08T11:48:22.0000000Z;10.912;10.948;4664;4664
2026-06-08T11:48:50.0000000Z;10.904;10.948;4664;4664
2026-06-08T11:48:52.0000000Z;10.906;10.948;4664;4664
2026-06-08T11:49:22.0000000Z;10.906;10.948;4664;4664
2026-06-08T11:49:52.0000000Z;10.906;10.948;4664;4664
2026-06-08T11:50:23.0000000Z;10.906;10.948;4664;4664
2026-06-08T11:50:29.0000000Z;10.912;10.948;4664;4664
2026-06-08T11:51:00.0000000Z;10.912;10.948;4664;4664
2026-06-08T11:51:18.0000000Z;10.912;10.956;4664;4664
2026-06-08T11:51:20.0000000Z;10.912;10.954;4664;4664
2026-06-08T11:51:50.0000000Z;10.912;10.954;4664;4664
2026-06-08T11:52:21.0000000Z;10.912;10.954;4664;4664
2026-06-08T11:52:49.0000000Z;10.912;10.952;4664;4664
2026-06-08T11:53:06.0000000Z;10.912;10.954;4664;4664
2026-06-08T11:53:32.0000000Z;10.912;10.948;4664;4664
2026-06-08T11:54:03.0000000Z;10.912;10.948;4664;4664
2026-06-08T11:54:33.0000000Z;10.912;10.948;4664;4664
2026-06-08T11:55:04.0000000Z;10.912;10.948;4664;4664
2026-06-08T11:55:35.0000000Z;10.912;10.948;4664;4664
2026-06-08T11:56:05.0000000Z;10.912;10.948;4664;4664
2026-06-08T11:56:36.0000000Z;10.912;10.948;4664;4664
2026-06-08T11:57:06.0000000Z;10.912;10.948;4664;4664
2026-06-08T11:57:37.0000000Z;10.912;10.948;4664;4664
2026-06-08T11:58:07.0000000Z;10.912;10.948;4664;4664
2026-06-08T11:58:38.0000000Z;10.912;10.948;4664;4664
2026-06-08T11:59:09.0000000Z;10.912;10.948;4664;4664
2026-06-08T11:59:39.0000000Z;10.912;10.948;4664;4664
2026-06-08T12:00:10.0000000Z;10.912;10.948;4664;4664
2026-06-08T12:00:18.0000000Z;10.906;10.948;4664;4664
2026-06-08T12:00:47.0000000Z;10.912;10.948;4664;4664
2026-06-08T12:00:55.0000000Z;10.912;10.956;4664;4664
2026-06-08T12:00:59.0000000Z;10.912;10.954;4664;4664
2026-06-08T12:01:30.0000000Z;10.912;10.954;4664;4664
2026-06-08T12:02:00.0000000Z;10.912;10.954;4664;4664
2026-06-08T12:02:31.0000000Z;10.912;10.954;4664;4664
2026-06-08T12:03:01.0000000Z;10.912;10.954;4664;4664
2026-06-08T12:03:32.0000000Z;10.912;10.954;4664;4664
2026-06-08T12:04:02.0000000Z;10.912;10.954;4664;4664
2026-06-08T12:04:33.0000000Z;10.912;10.954;4664;4664
2026-06-08T12:05:04.0000000Z;10.912;10.954;4664;4664
2026-06-08T12:05:23.0000000Z;10.914;10.954;4664;4664
2026-06-08T12:05:25.0000000Z;10.914;10.946;4664;4664
2026-06-08T12:05:31.0000000Z;10.914;10.942;4664;4664
2026-06-08T12:05:41.0000000Z;10.914;10.94;4664;4664
2026-06-08T12:05:51.0000000Z;10.914;10.934;4664;4664
2026-06-08T12:06:12.0000000Z;10.914;10.936;4664;4664
2026-06-08T12:06:20.0000000Z;10.914;10.938;4664;4664
2026-06-08T12:06:22.0000000Z;10.914;10.936;4664;4664
2026-06-08T12:06:42.0000000Z;10.914;10.938;4664;4664
2026-06-08T12:06:46.0000000Z;10.914;10.936;4664;4664
2026-06-08T12:06:56.0000000Z;10.914;10.938;4664;4664
2026-06-08T12:07:06.0000000Z;10.914;10.936;4664;4664
2026-06-08T12:07:27.0000000Z;10.914;10.938;4664;4664
2026-06-08T12:07:58.0000000Z;10.914;10.938;4664;4664
2026-06-08T12:08:12.0000000Z;10.914;10.94;4664;4664
2026-06-08T12:08:16.0000000Z;10.914;10.938;4664;4664
2026-06-08T12:08:26.0000000Z;10.914;10.94;4664;4664
2026-06-08T12:08:46.0000000Z;10.914;10.942;4664;4664
2026-06-08T12:08:48.0000000Z;10.914;10.94;4664;4664
2026-06-08T12:09:19.0000000Z;10.914;10.94;4664;4664
2026-06-08T12:09:50.0000000Z;10.914;10.94;4664;4664
2026-06-08T12:10:01.0000000Z;10.914;10.942;4664;4664
2026-06-08T12:10:19.0000000Z;10.918;10.942;4664;4664
2026-06-08T12:10:42.0000000Z;10.918;10.94;4664;4664
2026-06-08T12:10:52.0000000Z;10.918;10.938;4664;4664
2026-06-08T12:11:14.0000000Z;10.918;10.936;4664;4664
2026-06-08T12:11:16.0000000Z;10.914;10.936;4664;4664
2026-06-08T12:11:22.0000000Z;10.914;10.934;4664;4664
2026-06-08T12:11:24.0000000Z;10.914;10.932;4664;4664
2026-06-08T12:11:34.0000000Z;10.914;10.934;4664;4664
2026-06-08T12:11:45.0000000Z;10.914;10.936;4664;4664
2026-06-08T12:11:47.0000000Z;10.914;10.934;4664;4664
2026-06-08T12:11:57.0000000Z;10.914;10.936;4664;4664
2026-06-08T12:12:27.0000000Z;10.914;10.936;4664;4664
2026-06-08T12:12:58.0000000Z;10.914;10.936;4664;4664
2026-06-08T12:13:28.0000000Z;10.914;10.936;4664;4664
2026-06-08T12:13:30.0000000Z;10.914;10.934;4664;4664
2026-06-08T12:13:34.0000000Z;10.914;10.932;4664;4664
2026-06-08T12:13:49.0000000Z;10.914;10.934;4664;4664
2026-06-08T12:13:57.0000000Z;10.914;10.93;4664;4664
2026-06-08T12:13:59.0000000Z;10.912;10.93;4664;4664
2026-06-08T12:14:07.0000000Z;10.912;10.932;4664;4664
2026-06-08T12:14:35.0000000Z;10.912;10.93;4664;4664
2026-06-08T12:14:43.0000000Z;10.912;10.928;4664;4664
2026-06-08T12:14:49.0000000Z;10.912;10.926;4664;4664
2026-06-08T12:15:04.0000000Z;10.912;10.928;4664;4664
2026-06-08T12:15:35.0000000Z;10.912;10.928;4664;4664
2026-06-08T12:15:55.0000000Z;10.906;10.926;4664;4664
2026-06-08T12:16:15.0000000Z;10.906;10.928;4664;4664
2026-06-08T12:16:45.0000000Z;10.906;10.928;4664;4664
2026-06-08T12:17:04.0000000Z;10.906;10.926;4664;4664
2026-06-08T12:17:16.0000000Z;10.906;10.93;4664;4664
2026-06-08T12:17:46.0000000Z;10.906;10.93;4664;4664
2026-06-08T12:18:17.0000000Z;10.906;10.93;4664;4664
2026-06-08T12:18:47.0000000Z;10.906;10.93;4664;4664
2026-06-08T12:18:51.0000000Z;10.906;10.932;4664;4664
2026-06-08T12:19:03.0000000Z;10.906;10.934;4664;4664
2026-06-08T12:19:23.0000000Z;10.906;10.936;4664;4664
2026-06-08T12:19:25.0000000Z;10.906;10.934;4664;4664
2026-06-08T12:19:38.0000000Z;10.906;10.936;4664;4664
2026-06-08T12:19:46.0000000Z;10.906;10.934;4664;4664
2026-06-08T12:20:16.0000000Z;10.906;10.934;4664;4664
2026-06-08T12:20:32.0000000Z;10.906;10.936;4664;4664
2026-06-08T12:20:36.0000000Z;10.912;10.934;4664;4664
2026-06-08T12:20:47.0000000Z;10.912;10.936;4664;4664
2026-06-08T12:21:11.0000000Z;10.912;10.94;4664;4664
2026-06-08T12:21:13.0000000Z;10.914;10.94;4664;4664
2026-06-08T12:21:23.0000000Z;10.914;10.938;4664;4664
2026-06-08T12:21:54.0000000Z;10.914;10.938;4664;4664
2026-06-08T12:22:24.0000000Z;10.914;10.938;4664;4664
2026-06-08T12:22:55.0000000Z;10.914;10.938;4664;4664
2026-06-08T12:23:25.0000000Z;10.914;10.938;4664;4664
2026-06-08T12:23:56.0000000Z;10.914;10.938;4664;4664
2026-06-08T12:24:00.0000000Z;10.914;10.936;4664;4664
2026-06-08T12:24:30.0000000Z;10.914;10.936;4664;4664
2026-06-08T12:25:01.0000000Z;10.914;10.936;4664;4664
2026-06-08T12:25:03.0000000Z;10.914;10.938;4664;4664
2026-06-08T12:25:13.0000000Z;10.914;10.936;4664;4664
2026-06-08T12:25:35.0000000Z;10.914;10.934;4664;4664
2026-06-08T12:26:06.0000000Z;10.914;10.932;4664;4664
2026-06-08T12:26:36.0000000Z;10.914;10.932;4664;4664
2026-06-08T12:27:07.0000000Z;10.914;10.932;4664;4664
2026-06-08T12:27:21.0000000Z;10.912;10.93;4664;4664
2026-06-08T12:27:52.0000000Z;10.912;10.93;4664;4664
2026-06-08T12:28:07.0000000Z;10.912;10.932;4664;4664
2026-06-08T12:28:09.0000000Z;10.912;10.93;4664;4664
2026-06-08T12:28:40.0000000Z;10.912;10.93;4664;4664
2026-06-08T12:29:08.0000000Z;10.912;10.932;4664;4664
2026-06-08T12:29:12.0000000Z;10.912;10.93;4664;4664
2026-06-08T12:29:43.0000000Z;10.912;10.93;4664;4664
2026-06-08T12:30:13.0000000Z;10.912;10.932;4664;4664
2026-06-08T12:30:27.0000000Z;10.912;10.93;4664;4664
2026-06-08T12:30:54.0000000Z;10.912;10.93;4664;4664
2026-06-08T12:31:22.0000000Z;10.912;10.932;4664;4664
2026-06-08T12:31:28.0000000Z;10.912;10.93;4664;4664
2026-06-08T12:31:47.0000000Z;10.912;10.932;4664;4664
2026-06-08T12:31:59.0000000Z;10.912;10.934;4664;4664
2026-06-08T12:32:29.0000000Z;10.912;10.934;4664;4664
2026-06-08T12:32:39.0000000Z;10.912;10.932;4664;4664
2026-06-08T12:33:10.0000000Z;10.912;10.932;4664;4664
2026-06-08T12:33:40.0000000Z;10.912;10.932;4664;4664
2026-06-08T12:33:48.0000000Z;10.912;10.93;4664;4664
2026-06-08T12:34:02.0000000Z;10.912;10.932;4664;4664
2026-06-08T12:34:23.0000000Z;10.912;10.93;4664;4664
2026-06-08T12:34:53.0000000Z;10.912;10.928;4664;4664
2026-06-08T12:35:07.0000000Z;10.912;10.93;4664;4664
2026-06-08T12:35:14.0000000Z;10.912;10.928;4664;4664
2026-06-08T12:35:28.0000000Z;10.912;10.93;4664;4664
2026-06-08T12:35:46.0000000Z;10.912;10.928;4664;4664
2026-06-08T12:35:56.0000000Z;10.912;10.93;4664;4664
2026-06-08T12:36:27.0000000Z;10.912;10.93;4664;4664
2026-06-08T12:36:58.0000000Z;10.912;10.93;4664;4664
2026-06-08T12:37:28.0000000Z;10.912;10.928;4664;4664
2026-06-08T12:37:58.0000000Z;10.912;10.928;4664;4664
2026-06-08T12:38:29.0000000Z;10.912;10.928;4664;4664
2026-06-08T12:38:41.0000000Z;10.906;10.926;4664;4664
2026-06-08T12:38:45.0000000Z;10.9;10.926;4664;4664
2026-06-08T12:39:16.0000000Z;10.9;10.926;4664;4664
2026-06-08T12:39:28.0000000Z;10.9;10.928;4664;4664
2026-06-08T12:39:32.0000000Z;10.9;10.926;4664;4664
2026-06-08T12:40:02.0000000Z;10.9;10.922;4664;4664
2026-06-08T12:40:33.0000000Z;10.9;10.922;4664;4664
2026-06-08T12:41:03.0000000Z;10.9;10.922;4664;4664
2026-06-08T12:41:22.0000000Z;10.9;10.924;4664;4664
2026-06-08T12:41:51.0000000Z;10.9;10.924;4664;4664
2026-06-08T12:42:22.0000000Z;10.9;10.924;4664;4664
2026-06-08T12:42:24.0000000Z;10.9;10.926;4664;4664
2026-06-08T12:42:26.0000000Z;10.9;10.924;4664;4664
2026-06-08T12:42:38.0000000Z;10.9;10.928;4664;4664
2026-06-08T12:42:44.0000000Z;10.9;10.932;4664;4664
2026-06-08T12:43:15.0000000Z;10.9;10.932;4664;4664
2026-06-08T12:43:19.0000000Z;10.9;10.93;4664;4664
2026-06-08T12:43:25.0000000Z;10.9;10.928;4664;4664
2026-06-08T12:43:33.0000000Z;10.9;10.926;4664;4664
2026-06-08T12:43:48.0000000Z;10.9;10.924;4664;4664
2026-06-08T12:44:18.0000000Z;10.9;10.924;4664;4664
2026-06-08T12:44:48.0000000Z;10.9;10.924;4664;4664
2026-06-08T12:44:53.0000000Z;10.9;10.926;4664;4664
2026-06-08T12:45:23.0000000Z;10.9;10.926;4664;4664
2026-06-08T12:45:27.0000000Z;10.9;10.924;4664;4664
2026-06-08T12:45:37.0000000Z;10.9;10.926;4664;4664
2026-06-08T12:45:39.0000000Z;10.9;10.924;4664;4664
2026-06-08T12:45:50.0000000Z;10.9;10.926;4664;4664
2026-06-08T12:45:54.0000000Z;10.9;10.924;4664;4664
2026-06-08T12:46:24.0000000Z;10.9;10.924;4664;4664
2026-06-08T12:46:48.0000000Z;10.9;10.922;4664;4664
2026-06-08T12:46:58.0000000Z;10.9;10.924;4664;4664
2026-06-08T12:47:03.0000000Z;10.9;10.922;4664;4664
2026-06-08T12:47:07.0000000Z;10.9;10.92;4664;4664
2026-06-08T12:47:19.0000000Z;10.9;10.922;4664;4664
2026-06-08T12:47:25.0000000Z;10.9;10.92;4664;4664
2026-06-08T12:47:53.0000000Z;10.9;10.918;4664;4664
2026-06-08T12:48:06.0000000Z;10.9;10.92;4664;4664
2026-06-08T12:48:20.0000000Z;10.9;10.918;4664;4664
2026-06-08T12:48:24.0000000Z;10.896;10.918;4664;4664
2026-06-08T12:48:55.0000000Z;10.896;10.918;4664;4664
2026-06-08T12:49:09.0000000Z;10.896;10.92;4664;4664
2026-06-08T12:49:40.0000000Z;10.896;10.92;4664;4664
2026-06-08T12:49:58.0000000Z;10.896;10.918;4664;4664
2026-06-08T12:50:08.0000000Z;10.896;10.92;4664;4664
2026-06-08T12:50:14.0000000Z;10.896;10.918;4664;4664
2026-06-08T12:50:45.0000000Z;10.896;10.916;4664;4664
2026-06-08T12:50:55.0000000Z;10.896;10.918;4664;4664
2026-06-08T12:50:59.0000000Z;10.896;10.916;4664;4664
2026-06-08T12:51:30.0000000Z;10.896;10.916;4664;4664
2026-06-08T12:52:00.0000000Z;10.896;10.916;4664;4664
2026-06-08T12:52:02.0000000Z;10.896;10.914;4664;4664
2026-06-08T12:52:24.0000000Z;10.896;10.916;4664;4664
2026-06-08T12:52:34.0000000Z;10.896;10.914;4664;4664
2026-06-08T12:52:48.0000000Z;10.896;10.916;4664;4664
2026-06-08T12:52:52.0000000Z;10.896;10.914;4664;4664
2026-06-08T12:53:23.0000000Z;10.896;10.914;4664;4664
2026-06-08T12:53:35.0000000Z;10.896;10.916;4664;4664
2026-06-08T12:53:53.0000000Z;10.896;10.918;4664;4664
2026-06-08T12:54:24.0000000Z;10.896;10.918;4664;4664
2026-06-08T12:54:26.0000000Z;10.896;10.92;4664;4664
2026-06-08T12:54:38.0000000Z;10.896;10.922;4664;4664
2026-06-08T12:54:40.0000000Z;10.896;10.92;4664;4664
2026-06-08T12:55:11.0000000Z;10.896;10.92;4664;4664
2026-06-08T12:55:41.0000000Z;10.896;10.92;4664;4664
2026-06-08T12:56:09.0000000Z;10.896;10.922;4664;4664
2026-06-08T12:56:19.0000000Z;10.896;10.92;4664;4664
2026-06-08T12:56:21.0000000Z;10.896;10.918;4664;4664
2026-06-08T12:56:48.0000000Z;10.896;10.92;4664;4664
2026-06-08T12:57:18.0000000Z;10.896;10.92;4664;4664
2026-06-08T12:57:41.0000000Z;10.896;10.918;4664;4664
2026-06-08T12:57:57.0000000Z;10.896;10.92;4664;4664
2026-06-08T12:58:23.0000000Z;10.896;10.922;4664;4664
2026-06-08T12:58:54.0000000Z;10.9;10.93;4664;4664
2026-06-08T12:59:00.0000000Z;10.9;10.928;4664;4664
2026-06-08T12:59:14.0000000Z;10.9;10.924;4664;4664
2026-06-08T12:59:45.0000000Z;10.9;10.924;4664;4664
2026-06-08T12:59:47.0000000Z;10.9;10.922;4664;4664
2026-06-08T13:00:11.0000000Z;10.9;10.924;4664;4664
2026-06-08T13:00:25.0000000Z;10.9;10.93;4664;4664
2026-06-08T13:00:27.0000000Z;10.9;10.928;4664;4664
2026-06-08T13:00:56.0000000Z;10.906;10.928;4664;4664
2026-06-08T13:01:06.0000000Z;10.906;10.926;4664;4664
2026-06-08T13:01:12.0000000Z;10.906;10.924;4664;4664
2026-06-08T13:01:16.0000000Z;10.9;10.924;4664;4664
2026-06-08T13:01:24.0000000Z;10.9;10.922;4664;4664
2026-06-08T13:01:36.0000000Z;10.9;10.924;4664;4664
2026-06-08T13:01:48.0000000Z;10.9;10.922;4664;4664
2026-06-08T13:01:59.0000000Z;10.9;10.924;4664;4664
2026-06-08T13:02:21.0000000Z;10.9;10.922;4664;4664
2026-06-08T13:02:41.0000000Z;10.9;10.924;4664;4664
2026-06-08T13:03:06.0000000Z;10.9;10.922;4664;4664
2026-06-08T13:03:12.0000000Z;10.9;10.924;4664;4664
2026-06-08T13:03:34.0000000Z;10.9;10.926;4664;4664
2026-06-08T13:03:46.0000000Z;10.9;10.928;4664;4664
2026-06-08T13:03:50.0000000Z;10.9;10.926;4664;4664
2026-06-08T13:04:09.0000000Z;10.9;10.924;4664;4664
2026-06-08T13:04:19.0000000Z;10.9;10.926;4664;4664
2026-06-08T13:04:43.0000000Z;10.9;10.924;4664;4664
2026-06-08T13:05:06.0000000Z;10.9;10.926;4664;4664
2026-06-08T13:05:08.0000000Z;10.9;10.924;4664;4664
2026-06-08T13:05:36.0000000Z;10.9;10.922;4664;4664
2026-06-08T13:06:05.0000000Z;10.9;10.924;4664;4664
2026-06-08T13:06:13.0000000Z;10.9;10.922;4664;4664
2026-06-08T13:06:25.0000000Z;10.9;10.924;4664;4664
2026-06-08T13:06:56.0000000Z;10.9;10.924;4664;4664
2026-06-08T13:07:18.0000000Z;10.9;10.922;4664;4664
2026-06-08T13:07:48.0000000Z;10.9;10.922;4664;4664
2026-06-08T13:08:04.0000000Z;10.9;10.92;4664;4664
2026-06-08T13:08:19.0000000Z;10.9;10.922;4664;4664
2026-06-08T13:08:21.0000000Z;10.9;10.92;4664;4664
2026-06-08T13:08:51.0000000Z;10.9;10.92;4664;4664
2026-06-08T13:09:05.0000000Z;10.9;10.922;4664;4664
2026-06-08T13:09:09.0000000Z;10.9;10.924;4664;4664
2026-06-08T13:09:13.0000000Z;10.9;10.922;4664;4664
2026-06-08T13:09:24.0000000Z;10.9;10.924;4664;4664
2026-06-08T13:09:26.0000000Z;10.9;10.922;4664;4664
2026-06-08T13:09:40.0000000Z;10.9;10.924;4664;4664
2026-06-08T13:09:48.0000000Z;10.9;10.922;4664;4664
2026-06-08T13:09:50.0000000Z;10.9;10.924;4664;4664
2026-06-08T13:09:52.0000000Z;10.9;10.922;4664;4664
2026-06-08T13:10:02.0000000Z;10.9;10.92;4664;4664
2026-06-08T13:10:31.0000000Z;10.9;10.918;4664;4664
2026-06-08T13:10:43.0000000Z;10.896;10.918;4664;4664
2026-06-08T13:10:57.0000000Z;10.896;10.92;4664;4664
2026-06-08T13:11:27.0000000Z;10.896;10.92;4664;4664
2026-06-08T13:11:46.0000000Z;10.896;10.922;4664;4664
2026-06-08T13:12:08.0000000Z;10.9;10.922;4664;4664
2026-06-08T13:12:22.0000000Z;10.9;10.924;4664;4664
2026-06-08T13:12:28.0000000Z;10.9;10.922;4664;4664
2026-06-08T13:12:37.0000000Z;10.9;10.92;4664;4664
2026-06-08T13:12:47.0000000Z;10.9;10.922;4664;4664
2026-06-08T13:13:09.0000000Z;10.9;10.92;4664;4664
2026-06-08T13:13:40.0000000Z;10.9;10.92;4664;4664
2026-06-08T13:14:10.0000000Z;10.9;10.92;4664;4664
2026-06-08T13:14:41.0000000Z;10.9;10.92;4664;4664
2026-06-08T13:14:54.0000000Z;10.896;10.918;4664;4664
2026-06-08T13:15:05.0000000Z;10.896;10.92;4664;4664
2026-06-08T13:15:09.0000000Z;10.896;10.918;4664;4664
2026-06-08T13:15:19.0000000Z;10.896;10.92;4664;4664
2026-06-08T13:15:41.0000000Z;10.896;10.918;4664;4664
2026-06-08T13:15:51.0000000Z;10.896;10.92;4664;4664
2026-06-08T13:16:22.0000000Z;10.896;10.92;4664;4664
2026-06-08T13:16:29.0000000Z;10.896;10.918;4664;4664
2026-06-08T13:16:42.0000000Z;10.896;10.92;4664;4664
2026-06-08T13:16:46.0000000Z;10.896;10.918;4664;4664
2026-06-08T13:17:02.0000000Z;10.896;10.92;4664;4664
2026-06-08T13:17:12.0000000Z;10.896;10.918;4664;4664
2026-06-08T13:17:42.0000000Z;10.896;10.918;4664;4664
2026-06-08T13:17:55.0000000Z;10.896;10.92;4664;4664
2026-06-08T13:17:57.0000000Z;10.896;10.918;4664;4664
2026-06-08T13:18:17.0000000Z;10.896;10.92;4664;4664
2026-06-08T13:18:48.0000000Z;10.896;10.92;4664;4664
2026-06-08T13:18:52.0000000Z;10.896;10.918;4664;4664
2026-06-08T13:19:22.0000000Z;10.896;10.916;4664;4664
2026-06-08T13:19:35.0000000Z;10.896;10.918;4664;4664
2026-06-08T13:20:05.0000000Z;10.896;10.918;4664;4664
2026-06-08T13:20:14.0000000Z;10.896;10.92;4664;4664
2026-06-08T13:20:22.0000000Z;10.896;10.922;4664;4664
2026-06-08T13:20:24.0000000Z;10.896;10.92;4664;4664
2026-06-08T13:20:36.0000000Z;10.896;10.924;4664;4664
2026-06-08T13:20:44.0000000Z;10.9;10.924;4664;4664
2026-06-08T13:20:51.0000000Z;10.9;10.926;4664;4664
2026-06-08T13:21:13.0000000Z;10.9;10.928;4664;4664
2026-06-08T13:21:17.0000000Z;10.9;10.926;4664;4664
2026-06-08T13:21:27.0000000Z;10.9;10.928;4664;4664
2026-06-08T13:21:58.0000000Z;10.9;10.928;4664;4664
2026-06-08T13:22:10.0000000Z;10.9;10.93;4664;4664
2026-06-08T13:22:20.0000000Z;10.906;10.93;4664;4664
2026-06-08T13:22:51.0000000Z;10.906;10.93;4664;4664
2026-06-08T13:22:58.0000000Z;10.906;10.932;4664;4664
2026-06-08T13:23:01.0000000Z;10.906;10.93;4664;4664
2026-06-08T13:23:15.0000000Z;10.906;10.928;4664;4664
2026-06-08T13:23:25.0000000Z;10.906;10.93;4664;4664
2026-06-08T13:23:31.0000000Z;10.906;10.928;4664;4664
2026-06-08T13:23:41.0000000Z;10.906;10.926;4664;4664
2026-06-08T13:24:12.0000000Z;10.906;10.926;4664;4664
2026-06-08T13:24:22.0000000Z;10.9;10.926;4664;4664
2026-06-08T13:24:24.0000000Z;10.9;10.924;4664;4664
2026-06-08T13:24:55.0000000Z;10.9;10.924;4664;4664
2026-06-08T13:25:05.0000000Z;10.9;10.922;4664;4664
2026-06-08T13:25:35.0000000Z;10.9;10.922;4664;4664
2026-06-08T13:25:54.0000000Z;10.9;10.924;4664;4664
2026-06-08T13:25:56.0000000Z;10.9;10.922;4664;4664
2026-06-08T13:26:22.0000000Z;10.9;10.92;4664;4664
2026-06-08T13:26:38.0000000Z;10.9;10.918;4664;4664
2026-06-08T13:26:51.0000000Z;10.9;10.92;4664;4664
2026-06-08T13:26:53.0000000Z;10.9;10.918;4664;4664
2026-06-08T13:27:05.0000000Z;10.9;10.92;4664;4664
2026-06-08T13:27:13.0000000Z;10.9;10.918;4664;4664
2026-06-08T13:27:15.0000000Z;10.896;10.918;4664;4664
2026-06-08T13:27:46.0000000Z;10.896;10.918;4664;4664
2026-06-08T13:27:55.0000000Z;10.896;10.92;4664;4664
2026-06-08T13:28:04.0000000Z;10.894;10.92;4664;4664
2026-06-08T13:28:28.0000000Z;10.894;10.922;4664;4664
2026-06-08T13:28:59.0000000Z;10.894;10.922;4664;4664
2026-06-08T13:29:05.0000000Z;10.894;10.92;4664;4664
2026-06-08T13:29:27.0000000Z;10.894;10.922;4664;4664
2026-06-08T13:29:35.0000000Z;10.894;10.92;4664;4664
2026-06-08T13:30:06.0000000Z;10.894;10.922;4664;4664
2026-06-08T13:30:36.0000000Z;10.894;10.922;4664;4664
2026-06-08T13:30:54.0000000Z;10.894;10.926;4664;4664
2026-06-08T13:31:10.0000000Z;10.894;10.924;4664;4664
2026-06-08T13:31:23.0000000Z;10.894;10.922;4664;4664
2026-06-08T13:31:41.0000000Z;10.894;10.924;4664;4664
2026-06-08T13:31:51.0000000Z;10.894;10.928;4664;4664
2026-06-08T13:32:03.0000000Z;10.894;10.926;4664;4664
2026-06-08T13:32:13.0000000Z;10.894;10.93;4664;4664
2026-06-08T13:32:32.0000000Z;10.894;10.928;4664;4664
2026-06-08T13:32:42.0000000Z;10.894;10.926;4664;4664
2026-06-08T13:33:00.0000000Z;10.894;10.928;4664;4664
2026-06-08T13:33:10.0000000Z;10.896;10.924;4664;4664
2026-06-08T13:33:16.0000000Z;10.9;10.924;4664;4664
2026-06-08T13:33:45.0000000Z;10.9;10.926;4664;4664
2026-06-08T13:34:11.0000000Z;10.9;10.922;4664;4664
2026-06-08T13:34:15.0000000Z;10.9;10.92;4664;4664
2026-06-08T13:34:29.0000000Z;10.9;10.918;4664;4664
2026-06-08T13:34:35.0000000Z;10.896;10.918;4664;4664
2026-06-08T13:34:50.0000000Z;10.896;10.92;4664;4664
2026-06-08T13:34:56.0000000Z;10.896;10.918;4664;4664
2026-06-08T13:35:06.0000000Z;10.896;10.916;4664;4664
2026-06-08T13:35:37.0000000Z;10.896;10.916;4664;4664
2026-06-08T13:35:45.0000000Z;10.896;10.918;4664;4664
2026-06-08T13:35:53.0000000Z;10.896;10.92;4664;4664
2026-06-08T13:36:05.0000000Z;10.896;10.924;4664;4664
2026-06-08T13:36:07.0000000Z;10.9;10.924;4664;4664
2026-06-08T13:36:13.0000000Z;10.9;10.922;4664;4664
2026-06-08T13:36:33.0000000Z;10.9;10.924;4664;4664
2026-06-08T13:36:44.0000000Z;10.9;10.926;4664;4664
2026-06-08T13:36:45.0000000Z;10.9;10.924;4664;4664
2026-06-08T13:36:56.0000000Z;10.9;10.928;4664;4664
2026-06-08T13:37:08.0000000Z;10.9;10.926;4664;4664
2026-06-08T13:37:26.0000000Z;10.9;10.924;4664;4664
2026-06-08T13:37:38.0000000Z;10.9;10.926;4664;4664
2026-06-08T13:37:42.0000000Z;10.9;10.928;4664;4664
2026-06-08T13:38:12.0000000Z;10.9;10.928;4664;4664
2026-06-08T13:38:19.0000000Z;10.9;10.93;4664;4664
2026-06-08T13:38:37.0000000Z;10.9;10.928;4664;4664
2026-06-08T13:38:41.0000000Z;10.9;10.926;4664;4664
2026-06-08T13:39:12.0000000Z;10.9;10.926;4664;4664
2026-06-08T13:39:20.0000000Z;10.9;10.924;4664;4664
2026-06-08T13:39:30.0000000Z;10.9;10.926;4664;4664
2026-06-08T13:39:38.0000000Z;10.9;10.924;4664;4664
2026-06-08T13:40:04.0000000Z;10.9;10.926;4664;4664
2026-06-08T13:40:19.0000000Z;10.9;10.928;4664;4664
2026-06-08T13:40:33.0000000Z;10.9;10.926;4664;4664
2026-06-08T13:40:53.0000000Z;10.9;10.924;4664;4664
2026-06-08T13:41:01.0000000Z;10.9;10.922;4664;4664
2026-06-08T13:41:13.0000000Z;10.9;10.92;4664;4664
2026-06-08T13:41:23.0000000Z;10.9;10.922;4664;4664
2026-06-08T13:41:25.0000000Z;10.9;10.92;4664;4664
2026-06-08T13:41:36.0000000Z;10.9;10.922;4664;4664
2026-06-08T13:41:46.0000000Z;10.9;10.924;4664;4664
2026-06-08T13:41:50.0000000Z;10.9;10.922;4664;4664
2026-06-08T13:42:20.0000000Z;10.9;10.922;4664;4664
2026-06-08T13:42:36.0000000Z;10.9;10.92;4664;4664
2026-06-08T13:43:07.0000000Z;10.9;10.92;4664;4664
2026-06-08T13:43:13.0000000Z;10.9;10.918;4664;4664
2026-06-08T13:43:23.0000000Z;10.9;10.92;4664;4664
2026-06-08T13:43:25.0000000Z;10.9;10.918;4664;4664
2026-06-08T13:43:56.0000000Z;10.9;10.918;4664;4664
2026-06-08T13:44:10.0000000Z;10.9;10.916;4664;4664
2026-06-08T13:44:36.0000000Z;10.9;10.918;4664;4664
2026-06-08T13:44:38.0000000Z;10.9;10.916;4664;4664
2026-06-08T13:44:59.0000000Z;10.9;10.918;4664;4664
2026-06-08T13:45:13.0000000Z;10.9;10.916;4664;4664
2026-06-08T13:45:17.0000000Z;10.9;10.918;4664;4664
2026-06-08T13:45:25.0000000Z;10.9;10.92;4664;4664
2026-06-08T13:45:27.0000000Z;10.9;10.918;4664;4664
2026-06-08T13:45:43.0000000Z;10.9;10.92;4664;4664
2026-06-08T13:45:45.0000000Z;10.9;10.918;4664;4664
2026-06-08T13:45:55.0000000Z;10.9;10.92;4664;4664
2026-06-08T13:45:57.0000000Z;10.9;10.918;4664;4664
2026-06-08T13:46:07.0000000Z;10.9;10.92;4664;4664
2026-06-08T13:46:38.0000000Z;10.9;10.92;4664;4664
2026-06-08T13:46:42.0000000Z;10.9;10.918;4664;4664
2026-06-08T13:46:52.0000000Z;10.9;10.92;4664;4664
2026-06-08T13:46:56.0000000Z;10.9;10.918;4664;4664
2026-06-08T13:47:24.0000000Z;10.9;10.92;4664;4664
2026-06-08T13:47:54.0000000Z;10.9;10.92;4664;4664
2026-06-08T13:47:57.0000000Z;10.9;10.922;4664;4664
2026-06-08T13:48:07.0000000Z;10.9;10.92;4664;4664
2026-06-08T13:48:17.0000000Z;10.9;10.922;4664;4664
2026-06-08T13:48:25.0000000Z;10.896;10.922;4664;4664
2026-06-08T13:48:27.0000000Z;10.896;10.924;4664;4664
2026-06-08T13:48:42.0000000Z;10.896;10.922;4664;4664
2026-06-08T13:49:10.0000000Z;10.9;10.92;4664;4664
2026-06-08T13:49:28.0000000Z;10.9;10.924;4664;4664
2026-06-08T13:49:59.0000000Z;10.9;10.922;4664;4664
2026-06-08T13:50:30.0000000Z;10.9;10.922;4664;4664
2026-06-08T13:50:33.0000000Z;10.9;10.92;4664;4664
2026-06-08T13:50:40.0000000Z;10.9;10.922;4664;4664
2026-06-08T13:50:47.0000000Z;10.9;10.924;4664;4664
2026-06-08T13:50:58.0000000Z;10.896;10.92;4664;4664
2026-06-08T13:51:00.0000000Z;10.896;10.918;4664;4664
2026-06-08T13:51:10.0000000Z;10.896;10.92;4664;4664
2026-06-08T13:51:20.0000000Z;10.896;10.922;4664;4664
2026-06-08T13:51:22.0000000Z;10.896;10.92;4664;4664
2026-06-08T13:51:34.0000000Z;10.896;10.922;4664;4664
2026-06-08T13:51:46.0000000Z;10.896;10.924;4664;4664
2026-06-08T13:51:52.0000000Z;10.9;10.924;4664;4664
2026-06-08T13:51:56.0000000Z;10.9;10.922;4664;4664
2026-06-08T13:52:18.0000000Z;10.9;10.924;4664;4664
2026-06-08T13:52:49.0000000Z;10.9;10.928;4664;4664
2026-06-08T13:53:20.0000000Z;10.9;10.928;4664;4664
2026-06-08T13:53:21.0000000Z;10.9;10.93;4664;4664
2026-06-08T13:53:42.0000000Z;10.9;10.932;4664;4664
2026-06-08T13:53:48.0000000Z;10.9;10.93;4664;4664
2026-06-08T13:53:54.0000000Z;10.9;10.928;4664;4664
2026-06-08T13:54:04.0000000Z;10.9;10.93;4664;4664
2026-06-08T13:54:08.0000000Z;10.9;10.928;4664;4664
2026-06-08T13:54:26.0000000Z;10.906;10.926;4664;4664
2026-06-08T13:54:33.0000000Z;10.906;10.928;4664;4664
2026-06-08T13:54:35.0000000Z;10.906;10.926;4664;4664
2026-06-08T13:54:37.0000000Z;10.906;10.924;4664;4664
2026-06-08T13:54:49.0000000Z;10.906;10.926;4664;4664
2026-06-08T13:55:07.0000000Z;10.906;10.928;4664;4664
2026-06-08T13:55:17.0000000Z;10.906;10.93;4664;4664
2026-06-08T13:55:27.0000000Z;10.906;10.932;4664;4664
2026-06-08T13:55:36.0000000Z;10.906;10.93;4664;4664
2026-06-08T13:55:56.0000000Z;10.906;10.928;4664;4664
2026-06-08T13:56:27.0000000Z;10.906;10.928;4664;4664
2026-06-08T13:56:36.0000000Z;10.906;10.93;4664;4664
2026-06-08T13:56:57.0000000Z;10.906;10.932;4664;4664
2026-06-08T13:57:13.0000000Z;10.906;10.934;4664;4664
2026-06-08T13:57:15.0000000Z;10.906;10.932;4664;4664
2026-06-08T13:57:23.0000000Z;10.906;10.936;4664;4664
2026-06-08T13:57:25.0000000Z;10.906;10.934;4664;4664
2026-06-08T13:57:33.0000000Z;10.906;10.932;4664;4664
2026-06-08T13:57:39.0000000Z;10.906;10.93;4664;4664
2026-06-08T13:57:46.0000000Z;10.906;10.928;4664;4664
2026-06-08T13:57:52.0000000Z;10.906;10.93;4664;4664
2026-06-08T13:57:54.0000000Z;10.906;10.928;4664;4664
2026-06-08T13:58:02.0000000Z;10.906;10.93;4664;4664
2026-06-08T13:58:04.0000000Z;10.906;10.928;4664;4664
2026-06-08T13:58:34.0000000Z;10.906;10.928;4664;4664
2026-06-08T13:58:38.0000000Z;10.906;10.926;4664;4664
2026-06-08T13:58:50.0000000Z;10.906;10.928;4664;4664
2026-06-08T13:59:01.0000000Z;10.906;10.93;4664;4664
2026-06-08T13:59:19.0000000Z;10.906;10.928;4664;4664
2026-06-08T13:59:33.0000000Z;10.906;10.93;4664;4664
2026-06-08T13:59:39.0000000Z;10.898;10.928;4664;4664
2026-06-08T13:59:45.0000000Z;10.898;10.93;4664;4664
2026-06-08T13:59:47.0000000Z;10.898;10.928;4664;4664
2026-06-08T14:00:18.0000000Z;10.898;10.928;4664;4664
2026-06-08T14:00:28.0000000Z;10.898;10.93;4664;4664
2026-06-08T14:00:57.0000000Z;10.898;10.928;4664;4664
2026-06-08T14:01:05.0000000Z;10.896;10.928;4664;4664
2026-06-08T14:01:35.0000000Z;10.896;10.928;4664;4664
2026-06-08T14:01:39.0000000Z;10.896;10.93;4664;4664
2026-06-08T14:01:49.0000000Z;10.896;10.932;4664;4664
2026-06-08T14:01:51.0000000Z;10.898;10.932;4664;4664
2026-06-08T14:01:57.0000000Z;10.9;10.932;4664;4664
2026-06-08T14:02:07.0000000Z;10.896;10.936;4664;4664
2026-06-08T14:02:13.0000000Z;10.896;10.934;4664;4664
2026-06-08T14:02:18.0000000Z;10.9;10.934;4664;4664
2026-06-08T14:02:24.0000000Z;10.9;10.936;4664;4664
2026-06-08T14:02:26.0000000Z;10.9;10.934;4664;4664
2026-06-08T14:02:32.0000000Z;10.898;10.932;4664;4664
2026-06-08T14:02:36.0000000Z;10.9;10.932;4664;4664
2026-06-08T14:02:38.0000000Z;10.9;10.934;4664;4664
2026-06-08T14:02:40.0000000Z;10.9;10.932;4664;4664
2026-06-08T14:02:42.0000000Z;10.908;10.932;4664;4664
2026-06-08T14:02:48.0000000Z;10.908;10.93;4664;4664
2026-06-08T14:03:06.0000000Z;10.908;10.928;4664;4664
2026-06-08T14:03:27.0000000Z;10.908;10.932;4664;4664
2026-06-08T14:03:29.0000000Z;10.908;10.93;4664;4664
2026-06-08T14:03:39.0000000Z;10.908;10.934;4664;4664
2026-06-08T14:03:53.0000000Z;10.908;10.932;4664;4664
2026-06-08T14:04:15.0000000Z;10.908;10.93;4664;4664
2026-06-08T14:04:46.0000000Z;10.908;10.93;4664;4664
2026-06-08T14:05:16.0000000Z;10.908;10.928;4664;4664
2026-06-08T14:05:32.0000000Z;10.908;10.93;4664;4664
2026-06-08T14:05:42.0000000Z;10.908;10.932;4664;4664
2026-06-08T14:05:48.0000000Z;10.908;10.93;4664;4664
2026-06-08T14:06:04.0000000Z;10.908;10.928;4664;4664
2026-06-08T14:06:15.0000000Z;10.908;10.932;4664;4664
2026-06-08T14:06:25.0000000Z;10.908;10.93;4664;4664
2026-06-08T14:06:29.0000000Z;10.908;10.932;4664;4664
2026-06-08T14:06:31.0000000Z;10.908;10.93;4664;4664
2026-06-08T14:06:56.0000000Z;10.908;10.932;4664;4664
2026-06-08T14:07:06.0000000Z;10.908;10.934;4664;4664
2026-06-08T14:07:14.0000000Z;10.908;10.932;4664;4664
2026-06-08T14:07:36.0000000Z;10.908;10.93;4664;4664
2026-06-08T14:08:07.0000000Z;10.908;10.93;4664;4664
2026-06-08T14:08:23.0000000Z;10.908;10.928;4664;4664
2026-06-08T14:08:33.0000000Z;10.908;10.93;4664;4664
2026-06-08T14:09:04.0000000Z;10.908;10.93;4664;4664
2026-06-08T14:09:20.0000000Z;10.908;10.928;4664;4664
2026-06-08T14:09:41.0000000Z;10.908;10.926;4664;4664
2026-06-08T14:10:01.0000000Z;10.902;10.926;4664;4664
2026-06-08T14:10:07.0000000Z;10.902;10.924;4664;4664
2026-06-08T14:10:17.0000000Z;10.902;10.926;4664;4664
2026-06-08T14:10:19.0000000Z;10.902;10.924;4664;4664
2026-06-08T14:10:50.0000000Z;10.902;10.924;4664;4664
2026-06-08T14:10:54.0000000Z;10.902;10.92;4664;4664
2026-06-08T14:11:04.0000000Z;10.902;10.924;4664;4664
2026-06-08T14:11:12.0000000Z;10.902;10.922;4664;4664
2026-06-08T14:11:22.0000000Z;10.902;10.92;4664;4664
2026-06-08T14:11:32.0000000Z;10.902;10.924;4664;4664
2026-06-08T14:12:03.0000000Z;10.902;10.924;4664;4664
2026-06-08T14:12:05.0000000Z;10.902;10.922;4664;4664
2026-06-08T14:12:36.0000000Z;10.902;10.922;4664;4664
2026-06-08T14:12:37.0000000Z;10.902;10.92;4664;4664
2026-06-08T14:12:47.0000000Z;10.896;10.92;4664;4664
2026-06-08T14:13:06.0000000Z;10.896;10.918;4664;4664
2026-06-08T14:13:20.0000000Z;10.896;10.916;4664;4664
2026-06-08T14:13:44.0000000Z;10.896;10.918;4664;4664
2026-06-08T14:14:15.0000000Z;10.896;10.918;4664;4664
2026-06-08T14:14:19.0000000Z;10.896;10.92;4664;4664
2026-06-08T14:14:21.0000000Z;10.896;10.918;4664;4664
2026-06-08T14:14:25.0000000Z;10.896;10.916;4664;4664
2026-06-08T14:14:55.0000000Z;10.896;10.916;4664;4664
2026-06-08T14:15:01.0000000Z;10.896;10.918;4664;4664
2026-06-08T14:15:25.0000000Z;10.896;10.916;4664;4664
2026-06-08T14:15:42.0000000Z;10.896;10.914;4664;4664
2026-06-08T14:15:52.0000000Z;10.896;10.912;4664;4664
2026-06-08T14:16:12.0000000Z;10.896;10.914;4664;4664
2026-06-08T14:16:42.0000000Z;10.896;10.914;4664;4664
2026-06-08T14:16:49.0000000Z;10.896;10.916;4664;4664
2026-06-08T14:16:51.0000000Z;10.896;10.914;4664;4664
2026-06-08T14:17:01.0000000Z;10.896;10.916;4664;4664
2026-06-08T14:17:03.0000000Z;10.896;10.914;4664;4664
2026-06-08T14:17:33.0000000Z;10.896;10.914;4664;4664
2026-06-08T14:17:39.0000000Z;10.896;10.916;4664;4664
2026-06-08T14:18:02.0000000Z;10.896;10.914;4664;4664
2026-06-08T14:18:32.0000000Z;10.896;10.914;4664;4664
2026-06-08T14:18:37.0000000Z;10.896;10.912;4664;4664
2026-06-08T14:19:01.0000000Z;10.896;10.91;4664;4664
2026-06-08T14:19:09.0000000Z;10.89;10.91;4664;4664
2026-06-08T14:19:11.0000000Z;10.89;10.908;4664;4664
2026-06-08T14:19:41.0000000Z;10.89;10.908;4664;4664
2026-06-08T14:19:53.0000000Z;10.884;10.908;4664;4664
2026-06-08T14:20:00.0000000Z;10.884;10.906;4664;4664
2026-06-08T14:20:12.0000000Z;10.884;10.91;4664;4664
2026-06-08T14:20:18.0000000Z;10.884;10.908;4664;4664
2026-06-08T14:20:26.0000000Z;10.884;10.91;4664;4664
2026-06-08T14:20:34.0000000Z;10.884;10.908;4664;4664
2026-06-08T14:20:55.0000000Z;10.884;10.904;4664;4664
2026-06-08T14:21:11.0000000Z;10.884;10.906;4664;4664
2026-06-08T14:21:15.0000000Z;10.884;10.904;4664;4664
2026-06-08T14:21:35.0000000Z;10.884;10.908;4664;4664
2026-06-08T14:21:45.0000000Z;10.884;10.906;4664;4664
2026-06-08T14:22:16.0000000Z;10.884;10.906;4664;4664
2026-06-08T14:22:46.0000000Z;10.884;10.906;4664;4664
2026-06-08T14:23:13.0000000Z;10.884;10.908;4664;4664
2026-06-08T14:23:35.0000000Z;10.884;10.91;4664;4664
2026-06-08T14:23:37.0000000Z;10.884;10.908;4664;4664
2026-06-08T14:23:49.0000000Z;10.884;10.906;4664;4664
2026-06-08T14:24:20.0000000Z;10.884;10.908;4664;4664
2026-06-08T14:24:32.0000000Z;10.884;10.906;4664;4664
2026-06-08T14:25:03.0000000Z;10.884;10.906;4664;4664
2026-06-08T14:25:15.0000000Z;10.884;10.908;4664;4664
2026-06-08T14:25:19.0000000Z;10.884;10.906;4664;4664
2026-06-08T14:25:46.0000000Z;10.884;10.908;4664;4664
2026-06-08T14:26:16.0000000Z;10.884;10.908;4664;4664
2026-06-08T14:26:20.0000000Z;10.884;10.91;4664;4664
2026-06-08T14:26:32.0000000Z;10.884;10.912;4664;4664
2026-06-08T14:26:34.0000000Z;10.884;10.91;4664;4664
2026-06-08T14:26:46.0000000Z;10.884;10.906;4664;4664
2026-06-08T14:26:56.0000000Z;10.884;10.908;4664;4664
2026-06-08T14:27:27.0000000Z;10.884;10.906;4664;4664
2026-06-08T14:27:37.0000000Z;10.884;10.908;4664;4664
2026-06-08T14:27:39.0000000Z;10.884;10.906;4664;4664
2026-06-08T14:27:53.0000000Z;10.884;10.904;4664;4664
2026-06-08T14:28:06.0000000Z;10.884;10.902;4664;4664
2026-06-08T14:28:14.0000000Z;10.884;10.904;4664;4664
2026-06-08T14:28:16.0000000Z;10.884;10.902;4664;4664
2026-06-08T14:28:26.0000000Z;10.88;10.902;4664;4664
2026-06-08T14:28:56.0000000Z;10.88;10.902;4664;4664
2026-06-08T14:29:23.0000000Z;10.88;10.904;4664;4664
2026-06-08T14:29:45.0000000Z;10.88;10.902;4664;4664
2026-06-08T14:30:16.0000000Z;10.88;10.902;4664;4664
2026-06-08T14:30:17.0000000Z;10.88;10.9;4664;4664
2026-06-08T14:30:44.0000000Z;10.88;10.902;4664;4664
2026-06-08T14:30:46.0000000Z;10.88;10.9;4664;4664
2026-06-08T14:31:08.0000000Z;10.88;10.902;4664;4664
2026-06-08T14:31:37.0000000Z;10.88;10.902;4664;4664
2026-06-08T14:31:39.0000000Z;10.88;10.904;4664;4664
2026-06-08T14:32:10.0000000Z;10.88;10.904;4664;4664
2026-06-08T14:32:22.0000000Z;10.88;10.906;4664;4664
2026-06-08T14:32:52.0000000Z;10.88;10.906;4664;4664
2026-06-08T14:33:16.0000000Z;10.88;10.904;4664;4664
2026-06-08T14:33:22.0000000Z;10.88;10.906;4664;4664
2026-06-08T14:33:24.0000000Z;10.88;10.904;4664;4664
2026-06-08T14:33:34.0000000Z;10.88;10.906;4664;4664
2026-06-08T14:33:38.0000000Z;10.88;10.904;4664;4664
2026-06-08T14:34:09.0000000Z;10.88;10.904;4664;4664
2026-06-08T14:34:39.0000000Z;10.88;10.904;4664;4664
2026-06-08T14:34:47.0000000Z;10.88;10.906;4664;4664
2026-06-08T14:35:12.0000000Z;10.88;10.904;4664;4664
2026-06-08T14:35:20.0000000Z;10.88;10.908;4664;4664
2026-06-08T14:35:22.0000000Z;10.88;10.906;4664;4664
2026-06-08T14:35:30.0000000Z;10.886;10.91;4664;4664
2026-06-08T14:35:54.0000000Z;10.886;10.912;4664;4664
2026-06-08T14:36:04.0000000Z;10.886;10.914;4664;4664
2026-06-08T14:36:21.0000000Z;10.886;10.912;4664;4664
2026-06-08T14:36:23.0000000Z;10.892;10.916;4664;4664
2026-06-08T14:36:33.0000000Z;10.892;10.918;4664;4664
2026-06-08T14:36:43.0000000Z;10.892;10.92;4664;4664
2026-06-08T14:36:45.0000000Z;10.892;10.918;4664;4664
2026-06-08T14:37:06.0000000Z;10.892;10.916;4664;4664
2026-06-08T14:37:26.0000000Z;10.892;10.914;4664;4664
2026-06-08T14:37:30.0000000Z;10.892;10.912;4664;4664
2026-06-08T14:38:00.0000000Z;10.892;10.912;4664;4664
2026-06-08T14:38:03.0000000Z;10.892;10.914;4664;4664
2026-06-08T14:38:33.0000000Z;10.892;10.916;4664;4664
2026-06-08T14:39:00.0000000Z;10.892;10.918;4664;4664
2026-06-08T14:39:20.0000000Z;10.892;10.916;4664;4664
2026-06-08T14:39:34.0000000Z;10.892;10.918;4664;4664
2026-06-08T14:39:44.0000000Z;10.892;10.92;4664;4664
2026-06-08T14:39:48.0000000Z;10.892;10.914;4664;4664
2026-06-08T14:39:51.0000000Z;10.892;10.912;4664;4664
2026-06-08T14:39:54.0000000Z;10.892;10.916;4664;4664
2026-06-08T14:39:57.0000000Z;10.892;10.92;4664;4664
2026-06-08T14:40:09.0000000Z;10.892;10.918;4664;4664
2026-06-08T14:40:25.0000000Z;10.892;10.916;4664;4664
2026-06-08T14:40:35.0000000Z;10.892;10.918;4664;4664
2026-06-08T14:40:45.0000000Z;10.892;10.92;4664;4664
2026-06-08T14:40:51.0000000Z;10.892;10.918;4664;4664
2026-06-08T14:40:53.0000000Z;10.892;10.916;4664;4664
2026-06-08T14:41:04.0000000Z;10.892;10.918;4664;4664
2026-06-08T14:41:20.0000000Z;10.892;10.916;4664;4664
2026-06-08T14:41:34.0000000Z;10.892;10.914;4664;4664
2026-06-08T14:41:38.0000000Z;10.892;10.916;4664;4664
2026-06-08T14:41:42.0000000Z;10.892;10.914;4664;4664
2026-06-08T14:42:11.0000000Z;10.892;10.912;4664;4664
2026-06-08T14:42:33.0000000Z;10.892;10.914;4664;4664
2026-06-08T14:42:47.0000000Z;10.892;10.916;4664;4664
2026-06-08T14:42:54.0000000Z;10.892;10.914;4664;4664
2026-06-08T14:43:04.0000000Z;10.892;10.916;4664;4664
2026-06-08T14:43:14.0000000Z;10.892;10.914;4664;4664
2026-06-08T14:43:28.0000000Z;10.892;10.916;4664;4664
2026-06-08T14:43:32.0000000Z;10.892;10.914;4664;4664
2026-06-08T14:43:44.0000000Z;10.892;10.916;4664;4664
2026-06-08T14:43:46.0000000Z;10.892;10.914;4664;4664
2026-06-08T14:44:13.0000000Z;10.892;10.918;4664;4664
2026-06-08T14:44:27.0000000Z;10.892;10.92;4664;4664
2026-06-08T14:44:48.0000000Z;10.892;10.922;4664;4664
2026-06-08T14:44:52.0000000Z;10.898;10.922;4664;4664
2026-06-08T14:44:58.0000000Z;10.898;10.92;4664;4664
2026-06-08T14:45:06.0000000Z;10.898;10.922;4664;4664
2026-06-08T14:45:18.0000000Z;10.898;10.926;4664;4664
2026-06-08T14:45:30.0000000Z;10.898;10.928;4664;4664
2026-06-08T14:45:36.0000000Z;10.904;10.928;4664;4664
2026-06-08T14:45:47.0000000Z;10.904;10.926;4664;4664
2026-06-08T14:46:17.0000000Z;10.904;10.926;4664;4664
2026-06-08T14:46:39.0000000Z;10.904;10.928;4664;4664
2026-06-08T14:46:47.0000000Z;10.904;10.932;4664;4664
2026-06-08T14:47:04.0000000Z;10.904;10.928;4664;4664
2026-06-08T14:47:35.0000000Z;10.904;10.928;4664;4664
2026-06-08T14:47:38.0000000Z;10.904;10.93;4664;4664
2026-06-08T14:47:43.0000000Z;10.904;10.928;4664;4664
2026-06-08T14:47:51.0000000Z;10.904;10.936;4664;4664
2026-06-08T14:47:55.0000000Z;10.904;10.934;4664;4664
2026-06-08T14:47:59.0000000Z;10.904;10.932;4664;4664
2026-06-08T14:48:30.0000000Z;10.904;10.932;4664;4664
2026-06-08T14:48:33.0000000Z;10.904;10.926;4664;4664
2026-06-08T14:48:58.0000000Z;10.904;10.928;4664;4664
2026-06-08T14:49:00.0000000Z;10.904;10.926;4664;4664
2026-06-08T14:49:10.0000000Z;10.904;10.928;4664;4664
2026-06-08T14:49:20.0000000Z;10.904;10.926;4664;4664
2026-06-08T14:49:22.0000000Z;10.904;10.928;4664;4664
2026-06-08T14:49:24.0000000Z;10.904;10.926;4664;4664
2026-06-08T14:49:43.0000000Z;10.904;10.924;4664;4664
2026-06-08T14:50:07.0000000Z;10.904;10.926;4664;4664
2026-06-08T14:50:23.0000000Z;10.904;10.924;4664;4664
2026-06-08T14:50:34.0000000Z;10.904;10.926;4664;4664
2026-06-08T14:50:38.0000000Z;10.904;10.924;4664;4664
2026-06-08T14:51:00.0000000Z;10.904;10.926;4664;4664
2026-06-08T14:51:15.0000000Z;10.904;10.928;4664;4664
2026-06-08T14:51:17.0000000Z;10.904;10.926;4664;4664
2026-06-08T14:51:27.0000000Z;10.904;10.928;4664;4664
2026-06-08T14:51:57.0000000Z;10.904;10.928;4664;4664
2026-06-08T14:52:28.0000000Z;10.904;10.928;4664;4664
2026-06-08T14:52:38.0000000Z;10.904;10.93;4664;4664
2026-06-08T14:53:08.0000000Z;10.904;10.93;4664;4664
2026-06-08T14:53:39.0000000Z;10.904;10.93;4664;4664
2026-06-08T14:53:45.0000000Z;10.904;10.932;4664;4664
2026-06-08T14:54:16.0000000Z;10.904;10.932;4664;4664
2026-06-08T14:54:22.0000000Z;10.904;10.93;4664;4664
2026-06-08T14:54:32.0000000Z;10.904;10.932;4664;4664
2026-06-08T14:54:40.0000000Z;10.91;10.932;4664;4664
2026-06-08T14:55:11.0000000Z;10.91;10.934;4664;4664
2026-06-08T14:55:13.0000000Z;10.91;10.932;4664;4664
2026-06-08T14:55:27.0000000Z;10.91;10.934;4664;4664
2026-06-08T14:55:57.0000000Z;10.91;10.934;4664;4664
2026-06-08T14:56:28.0000000Z;10.91;10.934;4664;4664
2026-06-08T14:56:38.0000000Z;10.91;10.932;4664;4664
2026-06-08T14:56:48.0000000Z;10.91;10.934;4664;4664
2026-06-08T14:57:19.0000000Z;10.91;10.934;4664;4664
2026-06-08T14:57:40.0000000Z;10.91;10.936;4664;4664
2026-06-08T14:58:11.0000000Z;10.91;10.936;4664;4664
2026-06-08T14:58:41.0000000Z;10.91;10.936;4664;4664
2026-06-08T14:59:02.0000000Z;10.912;10.94;4664;4664
2026-06-08T14:59:18.0000000Z;10.912;10.938;4664;4664
2026-06-08T14:59:48.0000000Z;10.912;10.938;4664;4664
2026-06-08T14:59:55.0000000Z;10.912;10.94;4664;4664
2026-06-08T14:59:57.0000000Z;10.912;10.942;4664;4664
