2026-06-08T08:00:20.0000000Z;169.575;169.765;296;296
2026-06-08T08:00:50.0000000Z;169.575;169.765;296;296
2026-06-08T08:00:59.0000000Z;169.575;169.755;296;296
2026-06-08T08:01:30.0000000Z;169.575;169.755;296;296
2026-06-08T08:01:44.0000000Z;169.575;169.76;296;296
2026-06-08T08:02:11.0000000Z;169.575;169.75;296;296
2026-06-08T08:02:41.0000000Z;169.575;169.75;296;296
2026-06-08T08:03:08.0000000Z;169.575;169.74;296;296
2026-06-08T08:03:38.0000000Z;169.575;169.74;296;296
2026-06-08T08:04:08.0000000Z;169.575;169.74;296;296
2026-06-08T08:04:20.0000000Z;169.575;169.765;296;296
2026-06-08T08:04:31.0000000Z;169.575;169.755;296;296
2026-06-08T08:05:02.0000000Z;169.575;169.755;296;296
2026-06-08T08:05:32.0000000Z;169.575;169.755;296;296
2026-06-08T08:06:03.0000000Z;169.575;169.755;296;296
2026-06-08T08:06:34.0000000Z;169.575;169.755;296;296
2026-06-08T08:07:04.0000000Z;169.575;169.755;296;296
2026-06-08T08:07:35.0000000Z;169.575;169.755;296;296
2026-06-08T08:08:05.0000000Z;169.575;169.755;296;296
2026-06-08T08:08:36.0000000Z;169.575;169.755;296;296
2026-06-08T08:09:06.0000000Z;169.575;169.755;296;296
2026-06-08T08:09:37.0000000Z;169.575;169.755;296;296
2026-06-08T08:10:01.0000000Z;169.575;169.8;296;296
2026-06-08T08:10:27.0000000Z;169.575;169.735;296;296
2026-06-08T08:10:58.0000000Z;169.575;169.735;296;296
2026-06-08T08:11:28.0000000Z;169.575;169.735;296;296
2026-06-08T08:11:59.0000000Z;169.575;169.735;296;296
2026-06-08T08:12:29.0000000Z;169.575;169.735;296;296
2026-06-08T08:13:00.0000000Z;169.575;169.735;296;296
2026-06-08T08:13:28.0000000Z;169.575;169.74;296;296
2026-06-08T08:13:30.0000000Z;169.575;169.75;296;296
2026-06-08T08:13:33.0000000Z;169.575;169.74;296;296
2026-06-08T08:14:04.0000000Z;169.575;169.74;296;296
2026-06-08T08:14:35.0000000Z;169.575;169.74;296;296
2026-06-08T08:15:05.0000000Z;169.575;169.74;296;296
2026-06-08T08:15:36.0000000Z;169.575;169.74;296;296
2026-06-08T08:15:42.0000000Z;169.575;169.73;296;296
2026-06-08T08:16:12.0000000Z;169.575;169.73;296;296
2026-06-08T08:16:43.0000000Z;169.575;169.73;296;296
2026-06-08T08:16:56.0000000Z;169.575;169.72;296;296
2026-06-08T08:16:57.0000000Z;169.515;169.72;296;296
2026-06-08T08:17:01.0000000Z;169.515;169.73;296;296
2026-06-08T08:17:07.0000000Z;169.515;169.72;296;296
2026-06-08T08:17:17.0000000Z;169.525;169.72;296;296
2026-06-08T08:17:48.0000000Z;169.525;169.72;296;296
2026-06-08T08:18:03.0000000Z;169.525;169.755;296;296
2026-06-08T08:18:07.0000000Z;169.525;169.74;296;296
2026-06-08T08:18:22.0000000Z;169.535;169.74;296;296
2026-06-08T08:18:27.0000000Z;169.54;169.73;296;296
2026-06-08T08:18:57.0000000Z;169.54;169.73;296;296
2026-06-08T08:19:28.0000000Z;169.54;169.73;296;296
2026-06-08T08:19:32.0000000Z;169.54;169.755;296;296
2026-06-08T08:20:02.0000000Z;169.54;169.755;296;296
2026-06-08T08:20:33.0000000Z;169.54;169.755;296;296
2026-06-08T08:20:44.0000000Z;169.55;169.755;296;296
2026-06-08T08:21:15.0000000Z;169.55;169.755;296;296
2026-06-08T08:21:45.0000000Z;169.55;169.755;296;296
2026-06-08T08:22:16.0000000Z;169.55;169.755;296;296
2026-06-08T08:22:46.0000000Z;169.55;169.755;296;296
2026-06-08T08:23:17.0000000Z;169.55;169.755;296;296
2026-06-08T08:23:47.0000000Z;169.55;169.755;296;296
2026-06-08T08:24:17.0000000Z;169.55;169.755;296;296
2026-06-08T08:24:48.0000000Z;169.55;169.755;296;296
2026-06-08T08:25:19.0000000Z;169.55;169.755;296;296
2026-06-08T08:25:49.0000000Z;169.55;169.755;296;296
2026-06-08T08:26:20.0000000Z;169.55;169.755;296;296
2026-06-08T08:26:50.0000000Z;169.55;169.755;296;296
2026-06-08T08:27:21.0000000Z;169.55;169.755;296;296
2026-06-08T08:27:51.0000000Z;169.55;169.755;296;296
2026-06-08T08:28:22.0000000Z;169.55;169.755;296;296
2026-06-08T08:28:52.0000000Z;169.55;169.755;296;296
2026-06-08T08:29:11.0000000Z;169.55;169.655;296;296
2026-06-08T08:29:41.0000000Z;169.55;169.655;296;296
2026-06-08T08:30:12.0000000Z;169.55;169.655;296;296
2026-06-08T08:30:42.0000000Z;169.55;169.655;296;296
2026-06-08T08:31:13.0000000Z;169.55;169.655;296;296
2026-06-08T08:31:43.0000000Z;169.55;169.655;296;296
2026-06-08T08:32:14.0000000Z;169.55;169.655;296;296
2026-06-08T08:32:44.0000000Z;169.55;169.655;296;296
2026-06-08T08:33:15.0000000Z;169.55;169.655;296;296
2026-06-08T08:33:45.0000000Z;169.55;169.655;296;296
2026-06-08T08:34:16.0000000Z;169.55;169.655;296;296
2026-06-08T08:34:46.0000000Z;169.55;169.655;296;296
2026-06-08T08:35:17.0000000Z;169.55;169.655;296;296
2026-06-08T08:35:48.0000000Z;169.55;169.655;296;296
2026-06-08T08:36:18.0000000Z;169.55;169.655;296;296
2026-06-08T08:36:49.0000000Z;169.55;169.655;296;296
2026-06-08T08:37:19.0000000Z;169.55;169.655;296;296
2026-06-08T08:37:50.0000000Z;169.55;169.655;296;296
2026-06-08T08:38:20.0000000Z;169.55;169.655;296;296
2026-06-08T08:38:51.0000000Z;169.55;169.655;296;296
2026-06-08T08:39:21.0000000Z;169.55;169.655;296;296
2026-06-08T08:39:52.0000000Z;169.55;169.655;296;296
2026-06-08T08:40:22.0000000Z;169.55;169.655;296;296
2026-06-08T08:40:50.0000000Z;169.485;169.655;296;296
2026-06-08T08:41:20.0000000Z;169.485;169.655;296;296
2026-06-08T08:41:51.0000000Z;169.485;169.655;296;296
2026-06-08T08:42:21.0000000Z;169.485;169.655;296;296
2026-06-08T08:42:52.0000000Z;169.485;169.655;296;296
2026-06-08T08:43:22.0000000Z;169.485;169.655;296;296
2026-06-08T08:43:42.0000000Z;169.495;169.655;296;296
2026-06-08T08:44:12.0000000Z;169.495;169.655;296;296
2026-06-08T08:44:43.0000000Z;169.495;169.655;296;296
2026-06-08T08:45:13.0000000Z;169.495;169.655;296;296
2026-06-08T08:45:44.0000000Z;169.495;169.655;296;296
2026-06-08T08:46:14.0000000Z;169.495;169.655;296;296
2026-06-08T08:46:45.0000000Z;169.495;169.655;296;296
2026-06-08T08:47:15.0000000Z;169.495;169.655;296;296
2026-06-08T08:47:46.0000000Z;169.495;169.655;296;296
2026-06-08T08:48:16.0000000Z;169.495;169.655;296;296
2026-06-08T08:48:47.0000000Z;169.495;169.655;296;296
2026-06-08T08:49:17.0000000Z;169.495;169.655;296;296
2026-06-08T08:49:48.0000000Z;169.495;169.655;296;296
2026-06-08T08:50:18.0000000Z;169.495;169.655;296;296
2026-06-08T08:50:49.0000000Z;169.495;169.655;296;296
2026-06-08T08:51:19.0000000Z;169.495;169.655;296;296
2026-06-08T08:51:50.0000000Z;169.495;169.655;296;296
2026-06-08T08:52:21.0000000Z;169.495;169.655;296;296
2026-06-08T08:52:24.0000000Z;169.495;169.7;296;296
2026-06-08T08:52:54.0000000Z;169.495;169.7;296;296
2026-06-08T08:53:25.0000000Z;169.495;169.7;296;296
2026-06-08T08:53:42.0000000Z;169.505;169.7;296;296
2026-06-08T08:54:13.0000000Z;169.505;169.7;296;296
2026-06-08T08:54:43.0000000Z;169.505;169.7;296;296
2026-06-08T08:54:54.0000000Z;169.505;169.72;296;296
2026-06-08T08:55:15.0000000Z;169.505;169.71;296;296
2026-06-08T08:55:45.0000000Z;169.505;169.71;296;296
2026-06-08T08:56:16.0000000Z;169.505;169.71;296;296
2026-06-08T08:56:46.0000000Z;169.505;169.71;296;296
2026-06-08T08:56:53.0000000Z;169.515;169.71;296;296
2026-06-08T08:56:57.0000000Z;169.515;169.73;296;296
2026-06-08T08:56:58.0000000Z;169.525;169.73;296;296
2026-06-08T08:57:28.0000000Z;169.525;169.73;296;296
2026-06-08T08:57:59.0000000Z;169.525;169.73;296;296
2026-06-08T08:58:29.0000000Z;169.525;169.73;296;296
2026-06-08T08:59:00.0000000Z;169.525;169.73;296;296
2026-06-08T08:59:30.0000000Z;169.525;169.73;296;296
2026-06-08T09:00:01.0000000Z;169.525;169.73;296;296
2026-06-08T09:00:31.0000000Z;169.525;169.73;296;296
2026-06-08T09:01:02.0000000Z;169.525;169.73;296;296
2026-06-08T09:01:32.0000000Z;169.525;169.73;296;296
2026-06-08T09:02:03.0000000Z;169.525;169.73;296;296
2026-06-08T09:02:33.0000000Z;169.525;169.73;296;296
2026-06-08T09:03:04.0000000Z;169.525;169.73;296;296
2026-06-08T09:03:35.0000000Z;169.525;169.73;296;296
2026-06-08T09:04:05.0000000Z;169.525;169.73;296;296
2026-06-08T09:04:36.0000000Z;169.525;169.73;296;296
2026-06-08T09:04:40.0000000Z;169.525;169.725;296;296
2026-06-08T09:05:10.0000000Z;169.525;169.725;296;296
2026-06-08T09:05:41.0000000Z;169.525;169.725;296;296
2026-06-08T09:06:11.0000000Z;169.525;169.725;296;296
2026-06-08T09:06:42.0000000Z;169.525;169.725;296;296
2026-06-08T09:07:12.0000000Z;169.525;169.725;296;296
2026-06-08T09:07:13.0000000Z;169.525;169.73;296;296
2026-06-08T09:07:43.0000000Z;169.525;169.73;296;296
2026-06-08T09:08:13.0000000Z;169.525;169.73;296;296
2026-06-08T09:08:44.0000000Z;169.525;169.73;296;296
2026-06-08T09:09:03.0000000Z;169.525;169.725;296;296
2026-06-08T09:09:34.0000000Z;169.525;169.725;296;296
2026-06-08T09:10:04.0000000Z;169.525;169.72;296;296
2026-06-08T09:10:34.0000000Z;169.525;169.72;296;296
2026-06-08T09:11:05.0000000Z;169.525;169.72;296;296
2026-06-08T09:11:35.0000000Z;169.525;169.72;296;296
2026-06-08T09:12:06.0000000Z;169.525;169.72;296;296
2026-06-08T09:12:36.0000000Z;169.525;169.72;296;296
2026-06-08T09:13:07.0000000Z;169.525;169.72;296;296
2026-06-08T09:13:37.0000000Z;169.525;169.72;296;296
2026-06-08T09:14:02.0000000Z;169.525;169.73;296;296
2026-06-08T09:14:33.0000000Z;169.525;169.73;296;296
2026-06-08T09:15:03.0000000Z;169.525;169.73;296;296
2026-06-08T09:15:34.0000000Z;169.525;169.73;296;296
2026-06-08T09:16:04.0000000Z;169.525;169.73;296;296
2026-06-08T09:16:35.0000000Z;169.525;169.73;296;296
2026-06-08T09:17:05.0000000Z;169.525;169.73;296;296
2026-06-08T09:17:36.0000000Z;169.525;169.73;296;296
2026-06-08T09:18:06.0000000Z;169.525;169.73;296;296
2026-06-08T09:18:37.0000000Z;169.525;169.73;296;296
2026-06-08T09:19:07.0000000Z;169.525;169.73;296;296
2026-06-08T09:19:38.0000000Z;169.525;169.73;296;296
2026-06-08T09:20:09.0000000Z;169.525;169.73;296;296
2026-06-08T09:20:39.0000000Z;169.525;169.73;296;296
2026-06-08T09:21:06.0000000Z;169.525;169.74;296;296
2026-06-08T09:21:14.0000000Z;169.535;169.74;296;296
2026-06-08T09:21:44.0000000Z;169.535;169.74;296;296
2026-06-08T09:22:15.0000000Z;169.535;169.74;296;296
2026-06-08T09:22:45.0000000Z;169.535;169.74;296;296
2026-06-08T09:23:16.0000000Z;169.535;169.74;296;296
2026-06-08T09:23:46.0000000Z;169.535;169.74;296;296
2026-06-08T09:24:17.0000000Z;169.535;169.74;296;296
2026-06-08T09:24:48.0000000Z;169.535;169.74;296;296
2026-06-08T09:25:18.0000000Z;169.535;169.74;296;296
2026-06-08T09:25:49.0000000Z;169.535;169.74;296;296
2026-06-08T09:26:19.0000000Z;169.535;169.74;296;296
2026-06-08T09:26:50.0000000Z;169.535;169.74;296;296
2026-06-08T09:27:20.0000000Z;169.535;169.74;296;296
2026-06-08T09:27:51.0000000Z;169.535;169.74;296;296
2026-06-08T09:28:22.0000000Z;169.535;169.74;296;296
2026-06-08T09:28:52.0000000Z;169.535;169.74;296;296
2026-06-08T09:29:23.0000000Z;169.535;169.74;296;296
2026-06-08T09:29:53.0000000Z;169.535;169.74;296;296
2026-06-08T09:30:24.0000000Z;169.535;169.74;296;296
2026-06-08T09:30:35.0000000Z;169.535;169.755;296;296
2026-06-08T09:30:56.0000000Z;169.535;169.745;296;296
2026-06-08T09:31:27.0000000Z;169.535;169.745;296;296
2026-06-08T09:31:58.0000000Z;169.535;169.745;296;296
2026-06-08T09:32:28.0000000Z;169.535;169.745;296;296
2026-06-08T09:32:53.0000000Z;169.545;169.745;296;296
2026-06-08T09:33:23.0000000Z;169.545;169.745;296;296
2026-06-08T09:33:43.0000000Z;169.545;169.75;296;296
2026-06-08T09:34:12.0000000Z;169.545;169.75;296;296
2026-06-08T09:34:43.0000000Z;169.545;169.75;296;296
2026-06-08T09:34:57.0000000Z;169.545;169.745;296;296
2026-06-08T09:35:27.0000000Z;169.545;169.745;296;296
2026-06-08T09:35:57.0000000Z;169.545;169.745;296;296
2026-06-08T09:36:28.0000000Z;169.545;169.745;296;296
2026-06-08T09:36:46.0000000Z;169.595;169.745;296;296
2026-06-08T09:36:48.0000000Z;169.595;169.855;296;296
2026-06-08T09:36:49.0000000Z;169.595;169.81;296;296
2026-06-08T09:36:53.0000000Z;169.595;169.805;296;296
2026-06-08T09:37:01.0000000Z;169.595;169.8;296;296
2026-06-08T09:37:06.0000000Z;169.595;169.79;296;296
2026-06-08T09:37:18.0000000Z;169.595;169.84;296;296
2026-06-08T09:37:24.0000000Z;169.49;169.76;296;296
2026-06-08T09:37:25.0000000Z;169.49;169.81;296;296
2026-06-08T09:37:26.0000000Z;169.49;169.76;296;296
2026-06-08T09:37:28.0000000Z;169.49;169.895;296;296
2026-06-08T09:37:47.0000000Z;169.49;169.755;296;296
2026-06-08T09:37:48.0000000Z;169.49;169.755;296;296
2026-06-08T09:37:53.0000000Z;169.49;169.815;296;296
2026-06-08T09:37:54.0000000Z;169.49;169.875;296;296
2026-06-08T09:38:16.0000000Z;169.505;169.865;296;296
2026-06-08T09:38:26.0000000Z;169.505;169.905;296;296
2026-06-08T09:38:33.0000000Z;169.505;169.76;296;296
2026-06-08T09:38:39.0000000Z;169.505;169.77;296;296
2026-06-08T09:38:40.0000000Z;169.505;169.765;296;296
2026-06-08T09:39:02.0000000Z;169.545;169.765;296;296
2026-06-08T09:39:10.0000000Z;169.555;169.765;296;296
2026-06-08T09:39:12.0000000Z;169.565;169.765;296;296
2026-06-08T09:39:13.0000000Z;169.575;169.82;296;296
2026-06-08T09:39:15.0000000Z;169.575;169.815;296;296
2026-06-08T09:39:46.0000000Z;169.575;169.805;296;296
2026-06-08T09:40:05.0000000Z;169.575;169.795;296;296
2026-06-08T09:40:36.0000000Z;169.575;169.795;296;296
2026-06-08T09:41:06.0000000Z;169.575;169.795;296;296
2026-06-08T09:41:37.0000000Z;169.575;169.795;296;296
2026-06-08T09:42:07.0000000Z;169.575;169.795;296;296
2026-06-08T09:42:38.0000000Z;169.575;169.795;296;296
2026-06-08T09:43:08.0000000Z;169.575;169.795;296;296
2026-06-08T09:43:39.0000000Z;169.575;169.795;296;296
2026-06-08T09:44:09.0000000Z;169.575;169.795;296;296
2026-06-08T09:44:40.0000000Z;169.575;169.795;296;296
2026-06-08T09:45:10.0000000Z;169.575;169.795;296;296
2026-06-08T09:45:39.0000000Z;169.585;169.795;296;296
2026-06-08T09:45:40.0000000Z;169.585;169.815;296;296
2026-06-08T09:46:10.0000000Z;169.585;169.815;296;296
2026-06-08T09:46:41.0000000Z;169.585;169.815;296;296
2026-06-08T09:46:50.0000000Z;169.585;169.82;296;296
2026-06-08T09:46:52.0000000Z;169.585;169.94;296;296
2026-06-08T09:46:58.0000000Z;169.585;169.825;296;296
2026-06-08T09:47:02.0000000Z;169.585;169.81;296;296
2026-06-08T09:47:33.0000000Z;169.585;169.81;296;296
2026-06-08T09:48:03.0000000Z;169.585;169.81;296;296
2026-06-08T09:48:34.0000000Z;169.585;169.81;296;296
2026-06-08T09:48:44.0000000Z;169.595;169.81;296;296
2026-06-08T09:49:15.0000000Z;169.595;169.81;296;296
2026-06-08T09:49:45.0000000Z;169.595;169.81;296;296
2026-06-08T09:50:16.0000000Z;169.595;169.81;296;296
2026-06-08T09:50:46.0000000Z;169.595;169.81;296;296
2026-06-08T09:51:17.0000000Z;169.595;169.81;296;296
2026-06-08T09:51:47.0000000Z;169.595;169.81;296;296
2026-06-08T09:52:18.0000000Z;169.595;169.81;296;296
2026-06-08T09:52:49.0000000Z;169.595;169.81;296;296
2026-06-08T09:53:19.0000000Z;169.595;169.81;296;296
2026-06-08T09:53:50.0000000Z;169.595;169.81;296;296
2026-06-08T09:54:20.0000000Z;169.595;169.81;296;296
2026-06-08T09:54:51.0000000Z;169.595;169.81;296;296
2026-06-08T09:55:22.0000000Z;169.595;169.81;296;296
2026-06-08T09:55:52.0000000Z;169.595;169.81;296;296
2026-06-08T09:56:23.0000000Z;169.595;169.81;296;296
2026-06-08T09:56:53.0000000Z;169.595;169.81;296;296
2026-06-08T09:57:24.0000000Z;169.595;169.81;296;296
2026-06-08T09:57:54.0000000Z;169.595;169.81;296;296
2026-06-08T09:58:25.0000000Z;169.595;169.81;296;296
2026-06-08T09:58:55.0000000Z;169.595;169.81;296;296
2026-06-08T09:59:26.0000000Z;169.595;169.81;296;296
2026-06-08T09:59:56.0000000Z;169.595;169.81;296;296
2026-06-08T10:00:27.0000000Z;169.595;169.81;296;296
2026-06-08T10:00:58.0000000Z;169.595;169.81;296;296
2026-06-08T10:01:28.0000000Z;169.595;169.81;296;296
2026-06-08T10:01:59.0000000Z;169.595;169.81;296;296
2026-06-08T10:02:15.0000000Z;169.595;169.775;296;296
2026-06-08T10:02:46.0000000Z;169.595;169.775;296;296
2026-06-08T10:02:55.0000000Z;169.595;169.8;296;296
2026-06-08T10:03:26.0000000Z;169.595;169.8;296;296
2026-06-08T10:03:57.0000000Z;169.595;169.8;296;296
2026-06-08T10:04:27.0000000Z;169.595;169.8;296;296
2026-06-08T10:04:58.0000000Z;169.595;169.8;296;296
2026-06-08T10:05:16.0000000Z;169.595;169.815;296;296
2026-06-08T10:05:47.0000000Z;169.595;169.815;296;296
2026-06-08T10:06:17.0000000Z;169.595;169.815;296;296
2026-06-08T10:06:48.0000000Z;169.595;169.815;296;296
2026-06-08T10:07:07.0000000Z;169.595;169.83;296;296
2026-06-08T10:07:38.0000000Z;169.595;169.83;296;296
2026-06-08T10:08:08.0000000Z;169.595;169.83;296;296
2026-06-08T10:08:39.0000000Z;169.595;169.83;296;296
2026-06-08T10:09:09.0000000Z;169.595;169.83;296;296
2026-06-08T10:09:40.0000000Z;169.595;169.83;296;296
2026-06-08T10:10:10.0000000Z;169.595;169.83;296;296
2026-06-08T10:10:25.0000000Z;169.595;169.825;296;296
2026-06-08T10:10:56.0000000Z;169.595;169.825;296;296
2026-06-08T10:11:27.0000000Z;169.595;169.825;296;296
2026-06-08T10:11:57.0000000Z;169.595;169.825;296;296
2026-06-08T10:12:28.0000000Z;169.595;169.825;296;296
2026-06-08T10:12:51.0000000Z;169.605;169.825;296;296
2026-06-08T10:13:22.0000000Z;169.605;169.825;296;296
2026-06-08T10:13:52.0000000Z;169.605;169.825;296;296
2026-06-08T10:14:23.0000000Z;169.605;169.825;296;296
2026-06-08T10:14:53.0000000Z;169.605;169.825;296;296
2026-06-08T10:15:15.0000000Z;169.605;169.83;296;296
2026-06-08T10:15:45.0000000Z;169.605;169.83;296;296
2026-06-08T10:16:03.0000000Z;169.605;169.82;296;296
2026-06-08T10:16:33.0000000Z;169.605;169.82;296;296
2026-06-08T10:16:42.0000000Z;169.605;169.81;296;296
2026-06-08T10:16:58.0000000Z;169.605;169.8;296;296
2026-06-08T10:17:29.0000000Z;169.605;169.8;296;296
2026-06-08T10:18:00.0000000Z;169.605;169.8;296;296
2026-06-08T10:18:30.0000000Z;169.605;169.8;296;296
2026-06-08T10:19:01.0000000Z;169.605;169.8;296;296
2026-06-08T10:19:31.0000000Z;169.605;169.8;296;296
2026-06-08T10:20:02.0000000Z;169.605;169.8;296;296
2026-06-08T10:20:32.0000000Z;169.605;169.8;296;296
2026-06-08T10:21:03.0000000Z;169.605;169.8;296;296
2026-06-08T10:21:33.0000000Z;169.605;169.8;296;296
2026-06-08T10:22:04.0000000Z;169.605;169.8;296;296
2026-06-08T10:22:34.0000000Z;169.605;169.8;296;296
2026-06-08T10:23:05.0000000Z;169.605;169.8;296;296
2026-06-08T10:23:35.0000000Z;169.605;169.8;296;296
2026-06-08T10:24:06.0000000Z;169.605;169.8;296;296
2026-06-08T10:24:37.0000000Z;169.605;169.8;296;296
2026-06-08T10:25:07.0000000Z;169.605;169.8;296;296
2026-06-08T10:25:26.0000000Z;169.605;169.825;296;296
2026-06-08T10:25:31.0000000Z;169.605;169.815;296;296
2026-06-08T10:26:01.0000000Z;169.605;169.815;296;296
2026-06-08T10:26:07.0000000Z;169.605;169.815;296;296
2026-06-08T10:26:10.0000000Z;169.605;169.855;296;296
2026-06-08T10:26:12.0000000Z;169.605;169.84;296;296
2026-06-08T10:26:43.0000000Z;169.605;169.84;296;296
2026-06-08T10:27:13.0000000Z;169.605;169.84;296;296
2026-06-08T10:27:44.0000000Z;169.605;169.84;296;296
2026-06-08T10:28:00.0000000Z;169.605;169.84;296;296
2026-06-08T10:28:30.0000000Z;169.605;169.84;296;296
2026-06-08T10:29:00.0000000Z;169.605;169.84;296;296
2026-06-08T10:29:12.0000000Z;169.605;169.83;296;296
2026-06-08T10:29:43.0000000Z;169.605;169.83;296;296
2026-06-08T10:29:59.0000000Z;169.605;169.82;296;296
2026-06-08T10:30:29.0000000Z;169.605;169.82;296;296
2026-06-08T10:31:00.0000000Z;169.605;169.82;296;296
2026-06-08T10:31:30.0000000Z;169.605;169.82;296;296
2026-06-08T10:32:01.0000000Z;169.605;169.82;296;296
2026-06-08T10:32:31.0000000Z;169.605;169.82;296;296
2026-06-08T10:33:02.0000000Z;169.605;169.82;296;296
2026-06-08T10:33:32.0000000Z;169.605;169.82;296;296
2026-06-08T10:33:46.0000000Z;169.605;169.84;296;296
2026-06-08T10:34:12.0000000Z;169.625;169.84;296;296
2026-06-08T10:34:16.0000000Z;169.735;169.885;296;296
2026-06-08T10:34:22.0000000Z;169.735;169.965;296;296
2026-06-08T10:34:27.0000000Z;169.745;170.05;296;296
2026-06-08T10:34:29.0000000Z;169.745;170.08;296;296
2026-06-08T10:34:33.0000000Z;169.695;170.05;296;296
2026-06-08T10:34:37.0000000Z;169.64;170.13;296;296
2026-06-08T10:34:44.0000000Z;169.635;170.13;296;296
2026-06-08T10:34:45.0000000Z;169.635;170.1;296;296
2026-06-08T10:34:51.0000000Z;169.605;170.1;296;296
2026-06-08T10:34:57.0000000Z;169.605;170.07;296;296
2026-06-08T10:34:58.0000000Z;169.605;170.055;296;296
2026-06-08T10:35:01.0000000Z;169.605;169.885;296;296
2026-06-08T10:35:05.0000000Z;169.575;169.88;296;296
2026-06-08T10:35:07.0000000Z;169.575;169.94;296;296
2026-06-08T10:35:08.0000000Z;169.575;169.925;296;296
2026-06-08T10:35:09.0000000Z;169.575;169.865;296;296
2026-06-08T10:35:10.0000000Z;169.575;169.925;296;296
2026-06-08T10:35:11.0000000Z;169.575;169.865;296;296
2026-06-08T10:35:13.0000000Z;169.575;169.965;296;296
2026-06-08T10:35:14.0000000Z;169.575;169.93;296;296
2026-06-08T10:35:16.0000000Z;169.575;169.92;296;296
2026-06-08T10:35:17.0000000Z;169.575;169.93;296;296
2026-06-08T10:35:19.0000000Z;169.575;170;296;296
2026-06-08T10:35:20.0000000Z;169.575;170.01;296;296
2026-06-08T10:35:21.0000000Z;169.575;170;296;296
2026-06-08T10:35:25.0000000Z;169.575;170.04;296;296
2026-06-08T10:35:29.0000000Z;169.575;170.07;296;296
2026-06-08T10:35:59.0000000Z;169.575;170.07;296;296
2026-06-08T10:36:29.0000000Z;169.575;170.07;296;296
2026-06-08T10:36:41.0000000Z;169.575;169.865;296;296
2026-06-08T10:36:50.0000000Z;169.58;169.865;296;296
2026-06-08T10:37:19.0000000Z;169.625;169.865;296;296
2026-06-08T10:37:24.0000000Z;169.625;169.9;296;296
2026-06-08T10:37:40.0000000Z;169.625;169.89;296;296
2026-06-08T10:38:11.0000000Z;169.625;169.89;296;296
2026-06-08T10:38:20.0000000Z;169.625;169.885;296;296
2026-06-08T10:38:21.0000000Z;169.63;169.88;296;296
2026-06-08T10:38:24.0000000Z;169.64;169.88;296;296
2026-06-08T10:38:55.0000000Z;169.64;169.88;296;296
2026-06-08T10:39:25.0000000Z;169.64;169.88;296;296
2026-06-08T10:39:56.0000000Z;169.64;169.88;296;296
2026-06-08T10:40:27.0000000Z;169.64;169.88;296;296
2026-06-08T10:40:57.0000000Z;169.64;169.88;296;296
2026-06-08T10:41:28.0000000Z;169.64;169.88;296;296
2026-06-08T10:41:58.0000000Z;169.64;169.88;296;296
2026-06-08T10:42:29.0000000Z;169.64;169.88;296;296
2026-06-08T10:43:00.0000000Z;169.64;169.88;296;296
2026-06-08T10:43:30.0000000Z;169.64;169.88;296;296
2026-06-08T10:44:01.0000000Z;169.64;169.88;296;296
2026-06-08T10:44:31.0000000Z;169.64;169.88;296;296
2026-06-08T10:45:02.0000000Z;169.64;169.88;296;296
2026-06-08T10:45:17.0000000Z;169.65;169.88;296;296
2026-06-08T10:45:47.0000000Z;169.65;169.88;296;296
2026-06-08T10:46:18.0000000Z;169.65;169.88;296;296
2026-06-08T10:46:48.0000000Z;169.65;169.88;296;296
2026-06-08T10:47:19.0000000Z;169.65;169.88;296;296
2026-06-08T10:47:21.0000000Z;169.65;169.87;296;296
2026-06-08T10:47:22.0000000Z;169.65;169.88;296;296
2026-06-08T10:47:23.0000000Z;169.65;169.895;296;296
2026-06-08T10:47:31.0000000Z;169.65;169.88;296;296
2026-06-08T10:48:02.0000000Z;169.65;169.88;296;296
2026-06-08T10:48:33.0000000Z;169.65;169.88;296;296
2026-06-08T10:49:04.0000000Z;169.65;169.88;296;296
2026-06-08T10:49:34.0000000Z;169.65;169.88;296;296
2026-06-08T10:50:05.0000000Z;169.65;169.88;296;296
2026-06-08T10:50:35.0000000Z;169.65;169.88;296;296
2026-06-08T10:51:06.0000000Z;169.65;169.88;296;296
2026-06-08T10:51:36.0000000Z;169.65;169.88;296;296
2026-06-08T10:52:07.0000000Z;169.65;169.88;296;296
2026-06-08T10:52:37.0000000Z;169.65;169.88;296;296
2026-06-08T10:53:08.0000000Z;169.65;169.88;296;296
2026-06-08T10:53:38.0000000Z;169.65;169.88;296;296
2026-06-08T10:54:09.0000000Z;169.65;169.88;296;296
2026-06-08T10:54:40.0000000Z;169.65;169.88;296;296
2026-06-08T10:55:10.0000000Z;169.65;169.88;296;296
2026-06-08T10:55:41.0000000Z;169.65;169.88;296;296
2026-06-08T10:56:12.0000000Z;169.65;169.88;296;296
2026-06-08T10:56:42.0000000Z;169.65;169.88;296;296
2026-06-08T10:57:13.0000000Z;169.65;169.88;296;296
2026-06-08T10:57:43.0000000Z;169.65;169.88;296;296
2026-06-08T10:58:14.0000000Z;169.65;169.88;296;296
2026-06-08T10:58:44.0000000Z;169.65;169.88;296;296
2026-06-08T10:59:03.0000000Z;169.65;169.885;296;296
2026-06-08T10:59:34.0000000Z;169.65;169.885;296;296
2026-06-08T11:00:05.0000000Z;169.65;169.885;296;296
2026-06-08T11:00:35.0000000Z;169.65;169.885;296;296
2026-06-08T11:00:39.0000000Z;169.65;169.875;296;296
2026-06-08T11:00:51.0000000Z;169.65;169.865;296;296
2026-06-08T11:01:10.0000000Z;169.65;169.865;296;296
2026-06-08T11:01:14.0000000Z;169.65;169.875;296;296
2026-06-08T11:01:43.0000000Z;169.65;169.875;296;296
2026-06-08T11:02:00.0000000Z;169.65;169.865;296;296
2026-06-08T11:02:01.0000000Z;169.65;169.875;296;296
2026-06-08T11:02:02.0000000Z;169.65;169.88;296;296
2026-06-08T11:02:13.0000000Z;169.65;169.87;296;296
2026-06-08T11:02:44.0000000Z;169.65;169.87;296;296
2026-06-08T11:03:15.0000000Z;169.65;169.87;296;296
2026-06-08T11:03:32.0000000Z;169.65;169.895;296;296
2026-06-08T11:03:37.0000000Z;169.65;169.88;296;296
2026-06-08T11:04:08.0000000Z;169.65;169.88;296;296
2026-06-08T11:04:38.0000000Z;169.65;169.88;296;296
2026-06-08T11:05:09.0000000Z;169.65;169.88;296;296
2026-06-08T11:05:40.0000000Z;169.65;169.88;296;296
2026-06-08T11:06:10.0000000Z;169.65;169.88;296;296
2026-06-08T11:06:41.0000000Z;169.65;169.88;296;296
2026-06-08T11:07:12.0000000Z;169.65;169.88;296;296
2026-06-08T11:07:42.0000000Z;169.65;169.88;296;296
2026-06-08T11:08:13.0000000Z;169.65;169.88;296;296
2026-06-08T11:08:44.0000000Z;169.65;169.88;296;296
2026-06-08T11:09:14.0000000Z;169.65;169.88;296;296
2026-06-08T11:09:45.0000000Z;169.65;169.88;296;296
2026-06-08T11:10:15.0000000Z;169.65;169.88;296;296
2026-06-08T11:10:46.0000000Z;169.65;169.88;296;296
2026-06-08T11:10:48.0000000Z;169.595;169.995;296;296
2026-06-08T11:10:50.0000000Z;169.44;170;296;296
2026-06-08T11:11:06.0000000Z;169.44;170.78;296;296
2026-06-08T11:11:08.0000000Z;169.44;170.81;296;296
2026-06-08T11:11:20.0000000Z;169.44;170.79;296;296
2026-06-08T11:11:26.0000000Z;169.515;170.045;296;296
2026-06-08T11:11:57.0000000Z;169.515;170.045;296;296
2026-06-08T11:12:27.0000000Z;169.515;170.045;296;296
2026-06-08T11:12:58.0000000Z;169.515;170.045;296;296
2026-06-08T11:13:02.0000000Z;169.63;169.895;296;296
2026-06-08T11:13:06.0000000Z;169.63;170.005;296;296
2026-06-08T11:13:07.0000000Z;169.63;169.985;296;296
2026-06-08T11:13:08.0000000Z;169.63;169.895;296;296
2026-06-08T11:13:12.0000000Z;169.63;169.9;296;296
2026-06-08T11:13:43.0000000Z;169.63;169.9;296;296
2026-06-08T11:14:13.0000000Z;169.63;169.9;296;296
2026-06-08T11:14:31.0000000Z;169.66;169.9;296;296
2026-06-08T11:14:51.0000000Z;169.69;169.9;296;296
2026-06-08T11:14:53.0000000Z;169.69;169.945;296;296
2026-06-08T11:14:58.0000000Z;169.72;169.945;296;296
2026-06-08T11:14:59.0000000Z;169.72;170.08;296;296
2026-06-08T11:15:03.0000000Z;169.75;169.995;296;296
2026-06-08T11:15:06.0000000Z;169.78;169.995;296;296
2026-06-08T11:15:09.0000000Z;169.78;170.045;296;296
2026-06-08T11:15:10.0000000Z;169.78;170.02;296;296
2026-06-08T11:15:11.0000000Z;169.75;170.02;296;296
2026-06-08T11:15:16.0000000Z;169.75;170.01;296;296
2026-06-08T11:15:19.0000000Z;169.75;170.01;296;296
2026-06-08T11:15:20.0000000Z;169.75;169.985;296;296
2026-06-08T11:15:23.0000000Z;169.72;169.985;296;296
2026-06-08T11:15:53.0000000Z;169.72;169.985;296;296
2026-06-08T11:16:24.0000000Z;169.72;169.985;296;296
2026-06-08T11:16:54.0000000Z;169.72;169.985;296;296
2026-06-08T11:17:25.0000000Z;169.72;169.985;296;296
2026-06-08T11:17:55.0000000Z;169.72;169.985;296;296
2026-06-08T11:18:26.0000000Z;169.72;169.985;296;296
2026-06-08T11:18:34.0000000Z;169.72;170.015;296;296
2026-06-08T11:18:46.0000000Z;169.735;170.015;296;296
2026-06-08T11:18:48.0000000Z;169.745;170.015;296;296
2026-06-08T11:18:57.0000000Z;169.745;170.005;296;296
2026-06-08T11:19:19.0000000Z;169.745;170;296;296
2026-06-08T11:19:49.0000000Z;169.745;170;296;296
2026-06-08T11:19:52.0000000Z;169.755;170;296;296
2026-06-08T11:19:53.0000000Z;169.755;170.115;296;296
2026-06-08T11:19:54.0000000Z;169.755;170.01;296;296
2026-06-08T11:19:56.0000000Z;169.765;170.01;296;296
2026-06-08T11:20:27.0000000Z;169.765;170.01;296;296
2026-06-08T11:20:57.0000000Z;169.765;170.01;296;296
2026-06-08T11:21:27.0000000Z;169.775;170.01;296;296
2026-06-08T11:21:43.0000000Z;169.785;170.01;296;296
2026-06-08T11:22:13.0000000Z;169.785;170.01;296;296
2026-06-08T11:22:44.0000000Z;169.785;170.01;296;296
2026-06-08T11:22:52.0000000Z;169.785;169.995;296;296
2026-06-08T11:22:54.0000000Z;169.745;169.995;296;296
2026-06-08T11:23:24.0000000Z;169.745;169.995;296;296
2026-06-08T11:23:55.0000000Z;169.745;169.995;296;296
2026-06-08T11:24:06.0000000Z;169.755;169.995;296;296
2026-06-08T11:24:36.0000000Z;169.755;169.995;296;296
2026-06-08T11:25:06.0000000Z;169.755;169.995;296;296
2026-06-08T11:25:18.0000000Z;169.765;169.995;296;296
2026-06-08T11:25:49.0000000Z;169.765;169.995;296;296
2026-06-08T11:26:20.0000000Z;169.765;169.995;296;296
2026-06-08T11:26:50.0000000Z;169.765;169.995;296;296
2026-06-08T11:27:21.0000000Z;169.765;169.995;296;296
2026-06-08T11:27:51.0000000Z;169.765;169.995;296;296
2026-06-08T11:28:22.0000000Z;169.765;169.995;296;296
2026-06-08T11:28:31.0000000Z;169.765;169.985;296;296
2026-06-08T11:28:33.0000000Z;169.735;169.985;296;296
2026-06-08T11:28:44.0000000Z;169.74;169.985;296;296
2026-06-08T11:28:46.0000000Z;169.745;169.985;296;296
2026-06-08T11:28:51.0000000Z;169.75;169.985;296;296
2026-06-08T11:29:17.0000000Z;169.755;169.985;296;296
2026-06-08T11:29:29.0000000Z;169.765;169.985;296;296
2026-06-08T11:29:35.0000000Z;169.77;169.985;296;296
2026-06-08T11:29:36.0000000Z;169.77;170.025;296;296
2026-06-08T11:30:01.0000000Z;169.775;170.025;296;296
2026-06-08T11:30:32.0000000Z;169.775;170.025;296;296
2026-06-08T11:30:41.0000000Z;169.78;170.025;296;296
2026-06-08T11:30:42.0000000Z;169.775;170.025;296;296
2026-06-08T11:30:44.0000000Z;169.78;170.025;296;296
2026-06-08T11:31:05.0000000Z;169.775;170.025;296;296
2026-06-08T11:31:16.0000000Z;169.775;170.025;296;296
2026-06-08T11:31:46.0000000Z;169.775;170.025;296;296
2026-06-08T11:31:51.0000000Z;169.775;170.025;296;296
2026-06-08T11:31:52.0000000Z;169.78;170.025;296;296
2026-06-08T11:31:54.0000000Z;169.775;170.025;296;296
2026-06-08T11:31:55.0000000Z;169.78;170.025;296;296
2026-06-08T11:32:04.0000000Z;169.775;170.025;296;296
2026-06-08T11:32:05.0000000Z;169.785;170.025;296;296
2026-06-08T11:32:19.0000000Z;169.79;170.025;296;296
2026-06-08T11:32:20.0000000Z;169.79;170.025;296;296
2026-06-08T11:32:22.0000000Z;169.785;170.025;296;296
2026-06-08T11:32:53.0000000Z;169.785;170.025;296;296
2026-06-08T11:33:12.0000000Z;169.79;170.025;296;296
2026-06-08T11:33:14.0000000Z;169.785;170.025;296;296
2026-06-08T11:33:40.0000000Z;169.79;170.025;296;296
2026-06-08T11:33:42.0000000Z;169.785;170.025;296;296
2026-06-08T11:33:48.0000000Z;169.79;170.025;296;296
2026-06-08T11:33:50.0000000Z;169.785;170.025;296;296
2026-06-08T11:34:21.0000000Z;169.785;170.025;296;296
2026-06-08T11:34:52.0000000Z;169.785;170.025;296;296
2026-06-08T11:35:17.0000000Z;169.785;170.04;296;296
2026-06-08T11:35:18.0000000Z;169.79;170.04;296;296
2026-06-08T11:35:20.0000000Z;169.795;170.04;296;296
2026-06-08T11:35:51.0000000Z;169.795;170.04;296;296
2026-06-08T11:36:05.0000000Z;169.805;170.04;296;296
2026-06-08T11:36:32.0000000Z;169.805;170.03;296;296
2026-06-08T11:36:33.0000000Z;169.785;170.03;296;296
2026-06-08T11:37:04.0000000Z;169.785;170.03;296;296
2026-06-08T11:37:20.0000000Z;169.795;170.03;296;296
2026-06-08T11:37:51.0000000Z;169.795;170.03;296;296
2026-06-08T11:38:21.0000000Z;169.795;170.03;296;296
2026-06-08T11:38:34.0000000Z;169.805;170.03;296;296
2026-06-08T11:39:05.0000000Z;169.805;170.03;296;296
2026-06-08T11:39:33.0000000Z;169.815;170.03;296;296
2026-06-08T11:40:04.0000000Z;169.815;170.03;296;296
2026-06-08T11:40:35.0000000Z;169.815;170.03;296;296
2026-06-08T11:40:36.0000000Z;169.825;170.03;296;296
2026-06-08T11:40:38.0000000Z;169.825;170.065;296;296
2026-06-08T11:41:06.0000000Z;169.825;170.065;296;296
2026-06-08T11:41:37.0000000Z;169.825;170.065;296;296
2026-06-08T11:42:05.0000000Z;169.835;170.065;296;296
2026-06-08T11:42:17.0000000Z;169.845;170.065;296;296
2026-06-08T11:42:48.0000000Z;169.845;170.065;296;296
2026-06-08T11:43:18.0000000Z;169.845;170.065;296;296
2026-06-08T11:43:49.0000000Z;169.845;170.065;296;296
2026-06-08T11:44:06.0000000Z;169.845;170.055;296;296
2026-06-08T11:44:37.0000000Z;169.845;170.055;296;296
2026-06-08T11:45:07.0000000Z;169.845;170.055;296;296
2026-06-08T11:45:38.0000000Z;169.845;170.055;296;296
2026-06-08T11:46:08.0000000Z;169.845;170.055;296;296
2026-06-08T11:46:39.0000000Z;169.845;170.055;296;296
2026-06-08T11:46:55.0000000Z;169.845;170.045;296;296
2026-06-08T11:47:26.0000000Z;169.845;170.045;296;296
2026-06-08T11:47:30.0000000Z;169.845;170.035;296;296
2026-06-08T11:48:00.0000000Z;169.845;170.035;296;296
2026-06-08T11:48:31.0000000Z;169.845;170.035;296;296
2026-06-08T11:48:49.0000000Z;169.845;170.025;296;296
2026-06-08T11:49:20.0000000Z;169.845;170.025;296;296
2026-06-08T11:49:30.0000000Z;169.845;170.05;296;296
2026-06-08T11:49:45.0000000Z;169.845;170.04;296;296
2026-06-08T11:50:15.0000000Z;169.845;170.04;296;296
2026-06-08T11:50:45.0000000Z;169.845;170.04;296;296
2026-06-08T11:51:16.0000000Z;169.845;170.04;296;296
2026-06-08T11:51:20.0000000Z;169.845;170.06;296;296
2026-06-08T11:51:31.0000000Z;169.845;170.05;296;296
2026-06-08T11:51:56.0000000Z;169.845;170.04;296;296
2026-06-08T11:52:27.0000000Z;169.845;170.04;296;296
2026-06-08T11:52:58.0000000Z;169.845;170.04;296;296
2026-06-08T11:53:28.0000000Z;169.845;170.04;296;296
2026-06-08T11:53:59.0000000Z;169.845;170.04;296;296
2026-06-08T11:54:29.0000000Z;169.845;170.04;296;296
2026-06-08T11:54:52.0000000Z;169.845;170.065;296;296
2026-06-08T11:55:22.0000000Z;169.845;170.065;296;296
2026-06-08T11:55:53.0000000Z;169.845;170.065;296;296
2026-06-08T11:56:23.0000000Z;169.845;170.065;296;296
2026-06-08T11:56:54.0000000Z;169.845;170.065;296;296
2026-06-08T11:57:25.0000000Z;169.845;170.065;296;296
2026-06-08T11:57:55.0000000Z;169.845;170.055;296;296
2026-06-08T11:58:26.0000000Z;169.845;170.055;296;296
2026-06-08T11:58:56.0000000Z;169.845;170.055;296;296
2026-06-08T11:59:27.0000000Z;169.845;170.055;296;296
2026-06-08T11:59:57.0000000Z;169.845;170.055;296;296
2026-06-08T12:00:28.0000000Z;169.845;170.055;296;296
2026-06-08T12:00:58.0000000Z;169.845;170.055;296;296
2026-06-08T12:01:29.0000000Z;169.845;170.055;296;296
2026-06-08T12:01:59.0000000Z;169.845;170.055;296;296
2026-06-08T12:02:30.0000000Z;169.845;170.055;296;296
2026-06-08T12:03:00.0000000Z;169.845;170.055;296;296
2026-06-08T12:03:31.0000000Z;169.845;170.055;296;296
2026-06-08T12:03:55.0000000Z;169.845;170.045;296;296
2026-06-08T12:03:56.0000000Z;169.845;170.03;296;296
2026-06-08T12:04:26.0000000Z;169.845;170.03;296;296
2026-06-08T12:04:56.0000000Z;169.845;170.03;296;296
2026-06-08T12:05:27.0000000Z;169.845;170.03;296;296
2026-06-08T12:05:49.0000000Z;169.845;170.02;296;296
2026-06-08T12:05:57.0000000Z;169.845;170.015;296;296
2026-06-08T12:05:59.0000000Z;169.845;170.01;296;296
2026-06-08T12:06:29.0000000Z;169.845;170.01;296;296
2026-06-08T12:07:00.0000000Z;169.845;170.01;296;296
2026-06-08T12:07:30.0000000Z;169.845;170.01;296;296
2026-06-08T12:08:01.0000000Z;169.845;170.01;296;296
2026-06-08T12:08:31.0000000Z;169.845;170.01;296;296
2026-06-08T12:09:02.0000000Z;169.845;170.01;296;296
2026-06-08T12:09:32.0000000Z;169.845;170.01;296;296
2026-06-08T12:10:03.0000000Z;169.845;170.01;296;296
2026-06-08T12:10:33.0000000Z;169.845;170.01;296;296
2026-06-08T12:11:04.0000000Z;169.845;170.01;296;296
2026-06-08T12:11:17.0000000Z;169.845;169.99;296;296
2026-06-08T12:11:19.0000000Z;169.765;169.99;296;296
2026-06-08T12:11:21.0000000Z;169.765;169.98;296;296
2026-06-08T12:11:51.0000000Z;169.765;169.98;296;296
2026-06-08T12:12:21.0000000Z;169.765;169.98;296;296
2026-06-08T12:12:46.0000000Z;169.775;169.98;296;296
2026-06-08T12:13:16.0000000Z;169.775;169.98;296;296
2026-06-08T12:13:47.0000000Z;169.775;169.98;296;296
2026-06-08T12:14:17.0000000Z;169.775;169.98;296;296
2026-06-08T12:14:48.0000000Z;169.775;169.98;296;296
2026-06-08T12:15:18.0000000Z;169.775;169.98;296;296
2026-06-08T12:15:49.0000000Z;169.775;169.98;296;296
2026-06-08T12:16:19.0000000Z;169.775;169.98;296;296
2026-06-08T12:16:50.0000000Z;169.775;169.98;296;296
2026-06-08T12:17:21.0000000Z;169.775;169.98;296;296
2026-06-08T12:17:51.0000000Z;169.775;169.98;296;296
2026-06-08T12:18:22.0000000Z;169.775;169.98;296;296
2026-06-08T12:18:52.0000000Z;169.775;169.98;296;296
2026-06-08T12:19:23.0000000Z;169.775;169.98;296;296
2026-06-08T12:19:53.0000000Z;169.775;169.98;296;296
2026-06-08T12:20:06.0000000Z;169.785;169.98;296;296
2026-06-08T12:20:08.0000000Z;169.785;170.005;296;296
2026-06-08T12:20:31.0000000Z;169.795;170.005;296;296
2026-06-08T12:21:00.0000000Z;169.805;170.005;296;296
2026-06-08T12:21:02.0000000Z;169.815;170.04;296;296
2026-06-08T12:21:10.0000000Z;169.825;170.04;296;296
2026-06-08T12:21:40.0000000Z;169.825;170.04;296;296
2026-06-08T12:22:11.0000000Z;169.825;170.04;296;296
2026-06-08T12:22:37.0000000Z;169.835;170.04;296;296
2026-06-08T12:22:53.0000000Z;169.845;170.04;296;296
2026-06-08T12:22:55.0000000Z;169.845;170.08;296;296
2026-06-08T12:23:04.0000000Z;169.855;170.08;296;296
2026-06-08T12:23:13.0000000Z;169.855;170.07;296;296
2026-06-08T12:23:44.0000000Z;169.855;170.07;296;296
2026-06-08T12:24:14.0000000Z;169.855;170.07;296;296
2026-06-08T12:24:45.0000000Z;169.855;170.07;296;296
2026-06-08T12:25:15.0000000Z;169.855;170.07;296;296
2026-06-08T12:25:46.0000000Z;169.855;170.07;296;296
2026-06-08T12:26:16.0000000Z;169.855;170.07;296;296
2026-06-08T12:26:47.0000000Z;169.855;170.07;296;296
2026-06-08T12:27:17.0000000Z;169.855;170.07;296;296
2026-06-08T12:27:48.0000000Z;169.855;170.07;296;296
2026-06-08T12:28:18.0000000Z;169.855;170.07;296;296
2026-06-08T12:28:49.0000000Z;169.855;170.07;296;296
2026-06-08T12:29:19.0000000Z;169.855;170.07;296;296
2026-06-08T12:29:20.0000000Z;169.865;170.07;296;296
2026-06-08T12:29:23.0000000Z;169.865;170.1;296;296
2026-06-08T12:29:24.0000000Z;169.865;170.09;296;296
2026-06-08T12:29:47.0000000Z;169.875;170.09;296;296
2026-06-08T12:30:17.0000000Z;169.875;170.09;296;296
2026-06-08T12:30:48.0000000Z;169.875;170.09;296;296
2026-06-08T12:31:19.0000000Z;169.875;170.09;296;296
2026-06-08T12:31:49.0000000Z;169.875;170.09;296;296
2026-06-08T12:32:20.0000000Z;169.875;170.09;296;296
2026-06-08T12:32:50.0000000Z;169.875;170.09;296;296
2026-06-08T12:33:21.0000000Z;169.875;170.09;296;296
2026-06-08T12:33:51.0000000Z;169.875;170.09;296;296
2026-06-08T12:34:22.0000000Z;169.875;170.09;296;296
2026-06-08T12:34:52.0000000Z;169.875;170.09;296;296
2026-06-08T12:35:23.0000000Z;169.875;170.09;296;296
2026-06-08T12:35:54.0000000Z;169.875;170.09;296;296
2026-06-08T12:36:24.0000000Z;169.875;170.09;296;296
2026-06-08T12:36:55.0000000Z;169.875;170.09;296;296
2026-06-08T12:37:25.0000000Z;169.875;170.09;296;296
2026-06-08T12:37:56.0000000Z;169.875;170.09;296;296
2026-06-08T12:38:27.0000000Z;169.875;170.09;296;296
2026-06-08T12:38:57.0000000Z;169.875;170.09;296;296
2026-06-08T12:39:21.0000000Z;169.875;170.045;296;296
2026-06-08T12:39:52.0000000Z;169.875;170.045;296;296
2026-06-08T12:40:02.0000000Z;169.875;170.025;296;296
2026-06-08T12:40:03.0000000Z;169.79;170.025;296;296
2026-06-08T12:40:04.0000000Z;169.81;170.025;296;296
2026-06-08T12:40:08.0000000Z;169.82;170.025;296;296
2026-06-08T12:40:09.0000000Z;169.82;170.03;296;296
2026-06-08T12:40:40.0000000Z;169.82;170.03;296;296
2026-06-08T12:40:42.0000000Z;169.83;170.03;296;296
2026-06-08T12:41:13.0000000Z;169.83;170.03;296;296
2026-06-08T12:41:43.0000000Z;169.83;170.03;296;296
2026-06-08T12:42:14.0000000Z;169.83;170.03;296;296
2026-06-08T12:42:33.0000000Z;169.84;170.03;296;296
2026-06-08T12:42:37.0000000Z;169.89;170.03;296;296
2026-06-08T12:42:40.0000000Z;169.89;170.09;296;296
2026-06-08T12:42:42.0000000Z;169.89;170.08;296;296
2026-06-08T12:43:02.0000000Z;169.89;170.115;296;296
2026-06-08T12:43:04.0000000Z;169.89;170.125;296;296
2026-06-08T12:43:12.0000000Z;169.89;170.11;296;296
2026-06-08T12:43:42.0000000Z;169.89;170.11;296;296
2026-06-08T12:44:12.0000000Z;169.89;170.11;296;296
2026-06-08T12:44:43.0000000Z;169.89;170.11;296;296
2026-06-08T12:45:14.0000000Z;169.89;170.11;296;296
2026-06-08T12:45:44.0000000Z;169.89;170.11;296;296
2026-06-08T12:46:15.0000000Z;169.89;170.11;296;296
2026-06-08T12:46:46.0000000Z;169.89;170.11;296;296
2026-06-08T12:46:48.0000000Z;169.89;170.1;296;296
2026-06-08T12:46:53.0000000Z;169.89;170.11;296;296
2026-06-08T12:47:21.0000000Z;169.89;170.11;296;296
2026-06-08T12:47:52.0000000Z;169.89;170.11;296;296
2026-06-08T12:48:05.0000000Z;169.89;170.1;296;296
2026-06-08T12:48:06.0000000Z;169.89;170.11;296;296
2026-06-08T12:48:11.0000000Z;169.89;170.1;296;296
2026-06-08T12:48:19.0000000Z;169.89;170.11;296;296
2026-06-08T12:48:29.0000000Z;169.89;170.1;296;296
2026-06-08T12:48:36.0000000Z;169.89;170.1;296;296
2026-06-08T12:48:37.0000000Z;169.89;170.09;296;296
2026-06-08T12:48:40.0000000Z;169.89;170.1;296;296
2026-06-08T12:48:42.0000000Z;169.89;170.1;296;296
2026-06-08T12:49:12.0000000Z;169.89;170.1;296;296
2026-06-08T12:49:23.0000000Z;169.89;170.11;296;296
2026-06-08T12:49:28.0000000Z;169.89;170.1;296;296
2026-06-08T12:49:58.0000000Z;169.89;170.1;296;296
2026-06-08T12:50:16.0000000Z;169.89;170.09;296;296
2026-06-08T12:50:47.0000000Z;169.89;170.09;296;296
2026-06-08T12:50:51.0000000Z;169.89;170.03;296;296
2026-06-08T12:50:52.0000000Z;169.815;170.03;296;296
2026-06-08T12:51:23.0000000Z;169.815;170.03;296;296
2026-06-08T12:51:53.0000000Z;169.815;170.03;296;296
2026-06-08T12:52:24.0000000Z;169.815;170.03;296;296
2026-06-08T12:52:54.0000000Z;169.815;170.03;296;296
2026-06-08T12:53:25.0000000Z;169.815;170.03;296;296
2026-06-08T12:53:55.0000000Z;169.815;170.03;296;296
2026-06-08T12:54:26.0000000Z;169.815;170.03;296;296
2026-06-08T12:54:43.0000000Z;169.825;170.03;296;296
2026-06-08T12:55:14.0000000Z;169.825;170.03;296;296
2026-06-08T12:55:44.0000000Z;169.825;170.03;296;296
2026-06-08T12:55:51.0000000Z;169.825;170.055;296;296
2026-06-08T12:56:07.0000000Z;169.825;170.045;296;296
2026-06-08T12:56:33.0000000Z;169.825;170.05;296;296
2026-06-08T12:57:02.0000000Z;169.825;170.05;296;296
2026-06-08T12:57:32.0000000Z;169.825;170.05;296;296
2026-06-08T12:58:03.0000000Z;169.825;170.05;296;296
2026-06-08T12:58:33.0000000Z;169.825;170.05;296;296
2026-06-08T12:59:04.0000000Z;169.825;170.05;296;296
2026-06-08T12:59:34.0000000Z;169.825;170.05;296;296
2026-06-08T12:59:45.0000000Z;169.825;170.04;296;296
2026-06-08T13:00:16.0000000Z;169.825;170.04;296;296
2026-06-08T13:00:22.0000000Z;169.825;170.085;296;296
2026-06-08T13:00:26.0000000Z;169.835;170.085;296;296
2026-06-08T13:00:37.0000000Z;169.835;170.06;296;296
2026-06-08T13:00:56.0000000Z;169.835;170.05;296;296
2026-06-08T13:01:27.0000000Z;169.835;170.05;296;296
2026-06-08T13:01:58.0000000Z;169.835;170.05;296;296
2026-06-08T13:02:28.0000000Z;169.835;170.05;296;296
2026-06-08T13:02:59.0000000Z;169.835;170.05;296;296
2026-06-08T13:03:29.0000000Z;169.835;170.05;296;296
2026-06-08T13:04:00.0000000Z;169.835;170.05;296;296
2026-06-08T13:04:30.0000000Z;169.835;170.05;296;296
2026-06-08T13:05:01.0000000Z;169.835;170.05;296;296
2026-06-08T13:05:31.0000000Z;169.835;170.05;296;296
2026-06-08T13:06:02.0000000Z;169.835;170.05;296;296
2026-06-08T13:06:33.0000000Z;169.835;170.05;296;296
2026-06-08T13:07:03.0000000Z;169.835;170.05;296;296
2026-06-08T13:07:34.0000000Z;169.835;170.05;296;296
2026-06-08T13:08:04.0000000Z;169.835;170.05;296;296
2026-06-08T13:08:35.0000000Z;169.835;170.05;296;296
2026-06-08T13:09:05.0000000Z;169.835;170.05;296;296
2026-06-08T13:09:36.0000000Z;169.835;170.05;296;296
2026-06-08T13:10:06.0000000Z;169.835;170.05;296;296
2026-06-08T13:10:37.0000000Z;169.835;170.05;296;296
2026-06-08T13:11:07.0000000Z;169.835;170.05;296;296
2026-06-08T13:11:38.0000000Z;169.835;170.05;296;296
2026-06-08T13:12:08.0000000Z;169.835;170.05;296;296
2026-06-08T13:12:39.0000000Z;169.835;170.05;296;296
2026-06-08T13:13:09.0000000Z;169.835;170.05;296;296
2026-06-08T13:13:40.0000000Z;169.835;170.05;296;296
2026-06-08T13:14:10.0000000Z;169.835;170.05;296;296
2026-06-08T13:14:41.0000000Z;169.835;170.05;296;296
2026-06-08T13:15:12.0000000Z;169.835;170.05;296;296
2026-06-08T13:15:42.0000000Z;169.835;170.05;296;296
2026-06-08T13:16:13.0000000Z;169.835;170.05;296;296
2026-06-08T13:16:43.0000000Z;169.835;170.05;296;296
2026-06-08T13:17:14.0000000Z;169.835;170.05;296;296
2026-06-08T13:17:44.0000000Z;169.835;170.05;296;296
2026-06-08T13:18:15.0000000Z;169.835;170.05;296;296
2026-06-08T13:18:45.0000000Z;169.835;170.05;296;296
2026-06-08T13:19:16.0000000Z;169.835;170.05;296;296
2026-06-08T13:19:47.0000000Z;169.835;170.05;296;296
2026-06-08T13:20:17.0000000Z;169.835;170.05;296;296
2026-06-08T13:20:48.0000000Z;169.835;170.05;296;296
2026-06-08T13:20:56.0000000Z;169.845;170.05;296;296
2026-06-08T13:21:27.0000000Z;169.845;170.05;296;296
2026-06-08T13:21:28.0000000Z;169.855;170.05;296;296
2026-06-08T13:21:32.0000000Z;169.855;170.085;296;296
2026-06-08T13:21:46.0000000Z;169.865;170.085;296;296
2026-06-08T13:21:48.0000000Z;169.875;170.085;296;296
2026-06-08T13:22:18.0000000Z;169.875;170.085;296;296
2026-06-08T13:22:49.0000000Z;169.875;170.085;296;296
2026-06-08T13:22:54.0000000Z;169.885;170.085;296;296
2026-06-08T13:23:24.0000000Z;169.885;170.085;296;296
2026-06-08T13:23:55.0000000Z;169.885;170.085;296;296
2026-06-08T13:24:25.0000000Z;169.885;170.085;296;296
2026-06-08T13:24:47.0000000Z;169.885;170.1;296;296
2026-06-08T13:24:57.0000000Z;169.885;170.115;296;296
2026-06-08T13:25:07.0000000Z;169.885;170.1;296;296
2026-06-08T13:25:37.0000000Z;169.885;170.1;296;296
2026-06-08T13:26:08.0000000Z;169.885;170.1;296;296
2026-06-08T13:26:38.0000000Z;169.885;170.1;296;296
2026-06-08T13:27:09.0000000Z;169.885;170.1;296;296
2026-06-08T13:27:39.0000000Z;169.855;170.1;296;296
2026-06-08T13:28:00.0000000Z;169.855;170.1;296;296
2026-06-08T13:28:03.0000000Z;169.855;170.105;296;296
2026-06-08T13:28:05.0000000Z;169.855;170.185;296;296
2026-06-08T13:28:07.0000000Z;169.855;170.19;296;296
2026-06-08T13:28:17.0000000Z;169.855;170.195;296;296
2026-06-08T13:28:48.0000000Z;169.855;170.195;296;296
2026-06-08T13:29:18.0000000Z;169.855;170.195;296;296
2026-06-08T13:29:49.0000000Z;169.855;170.195;296;296
2026-06-08T13:30:19.0000000Z;169.855;170.195;296;296
2026-06-08T13:30:50.0000000Z;169.855;170.195;296;296
2026-06-08T13:30:57.0000000Z;169.885;170.195;296;296
2026-06-08T13:30:58.0000000Z;169.885;170.22;296;296
2026-06-08T13:31:29.0000000Z;169.885;170.22;296;296
2026-06-08T13:31:50.0000000Z;169.885;170.215;296;296
2026-06-08T13:32:00.0000000Z;169.885;170.205;296;296
2026-06-08T13:32:02.0000000Z;169.885;170.185;296;296
2026-06-08T13:32:04.0000000Z;169.885;170.155;296;296
2026-06-08T13:32:07.0000000Z;169.885;170.13;296;296
2026-06-08T13:32:36.0000000Z;169.885;170.13;296;296
2026-06-08T13:32:39.0000000Z;169.885;170.125;296;296
2026-06-08T13:33:10.0000000Z;169.885;170.125;296;296
2026-06-08T13:33:40.0000000Z;169.885;170.125;296;296
2026-06-08T13:34:11.0000000Z;169.885;170.125;296;296
2026-06-08T13:34:41.0000000Z;169.885;170.125;296;296
2026-06-08T13:35:01.0000000Z;169.885;170.115;296;296
2026-06-08T13:35:32.0000000Z;169.885;170.115;296;296
2026-06-08T13:35:57.0000000Z;169.885;170.12;296;296
2026-06-08T13:36:28.0000000Z;169.885;170.12;296;296
2026-06-08T13:36:58.0000000Z;169.885;170.12;296;296
2026-06-08T13:37:29.0000000Z;169.885;170.12;296;296
2026-06-08T13:37:59.0000000Z;169.885;170.12;296;296
2026-06-08T13:38:30.0000000Z;169.885;170.12;296;296
2026-06-08T13:39:00.0000000Z;169.885;170.12;296;296
2026-06-08T13:39:31.0000000Z;169.885;170.12;296;296
2026-06-08T13:40:01.0000000Z;169.885;170.12;296;296
2026-06-08T13:40:32.0000000Z;169.885;170.12;296;296
2026-06-08T13:41:02.0000000Z;169.885;170.12;296;296
2026-06-08T13:41:33.0000000Z;169.885;170.12;296;296
2026-06-08T13:41:38.0000000Z;169.885;170.11;296;296
2026-06-08T13:41:41.0000000Z;169.86;170.11;296;296
2026-06-08T13:42:11.0000000Z;169.86;170.11;296;296
2026-06-08T13:42:42.0000000Z;169.86;170.11;296;296
2026-06-08T13:43:01.0000000Z;169.86;170.1;296;296
2026-06-08T13:43:15.0000000Z;169.86;170.08;296;296
2026-06-08T13:43:20.0000000Z;169.835;170.08;296;296
2026-06-08T13:43:51.0000000Z;169.835;170.08;296;296
2026-06-08T13:44:21.0000000Z;169.835;170.08;296;296
2026-06-08T13:44:52.0000000Z;169.835;170.08;296;296
2026-06-08T13:45:08.0000000Z;169.835;170.07;296;296
2026-06-08T13:45:11.0000000Z;169.81;170.05;296;296
2026-06-08T13:45:41.0000000Z;169.81;170.05;296;296
2026-06-08T13:46:12.0000000Z;169.81;170.05;296;296
2026-06-08T13:46:42.0000000Z;169.81;170.05;296;296
2026-06-08T13:47:13.0000000Z;169.81;170.05;296;296
2026-06-08T13:47:43.0000000Z;169.81;170.05;296;296
2026-06-08T13:48:14.0000000Z;169.81;170.05;296;296
2026-06-08T13:48:44.0000000Z;169.81;170.05;296;296
2026-06-08T13:49:15.0000000Z;169.81;170.05;296;296
2026-06-08T13:49:45.0000000Z;169.81;170.05;296;296
2026-06-08T13:50:00.0000000Z;169.81;170.035;296;296
2026-06-08T13:50:30.0000000Z;169.81;170.035;296;296
2026-06-08T13:50:32.0000000Z;169.81;170.025;296;296
2026-06-08T13:50:33.0000000Z;169.785;170.025;296;296
2026-06-08T13:51:03.0000000Z;169.785;170.025;296;296
2026-06-08T13:51:34.0000000Z;169.785;170.025;296;296
2026-06-08T13:52:05.0000000Z;169.785;170.025;296;296
2026-06-08T13:52:35.0000000Z;169.785;170.025;296;296
2026-06-08T13:52:51.0000000Z;169.785;170.015;296;296
2026-06-08T13:53:21.0000000Z;169.785;170.015;296;296
2026-06-08T13:53:51.0000000Z;169.785;170.015;296;296
2026-06-08T13:54:22.0000000Z;169.785;170.015;296;296
2026-06-08T13:54:42.0000000Z;169.785;170.005;296;296
2026-06-08T13:54:44.0000000Z;169.76;170.005;296;296
2026-06-08T13:55:15.0000000Z;169.76;170.005;296;296
2026-06-08T13:55:20.0000000Z;169.76;170.055;296;296
2026-06-08T13:55:22.0000000Z;169.76;169.995;296;296
2026-06-08T13:55:50.0000000Z;169.76;170.035;296;296
2026-06-08T13:55:54.0000000Z;169.76;170.005;296;296
2026-06-08T13:56:00.0000000Z;169.76;170;296;296
2026-06-08T13:56:31.0000000Z;169.76;170;296;296
2026-06-08T13:57:01.0000000Z;169.76;170;296;296
2026-06-08T13:57:32.0000000Z;169.76;170;296;296
2026-06-08T13:58:02.0000000Z;169.76;170;296;296
2026-06-08T13:58:33.0000000Z;169.76;170;296;296
2026-06-08T13:59:03.0000000Z;169.76;170;296;296
2026-06-08T13:59:34.0000000Z;169.76;170;296;296
2026-06-08T14:00:04.0000000Z;169.76;170;296;296
2026-06-08T14:00:35.0000000Z;169.76;170;296;296
2026-06-08T14:01:05.0000000Z;169.76;170;296;296
2026-06-08T14:01:36.0000000Z;169.76;170;296;296
2026-06-08T14:02:06.0000000Z;169.76;170;296;296
2026-06-08T14:02:37.0000000Z;169.76;170;296;296
2026-06-08T14:03:00.0000000Z;169.76;169.97;296;296
2026-06-08T14:03:02.0000000Z;169.735;169.97;296;296
2026-06-08T14:03:08.0000000Z;169.735;169.965;296;296
2026-06-08T14:03:39.0000000Z;169.735;169.965;296;296
2026-06-08T14:04:09.0000000Z;169.735;169.965;296;296
2026-06-08T14:04:40.0000000Z;169.735;169.965;296;296
2026-06-08T14:05:10.0000000Z;169.735;169.965;296;296
2026-06-08T14:05:41.0000000Z;169.735;169.965;296;296
2026-06-08T14:06:11.0000000Z;169.735;169.965;296;296
2026-06-08T14:06:42.0000000Z;169.735;169.965;296;296
2026-06-08T14:07:12.0000000Z;169.735;169.965;296;296
2026-06-08T14:07:43.0000000Z;169.735;169.965;296;296
2026-06-08T14:07:59.0000000Z;169.735;169.955;296;296
2026-06-08T14:08:01.0000000Z;169.71;169.955;296;296
2026-06-08T14:08:14.0000000Z;169.71;169.945;296;296
2026-06-08T14:08:45.0000000Z;169.71;169.945;296;296
2026-06-08T14:09:15.0000000Z;169.71;169.945;296;296
2026-06-08T14:09:46.0000000Z;169.71;169.945;296;296
2026-06-08T14:10:16.0000000Z;169.71;169.945;296;296
2026-06-08T14:10:41.0000000Z;169.71;169.925;296;296
2026-06-08T14:10:44.0000000Z;169.685;169.925;296;296
2026-06-08T14:11:14.0000000Z;169.685;169.925;296;296
2026-06-08T14:11:45.0000000Z;169.685;169.925;296;296
2026-06-08T14:12:15.0000000Z;169.685;169.925;296;296
2026-06-08T14:12:46.0000000Z;169.685;169.925;296;296
2026-06-08T14:13:16.0000000Z;169.685;169.925;296;296
2026-06-08T14:13:43.0000000Z;169.685;169.91;296;296
2026-06-08T14:13:56.0000000Z;169.685;169.88;296;296
2026-06-08T14:14:26.0000000Z;169.685;169.88;296;296
2026-06-08T14:14:43.0000000Z;169.685;169.875;296;296
2026-06-08T14:15:14.0000000Z;169.685;169.875;296;296
2026-06-08T14:15:35.0000000Z;169.685;169.88;296;296
2026-06-08T14:15:37.0000000Z;169.66;169.865;296;296
2026-06-08T14:16:07.0000000Z;169.66;169.865;296;296
2026-06-08T14:16:28.0000000Z;169.76;169.865;296;296
2026-06-08T14:16:59.0000000Z;169.76;169.865;296;296
2026-06-08T14:17:29.0000000Z;169.76;169.865;296;296
2026-06-08T14:17:31.0000000Z;169.66;169.865;296;296
2026-06-08T14:18:02.0000000Z;169.66;169.865;296;296
2026-06-08T14:18:32.0000000Z;169.66;169.865;296;296
2026-06-08T14:19:00.0000000Z;169.66;169.86;296;296
2026-06-08T14:19:20.0000000Z;169.66;169.99;296;296
2026-06-08T14:19:21.0000000Z;169.66;169.95;296;296
2026-06-08T14:19:49.0000000Z;169.66;169.885;296;296
2026-06-08T14:19:50.0000000Z;169.66;169.88;296;296
2026-06-08T14:20:20.0000000Z;169.66;169.88;296;296
2026-06-08T14:20:50.0000000Z;169.66;169.88;296;296
2026-06-08T14:21:21.0000000Z;169.66;169.88;296;296
2026-06-08T14:21:51.0000000Z;169.66;169.88;296;296
2026-06-08T14:22:22.0000000Z;169.66;169.88;296;296
2026-06-08T14:22:52.0000000Z;169.66;169.88;296;296
2026-06-08T14:23:23.0000000Z;169.66;169.88;296;296
2026-06-08T14:23:44.0000000Z;169.66;169.87;296;296
2026-06-08T14:23:47.0000000Z;169.635;169.87;296;296
2026-06-08T14:24:03.0000000Z;169.635;169.86;296;296
2026-06-08T14:24:33.0000000Z;169.635;169.86;296;296
2026-06-08T14:25:04.0000000Z;169.635;169.86;296;296
2026-06-08T14:25:34.0000000Z;169.635;169.86;296;296
2026-06-08T14:25:37.0000000Z;169.635;169.85;296;296
2026-06-08T14:25:44.0000000Z;169.635;169.84;296;296
2026-06-08T14:25:47.0000000Z;169.635;169.83;296;296
2026-06-08T14:25:50.0000000Z;169.635;169.82;296;296
2026-06-08T14:26:19.0000000Z;169.635;169.8;296;296
2026-06-08T14:26:22.0000000Z;169.635;169.795;296;296
2026-06-08T14:26:26.0000000Z;169.635;169.845;296;296
2026-06-08T14:26:29.0000000Z;169.635;169.835;296;296
2026-06-08T14:26:31.0000000Z;169.635;169.815;296;296
2026-06-08T14:26:32.0000000Z;169.635;169.8;296;296
2026-06-08T14:26:33.0000000Z;169.635;169.815;296;296
2026-06-08T14:26:35.0000000Z;169.635;169.8;296;296
2026-06-08T14:26:37.0000000Z;169.635;169.815;296;296
2026-06-08T14:26:38.0000000Z;169.635;169.8;296;296
2026-06-08T14:26:41.0000000Z;169.635;169.795;296;296
2026-06-08T14:26:43.0000000Z;169.635;169.805;296;296
2026-06-08T14:26:44.0000000Z;169.635;169.845;296;296
2026-06-08T14:26:46.0000000Z;169.635;169.835;296;296
2026-06-08T14:26:48.0000000Z;169.635;169.815;296;296
2026-06-08T14:26:49.0000000Z;169.635;169.805;296;296
2026-06-08T14:26:50.0000000Z;169.635;169.8;296;296
2026-06-08T14:27:12.0000000Z;169.635;169.815;296;296
2026-06-08T14:27:13.0000000Z;169.635;169.805;296;296
2026-06-08T14:27:14.0000000Z;169.635;169.795;296;296
2026-06-08T14:27:15.0000000Z;169.635;169.805;296;296
2026-06-08T14:27:16.0000000Z;169.635;169.845;296;296
2026-06-08T14:27:19.0000000Z;169.635;169.835;296;296
2026-06-08T14:27:21.0000000Z;169.635;169.805;296;296
2026-06-08T14:27:22.0000000Z;169.635;169.795;296;296
2026-06-08T14:27:23.0000000Z;169.635;169.805;296;296
2026-06-08T14:27:24.0000000Z;169.635;169.845;296;296
2026-06-08T14:27:27.0000000Z;169.635;169.835;296;296
2026-06-08T14:27:28.0000000Z;169.635;169.825;296;296
2026-06-08T14:27:30.0000000Z;169.635;169.795;296;296
2026-06-08T14:27:31.0000000Z;169.635;169.79;296;296
2026-06-08T14:27:34.0000000Z;169.635;169.845;296;296
2026-06-08T14:27:37.0000000Z;169.635;169.835;296;296
2026-06-08T14:27:38.0000000Z;169.635;169.825;296;296
2026-06-08T14:27:39.0000000Z;169.635;169.805;296;296
2026-06-08T14:27:40.0000000Z;169.635;169.795;296;296
2026-06-08T14:27:41.0000000Z;169.635;169.805;296;296
2026-06-08T14:27:42.0000000Z;169.635;169.845;296;296
2026-06-08T14:27:45.0000000Z;169.635;169.835;296;296
2026-06-08T14:27:46.0000000Z;169.635;169.825;296;296
2026-06-08T14:27:47.0000000Z;169.635;169.815;296;296
2026-06-08T14:27:48.0000000Z;169.635;169.795;296;296
2026-06-08T14:27:50.0000000Z;169.635;169.855;296;296
2026-06-08T14:27:52.0000000Z;169.635;169.845;296;296
2026-06-08T14:27:55.0000000Z;169.635;169.835;296;296
2026-06-08T14:27:56.0000000Z;169.635;169.825;296;296
2026-06-08T14:27:57.0000000Z;169.635;169.805;296;296
2026-06-08T14:27:58.0000000Z;169.635;169.79;296;296
2026-06-08T14:28:00.0000000Z;169.635;169.845;296;296
2026-06-08T14:28:04.0000000Z;169.635;169.835;296;296
2026-06-08T14:28:06.0000000Z;169.635;169.8;296;296
2026-06-08T14:28:08.0000000Z;169.635;169.825;296;296
2026-06-08T14:28:09.0000000Z;169.635;169.82;296;296
2026-06-08T14:28:11.0000000Z;169.635;169.805;296;296
2026-06-08T14:28:12.0000000Z;169.635;169.815;296;296
2026-06-08T14:28:13.0000000Z;169.635;169.805;296;296
2026-06-08T14:28:14.0000000Z;169.635;169.8;296;296
2026-06-08T14:28:22.0000000Z;169.635;169.805;296;296
2026-06-08T14:28:23.0000000Z;169.635;169.8;296;296
2026-06-08T14:28:24.0000000Z;169.635;169.8;296;296
2026-06-08T14:28:29.0000000Z;169.635;169.805;296;296
2026-06-08T14:28:30.0000000Z;169.635;169.8;296;296
2026-06-08T14:28:31.0000000Z;169.635;169.805;296;296
2026-06-08T14:28:32.0000000Z;169.635;169.8;296;296
2026-06-08T14:28:34.0000000Z;169.635;169.805;296;296
2026-06-08T14:28:35.0000000Z;169.635;169.805;296;296
2026-06-08T14:28:36.0000000Z;169.635;169.8;296;296
2026-06-08T14:28:39.0000000Z;169.635;169.8;296;296
2026-06-08T14:28:40.0000000Z;169.635;169.815;296;296
2026-06-08T14:28:41.0000000Z;169.635;169.805;296;296
2026-06-08T14:28:42.0000000Z;169.635;169.8;296;296
2026-06-08T14:28:45.0000000Z;169.635;169.805;296;296
2026-06-08T14:28:47.0000000Z;169.635;169.795;296;296
2026-06-08T14:28:51.0000000Z;169.635;169.845;296;296
2026-06-08T14:28:54.0000000Z;169.635;169.835;296;296
2026-06-08T14:28:55.0000000Z;169.635;169.825;296;296
2026-06-08T14:28:56.0000000Z;169.635;169.805;296;296
2026-06-08T14:28:57.0000000Z;169.635;169.8;296;296
2026-06-08T14:28:58.0000000Z;169.635;169.815;296;296
2026-06-08T14:28:59.0000000Z;169.635;169.805;296;296
2026-06-08T14:29:00.0000000Z;169.635;169.825;296;296
2026-06-08T14:29:01.0000000Z;169.635;169.805;296;296
2026-06-08T14:29:02.0000000Z;169.635;169.825;296;296
2026-06-08T14:29:03.0000000Z;169.635;169.805;296;296
2026-06-08T14:29:05.0000000Z;169.635;169.8;296;296
2026-06-08T14:29:06.0000000Z;169.635;169.815;296;296
2026-06-08T14:29:07.0000000Z;169.635;169.8;296;296
2026-06-08T14:29:09.0000000Z;169.635;169.805;296;296
2026-06-08T14:29:11.0000000Z;169.635;169.845;296;296
2026-06-08T14:29:13.0000000Z;169.635;169.835;296;296
2026-06-08T14:29:15.0000000Z;169.635;169.83;296;296
2026-06-08T14:29:16.0000000Z;169.635;169.815;296;296
2026-06-08T14:29:17.0000000Z;169.635;169.795;296;296
2026-06-08T14:29:21.0000000Z;169.635;169.845;296;296
2026-06-08T14:29:24.0000000Z;169.635;169.825;296;296
2026-06-08T14:29:25.0000000Z;169.635;169.815;296;296
2026-06-08T14:29:26.0000000Z;169.635;169.795;296;296
2026-06-08T14:29:28.0000000Z;169.635;169.815;296;296
2026-06-08T14:29:29.0000000Z;169.635;169.795;296;296
2026-06-08T14:29:31.0000000Z;169.635;169.84;296;296
2026-06-08T14:29:34.0000000Z;169.635;169.82;296;296
2026-06-08T14:29:35.0000000Z;169.635;169.8;296;296
2026-06-08T14:29:36.0000000Z;169.635;169.795;296;296
2026-06-08T14:29:37.0000000Z;169.635;169.8;296;296
2026-06-08T14:29:39.0000000Z;169.635;169.85;296;296
2026-06-08T14:29:40.0000000Z;169.635;169.84;296;296
2026-06-08T14:29:42.0000000Z;169.635;169.83;296;296
2026-06-08T14:29:43.0000000Z;169.635;169.81;296;296
2026-06-08T14:29:44.0000000Z;169.635;169.8;296;296
2026-06-08T14:29:45.0000000Z;169.635;169.795;296;296
2026-06-08T14:29:46.0000000Z;169.635;169.81;296;296
2026-06-08T14:29:47.0000000Z;169.635;169.845;296;296
2026-06-08T14:29:51.0000000Z;169.635;169.835;296;296
2026-06-08T14:29:52.0000000Z;169.635;169.815;296;296
2026-06-08T14:29:53.0000000Z;169.635;169.805;296;296
2026-06-08T14:29:54.0000000Z;169.635;169.795;296;296
2026-06-08T14:29:56.0000000Z;169.635;169.8;296;296
2026-06-08T14:29:57.0000000Z;169.635;169.85;296;296
2026-06-08T14:29:58.0000000Z;169.635;169.84;296;296
2026-06-08T14:30:01.0000000Z;169.635;169.83;296;296
2026-06-08T14:30:02.0000000Z;169.635;169.8;296;296
2026-06-08T14:30:05.0000000Z;169.635;169.8;296;296
2026-06-08T14:30:07.0000000Z;169.635;169.85;296;296
2026-06-08T14:30:08.0000000Z;169.635;169.84;296;296
2026-06-08T14:30:10.0000000Z;169.635;169.83;296;296
2026-06-08T14:30:11.0000000Z;169.635;169.82;296;296
2026-06-08T14:30:12.0000000Z;169.635;169.8;296;296
2026-06-08T14:30:13.0000000Z;169.635;169.84;296;296
2026-06-08T14:30:14.0000000Z;169.635;169.81;296;296
2026-06-08T14:30:15.0000000Z;169.635;169.85;296;296
2026-06-08T14:30:17.0000000Z;169.635;169.84;296;296
2026-06-08T14:30:19.0000000Z;169.635;169.83;296;296
2026-06-08T14:30:20.0000000Z;169.635;169.81;296;296
2026-06-08T14:30:21.0000000Z;169.635;169.8;296;296
2026-06-08T14:30:22.0000000Z;169.635;169.795;296;296
2026-06-08T14:30:23.0000000Z;169.635;169.795;296;296
2026-06-08T14:30:25.0000000Z;169.635;169.845;296;296
2026-06-08T14:30:28.0000000Z;169.635;169.825;296;296
2026-06-08T14:30:29.0000000Z;169.635;169.815;296;296
2026-06-08T14:30:30.0000000Z;169.635;169.795;296;296
2026-06-08T14:30:32.0000000Z;169.635;169.805;296;296
2026-06-08T14:30:36.0000000Z;169.635;169.795;296;296
2026-06-08T14:30:37.0000000Z;169.635;169.845;296;296
2026-06-08T14:30:38.0000000Z;169.635;169.835;296;296
2026-06-08T14:30:39.0000000Z;169.635;169.825;296;296
2026-06-08T14:30:40.0000000Z;169.635;169.815;296;296
2026-06-08T14:30:41.0000000Z;169.635;169.8;296;296
2026-06-08T14:30:43.0000000Z;169.635;169.8;296;296
2026-06-08T14:30:45.0000000Z;169.635;169.795;296;296
2026-06-08T14:30:47.0000000Z;169.635;169.795;296;296
2026-06-08T14:30:49.0000000Z;169.635;169.845;296;296
2026-06-08T14:30:52.0000000Z;169.635;169.835;296;296
2026-06-08T14:30:53.0000000Z;169.635;169.825;296;296
2026-06-08T14:30:54.0000000Z;169.635;169.805;296;296
2026-06-08T14:30:55.0000000Z;169.635;169.8;296;296
2026-06-08T14:30:57.0000000Z;169.635;169.8;296;296
2026-06-08T14:31:02.0000000Z;169.635;169.815;296;296
2026-06-08T14:31:03.0000000Z;169.635;169.845;296;296
2026-06-08T14:31:06.0000000Z;169.635;169.835;296;296
2026-06-08T14:31:08.0000000Z;169.635;169.815;296;296
2026-06-08T14:31:09.0000000Z;169.635;169.8;296;296
2026-06-08T14:31:10.0000000Z;169.635;169.795;296;296
2026-06-08T14:31:13.0000000Z;169.635;169.85;296;296
2026-06-08T14:31:14.0000000Z;169.635;169.84;296;296
2026-06-08T14:31:17.0000000Z;169.635;169.83;296;296
2026-06-08T14:31:18.0000000Z;169.635;169.81;296;296
2026-06-08T14:31:19.0000000Z;169.635;169.795;296;296
2026-06-08T14:31:21.0000000Z;169.635;169.845;296;296
2026-06-08T14:31:25.0000000Z;169.635;169.835;296;296
2026-06-08T14:31:26.0000000Z;169.635;169.815;296;296
2026-06-08T14:31:27.0000000Z;169.635;169.805;296;296
2026-06-08T14:31:28.0000000Z;169.635;169.8;296;296
2026-06-08T14:31:33.0000000Z;169.635;169.8;296;296
2026-06-08T14:31:38.0000000Z;169.635;169.815;296;296
2026-06-08T14:31:39.0000000Z;169.635;169.805;296;296
2026-06-08T14:31:40.0000000Z;169.635;169.8;296;296
2026-06-08T14:31:41.0000000Z;169.635;169.8;296;296
2026-06-08T14:31:47.0000000Z;169.635;169.805;296;296
2026-06-08T14:31:48.0000000Z;169.635;169.8;296;296
2026-06-08T14:31:52.0000000Z;169.635;169.805;296;296
2026-06-08T14:31:54.0000000Z;169.635;169.8;296;296
2026-06-08T14:31:55.0000000Z;169.635;169.8;296;296
2026-06-08T14:31:58.0000000Z;169.635;169.805;296;296
2026-06-08T14:31:59.0000000Z;169.635;169.805;296;296
2026-06-08T14:32:01.0000000Z;169.635;169.8;296;296
2026-06-08T14:32:03.0000000Z;169.635;169.8;296;296
2026-06-08T14:32:08.0000000Z;169.635;169.8;296;296
2026-06-08T14:32:09.0000000Z;169.635;169.815;296;296
2026-06-08T14:32:10.0000000Z;169.635;169.8;296;296
2026-06-08T14:32:11.0000000Z;169.635;169.795;296;296
2026-06-08T14:32:12.0000000Z;169.635;169.8;296;296
2026-06-08T14:32:14.0000000Z;169.635;169.845;296;296
2026-06-08T14:32:17.0000000Z;169.635;169.835;296;296
2026-06-08T14:32:18.0000000Z;169.635;169.825;296;296
2026-06-08T14:32:19.0000000Z;169.635;169.815;296;296
2026-06-08T14:32:20.0000000Z;169.635;169.795;296;296
2026-06-08T14:32:21.0000000Z;169.635;169.815;296;296
2026-06-08T14:32:22.0000000Z;169.635;169.795;296;296
2026-06-08T14:32:24.0000000Z;169.635;169.84;296;296
2026-06-08T14:32:27.0000000Z;169.635;169.82;296;296
2026-06-08T14:32:28.0000000Z;169.635;169.8;296;296
2026-06-08T14:32:29.0000000Z;169.635;169.82;296;296
2026-06-08T14:32:30.0000000Z;169.635;169.795;296;296
2026-06-08T14:32:32.0000000Z;169.635;169.84;296;296
2026-06-08T14:32:34.0000000Z;169.635;169.83;296;296
2026-06-08T14:32:35.0000000Z;169.635;169.81;296;296
2026-06-08T14:32:36.0000000Z;169.635;169.8;296;296
2026-06-08T14:32:37.0000000Z;169.635;169.795;296;296
2026-06-08T14:32:40.0000000Z;169.635;169.85;296;296
2026-06-08T14:32:41.0000000Z;169.635;169.84;296;296
2026-06-08T14:32:43.0000000Z;169.635;169.83;296;296
2026-06-08T14:32:44.0000000Z;169.635;169.82;296;296
2026-06-08T14:32:45.0000000Z;169.635;169.8;296;296
2026-06-08T14:32:46.0000000Z;169.635;169.795;296;296
2026-06-08T14:32:47.0000000Z;169.635;169.8;296;296
2026-06-08T14:32:48.0000000Z;169.635;169.85;296;296
2026-06-08T14:32:50.0000000Z;169.635;169.84;296;296
2026-06-08T14:32:52.0000000Z;169.635;169.83;296;296
2026-06-08T14:32:53.0000000Z;169.635;169.82;296;296
2026-06-08T14:33:03.0000000Z;169.635;169.81;296;296
2026-06-08T14:33:14.0000000Z;169.635;169.8;296;296
2026-06-08T14:33:39.0000000Z;169.635;169.795;296;296
2026-06-08T14:33:40.0000000Z;169.61;169.79;296;296
2026-06-08T14:33:41.0000000Z;169.61;169.795;296;296
2026-06-08T14:33:42.0000000Z;169.61;169.79;296;296
2026-06-08T14:33:45.0000000Z;169.61;169.785;296;296
2026-06-08T14:33:46.0000000Z;169.61;169.79;296;296
2026-06-08T14:33:47.0000000Z;169.61;169.785;296;296
2026-06-08T14:33:49.0000000Z;169.61;169.79;296;296
2026-06-08T14:33:50.0000000Z;169.61;169.785;296;296
2026-06-08T14:33:56.0000000Z;169.61;169.795;296;296
2026-06-08T14:33:57.0000000Z;169.61;169.785;296;296
2026-06-08T14:33:58.0000000Z;169.61;169.795;296;296
2026-06-08T14:33:59.0000000Z;169.61;169.79;296;296
2026-06-08T14:34:11.0000000Z;169.61;169.785;296;296
2026-06-08T14:34:13.0000000Z;169.61;169.795;296;296
2026-06-08T14:34:14.0000000Z;169.61;169.785;296;296
2026-06-08T14:34:16.0000000Z;169.61;169.785;296;296
2026-06-08T14:34:21.0000000Z;169.61;169.79;296;296
2026-06-08T14:34:22.0000000Z;169.61;169.785;296;296
2026-06-08T14:34:23.0000000Z;169.61;169.795;296;296
2026-06-08T14:34:24.0000000Z;169.61;169.785;296;296
2026-06-08T14:34:29.0000000Z;169.61;169.79;296;296
2026-06-08T14:34:30.0000000Z;169.61;169.785;296;296
2026-06-08T14:34:31.0000000Z;169.61;169.795;296;296
2026-06-08T14:34:32.0000000Z;169.61;169.785;296;296
2026-06-08T14:34:33.0000000Z;169.61;169.805;296;296
2026-06-08T14:34:34.0000000Z;169.61;169.785;296;296
2026-06-08T14:34:38.0000000Z;169.61;169.785;296;296
2026-06-08T14:34:39.0000000Z;169.61;169.795;296;296
2026-06-08T14:34:40.0000000Z;169.61;169.785;296;296
2026-06-08T14:34:42.0000000Z;169.61;169.785;296;296
2026-06-08T14:34:47.0000000Z;169.61;169.79;296;296
2026-06-08T14:34:48.0000000Z;169.61;169.785;296;296
2026-06-08T14:34:49.0000000Z;169.61;169.795;296;296
2026-06-08T14:34:50.0000000Z;169.61;169.785;296;296
2026-06-08T14:34:58.0000000Z;169.61;169.785;296;296
2026-06-08T14:35:03.0000000Z;169.61;169.79;296;296
2026-06-08T14:35:04.0000000Z;169.61;169.785;296;296
2026-06-08T14:35:05.0000000Z;169.61;169.79;296;296
2026-06-08T14:35:06.0000000Z;169.61;169.785;296;296
2026-06-08T14:35:08.0000000Z;169.61;169.785;296;296
2026-06-08T14:35:16.0000000Z;169.61;169.79;296;296
2026-06-08T14:35:25.0000000Z;169.61;169.785;296;296
2026-06-08T14:35:26.0000000Z;169.61;169.79;296;296
2026-06-08T14:35:27.0000000Z;169.61;169.79;296;296
2026-06-08T14:35:28.0000000Z;169.61;169.785;296;296
2026-06-08T14:35:29.0000000Z;169.61;169.79;296;296
2026-06-08T14:35:30.0000000Z;169.61;169.785;296;296
2026-06-08T14:35:31.0000000Z;169.61;169.795;296;296
2026-06-08T14:35:32.0000000Z;169.61;169.79;296;296
2026-06-08T14:35:33.0000000Z;169.61;169.785;296;296
2026-06-08T14:35:34.0000000Z;169.61;169.785;296;296
2026-06-08T14:35:36.0000000Z;169.61;169.79;296;296
2026-06-08T14:35:40.0000000Z;169.61;169.79;296;296
2026-06-08T14:35:41.0000000Z;169.61;169.785;296;296
2026-06-08T14:35:46.0000000Z;169.61;169.785;296;296
2026-06-08T14:35:56.0000000Z;169.61;169.795;296;296
2026-06-08T14:35:57.0000000Z;169.61;169.785;296;296
2026-06-08T14:36:06.0000000Z;169.61;169.795;296;296
2026-06-08T14:36:07.0000000Z;169.61;169.785;296;296
2026-06-08T14:36:12.0000000Z;169.61;169.785;296;296
2026-06-08T14:36:16.0000000Z;169.61;169.79;296;296
2026-06-08T14:36:17.0000000Z;169.61;169.785;296;296
2026-06-08T14:36:22.0000000Z;169.61;169.795;296;296
2026-06-08T14:36:23.0000000Z;169.61;169.785;296;296
2026-06-08T14:36:26.0000000Z;169.61;169.795;296;296
2026-06-08T14:36:27.0000000Z;169.61;169.785;296;296
2026-06-08T14:36:32.0000000Z;169.61;169.805;296;296
2026-06-08T14:36:33.0000000Z;169.61;169.79;296;296
2026-06-08T14:36:34.0000000Z;169.61;169.785;296;296
2026-06-08T14:36:38.0000000Z;169.61;169.79;296;296
2026-06-08T14:36:39.0000000Z;169.61;169.785;296;296
2026-06-08T14:36:43.0000000Z;169.61;169.785;296;296
2026-06-08T14:36:44.0000000Z;169.61;169.795;296;296
2026-06-08T14:36:45.0000000Z;169.61;169.785;296;296
2026-06-08T14:36:48.0000000Z;169.61;169.79;296;296
2026-06-08T14:36:49.0000000Z;169.61;169.785;296;296
2026-06-08T14:36:54.0000000Z;169.61;169.795;296;296
2026-06-08T14:36:55.0000000Z;169.61;169.785;296;296
2026-06-08T14:36:58.0000000Z;169.61;169.79;296;296
2026-06-08T14:36:59.0000000Z;169.61;169.785;296;296
2026-06-08T14:37:04.0000000Z;169.61;169.795;296;296
2026-06-08T14:37:05.0000000Z;169.61;169.785;296;296
2026-06-08T14:37:09.0000000Z;169.61;169.785;296;296
2026-06-08T14:37:10.0000000Z;169.61;169.805;296;296
2026-06-08T14:37:11.0000000Z;169.61;169.785;296;296
2026-06-08T14:37:14.0000000Z;169.61;169.795;296;296
2026-06-08T14:37:15.0000000Z;169.61;169.785;296;296
2026-06-08T14:37:17.0000000Z;169.61;169.785;296;296
2026-06-08T14:37:18.0000000Z;169.61;169.79;296;296
2026-06-08T14:37:19.0000000Z;169.61;169.785;296;296
2026-06-08T14:37:23.0000000Z;169.61;169.785;296;296
2026-06-08T14:37:28.0000000Z;169.61;169.785;296;296
2026-06-08T14:37:29.0000000Z;169.61;169.78;296;296
2026-06-08T14:37:33.0000000Z;169.61;169.785;296;296
2026-06-08T14:37:35.0000000Z;169.61;169.78;296;296
2026-06-08T14:37:36.0000000Z;169.61;169.795;296;296
2026-06-08T14:37:37.0000000Z;169.61;169.78;296;296
2026-06-08T14:37:42.0000000Z;169.61;169.785;296;296
2026-06-08T14:37:43.0000000Z;169.61;169.78;296;296
2026-06-08T14:37:44.0000000Z;169.61;169.795;296;296
2026-06-08T14:37:45.0000000Z;169.61;169.78;296;296
2026-06-08T14:37:47.0000000Z;169.61;169.785;296;296
2026-06-08T14:37:49.0000000Z;169.61;169.78;296;296
2026-06-08T14:37:50.0000000Z;169.61;169.795;296;296
2026-06-08T14:37:51.0000000Z;169.61;169.78;296;296
2026-06-08T14:37:55.0000000Z;169.61;169.785;296;296
2026-06-08T14:37:56.0000000Z;169.61;169.78;296;296
2026-06-08T14:37:58.0000000Z;169.61;169.785;296;296
2026-06-08T14:37:59.0000000Z;169.61;169.78;296;296
2026-06-08T14:38:09.0000000Z;169.61;169.785;296;296
2026-06-08T14:38:11.0000000Z;169.61;169.795;296;296
2026-06-08T14:38:12.0000000Z;169.61;169.785;296;296
2026-06-08T14:38:15.0000000Z;169.61;169.78;296;296
2026-06-08T14:38:18.0000000Z;169.61;169.785;296;296
2026-06-08T14:38:19.0000000Z;169.61;169.78;296;296
2026-06-08T14:38:24.0000000Z;169.61;169.785;296;296
2026-06-08T14:38:25.0000000Z;169.61;169.78;296;296
2026-06-08T14:38:26.0000000Z;169.61;169.795;296;296
2026-06-08T14:38:27.0000000Z;169.61;169.78;296;296
2026-06-08T14:38:28.0000000Z;169.61;169.795;296;296
2026-06-08T14:38:29.0000000Z;169.61;169.78;296;296
2026-06-08T14:38:34.0000000Z;169.61;169.795;296;296
2026-06-08T14:38:35.0000000Z;169.61;169.78;296;296
2026-06-08T14:38:39.0000000Z;169.61;169.785;296;296
2026-06-08T14:38:40.0000000Z;169.61;169.795;296;296
2026-06-08T14:38:41.0000000Z;169.61;169.785;296;296
2026-06-08T14:38:43.0000000Z;169.61;169.785;296;296
2026-06-08T14:38:48.0000000Z;169.61;169.79;296;296
2026-06-08T14:38:49.0000000Z;169.61;169.79;296;296
2026-06-08T14:38:50.0000000Z;169.61;169.785;296;296
2026-06-08T14:38:56.0000000Z;169.61;169.79;296;296
2026-06-08T14:38:57.0000000Z;169.61;169.785;296;296
2026-06-08T14:38:59.0000000Z;169.61;169.785;296;296
2026-06-08T14:39:04.0000000Z;169.61;169.79;296;296
2026-06-08T14:39:05.0000000Z;169.61;169.785;296;296
2026-06-08T14:39:06.0000000Z;169.61;169.795;296;296
2026-06-08T14:39:07.0000000Z;169.61;169.79;296;296
2026-06-08T14:39:08.0000000Z;169.61;169.785;296;296
2026-06-08T14:39:09.0000000Z;169.61;169.785;296;296
2026-06-08T14:39:14.0000000Z;169.61;169.79;296;296
2026-06-08T14:39:15.0000000Z;169.61;169.79;296;296
2026-06-08T14:39:16.0000000Z;169.61;169.785;296;296
2026-06-08T14:39:22.0000000Z;169.61;169.79;296;296
2026-06-08T14:39:23.0000000Z;169.61;169.785;296;296
2026-06-08T14:39:25.0000000Z;169.61;169.785;296;296
2026-06-08T14:39:33.0000000Z;169.61;169.785;296;296
2026-06-08T14:39:39.0000000Z;169.61;169.785;296;296
2026-06-08T14:39:40.0000000Z;169.61;169.805;296;296
2026-06-08T14:39:41.0000000Z;169.61;169.79;296;296
2026-06-08T14:39:42.0000000Z;169.61;169.785;296;296
2026-06-08T14:39:47.0000000Z;169.61;169.78;296;296
2026-06-08T14:39:50.0000000Z;169.57;169.78;296;296
2026-06-08T14:39:51.0000000Z;169.57;169.795;296;296
2026-06-08T14:39:58.0000000Z;169.57;169.785;296;296
2026-06-08T14:40:05.0000000Z;169.6;169.785;296;296
2026-06-08T14:40:36.0000000Z;169.6;169.785;296;296
2026-06-08T14:41:06.0000000Z;169.6;169.785;296;296
2026-06-08T14:41:36.0000000Z;169.575;169.785;296;296
2026-06-08T14:42:06.0000000Z;169.575;169.785;296;296
2026-06-08T14:42:37.0000000Z;169.575;169.785;296;296
2026-06-08T14:43:07.0000000Z;169.575;169.785;296;296
2026-06-08T14:43:21.0000000Z;169.605;169.785;296;296
2026-06-08T14:43:27.0000000Z;169.605;169.775;296;296
2026-06-08T14:43:28.0000000Z;169.605;169.77;296;296
2026-06-08T14:43:29.0000000Z;169.605;169.775;296;296
2026-06-08T14:43:30.0000000Z;169.605;169.77;296;296
2026-06-08T14:43:31.0000000Z;169.605;169.775;296;296
2026-06-08T14:43:32.0000000Z;169.605;169.77;296;296
2026-06-08T14:43:37.0000000Z;169.605;169.775;296;296
2026-06-08T14:43:38.0000000Z;169.605;169.77;296;296
2026-06-08T14:43:39.0000000Z;169.605;169.775;296;296
2026-06-08T14:43:40.0000000Z;169.605;169.77;296;296
2026-06-08T14:43:55.0000000Z;169.605;169.775;296;296
2026-06-08T14:43:57.0000000Z;169.605;169.77;296;296
2026-06-08T14:44:01.0000000Z;169.605;169.775;296;296
2026-06-08T14:44:02.0000000Z;169.605;169.77;296;296
2026-06-08T14:44:04.0000000Z;169.605;169.775;296;296
2026-06-08T14:44:05.0000000Z;169.605;169.77;296;296
2026-06-08T14:44:08.0000000Z;169.605;169.77;296;296
2026-06-08T14:44:09.0000000Z;169.605;169.775;296;296
2026-06-08T14:44:10.0000000Z;169.605;169.77;296;296
2026-06-08T14:44:12.0000000Z;169.605;169.77;296;296
2026-06-08T14:44:17.0000000Z;169.605;169.775;296;296
2026-06-08T14:44:18.0000000Z;169.605;169.77;296;296
2026-06-08T14:44:25.0000000Z;169.605;169.775;296;296
2026-06-08T14:44:26.0000000Z;169.605;169.77;296;296
2026-06-08T14:44:27.0000000Z;169.605;169.775;296;296
2026-06-08T14:44:28.0000000Z;169.605;169.77;296;296
2026-06-08T14:44:35.0000000Z;169.605;169.775;296;296
2026-06-08T14:44:36.0000000Z;169.605;169.77;296;296
2026-06-08T14:44:44.0000000Z;169.605;169.77;296;296
2026-06-08T14:44:51.0000000Z;169.605;169.775;296;296
2026-06-08T14:44:52.0000000Z;169.605;169.77;296;296
2026-06-08T14:44:54.0000000Z;169.605;169.775;296;296
2026-06-08T14:44:55.0000000Z;169.605;169.77;296;296
2026-06-08T14:44:56.0000000Z;169.605;169.775;296;296
2026-06-08T14:44:57.0000000Z;169.605;169.77;296;296
2026-06-08T14:45:02.0000000Z;169.605;169.775;296;296
2026-06-08T14:45:03.0000000Z;169.605;169.77;296;296
2026-06-08T14:45:10.0000000Z;169.605;169.775;296;296
2026-06-08T14:45:11.0000000Z;169.605;169.77;296;296
2026-06-08T14:45:15.0000000Z;169.605;169.775;296;296
2026-06-08T14:45:17.0000000Z;169.605;169.78;296;296
2026-06-08T14:45:47.0000000Z;169.605;169.78;296;296
2026-06-08T14:46:17.0000000Z;169.605;169.78;296;296
2026-06-08T14:46:47.0000000Z;169.605;169.775;296;296
2026-06-08T14:47:18.0000000Z;169.605;169.775;296;296
2026-06-08T14:47:19.0000000Z;169.605;169.785;296;296
2026-06-08T14:47:30.0000000Z;169.605;169.785;296;296
2026-06-08T14:47:48.0000000Z;169.635;169.785;296;296
2026-06-08T14:47:49.0000000Z;169.635;169.79;296;296
2026-06-08T14:47:55.0000000Z;169.635;169.795;296;296
2026-06-08T14:48:06.0000000Z;169.635;169.785;296;296
2026-06-08T14:48:08.0000000Z;169.61;169.785;296;296
2026-06-08T14:48:24.0000000Z;169.61;169.78;296;296
2026-06-08T14:48:30.0000000Z;169.61;169.84;296;296
2026-06-08T14:48:58.0000000Z;169.61;169.83;296;296
2026-06-08T14:49:01.0000000Z;169.61;169.82;296;296
2026-06-08T14:49:04.0000000Z;169.61;169.81;296;296
2026-06-08T14:49:05.0000000Z;169.61;169.8;296;296
2026-06-08T14:49:06.0000000Z;169.61;169.785;296;296
2026-06-08T14:49:07.0000000Z;169.61;169.8;296;296
2026-06-08T14:49:08.0000000Z;169.61;169.785;296;296
2026-06-08T14:49:10.0000000Z;169.61;169.79;296;296
2026-06-08T14:49:11.0000000Z;169.61;169.785;296;296
2026-06-08T14:49:12.0000000Z;169.61;169.79;296;296
2026-06-08T14:49:14.0000000Z;169.61;169.785;296;296
2026-06-08T14:49:15.0000000Z;169.61;169.8;296;296
2026-06-08T14:49:16.0000000Z;169.61;169.785;296;296
2026-06-08T14:49:18.0000000Z;169.61;169.79;296;296
2026-06-08T14:49:19.0000000Z;169.61;169.785;296;296
2026-06-08T14:49:20.0000000Z;169.61;169.79;296;296
2026-06-08T14:49:21.0000000Z;169.61;169.785;296;296
2026-06-08T14:49:22.0000000Z;169.61;169.8;296;296
2026-06-08T14:49:23.0000000Z;169.61;169.785;296;296
2026-06-08T14:49:25.0000000Z;169.61;169.79;296;296
2026-06-08T14:49:26.0000000Z;169.61;169.785;296;296
2026-06-08T14:49:30.0000000Z;169.61;169.785;296;296
2026-06-08T14:49:31.0000000Z;169.61;169.79;296;296
2026-06-08T14:49:32.0000000Z;169.61;169.785;296;296
2026-06-08T14:49:35.0000000Z;169.61;169.785;296;296
2026-06-08T14:49:37.0000000Z;169.61;169.775;296;296
2026-06-08T14:49:38.0000000Z;169.61;169.78;296;296
2026-06-08T14:49:39.0000000Z;169.61;169.775;296;296
2026-06-08T14:49:42.0000000Z;169.61;169.775;296;296
2026-06-08T14:49:46.0000000Z;169.61;169.775;296;296
2026-06-08T14:49:47.0000000Z;169.61;169.79;296;296
2026-06-08T14:49:48.0000000Z;169.61;169.775;296;296
2026-06-08T14:49:50.0000000Z;169.61;169.78;296;296
2026-06-08T14:49:51.0000000Z;169.61;169.775;296;296
2026-06-08T14:49:52.0000000Z;169.61;169.79;296;296
2026-06-08T14:49:53.0000000Z;169.61;169.78;296;296
2026-06-08T14:49:54.0000000Z;169.61;169.79;296;296
2026-06-08T14:49:56.0000000Z;169.61;169.775;296;296
2026-06-08T14:50:00.0000000Z;169.61;169.765;296;296
2026-06-08T14:50:02.0000000Z;169.61;169.765;296;296
2026-06-08T14:50:04.0000000Z;169.61;169.82;296;296
2026-06-08T14:50:05.0000000Z;169.61;169.81;296;296
2026-06-08T14:50:06.0000000Z;169.61;169.8;296;296
2026-06-08T14:50:07.0000000Z;169.61;169.78;296;296
2026-06-08T14:50:08.0000000Z;169.61;169.77;296;296
2026-06-08T14:50:09.0000000Z;169.61;169.79;296;296
2026-06-08T14:50:10.0000000Z;169.61;169.77;296;296
2026-06-08T14:50:12.0000000Z;169.61;169.815;296;296
2026-06-08T14:50:13.0000000Z;169.61;169.805;296;296
2026-06-08T14:50:14.0000000Z;169.61;169.795;296;296
2026-06-08T14:50:15.0000000Z;169.61;169.775;296;296
2026-06-08T14:50:16.0000000Z;169.61;169.77;296;296
2026-06-08T14:50:17.0000000Z;169.61;169.785;296;296
2026-06-08T14:50:18.0000000Z;169.61;169.815;296;296
2026-06-08T14:50:20.0000000Z;169.61;169.805;296;296
2026-06-08T14:50:21.0000000Z;169.61;169.795;296;296
2026-06-08T14:50:22.0000000Z;169.61;169.785;296;296
2026-06-08T14:50:23.0000000Z;169.61;169.77;296;296
2026-06-08T14:50:24.0000000Z;169.61;169.775;296;296
2026-06-08T14:50:26.0000000Z;169.61;169.815;296;296
2026-06-08T14:50:28.0000000Z;169.61;169.805;296;296
2026-06-08T14:50:29.0000000Z;169.61;169.795;296;296
2026-06-08T14:50:30.0000000Z;169.61;169.775;296;296
2026-06-08T14:50:31.0000000Z;169.61;169.77;296;296
2026-06-08T14:50:34.0000000Z;169.61;169.825;296;296
2026-06-08T14:50:35.0000000Z;169.61;169.815;296;296
2026-06-08T14:50:37.0000000Z;169.61;169.805;296;296
2026-06-08T14:50:38.0000000Z;169.61;169.785;296;296
2026-06-08T14:50:39.0000000Z;169.61;169.77;296;296
2026-06-08T14:50:41.0000000Z;169.61;169.775;296;296
2026-06-08T14:50:42.0000000Z;169.61;169.77;296;296
2026-06-08T14:50:44.0000000Z;169.61;169.82;296;296
2026-06-08T14:50:45.0000000Z;169.61;169.81;296;296
2026-06-08T14:50:46.0000000Z;169.61;169.79;296;296
2026-06-08T14:50:47.0000000Z;169.61;169.78;296;296
2026-06-08T14:50:48.0000000Z;169.61;169.78;296;296
2026-06-08T14:50:50.0000000Z;169.61;169.825;296;296
2026-06-08T14:50:51.0000000Z;169.61;169.815;296;296
2026-06-08T14:50:54.0000000Z;169.61;169.805;296;296
2026-06-08T14:50:55.0000000Z;169.61;169.785;296;296
2026-06-08T14:50:56.0000000Z;169.61;169.77;296;296
2026-06-08T14:50:58.0000000Z;169.61;169.77;296;296
2026-06-08T14:51:00.0000000Z;169.61;169.815;296;296
2026-06-08T14:51:03.0000000Z;169.61;169.795;296;296
2026-06-08T14:51:04.0000000Z;169.61;169.785;296;296
2026-06-08T14:51:05.0000000Z;169.61;169.77;296;296
2026-06-08T14:51:06.0000000Z;169.61;169.77;296;296
2026-06-08T14:51:08.0000000Z;169.61;169.815;296;296
2026-06-08T14:51:11.0000000Z;169.61;169.795;296;296
2026-06-08T14:51:12.0000000Z;169.61;169.785;296;296
2026-06-08T14:51:13.0000000Z;169.61;169.775;296;296
2026-06-08T14:51:14.0000000Z;169.61;169.77;296;296
2026-06-08T14:51:16.0000000Z;169.61;169.82;296;296
2026-06-08T14:51:19.0000000Z;169.61;169.81;296;296
2026-06-08T14:51:20.0000000Z;169.61;169.8;296;296
2026-06-08T14:51:21.0000000Z;169.61;169.79;296;296
2026-06-08T14:51:22.0000000Z;169.61;169.77;296;296
2026-06-08T14:51:26.0000000Z;169.61;169.825;296;296
2026-06-08T14:51:27.0000000Z;169.61;169.815;296;296
2026-06-08T14:51:29.0000000Z;169.61;169.805;296;296
2026-06-08T14:51:30.0000000Z;169.61;169.795;296;296
2026-06-08T14:51:31.0000000Z;169.61;169.775;296;296
2026-06-08T14:51:32.0000000Z;169.61;169.77;296;296
2026-06-08T14:51:34.0000000Z;169.61;169.825;296;296
2026-06-08T14:51:36.0000000Z;169.61;169.815;296;296
2026-06-08T14:51:39.0000000Z;169.61;169.795;296;296
2026-06-08T14:51:40.0000000Z;169.61;169.775;296;296
2026-06-08T14:51:41.0000000Z;169.61;169.77;296;296
2026-06-08T14:51:44.0000000Z;169.61;169.82;296;296
2026-06-08T14:51:46.0000000Z;169.61;169.81;296;296
2026-06-08T14:51:48.0000000Z;169.61;169.8;296;296
2026-06-08T14:51:49.0000000Z;169.61;169.78;296;296
2026-06-08T14:51:50.0000000Z;169.61;169.775;296;296
2026-06-08T14:51:51.0000000Z;169.61;169.8;296;296
2026-06-08T14:51:52.0000000Z;169.61;169.78;296;296
2026-06-08T14:51:53.0000000Z;169.61;169.775;296;296
2026-06-08T14:51:54.0000000Z;169.61;169.79;296;296
2026-06-08T14:51:55.0000000Z;169.61;169.78;296;296
2026-06-08T14:51:56.0000000Z;169.61;169.775;296;296
2026-06-08T14:51:59.0000000Z;169.61;169.78;296;296
2026-06-08T14:52:01.0000000Z;169.61;169.78;296;296
2026-06-08T14:52:02.0000000Z;169.61;169.775;296;296
2026-06-08T14:52:08.0000000Z;169.61;169.775;296;296
2026-06-08T14:52:11.0000000Z;169.61;169.78;296;296
2026-06-08T14:52:12.0000000Z;169.61;169.775;296;296
2026-06-08T14:52:14.0000000Z;169.61;169.775;296;296
2026-06-08T14:52:18.0000000Z;169.61;169.78;296;296
2026-06-08T14:52:19.0000000Z;169.61;169.775;296;296
2026-06-08T14:52:21.0000000Z;169.61;169.78;296;296
2026-06-08T14:52:22.0000000Z;169.61;169.775;296;296
2026-06-08T14:52:27.0000000Z;169.61;169.79;296;296
2026-06-08T14:52:28.0000000Z;169.61;169.775;296;296
2026-06-08T14:52:33.0000000Z;169.61;169.78;296;296
2026-06-08T14:52:34.0000000Z;169.61;169.78;296;296
2026-06-08T14:52:35.0000000Z;169.61;169.79;296;296
2026-06-08T14:52:36.0000000Z;169.61;169.775;296;296
2026-06-08T14:52:38.0000000Z;169.61;169.79;296;296
2026-06-08T14:52:39.0000000Z;169.61;169.775;296;296
2026-06-08T14:52:41.0000000Z;169.61;169.78;296;296
2026-06-08T14:52:43.0000000Z;169.61;169.775;296;296
2026-06-08T14:52:45.0000000Z;169.61;169.775;296;296
2026-06-08T14:52:47.0000000Z;169.61;169.78;296;296
2026-06-08T14:52:48.0000000Z;169.61;169.775;296;296
2026-06-08T14:52:49.0000000Z;169.61;169.79;296;296
2026-06-08T14:52:53.0000000Z;169.61;169.795;296;296
2026-06-08T14:52:55.0000000Z;169.61;169.81;296;296
2026-06-08T14:53:25.0000000Z;169.61;169.81;296;296
2026-06-08T14:53:55.0000000Z;169.61;169.81;296;296
2026-06-08T14:54:26.0000000Z;169.61;169.81;296;296
2026-06-08T14:54:56.0000000Z;169.61;169.81;296;296
2026-06-08T14:55:07.0000000Z;169.61;169.81;296;296
2026-06-08T14:55:09.0000000Z;169.61;169.84;296;296
2026-06-08T14:55:11.0000000Z;169.61;169.855;296;296
2026-06-08T14:55:20.0000000Z;169.61;169.8;296;296
2026-06-08T14:55:21.0000000Z;169.61;169.87;296;296
2026-06-08T14:55:25.0000000Z;169.61;169.875;296;296
2026-06-08T14:55:43.0000000Z;169.61;169.86;296;296
2026-06-08T14:55:46.0000000Z;169.61;169.875;296;296
2026-06-08T14:56:16.0000000Z;169.61;169.875;296;296
2026-06-08T14:56:25.0000000Z;169.61;169.8;296;296
2026-06-08T14:56:27.0000000Z;169.61;169.875;296;296
2026-06-08T14:56:28.0000000Z;169.61;169.8;296;296
2026-06-08T14:56:30.0000000Z;169.61;169.88;296;296
2026-06-08T14:56:34.0000000Z;169.61;169.895;296;296
2026-06-08T14:56:51.0000000Z;169.61;169.885;296;296
2026-06-08T14:56:56.0000000Z;169.61;169.865;296;296
2026-06-08T14:57:25.0000000Z;169.61;169.855;296;296
2026-06-08T14:57:47.0000000Z;169.61;169.795;296;296
2026-06-08T14:57:50.0000000Z;169.61;169.85;296;296
2026-06-08T14:58:05.0000000Z;169.61;169.84;296;296
2026-06-08T14:58:10.0000000Z;169.61;169.83;296;296
2026-06-08T14:58:11.0000000Z;169.61;169.81;296;296
2026-06-08T14:58:12.0000000Z;169.61;169.8;296;296
2026-06-08T14:58:41.0000000Z;169.64;169.8;296;296
2026-06-08T14:59:10.0000000Z;169.64;169.81;296;296
2026-06-08T14:59:15.0000000Z;169.64;169.8;296;296
2026-06-08T14:59:16.0000000Z;169.64;169.78;296;296
2026-06-08T14:59:17.0000000Z;169.64;169.77;296;296
2026-06-08T14:59:18.0000000Z;169.64;169.77;296;296
2026-06-08T14:59:20.0000000Z;169.64;169.84;296;296
2026-06-08T14:59:22.0000000Z;169.64;169.845;296;296
2026-06-08T14:59:24.0000000Z;169.64;169.84;296;296
2026-06-08T14:59:34.0000000Z;169.64;169.85;296;296
2026-06-08T14:59:49.0000000Z;169.64;169.85;296;296
2026-06-08T14:59:50.0000000Z;169.64;169.92;296;296
2026-06-08T14:59:51.0000000Z;169.64;169.91;296;296
2026-06-08T14:59:52.0000000Z;169.64;169.9;296;296
2026-06-08T14:59:53.0000000Z;169.64;169.88;296;296
2026-06-08T14:59:54.0000000Z;169.64;169.86;296;296
2026-06-08T14:59:55.0000000Z;169.64;169.84;296;296
2026-06-08T14:59:57.0000000Z;169.64;169.835;296;296
