2026-06-08T08:00:01.0000000Z;22.815;22.84;4445;4445
2026-06-08T08:00:02.0000000Z;22.815;22.845;4445;4445
2026-06-08T08:00:04.0000000Z;22.81;22.845;4445;4445
2026-06-08T08:00:06.0000000Z;22.81;22.85;4445;4445
2026-06-08T08:00:10.0000000Z;22.815;22.85;4445;4445
2026-06-08T08:00:19.0000000Z;22.815;22.845;4445;4445
2026-06-08T08:00:50.0000000Z;22.815;22.845;4445;4445
2026-06-08T08:00:58.0000000Z;22.81;22.845;4445;4445
2026-06-08T08:01:01.0000000Z;22.81;22.84;4445;4445
2026-06-08T08:01:03.0000000Z;22.815;22.84;4445;4445
2026-06-08T08:01:06.0000000Z;22.82;22.84;4445;4445
2026-06-08T08:01:08.0000000Z;22.82;22.845;4445;4445
2026-06-08T08:01:10.0000000Z;22.815;22.845;4445;4445
2026-06-08T08:01:12.0000000Z;22.82;22.845;4445;4445
2026-06-08T08:01:26.0000000Z;22.815;22.845;4445;4445
2026-06-08T08:01:41.0000000Z;22.815;22.83;4445;4445
2026-06-08T08:01:48.0000000Z;22.81;22.83;4445;4445
2026-06-08T08:02:18.0000000Z;22.81;22.83;4445;4445
2026-06-08T08:02:49.0000000Z;22.81;22.83;4445;4445
2026-06-08T08:02:50.0000000Z;22.805;22.83;4445;4445
2026-06-08T08:03:02.0000000Z;22.805;22.82;4445;4445
2026-06-08T08:03:06.0000000Z;22.8;22.82;4445;4445
2026-06-08T08:03:37.0000000Z;22.8;22.82;4445;4445
2026-06-08T08:03:50.0000000Z;22.805;22.82;4445;4445
2026-06-08T08:04:21.0000000Z;22.805;22.82;4445;4445
2026-06-08T08:04:31.0000000Z;22.81;22.82;4445;4445
2026-06-08T08:04:33.0000000Z;22.81;22.835;4445;4445
2026-06-08T08:04:53.0000000Z;22.815;22.835;4445;4445
2026-06-08T08:05:19.0000000Z;22.825;22.845;4445;4445
2026-06-08T08:05:20.0000000Z;22.82;22.845;4445;4445
2026-06-08T08:05:21.0000000Z;22.825;22.845;4445;4445
2026-06-08T08:05:23.0000000Z;22.82;22.845;4445;4445
2026-06-08T08:05:25.0000000Z;22.82;22.85;4445;4445
2026-06-08T08:05:33.0000000Z;22.825;22.85;4445;4445
2026-06-08T08:05:37.0000000Z;22.835;22.85;4445;4445
2026-06-08T08:05:55.0000000Z;22.835;22.845;4445;4445
2026-06-08T08:06:25.0000000Z;22.835;22.845;4445;4445
2026-06-08T08:06:45.0000000Z;22.835;22.85;4445;4445
2026-06-08T08:07:16.0000000Z;22.835;22.85;4445;4445
2026-06-08T08:07:47.0000000Z;22.835;22.85;4445;4445
2026-06-08T08:07:54.0000000Z;22.815;22.85;4445;4445
2026-06-08T08:07:59.0000000Z;22.82;22.85;4445;4445
2026-06-08T08:08:11.0000000Z;22.81;22.85;4445;4445
2026-06-08T08:08:13.0000000Z;22.815;22.85;4445;4445
2026-06-08T08:08:14.0000000Z;22.82;22.85;4445;4445
2026-06-08T08:08:44.0000000Z;22.82;22.85;4445;4445
2026-06-08T08:08:51.0000000Z;22.81;22.85;4445;4445
2026-06-08T08:09:02.0000000Z;22.815;22.85;4445;4445
2026-06-08T08:09:05.0000000Z;22.805;22.85;4445;4445
2026-06-08T08:09:25.0000000Z;22.815;22.85;4445;4445
2026-06-08T08:09:41.0000000Z;22.82;22.85;4445;4445
2026-06-08T08:10:01.0000000Z;22.82;22.86;4445;4445
2026-06-08T08:10:05.0000000Z;22.82;22.855;4445;4445
2026-06-08T08:10:09.0000000Z;22.82;22.84;4445;4445
2026-06-08T08:10:11.0000000Z;22.815;22.84;4445;4445
2026-06-08T08:10:24.0000000Z;22.81;22.84;4445;4445
2026-06-08T08:10:25.0000000Z;22.81;22.83;4445;4445
2026-06-08T08:10:26.0000000Z;22.815;22.83;4445;4445
2026-06-08T08:10:28.0000000Z;22.815;22.83;4445;4445
2026-06-08T08:10:35.0000000Z;22.81;22.83;4445;4445
2026-06-08T08:10:49.0000000Z;22.815;22.83;4445;4445
2026-06-08T08:10:52.0000000Z;22.815;22.835;4445;4445
2026-06-08T08:11:22.0000000Z;22.815;22.835;4445;4445
2026-06-08T08:11:48.0000000Z;22.82;22.835;4445;4445
2026-06-08T08:11:49.0000000Z;22.825;22.835;4445;4445
2026-06-08T08:11:50.0000000Z;22.825;22.85;4445;4445
2026-06-08T08:11:51.0000000Z;22.825;22.84;4445;4445
2026-06-08T08:12:04.0000000Z;22.82;22.84;4445;4445
2026-06-08T08:12:34.0000000Z;22.82;22.84;4445;4445
2026-06-08T08:12:44.0000000Z;22.82;22.835;4445;4445
2026-06-08T08:12:50.0000000Z;22.815;22.835;4445;4445
2026-06-08T08:13:10.0000000Z;22.82;22.835;4445;4445
2026-06-08T08:13:16.0000000Z;22.825;22.835;4445;4445
2026-06-08T08:13:22.0000000Z;22.825;22.84;4445;4445
2026-06-08T08:13:53.0000000Z;22.825;22.84;4445;4445
2026-06-08T08:14:24.0000000Z;22.825;22.84;4445;4445
2026-06-08T08:14:49.0000000Z;22.82;22.84;4445;4445
2026-06-08T08:14:50.0000000Z;22.82;22.835;4445;4445
2026-06-08T08:15:14.0000000Z;22.825;22.835;4445;4445
2026-06-08T08:15:23.0000000Z;22.83;22.835;4445;4445
2026-06-08T08:15:25.0000000Z;22.83;22.84;4445;4445
2026-06-08T08:15:35.0000000Z;22.83;22.845;4445;4445
2026-06-08T08:15:41.0000000Z;22.825;22.845;4445;4445
2026-06-08T08:16:11.0000000Z;22.825;22.845;4445;4445
2026-06-08T08:16:42.0000000Z;22.825;22.845;4445;4445
2026-06-08T08:16:57.0000000Z;22.805;22.845;4445;4445
2026-06-08T08:16:58.0000000Z;22.82;22.845;4445;4445
2026-06-08T08:17:01.0000000Z;22.82;22.84;4445;4445
2026-06-08T08:17:06.0000000Z;22.825;22.84;4445;4445
2026-06-08T08:17:11.0000000Z;22.82;22.84;4445;4445
2026-06-08T08:17:27.0000000Z;22.825;22.84;4445;4445
2026-06-08T08:17:38.0000000Z;22.82;22.84;4445;4445
2026-06-08T08:17:56.0000000Z;22.825;22.84;4445;4445
2026-06-08T08:18:10.0000000Z;22.825;22.84;4445;4445
2026-06-08T08:18:11.0000000Z;22.825;22.84;4445;4445
2026-06-08T08:18:42.0000000Z;22.825;22.84;4445;4445
2026-06-08T08:18:51.0000000Z;22.83;22.84;4445;4445
2026-06-08T08:18:52.0000000Z;22.83;22.845;4445;4445
2026-06-08T08:19:02.0000000Z;22.83;22.85;4445;4445
2026-06-08T08:19:03.0000000Z;22.835;22.85;4445;4445
2026-06-08T08:19:26.0000000Z;22.835;22.855;4445;4445
2026-06-08T08:19:56.0000000Z;22.835;22.855;4445;4445
2026-06-08T08:20:27.0000000Z;22.835;22.855;4445;4445
2026-06-08T08:20:29.0000000Z;22.835;22.85;4445;4445
2026-06-08T08:20:31.0000000Z;22.825;22.85;4445;4445
2026-06-08T08:20:35.0000000Z;22.83;22.85;4445;4445
2026-06-08T08:21:06.0000000Z;22.83;22.85;4445;4445
2026-06-08T08:21:22.0000000Z;22.83;22.845;4445;4445
2026-06-08T08:21:23.0000000Z;22.825;22.845;4445;4445
2026-06-08T08:21:36.0000000Z;22.83;22.845;4445;4445
2026-06-08T08:22:05.0000000Z;22.83;22.845;4445;4445
2026-06-08T08:22:36.0000000Z;22.83;22.845;4445;4445
2026-06-08T08:22:38.0000000Z;22.835;22.845;4445;4445
2026-06-08T08:22:41.0000000Z;22.83;22.845;4445;4445
2026-06-08T08:23:03.0000000Z;22.825;22.845;4445;4445
2026-06-08T08:23:05.0000000Z;22.82;22.84;4445;4445
2026-06-08T08:23:06.0000000Z;22.82;22.835;4445;4445
2026-06-08T08:23:13.0000000Z;22.815;22.835;4445;4445
2026-06-08T08:23:44.0000000Z;22.815;22.835;4445;4445
2026-06-08T08:23:47.0000000Z;22.82;22.835;4445;4445
2026-06-08T08:23:49.0000000Z;22.82;22.84;4445;4445
2026-06-08T08:24:20.0000000Z;22.82;22.84;4445;4445
2026-06-08T08:24:27.0000000Z;22.825;22.84;4445;4445
2026-06-08T08:24:30.0000000Z;22.825;22.845;4445;4445
2026-06-08T08:25:00.0000000Z;22.825;22.845;4445;4445
2026-06-08T08:25:28.0000000Z;22.83;22.845;4445;4445
2026-06-08T08:25:52.0000000Z;22.835;22.845;4445;4445
2026-06-08T08:26:22.0000000Z;22.83;22.845;4445;4445
2026-06-08T08:26:29.0000000Z;22.835;22.845;4445;4445
2026-06-08T08:26:38.0000000Z;22.835;22.845;4445;4445
2026-06-08T08:26:39.0000000Z;22.83;22.845;4445;4445
2026-06-08T08:26:56.0000000Z;22.835;22.845;4445;4445
2026-06-08T08:26:58.0000000Z;22.83;22.845;4445;4445
2026-06-08T08:27:27.0000000Z;22.83;22.845;4445;4445
2026-06-08T08:27:30.0000000Z;22.825;22.845;4445;4445
2026-06-08T08:27:34.0000000Z;22.82;22.845;4445;4445
2026-06-08T08:28:05.0000000Z;22.82;22.845;4445;4445
2026-06-08T08:28:34.0000000Z;22.825;22.845;4445;4445
2026-06-08T08:29:04.0000000Z;22.825;22.845;4445;4445
2026-06-08T08:29:11.0000000Z;22.82;22.845;4445;4445
2026-06-08T08:29:17.0000000Z;22.825;22.845;4445;4445
2026-06-08T08:29:27.0000000Z;22.82;22.845;4445;4445
2026-06-08T08:29:57.0000000Z;22.82;22.845;4445;4445
2026-06-08T08:30:28.0000000Z;22.82;22.845;4445;4445
2026-06-08T08:30:49.0000000Z;22.825;22.845;4445;4445
2026-06-08T08:30:55.0000000Z;22.83;22.845;4445;4445
2026-06-08T08:31:25.0000000Z;22.83;22.85;4445;4445
2026-06-08T08:31:53.0000000Z;22.83;22.85;4445;4445
2026-06-08T08:32:04.0000000Z;22.835;22.85;4445;4445
2026-06-08T08:32:07.0000000Z;22.835;22.855;4445;4445
2026-06-08T08:32:20.0000000Z;22.84;22.855;4445;4445
2026-06-08T08:32:22.0000000Z;22.84;22.86;4445;4445
2026-06-08T08:32:32.0000000Z;22.84;22.865;4445;4445
2026-06-08T08:32:40.0000000Z;22.845;22.865;4445;4445
2026-06-08T08:32:56.0000000Z;22.84;22.865;4445;4445
2026-06-08T08:33:14.0000000Z;22.84;22.86;4445;4445
2026-06-08T08:33:28.0000000Z;22.84;22.865;4445;4445
2026-06-08T08:33:59.0000000Z;22.84;22.865;4445;4445
2026-06-08T08:34:29.0000000Z;22.84;22.865;4445;4445
2026-06-08T08:34:39.0000000Z;22.84;22.86;4445;4445
2026-06-08T08:34:44.0000000Z;22.84;22.865;4445;4445
2026-06-08T08:34:45.0000000Z;22.84;22.86;4445;4445
2026-06-08T08:35:00.0000000Z;22.84;22.865;4445;4445
2026-06-08T08:35:02.0000000Z;22.84;22.86;4445;4445
2026-06-08T08:35:10.0000000Z;22.84;22.865;4445;4445
2026-06-08T08:35:11.0000000Z;22.84;22.86;4445;4445
2026-06-08T08:35:35.0000000Z;22.84;22.855;4445;4445
2026-06-08T08:35:36.0000000Z;22.835;22.855;4445;4445
2026-06-08T08:36:07.0000000Z;22.835;22.855;4445;4445
2026-06-08T08:36:32.0000000Z;22.835;22.85;4445;4445
2026-06-08T08:36:43.0000000Z;22.83;22.85;4445;4445
2026-06-08T08:37:09.0000000Z;22.825;22.85;4445;4445
2026-06-08T08:37:10.0000000Z;22.825;22.845;4445;4445
2026-06-08T08:37:41.0000000Z;22.825;22.845;4445;4445
2026-06-08T08:37:49.0000000Z;22.825;22.845;4445;4445
2026-06-08T08:38:03.0000000Z;22.825;22.85;4445;4445
2026-06-08T08:38:30.0000000Z;22.825;22.845;4445;4445
2026-06-08T08:39:00.0000000Z;22.825;22.845;4445;4445
2026-06-08T08:39:30.0000000Z;22.825;22.845;4445;4445
2026-06-08T08:40:01.0000000Z;22.825;22.845;4445;4445
2026-06-08T08:40:32.0000000Z;22.825;22.845;4445;4445
2026-06-08T08:40:53.0000000Z;22.82;22.845;4445;4445
2026-06-08T08:41:01.0000000Z;22.82;22.845;4445;4445
2026-06-08T08:41:03.0000000Z;22.82;22.84;4445;4445
2026-06-08T08:41:05.0000000Z;22.82;22.835;4445;4445
2026-06-08T08:41:07.0000000Z;22.815;22.835;4445;4445
2026-06-08T08:41:09.0000000Z;22.815;22.84;4445;4445
2026-06-08T08:41:26.0000000Z;22.815;22.835;4445;4445
2026-06-08T08:41:57.0000000Z;22.815;22.835;4445;4445
2026-06-08T08:42:05.0000000Z;22.815;22.84;4445;4445
2026-06-08T08:42:16.0000000Z;22.815;22.835;4445;4445
2026-06-08T08:42:25.0000000Z;22.815;22.84;4445;4445
2026-06-08T08:42:56.0000000Z;22.815;22.835;4445;4445
2026-06-08T08:43:03.0000000Z;22.815;22.84;4445;4445
2026-06-08T08:43:13.0000000Z;22.815;22.835;4445;4445
2026-06-08T08:43:35.0000000Z;22.82;22.835;4445;4445
2026-06-08T08:43:50.0000000Z;22.82;22.84;4445;4445
2026-06-08T08:43:53.0000000Z;22.82;22.835;4445;4445
2026-06-08T08:44:23.0000000Z;22.82;22.835;4445;4445
2026-06-08T08:44:38.0000000Z;22.815;22.835;4445;4445
2026-06-08T08:45:08.0000000Z;22.815;22.835;4445;4445
2026-06-08T08:45:39.0000000Z;22.815;22.835;4445;4445
2026-06-08T08:45:55.0000000Z;22.815;22.83;4445;4445
2026-06-08T08:45:56.0000000Z;22.81;22.83;4445;4445
2026-06-08T08:46:27.0000000Z;22.81;22.83;4445;4445
2026-06-08T08:46:57.0000000Z;22.81;22.83;4445;4445
2026-06-08T08:47:13.0000000Z;22.805;22.825;4445;4445
2026-06-08T08:47:19.0000000Z;22.805;22.83;4445;4445
2026-06-08T08:47:24.0000000Z;22.805;22.825;4445;4445
2026-06-08T08:47:27.0000000Z;22.805;22.83;4445;4445
2026-06-08T08:47:40.0000000Z;22.805;22.825;4445;4445
2026-06-08T08:48:10.0000000Z;22.805;22.825;4445;4445
2026-06-08T08:48:29.0000000Z;22.81;22.825;4445;4445
2026-06-08T08:48:35.0000000Z;22.805;22.825;4445;4445
2026-06-08T08:48:49.0000000Z;22.805;22.83;4445;4445
2026-06-08T08:48:53.0000000Z;22.81;22.83;4445;4445
2026-06-08T08:49:05.0000000Z;22.81;22.835;4445;4445
2026-06-08T08:49:07.0000000Z;22.81;22.84;4445;4445
2026-06-08T08:49:11.0000000Z;22.82;22.84;4445;4445
2026-06-08T08:49:23.0000000Z;22.82;22.845;4445;4445
2026-06-08T08:49:45.0000000Z;22.83;22.845;4445;4445
2026-06-08T08:49:49.0000000Z;22.825;22.845;4445;4445
2026-06-08T08:50:19.0000000Z;22.825;22.845;4445;4445
2026-06-08T08:50:50.0000000Z;22.825;22.845;4445;4445
2026-06-08T08:50:59.0000000Z;22.825;22.84;4445;4445
2026-06-08T08:51:01.0000000Z;22.82;22.835;4445;4445
2026-06-08T08:51:04.0000000Z;22.82;22.84;4445;4445
2026-06-08T08:51:06.0000000Z;22.82;22.845;4445;4445
2026-06-08T08:51:07.0000000Z;22.82;22.84;4445;4445
2026-06-08T08:51:08.0000000Z;22.815;22.84;4445;4445
2026-06-08T08:51:11.0000000Z;22.815;22.835;4445;4445
2026-06-08T08:51:40.0000000Z;22.815;22.84;4445;4445
2026-06-08T08:51:42.0000000Z;22.815;22.835;4445;4445
2026-06-08T08:51:47.0000000Z;22.82;22.835;4445;4445
2026-06-08T08:51:48.0000000Z;22.82;22.84;4445;4445
2026-06-08T08:52:00.0000000Z;22.795;22.835;4445;4445
2026-06-08T08:52:05.0000000Z;22.815;22.835;4445;4445
2026-06-08T08:52:35.0000000Z;22.815;22.835;4445;4445
2026-06-08T08:52:41.0000000Z;22.815;22.84;4445;4445
2026-06-08T08:52:46.0000000Z;22.815;22.835;4445;4445
2026-06-08T08:52:47.0000000Z;22.82;22.84;4445;4445
2026-06-08T08:52:57.0000000Z;22.82;22.835;4445;4445
2026-06-08T08:53:04.0000000Z;22.82;22.84;4445;4445
2026-06-08T08:53:35.0000000Z;22.82;22.84;4445;4445
2026-06-08T08:54:05.0000000Z;22.82;22.84;4445;4445
2026-06-08T08:54:13.0000000Z;22.82;22.845;4445;4445
2026-06-08T08:54:43.0000000Z;22.82;22.845;4445;4445
2026-06-08T08:55:03.0000000Z;22.83;22.845;4445;4445
2026-06-08T08:55:07.0000000Z;22.83;22.85;4445;4445
2026-06-08T08:55:17.0000000Z;22.825;22.85;4445;4445
2026-06-08T08:55:21.0000000Z;22.825;22.845;4445;4445
2026-06-08T08:55:38.0000000Z;22.83;22.845;4445;4445
2026-06-08T08:56:08.0000000Z;22.83;22.845;4445;4445
2026-06-08T08:56:15.0000000Z;22.83;22.84;4445;4445
2026-06-08T08:56:25.0000000Z;22.825;22.84;4445;4445
2026-06-08T08:56:47.0000000Z;22.825;22.845;4445;4445
2026-06-08T08:57:18.0000000Z;22.825;22.845;4445;4445
2026-06-08T08:57:40.0000000Z;22.825;22.85;4445;4445
2026-06-08T08:58:10.0000000Z;22.825;22.85;4445;4445
2026-06-08T08:58:40.0000000Z;22.825;22.85;4445;4445
2026-06-08T08:59:11.0000000Z;22.825;22.85;4445;4445
2026-06-08T08:59:22.0000000Z;22.835;22.85;4445;4445
2026-06-08T08:59:30.0000000Z;22.835;22.855;4445;4445
2026-06-08T08:59:59.0000000Z;22.835;22.85;4445;4445
2026-06-08T09:00:14.0000000Z;22.835;22.855;4445;4445
2026-06-08T09:00:16.0000000Z;22.835;22.86;4445;4445
2026-06-08T09:00:24.0000000Z;22.835;22.855;4445;4445
2026-06-08T09:00:54.0000000Z;22.835;22.855;4445;4445
2026-06-08T09:01:24.0000000Z;22.835;22.855;4445;4445
2026-06-08T09:01:41.0000000Z;22.835;22.86;4445;4445
2026-06-08T09:02:11.0000000Z;22.835;22.86;4445;4445
2026-06-08T09:02:42.0000000Z;22.835;22.86;4445;4445
2026-06-08T09:02:53.0000000Z;22.84;22.86;4445;4445
2026-06-08T09:03:23.0000000Z;22.84;22.86;4445;4445
2026-06-08T09:03:54.0000000Z;22.84;22.86;4445;4445
2026-06-08T09:04:24.0000000Z;22.84;22.86;4445;4445
2026-06-08T09:04:55.0000000Z;22.84;22.86;4445;4445
2026-06-08T09:05:25.0000000Z;22.84;22.86;4445;4445
2026-06-08T09:05:42.0000000Z;22.835;22.86;4445;4445
2026-06-08T09:05:56.0000000Z;22.835;22.85;4445;4445
2026-06-08T09:06:26.0000000Z;22.835;22.85;4445;4445
2026-06-08T09:06:34.0000000Z;22.83;22.85;4445;4445
2026-06-08T09:07:04.0000000Z;22.83;22.85;4445;4445
2026-06-08T09:07:10.0000000Z;22.825;22.85;4445;4445
2026-06-08T09:07:41.0000000Z;22.825;22.85;4445;4445
2026-06-08T09:08:11.0000000Z;22.825;22.85;4445;4445
2026-06-08T09:08:26.0000000Z;22.83;22.85;4445;4445
2026-06-08T09:08:49.0000000Z;22.825;22.85;4445;4445
2026-06-08T09:09:05.0000000Z;22.82;22.85;4445;4445
2026-06-08T09:09:22.0000000Z;22.825;22.85;4445;4445
2026-06-08T09:09:31.0000000Z;22.82;22.85;4445;4445
2026-06-08T09:09:36.0000000Z;22.825;22.85;4445;4445
2026-06-08T09:10:01.0000000Z;22.825;22.845;4445;4445
2026-06-08T09:10:03.0000000Z;22.82;22.845;4445;4445
2026-06-08T09:10:07.0000000Z;22.825;22.845;4445;4445
2026-06-08T09:10:33.0000000Z;22.825;22.85;4445;4445
2026-06-08T09:10:36.0000000Z;22.83;22.85;4445;4445
2026-06-08T09:10:50.0000000Z;22.835;22.85;4445;4445
2026-06-08T09:10:52.0000000Z;22.835;22.855;4445;4445
2026-06-08T09:11:22.0000000Z;22.835;22.855;4445;4445
2026-06-08T09:11:53.0000000Z;22.835;22.855;4445;4445
2026-06-08T09:12:23.0000000Z;22.835;22.855;4445;4445
2026-06-08T09:12:45.0000000Z;22.84;22.855;4445;4445
2026-06-08T09:12:51.0000000Z;22.84;22.86;4445;4445
2026-06-08T09:13:21.0000000Z;22.84;22.86;4445;4445
2026-06-08T09:13:37.0000000Z;22.845;22.86;4445;4445
2026-06-08T09:13:39.0000000Z;22.845;22.865;4445;4445
2026-06-08T09:14:09.0000000Z;22.845;22.865;4445;4445
2026-06-08T09:14:40.0000000Z;22.845;22.865;4445;4445
2026-06-08T09:15:01.0000000Z;22.845;22.87;4445;4445
2026-06-08T09:15:03.0000000Z;22.845;22.865;4445;4445
2026-06-08T09:15:21.0000000Z;22.845;22.87;4445;4445
2026-06-08T09:15:27.0000000Z;22.85;22.87;4445;4445
2026-06-08T09:15:58.0000000Z;22.85;22.87;4445;4445
2026-06-08T09:16:26.0000000Z;22.85;22.875;4445;4445
2026-06-08T09:16:28.0000000Z;22.85;22.87;4445;4445
2026-06-08T09:16:50.0000000Z;22.855;22.87;4445;4445
2026-06-08T09:16:52.0000000Z;22.855;22.875;4445;4445
2026-06-08T09:16:53.0000000Z;22.855;22.87;4445;4445
2026-06-08T09:17:00.0000000Z;22.855;22.875;4445;4445
2026-06-08T09:17:31.0000000Z;22.855;22.875;4445;4445
2026-06-08T09:18:01.0000000Z;22.855;22.875;4445;4445
2026-06-08T09:18:32.0000000Z;22.855;22.875;4445;4445
2026-06-08T09:18:39.0000000Z;22.855;22.87;4445;4445
2026-06-08T09:18:40.0000000Z;22.85;22.87;4445;4445
2026-06-08T09:18:48.0000000Z;22.855;22.87;4445;4445
2026-06-08T09:18:58.0000000Z;22.85;22.87;4445;4445
2026-06-08T09:19:03.0000000Z;22.85;22.87;4445;4445
2026-06-08T09:19:08.0000000Z;22.855;22.87;4445;4445
2026-06-08T09:19:39.0000000Z;22.855;22.87;4445;4445
2026-06-08T09:20:03.0000000Z;22.855;22.875;4445;4445
2026-06-08T09:20:33.0000000Z;22.855;22.875;4445;4445
2026-06-08T09:20:41.0000000Z;22.86;22.875;4445;4445
2026-06-08T09:20:45.0000000Z;22.86;22.88;4445;4445
2026-06-08T09:20:48.0000000Z;22.865;22.88;4445;4445
2026-06-08T09:20:57.0000000Z;22.86;22.88;4445;4445
2026-06-08T09:21:27.0000000Z;22.86;22.88;4445;4445
2026-06-08T09:21:35.0000000Z;22.865;22.88;4445;4445
2026-06-08T09:21:39.0000000Z;22.865;22.885;4445;4445
2026-06-08T09:22:08.0000000Z;22.865;22.885;4445;4445
2026-06-08T09:22:14.0000000Z;22.87;22.885;4445;4445
2026-06-08T09:22:31.0000000Z;22.865;22.885;4445;4445
2026-06-08T09:22:33.0000000Z;22.87;22.885;4445;4445
2026-06-08T09:22:34.0000000Z;22.87;22.885;4445;4445
2026-06-08T09:23:01.0000000Z;22.865;22.885;4445;4445
2026-06-08T09:23:03.0000000Z;22.865;22.88;4445;4445
2026-06-08T09:23:15.0000000Z;22.86;22.88;4445;4445
2026-06-08T09:23:18.0000000Z;22.865;22.88;4445;4445
2026-06-08T09:23:49.0000000Z;22.865;22.88;4445;4445
2026-06-08T09:24:08.0000000Z;22.86;22.88;4445;4445
2026-06-08T09:24:12.0000000Z;22.865;22.88;4445;4445
2026-06-08T09:24:13.0000000Z;22.86;22.88;4445;4445
2026-06-08T09:24:14.0000000Z;22.865;22.88;4445;4445
2026-06-08T09:24:20.0000000Z;22.86;22.88;4445;4445
2026-06-08T09:24:50.0000000Z;22.86;22.88;4445;4445
2026-06-08T09:25:20.0000000Z;22.86;22.88;4445;4445
2026-06-08T09:25:40.0000000Z;22.855;22.88;4445;4445
2026-06-08T09:26:10.0000000Z;22.855;22.88;4445;4445
2026-06-08T09:26:41.0000000Z;22.855;22.88;4445;4445
2026-06-08T09:27:11.0000000Z;22.855;22.88;4445;4445
2026-06-08T09:27:36.0000000Z;22.86;22.88;4445;4445
2026-06-08T09:28:06.0000000Z;22.86;22.88;4445;4445
2026-06-08T09:28:25.0000000Z;22.86;22.875;4445;4445
2026-06-08T09:28:33.0000000Z;22.855;22.88;4445;4445
2026-06-08T09:29:04.0000000Z;22.855;22.88;4445;4445
2026-06-08T09:29:20.0000000Z;22.855;22.875;4445;4445
2026-06-08T09:29:37.0000000Z;22.855;22.88;4445;4445
2026-06-08T09:29:39.0000000Z;22.86;22.88;4445;4445
2026-06-08T09:29:40.0000000Z;22.86;22.875;4445;4445
2026-06-08T09:30:05.0000000Z;22.855;22.875;4445;4445
2026-06-08T09:30:09.0000000Z;22.855;22.88;4445;4445
2026-06-08T09:30:27.0000000Z;22.855;22.875;4445;4445
2026-06-08T09:30:35.0000000Z;22.855;22.88;4445;4445
2026-06-08T09:30:51.0000000Z;22.855;22.875;4445;4445
2026-06-08T09:31:22.0000000Z;22.855;22.875;4445;4445
2026-06-08T09:31:51.0000000Z;22.855;22.88;4445;4445
2026-06-08T09:32:21.0000000Z;22.855;22.875;4445;4445
2026-06-08T09:32:52.0000000Z;22.855;22.875;4445;4445
2026-06-08T09:33:04.0000000Z;22.855;22.88;4445;4445
2026-06-08T09:33:21.0000000Z;22.855;22.88;4445;4445
2026-06-08T09:33:41.0000000Z;22.855;22.88;4445;4445
2026-06-08T09:33:57.0000000Z;22.855;22.875;4445;4445
2026-06-08T09:34:27.0000000Z;22.855;22.875;4445;4445
2026-06-08T09:34:58.0000000Z;22.855;22.875;4445;4445
2026-06-08T09:35:05.0000000Z;22.855;22.87;4445;4445
2026-06-08T09:35:08.0000000Z;22.855;22.875;4445;4445
2026-06-08T09:35:10.0000000Z;22.855;22.87;4445;4445
2026-06-08T09:35:14.0000000Z;22.85;22.87;4445;4445
2026-06-08T09:35:45.0000000Z;22.85;22.87;4445;4445
2026-06-08T09:35:59.0000000Z;22.85;22.865;4445;4445
2026-06-08T09:36:02.0000000Z;22.85;22.87;4445;4445
2026-06-08T09:36:03.0000000Z;22.85;22.865;4445;4445
2026-06-08T09:36:04.0000000Z;22.85;22.87;4445;4445
2026-06-08T09:36:06.0000000Z;22.85;22.865;4445;4445
2026-06-08T09:36:07.0000000Z;22.85;22.865;4445;4445
2026-06-08T09:36:12.0000000Z;22.85;22.87;4445;4445
2026-06-08T09:36:23.0000000Z;22.85;22.865;4445;4445
2026-06-08T09:36:24.0000000Z;22.85;22.87;4445;4445
2026-06-08T09:36:39.0000000Z;22.85;22.875;4445;4445
2026-06-08T09:36:41.0000000Z;22.86;22.875;4445;4445
2026-06-08T09:36:44.0000000Z;22.86;22.905;4445;4445
2026-06-08T09:36:49.0000000Z;22.85;22.945;4445;4445
2026-06-08T09:36:51.0000000Z;22.86;22.895;4445;4445
2026-06-08T09:36:56.0000000Z;22.865;22.895;4445;4445
2026-06-08T09:37:00.0000000Z;22.87;22.895;4445;4445
2026-06-08T09:37:01.0000000Z;22.875;22.895;4445;4445
2026-06-08T09:37:13.0000000Z;22.87;22.895;4445;4445
2026-06-08T09:37:15.0000000Z;22.86;22.895;4445;4445
2026-06-08T09:37:16.0000000Z;22.87;22.895;4445;4445
2026-06-08T09:37:18.0000000Z;22.875;22.895;4445;4445
2026-06-08T09:37:20.0000000Z;22.87;22.895;4445;4445
2026-06-08T09:37:21.0000000Z;22.875;22.895;4445;4445
2026-06-08T09:37:23.0000000Z;22.87;22.895;4445;4445
2026-06-08T09:37:27.0000000Z;22.865;22.895;4445;4445
2026-06-08T09:37:28.0000000Z;22.87;22.895;4445;4445
2026-06-08T09:37:35.0000000Z;22.865;22.895;4445;4445
2026-06-08T09:37:39.0000000Z;22.86;22.895;4445;4445
2026-06-08T09:38:02.0000000Z;22.865;22.885;4445;4445
2026-06-08T09:38:15.0000000Z;22.86;22.885;4445;4445
2026-06-08T09:38:46.0000000Z;22.86;22.885;4445;4445
2026-06-08T09:39:06.0000000Z;22.86;22.875;4445;4445
2026-06-08T09:39:10.0000000Z;22.865;22.875;4445;4445
2026-06-08T09:39:15.0000000Z;22.87;22.89;4445;4445
2026-06-08T09:39:21.0000000Z;22.87;22.885;4445;4445
2026-06-08T09:39:39.0000000Z;22.865;22.885;4445;4445
2026-06-08T09:40:09.0000000Z;22.865;22.885;4445;4445
2026-06-08T09:40:13.0000000Z;22.865;22.88;4445;4445
2026-06-08T09:40:19.0000000Z;22.86;22.88;4445;4445
2026-06-08T09:40:50.0000000Z;22.86;22.88;4445;4445
2026-06-08T09:41:04.0000000Z;22.87;22.88;4445;4445
2026-06-08T09:41:12.0000000Z;22.865;22.88;4445;4445
2026-06-08T09:41:41.0000000Z;22.865;22.88;4445;4445
2026-06-08T09:42:11.0000000Z;22.865;22.88;4445;4445
2026-06-08T09:42:42.0000000Z;22.865;22.88;4445;4445
2026-06-08T09:42:51.0000000Z;22.87;22.88;4445;4445
2026-06-08T09:42:54.0000000Z;22.87;22.885;4445;4445
2026-06-08T09:42:58.0000000Z;22.875;22.885;4445;4445
2026-06-08T09:43:02.0000000Z;22.87;22.885;4445;4445
2026-06-08T09:43:22.0000000Z;22.875;22.885;4445;4445
2026-06-08T09:43:24.0000000Z;22.875;22.89;4445;4445
2026-06-08T09:43:44.0000000Z;22.88;22.89;4445;4445
2026-06-08T09:43:46.0000000Z;22.88;22.895;4445;4445
2026-06-08T09:44:16.0000000Z;22.88;22.895;4445;4445
2026-06-08T09:44:28.0000000Z;22.88;22.9;4445;4445
2026-06-08T09:44:58.0000000Z;22.88;22.9;4445;4445
2026-06-08T09:45:10.0000000Z;22.88;22.895;4445;4445
2026-06-08T09:45:11.0000000Z;22.88;22.9;4445;4445
2026-06-08T09:45:16.0000000Z;22.88;22.895;4445;4445
2026-06-08T09:45:44.0000000Z;22.88;22.895;4445;4445
2026-06-08T09:45:47.0000000Z;22.88;22.9;4445;4445
2026-06-08T09:46:07.0000000Z;22.88;22.905;4445;4445
2026-06-08T09:46:10.0000000Z;22.88;22.9;4445;4445
2026-06-08T09:46:11.0000000Z;22.88;22.905;4445;4445
2026-06-08T09:46:12.0000000Z;22.88;22.9;4445;4445
2026-06-08T09:46:43.0000000Z;22.88;22.905;4445;4445
2026-06-08T09:47:14.0000000Z;22.88;22.905;4445;4445
2026-06-08T09:47:44.0000000Z;22.88;22.905;4445;4445
2026-06-08T09:48:15.0000000Z;22.88;22.905;4445;4445
2026-06-08T09:48:27.0000000Z;22.885;22.905;4445;4445
2026-06-08T09:48:55.0000000Z;22.875;22.905;4445;4445
2026-06-08T09:48:59.0000000Z;22.885;22.905;4445;4445
2026-06-08T09:49:29.0000000Z;22.885;22.905;4445;4445
2026-06-08T09:50:00.0000000Z;22.885;22.905;4445;4445
2026-06-08T09:50:23.0000000Z;22.885;22.895;4445;4445
2026-06-08T09:50:24.0000000Z;22.88;22.895;4445;4445
2026-06-08T09:50:37.0000000Z;22.885;22.895;4445;4445
2026-06-08T09:50:40.0000000Z;22.885;22.9;4445;4445
2026-06-08T09:51:10.0000000Z;22.88;22.9;4445;4445
2026-06-08T09:51:40.0000000Z;22.88;22.9;4445;4445
2026-06-08T09:52:00.0000000Z;22.885;22.9;4445;4445
2026-06-08T09:52:22.0000000Z;22.885;22.905;4445;4445
2026-06-08T09:52:26.0000000Z;22.89;22.905;4445;4445
2026-06-08T09:52:30.0000000Z;22.885;22.905;4445;4445
2026-06-08T09:52:56.0000000Z;22.88;22.905;4445;4445
2026-06-08T09:53:09.0000000Z;22.885;22.905;4445;4445
2026-06-08T09:53:14.0000000Z;22.88;22.905;4445;4445
2026-06-08T09:53:45.0000000Z;22.88;22.905;4445;4445
2026-06-08T09:54:15.0000000Z;22.88;22.905;4445;4445
2026-06-08T09:54:46.0000000Z;22.88;22.905;4445;4445
2026-06-08T09:55:16.0000000Z;22.88;22.905;4445;4445
2026-06-08T09:55:32.0000000Z;22.88;22.895;4445;4445
2026-06-08T09:56:02.0000000Z;22.88;22.895;4445;4445
2026-06-08T09:56:15.0000000Z;22.885;22.895;4445;4445
2026-06-08T09:56:16.0000000Z;22.88;22.895;4445;4445
2026-06-08T09:56:17.0000000Z;22.875;22.895;4445;4445
2026-06-08T09:56:48.0000000Z;22.875;22.895;4445;4445
2026-06-08T09:57:19.0000000Z;22.875;22.895;4445;4445
2026-06-08T09:57:49.0000000Z;22.875;22.895;4445;4445
2026-06-08T09:58:20.0000000Z;22.875;22.895;4445;4445
2026-06-08T09:58:50.0000000Z;22.875;22.895;4445;4445
2026-06-08T09:59:20.0000000Z;22.885;22.9;4445;4445
2026-06-08T09:59:26.0000000Z;22.88;22.9;4445;4445
2026-06-08T09:59:56.0000000Z;22.88;22.9;4445;4445
2026-06-08T10:00:27.0000000Z;22.88;22.9;4445;4445
2026-06-08T10:00:58.0000000Z;22.88;22.9;4445;4445
2026-06-08T10:01:12.0000000Z;22.875;22.9;4445;4445
2026-06-08T10:01:30.0000000Z;22.875;22.895;4445;4445
2026-06-08T10:01:31.0000000Z;22.875;22.89;4445;4445
2026-06-08T10:01:32.0000000Z;22.87;22.89;4445;4445
2026-06-08T10:01:44.0000000Z;22.87;22.895;4445;4445
2026-06-08T10:01:46.0000000Z;22.87;22.89;4445;4445
2026-06-08T10:01:47.0000000Z;22.87;22.895;4445;4445
2026-06-08T10:02:00.0000000Z;22.87;22.89;4445;4445
2026-06-08T10:02:05.0000000Z;22.865;22.89;4445;4445
2026-06-08T10:02:09.0000000Z;22.85;22.885;4445;4445
2026-06-08T10:02:11.0000000Z;22.85;22.88;4445;4445
2026-06-08T10:02:13.0000000Z;22.83;22.88;4445;4445
2026-06-08T10:02:14.0000000Z;22.845;22.88;4445;4445
2026-06-08T10:02:15.0000000Z;22.845;22.885;4445;4445
2026-06-08T10:02:16.0000000Z;22.85;22.88;4445;4445
2026-06-08T10:02:21.0000000Z;22.855;22.88;4445;4445
2026-06-08T10:02:23.0000000Z;22.855;22.875;4445;4445
2026-06-08T10:02:29.0000000Z;22.855;22.88;4445;4445
2026-06-08T10:02:58.0000000Z;22.86;22.88;4445;4445
2026-06-08T10:02:59.0000000Z;22.86;22.885;4445;4445
2026-06-08T10:03:00.0000000Z;22.865;22.885;4445;4445
2026-06-08T10:03:30.0000000Z;22.865;22.885;4445;4445
2026-06-08T10:03:43.0000000Z;22.865;22.89;4445;4445
2026-06-08T10:04:13.0000000Z;22.865;22.89;4445;4445
2026-06-08T10:04:17.0000000Z;22.875;22.89;4445;4445
2026-06-08T10:04:48.0000000Z;22.875;22.89;4445;4445
2026-06-08T10:05:18.0000000Z;22.875;22.89;4445;4445
2026-06-08T10:05:33.0000000Z;22.88;22.89;4445;4445
2026-06-08T10:05:35.0000000Z;22.875;22.89;4445;4445
2026-06-08T10:05:36.0000000Z;22.875;22.895;4445;4445
2026-06-08T10:06:06.0000000Z;22.875;22.895;4445;4445
2026-06-08T10:06:16.0000000Z;22.87;22.895;4445;4445
2026-06-08T10:06:18.0000000Z;22.87;22.89;4445;4445
2026-06-08T10:06:19.0000000Z;22.87;22.895;4445;4445
2026-06-08T10:06:20.0000000Z;22.87;22.89;4445;4445
2026-06-08T10:06:23.0000000Z;22.88;22.89;4445;4445
2026-06-08T10:06:24.0000000Z;22.88;22.89;4445;4445
2026-06-08T10:06:26.0000000Z;22.88;22.89;4445;4445
2026-06-08T10:06:30.0000000Z;22.87;22.89;4445;4445
2026-06-08T10:06:50.0000000Z;22.88;22.89;4445;4445
2026-06-08T10:06:52.0000000Z;22.88;22.895;4445;4445
2026-06-08T10:07:22.0000000Z;22.88;22.895;4445;4445
2026-06-08T10:07:53.0000000Z;22.88;22.895;4445;4445
2026-06-08T10:08:06.0000000Z;22.88;22.9;4445;4445
2026-06-08T10:08:37.0000000Z;22.88;22.9;4445;4445
2026-06-08T10:09:01.0000000Z;22.875;22.9;4445;4445
2026-06-08T10:09:31.0000000Z;22.875;22.9;4445;4445
2026-06-08T10:09:47.0000000Z;22.875;22.895;4445;4445
2026-06-08T10:09:57.0000000Z;22.87;22.895;4445;4445
2026-06-08T10:10:28.0000000Z;22.87;22.895;4445;4445
2026-06-08T10:10:38.0000000Z;22.875;22.895;4445;4445
2026-06-08T10:11:08.0000000Z;22.875;22.895;4445;4445
2026-06-08T10:11:39.0000000Z;22.875;22.895;4445;4445
2026-06-08T10:12:09.0000000Z;22.875;22.895;4445;4445
2026-06-08T10:12:11.0000000Z;22.875;22.9;4445;4445
2026-06-08T10:12:15.0000000Z;22.88;22.9;4445;4445
2026-06-08T10:12:45.0000000Z;22.88;22.9;4445;4445
2026-06-08T10:13:16.0000000Z;22.88;22.9;4445;4445
2026-06-08T10:13:46.0000000Z;22.88;22.9;4445;4445
2026-06-08T10:14:11.0000000Z;22.88;22.89;4445;4445
2026-06-08T10:14:19.0000000Z;22.875;22.89;4445;4445
2026-06-08T10:14:49.0000000Z;22.875;22.89;4445;4445
2026-06-08T10:15:10.0000000Z;22.875;22.895;4445;4445
2026-06-08T10:15:11.0000000Z;22.875;22.89;4445;4445
2026-06-08T10:15:41.0000000Z;22.875;22.89;4445;4445
2026-06-08T10:16:10.0000000Z;22.875;22.895;4445;4445
2026-06-08T10:16:15.0000000Z;22.88;22.895;4445;4445
2026-06-08T10:16:20.0000000Z;22.875;22.895;4445;4445
2026-06-08T10:16:50.0000000Z;22.875;22.895;4445;4445
2026-06-08T10:16:56.0000000Z;22.875;22.885;4445;4445
2026-06-08T10:17:00.0000000Z;22.87;22.885;4445;4445
2026-06-08T10:17:11.0000000Z;22.87;22.88;4445;4445
2026-06-08T10:17:14.0000000Z;22.865;22.88;4445;4445
2026-06-08T10:17:16.0000000Z;22.865;22.885;4445;4445
2026-06-08T10:17:20.0000000Z;22.865;22.88;4445;4445
2026-06-08T10:17:24.0000000Z;22.865;22.885;4445;4445
2026-06-08T10:17:30.0000000Z;22.865;22.88;4445;4445
2026-06-08T10:17:56.0000000Z;22.865;22.885;4445;4445
2026-06-08T10:18:07.0000000Z;22.865;22.88;4445;4445
2026-06-08T10:18:08.0000000Z;22.865;22.88;4445;4445
2026-06-08T10:18:39.0000000Z;22.865;22.88;4445;4445
2026-06-08T10:19:10.0000000Z;22.865;22.88;4445;4445
2026-06-08T10:19:18.0000000Z;22.87;22.88;4445;4445
2026-06-08T10:19:27.0000000Z;22.865;22.88;4445;4445
2026-06-08T10:19:31.0000000Z;22.86;22.88;4445;4445
2026-06-08T10:19:52.0000000Z;22.86;22.875;4445;4445
2026-06-08T10:20:22.0000000Z;22.86;22.875;4445;4445
2026-06-08T10:20:53.0000000Z;22.86;22.875;4445;4445
2026-06-08T10:21:23.0000000Z;22.86;22.875;4445;4445
2026-06-08T10:21:41.0000000Z;22.86;22.88;4445;4445
2026-06-08T10:22:01.0000000Z;22.865;22.875;4445;4445
2026-06-08T10:22:07.0000000Z;22.86;22.875;4445;4445
2026-06-08T10:22:36.0000000Z;22.855;22.875;4445;4445
2026-06-08T10:22:43.0000000Z;22.86;22.875;4445;4445
2026-06-08T10:22:44.0000000Z;22.86;22.87;4445;4445
2026-06-08T10:22:48.0000000Z;22.86;22.875;4445;4445
2026-06-08T10:22:50.0000000Z;22.855;22.875;4445;4445
2026-06-08T10:22:52.0000000Z;22.845;22.875;4445;4445
2026-06-08T10:22:54.0000000Z;22.855;22.875;4445;4445
2026-06-08T10:22:56.0000000Z;22.855;22.87;4445;4445
2026-06-08T10:23:00.0000000Z;22.85;22.87;4445;4445
2026-06-08T10:23:30.0000000Z;22.85;22.87;4445;4445
2026-06-08T10:24:01.0000000Z;22.85;22.87;4445;4445
2026-06-08T10:24:31.0000000Z;22.85;22.87;4445;4445
2026-06-08T10:25:02.0000000Z;22.85;22.87;4445;4445
2026-06-08T10:25:22.0000000Z;22.855;22.87;4445;4445
2026-06-08T10:25:24.0000000Z;22.855;22.875;4445;4445
2026-06-08T10:25:33.0000000Z;22.845;22.875;4445;4445
2026-06-08T10:25:47.0000000Z;22.85;22.87;4445;4445
2026-06-08T10:26:17.0000000Z;22.85;22.87;4445;4445
2026-06-08T10:26:31.0000000Z;22.85;22.875;4445;4445
2026-06-08T10:27:01.0000000Z;22.85;22.875;4445;4445
2026-06-08T10:27:32.0000000Z;22.86;22.875;4445;4445
2026-06-08T10:27:39.0000000Z;22.855;22.875;4445;4445
2026-06-08T10:28:09.0000000Z;22.855;22.875;4445;4445
2026-06-08T10:28:40.0000000Z;22.855;22.875;4445;4445
2026-06-08T10:29:06.0000000Z;22.86;22.875;4445;4445
2026-06-08T10:29:09.0000000Z;22.86;22.88;4445;4445
2026-06-08T10:29:28.0000000Z;22.86;22.885;4445;4445
2026-06-08T10:29:58.0000000Z;22.86;22.885;4445;4445
2026-06-08T10:30:29.0000000Z;22.86;22.885;4445;4445
2026-06-08T10:31:00.0000000Z;22.86;22.885;4445;4445
2026-06-08T10:31:08.0000000Z;22.86;22.88;4445;4445
2026-06-08T10:31:18.0000000Z;22.86;22.885;4445;4445
2026-06-08T10:31:30.0000000Z;22.86;22.88;4445;4445
2026-06-08T10:31:54.0000000Z;22.86;22.885;4445;4445
2026-06-08T10:31:55.0000000Z;22.86;22.88;4445;4445
2026-06-08T10:31:58.0000000Z;22.86;22.885;4445;4445
2026-06-08T10:32:28.0000000Z;22.86;22.885;4445;4445
2026-06-08T10:32:32.0000000Z;22.86;22.88;4445;4445
2026-06-08T10:33:02.0000000Z;22.86;22.88;4445;4445
2026-06-08T10:33:32.0000000Z;22.86;22.88;4445;4445
2026-06-08T10:33:40.0000000Z;22.86;22.885;4445;4445
2026-06-08T10:33:44.0000000Z;22.87;22.885;4445;4445
2026-06-08T10:34:14.0000000Z;22.875;22.885;4445;4445
2026-06-08T10:34:16.0000000Z;22.875;22.895;4445;4445
2026-06-08T10:34:19.0000000Z;22.875;22.92;4445;4445
2026-06-08T10:34:21.0000000Z;22.88;22.915;4445;4445
2026-06-08T10:34:25.0000000Z;22.87;22.915;4445;4445
2026-06-08T10:34:27.0000000Z;22.87;22.92;4445;4445
2026-06-08T10:34:29.0000000Z;22.885;22.925;4445;4445
2026-06-08T10:34:33.0000000Z;22.88;22.925;4445;4445
2026-06-08T10:34:36.0000000Z;22.88;22.92;4445;4445
2026-06-08T10:34:37.0000000Z;22.89;22.92;4445;4445
2026-06-08T10:34:39.0000000Z;22.89;22.925;4445;4445
2026-06-08T10:34:40.0000000Z;22.89;22.92;4445;4445
2026-06-08T10:34:41.0000000Z;22.885;22.92;4445;4445
2026-06-08T10:34:42.0000000Z;22.885;22.915;4445;4445
2026-06-08T10:35:05.0000000Z;22.885;22.91;4445;4445
2026-06-08T10:35:08.0000000Z;22.87;22.91;4445;4445
2026-06-08T10:35:11.0000000Z;22.88;22.91;4445;4445
2026-06-08T10:35:15.0000000Z;22.88;22.905;4445;4445
2026-06-08T10:35:17.0000000Z;22.875;22.905;4445;4445
2026-06-08T10:35:30.0000000Z;22.88;22.905;4445;4445
2026-06-08T10:35:45.0000000Z;22.88;22.91;4445;4445
2026-06-08T10:36:16.0000000Z;22.88;22.91;4445;4445
2026-06-08T10:36:46.0000000Z;22.88;22.91;4445;4445
2026-06-08T10:37:06.0000000Z;22.89;22.91;4445;4445
2026-06-08T10:37:31.0000000Z;22.885;22.91;4445;4445
2026-06-08T10:37:33.0000000Z;22.875;22.91;4445;4445
2026-06-08T10:37:35.0000000Z;22.88;22.91;4445;4445
2026-06-08T10:37:36.0000000Z;22.885;22.91;4445;4445
2026-06-08T10:37:37.0000000Z;22.885;22.91;4445;4445
2026-06-08T10:37:39.0000000Z;22.88;22.91;4445;4445
2026-06-08T10:37:43.0000000Z;22.88;22.9;4445;4445
2026-06-08T10:37:53.0000000Z;22.88;22.905;4445;4445
2026-06-08T10:38:13.0000000Z;22.88;22.9;4445;4445
2026-06-08T10:38:20.0000000Z;22.88;22.905;4445;4445
2026-06-08T10:38:50.0000000Z;22.885;22.905;4445;4445
2026-06-08T10:39:02.0000000Z;22.885;22.91;4445;4445
2026-06-08T10:39:33.0000000Z;22.885;22.91;4445;4445
2026-06-08T10:40:03.0000000Z;22.885;22.91;4445;4445
2026-06-08T10:40:34.0000000Z;22.885;22.91;4445;4445
2026-06-08T10:41:04.0000000Z;22.885;22.91;4445;4445
2026-06-08T10:41:35.0000000Z;22.885;22.91;4445;4445
2026-06-08T10:42:05.0000000Z;22.885;22.91;4445;4445
2026-06-08T10:42:36.0000000Z;22.885;22.91;4445;4445
2026-06-08T10:43:07.0000000Z;22.885;22.91;4445;4445
2026-06-08T10:43:37.0000000Z;22.885;22.91;4445;4445
2026-06-08T10:44:08.0000000Z;22.885;22.91;4445;4445
2026-06-08T10:44:38.0000000Z;22.885;22.91;4445;4445
2026-06-08T10:45:09.0000000Z;22.885;22.91;4445;4445
2026-06-08T10:45:40.0000000Z;22.885;22.91;4445;4445
2026-06-08T10:45:43.0000000Z;22.885;22.9;4445;4445
2026-06-08T10:45:45.0000000Z;22.88;22.9;4445;4445
2026-06-08T10:46:15.0000000Z;22.88;22.9;4445;4445
2026-06-08T10:46:46.0000000Z;22.88;22.9;4445;4445
2026-06-08T10:46:51.0000000Z;22.875;22.9;4445;4445
2026-06-08T10:47:17.0000000Z;22.87;22.9;4445;4445
2026-06-08T10:47:48.0000000Z;22.87;22.9;4445;4445
2026-06-08T10:48:19.0000000Z;22.87;22.9;4445;4445
2026-06-08T10:48:49.0000000Z;22.87;22.9;4445;4445
2026-06-08T10:49:20.0000000Z;22.87;22.9;4445;4445
2026-06-08T10:49:50.0000000Z;22.87;22.9;4445;4445
2026-06-08T10:50:14.0000000Z;22.87;22.89;4445;4445
2026-06-08T10:50:34.0000000Z;22.87;22.895;4445;4445
2026-06-08T10:51:02.0000000Z;22.865;22.895;4445;4445
2026-06-08T10:51:31.0000000Z;22.865;22.895;4445;4445
2026-06-08T10:52:02.0000000Z;22.865;22.895;4445;4445
2026-06-08T10:52:32.0000000Z;22.865;22.895;4445;4445
2026-06-08T10:52:35.0000000Z;22.875;22.895;4445;4445
2026-06-08T10:52:41.0000000Z;22.87;22.895;4445;4445
2026-06-08T10:53:11.0000000Z;22.87;22.895;4445;4445
2026-06-08T10:53:13.0000000Z;22.87;22.9;4445;4445
2026-06-08T10:53:16.0000000Z;22.87;22.895;4445;4445
2026-06-08T10:53:21.0000000Z;22.87;22.9;4445;4445
2026-06-08T10:53:28.0000000Z;22.87;22.895;4445;4445
2026-06-08T10:53:56.0000000Z;22.88;22.895;4445;4445
2026-06-08T10:53:57.0000000Z;22.88;22.9;4445;4445
2026-06-08T10:53:59.0000000Z;22.88;22.895;4445;4445
2026-06-08T10:54:27.0000000Z;22.875;22.895;4445;4445
2026-06-08T10:54:53.0000000Z;22.875;22.9;4445;4445
2026-06-08T10:54:55.0000000Z;22.875;22.895;4445;4445
2026-06-08T10:55:00.0000000Z;22.875;22.89;4445;4445
2026-06-08T10:55:31.0000000Z;22.875;22.89;4445;4445
2026-06-08T10:55:32.0000000Z;22.875;22.885;4445;4445
2026-06-08T10:55:33.0000000Z;22.87;22.885;4445;4445
2026-06-08T10:56:04.0000000Z;22.87;22.885;4445;4445
2026-06-08T10:56:06.0000000Z;22.87;22.89;4445;4445
2026-06-08T10:56:23.0000000Z;22.87;22.885;4445;4445
2026-06-08T10:56:36.0000000Z;22.87;22.89;4445;4445
2026-06-08T10:57:06.0000000Z;22.87;22.89;4445;4445
2026-06-08T10:57:08.0000000Z;22.865;22.89;4445;4445
2026-06-08T10:57:36.0000000Z;22.865;22.89;4445;4445
2026-06-08T10:58:07.0000000Z;22.865;22.89;4445;4445
2026-06-08T10:58:32.0000000Z;22.865;22.895;4445;4445
2026-06-08T10:58:47.0000000Z;22.865;22.89;4445;4445
2026-06-08T10:59:17.0000000Z;22.865;22.89;4445;4445
2026-06-08T10:59:42.0000000Z;22.875;22.89;4445;4445
2026-06-08T10:59:43.0000000Z;22.875;22.895;4445;4445
2026-06-08T11:00:01.0000000Z;22.875;22.9;4445;4445
2026-06-08T11:00:03.0000000Z;22.865;22.9;4445;4445
2026-06-08T11:00:05.0000000Z;22.865;22.895;4445;4445
2026-06-08T11:00:11.0000000Z;22.865;22.89;4445;4445
2026-06-08T11:00:42.0000000Z;22.865;22.89;4445;4445
2026-06-08T11:00:52.0000000Z;22.865;22.885;4445;4445
2026-06-08T11:00:55.0000000Z;22.86;22.88;4445;4445
2026-06-08T11:01:26.0000000Z;22.86;22.88;4445;4445
2026-06-08T11:01:56.0000000Z;22.86;22.88;4445;4445
2026-06-08T11:02:27.0000000Z;22.86;22.88;4445;4445
2026-06-08T11:02:57.0000000Z;22.86;22.88;4445;4445
2026-06-08T11:03:28.0000000Z;22.86;22.885;4445;4445
2026-06-08T11:03:59.0000000Z;22.86;22.885;4445;4445
2026-06-08T11:04:20.0000000Z;22.865;22.885;4445;4445
2026-06-08T11:04:21.0000000Z;22.87;22.885;4445;4445
2026-06-08T11:04:22.0000000Z;22.87;22.89;4445;4445
2026-06-08T11:04:37.0000000Z;22.875;22.89;4445;4445
2026-06-08T11:05:07.0000000Z;22.875;22.89;4445;4445
2026-06-08T11:05:22.0000000Z;22.88;22.895;4445;4445
2026-06-08T11:05:23.0000000Z;22.875;22.895;4445;4445
2026-06-08T11:05:53.0000000Z;22.875;22.895;4445;4445
2026-06-08T11:06:24.0000000Z;22.875;22.895;4445;4445
2026-06-08T11:06:35.0000000Z;22.875;22.89;4445;4445
2026-06-08T11:06:47.0000000Z;22.87;22.89;4445;4445
2026-06-08T11:07:18.0000000Z;22.87;22.89;4445;4445
2026-06-08T11:07:23.0000000Z;22.87;22.895;4445;4445
2026-06-08T11:07:54.0000000Z;22.87;22.895;4445;4445
2026-06-08T11:08:24.0000000Z;22.87;22.895;4445;4445
2026-06-08T11:08:43.0000000Z;22.875;22.895;4445;4445
2026-06-08T11:09:09.0000000Z;22.875;22.9;4445;4445
2026-06-08T11:09:13.0000000Z;22.88;22.9;4445;4445
2026-06-08T11:09:44.0000000Z;22.88;22.9;4445;4445
2026-06-08T11:10:04.0000000Z;22.88;22.905;4445;4445
2026-06-08T11:10:35.0000000Z;22.88;22.905;4445;4445
2026-06-08T11:10:46.0000000Z;22.89;22.91;4445;4445
2026-06-08T11:10:48.0000000Z;22.895;22.91;4445;4445
2026-06-08T11:10:56.0000000Z;22.905;22.91;4445;4445
2026-06-08T11:10:58.0000000Z;22.905;22.925;4445;4445
2026-06-08T11:11:02.0000000Z;22.905;22.92;4445;4445
2026-06-08T11:11:04.0000000Z;22.92;22.94;4445;4445
2026-06-08T11:11:08.0000000Z;22.91;22.93;4445;4445
2026-06-08T11:11:15.0000000Z;22.92;22.93;4445;4445
2026-06-08T11:11:41.0000000Z;22.92;22.935;4445;4445
2026-06-08T11:11:48.0000000Z;22.92;22.93;4445;4445
2026-06-08T11:11:54.0000000Z;22.905;22.935;4445;4445
2026-06-08T11:11:56.0000000Z;22.92;22.93;4445;4445
2026-06-08T11:12:02.0000000Z;22.905;22.935;4445;4445
2026-06-08T11:12:04.0000000Z;22.92;22.93;4445;4445
2026-06-08T11:12:34.0000000Z;22.92;22.93;4445;4445
2026-06-08T11:13:05.0000000Z;22.92;22.93;4445;4445
2026-06-08T11:13:09.0000000Z;22.92;22.94;4445;4445
2026-06-08T11:13:11.0000000Z;22.925;22.94;4445;4445
2026-06-08T11:13:15.0000000Z;22.925;22.945;4445;4445
2026-06-08T11:13:17.0000000Z;22.92;22.945;4445;4445
2026-06-08T11:13:20.0000000Z;22.92;22.94;4445;4445
2026-06-08T11:13:51.0000000Z;22.92;22.94;4445;4445
2026-06-08T11:14:13.0000000Z;22.92;22.95;4445;4445
2026-06-08T11:14:15.0000000Z;22.92;22.945;4445;4445
2026-06-08T11:14:31.0000000Z;22.92;22.95;4445;4445
2026-06-08T11:14:32.0000000Z;22.92;22.945;4445;4445
2026-06-08T11:14:37.0000000Z;22.92;22.95;4445;4445
2026-06-08T11:14:53.0000000Z;22.93;22.95;4445;4445
2026-06-08T11:14:58.0000000Z;22.935;22.95;4445;4445
2026-06-08T11:15:03.0000000Z;22.95;22.96;4445;4445
2026-06-08T11:15:05.0000000Z;22.95;23.005;4445;4445
2026-06-08T11:15:07.0000000Z;22.945;22.97;4445;4445
2026-06-08T11:15:09.0000000Z;22.945;22.965;4445;4445
2026-06-08T11:15:15.0000000Z;22.94;22.965;4445;4445
2026-06-08T11:15:36.0000000Z;22.95;22.965;4445;4445
2026-06-08T11:15:37.0000000Z;22.95;22.98;4445;4445
2026-06-08T11:15:38.0000000Z;22.95;22.975;4445;4445
2026-06-08T11:15:44.0000000Z;22.95;22.98;4445;4445
2026-06-08T11:15:45.0000000Z;22.95;22.965;4445;4445
2026-06-08T11:15:54.0000000Z;22.945;22.965;4445;4445
2026-06-08T11:16:09.0000000Z;22.94;22.965;4445;4445
2026-06-08T11:16:10.0000000Z;22.94;22.955;4445;4445
2026-06-08T11:16:21.0000000Z;22.935;22.955;4445;4445
2026-06-08T11:16:37.0000000Z;22.93;22.955;4445;4445
2026-06-08T11:16:49.0000000Z;22.94;22.955;4445;4445
2026-06-08T11:16:51.0000000Z;22.935;22.955;4445;4445
2026-06-08T11:17:07.0000000Z;22.935;22.955;4445;4445
2026-06-08T11:17:11.0000000Z;22.93;22.945;4445;4445
2026-06-08T11:17:21.0000000Z;22.93;22.95;4445;4445
2026-06-08T11:17:52.0000000Z;22.93;22.95;4445;4445
2026-06-08T11:18:23.0000000Z;22.93;22.95;4445;4445
2026-06-08T11:18:53.0000000Z;22.93;22.95;4445;4445
2026-06-08T11:19:24.0000000Z;22.93;22.95;4445;4445
2026-06-08T11:19:41.0000000Z;22.935;22.95;4445;4445
2026-06-08T11:19:50.0000000Z;22.935;22.955;4445;4445
2026-06-08T11:20:00.0000000Z;22.935;22.96;4445;4445
2026-06-08T11:20:14.0000000Z;22.935;22.955;4445;4445
2026-06-08T11:20:32.0000000Z;22.93;22.955;4445;4445
2026-06-08T11:20:48.0000000Z;22.925;22.955;4445;4445
2026-06-08T11:21:03.0000000Z;22.935;22.955;4445;4445
2026-06-08T11:21:08.0000000Z;22.93;22.955;4445;4445
2026-06-08T11:21:10.0000000Z;22.935;22.955;4445;4445
2026-06-08T11:21:33.0000000Z;22.935;22.955;4445;4445
2026-06-08T11:21:43.0000000Z;22.935;22.96;4445;4445
2026-06-08T11:21:56.0000000Z;22.945;22.96;4445;4445
2026-06-08T11:21:57.0000000Z;22.94;22.96;4445;4445
2026-06-08T11:21:59.0000000Z;22.94;22.97;4445;4445
2026-06-08T11:22:00.0000000Z;22.945;22.96;4445;4445
2026-06-08T11:22:05.0000000Z;22.945;22.965;4445;4445
2026-06-08T11:22:19.0000000Z;22.94;22.965;4445;4445
2026-06-08T11:22:22.0000000Z;22.945;22.965;4445;4445
2026-06-08T11:22:53.0000000Z;22.945;22.965;4445;4445
2026-06-08T11:23:11.0000000Z;22.94;22.965;4445;4445
2026-06-08T11:23:39.0000000Z;22.935;22.965;4445;4445
2026-06-08T11:24:09.0000000Z;22.935;22.965;4445;4445
2026-06-08T11:24:40.0000000Z;22.935;22.965;4445;4445
2026-06-08T11:25:10.0000000Z;22.935;22.965;4445;4445
2026-06-08T11:25:41.0000000Z;22.935;22.965;4445;4445
2026-06-08T11:26:11.0000000Z;22.935;22.95;4445;4445
2026-06-08T11:26:42.0000000Z;22.935;22.955;4445;4445
2026-06-08T11:26:48.0000000Z;22.94;22.955;4445;4445
2026-06-08T11:27:19.0000000Z;22.94;22.955;4445;4445
2026-06-08T11:27:49.0000000Z;22.94;22.955;4445;4445
2026-06-08T11:28:20.0000000Z;22.94;22.955;4445;4445
2026-06-08T11:28:39.0000000Z;22.935;22.955;4445;4445
2026-06-08T11:29:09.0000000Z;22.935;22.955;4445;4445
2026-06-08T11:29:37.0000000Z;22.935;22.96;4445;4445
2026-06-08T11:29:40.0000000Z;22.935;22.955;4445;4445
2026-06-08T11:29:43.0000000Z;22.935;22.96;4445;4445
2026-06-08T11:29:47.0000000Z;22.935;22.955;4445;4445
2026-06-08T11:29:48.0000000Z;22.935;22.96;4445;4445
2026-06-08T11:29:51.0000000Z;22.94;22.96;4445;4445
2026-06-08T11:29:58.0000000Z;22.94;22.955;4445;4445
2026-06-08T11:30:01.0000000Z;22.94;22.96;4445;4445
2026-06-08T11:30:16.0000000Z;22.945;22.96;4445;4445
2026-06-08T11:30:44.0000000Z;22.945;22.965;4445;4445
2026-06-08T11:31:15.0000000Z;22.945;22.965;4445;4445
2026-06-08T11:31:26.0000000Z;22.95;22.965;4445;4445
2026-06-08T11:31:39.0000000Z;22.95;22.97;4445;4445
2026-06-08T11:32:05.0000000Z;22.955;22.97;4445;4445
2026-06-08T11:32:08.0000000Z;22.955;22.975;4445;4445
2026-06-08T11:32:11.0000000Z;22.955;22.965;4445;4445
2026-06-08T11:32:12.0000000Z;22.95;22.965;4445;4445
2026-06-08T11:32:42.0000000Z;22.95;22.965;4445;4445
2026-06-08T11:33:04.0000000Z;22.945;22.965;4445;4445
2026-06-08T11:33:34.0000000Z;22.945;22.965;4445;4445
2026-06-08T11:34:05.0000000Z;22.945;22.965;4445;4445
2026-06-08T11:34:35.0000000Z;22.945;22.965;4445;4445
2026-06-08T11:35:06.0000000Z;22.945;22.965;4445;4445
2026-06-08T11:35:36.0000000Z;22.945;22.965;4445;4445
2026-06-08T11:35:51.0000000Z;22.95;22.965;4445;4445
2026-06-08T11:35:58.0000000Z;22.95;22.97;4445;4445
2026-06-08T11:36:13.0000000Z;22.95;22.965;4445;4445
2026-06-08T11:36:44.0000000Z;22.95;22.965;4445;4445
2026-06-08T11:37:14.0000000Z;22.95;22.965;4445;4445
2026-06-08T11:37:33.0000000Z;22.95;22.97;4445;4445
2026-06-08T11:38:03.0000000Z;22.95;22.97;4445;4445
2026-06-08T11:38:33.0000000Z;22.95;22.97;4445;4445
2026-06-08T11:39:04.0000000Z;22.95;22.97;4445;4445
2026-06-08T11:39:35.0000000Z;22.955;22.97;4445;4445
2026-06-08T11:39:36.0000000Z;22.955;22.975;4445;4445
2026-06-08T11:40:06.0000000Z;22.955;22.975;4445;4445
2026-06-08T11:40:36.0000000Z;22.96;22.97;4445;4445
2026-06-08T11:40:42.0000000Z;22.955;22.97;4445;4445
2026-06-08T11:40:44.0000000Z;22.955;22.975;4445;4445
2026-06-08T11:40:52.0000000Z;22.965;22.975;4445;4445
2026-06-08T11:40:58.0000000Z;22.96;22.975;4445;4445
2026-06-08T11:41:20.0000000Z;22.955;22.975;4445;4445
2026-06-08T11:41:50.0000000Z;22.955;22.975;4445;4445
2026-06-08T11:42:20.0000000Z;22.955;22.975;4445;4445
2026-06-08T11:42:48.0000000Z;22.96;22.975;4445;4445
2026-06-08T11:43:18.0000000Z;22.96;22.975;4445;4445
2026-06-08T11:43:43.0000000Z;22.955;22.975;4445;4445
2026-06-08T11:43:59.0000000Z;22.95;22.975;4445;4445
2026-06-08T11:44:06.0000000Z;22.955;22.975;4445;4445
2026-06-08T11:44:13.0000000Z;22.95;22.975;4445;4445
2026-06-08T11:44:43.0000000Z;22.95;22.975;4445;4445
2026-06-08T11:45:08.0000000Z;22.95;22.96;4445;4445
2026-06-08T11:45:25.0000000Z;22.95;22.965;4445;4445
2026-06-08T11:45:49.0000000Z;22.945;22.965;4445;4445
2026-06-08T11:45:57.0000000Z;22.945;22.96;4445;4445
2026-06-08T11:46:28.0000000Z;22.945;22.96;4445;4445
2026-06-08T11:46:53.0000000Z;22.94;22.96;4445;4445
2026-06-08T11:47:01.0000000Z;22.935;22.96;4445;4445
2026-06-08T11:47:21.0000000Z;22.935;22.95;4445;4445
2026-06-08T11:47:46.0000000Z;22.93;22.95;4445;4445
2026-06-08T11:48:17.0000000Z;22.93;22.95;4445;4445
2026-06-08T11:48:47.0000000Z;22.93;22.95;4445;4445
2026-06-08T11:49:14.0000000Z;22.935;22.95;4445;4445
2026-06-08T11:49:44.0000000Z;22.935;22.95;4445;4445
2026-06-08T11:50:07.0000000Z;22.945;22.95;4445;4445
2026-06-08T11:50:09.0000000Z;22.945;22.96;4445;4445
2026-06-08T11:50:10.0000000Z;22.945;22.955;4445;4445
2026-06-08T11:50:12.0000000Z;22.94;22.955;4445;4445
2026-06-08T11:50:13.0000000Z;22.935;22.955;4445;4445
2026-06-08T11:50:43.0000000Z;22.935;22.955;4445;4445
2026-06-08T11:51:04.0000000Z;22.935;22.95;4445;4445
2026-06-08T11:51:16.0000000Z;22.94;22.95;4445;4445
2026-06-08T11:51:21.0000000Z;22.935;22.95;4445;4445
2026-06-08T11:51:29.0000000Z;22.935;22.955;4445;4445
2026-06-08T11:51:39.0000000Z;22.935;22.95;4445;4445
2026-06-08T11:52:08.0000000Z;22.935;22.95;4445;4445
2026-06-08T11:52:26.0000000Z;22.93;22.95;4445;4445
2026-06-08T11:52:34.0000000Z;22.93;22.945;4445;4445
2026-06-08T11:53:05.0000000Z;22.93;22.945;4445;4445
2026-06-08T11:53:13.0000000Z;22.935;22.945;4445;4445
2026-06-08T11:53:28.0000000Z;22.93;22.945;4445;4445
2026-06-08T11:53:59.0000000Z;22.93;22.945;4445;4445
2026-06-08T11:54:10.0000000Z;22.935;22.945;4445;4445
2026-06-08T11:54:16.0000000Z;22.93;22.945;4445;4445
2026-06-08T11:54:47.0000000Z;22.93;22.945;4445;4445
2026-06-08T11:55:17.0000000Z;22.93;22.945;4445;4445
2026-06-08T11:55:48.0000000Z;22.93;22.945;4445;4445
2026-06-08T11:56:18.0000000Z;22.93;22.945;4445;4445
2026-06-08T11:56:37.0000000Z;22.93;22.95;4445;4445
2026-06-08T11:56:50.0000000Z;22.93;22.945;4445;4445
2026-06-08T11:56:59.0000000Z;22.93;22.95;4445;4445
2026-06-08T11:57:18.0000000Z;22.935;22.95;4445;4445
2026-06-08T11:57:49.0000000Z;22.935;22.95;4445;4445
2026-06-08T11:58:20.0000000Z;22.935;22.95;4445;4445
2026-06-08T11:58:50.0000000Z;22.935;22.95;4445;4445
2026-06-08T11:59:09.0000000Z;22.935;22.945;4445;4445
2026-06-08T11:59:12.0000000Z;22.93;22.945;4445;4445
2026-06-08T11:59:14.0000000Z;22.925;22.945;4445;4445
2026-06-08T11:59:44.0000000Z;22.925;22.945;4445;4445
2026-06-08T12:00:15.0000000Z;22.925;22.945;4445;4445
2026-06-08T12:00:42.0000000Z;22.925;22.95;4445;4445
2026-06-08T12:00:53.0000000Z;22.935;22.95;4445;4445
2026-06-08T12:00:54.0000000Z;22.935;22.955;4445;4445
2026-06-08T12:00:56.0000000Z;22.93;22.955;4445;4445
2026-06-08T12:01:27.0000000Z;22.93;22.955;4445;4445
2026-06-08T12:01:30.0000000Z;22.935;22.955;4445;4445
2026-06-08T12:01:40.0000000Z;22.93;22.955;4445;4445
2026-06-08T12:01:46.0000000Z;22.925;22.955;4445;4445
2026-06-08T12:02:08.0000000Z;22.925;22.95;4445;4445
2026-06-08T12:02:14.0000000Z;22.93;22.95;4445;4445
2026-06-08T12:02:26.0000000Z;22.925;22.95;4445;4445
2026-06-08T12:02:27.0000000Z;22.93;22.95;4445;4445
2026-06-08T12:02:31.0000000Z;22.925;22.95;4445;4445
2026-06-08T12:02:33.0000000Z;22.925;22.95;4445;4445
2026-06-08T12:02:43.0000000Z;22.93;22.95;4445;4445
2026-06-08T12:02:44.0000000Z;22.925;22.95;4445;4445
2026-06-08T12:02:45.0000000Z;22.93;22.95;4445;4445
2026-06-08T12:02:51.0000000Z;22.925;22.95;4445;4445
2026-06-08T12:03:02.0000000Z;22.925;22.945;4445;4445
2026-06-08T12:03:33.0000000Z;22.925;22.945;4445;4445
2026-06-08T12:03:55.0000000Z;22.92;22.945;4445;4445
2026-06-08T12:03:59.0000000Z;22.925;22.95;4445;4445
2026-06-08T12:04:02.0000000Z;22.925;22.945;4445;4445
2026-06-08T12:04:03.0000000Z;22.92;22.945;4445;4445
2026-06-08T12:04:06.0000000Z;22.925;22.945;4445;4445
2026-06-08T12:04:07.0000000Z;22.925;22.945;4445;4445
2026-06-08T12:04:09.0000000Z;22.92;22.945;4445;4445
2026-06-08T12:04:11.0000000Z;22.925;22.945;4445;4445
2026-06-08T12:04:12.0000000Z;22.93;22.945;4445;4445
2026-06-08T12:04:13.0000000Z;22.93;22.955;4445;4445
2026-06-08T12:04:33.0000000Z;22.93;22.95;4445;4445
2026-06-08T12:04:57.0000000Z;22.92;22.95;4445;4445
2026-06-08T12:04:59.0000000Z;22.925;22.95;4445;4445
2026-06-08T12:05:30.0000000Z;22.925;22.95;4445;4445
2026-06-08T12:05:53.0000000Z;22.93;22.95;4445;4445
2026-06-08T12:05:57.0000000Z;22.925;22.95;4445;4445
2026-06-08T12:05:59.0000000Z;22.92;22.95;4445;4445
2026-06-08T12:06:03.0000000Z;22.925;22.95;4445;4445
2026-06-08T12:06:07.0000000Z;22.92;22.95;4445;4445
2026-06-08T12:06:12.0000000Z;22.925;22.95;4445;4445
2026-06-08T12:06:42.0000000Z;22.925;22.95;4445;4445
2026-06-08T12:07:13.0000000Z;22.925;22.95;4445;4445
2026-06-08T12:07:23.0000000Z;22.925;22.94;4445;4445
2026-06-08T12:07:24.0000000Z;22.92;22.94;4445;4445
2026-06-08T12:07:42.0000000Z;22.92;22.945;4445;4445
2026-06-08T12:08:09.0000000Z;22.925;22.945;4445;4445
2026-06-08T12:08:16.0000000Z;22.925;22.95;4445;4445
2026-06-08T12:08:39.0000000Z;22.93;22.95;4445;4445
2026-06-08T12:08:40.0000000Z;22.925;22.95;4445;4445
2026-06-08T12:08:43.0000000Z;22.925;22.95;4445;4445
2026-06-08T12:08:44.0000000Z;22.93;22.95;4445;4445
2026-06-08T12:08:45.0000000Z;22.925;22.95;4445;4445
2026-06-08T12:08:46.0000000Z;22.93;22.95;4445;4445
2026-06-08T12:09:12.0000000Z;22.93;22.955;4445;4445
2026-06-08T12:09:36.0000000Z;22.935;22.955;4445;4445
2026-06-08T12:09:38.0000000Z;22.935;22.96;4445;4445
2026-06-08T12:10:09.0000000Z;22.935;22.96;4445;4445
2026-06-08T12:10:39.0000000Z;22.935;22.96;4445;4445
2026-06-08T12:11:10.0000000Z;22.935;22.96;4445;4445
2026-06-08T12:11:21.0000000Z;22.93;22.96;4445;4445
2026-06-08T12:11:23.0000000Z;22.925;22.96;4445;4445
2026-06-08T12:11:25.0000000Z;22.93;22.96;4445;4445
2026-06-08T12:11:56.0000000Z;22.93;22.96;4445;4445
2026-06-08T12:12:13.0000000Z;22.935;22.96;4445;4445
2026-06-08T12:12:44.0000000Z;22.935;22.96;4445;4445
2026-06-08T12:12:55.0000000Z;22.93;22.96;4445;4445
2026-06-08T12:13:10.0000000Z;22.93;22.95;4445;4445
2026-06-08T12:13:41.0000000Z;22.93;22.95;4445;4445
2026-06-08T12:13:58.0000000Z;22.925;22.95;4445;4445
2026-06-08T12:14:02.0000000Z;22.93;22.95;4445;4445
2026-06-08T12:14:28.0000000Z;22.93;22.955;4445;4445
2026-06-08T12:14:31.0000000Z;22.935;22.955;4445;4445
2026-06-08T12:14:49.0000000Z;22.93;22.955;4445;4445
2026-06-08T12:15:00.0000000Z;22.935;22.955;4445;4445
2026-06-08T12:15:01.0000000Z;22.93;22.955;4445;4445
2026-06-08T12:15:02.0000000Z;22.935;22.955;4445;4445
2026-06-08T12:15:33.0000000Z;22.935;22.955;4445;4445
2026-06-08T12:15:52.0000000Z;22.93;22.955;4445;4445
2026-06-08T12:16:23.0000000Z;22.93;22.955;4445;4445
2026-06-08T12:16:53.0000000Z;22.93;22.955;4445;4445
2026-06-08T12:17:12.0000000Z;22.935;22.955;4445;4445
2026-06-08T12:17:26.0000000Z;22.93;22.955;4445;4445
2026-06-08T12:17:30.0000000Z;22.935;22.955;4445;4445
2026-06-08T12:17:34.0000000Z;22.93;22.955;4445;4445
2026-06-08T12:17:37.0000000Z;22.935;22.955;4445;4445
2026-06-08T12:17:38.0000000Z;22.93;22.955;4445;4445
2026-06-08T12:17:46.0000000Z;22.935;22.955;4445;4445
2026-06-08T12:17:54.0000000Z;22.93;22.955;4445;4445
2026-06-08T12:18:06.0000000Z;22.935;22.955;4445;4445
2026-06-08T12:18:31.0000000Z;22.935;22.96;4445;4445
2026-06-08T12:19:01.0000000Z;22.935;22.96;4445;4445
2026-06-08T12:19:32.0000000Z;22.935;22.96;4445;4445
2026-06-08T12:20:03.0000000Z;22.935;22.96;4445;4445
2026-06-08T12:20:33.0000000Z;22.935;22.96;4445;4445
2026-06-08T12:20:40.0000000Z;22.94;22.965;4445;4445
2026-06-08T12:21:10.0000000Z;22.94;22.965;4445;4445
2026-06-08T12:21:40.0000000Z;22.94;22.965;4445;4445
2026-06-08T12:21:57.0000000Z;22.945;22.965;4445;4445
2026-06-08T12:22:00.0000000Z;22.945;22.965;4445;4445
2026-06-08T12:22:02.0000000Z;22.94;22.965;4445;4445
2026-06-08T12:22:04.0000000Z;22.945;22.965;4445;4445
2026-06-08T12:22:28.0000000Z;22.94;22.965;4445;4445
2026-06-08T12:22:37.0000000Z;22.945;22.965;4445;4445
2026-06-08T12:23:08.0000000Z;22.945;22.965;4445;4445
2026-06-08T12:23:12.0000000Z;22.945;22.97;4445;4445
2026-06-08T12:23:15.0000000Z;22.945;22.965;4445;4445
2026-06-08T12:23:27.0000000Z;22.94;22.965;4445;4445
2026-06-08T12:23:57.0000000Z;22.94;22.965;4445;4445
2026-06-08T12:24:27.0000000Z;22.94;22.965;4445;4445
2026-06-08T12:24:58.0000000Z;22.94;22.965;4445;4445
2026-06-08T12:25:28.0000000Z;22.94;22.965;4445;4445
2026-06-08T12:25:45.0000000Z;22.945;22.965;4445;4445
2026-06-08T12:26:16.0000000Z;22.945;22.965;4445;4445
2026-06-08T12:26:47.0000000Z;22.945;22.965;4445;4445
2026-06-08T12:27:17.0000000Z;22.945;22.965;4445;4445
2026-06-08T12:27:27.0000000Z;22.955;22.965;4445;4445
2026-06-08T12:27:52.0000000Z;22.955;22.97;4445;4445
2026-06-08T12:28:20.0000000Z;22.955;22.97;4445;4445
2026-06-08T12:28:32.0000000Z;22.955;22.97;4445;4445
2026-06-08T12:28:46.0000000Z;22.95;22.97;4445;4445
2026-06-08T12:28:50.0000000Z;22.955;22.97;4445;4445
2026-06-08T12:29:20.0000000Z;22.955;22.97;4445;4445
2026-06-08T12:29:26.0000000Z;22.95;22.97;4445;4445
2026-06-08T12:29:27.0000000Z;22.955;22.97;4445;4445
2026-06-08T12:29:52.0000000Z;22.955;22.985;4445;4445
2026-06-08T12:30:15.0000000Z;22.955;22.975;4445;4445
2026-06-08T12:30:17.0000000Z;22.96;22.975;4445;4445
2026-06-08T12:30:26.0000000Z;22.96;22.98;4445;4445
2026-06-08T12:30:57.0000000Z;22.96;22.98;4445;4445
2026-06-08T12:31:26.0000000Z;22.96;22.98;4445;4445
2026-06-08T12:31:31.0000000Z;22.965;22.98;4445;4445
2026-06-08T12:31:32.0000000Z;22.96;22.98;4445;4445
2026-06-08T12:31:33.0000000Z;22.965;22.98;4445;4445
2026-06-08T12:31:41.0000000Z;22.96;22.98;4445;4445
2026-06-08T12:31:51.0000000Z;22.96;22.975;4445;4445
2026-06-08T12:32:07.0000000Z;22.965;22.975;4445;4445
2026-06-08T12:32:35.0000000Z;22.97;22.975;4445;4445
2026-06-08T12:32:40.0000000Z;22.97;22.975;4445;4445
2026-06-08T12:32:41.0000000Z;22.97;22.98;4445;4445
2026-06-08T12:32:51.0000000Z;22.97;22.985;4445;4445
2026-06-08T12:33:22.0000000Z;22.97;22.985;4445;4445
2026-06-08T12:33:29.0000000Z;22.965;22.985;4445;4445
2026-06-08T12:33:35.0000000Z;22.97;22.985;4445;4445
2026-06-08T12:33:37.0000000Z;22.965;22.985;4445;4445
2026-06-08T12:33:47.0000000Z;22.965;22.98;4445;4445
2026-06-08T12:34:17.0000000Z;22.965;22.98;4445;4445
2026-06-08T12:34:19.0000000Z;22.96;22.98;4445;4445
2026-06-08T12:34:20.0000000Z;22.955;22.98;4445;4445
2026-06-08T12:34:26.0000000Z;22.955;22.975;4445;4445
2026-06-08T12:34:57.0000000Z;22.955;22.975;4445;4445
2026-06-08T12:35:27.0000000Z;22.955;22.975;4445;4445
2026-06-08T12:35:30.0000000Z;22.955;22.98;4445;4445
2026-06-08T12:35:59.0000000Z;22.955;22.98;4445;4445
2026-06-08T12:36:29.0000000Z;22.955;22.98;4445;4445
2026-06-08T12:37:00.0000000Z;22.955;22.98;4445;4445
2026-06-08T12:37:01.0000000Z;22.96;22.98;4445;4445
2026-06-08T12:37:31.0000000Z;22.96;22.98;4445;4445
2026-06-08T12:37:42.0000000Z;22.96;22.985;4445;4445
2026-06-08T12:37:57.0000000Z;22.96;22.985;4445;4445
2026-06-08T12:38:10.0000000Z;22.96;22.98;4445;4445
2026-06-08T12:38:18.0000000Z;22.955;22.98;4445;4445
2026-06-08T12:38:48.0000000Z;22.955;22.98;4445;4445
2026-06-08T12:39:19.0000000Z;22.955;22.98;4445;4445
2026-06-08T12:39:49.0000000Z;22.955;22.98;4445;4445
2026-06-08T12:40:03.0000000Z;22.935;22.98;4445;4445
2026-06-08T12:40:05.0000000Z;22.945;22.98;4445;4445
2026-06-08T12:40:07.0000000Z;22.95;22.98;4445;4445
2026-06-08T12:40:09.0000000Z;22.95;22.995;4445;4445
2026-06-08T12:40:10.0000000Z;22.95;22.99;4445;4445
2026-06-08T12:40:12.0000000Z;22.95;22.98;4445;4445
2026-06-08T12:40:14.0000000Z;22.955;22.98;4445;4445
2026-06-08T12:40:45.0000000Z;22.955;22.98;4445;4445
2026-06-08T12:40:55.0000000Z;22.955;22.975;4445;4445
2026-06-08T12:41:17.0000000Z;22.955;22.98;4445;4445
2026-06-08T12:41:20.0000000Z;22.955;22.975;4445;4445
2026-06-08T12:41:21.0000000Z;22.95;22.975;4445;4445
2026-06-08T12:41:25.0000000Z;22.945;22.975;4445;4445
2026-06-08T12:41:31.0000000Z;22.95;22.975;4445;4445
2026-06-08T12:42:01.0000000Z;22.95;22.975;4445;4445
2026-06-08T12:42:10.0000000Z;22.945;22.975;4445;4445
2026-06-08T12:42:36.0000000Z;22.94;23.01;4445;4445
2026-06-08T12:42:38.0000000Z;22.95;23.01;4445;4445
2026-06-08T12:42:40.0000000Z;22.95;23.015;4445;4445
2026-06-08T12:42:42.0000000Z;22.94;23.015;4445;4445
2026-06-08T12:42:44.0000000Z;22.95;23.005;4445;4445
2026-06-08T12:42:46.0000000Z;22.95;23;4445;4445
2026-06-08T12:42:58.0000000Z;22.95;22.98;4445;4445
2026-06-08T12:43:29.0000000Z;22.95;22.98;4445;4445
2026-06-08T12:43:59.0000000Z;22.95;22.98;4445;4445
2026-06-08T12:44:30.0000000Z;22.95;22.98;4445;4445
2026-06-08T12:45:00.0000000Z;22.95;22.98;4445;4445
2026-06-08T12:45:31.0000000Z;22.95;22.98;4445;4445
2026-06-08T12:45:40.0000000Z;22.945;22.98;4445;4445
2026-06-08T12:45:45.0000000Z;22.945;22.97;4445;4445
2026-06-08T12:46:15.0000000Z;22.945;22.97;4445;4445
2026-06-08T12:46:17.0000000Z;22.945;22.975;4445;4445
2026-06-08T12:46:47.0000000Z;22.945;22.975;4445;4445
2026-06-08T12:47:17.0000000Z;22.945;22.975;4445;4445
2026-06-08T12:47:48.0000000Z;22.945;22.975;4445;4445
2026-06-08T12:48:18.0000000Z;22.945;22.975;4445;4445
2026-06-08T12:48:49.0000000Z;22.945;22.975;4445;4445
2026-06-08T12:49:19.0000000Z;22.945;22.975;4445;4445
2026-06-08T12:49:50.0000000Z;22.945;22.975;4445;4445
2026-06-08T12:50:20.0000000Z;22.945;22.975;4445;4445
2026-06-08T12:50:46.0000000Z;22.945;22.965;4445;4445
2026-06-08T12:50:49.0000000Z;22.94;22.965;4445;4445
2026-06-08T12:51:04.0000000Z;22.945;22.965;4445;4445
2026-06-08T12:51:09.0000000Z;22.945;22.97;4445;4445
2026-06-08T12:51:17.0000000Z;22.94;22.97;4445;4445
2026-06-08T12:51:22.0000000Z;22.94;22.97;4445;4445
2026-06-08T12:51:29.0000000Z;22.945;22.97;4445;4445
2026-06-08T12:51:54.0000000Z;22.945;22.965;4445;4445
2026-06-08T12:51:55.0000000Z;22.94;22.965;4445;4445
2026-06-08T12:52:07.0000000Z;22.94;22.97;4445;4445
2026-06-08T12:52:13.0000000Z;22.94;22.965;4445;4445
2026-06-08T12:52:44.0000000Z;22.945;22.965;4445;4445
2026-06-08T12:52:46.0000000Z;22.945;22.97;4445;4445
2026-06-08T12:53:02.0000000Z;22.945;22.965;4445;4445
2026-06-08T12:53:04.0000000Z;22.94;22.965;4445;4445
2026-06-08T12:53:34.0000000Z;22.94;22.965;4445;4445
2026-06-08T12:54:05.0000000Z;22.94;22.965;4445;4445
2026-06-08T12:54:35.0000000Z;22.94;22.965;4445;4445
2026-06-08T12:55:06.0000000Z;22.94;22.965;4445;4445
2026-06-08T12:55:16.0000000Z;22.945;22.965;4445;4445
2026-06-08T12:55:18.0000000Z;22.945;22.97;4445;4445
2026-06-08T12:55:49.0000000Z;22.945;22.97;4445;4445
2026-06-08T12:56:19.0000000Z;22.945;22.97;4445;4445
2026-06-08T12:56:50.0000000Z;22.945;22.97;4445;4445
2026-06-08T12:56:53.0000000Z;22.945;22.97;4445;4445
2026-06-08T12:56:55.0000000Z;22.945;22.97;4445;4445
2026-06-08T12:57:24.0000000Z;22.945;22.965;4445;4445
2026-06-08T12:57:47.0000000Z;22.94;22.965;4445;4445
2026-06-08T12:58:17.0000000Z;22.94;22.965;4445;4445
2026-06-08T12:58:39.0000000Z;22.935;22.965;4445;4445
2026-06-08T12:58:59.0000000Z;22.94;22.965;4445;4445
2026-06-08T12:59:08.0000000Z;22.945;22.965;4445;4445
2026-06-08T12:59:09.0000000Z;22.94;22.965;4445;4445
2026-06-08T12:59:37.0000000Z;22.94;22.965;4445;4445
2026-06-08T12:59:41.0000000Z;22.94;22.96;4445;4445
2026-06-08T13:00:11.0000000Z;22.94;22.96;4445;4445
2026-06-08T13:00:12.0000000Z;22.93;22.96;4445;4445
2026-06-08T13:00:18.0000000Z;22.935;22.96;4445;4445
2026-06-08T13:00:21.0000000Z;22.94;22.96;4445;4445
2026-06-08T13:00:22.0000000Z;22.94;22.97;4445;4445
2026-06-08T13:00:24.0000000Z;22.94;22.96;4445;4445
2026-06-08T13:00:26.0000000Z;22.93;22.96;4445;4445
2026-06-08T13:00:27.0000000Z;22.935;22.96;4445;4445
2026-06-08T13:00:28.0000000Z;22.935;22.965;4445;4445
2026-06-08T13:00:31.0000000Z;22.94;22.965;4445;4445
2026-06-08T13:00:36.0000000Z;22.94;22.97;4445;4445
2026-06-08T13:00:38.0000000Z;22.945;22.97;4445;4445
2026-06-08T13:00:56.0000000Z;22.95;22.97;4445;4445
2026-06-08T13:01:02.0000000Z;22.945;22.975;4445;4445
2026-06-08T13:01:06.0000000Z;22.945;22.97;4445;4445
2026-06-08T13:01:34.0000000Z;22.94;22.97;4445;4445
2026-06-08T13:02:05.0000000Z;22.94;22.97;4445;4445
2026-06-08T13:02:08.0000000Z;22.945;22.97;4445;4445
2026-06-08T13:02:12.0000000Z;22.94;22.97;4445;4445
2026-06-08T13:02:32.0000000Z;22.95;22.97;4445;4445
2026-06-08T13:02:38.0000000Z;22.95;22.975;4445;4445
2026-06-08T13:03:06.0000000Z;22.945;22.975;4445;4445
2026-06-08T13:03:28.0000000Z;22.945;22.98;4445;4445
2026-06-08T13:03:59.0000000Z;22.945;22.98;4445;4445
2026-06-08T13:04:08.0000000Z;22.95;22.98;4445;4445
2026-06-08T13:04:38.0000000Z;22.95;22.98;4445;4445
2026-06-08T13:05:09.0000000Z;22.95;22.98;4445;4445
2026-06-08T13:05:40.0000000Z;22.95;22.98;4445;4445
2026-06-08T13:05:45.0000000Z;22.95;22.975;4445;4445
2026-06-08T13:06:15.0000000Z;22.95;22.975;4445;4445
2026-06-08T13:06:46.0000000Z;22.95;22.975;4445;4445
2026-06-08T13:06:49.0000000Z;22.955;22.975;4445;4445
2026-06-08T13:07:19.0000000Z;22.955;22.975;4445;4445
2026-06-08T13:07:33.0000000Z;22.945;22.975;4445;4445
2026-06-08T13:07:39.0000000Z;22.95;22.975;4445;4445
2026-06-08T13:08:09.0000000Z;22.95;22.975;4445;4445
2026-06-08T13:08:40.0000000Z;22.95;22.975;4445;4445
2026-06-08T13:09:04.0000000Z;22.955;22.975;4445;4445
2026-06-08T13:09:08.0000000Z;22.955;22.98;4445;4445
2026-06-08T13:09:09.0000000Z;22.96;22.98;4445;4445
2026-06-08T13:09:40.0000000Z;22.955;22.98;4445;4445
2026-06-08T13:09:45.0000000Z;22.96;22.98;4445;4445
2026-06-08T13:09:46.0000000Z;22.96;22.985;4445;4445
2026-06-08T13:10:12.0000000Z;22.955;22.985;4445;4445
2026-06-08T13:10:24.0000000Z;22.955;22.98;4445;4445
2026-06-08T13:10:28.0000000Z;22.95;22.98;4445;4445
2026-06-08T13:10:31.0000000Z;22.955;22.98;4445;4445
2026-06-08T13:11:02.0000000Z;22.955;22.98;4445;4445
2026-06-08T13:11:23.0000000Z;22.955;22.975;4445;4445
2026-06-08T13:11:54.0000000Z;22.955;22.975;4445;4445
2026-06-08T13:12:24.0000000Z;22.955;22.975;4445;4445
2026-06-08T13:12:37.0000000Z;22.95;22.975;4445;4445
2026-06-08T13:12:39.0000000Z;22.945;22.975;4445;4445
2026-06-08T13:12:41.0000000Z;22.95;22.975;4445;4445
2026-06-08T13:13:11.0000000Z;22.95;22.975;4445;4445
2026-06-08T13:13:35.0000000Z;22.955;22.975;4445;4445
2026-06-08T13:14:03.0000000Z;22.95;22.975;4445;4445
2026-06-08T13:14:34.0000000Z;22.95;22.975;4445;4445
2026-06-08T13:15:04.0000000Z;22.95;22.975;4445;4445
2026-06-08T13:15:35.0000000Z;22.95;22.975;4445;4445
2026-06-08T13:16:06.0000000Z;22.95;22.975;4445;4445
2026-06-08T13:16:10.0000000Z;22.95;22.98;4445;4445
2026-06-08T13:16:40.0000000Z;22.95;22.98;4445;4445
2026-06-08T13:16:46.0000000Z;22.95;22.975;4445;4445
2026-06-08T13:17:01.0000000Z;22.95;22.97;4445;4445
2026-06-08T13:17:10.0000000Z;22.945;22.97;4445;4445
2026-06-08T13:17:40.0000000Z;22.945;22.97;4445;4445
2026-06-08T13:18:11.0000000Z;22.945;22.97;4445;4445
2026-06-08T13:18:26.0000000Z;22.95;22.97;4445;4445
2026-06-08T13:18:57.0000000Z;22.95;22.97;4445;4445
2026-06-08T13:19:06.0000000Z;22.95;22.965;4445;4445
2026-06-08T13:19:15.0000000Z;22.945;22.965;4445;4445
2026-06-08T13:19:31.0000000Z;22.945;22.96;4445;4445
2026-06-08T13:19:41.0000000Z;22.94;22.96;4445;4445
2026-06-08T13:19:51.0000000Z;22.94;22.965;4445;4445
2026-06-08T13:20:19.0000000Z;22.94;22.975;4445;4445
2026-06-08T13:20:39.0000000Z;22.945;22.975;4445;4445
2026-06-08T13:21:10.0000000Z;22.945;22.975;4445;4445
2026-06-08T13:21:24.0000000Z;22.945;22.98;4445;4445
2026-06-08T13:21:55.0000000Z;22.945;22.98;4445;4445
2026-06-08T13:22:11.0000000Z;22.945;22.985;4445;4445
2026-06-08T13:22:36.0000000Z;22.955;22.985;4445;4445
2026-06-08T13:22:56.0000000Z;22.955;22.98;4445;4445
2026-06-08T13:23:16.0000000Z;22.955;22.975;4445;4445
2026-06-08T13:23:39.0000000Z;22.945;22.975;4445;4445
2026-06-08T13:23:49.0000000Z;22.95;22.975;4445;4445
2026-06-08T13:24:03.0000000Z;22.945;22.975;4445;4445
2026-06-08T13:24:07.0000000Z;22.945;22.97;4445;4445
2026-06-08T13:24:08.0000000Z;22.945;22.975;4445;4445
2026-06-08T13:24:37.0000000Z;22.945;22.975;4445;4445
2026-06-08T13:25:08.0000000Z;22.955;22.975;4445;4445
2026-06-08T13:25:20.0000000Z;22.95;22.975;4445;4445
2026-06-08T13:25:24.0000000Z;22.95;22.98;4445;4445
2026-06-08T13:25:54.0000000Z;22.95;22.98;4445;4445
2026-06-08T13:26:24.0000000Z;22.95;22.98;4445;4445
2026-06-08T13:26:30.0000000Z;22.95;22.975;4445;4445
2026-06-08T13:26:44.0000000Z;22.945;22.975;4445;4445
2026-06-08T13:26:50.0000000Z;22.955;22.975;4445;4445
2026-06-08T13:26:51.0000000Z;22.95;22.975;4445;4445
2026-06-08T13:27:21.0000000Z;22.95;22.975;4445;4445
2026-06-08T13:27:24.0000000Z;22.95;22.98;4445;4445
2026-06-08T13:27:42.0000000Z;22.945;22.98;4445;4445
2026-06-08T13:27:51.0000000Z;22.945;22.975;4445;4445
2026-06-08T13:28:03.0000000Z;22.94;22.98;4445;4445
2026-06-08T13:28:05.0000000Z;22.93;22.98;4445;4445
2026-06-08T13:28:13.0000000Z;22.93;23.04;4445;4445
2026-06-08T13:28:17.0000000Z;22.935;23.04;4445;4445
2026-06-08T13:28:21.0000000Z;22.94;23.04;4445;4445
2026-06-08T13:28:52.0000000Z;22.94;23.04;4445;4445
2026-06-08T13:29:01.0000000Z;22.94;23.03;4445;4445
2026-06-08T13:29:08.0000000Z;22.94;23.02;4445;4445
2026-06-08T13:29:19.0000000Z;22.935;23.02;4445;4445
2026-06-08T13:29:27.0000000Z;22.93;23.02;4445;4445
2026-06-08T13:29:47.0000000Z;22.925;23.02;4445;4445
2026-06-08T13:30:00.0000000Z;22.925;22.99;4445;4445
2026-06-08T13:30:01.0000000Z;22.87;22.99;4445;4445
2026-06-08T13:30:03.0000000Z;22.83;22.99;4445;4445
2026-06-08T13:30:05.0000000Z;22.84;22.99;4445;4445
2026-06-08T13:30:10.0000000Z;22.85;22.99;4445;4445
2026-06-08T13:30:11.0000000Z;22.885;22.99;4445;4445
2026-06-08T13:30:12.0000000Z;22.88;22.99;4445;4445
2026-06-08T13:30:17.0000000Z;22.88;23;4445;4445
2026-06-08T13:30:18.0000000Z;22.88;22.99;4445;4445
2026-06-08T13:30:19.0000000Z;22.875;22.99;4445;4445
2026-06-08T13:30:31.0000000Z;22.89;22.985;4445;4445
2026-06-08T13:30:36.0000000Z;22.89;22.945;4445;4445
2026-06-08T13:31:07.0000000Z;22.89;22.945;4445;4445
2026-06-08T13:31:09.0000000Z;22.895;22.935;4445;4445
2026-06-08T13:31:13.0000000Z;22.9;22.935;4445;4445
2026-06-08T13:31:19.0000000Z;22.895;22.935;4445;4445
2026-06-08T13:31:23.0000000Z;22.9;22.985;4445;4445
2026-06-08T13:31:27.0000000Z;22.895;22.985;4445;4445
2026-06-08T13:31:58.0000000Z;22.895;22.985;4445;4445
2026-06-08T13:32:00.0000000Z;22.895;22.975;4445;4445
2026-06-08T13:32:02.0000000Z;22.9;22.945;4445;4445
2026-06-08T13:32:08.0000000Z;22.905;22.945;4445;4445
2026-06-08T13:32:17.0000000Z;22.91;22.945;4445;4445
2026-06-08T13:32:19.0000000Z;22.915;22.945;4445;4445
2026-06-08T13:32:26.0000000Z;22.915;22.96;4445;4445
2026-06-08T13:32:29.0000000Z;22.915;22.95;4445;4445
2026-06-08T13:32:40.0000000Z;22.915;22.945;4445;4445
2026-06-08T13:32:52.0000000Z;22.915;22.95;4445;4445
2026-06-08T13:32:58.0000000Z;22.91;22.95;4445;4445
2026-06-08T13:33:05.0000000Z;22.91;22.94;4445;4445
2026-06-08T13:33:27.0000000Z;22.91;22.93;4445;4445
2026-06-08T13:33:28.0000000Z;22.9;22.93;4445;4445
2026-06-08T13:33:31.0000000Z;22.895;22.93;4445;4445
2026-06-08T13:33:32.0000000Z;22.89;22.93;4445;4445
2026-06-08T13:33:42.0000000Z;22.89;22.92;4445;4445
2026-06-08T13:33:44.0000000Z;22.885;22.92;4445;4445
2026-06-08T13:33:58.0000000Z;22.875;22.92;4445;4445
2026-06-08T13:34:06.0000000Z;22.875;22.905;4445;4445
2026-06-08T13:34:08.0000000Z;22.87;22.905;4445;4445
2026-06-08T13:34:16.0000000Z;22.865;22.905;4445;4445
2026-06-08T13:34:22.0000000Z;22.86;22.905;4445;4445
2026-06-08T13:34:23.0000000Z;22.86;22.89;4445;4445
2026-06-08T13:34:37.0000000Z;22.86;22.88;4445;4445
2026-06-08T13:34:39.0000000Z;22.85;22.88;4445;4445
2026-06-08T13:34:43.0000000Z;22.85;22.87;4445;4445
2026-06-08T13:34:45.0000000Z;22.845;22.87;4445;4445
2026-06-08T13:34:51.0000000Z;22.84;22.87;4445;4445
2026-06-08T13:35:05.0000000Z;22.845;22.87;4445;4445
2026-06-08T13:35:07.0000000Z;22.845;22.875;4445;4445
2026-06-08T13:35:15.0000000Z;22.85;22.875;4445;4445
2026-06-08T13:35:16.0000000Z;22.845;22.875;4445;4445
2026-06-08T13:35:23.0000000Z;22.845;22.9;4445;4445
2026-06-08T13:35:24.0000000Z;22.845;22.89;4445;4445
2026-06-08T13:35:27.0000000Z;22.845;22.885;4445;4445
2026-06-08T13:35:32.0000000Z;22.845;22.88;4445;4445
2026-06-08T13:35:43.0000000Z;22.85;22.88;4445;4445
2026-06-08T13:35:45.0000000Z;22.85;22.905;4445;4445
2026-06-08T13:35:47.0000000Z;22.85;22.9;4445;4445
2026-06-08T13:35:48.0000000Z;22.85;22.895;4445;4445
2026-06-08T13:35:56.0000000Z;22.85;22.9;4445;4445
2026-06-08T13:36:02.0000000Z;22.87;22.9;4445;4445
2026-06-08T13:36:03.0000000Z;22.87;22.915;4445;4445
2026-06-08T13:36:04.0000000Z;22.875;22.91;4445;4445
2026-06-08T13:36:09.0000000Z;22.87;22.9;4445;4445
2026-06-08T13:36:11.0000000Z;22.865;22.9;4445;4445
2026-06-08T13:36:41.0000000Z;22.865;22.9;4445;4445
2026-06-08T13:36:47.0000000Z;22.865;22.925;4445;4445
2026-06-08T13:36:49.0000000Z;22.865;22.91;4445;4445
2026-06-08T13:36:51.0000000Z;22.865;22.905;4445;4445
2026-06-08T13:36:56.0000000Z;22.865;22.9;4445;4445
2026-06-08T13:37:10.0000000Z;22.865;22.91;4445;4445
2026-06-08T13:37:12.0000000Z;22.865;22.9;4445;4445
2026-06-08T13:37:13.0000000Z;22.86;22.9;4445;4445
2026-06-08T13:37:17.0000000Z;22.86;22.895;4445;4445
2026-06-08T13:37:23.0000000Z;22.855;22.895;4445;4445
2026-06-08T13:37:27.0000000Z;22.855;22.885;4445;4445
2026-06-08T13:37:34.0000000Z;22.86;22.885;4445;4445
2026-06-08T13:37:39.0000000Z;22.86;22.89;4445;4445
2026-06-08T13:37:41.0000000Z;22.855;22.89;4445;4445
2026-06-08T13:38:02.0000000Z;22.86;22.89;4445;4445
2026-06-08T13:38:08.0000000Z;22.855;22.89;4445;4445
2026-06-08T13:38:16.0000000Z;22.855;22.915;4445;4445
2026-06-08T13:38:18.0000000Z;22.855;22.895;4445;4445
2026-06-08T13:38:19.0000000Z;22.855;22.91;4445;4445
2026-06-08T13:38:21.0000000Z;22.855;22.9;4445;4445
2026-06-08T13:38:23.0000000Z;22.86;22.895;4445;4445
2026-06-08T13:38:27.0000000Z;22.86;22.885;4445;4445
2026-06-08T13:38:28.0000000Z;22.855;22.885;4445;4445
2026-06-08T13:38:29.0000000Z;22.86;22.885;4445;4445
2026-06-08T13:38:34.0000000Z;22.86;22.89;4445;4445
2026-06-08T13:38:42.0000000Z;22.855;22.89;4445;4445
2026-06-08T13:38:46.0000000Z;22.85;22.885;4445;4445
2026-06-08T13:38:48.0000000Z;22.835;22.885;4445;4445
2026-06-08T13:38:49.0000000Z;22.84;22.885;4445;4445
2026-06-08T13:38:50.0000000Z;22.845;22.885;4445;4445
2026-06-08T13:38:53.0000000Z;22.845;22.88;4445;4445
2026-06-08T13:39:06.0000000Z;22.85;22.88;4445;4445
2026-06-08T13:39:07.0000000Z;22.845;22.88;4445;4445
2026-06-08T13:39:08.0000000Z;22.85;22.88;4445;4445
2026-06-08T13:39:15.0000000Z;22.845;22.88;4445;4445
2026-06-08T13:39:24.0000000Z;22.85;22.88;4445;4445
2026-06-08T13:39:26.0000000Z;22.845;22.88;4445;4445
2026-06-08T13:39:27.0000000Z;22.85;22.88;4445;4445
2026-06-08T13:39:30.0000000Z;22.845;22.88;4445;4445
2026-06-08T13:39:31.0000000Z;22.85;22.88;4445;4445
2026-06-08T13:39:38.0000000Z;22.845;22.88;4445;4445
2026-06-08T13:39:48.0000000Z;22.84;22.88;4445;4445
2026-06-08T13:40:05.0000000Z;22.845;22.87;4445;4445
2026-06-08T13:40:20.0000000Z;22.84;22.87;4445;4445
2026-06-08T13:40:38.0000000Z;22.85;22.87;4445;4445
2026-06-08T13:40:39.0000000Z;22.845;22.87;4445;4445
2026-06-08T13:40:42.0000000Z;22.845;22.875;4445;4445
2026-06-08T13:40:44.0000000Z;22.84;22.875;4445;4445
2026-06-08T13:40:52.0000000Z;22.835;22.875;4445;4445
2026-06-08T13:41:03.0000000Z;22.84;22.875;4445;4445
2026-06-08T13:41:09.0000000Z;22.84;22.865;4445;4445
2026-06-08T13:41:11.0000000Z;22.835;22.865;4445;4445
2026-06-08T13:41:23.0000000Z;22.84;22.865;4445;4445
2026-06-08T13:41:25.0000000Z;22.84;22.87;4445;4445
2026-06-08T13:41:33.0000000Z;22.845;22.87;4445;4445
2026-06-08T13:41:35.0000000Z;22.845;22.88;4445;4445
2026-06-08T13:42:05.0000000Z;22.845;22.88;4445;4445
2026-06-08T13:42:36.0000000Z;22.855;22.88;4445;4445
2026-06-08T13:42:39.0000000Z;22.855;22.885;4445;4445
2026-06-08T13:43:09.0000000Z;22.855;22.885;4445;4445
2026-06-08T13:43:13.0000000Z;22.865;22.885;4445;4445
2026-06-08T13:43:15.0000000Z;22.865;22.89;4445;4445
2026-06-08T13:43:25.0000000Z;22.86;22.89;4445;4445
2026-06-08T13:43:38.0000000Z;22.87;22.89;4445;4445
2026-06-08T13:43:39.0000000Z;22.87;22.895;4445;4445
2026-06-08T13:43:51.0000000Z;22.855;22.885;4445;4445
2026-06-08T13:43:54.0000000Z;22.86;22.885;4445;4445
2026-06-08T13:43:58.0000000Z;22.865;22.885;4445;4445
2026-06-08T13:44:00.0000000Z;22.865;22.89;4445;4445
2026-06-08T13:44:11.0000000Z;22.86;22.89;4445;4445
2026-06-08T13:44:19.0000000Z;22.855;22.89;4445;4445
2026-06-08T13:44:40.0000000Z;22.865;22.89;4445;4445
2026-06-08T13:44:52.0000000Z;22.86;22.89;4445;4445
2026-06-08T13:44:57.0000000Z;22.865;22.89;4445;4445
2026-06-08T13:45:02.0000000Z;22.865;22.895;4445;4445
2026-06-08T13:45:16.0000000Z;22.875;22.895;4445;4445
2026-06-08T13:45:28.0000000Z;22.875;22.9;4445;4445
2026-06-08T13:45:59.0000000Z;22.875;22.9;4445;4445
2026-06-08T13:46:06.0000000Z;22.875;22.905;4445;4445
2026-06-08T13:46:10.0000000Z;22.885;22.91;4445;4445
2026-06-08T13:46:22.0000000Z;22.885;22.915;4445;4445
2026-06-08T13:46:42.0000000Z;22.89;22.915;4445;4445
2026-06-08T13:46:54.0000000Z;22.895;22.915;4445;4445
2026-06-08T13:46:58.0000000Z;22.895;22.91;4445;4445
2026-06-08T13:47:01.0000000Z;22.89;22.91;4445;4445
2026-06-08T13:47:07.0000000Z;22.88;22.91;4445;4445
2026-06-08T13:47:11.0000000Z;22.885;22.91;4445;4445
2026-06-08T13:47:41.0000000Z;22.885;22.91;4445;4445
2026-06-08T13:47:52.0000000Z;22.88;22.91;4445;4445
2026-06-08T13:48:23.0000000Z;22.88;22.91;4445;4445
2026-06-08T13:48:35.0000000Z;22.875;22.91;4445;4445
2026-06-08T13:48:54.0000000Z;22.875;22.895;4445;4445
2026-06-08T13:48:57.0000000Z;22.87;22.895;4445;4445
2026-06-08T13:49:13.0000000Z;22.87;22.9;4445;4445
2026-06-08T13:49:36.0000000Z;22.88;22.9;4445;4445
2026-06-08T13:49:47.0000000Z;22.88;22.905;4445;4445
2026-06-08T13:50:05.0000000Z;22.875;22.905;4445;4445
2026-06-08T13:50:36.0000000Z;22.875;22.905;4445;4445
2026-06-08T13:50:40.0000000Z;22.87;22.905;4445;4445
2026-06-08T13:50:43.0000000Z;22.87;22.9;4445;4445
2026-06-08T13:50:53.0000000Z;22.865;22.9;4445;4445
2026-06-08T13:51:15.0000000Z;22.87;22.9;4445;4445
2026-06-08T13:51:17.0000000Z;22.87;22.91;4445;4445
2026-06-08T13:51:21.0000000Z;22.87;22.9;4445;4445
2026-06-08T13:51:26.0000000Z;22.87;22.895;4445;4445
2026-06-08T13:51:36.0000000Z;22.88;22.895;4445;4445
2026-06-08T13:51:38.0000000Z;22.88;22.91;4445;4445
2026-06-08T13:51:51.0000000Z;22.875;22.91;4445;4445
2026-06-08T13:52:08.0000000Z;22.88;22.91;4445;4445
2026-06-08T13:52:38.0000000Z;22.88;22.91;4445;4445
2026-06-08T13:52:51.0000000Z;22.89;22.91;4445;4445
2026-06-08T13:53:08.0000000Z;22.89;22.925;4445;4445
2026-06-08T13:53:09.0000000Z;22.89;22.915;4445;4445
2026-06-08T13:53:36.0000000Z;22.89;22.92;4445;4445
2026-06-08T13:53:39.0000000Z;22.905;22.92;4445;4445
2026-06-08T13:53:40.0000000Z;22.905;22.92;4445;4445
2026-06-08T13:53:42.0000000Z;22.9;22.925;4445;4445
2026-06-08T13:53:44.0000000Z;22.9;22.935;4445;4445
2026-06-08T13:53:50.0000000Z;22.89;22.935;4445;4445
2026-06-08T13:53:52.0000000Z;22.895;22.935;4445;4445
2026-06-08T13:53:57.0000000Z;22.9;22.93;4445;4445
2026-06-08T13:54:28.0000000Z;22.9;22.93;4445;4445
2026-06-08T13:54:38.0000000Z;22.9;22.935;4445;4445
2026-06-08T13:54:39.0000000Z;22.905;22.93;4445;4445
2026-06-08T13:54:43.0000000Z;22.9;22.93;4445;4445
2026-06-08T13:54:46.0000000Z;22.895;22.93;4445;4445
2026-06-08T13:55:17.0000000Z;22.895;22.93;4445;4445
2026-06-08T13:55:40.0000000Z;22.895;22.915;4445;4445
2026-06-08T13:55:41.0000000Z;22.89;22.915;4445;4445
2026-06-08T13:55:49.0000000Z;22.885;22.915;4445;4445
2026-06-08T13:55:59.0000000Z;22.88;22.915;4445;4445
2026-06-08T13:56:01.0000000Z;22.875;22.915;4445;4445
2026-06-08T13:56:09.0000000Z;22.88;22.915;4445;4445
2026-06-08T13:56:11.0000000Z;22.88;22.9;4445;4445
2026-06-08T13:56:14.0000000Z;22.875;22.9;4445;4445
2026-06-08T13:56:18.0000000Z;22.875;22.89;4445;4445
2026-06-08T13:56:19.0000000Z;22.87;22.89;4445;4445
2026-06-08T13:56:31.0000000Z;22.87;22.895;4445;4445
2026-06-08T13:56:41.0000000Z;22.875;22.895;4445;4445
2026-06-08T13:56:54.0000000Z;22.875;22.9;4445;4445
2026-06-08T13:57:20.0000000Z;22.87;22.9;4445;4445
2026-06-08T13:57:23.0000000Z;22.87;22.895;4445;4445
2026-06-08T13:57:28.0000000Z;22.87;22.885;4445;4445
2026-06-08T13:57:30.0000000Z;22.865;22.885;4445;4445
2026-06-08T13:57:34.0000000Z;22.86;22.885;4445;4445
2026-06-08T13:57:39.0000000Z;22.855;22.875;4445;4445
2026-06-08T13:57:40.0000000Z;22.845;22.875;4445;4445
2026-06-08T13:57:41.0000000Z;22.85;22.875;4445;4445
2026-06-08T13:57:42.0000000Z;22.855;22.875;4445;4445
2026-06-08T13:57:56.0000000Z;22.85;22.875;4445;4445
2026-06-08T13:58:24.0000000Z;22.845;22.875;4445;4445
2026-06-08T13:58:38.0000000Z;22.84;22.875;4445;4445
2026-06-08T13:58:46.0000000Z;22.845;22.875;4445;4445
2026-06-08T13:58:59.0000000Z;22.85;22.875;4445;4445
2026-06-08T13:59:21.0000000Z;22.85;22.88;4445;4445
2026-06-08T13:59:25.0000000Z;22.855;22.88;4445;4445
2026-06-08T13:59:51.0000000Z;22.85;22.88;4445;4445
2026-06-08T13:59:53.0000000Z;22.84;22.88;4445;4445
2026-06-08T13:59:57.0000000Z;22.835;22.88;4445;4445
2026-06-08T14:00:00.0000000Z;22.84;22.87;4445;4445
2026-06-08T14:00:17.0000000Z;22.85;22.87;4445;4445
2026-06-08T14:00:18.0000000Z;22.85;22.875;4445;4445
2026-06-08T14:00:25.0000000Z;22.855;22.875;4445;4445
2026-06-08T14:00:27.0000000Z;22.855;22.91;4445;4445
2026-06-08T14:00:29.0000000Z;22.86;22.91;4445;4445
2026-06-08T14:00:35.0000000Z;22.86;22.885;4445;4445
2026-06-08T14:00:36.0000000Z;22.855;22.88;4445;4445
2026-06-08T14:01:02.0000000Z;22.865;22.88;4445;4445
2026-06-08T14:01:03.0000000Z;22.865;22.895;4445;4445
2026-06-08T14:01:33.0000000Z;22.865;22.895;4445;4445
2026-06-08T14:01:42.0000000Z;22.875;22.895;4445;4445
2026-06-08T14:01:44.0000000Z;22.875;22.9;4445;4445
2026-06-08T14:01:54.0000000Z;22.885;22.9;4445;4445
2026-06-08T14:01:57.0000000Z;22.885;22.955;4445;4445
2026-06-08T14:01:59.0000000Z;22.885;22.915;4445;4445
2026-06-08T14:02:00.0000000Z;22.885;22.91;4445;4445
2026-06-08T14:02:10.0000000Z;22.89;22.91;4445;4445
2026-06-08T14:02:11.0000000Z;22.89;22.915;4445;4445
2026-06-08T14:02:31.0000000Z;22.885;22.915;4445;4445
2026-06-08T14:02:50.0000000Z;22.88;22.915;4445;4445
2026-06-08T14:02:54.0000000Z;22.875;22.915;4445;4445
2026-06-08T14:02:56.0000000Z;22.88;22.915;4445;4445
2026-06-08T14:03:02.0000000Z;22.88;22.9;4445;4445
2026-06-08T14:03:04.0000000Z;22.875;22.9;4445;4445
2026-06-08T14:03:14.0000000Z;22.875;22.905;4445;4445
2026-06-08T14:03:32.0000000Z;22.885;22.905;4445;4445
2026-06-08T14:03:34.0000000Z;22.885;22.91;4445;4445
2026-06-08T14:03:51.0000000Z;22.88;22.91;4445;4445
2026-06-08T14:03:52.0000000Z;22.875;22.91;4445;4445
2026-06-08T14:04:08.0000000Z;22.875;22.895;4445;4445
2026-06-08T14:04:10.0000000Z;22.87;22.895;4445;4445
2026-06-08T14:04:41.0000000Z;22.87;22.895;4445;4445
2026-06-08T14:04:54.0000000Z;22.865;22.895;4445;4445
2026-06-08T14:05:03.0000000Z;22.865;22.88;4445;4445
2026-06-08T14:05:22.0000000Z;22.86;22.88;4445;4445
2026-06-08T14:05:53.0000000Z;22.86;22.88;4445;4445
2026-06-08T14:06:07.0000000Z;22.875;22.88;4445;4445
2026-06-08T14:06:11.0000000Z;22.87;22.9;4445;4445
2026-06-08T14:06:14.0000000Z;22.875;22.9;4445;4445
2026-06-08T14:06:16.0000000Z;22.87;22.895;4445;4445
2026-06-08T14:06:25.0000000Z;22.875;22.895;4445;4445
2026-06-08T14:06:28.0000000Z;22.875;22.9;4445;4445
2026-06-08T14:06:36.0000000Z;22.88;22.9;4445;4445
2026-06-08T14:06:39.0000000Z;22.88;22.905;4445;4445
2026-06-08T14:06:44.0000000Z;22.885;22.905;4445;4445
2026-06-08T14:06:47.0000000Z;22.885;22.91;4445;4445
2026-06-08T14:06:59.0000000Z;22.885;22.915;4445;4445
2026-06-08T14:07:20.0000000Z;22.89;22.915;4445;4445
2026-06-08T14:07:22.0000000Z;22.895;22.915;4445;4445
2026-06-08T14:07:33.0000000Z;22.89;22.915;4445;4445
2026-06-08T14:07:43.0000000Z;22.885;22.915;4445;4445
2026-06-08T14:07:46.0000000Z;22.89;22.915;4445;4445
2026-06-08T14:08:02.0000000Z;22.895;22.915;4445;4445
2026-06-08T14:08:03.0000000Z;22.895;22.92;4445;4445
2026-06-08T14:08:24.0000000Z;22.885;22.92;4445;4445
2026-06-08T14:08:32.0000000Z;22.89;22.92;4445;4445
2026-06-08T14:08:56.0000000Z;22.9;22.92;4445;4445
2026-06-08T14:09:04.0000000Z;22.9;22.925;4445;4445
2026-06-08T14:09:10.0000000Z;22.895;22.925;4445;4445
2026-06-08T14:09:24.0000000Z;22.905;22.925;4445;4445
2026-06-08T14:09:25.0000000Z;22.9;22.925;4445;4445
2026-06-08T14:09:26.0000000Z;22.905;22.925;4445;4445
2026-06-08T14:09:32.0000000Z;22.905;22.93;4445;4445
2026-06-08T14:09:42.0000000Z;22.905;22.935;4445;4445
2026-06-08T14:10:12.0000000Z;22.905;22.935;4445;4445
2026-06-08T14:10:15.0000000Z;22.91;22.935;4445;4445
2026-06-08T14:10:16.0000000Z;22.91;22.935;4445;4445
2026-06-08T14:10:18.0000000Z;22.905;22.935;4445;4445
2026-06-08T14:10:48.0000000Z;22.9;22.925;4445;4445
2026-06-08T14:11:07.0000000Z;22.905;22.925;4445;4445
2026-06-08T14:11:17.0000000Z;22.905;22.93;4445;4445
2026-06-08T14:11:18.0000000Z;22.9;22.93;4445;4445
2026-06-08T14:11:34.0000000Z;22.9;22.93;4445;4445
2026-06-08T14:11:51.0000000Z;22.9;22.915;4445;4445
2026-06-08T14:11:52.0000000Z;22.905;22.915;4445;4445
2026-06-08T14:12:05.0000000Z;22.9;22.915;4445;4445
2026-06-08T14:12:22.0000000Z;22.905;22.915;4445;4445
2026-06-08T14:12:35.0000000Z;22.9;22.915;4445;4445
2026-06-08T14:12:37.0000000Z;22.895;22.915;4445;4445
2026-06-08T14:12:39.0000000Z;22.89;22.915;4445;4445
2026-06-08T14:12:40.0000000Z;22.895;22.915;4445;4445
2026-06-08T14:12:45.0000000Z;22.89;22.915;4445;4445
2026-06-08T14:12:48.0000000Z;22.895;22.915;4445;4445
2026-06-08T14:13:00.0000000Z;22.9;22.915;4445;4445
2026-06-08T14:13:10.0000000Z;22.9;22.91;4445;4445
2026-06-08T14:13:11.0000000Z;22.895;22.91;4445;4445
2026-06-08T14:13:21.0000000Z;22.895;22.915;4445;4445
2026-06-08T14:13:24.0000000Z;22.9;22.915;4445;4445
2026-06-08T14:13:26.0000000Z;22.895;22.915;4445;4445
2026-06-08T14:13:52.0000000Z;22.9;22.915;4445;4445
2026-06-08T14:14:06.0000000Z;22.905;22.915;4445;4445
2026-06-08T14:14:21.0000000Z;22.91;22.915;4445;4445
2026-06-08T14:14:25.0000000Z;22.905;22.915;4445;4445
2026-06-08T14:14:34.0000000Z;22.91;22.915;4445;4445
2026-06-08T14:14:37.0000000Z;22.9;22.915;4445;4445
2026-06-08T14:14:54.0000000Z;22.905;22.915;4445;4445
2026-06-08T14:15:06.0000000Z;22.9;22.915;4445;4445
2026-06-08T14:15:34.0000000Z;22.9;22.915;4445;4445
2026-06-08T14:15:38.0000000Z;22.895;22.915;4445;4445
2026-06-08T14:15:42.0000000Z;22.895;22.91;4445;4445
2026-06-08T14:15:52.0000000Z;22.89;22.91;4445;4445
2026-06-08T14:15:54.0000000Z;22.88;22.91;4445;4445
2026-06-08T14:15:56.0000000Z;22.885;22.915;4445;4445
2026-06-08T14:15:57.0000000Z;22.89;22.91;4445;4445
2026-06-08T14:16:07.0000000Z;22.895;22.91;4445;4445
2026-06-08T14:16:09.0000000Z;22.895;22.915;4445;4445
2026-06-08T14:16:13.0000000Z;22.895;22.91;4445;4445
2026-06-08T14:16:28.0000000Z;22.89;22.91;4445;4445
2026-06-08T14:16:40.0000000Z;22.885;22.91;4445;4445
2026-06-08T14:16:43.0000000Z;22.89;22.91;4445;4445
2026-06-08T14:17:07.0000000Z;22.89;22.9;4445;4445
2026-06-08T14:17:32.0000000Z;22.89;22.91;4445;4445
2026-06-08T14:17:40.0000000Z;22.895;22.91;4445;4445
2026-06-08T14:17:43.0000000Z;22.895;22.915;4445;4445
2026-06-08T14:17:59.0000000Z;22.895;22.92;4445;4445
2026-06-08T14:18:08.0000000Z;22.905;22.92;4445;4445
2026-06-08T14:18:10.0000000Z;22.9;22.92;4445;4445
2026-06-08T14:18:11.0000000Z;22.9;22.925;4445;4445
2026-06-08T14:18:15.0000000Z;22.895;22.925;4445;4445
2026-06-08T14:18:37.0000000Z;22.885;22.925;4445;4445
2026-06-08T14:18:39.0000000Z;22.89;22.925;4445;4445
2026-06-08T14:18:44.0000000Z;22.89;22.915;4445;4445
2026-06-08T14:18:50.0000000Z;22.895;22.915;4445;4445
2026-06-08T14:19:11.0000000Z;22.89;22.915;4445;4445
2026-06-08T14:19:33.0000000Z;22.885;22.915;4445;4445
2026-06-08T14:20:04.0000000Z;22.885;22.915;4445;4445
2026-06-08T14:20:06.0000000Z;22.895;22.915;4445;4445
2026-06-08T14:20:15.0000000Z;22.895;22.92;4445;4445
2026-06-08T14:20:46.0000000Z;22.895;22.92;4445;4445
2026-06-08T14:21:16.0000000Z;22.89;22.92;4445;4445
2026-06-08T14:21:38.0000000Z;22.895;22.92;4445;4445
2026-06-08T14:22:09.0000000Z;22.895;22.92;4445;4445
2026-06-08T14:22:28.0000000Z;22.885;22.92;4445;4445
2026-06-08T14:22:58.0000000Z;22.885;22.92;4445;4445
2026-06-08T14:23:13.0000000Z;22.895;22.92;4445;4445
2026-06-08T14:23:43.0000000Z;22.895;22.92;4445;4445
2026-06-08T14:23:54.0000000Z;22.905;22.92;4445;4445
2026-06-08T14:23:57.0000000Z;22.905;22.925;4445;4445
2026-06-08T14:24:06.0000000Z;22.905;22.93;4445;4445
2026-06-08T14:24:36.0000000Z;22.905;22.93;4445;4445
2026-06-08T14:25:07.0000000Z;22.905;22.93;4445;4445
2026-06-08T14:25:36.0000000Z;22.915;22.93;4445;4445
2026-06-08T14:25:39.0000000Z;22.915;22.945;4445;4445
2026-06-08T14:25:46.0000000Z;22.915;22.93;4445;4445
2026-06-08T14:26:13.0000000Z;22.915;22.94;4445;4445
2026-06-08T14:26:14.0000000Z;22.92;22.94;4445;4445
2026-06-08T14:26:21.0000000Z;22.925;22.94;4445;4445
2026-06-08T14:26:23.0000000Z;22.925;22.955;4445;4445
2026-06-08T14:26:29.0000000Z;22.92;22.955;4445;4445
2026-06-08T14:26:30.0000000Z;22.925;22.955;4445;4445
2026-06-08T14:26:31.0000000Z;22.925;22.95;4445;4445
2026-06-08T14:26:37.0000000Z;22.915;22.955;4445;4445
2026-06-08T14:26:41.0000000Z;22.915;22.95;4445;4445
2026-06-08T14:26:52.0000000Z;22.92;22.95;4445;4445
2026-06-08T14:26:55.0000000Z;22.92;22.945;4445;4445
2026-06-08T14:27:01.0000000Z;22.92;22.945;4445;4445
2026-06-08T14:27:31.0000000Z;22.915;22.945;4445;4445
2026-06-08T14:27:32.0000000Z;22.92;22.945;4445;4445
2026-06-08T14:28:02.0000000Z;22.92;22.935;4445;4445
2026-06-08T14:28:04.0000000Z;22.915;22.935;4445;4445
2026-06-08T14:28:06.0000000Z;22.91;22.935;4445;4445
2026-06-08T14:28:08.0000000Z;22.915;22.935;4445;4445
2026-06-08T14:28:18.0000000Z;22.905;22.935;4445;4445
2026-06-08T14:28:21.0000000Z;22.905;22.925;4445;4445
2026-06-08T14:28:32.0000000Z;22.905;22.93;4445;4445
2026-06-08T14:29:03.0000000Z;22.905;22.93;4445;4445
2026-06-08T14:29:14.0000000Z;22.91;22.93;4445;4445
2026-06-08T14:29:44.0000000Z;22.91;22.93;4445;4445
2026-06-08T14:29:58.0000000Z;22.905;22.93;4445;4445
2026-06-08T14:30:11.0000000Z;22.905;22.925;4445;4445
2026-06-08T14:30:19.0000000Z;22.91;22.925;4445;4445
2026-06-08T14:30:20.0000000Z;22.91;22.935;4445;4445
2026-06-08T14:30:50.0000000Z;22.91;22.935;4445;4445
2026-06-08T14:31:21.0000000Z;22.91;22.935;4445;4445
2026-06-08T14:31:51.0000000Z;22.91;22.935;4445;4445
2026-06-08T14:32:22.0000000Z;22.91;22.935;4445;4445
2026-06-08T14:32:27.0000000Z;22.91;22.94;4445;4445
2026-06-08T14:32:57.0000000Z;22.91;22.94;4445;4445
2026-06-08T14:33:28.0000000Z;22.91;22.94;4445;4445
2026-06-08T14:33:36.0000000Z;22.915;22.94;4445;4445
2026-06-08T14:34:01.0000000Z;22.91;22.94;4445;4445
2026-06-08T14:34:15.0000000Z;22.915;22.94;4445;4445
2026-06-08T14:34:38.0000000Z;22.92;22.94;4445;4445
2026-06-08T14:34:40.0000000Z;22.92;22.945;4445;4445
2026-06-08T14:35:10.0000000Z;22.92;22.945;4445;4445
2026-06-08T14:35:14.0000000Z;22.925;22.945;4445;4445
2026-06-08T14:35:16.0000000Z;22.925;22.96;4445;4445
2026-06-08T14:35:19.0000000Z;22.925;22.955;4445;4445
2026-06-08T14:35:24.0000000Z;22.925;22.95;4445;4445
2026-06-08T14:35:43.0000000Z;22.93;22.95;4445;4445
2026-06-08T14:35:44.0000000Z;22.93;22.955;4445;4445
2026-06-08T14:36:04.0000000Z;22.93;22.96;4445;4445
2026-06-08T14:36:07.0000000Z;22.93;22.95;4445;4445
2026-06-08T14:36:17.0000000Z;22.935;22.95;4445;4445
2026-06-08T14:36:18.0000000Z;22.935;22.96;4445;4445
2026-06-08T14:36:26.0000000Z;22.94;22.96;4445;4445
2026-06-08T14:36:30.0000000Z;22.94;22.965;4445;4445
2026-06-08T14:36:35.0000000Z;22.945;22.965;4445;4445
2026-06-08T14:36:40.0000000Z;22.945;22.97;4445;4445
2026-06-08T14:37:11.0000000Z;22.945;22.97;4445;4445
2026-06-08T14:37:26.0000000Z;22.94;22.97;4445;4445
2026-06-08T14:37:30.0000000Z;22.94;22.965;4445;4445
2026-06-08T14:37:35.0000000Z;22.94;22.96;4445;4445
2026-06-08T14:37:43.0000000Z;22.935;22.96;4445;4445
2026-06-08T14:37:53.0000000Z;22.94;22.96;4445;4445
2026-06-08T14:37:55.0000000Z;22.94;22.965;4445;4445
2026-06-08T14:38:04.0000000Z;22.945;22.965;4445;4445
2026-06-08T14:38:06.0000000Z;22.945;22.97;4445;4445
2026-06-08T14:38:09.0000000Z;22.94;22.97;4445;4445
2026-06-08T14:38:37.0000000Z;22.935;22.97;4445;4445
2026-06-08T14:39:08.0000000Z;22.935;22.97;4445;4445
2026-06-08T14:39:11.0000000Z;22.94;22.97;4445;4445
2026-06-08T14:39:38.0000000Z;22.945;22.97;4445;4445
2026-06-08T14:39:39.0000000Z;22.945;22.975;4445;4445
2026-06-08T14:39:49.0000000Z;22.94;22.975;4445;4445
2026-06-08T14:39:51.0000000Z;22.935;22.975;4445;4445
2026-06-08T14:39:55.0000000Z;22.935;22.98;4445;4445
2026-06-08T14:39:57.0000000Z;22.945;22.975;4445;4445
2026-06-08T14:40:23.0000000Z;22.94;22.975;4445;4445
2026-06-08T14:40:25.0000000Z;22.945;22.975;4445;4445
2026-06-08T14:40:40.0000000Z;22.95;22.975;4445;4445
2026-06-08T14:41:10.0000000Z;22.95;22.975;4445;4445
2026-06-08T14:41:15.0000000Z;22.945;22.975;4445;4445
2026-06-08T14:41:34.0000000Z;22.935;22.975;4445;4445
2026-06-08T14:41:38.0000000Z;22.93;22.975;4445;4445
2026-06-08T14:41:42.0000000Z;22.935;22.975;4445;4445
2026-06-08T14:41:43.0000000Z;22.94;22.97;4445;4445
2026-06-08T14:42:02.0000000Z;22.935;22.97;4445;4445
2026-06-08T14:42:17.0000000Z;22.935;22.965;4445;4445
2026-06-08T14:42:21.0000000Z;22.93;22.96;4445;4445
2026-06-08T14:42:48.0000000Z;22.925;22.96;4445;4445
2026-06-08T14:42:51.0000000Z;22.925;22.955;4445;4445
2026-06-08T14:43:18.0000000Z;22.92;22.955;4445;4445
2026-06-08T14:43:46.0000000Z;22.92;22.945;4445;4445
2026-06-08T14:44:05.0000000Z;22.92;22.95;4445;4445
2026-06-08T14:44:33.0000000Z;22.925;22.95;4445;4445
2026-06-08T14:44:42.0000000Z;22.93;22.95;4445;4445
2026-06-08T14:44:43.0000000Z;22.93;22.955;4445;4445
2026-06-08T14:45:07.0000000Z;22.935;22.955;4445;4445
2026-06-08T14:45:09.0000000Z;22.935;22.96;4445;4445
2026-06-08T14:45:19.0000000Z;22.94;22.97;4445;4445
2026-06-08T14:45:49.0000000Z;22.94;22.97;4445;4445
2026-06-08T14:46:08.0000000Z;22.945;22.97;4445;4445
2026-06-08T14:46:17.0000000Z;22.945;22.975;4445;4445
2026-06-08T14:46:22.0000000Z;22.95;22.975;4445;4445
2026-06-08T14:46:25.0000000Z;22.945;22.975;4445;4445
2026-06-08T14:46:30.0000000Z;22.95;22.975;4445;4445
2026-06-08T14:46:33.0000000Z;22.945;22.975;4445;4445
2026-06-08T14:46:36.0000000Z;22.95;22.975;4445;4445
2026-06-08T14:46:39.0000000Z;22.95;22.975;4445;4445
2026-06-08T14:46:40.0000000Z;22.945;22.975;4445;4445
2026-06-08T14:46:43.0000000Z;22.945;22.975;4445;4445
2026-06-08T14:46:44.0000000Z;22.945;22.975;4445;4445
2026-06-08T14:46:47.0000000Z;22.945;22.99;4445;4445
2026-06-08T14:46:48.0000000Z;22.955;22.99;4445;4445
2026-06-08T14:46:49.0000000Z;22.96;22.99;4445;4445
2026-06-08T14:47:09.0000000Z;22.96;22.98;4445;4445
2026-06-08T14:47:11.0000000Z;22.955;22.98;4445;4445
2026-06-08T14:47:22.0000000Z;22.96;22.98;4445;4445
2026-06-08T14:47:33.0000000Z;22.955;22.99;4445;4445
2026-06-08T14:47:34.0000000Z;22.96;22.99;4445;4445
2026-06-08T14:47:49.0000000Z;22.955;23.01;4445;4445
2026-06-08T14:47:50.0000000Z;22.96;23;4445;4445
2026-06-08T14:47:52.0000000Z;22.96;22.995;4445;4445
2026-06-08T14:47:57.0000000Z;22.96;22.985;4445;4445
2026-06-08T14:48:06.0000000Z;22.96;22.98;4445;4445
2026-06-08T14:48:13.0000000Z;22.955;22.98;4445;4445
2026-06-08T14:48:17.0000000Z;22.96;22.98;4445;4445
2026-06-08T14:48:19.0000000Z;22.96;22.99;4445;4445
2026-06-08T14:48:39.0000000Z;22.955;22.99;4445;4445
2026-06-08T14:48:48.0000000Z;22.96;22.99;4445;4445
2026-06-08T14:49:18.0000000Z;22.96;22.99;4445;4445
2026-06-08T14:49:49.0000000Z;22.96;22.99;4445;4445
2026-06-08T14:50:19.0000000Z;22.96;22.99;4445;4445
2026-06-08T14:50:30.0000000Z;22.955;22.99;4445;4445
2026-06-08T14:50:40.0000000Z;22.955;22.98;4445;4445
2026-06-08T14:51:06.0000000Z;22.95;22.98;4445;4445
2026-06-08T14:51:20.0000000Z;22.955;22.98;4445;4445
2026-06-08T14:51:35.0000000Z;22.96;22.98;4445;4445
2026-06-08T14:51:37.0000000Z;22.96;22.985;4445;4445
2026-06-08T14:52:07.0000000Z;22.96;22.985;4445;4445
2026-06-08T14:52:20.0000000Z;22.965;22.985;4445;4445
2026-06-08T14:52:25.0000000Z;22.965;22.99;4445;4445
2026-06-08T14:52:29.0000000Z;22.97;22.99;4445;4445
2026-06-08T14:52:30.0000000Z;22.965;22.99;4445;4445
2026-06-08T14:52:50.0000000Z;22.97;22.99;4445;4445
2026-06-08T14:53:03.0000000Z;22.965;22.99;4445;4445
2026-06-08T14:53:25.0000000Z;22.96;22.99;4445;4445
2026-06-08T14:53:29.0000000Z;22.965;22.99;4445;4445
2026-06-08T14:53:33.0000000Z;22.96;22.99;4445;4445
2026-06-08T14:53:43.0000000Z;22.965;22.99;4445;4445
2026-06-08T14:54:02.0000000Z;22.97;22.99;4445;4445
2026-06-08T14:54:05.0000000Z;22.965;22.99;4445;4445
2026-06-08T14:54:21.0000000Z;22.955;22.99;4445;4445
2026-06-08T14:54:22.0000000Z;22.96;22.99;4445;4445
2026-06-08T14:54:24.0000000Z;22.965;22.985;4445;4445
2026-06-08T14:54:27.0000000Z;22.96;22.985;4445;4445
2026-06-08T14:54:30.0000000Z;22.96;22.98;4445;4445
2026-06-08T14:54:31.0000000Z;22.955;22.98;4445;4445
2026-06-08T14:54:32.0000000Z;22.96;22.98;4445;4445
2026-06-08T14:54:39.0000000Z;22.955;22.98;4445;4445
2026-06-08T14:54:40.0000000Z;22.96;22.98;4445;4445
2026-06-08T14:54:44.0000000Z;22.965;22.98;4445;4445
2026-06-08T14:54:49.0000000Z;22.96;22.98;4445;4445
2026-06-08T14:55:00.0000000Z;22.965;22.98;4445;4445
2026-06-08T14:55:02.0000000Z;22.965;22.99;4445;4445
2026-06-08T14:55:04.0000000Z;22.97;22.99;4445;4445
2026-06-08T14:55:05.0000000Z;22.965;22.99;4445;4445
2026-06-08T14:55:06.0000000Z;22.97;22.99;4445;4445
2026-06-08T14:55:08.0000000Z;22.965;22.99;4445;4445
2026-06-08T14:55:18.0000000Z;22.965;22.98;4445;4445
2026-06-08T14:55:23.0000000Z;22.96;22.98;4445;4445
2026-06-08T14:55:28.0000000Z;22.965;22.98;4445;4445
2026-06-08T14:55:29.0000000Z;22.965;22.99;4445;4445
2026-06-08T14:55:31.0000000Z;22.96;22.99;4445;4445
2026-06-08T14:55:32.0000000Z;22.965;22.99;4445;4445
2026-06-08T14:56:02.0000000Z;22.965;22.99;4445;4445
2026-06-08T14:56:13.0000000Z;22.96;22.99;4445;4445
2026-06-08T14:56:18.0000000Z;22.96;22.985;4445;4445
2026-06-08T14:56:19.0000000Z;22.955;22.985;4445;4445
2026-06-08T14:56:23.0000000Z;22.96;22.985;4445;4445
2026-06-08T14:56:24.0000000Z;22.955;22.985;4445;4445
2026-06-08T14:56:29.0000000Z;22.96;22.985;4445;4445
2026-06-08T14:56:44.0000000Z;22.96;22.985;4445;4445
2026-06-08T14:56:48.0000000Z;22.965;22.985;4445;4445
2026-06-08T14:57:03.0000000Z;22.965;22.975;4445;4445
2026-06-08T14:57:17.0000000Z;22.965;22.985;4445;4445
2026-06-08T14:57:35.0000000Z;22.97;22.985;4445;4445
2026-06-08T14:57:36.0000000Z;22.97;22.99;4445;4445
2026-06-08T14:58:07.0000000Z;22.97;22.99;4445;4445
2026-06-08T14:58:10.0000000Z;22.975;22.99;4445;4445
2026-06-08T14:58:16.0000000Z;22.965;22.99;4445;4445
2026-06-08T14:58:18.0000000Z;22.97;22.99;4445;4445
2026-06-08T14:58:29.0000000Z;22.975;22.99;4445;4445
2026-06-08T14:58:38.0000000Z;22.98;22.99;4445;4445
2026-06-08T14:58:39.0000000Z;22.975;22.99;4445;4445
2026-06-08T14:58:40.0000000Z;22.975;22.995;4445;4445
2026-06-08T14:59:11.0000000Z;22.975;22.995;4445;4445
2026-06-08T14:59:24.0000000Z;22.97;23;4445;4445
2026-06-08T14:59:52.0000000Z;22.97;23;4445;4445
