2026-06-08T08:00:01.0000000Z;6.2938;6.297;7969;7969
2026-06-08T08:00:02.0000000Z;6.2938;6.2984;7969;7969
2026-06-08T08:00:12.0000000Z;6.2938;6.298;7969;7969
2026-06-08T08:00:18.0000000Z;6.2938;6.2982;7969;7969
2026-06-08T08:00:49.0000000Z;6.2938;6.2982;7969;7969
2026-06-08T08:00:53.0000000Z;6.2938;6.298;7969;7969
2026-06-08T08:00:58.0000000Z;6.2938;6.2976;7969;7969
2026-06-08T08:01:11.0000000Z;6.2938;6.2982;7969;7969
2026-06-08T08:01:17.0000000Z;6.2938;6.298;7969;7969
2026-06-08T08:01:23.0000000Z;6.2938;6.2982;7969;7969
2026-06-08T08:01:53.0000000Z;6.2938;6.2982;7969;7969
2026-06-08T08:02:08.0000000Z;6.295;6.2982;7969;7969
2026-06-08T08:02:09.0000000Z;6.295;6.2994;7969;7969
2026-06-08T08:02:11.0000000Z;6.295;6.2992;7969;7969
2026-06-08T08:02:21.0000000Z;6.295;6.299;7969;7969
2026-06-08T08:02:23.0000000Z;6.295;6.2988;7969;7969
2026-06-08T08:02:26.0000000Z;6.295;6.2986;7969;7969
2026-06-08T08:02:32.0000000Z;6.295;6.2984;7969;7969
2026-06-08T08:02:33.0000000Z;6.2938;6.2984;7969;7969
2026-06-08T08:02:41.0000000Z;6.2938;6.2982;7969;7969
2026-06-08T08:02:47.0000000Z;6.2938;6.2984;7969;7969
2026-06-08T08:03:17.0000000Z;6.2938;6.2984;7969;7969
2026-06-08T08:03:23.0000000Z;6.2896;6.2982;7969;7969
2026-06-08T08:03:24.0000000Z;6.2938;6.2982;7969;7969
2026-06-08T08:03:29.0000000Z;6.2938;6.2984;7969;7969
2026-06-08T08:04:00.0000000Z;6.2938;6.2984;7969;7969
2026-06-08T08:04:13.0000000Z;6.2938;6.298;7969;7969
2026-06-08T08:04:15.0000000Z;6.2558;6.2974;7969;7969
2026-06-08T08:04:17.0000000Z;6.2928;6.2974;7969;7969
2026-06-08T08:04:47.0000000Z;6.2928;6.2974;7969;7969
2026-06-08T08:05:17.0000000Z;6.2928;6.2974;7969;7969
2026-06-08T08:05:41.0000000Z;6.2928;6.297;7969;7969
2026-06-08T08:06:06.0000000Z;6.2928;6.2974;7969;7969
2026-06-08T08:06:36.0000000Z;6.2928;6.2974;7969;7969
2026-06-08T08:07:06.0000000Z;6.2928;6.2974;7969;7969
2026-06-08T08:07:10.0000000Z;6.2928;6.2972;7969;7969
2026-06-08T08:07:41.0000000Z;6.2928;6.2972;7969;7969
2026-06-08T08:08:11.0000000Z;6.2928;6.2972;7969;7969
2026-06-08T08:08:26.0000000Z;6.2928;6.2968;7969;7969
2026-06-08T08:08:42.0000000Z;6.2928;6.2964;7969;7969
2026-06-08T08:09:11.0000000Z;6.2928;6.2964;7969;7969
2026-06-08T08:09:14.0000000Z;6.2928;6.2968;7969;7969
2026-06-08T08:09:43.0000000Z;6.2928;6.296;7969;7969
2026-06-08T08:09:44.0000000Z;6.2916;6.296;7969;7969
2026-06-08T08:10:04.0000000Z;6.2916;6.2962;7969;7969
2026-06-08T08:10:05.0000000Z;6.2928;6.2962;7969;7969
2026-06-08T08:10:06.0000000Z;6.2928;6.297;7969;7969
2026-06-08T08:10:31.0000000Z;6.2928;6.2974;7969;7969
2026-06-08T08:10:49.0000000Z;6.2928;6.2972;7969;7969
2026-06-08T08:10:51.0000000Z;6.2928;6.2974;7969;7969
2026-06-08T08:11:18.0000000Z;6.2928;6.2974;7969;7969
2026-06-08T08:11:49.0000000Z;6.2928;6.2974;7969;7969
2026-06-08T08:12:19.0000000Z;6.2928;6.2974;7969;7969
2026-06-08T08:12:50.0000000Z;6.2928;6.2974;7969;7969
2026-06-08T08:13:21.0000000Z;6.2928;6.2974;7969;7969
2026-06-08T08:13:31.0000000Z;6.2928;6.2972;7969;7969
2026-06-08T08:13:36.0000000Z;6.2928;6.2974;7969;7969
2026-06-08T08:13:52.0000000Z;6.2932;6.2974;7969;7969
2026-06-08T08:13:54.0000000Z;6.2932;6.2976;7969;7969
2026-06-08T08:14:24.0000000Z;6.2932;6.2976;7969;7969
2026-06-08T08:14:25.0000000Z;6.2944;6.2976;7969;7969
2026-06-08T08:14:26.0000000Z;6.2944;6.2986;7969;7969
2026-06-08T08:14:40.0000000Z;6.2944;6.2984;7969;7969
2026-06-08T08:14:57.0000000Z;6.2944;6.298;7969;7969
2026-06-08T08:15:28.0000000Z;6.2944;6.298;7969;7969
2026-06-08T08:15:41.0000000Z;6.2944;6.2978;7969;7969
2026-06-08T08:15:43.0000000Z;6.2932;6.2978;7969;7969
2026-06-08T08:16:03.0000000Z;6.2944;6.2978;7969;7969
2026-06-08T08:16:05.0000000Z;6.2944;6.2986;7969;7969
2026-06-08T08:16:23.0000000Z;6.2944;6.2982;7969;7969
2026-06-08T08:16:26.0000000Z;6.2944;6.2978;7969;7969
2026-06-08T08:16:27.0000000Z;6.2932;6.2978;7969;7969
2026-06-08T08:16:56.0000000Z;6.2932;6.2978;7969;7969
2026-06-08T08:17:27.0000000Z;6.2932;6.2978;7969;7969
2026-06-08T08:17:48.0000000Z;6.2944;6.2978;7969;7969
2026-06-08T08:17:49.0000000Z;6.2944;6.2988;7969;7969
2026-06-08T08:18:08.0000000Z;6.2944;6.2986;7969;7969
2026-06-08T08:18:39.0000000Z;6.2944;6.2986;7969;7969
2026-06-08T08:18:55.0000000Z;6.2944;6.2984;7969;7969
2026-06-08T08:18:57.0000000Z;6.2944;6.2988;7969;7969
2026-06-08T08:19:05.0000000Z;6.2944;6.2984;7969;7969
2026-06-08T08:19:18.0000000Z;6.294;6.2986;7969;7969
2026-06-08T08:19:47.0000000Z;6.294;6.2986;7969;7969
2026-06-08T08:20:18.0000000Z;6.294;6.2986;7969;7969
2026-06-08T08:20:48.0000000Z;6.294;6.2986;7969;7969
2026-06-08T08:21:19.0000000Z;6.294;6.2986;7969;7969
2026-06-08T08:21:49.0000000Z;6.294;6.2986;7969;7969
2026-06-08T08:22:20.0000000Z;6.294;6.2986;7969;7969
2026-06-08T08:22:26.0000000Z;6.294;6.2984;7969;7969
2026-06-08T08:22:36.0000000Z;6.294;6.298;7969;7969
2026-06-08T08:22:56.0000000Z;6.2586;6.298;7969;7969
2026-06-08T08:22:57.0000000Z;6.2664;6.298;7969;7969
2026-06-08T08:22:58.0000000Z;6.2934;6.298;7969;7969
2026-06-08T08:23:03.0000000Z;6.2934;6.2978;7969;7969
2026-06-08T08:23:33.0000000Z;6.2934;6.2978;7969;7969
2026-06-08T08:23:48.0000000Z;6.2934;6.298;7969;7969
2026-06-08T08:24:19.0000000Z;6.2934;6.298;7969;7969
2026-06-08T08:24:49.0000000Z;6.2934;6.298;7969;7969
2026-06-08T08:24:54.0000000Z;6.2946;6.298;7969;7969
2026-06-08T08:24:57.0000000Z;6.2946;6.299;7969;7969
2026-06-08T08:25:12.0000000Z;6.2958;6.299;7969;7969
2026-06-08T08:25:13.0000000Z;6.2958;6.3;7969;7969
2026-06-08T08:25:43.0000000Z;6.2958;6.3;7969;7969
2026-06-08T08:26:13.0000000Z;6.2958;6.3;7969;7969
2026-06-08T08:26:44.0000000Z;6.2958;6.3;7969;7969
2026-06-08T08:27:15.0000000Z;6.2958;6.3;7969;7969
2026-06-08T08:27:45.0000000Z;6.2958;6.3;7969;7969
2026-06-08T08:28:16.0000000Z;6.2958;6.3;7969;7969
2026-06-08T08:28:46.0000000Z;6.2958;6.3;7969;7969
2026-06-08T08:29:16.0000000Z;6.2958;6.3002;7969;7969
2026-06-08T08:29:18.0000000Z;6.2958;6.3;7969;7969
2026-06-08T08:29:44.0000000Z;6.2958;6.2992;7969;7969
2026-06-08T08:29:46.0000000Z;6.2946;6.2992;7969;7969
2026-06-08T08:30:17.0000000Z;6.2946;6.2992;7969;7969
2026-06-08T08:30:47.0000000Z;6.2946;6.2992;7969;7969
2026-06-08T08:30:52.0000000Z;6.2958;6.2992;7969;7969
2026-06-08T08:30:54.0000000Z;6.2958;6.3;7969;7969
2026-06-08T08:31:22.0000000Z;6.2958;6.3002;7969;7969
2026-06-08T08:31:46.0000000Z;6.2796;6.3062;7969;7969
2026-06-08T08:31:47.0000000Z;6.2958;6.3002;7969;7969
2026-06-08T08:32:18.0000000Z;6.2958;6.3002;7969;7969
2026-06-08T08:32:27.0000000Z;6.2958;6.3;7969;7969
2026-06-08T08:32:58.0000000Z;6.2958;6.3;7969;7969
2026-06-08T08:33:04.0000000Z;6.2958;6.2996;7969;7969
2026-06-08T08:33:15.0000000Z;6.2958;6.3002;7969;7969
2026-06-08T08:33:28.0000000Z;6.2958;6.3;7969;7969
2026-06-08T08:33:59.0000000Z;6.2958;6.3;7969;7969
2026-06-08T08:34:29.0000000Z;6.2958;6.3;7969;7969
2026-06-08T08:35:00.0000000Z;6.2958;6.3;7969;7969
2026-06-08T08:35:03.0000000Z;6.2958;6.3002;7969;7969
2026-06-08T08:35:33.0000000Z;6.2958;6.3002;7969;7969
2026-06-08T08:36:04.0000000Z;6.2958;6.3002;7969;7969
2026-06-08T08:36:31.0000000Z;6.2958;6.2992;7969;7969
2026-06-08T08:36:32.0000000Z;6.2946;6.2992;7969;7969
2026-06-08T08:37:02.0000000Z;6.2946;6.2992;7969;7969
2026-06-08T08:37:32.0000000Z;6.2946;6.2992;7969;7969
2026-06-08T08:38:03.0000000Z;6.2946;6.2992;7969;7969
2026-06-08T08:38:34.0000000Z;6.2946;6.2992;7969;7969
2026-06-08T08:38:42.0000000Z;6.2946;6.299;7969;7969
2026-06-08T08:39:12.0000000Z;6.2946;6.299;7969;7969
2026-06-08T08:39:43.0000000Z;6.2946;6.299;7969;7969
2026-06-08T08:39:48.0000000Z;6.2946;6.2992;7969;7969
2026-06-08T08:39:58.0000000Z;6.2958;6.2992;7969;7969
2026-06-08T08:40:00.0000000Z;6.2958;6.3002;7969;7969
2026-06-08T08:40:20.0000000Z;6.2958;6.3;7969;7969
2026-06-08T08:40:49.0000000Z;6.2958;6.3;7969;7969
2026-06-08T08:40:54.0000000Z;6.2956;6.3002;7969;7969
2026-06-08T08:41:24.0000000Z;6.2968;6.301;7969;7969
2026-06-08T08:41:55.0000000Z;6.2968;6.301;7969;7969
2026-06-08T08:42:25.0000000Z;6.2968;6.301;7969;7969
2026-06-08T08:42:56.0000000Z;6.2968;6.301;7969;7969
2026-06-08T08:43:08.0000000Z;6.2968;6.3008;7969;7969
2026-06-08T08:43:16.0000000Z;6.2968;6.3006;7969;7969
2026-06-08T08:43:47.0000000Z;6.2968;6.3006;7969;7969
2026-06-08T08:44:17.0000000Z;6.2968;6.3006;7969;7969
2026-06-08T08:44:42.0000000Z;6.2968;6.3002;7969;7969
2026-06-08T08:44:51.0000000Z;6.2956;6.3002;7969;7969
2026-06-08T08:44:59.0000000Z;6.2956;6.2998;7969;7969
2026-06-08T08:45:14.0000000Z;6.2956;6.2994;7969;7969
2026-06-08T08:45:20.0000000Z;6.2956;6.299;7969;7969
2026-06-08T08:45:42.0000000Z;6.2956;6.2998;7969;7969
2026-06-08T08:45:51.0000000Z;6.2956;6.2996;7969;7969
2026-06-08T08:45:52.0000000Z;6.2956;6.2994;7969;7969
2026-06-08T08:46:21.0000000Z;6.2956;6.2994;7969;7969
2026-06-08T08:46:52.0000000Z;6.2956;6.2994;7969;7969
2026-06-08T08:46:54.0000000Z;6.2956;6.3002;7969;7969
2026-06-08T08:47:23.0000000Z;6.2956;6.3;7969;7969
2026-06-08T08:47:42.0000000Z;6.2956;6.3002;7969;7969
2026-06-08T08:47:49.0000000Z;6.2956;6.3;7969;7969
2026-06-08T08:48:19.0000000Z;6.2956;6.3;7969;7969
2026-06-08T08:48:50.0000000Z;6.2956;6.3;7969;7969
2026-06-08T08:49:20.0000000Z;6.2956;6.3;7969;7969
2026-06-08T08:49:35.0000000Z;6.2956;6.3002;7969;7969
2026-06-08T08:50:05.0000000Z;6.2956;6.3002;7969;7969
2026-06-08T08:50:24.0000000Z;6.2968;6.3002;7969;7969
2026-06-08T08:50:26.0000000Z;6.2968;6.3008;7969;7969
2026-06-08T08:50:29.0000000Z;6.2966;6.301;7969;7969
2026-06-08T08:50:30.0000000Z;6.2966;6.3008;7969;7969
2026-06-08T08:50:32.0000000Z;6.2966;6.2998;7969;7969
2026-06-08T08:50:33.0000000Z;6.2954;6.2996;7969;7969
2026-06-08T08:50:34.0000000Z;6.2954;6.2998;7969;7969
2026-06-08T08:50:43.0000000Z;6.2954;6.3;7969;7969
2026-06-08T08:51:13.0000000Z;6.2954;6.3;7969;7969
2026-06-08T08:51:44.0000000Z;6.2954;6.3;7969;7969
2026-06-08T08:52:14.0000000Z;6.2954;6.3;7969;7969
2026-06-08T08:52:40.0000000Z;6.2968;6.3;7969;7969
2026-06-08T08:52:41.0000000Z;6.2968;6.3012;7969;7969
2026-06-08T08:52:55.0000000Z;6.298;6.3012;7969;7969
2026-06-08T08:52:57.0000000Z;6.298;6.3024;7969;7969
2026-06-08T08:53:28.0000000Z;6.298;6.3024;7969;7969
2026-06-08T08:53:40.0000000Z;6.3;6.3024;7969;7969
2026-06-08T08:53:42.0000000Z;6.3014;6.3044;7969;7969
2026-06-08T08:53:44.0000000Z;6.3014;6.3058;7969;7969
2026-06-08T08:53:45.0000000Z;6.3014;6.3046;7969;7969
2026-06-08T08:53:46.0000000Z;6.3002;6.3046;7969;7969
2026-06-08T08:53:52.0000000Z;6.3002;6.3048;7969;7969
2026-06-08T08:54:22.0000000Z;6.3002;6.3048;7969;7969
2026-06-08T08:54:52.0000000Z;6.3002;6.3048;7969;7969
2026-06-08T08:55:23.0000000Z;6.3002;6.3048;7969;7969
2026-06-08T08:55:47.0000000Z;6.3014;6.3048;7969;7969
2026-06-08T08:55:50.0000000Z;6.3014;6.306;7969;7969
2026-06-08T08:55:57.0000000Z;6.3028;6.306;7969;7969
2026-06-08T08:55:58.0000000Z;6.3028;6.3074;7969;7969
2026-06-08T08:56:29.0000000Z;6.3028;6.3074;7969;7969
2026-06-08T08:56:30.0000000Z;6.304;6.3074;7969;7969
2026-06-08T08:56:32.0000000Z;6.304;6.3086;7969;7969
2026-06-08T08:56:34.0000000Z;6.3054;6.3086;7969;7969
2026-06-08T08:56:36.0000000Z;6.3054;6.31;7969;7969
2026-06-08T08:56:39.0000000Z;6.3054;6.3088;7969;7969
2026-06-08T08:56:40.0000000Z;6.3042;6.3088;7969;7969
2026-06-08T08:56:46.0000000Z;6.3054;6.3088;7969;7969
2026-06-08T08:56:48.0000000Z;6.3054;6.31;7969;7969
2026-06-08T08:56:50.0000000Z;6.3082;6.31;7969;7969
2026-06-08T08:56:51.0000000Z;6.3082;6.3114;7969;7969
2026-06-08T08:56:52.0000000Z;6.31;6.314;7969;7969
2026-06-08T08:56:55.0000000Z;6.3102;6.3136;7969;7969
2026-06-08T08:56:56.0000000Z;6.3102;6.3116;7969;7969
2026-06-08T08:56:57.0000000Z;6.309;6.3116;7969;7969
2026-06-08T08:56:59.0000000Z;6.307;6.3116;7969;7969
2026-06-08T08:57:06.0000000Z;6.307;6.3104;7969;7969
2026-06-08T08:57:07.0000000Z;6.3058;6.3104;7969;7969
2026-06-08T08:57:11.0000000Z;6.307;6.3104;7969;7969
2026-06-08T08:57:13.0000000Z;6.307;6.3116;7969;7969
2026-06-08T08:57:17.0000000Z;6.307;6.3104;7969;7969
2026-06-08T08:57:19.0000000Z;6.3058;6.3104;7969;7969
2026-06-08T08:57:33.0000000Z;6.3058;6.3092;7969;7969
2026-06-08T08:57:35.0000000Z;6.3046;6.3092;7969;7969
2026-06-08T08:57:37.0000000Z;6.3058;6.3092;7969;7969
2026-06-08T08:57:38.0000000Z;6.307;6.3092;7969;7969
2026-06-08T08:57:39.0000000Z;6.307;6.3116;7969;7969
2026-06-08T08:57:45.0000000Z;6.307;6.3104;7969;7969
2026-06-08T08:57:47.0000000Z;6.3058;6.3104;7969;7969
2026-06-08T08:57:48.0000000Z;6.3058;6.3102;7969;7969
2026-06-08T08:57:55.0000000Z;6.3058;6.3092;7969;7969
2026-06-08T08:57:57.0000000Z;6.3046;6.3092;7969;7969
2026-06-08T08:58:12.0000000Z;6.3058;6.3092;7969;7969
2026-06-08T08:58:13.0000000Z;6.3058;6.3104;7969;7969
2026-06-08T08:58:22.0000000Z;6.3058;6.3092;7969;7969
2026-06-08T08:58:23.0000000Z;6.3046;6.3092;7969;7969
2026-06-08T08:58:28.0000000Z;6.3046;6.309;7969;7969
2026-06-08T08:58:31.0000000Z;6.3046;6.3078;7969;7969
2026-06-08T08:58:33.0000000Z;6.3032;6.3078;7969;7969
2026-06-08T08:58:37.0000000Z;6.3044;6.3078;7969;7969
2026-06-08T08:58:39.0000000Z;6.3044;6.309;7969;7969
2026-06-08T08:59:10.0000000Z;6.3044;6.309;7969;7969
2026-06-08T08:59:18.0000000Z;6.3044;6.3078;7969;7969
2026-06-08T08:59:19.0000000Z;6.3032;6.3078;7969;7969
2026-06-08T08:59:20.0000000Z;6.3044;6.3078;7969;7969
2026-06-08T08:59:21.0000000Z;6.3044;6.309;7969;7969
2026-06-08T08:59:23.0000000Z;6.3058;6.309;7969;7969
2026-06-08T08:59:25.0000000Z;6.3046;6.309;7969;7969
2026-06-08T08:59:27.0000000Z;6.3046;6.3092;7969;7969
2026-06-08T08:59:57.0000000Z;6.3046;6.3092;7969;7969
2026-06-08T09:00:12.0000000Z;6.3046;6.3078;7969;7969
2026-06-08T09:00:13.0000000Z;6.3048;6.3078;7969;7969
2026-06-08T09:00:15.0000000Z;6.3048;6.3094;7969;7969
2026-06-08T09:00:26.0000000Z;6.3048;6.3082;7969;7969
2026-06-08T09:00:27.0000000Z;6.3036;6.3082;7969;7969
2026-06-08T09:00:31.0000000Z;6.3048;6.3082;7969;7969
2026-06-08T09:00:33.0000000Z;6.3048;6.3094;7969;7969
2026-06-08T09:00:57.0000000Z;6.3048;6.3082;7969;7969
2026-06-08T09:00:58.0000000Z;6.3036;6.3082;7969;7969
2026-06-08T09:01:28.0000000Z;6.3036;6.3082;7969;7969
2026-06-08T09:01:59.0000000Z;6.3036;6.3082;7969;7969
2026-06-08T09:02:29.0000000Z;6.3036;6.3082;7969;7969
2026-06-08T09:02:36.0000000Z;6.3036;6.3084;7969;7969
2026-06-08T09:03:06.0000000Z;6.3036;6.3084;7969;7969
2026-06-08T09:03:37.0000000Z;6.3036;6.3084;7969;7969
2026-06-08T09:04:07.0000000Z;6.3036;6.3084;7969;7969
2026-06-08T09:04:32.0000000Z;6.3036;6.3082;7969;7969
2026-06-08T09:04:44.0000000Z;6.3036;6.3084;7969;7969
2026-06-08T09:05:14.0000000Z;6.3036;6.3084;7969;7969
2026-06-08T09:05:45.0000000Z;6.3036;6.3084;7969;7969
2026-06-08T09:06:15.0000000Z;6.3036;6.3084;7969;7969
2026-06-08T09:06:46.0000000Z;6.3036;6.3084;7969;7969
2026-06-08T09:07:16.0000000Z;6.3036;6.3084;7969;7969
2026-06-08T09:07:47.0000000Z;6.3036;6.3084;7969;7969
2026-06-08T09:07:49.0000000Z;6.3036;6.3082;7969;7969
2026-06-08T09:08:20.0000000Z;6.3036;6.3082;7969;7969
2026-06-08T09:08:32.0000000Z;6.3048;6.3082;7969;7969
2026-06-08T09:08:35.0000000Z;6.3048;6.3094;7969;7969
2026-06-08T09:09:05.0000000Z;6.3048;6.3094;7969;7969
2026-06-08T09:09:26.0000000Z;6.306;6.3094;7969;7969
2026-06-08T09:09:27.0000000Z;6.306;6.3106;7969;7969
2026-06-08T09:09:55.0000000Z;6.3048;6.3094;7969;7969
2026-06-08T09:10:26.0000000Z;6.3048;6.3094;7969;7969
2026-06-08T09:10:56.0000000Z;6.3048;6.3094;7969;7969
2026-06-08T09:11:08.0000000Z;6.306;6.3094;7969;7969
2026-06-08T09:11:09.0000000Z;6.306;6.3106;7969;7969
2026-06-08T09:11:32.0000000Z;6.306;6.3094;7969;7969
2026-06-08T09:11:33.0000000Z;6.3048;6.3094;7969;7969
2026-06-08T09:11:48.0000000Z;6.306;6.3094;7969;7969
2026-06-08T09:11:49.0000000Z;6.306;6.3106;7969;7969
2026-06-08T09:12:20.0000000Z;6.306;6.3106;7969;7969
2026-06-08T09:12:51.0000000Z;6.306;6.3106;7969;7969
2026-06-08T09:13:21.0000000Z;6.306;6.3106;7969;7969
2026-06-08T09:13:32.0000000Z;6.306;6.3104;7969;7969
2026-06-08T09:13:40.0000000Z;6.306;6.3106;7969;7969
2026-06-08T09:13:52.0000000Z;6.306;6.3104;7969;7969
2026-06-08T09:14:00.0000000Z;6.306;6.3106;7969;7969
2026-06-08T09:14:30.0000000Z;6.306;6.3106;7969;7969
2026-06-08T09:15:01.0000000Z;6.306;6.3106;7969;7969
2026-06-08T09:15:32.0000000Z;6.306;6.3106;7969;7969
2026-06-08T09:15:58.0000000Z;6.306;6.3094;7969;7969
2026-06-08T09:16:01.0000000Z;6.3048;6.3094;7969;7969
2026-06-08T09:16:31.0000000Z;6.3048;6.3094;7969;7969
2026-06-08T09:17:01.0000000Z;6.3048;6.3094;7969;7969
2026-06-08T09:17:32.0000000Z;6.3048;6.3094;7969;7969
2026-06-08T09:17:35.0000000Z;6.306;6.3094;7969;7969
2026-06-08T09:17:37.0000000Z;6.306;6.3106;7969;7969
2026-06-08T09:18:07.0000000Z;6.306;6.3106;7969;7969
2026-06-08T09:18:09.0000000Z;6.306;6.3104;7969;7969
2026-06-08T09:18:31.0000000Z;6.306;6.3106;7969;7969
2026-06-08T09:19:01.0000000Z;6.306;6.3106;7969;7969
2026-06-08T09:19:32.0000000Z;6.306;6.3106;7969;7969
2026-06-08T09:20:03.0000000Z;6.306;6.3106;7969;7969
2026-06-08T09:20:21.0000000Z;6.3074;6.3106;7969;7969
2026-06-08T09:20:22.0000000Z;6.3074;6.312;7969;7969
2026-06-08T09:20:52.0000000Z;6.3074;6.312;7969;7969
2026-06-08T09:21:23.0000000Z;6.3074;6.312;7969;7969
2026-06-08T09:21:53.0000000Z;6.3074;6.312;7969;7969
2026-06-08T09:22:01.0000000Z;6.3074;6.3108;7969;7969
2026-06-08T09:22:04.0000000Z;6.3062;6.3108;7969;7969
2026-06-08T09:22:32.0000000Z;6.3062;6.3108;7969;7969
2026-06-08T09:23:03.0000000Z;6.3062;6.3108;7969;7969
2026-06-08T09:23:33.0000000Z;6.3062;6.3108;7969;7969
2026-06-08T09:24:04.0000000Z;6.3062;6.3108;7969;7969
2026-06-08T09:24:12.0000000Z;6.3074;6.3108;7969;7969
2026-06-08T09:24:13.0000000Z;6.3074;6.312;7969;7969
2026-06-08T09:24:31.0000000Z;6.307;6.3114;7969;7969
2026-06-08T09:24:37.0000000Z;6.3068;6.3114;7969;7969
2026-06-08T09:24:48.0000000Z;6.3068;6.3112;7969;7969
2026-06-08T09:24:53.0000000Z;6.3068;6.3114;7969;7969
2026-06-08T09:25:23.0000000Z;6.3068;6.3114;7969;7969
2026-06-08T09:25:54.0000000Z;6.3068;6.3114;7969;7969
2026-06-08T09:26:24.0000000Z;6.3068;6.3114;7969;7969
2026-06-08T09:26:46.0000000Z;6.308;6.3114;7969;7969
2026-06-08T09:26:48.0000000Z;6.308;6.3126;7969;7969
2026-06-08T09:27:18.0000000Z;6.308;6.3126;7969;7969
2026-06-08T09:27:49.0000000Z;6.308;6.3126;7969;7969
2026-06-08T09:28:20.0000000Z;6.308;6.3126;7969;7969
2026-06-08T09:28:47.0000000Z;6.3082;6.3126;7969;7969
2026-06-08T09:28:50.0000000Z;6.308;6.3126;7969;7969
2026-06-08T09:28:57.0000000Z;6.3082;6.3126;7969;7969
2026-06-08T09:29:12.0000000Z;6.3092;6.3126;7969;7969
2026-06-08T09:29:15.0000000Z;6.3092;6.3136;7969;7969
2026-06-08T09:29:45.0000000Z;6.3092;6.3136;7969;7969
2026-06-08T09:30:16.0000000Z;6.3092;6.3136;7969;7969
2026-06-08T09:30:26.0000000Z;6.3092;6.3138;7969;7969
2026-06-08T09:30:30.0000000Z;6.3092;6.3136;7969;7969
2026-06-08T09:30:34.0000000Z;6.3092;6.3138;7969;7969
2026-06-08T09:30:36.0000000Z;6.3092;6.3136;7969;7969
2026-06-08T09:30:37.0000000Z;6.3092;6.3126;7969;7969
2026-06-08T09:30:38.0000000Z;6.308;6.3126;7969;7969
2026-06-08T09:31:09.0000000Z;6.308;6.3126;7969;7969
2026-06-08T09:31:21.0000000Z;6.3092;6.3126;7969;7969
2026-06-08T09:31:23.0000000Z;6.3092;6.3136;7969;7969
2026-06-08T09:31:39.0000000Z;6.3092;6.3126;7969;7969
2026-06-08T09:31:41.0000000Z;6.308;6.3126;7969;7969
2026-06-08T09:31:55.0000000Z;6.3092;6.3126;7969;7969
2026-06-08T09:31:57.0000000Z;6.3092;6.3138;7969;7969
2026-06-08T09:32:27.0000000Z;6.3092;6.3138;7969;7969
2026-06-08T09:32:50.0000000Z;6.3092;6.3126;7969;7969
2026-06-08T09:32:53.0000000Z;6.308;6.3126;7969;7969
2026-06-08T09:33:23.0000000Z;6.308;6.3126;7969;7969
2026-06-08T09:33:54.0000000Z;6.308;6.3126;7969;7969
2026-06-08T09:34:11.0000000Z;6.3092;6.3126;7969;7969
2026-06-08T09:34:13.0000000Z;6.3092;6.3138;7969;7969
2026-06-08T09:34:42.0000000Z;6.3092;6.3138;7969;7969
2026-06-08T09:35:12.0000000Z;6.3092;6.3138;7969;7969
2026-06-08T09:35:43.0000000Z;6.3092;6.3138;7969;7969
2026-06-08T09:36:13.0000000Z;6.3092;6.3138;7969;7969
2026-06-08T09:36:44.0000000Z;6.3092;6.3138;7969;7969
2026-06-08T09:36:48.0000000Z;6.3052;6.3142;7969;7969
2026-06-08T09:36:50.0000000Z;6.3074;6.312;7969;7969
2026-06-08T09:36:59.0000000Z;6.3074;6.3102;7969;7969
2026-06-08T09:37:00.0000000Z;6.3068;6.3102;7969;7969
2026-06-08T09:37:02.0000000Z;6.3068;6.3114;7969;7969
2026-06-08T09:37:13.0000000Z;6.3046;6.3136;7969;7969
2026-06-08T09:37:19.0000000Z;6.3048;6.3136;7969;7969
2026-06-08T09:37:22.0000000Z;6.3046;6.3136;7969;7969
2026-06-08T09:37:25.0000000Z;6.3046;6.3134;7969;7969
2026-06-08T09:37:51.0000000Z;6.3046;6.3128;7969;7969
2026-06-08T09:37:53.0000000Z;6.3046;6.3124;7969;7969
2026-06-08T09:37:54.0000000Z;6.3046;6.3124;7969;7969
2026-06-08T09:37:56.0000000Z;6.3046;6.3134;7969;7969
2026-06-08T09:38:06.0000000Z;6.3046;6.3124;7969;7969
2026-06-08T09:38:10.0000000Z;6.3046;6.312;7969;7969
2026-06-08T09:38:23.0000000Z;6.3046;6.3108;7969;7969
2026-06-08T09:38:27.0000000Z;6.3046;6.3104;7969;7969
2026-06-08T09:38:31.0000000Z;6.3046;6.31;7969;7969
2026-06-08T09:38:32.0000000Z;6.3046;6.3094;7969;7969
2026-06-08T09:38:37.0000000Z;6.3046;6.309;7969;7969
2026-06-08T09:39:08.0000000Z;6.3046;6.309;7969;7969
2026-06-08T09:39:39.0000000Z;6.3046;6.309;7969;7969
2026-06-08T09:40:09.0000000Z;6.3046;6.3116;7969;7969
2026-06-08T09:40:40.0000000Z;6.3046;6.3116;7969;7969
2026-06-08T09:41:09.0000000Z;6.3046;6.3122;7969;7969
2026-06-08T09:41:19.0000000Z;6.3046;6.3134;7969;7969
2026-06-08T09:41:49.0000000Z;6.3046;6.3134;7969;7969
2026-06-08T09:42:19.0000000Z;6.3046;6.3134;7969;7969
2026-06-08T09:42:43.0000000Z;6.3048;6.3134;7969;7969
2026-06-08T09:43:08.0000000Z;6.3048;6.3132;7969;7969
2026-06-08T09:43:35.0000000Z;6.305;6.3132;7969;7969
2026-06-08T09:43:55.0000000Z;6.3064;6.3132;7969;7969
2026-06-08T09:44:07.0000000Z;6.3068;6.3132;7969;7969
2026-06-08T09:44:38.0000000Z;6.3068;6.3132;7969;7969
2026-06-08T09:44:43.0000000Z;6.3072;6.3116;7969;7969
2026-06-08T09:45:13.0000000Z;6.3072;6.3116;7969;7969
2026-06-08T09:45:44.0000000Z;6.3072;6.3116;7969;7969
2026-06-08T09:46:15.0000000Z;6.3072;6.3116;7969;7969
2026-06-08T09:46:45.0000000Z;6.3072;6.3116;7969;7969
2026-06-08T09:46:54.0000000Z;6.3072;6.3112;7969;7969
2026-06-08T09:46:55.0000000Z;6.3072;6.3114;7969;7969
2026-06-08T09:46:57.0000000Z;6.3072;6.3106;7969;7969
2026-06-08T09:47:00.0000000Z;6.306;6.3106;7969;7969
2026-06-08T09:47:15.0000000Z;6.306;6.3104;7969;7969
2026-06-08T09:47:16.0000000Z;6.3058;6.3104;7969;7969
2026-06-08T09:47:45.0000000Z;6.3058;6.3104;7969;7969
2026-06-08T09:48:16.0000000Z;6.3058;6.3104;7969;7969
2026-06-08T09:48:46.0000000Z;6.3058;6.3104;7969;7969
2026-06-08T09:49:17.0000000Z;6.3058;6.3104;7969;7969
2026-06-08T09:49:47.0000000Z;6.3058;6.3104;7969;7969
2026-06-08T09:50:18.0000000Z;6.3058;6.3104;7969;7969
2026-06-08T09:50:48.0000000Z;6.3058;6.3104;7969;7969
2026-06-08T09:51:19.0000000Z;6.3058;6.3104;7969;7969
2026-06-08T09:51:29.0000000Z;6.3058;6.3092;7969;7969
2026-06-08T09:51:31.0000000Z;6.3046;6.3092;7969;7969
2026-06-08T09:52:00.0000000Z;6.3046;6.3092;7969;7969
2026-06-08T09:52:18.0000000Z;6.3046;6.308;7969;7969
2026-06-08T09:52:21.0000000Z;6.304;6.308;7969;7969
2026-06-08T09:52:52.0000000Z;6.304;6.308;7969;7969
2026-06-08T09:53:07.0000000Z;6.3046;6.308;7969;7969
2026-06-08T09:53:09.0000000Z;6.3046;6.3092;7969;7969
2026-06-08T09:53:38.0000000Z;6.3046;6.3092;7969;7969
2026-06-08T09:53:56.0000000Z;6.3046;6.308;7969;7969
2026-06-08T09:54:06.0000000Z;6.304;6.308;7969;7969
2026-06-08T09:54:37.0000000Z;6.304;6.308;7969;7969
2026-06-08T09:55:07.0000000Z;6.304;6.308;7969;7969
2026-06-08T09:55:18.0000000Z;6.3034;6.308;7969;7969
2026-06-08T09:55:48.0000000Z;6.3034;6.308;7969;7969
2026-06-08T09:55:53.0000000Z;6.3034;6.3068;7969;7969
2026-06-08T09:55:56.0000000Z;6.3026;6.3068;7969;7969
2026-06-08T09:56:27.0000000Z;6.3026;6.3068;7969;7969
2026-06-08T09:56:57.0000000Z;6.3026;6.3068;7969;7969
2026-06-08T09:57:28.0000000Z;6.3026;6.3068;7969;7969
2026-06-08T09:57:58.0000000Z;6.3026;6.3068;7969;7969
2026-06-08T09:58:29.0000000Z;6.3026;6.3068;7969;7969
2026-06-08T09:58:41.0000000Z;6.3022;6.3068;7969;7969
2026-06-08T09:59:11.0000000Z;6.3022;6.3068;7969;7969
2026-06-08T09:59:20.0000000Z;6.3024;6.3068;7969;7969
2026-06-08T09:59:50.0000000Z;6.3024;6.3068;7969;7969
2026-06-08T09:59:53.0000000Z;6.3022;6.3068;7969;7969
2026-06-08T10:00:23.0000000Z;6.3034;6.3068;7969;7969
2026-06-08T10:00:25.0000000Z;6.3034;6.308;7969;7969
2026-06-08T10:00:56.0000000Z;6.3034;6.308;7969;7969
2026-06-08T10:01:08.0000000Z;6.3036;6.308;7969;7969
2026-06-08T10:01:15.0000000Z;6.3034;6.308;7969;7969
2026-06-08T10:01:46.0000000Z;6.3034;6.308;7969;7969
2026-06-08T10:02:01.0000000Z;6.3038;6.333;7969;7969
2026-06-08T10:02:05.0000000Z;6.3036;6.3078;7969;7969
2026-06-08T10:02:33.0000000Z;6.3032;6.3078;7969;7969
2026-06-08T10:02:34.0000000Z;6.3032;6.3066;7969;7969
2026-06-08T10:02:35.0000000Z;6.3024;6.3066;7969;7969
2026-06-08T10:02:42.0000000Z;6.3028;6.3066;7969;7969
2026-06-08T10:03:13.0000000Z;6.3028;6.3066;7969;7969
2026-06-08T10:03:44.0000000Z;6.3028;6.3066;7969;7969
2026-06-08T10:04:05.0000000Z;6.3032;6.3066;7969;7969
2026-06-08T10:04:07.0000000Z;6.3034;6.3066;7969;7969
2026-06-08T10:04:08.0000000Z;6.3034;6.3078;7969;7969
2026-06-08T10:04:32.0000000Z;6.3032;6.3078;7969;7969
2026-06-08T10:05:02.0000000Z;6.3032;6.3078;7969;7969
2026-06-08T10:05:32.0000000Z;6.3032;6.3078;7969;7969
2026-06-08T10:06:03.0000000Z;6.3032;6.3078;7969;7969
2026-06-08T10:06:07.0000000Z;6.3034;6.3078;7969;7969
2026-06-08T10:06:15.0000000Z;6.3032;6.3078;7969;7969
2026-06-08T10:06:28.0000000Z;6.3022;6.3066;7969;7969
2026-06-08T10:06:40.0000000Z;6.3024;6.3066;7969;7969
2026-06-08T10:06:44.0000000Z;6.302;6.3066;7969;7969
2026-06-08T10:06:55.0000000Z;6.302;6.3054;7969;7969
2026-06-08T10:06:56.0000000Z;6.3012;6.3054;7969;7969
2026-06-08T10:07:25.0000000Z;6.3012;6.3054;7969;7969
2026-06-08T10:07:35.0000000Z;6.3016;6.3054;7969;7969
2026-06-08T10:08:06.0000000Z;6.3016;6.3054;7969;7969
2026-06-08T10:08:37.0000000Z;6.3016;6.3054;7969;7969
2026-06-08T10:08:58.0000000Z;6.302;6.3054;7969;7969
2026-06-08T10:09:17.0000000Z;6.3012;6.3054;7969;7969
2026-06-08T10:09:45.0000000Z;6.3012;6.3054;7969;7969
2026-06-08T10:10:15.0000000Z;6.3012;6.3054;7969;7969
2026-06-08T10:10:39.0000000Z;6.3008;6.3054;7969;7969
2026-06-08T10:11:01.0000000Z;6.3008;6.3042;7969;7969
2026-06-08T10:11:02.0000000Z;6.3;6.3042;7969;7969
2026-06-08T10:11:16.0000000Z;6.3004;6.3042;7969;7969
2026-06-08T10:11:47.0000000Z;6.3004;6.3042;7969;7969
2026-06-08T10:11:48.0000000Z;6.3008;6.3042;7969;7969
2026-06-08T10:12:19.0000000Z;6.3008;6.3042;7969;7969
2026-06-08T10:12:34.0000000Z;6.3008;6.3054;7969;7969
2026-06-08T10:13:02.0000000Z;6.3012;6.3054;7969;7969
2026-06-08T10:13:22.0000000Z;6.3008;6.3054;7969;7969
2026-06-08T10:13:50.0000000Z;6.3008;6.3054;7969;7969
2026-06-08T10:14:21.0000000Z;6.3008;6.3054;7969;7969
2026-06-08T10:14:51.0000000Z;6.3008;6.3054;7969;7969
2026-06-08T10:15:22.0000000Z;6.3008;6.3054;7969;7969
2026-06-08T10:15:42.0000000Z;6.301;6.3054;7969;7969
2026-06-08T10:15:47.0000000Z;6.3008;6.3054;7969;7969
2026-06-08T10:16:17.0000000Z;6.3008;6.3054;7969;7969
2026-06-08T10:16:47.0000000Z;6.3008;6.3054;7969;7969
2026-06-08T10:16:59.0000000Z;6.301;6.3054;7969;7969
2026-06-08T10:17:05.0000000Z;6.3008;6.3054;7969;7969
2026-06-08T10:17:34.0000000Z;6.3008;6.3054;7969;7969
2026-06-08T10:18:05.0000000Z;6.3008;6.3054;7969;7969
2026-06-08T10:18:19.0000000Z;6.3014;6.3054;7969;7969
2026-06-08T10:18:26.0000000Z;6.3012;6.3054;7969;7969
2026-06-08T10:18:34.0000000Z;6.3014;6.3054;7969;7969
2026-06-08T10:19:02.0000000Z;6.3008;6.3054;7969;7969
2026-06-08T10:19:32.0000000Z;6.3008;6.3054;7969;7969
2026-06-08T10:20:03.0000000Z;6.3008;6.3054;7969;7969
2026-06-08T10:20:30.0000000Z;6.3008;6.3042;7969;7969
2026-06-08T10:20:33.0000000Z;6.3;6.3042;7969;7969
2026-06-08T10:20:43.0000000Z;6.2996;6.3042;7969;7969
2026-06-08T10:20:52.0000000Z;6.2996;6.303;7969;7969
2026-06-08T10:20:53.0000000Z;6.2988;6.303;7969;7969
2026-06-08T10:21:00.0000000Z;6.2988;6.3018;7969;7969
2026-06-08T10:21:03.0000000Z;6.2982;6.3018;7969;7969
2026-06-08T10:21:31.0000000Z;6.2984;6.3018;7969;7969
2026-06-08T10:21:33.0000000Z;6.2984;6.303;7969;7969
2026-06-08T10:21:53.0000000Z;6.2988;6.303;7969;7969
2026-06-08T10:22:03.0000000Z;6.2984;6.303;7969;7969
2026-06-08T10:22:08.0000000Z;6.2986;6.303;7969;7969
2026-06-08T10:22:11.0000000Z;6.2984;6.303;7969;7969
2026-06-08T10:22:24.0000000Z;6.2984;6.3018;7969;7969
2026-06-08T10:22:25.0000000Z;6.2972;6.3018;7969;7969
2026-06-08T10:22:56.0000000Z;6.2972;6.3018;7969;7969
2026-06-08T10:23:16.0000000Z;6.2974;6.3018;7969;7969
2026-06-08T10:23:17.0000000Z;6.2978;6.3018;7969;7969
2026-06-08T10:23:35.0000000Z;6.2982;6.3018;7969;7969
2026-06-08T10:23:36.0000000Z;6.2984;6.3018;7969;7969
2026-06-08T10:23:37.0000000Z;6.2984;6.303;7969;7969
2026-06-08T10:24:08.0000000Z;6.2984;6.303;7969;7969
2026-06-08T10:24:09.0000000Z;6.2986;6.303;7969;7969
2026-06-08T10:24:15.0000000Z;6.2984;6.303;7969;7969
2026-06-08T10:24:46.0000000Z;6.2984;6.303;7969;7969
2026-06-08T10:25:16.0000000Z;6.2984;6.303;7969;7969
2026-06-08T10:25:47.0000000Z;6.2984;6.303;7969;7969
2026-06-08T10:26:08.0000000Z;6.2976;6.3018;7969;7969
2026-06-08T10:26:39.0000000Z;6.298;6.3018;7969;7969
2026-06-08T10:27:06.0000000Z;6.2984;6.3018;7969;7969
2026-06-08T10:27:14.0000000Z;6.2984;6.303;7969;7969
2026-06-08T10:27:45.0000000Z;6.2984;6.303;7969;7969
2026-06-08T10:28:00.0000000Z;6.2986;6.303;7969;7969
2026-06-08T10:28:08.0000000Z;6.2984;6.303;7969;7969
2026-06-08T10:28:39.0000000Z;6.2984;6.303;7969;7969
2026-06-08T10:29:10.0000000Z;6.2984;6.303;7969;7969
2026-06-08T10:29:17.0000000Z;6.299;6.303;7969;7969
2026-06-08T10:29:21.0000000Z;6.299;6.3032;7969;7969
2026-06-08T10:29:51.0000000Z;6.299;6.3032;7969;7969
2026-06-08T10:30:01.0000000Z;6.2988;6.3052;7969;7969
2026-06-08T10:30:02.0000000Z;6.299;6.303;7969;7969
2026-06-08T10:30:25.0000000Z;6.2984;6.303;7969;7969
2026-06-08T10:30:48.0000000Z;6.2986;6.303;7969;7969
2026-06-08T10:30:55.0000000Z;6.2984;6.303;7969;7969
2026-06-08T10:31:26.0000000Z;6.2984;6.303;7969;7969
2026-06-08T10:31:46.0000000Z;6.2986;6.303;7969;7969
2026-06-08T10:31:50.0000000Z;6.299;6.303;7969;7969
2026-06-08T10:32:21.0000000Z;6.299;6.303;7969;7969
2026-06-08T10:32:22.0000000Z;6.2984;6.303;7969;7969
2026-06-08T10:32:36.0000000Z;6.2984;6.3018;7969;7969
2026-06-08T10:32:38.0000000Z;6.2976;6.3018;7969;7969
2026-06-08T10:33:08.0000000Z;6.2976;6.3018;7969;7969
2026-06-08T10:33:39.0000000Z;6.2976;6.3018;7969;7969
2026-06-08T10:34:09.0000000Z;6.2976;6.3018;7969;7969
2026-06-08T10:34:20.0000000Z;6.2972;6.3018;7969;7969
2026-06-08T10:34:26.0000000Z;6.2972;6.3006;7969;7969
2026-06-08T10:34:30.0000000Z;6.296;6.3006;7969;7969
2026-06-08T10:34:34.0000000Z;6.292;6.3052;7969;7969
2026-06-08T10:34:44.0000000Z;6.2918;6.305;7969;7969
2026-06-08T10:34:58.0000000Z;6.2698;6.353;7969;7969
2026-06-08T10:34:59.0000000Z;6.2922;6.3054;7969;7969
2026-06-08T10:35:07.0000000Z;6.2922;6.3048;7969;7969
2026-06-08T10:35:08.0000000Z;6.2922;6.3044;7969;7969
2026-06-08T10:35:13.0000000Z;6.2922;6.304;7969;7969
2026-06-08T10:35:22.0000000Z;6.2922;6.3036;7969;7969
2026-06-08T10:35:28.0000000Z;6.2922;6.3032;7969;7969
2026-06-08T10:35:59.0000000Z;6.2922;6.3032;7969;7969
2026-06-08T10:36:29.0000000Z;6.2922;6.3032;7969;7969
2026-06-08T10:37:00.0000000Z;6.2922;6.3032;7969;7969
2026-06-08T10:37:03.0000000Z;6.2922;6.3054;7969;7969
2026-06-08T10:37:18.0000000Z;6.2924;6.3054;7969;7969
2026-06-08T10:37:23.0000000Z;6.2924;6.3052;7969;7969
2026-06-08T10:37:30.0000000Z;6.2924;6.305;7969;7969
2026-06-08T10:37:31.0000000Z;6.2922;6.305;7969;7969
2026-06-08T10:37:34.0000000Z;6.2922;6.3048;7969;7969
2026-06-08T10:37:35.0000000Z;6.2922;6.3046;7969;7969
2026-06-08T10:37:36.0000000Z;6.294;6.3046;7969;7969
2026-06-08T10:37:38.0000000Z;6.294;6.3044;7969;7969
2026-06-08T10:37:45.0000000Z;6.2922;6.3044;7969;7969
2026-06-08T10:37:53.0000000Z;6.2924;6.3044;7969;7969
2026-06-08T10:37:59.0000000Z;6.2922;6.3044;7969;7969
2026-06-08T10:38:06.0000000Z;6.2926;6.3044;7969;7969
2026-06-08T10:38:21.0000000Z;6.295;6.3044;7969;7969
2026-06-08T10:38:28.0000000Z;6.2956;6.3044;7969;7969
2026-06-08T10:38:35.0000000Z;6.296;6.3044;7969;7969
2026-06-08T10:38:40.0000000Z;6.2964;6.3044;7969;7969
2026-06-08T10:38:45.0000000Z;6.2968;6.3044;7969;7969
2026-06-08T10:38:46.0000000Z;6.2972;6.3044;7969;7969
2026-06-08T10:38:54.0000000Z;6.2954;6.3044;7969;7969
2026-06-08T10:39:09.0000000Z;6.2956;6.3044;7969;7969
2026-06-08T10:39:14.0000000Z;6.2954;6.3044;7969;7969
2026-06-08T10:39:43.0000000Z;6.2956;6.3044;7969;7969
2026-06-08T10:40:02.0000000Z;6.296;6.3042;7969;7969
2026-06-08T10:40:08.0000000Z;6.2964;6.3042;7969;7969
2026-06-08T10:40:14.0000000Z;6.2956;6.3042;7969;7969
2026-06-08T10:40:18.0000000Z;6.2954;6.3044;7969;7969
2026-06-08T10:40:37.0000000Z;6.2954;6.3042;7969;7969
2026-06-08T10:40:46.0000000Z;6.2956;6.3042;7969;7969
2026-06-08T10:40:48.0000000Z;6.2956;6.3044;7969;7969
2026-06-08T10:41:10.0000000Z;6.2956;6.3042;7969;7969
2026-06-08T10:41:15.0000000Z;6.2954;6.3042;7969;7969
2026-06-08T10:41:18.0000000Z;6.2978;6.3042;7969;7969
2026-06-08T10:41:49.0000000Z;6.2978;6.3042;7969;7969
2026-06-08T10:42:20.0000000Z;6.2978;6.3042;7969;7969
2026-06-08T10:42:50.0000000Z;6.2978;6.3042;7969;7969
2026-06-08T10:43:21.0000000Z;6.2978;6.3042;7969;7969
2026-06-08T10:43:50.0000000Z;6.297;6.3042;7969;7969
2026-06-08T10:43:54.0000000Z;6.2968;6.3042;7969;7969
2026-06-08T10:44:12.0000000Z;6.2968;6.3038;7969;7969
2026-06-08T10:44:13.0000000Z;6.2968;6.3032;7969;7969
2026-06-08T10:44:29.0000000Z;6.297;6.3032;7969;7969
2026-06-08T10:44:59.0000000Z;6.297;6.3032;7969;7969
2026-06-08T10:45:28.0000000Z;6.297;6.3012;7969;7969
2026-06-08T10:45:47.0000000Z;6.2974;6.3012;7969;7969
2026-06-08T10:46:18.0000000Z;6.2974;6.3012;7969;7969
2026-06-08T10:46:48.0000000Z;6.2974;6.3012;7969;7969
2026-06-08T10:46:58.0000000Z;6.2966;6.3012;7969;7969
2026-06-08T10:47:29.0000000Z;6.2966;6.3012;7969;7969
2026-06-08T10:47:59.0000000Z;6.2966;6.3012;7969;7969
2026-06-08T10:48:24.0000000Z;6.2968;6.3012;7969;7969
2026-06-08T10:48:31.0000000Z;6.2966;6.3012;7969;7969
2026-06-08T10:48:52.0000000Z;6.2966;6.2998;7969;7969
2026-06-08T10:48:53.0000000Z;6.2954;6.2998;7969;7969
2026-06-08T10:48:54.0000000Z;6.296;6.2998;7969;7969
2026-06-08T10:49:24.0000000Z;6.296;6.2998;7969;7969
2026-06-08T10:49:25.0000000Z;6.2952;6.2998;7969;7969
2026-06-08T10:49:27.0000000Z;6.2954;6.2998;7969;7969
2026-06-08T10:49:29.0000000Z;6.2958;6.2998;7969;7969
2026-06-08T10:49:50.0000000Z;6.296;6.2998;7969;7969
2026-06-08T10:49:55.0000000Z;6.2962;6.2998;7969;7969
2026-06-08T10:50:25.0000000Z;6.2962;6.2998;7969;7969
2026-06-08T10:50:56.0000000Z;6.2962;6.2998;7969;7969
2026-06-08T10:51:01.0000000Z;6.2964;6.2998;7969;7969
2026-06-08T10:51:27.0000000Z;6.2966;6.2998;7969;7969
2026-06-08T10:51:38.0000000Z;6.2968;6.2998;7969;7969
2026-06-08T10:51:40.0000000Z;6.2968;6.3014;7969;7969
2026-06-08T10:52:10.0000000Z;6.2968;6.3014;7969;7969
2026-06-08T10:52:40.0000000Z;6.2968;6.3014;7969;7969
2026-06-08T10:53:03.0000000Z;6.298;6.3014;7969;7969
2026-06-08T10:53:06.0000000Z;6.298;6.3026;7969;7969
2026-06-08T10:53:36.0000000Z;6.298;6.3026;7969;7969
2026-06-08T10:54:06.0000000Z;6.298;6.3024;7969;7969
2026-06-08T10:54:12.0000000Z;6.298;6.3026;7969;7969
2026-06-08T10:54:43.0000000Z;6.298;6.3026;7969;7969
2026-06-08T10:55:08.0000000Z;6.298;6.3014;7969;7969
2026-06-08T10:55:10.0000000Z;6.297;6.3014;7969;7969
2026-06-08T10:55:14.0000000Z;6.2968;6.3014;7969;7969
2026-06-08T10:55:45.0000000Z;6.2968;6.3014;7969;7969
2026-06-08T10:56:16.0000000Z;6.2968;6.3014;7969;7969
2026-06-08T10:56:23.0000000Z;6.298;6.3014;7969;7969
2026-06-08T10:56:25.0000000Z;6.298;6.3024;7969;7969
2026-06-08T10:56:55.0000000Z;6.298;6.3024;7969;7969
2026-06-08T10:57:26.0000000Z;6.298;6.3024;7969;7969
2026-06-08T10:57:56.0000000Z;6.298;6.3024;7969;7969
2026-06-08T10:58:08.0000000Z;6.298;6.3026;7969;7969
2026-06-08T10:58:16.0000000Z;6.2992;6.3026;7969;7969
2026-06-08T10:58:17.0000000Z;6.2992;6.3032;7969;7969
2026-06-08T10:58:33.0000000Z;6.2992;6.303;7969;7969
2026-06-08T10:58:47.0000000Z;6.2992;6.3026;7969;7969
2026-06-08T10:58:57.0000000Z;6.2992;6.3034;7969;7969
2026-06-08T10:59:23.0000000Z;6.2992;6.3026;7969;7969
2026-06-08T10:59:54.0000000Z;6.2992;6.3026;7969;7969
2026-06-08T11:00:03.0000000Z;6.2992;6.303;7969;7969
2026-06-08T11:00:33.0000000Z;6.2992;6.303;7969;7969
2026-06-08T11:01:04.0000000Z;6.2992;6.303;7969;7969
2026-06-08T11:01:05.0000000Z;6.2992;6.3028;7969;7969
2026-06-08T11:01:29.0000000Z;6.2992;6.3026;7969;7969
2026-06-08T11:01:30.0000000Z;6.298;6.3024;7969;7969
2026-06-08T11:02:00.0000000Z;6.298;6.3024;7969;7969
2026-06-08T11:02:11.0000000Z;6.298;6.3022;7969;7969
2026-06-08T11:02:12.0000000Z;6.298;6.302;7969;7969
2026-06-08T11:02:42.0000000Z;6.298;6.302;7969;7969
2026-06-08T11:03:13.0000000Z;6.298;6.302;7969;7969
2026-06-08T11:03:26.0000000Z;6.298;6.3024;7969;7969
2026-06-08T11:03:36.0000000Z;6.298;6.3022;7969;7969
2026-06-08T11:03:48.0000000Z;6.298;6.3024;7969;7969
2026-06-08T11:04:14.0000000Z;6.2992;6.3024;7969;7969
2026-06-08T11:04:16.0000000Z;6.2992;6.3034;7969;7969
2026-06-08T11:04:17.0000000Z;6.2992;6.3032;7969;7969
2026-06-08T11:04:19.0000000Z;6.2992;6.303;7969;7969
2026-06-08T11:04:50.0000000Z;6.2992;6.303;7969;7969
2026-06-08T11:05:20.0000000Z;6.2992;6.303;7969;7969
2026-06-08T11:05:49.0000000Z;6.2992;6.3036;7969;7969
2026-06-08T11:06:17.0000000Z;6.2992;6.3034;7969;7969
2026-06-08T11:06:47.0000000Z;6.2992;6.3034;7969;7969
2026-06-08T11:07:02.0000000Z;6.2992;6.303;7969;7969
2026-06-08T11:07:32.0000000Z;6.2992;6.303;7969;7969
2026-06-08T11:07:47.0000000Z;6.2992;6.3028;7969;7969
2026-06-08T11:07:49.0000000Z;6.2992;6.3026;7969;7969
2026-06-08T11:08:04.0000000Z;6.2992;6.3024;7969;7969
2026-06-08T11:08:07.0000000Z;6.298;6.3024;7969;7969
2026-06-08T11:08:37.0000000Z;6.298;6.3024;7969;7969
2026-06-08T11:09:08.0000000Z;6.298;6.3024;7969;7969
2026-06-08T11:09:39.0000000Z;6.298;6.3024;7969;7969
2026-06-08T11:09:55.0000000Z;6.298;6.3026;7969;7969
2026-06-08T11:10:26.0000000Z;6.298;6.3026;7969;7969
2026-06-08T11:10:36.0000000Z;6.298;6.3022;7969;7969
2026-06-08T11:10:51.0000000Z;6.2954;6.3044;7969;7969
2026-06-08T11:10:54.0000000Z;6.2954;6.3042;7969;7969
2026-06-08T11:10:58.0000000Z;6.2954;6.3044;7969;7969
2026-06-08T11:11:04.0000000Z;6.294;6.303;7969;7969
2026-06-08T11:11:10.0000000Z;6.295;6.303;7969;7969
2026-06-08T11:11:26.0000000Z;6.2894;6.3072;7969;7969
2026-06-08T11:11:32.0000000Z;6.2924;6.3042;7969;7969
2026-06-08T11:11:40.0000000Z;6.2926;6.3042;7969;7969
2026-06-08T11:11:42.0000000Z;6.2928;6.3052;7969;7969
2026-06-08T11:11:44.0000000Z;6.2934;6.3052;7969;7969
2026-06-08T11:11:46.0000000Z;6.294;6.3052;7969;7969
2026-06-08T11:12:04.0000000Z;6.294;6.306;7969;7969
2026-06-08T11:12:06.0000000Z;6.296;6.306;7969;7969
2026-06-08T11:12:08.0000000Z;6.296;6.3058;7969;7969
2026-06-08T11:12:12.0000000Z;6.294;6.3052;7969;7969
2026-06-08T11:12:43.0000000Z;6.294;6.3052;7969;7969
2026-06-08T11:12:52.0000000Z;6.294;6.3056;7969;7969
2026-06-08T11:12:54.0000000Z;6.294;6.3054;7969;7969
2026-06-08T11:13:07.0000000Z;6.2954;6.3024;7969;7969
2026-06-08T11:13:14.0000000Z;6.2952;6.3024;7969;7969
2026-06-08T11:13:18.0000000Z;6.2952;6.3042;7969;7969
2026-06-08T11:13:49.0000000Z;6.2952;6.3042;7969;7969
2026-06-08T11:14:19.0000000Z;6.2952;6.3042;7969;7969
2026-06-08T11:14:50.0000000Z;6.2952;6.3042;7969;7969
2026-06-08T11:15:00.0000000Z;6.2952;6.3018;7969;7969
2026-06-08T11:15:01.0000000Z;6.2928;6.3018;7969;7969
2026-06-08T11:15:15.0000000Z;6.2928;6.3016;7969;7969
2026-06-08T11:15:37.0000000Z;6.293;6.3016;7969;7969
2026-06-08T11:15:39.0000000Z;6.293;6.3064;7969;7969
2026-06-08T11:15:41.0000000Z;6.293;6.3034;7969;7969
2026-06-08T11:15:49.0000000Z;6.293;6.3022;7969;7969
2026-06-08T11:15:59.0000000Z;6.293;6.3004;7969;7969
2026-06-08T11:16:06.0000000Z;6.293;6.3006;7969;7969
2026-06-08T11:16:08.0000000Z;6.293;6.3004;7969;7969
2026-06-08T11:16:32.0000000Z;6.293;6.3022;7969;7969
2026-06-08T11:17:02.0000000Z;6.293;6.3022;7969;7969
2026-06-08T11:17:33.0000000Z;6.293;6.3022;7969;7969
2026-06-08T11:18:03.0000000Z;6.293;6.3022;7969;7969
2026-06-08T11:18:34.0000000Z;6.293;6.3022;7969;7969
2026-06-08T11:18:46.0000000Z;6.2938;6.3022;7969;7969
2026-06-08T11:18:47.0000000Z;6.2938;6.3018;7969;7969
2026-06-08T11:18:50.0000000Z;6.2938;6.3004;7969;7969
2026-06-08T11:18:57.0000000Z;6.2938;6.3;7969;7969
2026-06-08T11:19:06.0000000Z;6.293;6.3002;7969;7969
2026-06-08T11:19:10.0000000Z;6.293;6.3024;7969;7969
2026-06-08T11:19:41.0000000Z;6.293;6.3024;7969;7969
2026-06-08T11:20:05.0000000Z;6.293;6.302;7969;7969
2026-06-08T11:20:17.0000000Z;6.293;6.3022;7969;7969
2026-06-08T11:20:26.0000000Z;6.293;6.3018;7969;7969
2026-06-08T11:20:28.0000000Z;6.293;6.3014;7969;7969
2026-06-08T11:20:31.0000000Z;6.2896;6.3014;7969;7969
2026-06-08T11:20:49.0000000Z;6.2896;6.302;7969;7969
2026-06-08T11:20:50.0000000Z;6.2896;6.3016;7969;7969
2026-06-08T11:20:52.0000000Z;6.2912;6.3;7969;7969
2026-06-08T11:21:22.0000000Z;6.2912;6.3;7969;7969
2026-06-08T11:21:32.0000000Z;6.2912;6.2972;7969;7969
2026-06-08T11:21:41.0000000Z;6.291;6.2972;7969;7969
2026-06-08T11:21:45.0000000Z;6.291;6.2998;7969;7969
2026-06-08T11:22:15.0000000Z;6.291;6.2998;7969;7969
2026-06-08T11:22:46.0000000Z;6.291;6.2998;7969;7969
2026-06-08T11:23:16.0000000Z;6.291;6.2998;7969;7969
2026-06-08T11:23:47.0000000Z;6.291;6.2998;7969;7969
2026-06-08T11:24:17.0000000Z;6.291;6.2998;7969;7969
2026-06-08T11:24:48.0000000Z;6.2912;6.2996;7969;7969
2026-06-08T11:25:05.0000000Z;6.2912;6.2992;7969;7969
2026-06-08T11:25:06.0000000Z;6.291;6.2992;7969;7969
2026-06-08T11:25:17.0000000Z;6.291;6.299;7969;7969
2026-06-08T11:25:30.0000000Z;6.291;6.2998;7969;7969
2026-06-08T11:26:00.0000000Z;6.291;6.2998;7969;7969
2026-06-08T11:26:31.0000000Z;6.291;6.2998;7969;7969
2026-06-08T11:27:01.0000000Z;6.291;6.2998;7969;7969
2026-06-08T11:27:32.0000000Z;6.291;6.2998;7969;7969
2026-06-08T11:28:02.0000000Z;6.291;6.2998;7969;7969
2026-06-08T11:28:33.0000000Z;6.291;6.2998;7969;7969
2026-06-08T11:29:03.0000000Z;6.291;6.2998;7969;7969
2026-06-08T11:29:34.0000000Z;6.291;6.299;7969;7969
2026-06-08T11:29:45.0000000Z;6.291;6.2994;7969;7969
2026-06-08T11:29:56.0000000Z;6.291;6.2992;7969;7969
2026-06-08T11:30:11.0000000Z;6.291;6.2994;7969;7969
2026-06-08T11:30:30.0000000Z;6.291;6.2992;7969;7969
2026-06-08T11:30:41.0000000Z;6.291;6.2998;7969;7969
2026-06-08T11:31:12.0000000Z;6.291;6.2998;7969;7969
2026-06-08T11:31:17.0000000Z;6.291;6.2994;7969;7969
2026-06-08T11:31:27.0000000Z;6.291;6.2998;7969;7969
2026-06-08T11:31:39.0000000Z;6.291;6.2994;7969;7969
2026-06-08T11:32:09.0000000Z;6.291;6.2994;7969;7969
2026-06-08T11:32:10.0000000Z;6.291;6.2998;7969;7969
2026-06-08T11:32:24.0000000Z;6.291;6.2994;7969;7969
2026-06-08T11:32:35.0000000Z;6.291;6.2986;7969;7969
2026-06-08T11:32:40.0000000Z;6.291;6.2982;7969;7969
2026-06-08T11:32:52.0000000Z;6.291;6.2984;7969;7969
2026-06-08T11:33:02.0000000Z;6.291;6.2988;7969;7969
2026-06-08T11:33:21.0000000Z;6.291;6.2984;7969;7969
2026-06-08T11:33:26.0000000Z;6.2916;6.296;7969;7969
2026-06-08T11:33:57.0000000Z;6.2916;6.296;7969;7969
2026-06-08T11:34:27.0000000Z;6.2916;6.296;7969;7969
2026-06-08T11:34:58.0000000Z;6.2916;6.296;7969;7969
2026-06-08T11:35:28.0000000Z;6.2916;6.296;7969;7969
2026-06-08T11:35:31.0000000Z;6.2928;6.296;7969;7969
2026-06-08T11:35:33.0000000Z;6.2928;6.2972;7969;7969
2026-06-08T11:36:01.0000000Z;6.2928;6.2972;7969;7969
2026-06-08T11:36:31.0000000Z;6.2928;6.2972;7969;7969
2026-06-08T11:36:48.0000000Z;6.2928;6.297;7969;7969
2026-06-08T11:36:55.0000000Z;6.2928;6.2972;7969;7969
2026-06-08T11:37:23.0000000Z;6.2916;6.2962;7969;7969
2026-06-08T11:37:54.0000000Z;6.2916;6.2962;7969;7969
2026-06-08T11:38:24.0000000Z;6.2916;6.2962;7969;7969
2026-06-08T11:38:55.0000000Z;6.2916;6.2962;7969;7969
2026-06-08T11:39:17.0000000Z;6.2928;6.2962;7969;7969
2026-06-08T11:39:20.0000000Z;6.2928;6.2972;7969;7969
2026-06-08T11:39:49.0000000Z;6.2928;6.2972;7969;7969
2026-06-08T11:40:19.0000000Z;6.2928;6.2972;7969;7969
2026-06-08T11:40:50.0000000Z;6.2928;6.2972;7969;7969
2026-06-08T11:41:03.0000000Z;6.294;6.2972;7969;7969
2026-06-08T11:41:04.0000000Z;6.294;6.2982;7969;7969
2026-06-08T11:41:18.0000000Z;6.294;6.298;7969;7969
2026-06-08T11:41:24.0000000Z;6.294;6.2984;7969;7969
2026-06-08T11:41:27.0000000Z;6.294;6.2982;7969;7969
2026-06-08T11:41:46.0000000Z;6.294;6.298;7969;7969
2026-06-08T11:42:16.0000000Z;6.294;6.298;7969;7969
2026-06-08T11:42:22.0000000Z;6.294;6.2982;7969;7969
2026-06-08T11:42:26.0000000Z;6.294;6.2984;7969;7969
2026-06-08T11:42:55.0000000Z;6.294;6.2984;7969;7969
2026-06-08T11:43:10.0000000Z;6.294;6.2982;7969;7969
2026-06-08T11:43:19.0000000Z;6.294;6.298;7969;7969
2026-06-08T11:43:50.0000000Z;6.294;6.298;7969;7969
2026-06-08T11:44:21.0000000Z;6.294;6.298;7969;7969
2026-06-08T11:44:51.0000000Z;6.294;6.298;7969;7969
2026-06-08T11:45:22.0000000Z;6.294;6.298;7969;7969
2026-06-08T11:45:52.0000000Z;6.294;6.298;7969;7969
2026-06-08T11:46:23.0000000Z;6.294;6.298;7969;7969
2026-06-08T11:46:53.0000000Z;6.294;6.298;7969;7969
2026-06-08T11:47:24.0000000Z;6.294;6.298;7969;7969
2026-06-08T11:47:54.0000000Z;6.294;6.298;7969;7969
2026-06-08T11:48:25.0000000Z;6.294;6.298;7969;7969
2026-06-08T11:48:55.0000000Z;6.2952;6.298;7969;7969
2026-06-08T11:48:56.0000000Z;6.2952;6.2994;7969;7969
2026-06-08T11:49:02.0000000Z;6.2952;6.2996;7969;7969
2026-06-08T11:49:18.0000000Z;6.2952;6.2994;7969;7969
2026-06-08T11:49:31.0000000Z;6.2952;6.299;7969;7969
2026-06-08T11:50:02.0000000Z;6.2952;6.299;7969;7969
2026-06-08T11:50:32.0000000Z;6.2952;6.299;7969;7969
2026-06-08T11:50:45.0000000Z;6.2952;6.2986;7969;7969
2026-06-08T11:50:46.0000000Z;6.294;6.2986;7969;7969
2026-06-08T11:51:01.0000000Z;6.294;6.2984;7969;7969
2026-06-08T11:51:32.0000000Z;6.294;6.2984;7969;7969
2026-06-08T11:52:03.0000000Z;6.294;6.2984;7969;7969
2026-06-08T11:52:04.0000000Z;6.294;6.2982;7969;7969
2026-06-08T11:52:11.0000000Z;6.294;6.2984;7969;7969
2026-06-08T11:52:39.0000000Z;6.294;6.2984;7969;7969
2026-06-08T11:52:41.0000000Z;6.294;6.2982;7969;7969
2026-06-08T11:53:12.0000000Z;6.294;6.2982;7969;7969
2026-06-08T11:53:42.0000000Z;6.294;6.2982;7969;7969
2026-06-08T11:54:13.0000000Z;6.294;6.2982;7969;7969
2026-06-08T11:54:44.0000000Z;6.294;6.2982;7969;7969
2026-06-08T11:55:14.0000000Z;6.294;6.2982;7969;7969
2026-06-08T11:55:45.0000000Z;6.294;6.2982;7969;7969
2026-06-08T11:56:15.0000000Z;6.294;6.2982;7969;7969
2026-06-08T11:56:46.0000000Z;6.294;6.2982;7969;7969
2026-06-08T11:56:47.0000000Z;6.294;6.2978;7969;7969
2026-06-08T11:56:56.0000000Z;6.294;6.2974;7969;7969
2026-06-08T11:56:57.0000000Z;6.2928;6.2974;7969;7969
2026-06-08T11:57:00.0000000Z;6.2928;6.2972;7969;7969
2026-06-08T11:57:31.0000000Z;6.2928;6.2972;7969;7969
2026-06-08T11:57:50.0000000Z;6.2928;6.297;7969;7969
2026-06-08T11:57:57.0000000Z;6.2928;6.2972;7969;7969
2026-06-08T11:58:28.0000000Z;6.2928;6.2972;7969;7969
2026-06-08T11:58:33.0000000Z;6.294;6.2972;7969;7969
2026-06-08T11:58:39.0000000Z;6.294;6.2982;7969;7969
2026-06-08T11:59:10.0000000Z;6.294;6.2982;7969;7969
2026-06-08T11:59:40.0000000Z;6.294;6.2982;7969;7969
2026-06-08T12:00:00.0000000Z;6.294;6.2978;7969;7969
2026-06-08T12:00:01.0000000Z;6.2858;6.2978;7969;7969
2026-06-08T12:00:02.0000000Z;6.2932;6.2978;7969;7969
2026-06-08T12:00:16.0000000Z;6.2932;6.2974;7969;7969
2026-06-08T12:00:25.0000000Z;6.2932;6.297;7969;7969
2026-06-08T12:00:55.0000000Z;6.2932;6.297;7969;7969
2026-06-08T12:01:03.0000000Z;6.2932;6.2966;7969;7969
2026-06-08T12:01:04.0000000Z;6.292;6.2966;7969;7969
2026-06-08T12:01:10.0000000Z;6.292;6.2968;7969;7969
2026-06-08T12:01:25.0000000Z;6.292;6.2966;7969;7969
2026-06-08T12:01:38.0000000Z;6.2932;6.2966;7969;7969
2026-06-08T12:01:46.0000000Z;6.2932;6.2976;7969;7969
2026-06-08T12:02:03.0000000Z;6.2932;6.2974;7969;7969
2026-06-08T12:02:15.0000000Z;6.2932;6.297;7969;7969
2026-06-08T12:02:28.0000000Z;6.2932;6.2968;7969;7969
2026-06-08T12:02:29.0000000Z;6.2932;6.2966;7969;7969
2026-06-08T12:02:30.0000000Z;6.292;6.2966;7969;7969
2026-06-08T12:02:56.0000000Z;6.292;6.2964;7969;7969
2026-06-08T12:02:58.0000000Z;6.2898;6.2964;7969;7969
2026-06-08T12:03:02.0000000Z;6.2898;6.296;7969;7969
2026-06-08T12:03:10.0000000Z;6.2898;6.2956;7969;7969
2026-06-08T12:03:41.0000000Z;6.2898;6.2956;7969;7969
2026-06-08T12:03:48.0000000Z;6.2898;6.2964;7969;7969
2026-06-08T12:04:17.0000000Z;6.2898;6.2964;7969;7969
2026-06-08T12:04:45.0000000Z;6.2898;6.296;7969;7969
2026-06-08T12:04:49.0000000Z;6.2898;6.2956;7969;7969
2026-06-08T12:05:02.0000000Z;6.2898;6.2954;7969;7969
2026-06-08T12:05:05.0000000Z;6.2898;6.2952;7969;7969
2026-06-08T12:05:35.0000000Z;6.2898;6.2952;7969;7969
2026-06-08T12:05:51.0000000Z;6.2898;6.2954;7969;7969
2026-06-08T12:05:53.0000000Z;6.29;6.2954;7969;7969
2026-06-08T12:05:57.0000000Z;6.2898;6.2952;7969;7969
2026-06-08T12:06:26.0000000Z;6.2898;6.2952;7969;7969
2026-06-08T12:06:54.0000000Z;6.2898;6.2948;7969;7969
2026-06-08T12:06:59.0000000Z;6.2898;6.295;7969;7969
2026-06-08T12:07:13.0000000Z;6.2898;6.2962;7969;7969
2026-06-08T12:07:15.0000000Z;6.2898;6.2958;7969;7969
2026-06-08T12:07:45.0000000Z;6.2898;6.2958;7969;7969
2026-06-08T12:07:47.0000000Z;6.2898;6.2956;7969;7969
2026-06-08T12:07:54.0000000Z;6.2898;6.2958;7969;7969
2026-06-08T12:08:12.0000000Z;6.29;6.2958;7969;7969
2026-06-08T12:08:16.0000000Z;6.2898;6.2958;7969;7969
2026-06-08T12:08:18.0000000Z;6.2898;6.2956;7969;7969
2026-06-08T12:08:28.0000000Z;6.2916;6.2956;7969;7969
2026-06-08T12:08:59.0000000Z;6.2916;6.2956;7969;7969
2026-06-08T12:09:29.0000000Z;6.2916;6.2956;7969;7969
2026-06-08T12:09:50.0000000Z;6.2916;6.296;7969;7969
2026-06-08T12:10:20.0000000Z;6.2916;6.296;7969;7969
2026-06-08T12:10:51.0000000Z;6.2916;6.296;7969;7969
2026-06-08T12:11:09.0000000Z;6.2928;6.296;7969;7969
2026-06-08T12:11:10.0000000Z;6.2928;6.297;7969;7969
2026-06-08T12:11:34.0000000Z;6.2928;6.2968;7969;7969
2026-06-08T12:12:04.0000000Z;6.2928;6.2968;7969;7969
2026-06-08T12:12:34.0000000Z;6.2928;6.2968;7969;7969
2026-06-08T12:13:05.0000000Z;6.2928;6.2968;7969;7969
2026-06-08T12:13:36.0000000Z;6.2928;6.2968;7969;7969
2026-06-08T12:14:06.0000000Z;6.2928;6.2968;7969;7969
2026-06-08T12:14:37.0000000Z;6.2928;6.2968;7969;7969
2026-06-08T12:14:54.0000000Z;6.2928;6.2972;7969;7969
2026-06-08T12:14:55.0000000Z;6.2928;6.297;7969;7969
2026-06-08T12:15:08.0000000Z;6.2928;6.2972;7969;7969
2026-06-08T12:15:36.0000000Z;6.2928;6.2972;7969;7969
2026-06-08T12:16:06.0000000Z;6.2928;6.2972;7969;7969
2026-06-08T12:16:25.0000000Z;6.2928;6.297;7969;7969
2026-06-08T12:16:56.0000000Z;6.2928;6.297;7969;7969
2026-06-08T12:17:27.0000000Z;6.2928;6.297;7969;7969
2026-06-08T12:17:57.0000000Z;6.2928;6.297;7969;7969
2026-06-08T12:18:28.0000000Z;6.2928;6.297;7969;7969
2026-06-08T12:18:30.0000000Z;6.2928;6.2972;7969;7969
2026-06-08T12:19:00.0000000Z;6.2928;6.2972;7969;7969
2026-06-08T12:19:14.0000000Z;6.2928;6.297;7969;7969
2026-06-08T12:19:23.0000000Z;6.2928;6.2968;7969;7969
2026-06-08T12:19:38.0000000Z;6.2928;6.2964;7969;7969
2026-06-08T12:20:02.0000000Z;6.2928;6.2972;7969;7969
2026-06-08T12:20:04.0000000Z;6.2928;6.297;7969;7969
2026-06-08T12:20:16.0000000Z;6.2928;6.2972;7969;7969
2026-06-08T12:20:30.0000000Z;6.2928;6.297;7969;7969
2026-06-08T12:21:01.0000000Z;6.2928;6.297;7969;7969
2026-06-08T12:21:31.0000000Z;6.2928;6.297;7969;7969
2026-06-08T12:22:02.0000000Z;6.2928;6.297;7969;7969
2026-06-08T12:22:32.0000000Z;6.2928;6.297;7969;7969
2026-06-08T12:23:03.0000000Z;6.2928;6.297;7969;7969
2026-06-08T12:23:19.0000000Z;6.2928;6.2972;7969;7969
2026-06-08T12:23:43.0000000Z;6.2928;6.297;7969;7969
2026-06-08T12:23:57.0000000Z;6.2928;6.2972;7969;7969
2026-06-08T12:24:04.0000000Z;6.2928;6.297;7969;7969
2026-06-08T12:24:27.0000000Z;6.2928;6.2966;7969;7969
2026-06-08T12:24:58.0000000Z;6.2928;6.2966;7969;7969
2026-06-08T12:25:28.0000000Z;6.2928;6.2966;7969;7969
2026-06-08T12:25:59.0000000Z;6.2928;6.2966;7969;7969
2026-06-08T12:26:19.0000000Z;6.2928;6.2972;7969;7969
2026-06-08T12:26:49.0000000Z;6.2928;6.2972;7969;7969
2026-06-08T12:27:14.0000000Z;6.2928;6.297;7969;7969
2026-06-08T12:27:45.0000000Z;6.2928;6.297;7969;7969
2026-06-08T12:28:15.0000000Z;6.2928;6.297;7969;7969
2026-06-08T12:28:46.0000000Z;6.2928;6.297;7969;7969
2026-06-08T12:29:16.0000000Z;6.2928;6.297;7969;7969
2026-06-08T12:29:47.0000000Z;6.2928;6.297;7969;7969
2026-06-08T12:30:17.0000000Z;6.2928;6.297;7969;7969
2026-06-08T12:30:48.0000000Z;6.2928;6.297;7969;7969
2026-06-08T12:31:19.0000000Z;6.2928;6.297;7969;7969
2026-06-08T12:31:49.0000000Z;6.2928;6.297;7969;7969
2026-06-08T12:32:20.0000000Z;6.2928;6.297;7969;7969
2026-06-08T12:32:50.0000000Z;6.2928;6.297;7969;7969
2026-06-08T12:33:21.0000000Z;6.2928;6.297;7969;7969
2026-06-08T12:33:51.0000000Z;6.2928;6.297;7969;7969
2026-06-08T12:34:22.0000000Z;6.2928;6.297;7969;7969
2026-06-08T12:34:52.0000000Z;6.2928;6.297;7969;7969
2026-06-08T12:35:23.0000000Z;6.2928;6.297;7969;7969
2026-06-08T12:35:54.0000000Z;6.2928;6.297;7969;7969
2026-06-08T12:36:24.0000000Z;6.2928;6.297;7969;7969
2026-06-08T12:36:55.0000000Z;6.2928;6.297;7969;7969
2026-06-08T12:37:25.0000000Z;6.2928;6.297;7969;7969
2026-06-08T12:37:56.0000000Z;6.2928;6.297;7969;7969
2026-06-08T12:38:27.0000000Z;6.2928;6.297;7969;7969
2026-06-08T12:38:56.0000000Z;6.294;6.297;7969;7969
2026-06-08T12:38:58.0000000Z;6.294;6.2982;7969;7969
2026-06-08T12:39:02.0000000Z;6.294;6.2984;7969;7969
2026-06-08T12:39:32.0000000Z;6.294;6.2984;7969;7969
2026-06-08T12:39:39.0000000Z;6.294;6.2982;7969;7969
2026-06-08T12:39:51.0000000Z;6.294;6.2978;7969;7969
2026-06-08T12:40:05.0000000Z;6.2938;6.2984;7969;7969
2026-06-08T12:40:36.0000000Z;6.2938;6.2984;7969;7969
2026-06-08T12:41:06.0000000Z;6.2938;6.2984;7969;7969
2026-06-08T12:41:37.0000000Z;6.2938;6.2984;7969;7969
2026-06-08T12:42:00.0000000Z;6.2938;6.2978;7969;7969
2026-06-08T12:42:13.0000000Z;6.2938;6.2972;7969;7969
2026-06-08T12:42:18.0000000Z;6.2926;6.2972;7969;7969
2026-06-08T12:42:30.0000000Z;6.2926;6.297;7969;7969
2026-06-08T12:42:38.0000000Z;6.2924;6.297;7969;7969
2026-06-08T12:42:42.0000000Z;6.2926;6.2966;7969;7969
2026-06-08T12:42:48.0000000Z;6.2924;6.2966;7969;7969
2026-06-08T12:42:50.0000000Z;6.2898;6.2966;7969;7969
2026-06-08T12:42:52.0000000Z;6.2898;6.2988;7969;7969
2026-06-08T12:43:00.0000000Z;6.2898;6.2986;7969;7969
2026-06-08T12:43:02.0000000Z;6.2898;6.2982;7969;7969
2026-06-08T12:43:13.0000000Z;6.2898;6.298;7969;7969
2026-06-08T12:43:24.0000000Z;6.2898;6.2986;7969;7969
2026-06-08T12:43:26.0000000Z;6.2898;6.298;7969;7969
2026-06-08T12:43:40.0000000Z;6.2898;6.2984;7969;7969
2026-06-08T12:43:50.0000000Z;6.2898;6.2982;7969;7969
2026-06-08T12:44:02.0000000Z;6.2898;6.2982;7969;7969
2026-06-08T12:44:24.0000000Z;6.2898;6.2986;7969;7969
2026-06-08T12:44:25.0000000Z;6.2898;6.2982;7969;7969
2026-06-08T12:44:38.0000000Z;6.292;6.2966;7969;7969
2026-06-08T12:44:46.0000000Z;6.2746;6.2966;7969;7969
2026-06-08T12:44:47.0000000Z;6.2794;6.2966;7969;7969
2026-06-08T12:44:48.0000000Z;6.2842;6.2966;7969;7969
2026-06-08T12:44:49.0000000Z;6.2872;6.2966;7969;7969
2026-06-08T12:44:50.0000000Z;6.292;6.2964;7969;7969
2026-06-08T12:45:21.0000000Z;6.292;6.2964;7969;7969
2026-06-08T12:45:52.0000000Z;6.292;6.2964;7969;7969
2026-06-08T12:46:07.0000000Z;6.2932;6.2964;7969;7969
2026-06-08T12:46:09.0000000Z;6.2932;6.2976;7969;7969
2026-06-08T12:46:39.0000000Z;6.2932;6.2976;7969;7969
2026-06-08T12:47:09.0000000Z;6.2932;6.2976;7969;7969
2026-06-08T12:47:40.0000000Z;6.2932;6.2976;7969;7969
2026-06-08T12:47:58.0000000Z;6.2932;6.2974;7969;7969
2026-06-08T12:48:02.0000000Z;6.2932;6.2976;7969;7969
2026-06-08T12:48:32.0000000Z;6.2932;6.2976;7969;7969
2026-06-08T12:48:44.0000000Z;6.2932;6.2974;7969;7969
2026-06-08T12:49:09.0000000Z;6.2932;6.2972;7969;7969
2026-06-08T12:49:40.0000000Z;6.2932;6.2972;7969;7969
2026-06-08T12:49:41.0000000Z;6.2932;6.297;7969;7969
2026-06-08T12:50:12.0000000Z;6.2932;6.297;7969;7969
2026-06-08T12:50:15.0000000Z;6.2932;6.2976;7969;7969
2026-06-08T12:50:40.0000000Z;6.2932;6.2974;7969;7969
2026-06-08T12:51:10.0000000Z;6.2932;6.2974;7969;7969
2026-06-08T12:51:33.0000000Z;6.2944;6.2974;7969;7969
2026-06-08T12:52:03.0000000Z;6.2944;6.2974;7969;7969
2026-06-08T12:52:34.0000000Z;6.2944;6.2974;7969;7969
2026-06-08T12:52:42.0000000Z;6.2944;6.2988;7969;7969
2026-06-08T12:53:13.0000000Z;6.2944;6.2988;7969;7969
2026-06-08T12:53:25.0000000Z;6.2944;6.2986;7969;7969
2026-06-08T12:53:55.0000000Z;6.2944;6.2986;7969;7969
2026-06-08T12:54:11.0000000Z;6.2944;6.2978;7969;7969
2026-06-08T12:54:17.0000000Z;6.2932;6.2976;7969;7969
2026-06-08T12:54:35.0000000Z;6.2932;6.2974;7969;7969
2026-06-08T12:55:06.0000000Z;6.2932;6.2974;7969;7969
2026-06-08T12:55:36.0000000Z;6.2932;6.2974;7969;7969
2026-06-08T12:56:07.0000000Z;6.2932;6.2974;7969;7969
2026-06-08T12:56:37.0000000Z;6.2932;6.2974;7969;7969
2026-06-08T12:57:08.0000000Z;6.2932;6.2974;7969;7969
2026-06-08T12:57:37.0000000Z;6.2932;6.2972;7969;7969
2026-06-08T12:58:08.0000000Z;6.2932;6.2972;7969;7969
2026-06-08T12:58:19.0000000Z;6.2932;6.2968;7969;7969
2026-06-08T12:58:20.0000000Z;6.292;6.2966;7969;7969
2026-06-08T12:58:51.0000000Z;6.292;6.2966;7969;7969
2026-06-08T12:58:59.0000000Z;6.292;6.2964;7969;7969
2026-06-08T12:59:09.0000000Z;6.292;6.2962;7969;7969
2026-06-08T12:59:14.0000000Z;6.292;6.296;7969;7969
2026-06-08T12:59:16.0000000Z;6.2916;6.296;7969;7969
2026-06-08T12:59:22.0000000Z;6.2916;6.2958;7969;7969
2026-06-08T12:59:37.0000000Z;6.2916;6.2956;7969;7969
2026-06-08T13:00:02.0000000Z;6.2916;6.2952;7969;7969
2026-06-08T13:00:08.0000000Z;6.2916;6.295;7969;7969
2026-06-08T13:00:09.0000000Z;6.2916;6.2948;7969;7969
2026-06-08T13:00:10.0000000Z;6.2904;6.2948;7969;7969
2026-06-08T13:00:15.0000000Z;6.2904;6.2944;7969;7969
2026-06-08T13:00:24.0000000Z;6.2904;6.2946;7969;7969
2026-06-08T13:00:28.0000000Z;6.2904;6.2948;7969;7969
2026-06-08T13:00:59.0000000Z;6.2904;6.2948;7969;7969
2026-06-08T13:01:19.0000000Z;6.292;6.2948;7969;7969
2026-06-08T13:01:21.0000000Z;6.292;6.2956;7969;7969
2026-06-08T13:01:24.0000000Z;6.292;6.2954;7969;7969
2026-06-08T13:01:55.0000000Z;6.292;6.2954;7969;7969
2026-06-08T13:02:25.0000000Z;6.292;6.2954;7969;7969
2026-06-08T13:02:53.0000000Z;6.292;6.2952;7969;7969
2026-06-08T13:03:10.0000000Z;6.292;6.295;7969;7969
2026-06-08T13:03:13.0000000Z;6.2908;6.295;7969;7969
2026-06-08T13:03:14.0000000Z;6.2908;6.2948;7969;7969
2026-06-08T13:03:17.0000000Z;6.2908;6.2946;7969;7969
2026-06-08T13:03:18.0000000Z;6.2908;6.2944;7969;7969
2026-06-08T13:03:19.0000000Z;6.2908;6.2942;7969;7969
2026-06-08T13:03:24.0000000Z;6.2908;6.294;7969;7969
2026-06-08T13:03:36.0000000Z;6.2908;6.2934;7969;7969
2026-06-08T13:03:47.0000000Z;6.2908;6.294;7969;7969
2026-06-08T13:03:59.0000000Z;6.2908;6.2944;7969;7969
2026-06-08T13:04:00.0000000Z;6.2908;6.294;7969;7969
2026-06-08T13:04:21.0000000Z;6.2908;6.2938;7969;7969
2026-06-08T13:04:45.0000000Z;6.2908;6.2934;7969;7969
2026-06-08T13:04:53.0000000Z;6.2896;6.2934;7969;7969
2026-06-08T13:05:20.0000000Z;6.2896;6.2932;7969;7969
2026-06-08T13:05:51.0000000Z;6.2896;6.2932;7969;7969
2026-06-08T13:06:02.0000000Z;6.2908;6.2944;7969;7969
2026-06-08T13:06:23.0000000Z;6.2908;6.2942;7969;7969
2026-06-08T13:06:33.0000000Z;6.2908;6.2938;7969;7969
2026-06-08T13:06:46.0000000Z;6.2908;6.2936;7969;7969
2026-06-08T13:06:58.0000000Z;6.2908;6.2944;7969;7969
2026-06-08T13:07:06.0000000Z;6.2908;6.2942;7969;7969
2026-06-08T13:07:32.0000000Z;6.2908;6.2938;7969;7969
2026-06-08T13:07:34.0000000Z;6.2908;6.2936;7969;7969
2026-06-08T13:07:46.0000000Z;6.2908;6.2944;7969;7969
2026-06-08T13:08:08.0000000Z;6.2908;6.2942;7969;7969
2026-06-08T13:08:39.0000000Z;6.2908;6.2942;7969;7969
2026-06-08T13:08:41.0000000Z;6.2908;6.294;7969;7969
2026-06-08T13:09:03.0000000Z;6.2908;6.2938;7969;7969
2026-06-08T13:09:34.0000000Z;6.2908;6.2938;7969;7969
2026-06-08T13:10:04.0000000Z;6.2908;6.2938;7969;7969
2026-06-08T13:10:35.0000000Z;6.2908;6.2938;7969;7969
2026-06-08T13:10:56.0000000Z;6.2908;6.2942;7969;7969
2026-06-08T13:11:00.0000000Z;6.2908;6.2944;7969;7969
2026-06-08T13:11:06.0000000Z;6.2908;6.2952;7969;7969
2026-06-08T13:11:20.0000000Z;6.2908;6.2948;7969;7969
2026-06-08T13:11:22.0000000Z;6.2908;6.2946;7969;7969
2026-06-08T13:11:23.0000000Z;6.2908;6.2942;7969;7969
2026-06-08T13:11:35.0000000Z;6.2908;6.294;7969;7969
2026-06-08T13:11:52.0000000Z;6.2908;6.2936;7969;7969
2026-06-08T13:12:09.0000000Z;6.2896;6.2936;7969;7969
2026-06-08T13:12:12.0000000Z;6.2896;6.2934;7969;7969
2026-06-08T13:12:25.0000000Z;6.2896;6.294;7969;7969
2026-06-08T13:12:40.0000000Z;6.2896;6.2936;7969;7969
2026-06-08T13:12:42.0000000Z;6.2896;6.2934;7969;7969
2026-06-08T13:13:05.0000000Z;6.2896;6.2928;7969;7969
2026-06-08T13:13:17.0000000Z;6.2896;6.2932;7969;7969
2026-06-08T13:13:18.0000000Z;6.2896;6.293;7969;7969
2026-06-08T13:13:47.0000000Z;6.2896;6.2936;7969;7969
2026-06-08T13:14:08.0000000Z;6.291;6.2936;7969;7969
2026-06-08T13:14:25.0000000Z;6.2898;6.2936;7969;7969
2026-06-08T13:14:27.0000000Z;6.2898;6.2934;7969;7969
2026-06-08T13:14:57.0000000Z;6.2898;6.2934;7969;7969
2026-06-08T13:15:28.0000000Z;6.2898;6.2934;7969;7969
2026-06-08T13:15:58.0000000Z;6.2898;6.2934;7969;7969
2026-06-08T13:16:29.0000000Z;6.2898;6.2934;7969;7969
2026-06-08T13:17:00.0000000Z;6.2898;6.2934;7969;7969
2026-06-08T13:17:30.0000000Z;6.2898;6.2934;7969;7969
2026-06-08T13:18:01.0000000Z;6.2898;6.2934;7969;7969
2026-06-08T13:18:31.0000000Z;6.2898;6.2934;7969;7969
2026-06-08T13:18:42.0000000Z;6.2898;6.2942;7969;7969
2026-06-08T13:18:49.0000000Z;6.2898;6.294;7969;7969
2026-06-08T13:19:04.0000000Z;6.2898;6.2938;7969;7969
2026-06-08T13:19:22.0000000Z;6.2898;6.2934;7969;7969
2026-06-08T13:19:39.0000000Z;6.2898;6.2932;7969;7969
2026-06-08T13:19:42.0000000Z;6.2898;6.293;7969;7969
2026-06-08T13:19:43.0000000Z;6.2886;6.293;7969;7969
2026-06-08T13:19:44.0000000Z;6.2886;6.2928;7969;7969
2026-06-08T13:20:15.0000000Z;6.2886;6.2928;7969;7969
2026-06-08T13:20:31.0000000Z;6.2886;6.292;7969;7969
2026-06-08T13:20:34.0000000Z;6.2874;6.2918;7969;7969
2026-06-08T13:21:05.0000000Z;6.2874;6.2918;7969;7969
2026-06-08T13:21:35.0000000Z;6.2874;6.2918;7969;7969
2026-06-08T13:22:06.0000000Z;6.2874;6.2918;7969;7969
2026-06-08T13:22:36.0000000Z;6.2874;6.2918;7969;7969
2026-06-08T13:22:49.0000000Z;6.2874;6.2904;7969;7969
2026-06-08T13:22:50.0000000Z;6.286;6.2904;7969;7969
2026-06-08T13:22:51.0000000Z;6.286;6.2898;7969;7969
2026-06-08T13:22:52.0000000Z;6.2852;6.2898;7969;7969
2026-06-08T13:22:56.0000000Z;6.2852;6.2896;7969;7969
2026-06-08T13:23:05.0000000Z;6.2852;6.2892;7969;7969
2026-06-08T13:23:24.0000000Z;6.2852;6.2896;7969;7969
2026-06-08T13:23:54.0000000Z;6.2852;6.2896;7969;7969
2026-06-08T13:24:24.0000000Z;6.2852;6.2896;7969;7969
2026-06-08T13:24:41.0000000Z;6.2864;6.2896;7969;7969
2026-06-08T13:24:42.0000000Z;6.2864;6.2906;7969;7969
2026-06-08T13:25:13.0000000Z;6.2864;6.2906;7969;7969
2026-06-08T13:25:23.0000000Z;6.2864;6.2908;7969;7969
2026-06-08T13:25:53.0000000Z;6.2864;6.2908;7969;7969
2026-06-08T13:26:23.0000000Z;6.2864;6.2908;7969;7969
2026-06-08T13:26:54.0000000Z;6.2864;6.2908;7969;7969
2026-06-08T13:27:23.0000000Z;6.2864;6.2906;7969;7969
2026-06-08T13:27:35.0000000Z;6.2864;6.2908;7969;7969
2026-06-08T13:28:06.0000000Z;6.2864;6.2908;7969;7969
2026-06-08T13:28:36.0000000Z;6.2864;6.2908;7969;7969
2026-06-08T13:29:07.0000000Z;6.2864;6.2908;7969;7969
2026-06-08T13:29:38.0000000Z;6.2864;6.2908;7969;7969
2026-06-08T13:30:08.0000000Z;6.2864;6.2908;7969;7969
2026-06-08T13:30:14.0000000Z;6.2864;6.291;7969;7969
2026-06-08T13:30:27.0000000Z;6.2864;6.2908;7969;7969
2026-06-08T13:30:57.0000000Z;6.2864;6.2908;7969;7969
2026-06-08T13:31:27.0000000Z;6.2864;6.2908;7969;7969
2026-06-08T13:31:58.0000000Z;6.2864;6.2908;7969;7969
2026-06-08T13:32:28.0000000Z;6.2864;6.2908;7969;7969
2026-06-08T13:32:59.0000000Z;6.2864;6.2908;7969;7969
2026-06-08T13:33:29.0000000Z;6.2864;6.2908;7969;7969
2026-06-08T13:34:00.0000000Z;6.2864;6.2908;7969;7969
2026-06-08T13:34:30.0000000Z;6.2864;6.2908;7969;7969
2026-06-08T13:34:49.0000000Z;6.2864;6.2906;7969;7969
2026-06-08T13:34:55.0000000Z;6.2864;6.2908;7969;7969
2026-06-08T13:35:26.0000000Z;6.2864;6.2908;7969;7969
2026-06-08T13:35:33.0000000Z;6.2876;6.2908;7969;7969
2026-06-08T13:35:35.0000000Z;6.2876;6.292;7969;7969
2026-06-08T13:35:43.0000000Z;6.2876;6.291;7969;7969
2026-06-08T13:35:45.0000000Z;6.2864;6.291;7969;7969
2026-06-08T13:35:52.0000000Z;6.2864;6.2908;7969;7969
2026-06-08T13:36:19.0000000Z;6.2864;6.2906;7969;7969
2026-06-08T13:36:49.0000000Z;6.2864;6.2906;7969;7969
2026-06-08T13:37:20.0000000Z;6.2864;6.2906;7969;7969
2026-06-08T13:37:21.0000000Z;6.2708;6.3006;7969;7969
2026-06-08T13:37:22.0000000Z;6.2756;6.3006;7969;7969
2026-06-08T13:37:24.0000000Z;6.28;6.3006;7969;7969
2026-06-08T13:37:29.0000000Z;6.28;6.3002;7969;7969
2026-06-08T13:37:31.0000000Z;6.2736;6.3002;7969;7969
2026-06-08T13:37:32.0000000Z;6.277;6.3002;7969;7969
2026-06-08T13:37:40.0000000Z;6.2728;6.3002;7969;7969
2026-06-08T13:37:42.0000000Z;6.2796;6.3002;7969;7969
2026-06-08T13:37:44.0000000Z;6.2796;6.2998;7969;7969
2026-06-08T13:37:46.0000000Z;6.2806;6.2998;7969;7969
2026-06-08T13:37:54.0000000Z;6.2694;6.2966;7969;7969
2026-06-08T13:37:56.0000000Z;6.2786;6.2966;7969;7969
2026-06-08T13:37:57.0000000Z;6.2792;6.2966;7969;7969
2026-06-08T13:38:04.0000000Z;6.2694;6.2994;7969;7969
2026-06-08T13:38:07.0000000Z;6.2698;6.2994;7969;7969
2026-06-08T13:38:09.0000000Z;6.2734;6.2982;7969;7969
2026-06-08T13:38:10.0000000Z;6.2756;6.2982;7969;7969
2026-06-08T13:38:13.0000000Z;6.279;6.2982;7969;7969
2026-06-08T13:38:16.0000000Z;6.279;6.2958;7969;7969
2026-06-08T13:38:18.0000000Z;6.2788;6.2958;7969;7969
2026-06-08T13:38:19.0000000Z;6.2788;6.293;7969;7969
2026-06-08T13:38:23.0000000Z;6.2594;6.293;7969;7969
2026-06-08T13:38:24.0000000Z;6.2598;6.2918;7969;7969
2026-06-08T13:38:26.0000000Z;6.2662;6.29;7969;7969
2026-06-08T13:38:27.0000000Z;6.2734;6.29;7969;7969
2026-06-08T13:38:29.0000000Z;6.279;6.29;7969;7969
2026-06-08T13:38:30.0000000Z;6.279;6.2902;7969;7969
2026-06-08T13:38:31.0000000Z;6.2798;6.2902;7969;7969
2026-06-08T13:38:38.0000000Z;6.2702;6.3008;7969;7969
2026-06-08T13:38:40.0000000Z;6.2774;6.3008;7969;7969
2026-06-08T13:38:41.0000000Z;6.2802;6.3008;7969;7969
2026-06-08T13:38:42.0000000Z;6.2802;6.2996;7969;7969
2026-06-08T13:38:46.0000000Z;6.2802;6.2968;7969;7969
2026-06-08T13:38:48.0000000Z;6.2682;6.2968;7969;7969
2026-06-08T13:38:50.0000000Z;6.2786;6.2968;7969;7969
2026-06-08T13:38:54.0000000Z;6.2806;6.2968;7969;7969
2026-06-08T13:38:58.0000000Z;6.2806;6.3004;7969;7969
2026-06-08T13:38:59.0000000Z;6.2806;6.2968;7969;7969
2026-06-08T13:39:01.0000000Z;6.2646;6.2968;7969;7969
2026-06-08T13:39:03.0000000Z;6.265;6.2964;7969;7969
2026-06-08T13:39:04.0000000Z;6.2654;6.2964;7969;7969
2026-06-08T13:39:06.0000000Z;6.269;6.2964;7969;7969
2026-06-08T13:39:07.0000000Z;6.275;6.2964;7969;7969
2026-06-08T13:39:09.0000000Z;6.2802;6.2964;7969;7969
2026-06-08T13:39:14.0000000Z;6.2802;6.2972;7969;7969
2026-06-08T13:39:18.0000000Z;6.264;6.2994;7969;7969
2026-06-08T13:39:20.0000000Z;6.2666;6.2972;7969;7969
2026-06-08T13:39:22.0000000Z;6.2728;6.291;7969;7969
2026-06-08T13:39:23.0000000Z;6.278;6.2902;7969;7969
2026-06-08T13:39:25.0000000Z;6.2788;6.2902;7969;7969
2026-06-08T13:39:26.0000000Z;6.2788;6.292;7969;7969
2026-06-08T13:39:28.0000000Z;6.2788;6.2948;7969;7969
2026-06-08T13:39:30.0000000Z;6.2788;6.2928;7969;7969
2026-06-08T13:39:32.0000000Z;6.26;6.2928;7969;7969
2026-06-08T13:39:33.0000000Z;6.2652;6.2928;7969;7969
2026-06-08T13:39:34.0000000Z;6.2692;6.2928;7969;7969
2026-06-08T13:39:35.0000000Z;6.2744;6.2928;7969;7969
2026-06-08T13:39:37.0000000Z;6.2834;6.288;7969;7969
2026-06-08T13:40:07.0000000Z;6.2834;6.288;7969;7969
2026-06-08T13:40:25.0000000Z;6.2846;6.288;7969;7969
2026-06-08T13:40:36.0000000Z;6.2848;6.2892;7969;7969
2026-06-08T13:41:04.0000000Z;6.2846;6.2892;7969;7969
2026-06-08T13:41:10.0000000Z;6.2858;6.2892;7969;7969
2026-06-08T13:41:12.0000000Z;6.2858;6.2904;7969;7969
2026-06-08T13:41:26.0000000Z;6.2668;6.3082;7969;7969
2026-06-08T13:41:28.0000000Z;6.2808;6.3082;7969;7969
2026-06-08T13:41:32.0000000Z;6.2824;6.3082;7969;7969
2026-06-08T13:41:33.0000000Z;6.2824;6.3054;7969;7969
2026-06-08T13:41:34.0000000Z;6.2604;6.3054;7969;7969
2026-06-08T13:41:35.0000000Z;6.2688;6.3054;7969;7969
2026-06-08T13:41:37.0000000Z;6.2756;6.3054;7969;7969
2026-06-08T13:41:40.0000000Z;6.286;6.2906;7969;7969
2026-06-08T13:42:11.0000000Z;6.286;6.2906;7969;7969
2026-06-08T13:42:41.0000000Z;6.2872;6.2918;7969;7969
2026-06-08T13:42:49.0000000Z;6.2872;6.2916;7969;7969
2026-06-08T13:43:01.0000000Z;6.2732;6.2916;7969;7969
2026-06-08T13:43:03.0000000Z;6.287;6.2916;7969;7969
2026-06-08T13:43:23.0000000Z;6.287;6.2914;7969;7969
2026-06-08T13:43:45.0000000Z;6.2882;6.2914;7969;7969
2026-06-08T13:43:47.0000000Z;6.2882;6.2926;7969;7969
2026-06-08T13:44:16.0000000Z;6.2882;6.2926;7969;7969
2026-06-08T13:44:47.0000000Z;6.2882;6.2926;7969;7969
2026-06-08T13:45:07.0000000Z;6.2884;6.2926;7969;7969
2026-06-08T13:45:11.0000000Z;6.2884;6.293;7969;7969
2026-06-08T13:45:16.0000000Z;6.2884;6.2928;7969;7969
2026-06-08T13:45:47.0000000Z;6.2884;6.2928;7969;7969
2026-06-08T13:45:56.0000000Z;6.2884;6.2916;7969;7969
2026-06-08T13:45:57.0000000Z;6.2872;6.2916;7969;7969
2026-06-08T13:46:21.0000000Z;6.2884;6.2916;7969;7969
2026-06-08T13:46:22.0000000Z;6.2884;6.2928;7969;7969
2026-06-08T13:46:52.0000000Z;6.2884;6.2928;7969;7969
2026-06-08T13:47:23.0000000Z;6.2884;6.2928;7969;7969
2026-06-08T13:47:53.0000000Z;6.2884;6.2928;7969;7969
2026-06-08T13:48:24.0000000Z;6.2884;6.2928;7969;7969
2026-06-08T13:48:54.0000000Z;6.2884;6.2928;7969;7969
2026-06-08T13:49:25.0000000Z;6.2884;6.2928;7969;7969
2026-06-08T13:49:34.0000000Z;6.2884;6.2914;7969;7969
2026-06-08T13:49:40.0000000Z;6.2884;6.2916;7969;7969
2026-06-08T13:49:42.0000000Z;6.2872;6.2916;7969;7969
2026-06-08T13:50:13.0000000Z;6.2872;6.2916;7969;7969
2026-06-08T13:50:43.0000000Z;6.2872;6.2916;7969;7969
2026-06-08T13:50:52.0000000Z;6.2884;6.2916;7969;7969
2026-06-08T13:50:53.0000000Z;6.2884;6.2928;7969;7969
2026-06-08T13:51:08.0000000Z;6.2884;6.2924;7969;7969
2026-06-08T13:51:09.0000000Z;6.2884;6.2922;7969;7969
2026-06-08T13:51:15.0000000Z;6.2884;6.2924;7969;7969
2026-06-08T13:51:19.0000000Z;6.2884;6.2928;7969;7969
2026-06-08T13:51:49.0000000Z;6.2884;6.2928;7969;7969
2026-06-08T13:52:20.0000000Z;6.2884;6.2928;7969;7969
2026-06-08T13:52:35.0000000Z;6.2884;6.2926;7969;7969
2026-06-08T13:52:39.0000000Z;6.2884;6.2924;7969;7969
2026-06-08T13:52:53.0000000Z;6.2884;6.2922;7969;7969
2026-06-08T13:53:01.0000000Z;6.2884;6.2928;7969;7969
2026-06-08T13:53:32.0000000Z;6.2884;6.2928;7969;7969
2026-06-08T13:54:02.0000000Z;6.2884;6.2928;7969;7969
2026-06-08T13:54:19.0000000Z;6.2884;6.2926;7969;7969
2026-06-08T13:54:49.0000000Z;6.2884;6.2926;7969;7969
2026-06-08T13:55:20.0000000Z;6.2884;6.2926;7969;7969
2026-06-08T13:55:24.0000000Z;6.2884;6.2928;7969;7969
2026-06-08T13:55:43.0000000Z;6.2884;6.2924;7969;7969
2026-06-08T13:55:46.0000000Z;6.2872;6.2916;7969;7969
2026-06-08T13:56:02.0000000Z;6.2872;6.2914;7969;7969
2026-06-08T13:56:04.0000000Z;6.2872;6.2916;7969;7969
2026-06-08T13:56:35.0000000Z;6.2872;6.2916;7969;7969
2026-06-08T13:56:38.0000000Z;6.2874;6.2916;7969;7969
2026-06-08T13:56:41.0000000Z;6.2884;6.2916;7969;7969
2026-06-08T13:56:42.0000000Z;6.2884;6.2924;7969;7969
2026-06-08T13:57:12.0000000Z;6.2884;6.2924;7969;7969
2026-06-08T13:57:19.0000000Z;6.2884;6.2922;7969;7969
2026-06-08T13:57:23.0000000Z;6.2884;6.292;7969;7969
2026-06-08T13:57:44.0000000Z;6.2884;6.2928;7969;7969
2026-06-08T13:58:15.0000000Z;6.2884;6.2928;7969;7969
2026-06-08T13:58:20.0000000Z;6.2886;6.2928;7969;7969
2026-06-08T13:58:23.0000000Z;6.2886;6.2926;7969;7969
2026-06-08T13:58:29.0000000Z;6.2886;6.2928;7969;7969
2026-06-08T13:58:30.0000000Z;6.2886;6.2926;7969;7969
2026-06-08T13:58:45.0000000Z;6.2884;6.2926;7969;7969
2026-06-08T13:58:54.0000000Z;6.2884;6.2928;7969;7969
2026-06-08T13:58:56.0000000Z;6.2886;6.2928;7969;7969
2026-06-08T13:59:21.0000000Z;6.2884;6.2928;7969;7969
2026-06-08T13:59:24.0000000Z;6.2886;6.2928;7969;7969
2026-06-08T13:59:38.0000000Z;6.2886;6.2926;7969;7969
2026-06-08T13:59:48.0000000Z;6.2886;6.2928;7969;7969
2026-06-08T13:59:59.0000000Z;6.2884;6.2928;7969;7969
2026-06-08T14:00:00.0000000Z;6.2884;6.2924;7969;7969
2026-06-08T14:00:01.0000000Z;6.2692;6.2924;7969;7969
2026-06-08T14:00:03.0000000Z;6.2894;6.2924;7969;7969
2026-06-08T14:00:05.0000000Z;6.2896;6.2924;7969;7969
2026-06-08T14:00:11.0000000Z;6.2896;6.2938;7969;7969
2026-06-08T14:00:19.0000000Z;6.2894;6.2938;7969;7969
2026-06-08T14:00:38.0000000Z;6.2894;6.2926;7969;7969
2026-06-08T14:00:39.0000000Z;6.2882;6.2926;7969;7969
2026-06-08T14:00:49.0000000Z;6.2884;6.2926;7969;7969
2026-06-08T14:01:19.0000000Z;6.2884;6.2926;7969;7969
2026-06-08T14:01:50.0000000Z;6.2884;6.2926;7969;7969
2026-06-08T14:02:01.0000000Z;6.2882;6.2926;7969;7969
2026-06-08T14:02:32.0000000Z;6.2882;6.2926;7969;7969
2026-06-08T14:03:02.0000000Z;6.2882;6.2926;7969;7969
2026-06-08T14:03:32.0000000Z;6.2882;6.2926;7969;7969
2026-06-08T14:04:03.0000000Z;6.2882;6.2926;7969;7969
2026-06-08T14:04:33.0000000Z;6.2882;6.2926;7969;7969
2026-06-08T14:05:04.0000000Z;6.2882;6.2926;7969;7969
2026-06-08T14:05:35.0000000Z;6.2882;6.2926;7969;7969
2026-06-08T14:06:02.0000000Z;6.2884;6.2926;7969;7969
2026-06-08T14:06:33.0000000Z;6.2884;6.2926;7969;7969
2026-06-08T14:06:57.0000000Z;6.2882;6.2926;7969;7969
2026-06-08T14:07:24.0000000Z;6.2882;6.2926;7969;7969
2026-06-08T14:07:47.0000000Z;6.2884;6.2926;7969;7969
2026-06-08T14:08:18.0000000Z;6.2884;6.2926;7969;7969
2026-06-08T14:08:49.0000000Z;6.2884;6.2926;7969;7969
2026-06-08T14:09:19.0000000Z;6.2884;6.2926;7969;7969
2026-06-08T14:09:50.0000000Z;6.2884;6.2926;7969;7969
2026-06-08T14:10:06.0000000Z;6.2884;6.2924;7969;7969
2026-06-08T14:10:11.0000000Z;6.2894;6.2924;7969;7969
2026-06-08T14:10:12.0000000Z;6.2894;6.2938;7969;7969
2026-06-08T14:10:14.0000000Z;6.2896;6.2936;7969;7969
2026-06-08T14:10:33.0000000Z;6.2896;6.2934;7969;7969
2026-06-08T14:10:58.0000000Z;6.2894;6.2934;7969;7969
2026-06-08T14:11:02.0000000Z;6.2894;6.2926;7969;7969
2026-06-08T14:11:04.0000000Z;6.2882;6.2926;7969;7969
2026-06-08T14:11:35.0000000Z;6.2882;6.2926;7969;7969
2026-06-08T14:12:05.0000000Z;6.2882;6.2926;7969;7969
2026-06-08T14:12:07.0000000Z;6.2882;6.2922;7969;7969
2026-06-08T14:12:09.0000000Z;6.2882;6.292;7969;7969
2026-06-08T14:12:40.0000000Z;6.2882;6.292;7969;7969
2026-06-08T14:13:10.0000000Z;6.2882;6.292;7969;7969
2026-06-08T14:13:41.0000000Z;6.2882;6.292;7969;7969
2026-06-08T14:13:43.0000000Z;6.2882;6.2918;7969;7969
2026-06-08T14:13:55.0000000Z;6.2882;6.2928;7969;7969
2026-06-08T14:14:03.0000000Z;6.2882;6.2926;7969;7969
2026-06-08T14:14:34.0000000Z;6.2882;6.2926;7969;7969
2026-06-08T14:15:05.0000000Z;6.2882;6.2926;7969;7969
2026-06-08T14:15:34.0000000Z;6.2882;6.2912;7969;7969
2026-06-08T14:15:35.0000000Z;6.287;6.2912;7969;7969
2026-06-08T14:15:39.0000000Z;6.287;6.2914;7969;7969
2026-06-08T14:16:09.0000000Z;6.287;6.2914;7969;7969
2026-06-08T14:16:39.0000000Z;6.287;6.2914;7969;7969
2026-06-08T14:17:10.0000000Z;6.287;6.2914;7969;7969
2026-06-08T14:17:40.0000000Z;6.287;6.2914;7969;7969
2026-06-08T14:18:11.0000000Z;6.287;6.2914;7969;7969
2026-06-08T14:18:41.0000000Z;6.287;6.2914;7969;7969
2026-06-08T14:19:12.0000000Z;6.287;6.2914;7969;7969
2026-06-08T14:19:42.0000000Z;6.287;6.2914;7969;7969
2026-06-08T14:20:13.0000000Z;6.287;6.2914;7969;7969
2026-06-08T14:20:43.0000000Z;6.287;6.2914;7969;7969
2026-06-08T14:21:01.0000000Z;6.2882;6.2914;7969;7969
2026-06-08T14:21:04.0000000Z;6.2882;6.2926;7969;7969
2026-06-08T14:21:33.0000000Z;6.2882;6.2926;7969;7969
2026-06-08T14:22:04.0000000Z;6.2882;6.2926;7969;7969
2026-06-08T14:22:34.0000000Z;6.2882;6.2926;7969;7969
2026-06-08T14:23:05.0000000Z;6.2882;6.2926;7969;7969
2026-06-08T14:23:35.0000000Z;6.2882;6.2926;7969;7969
2026-06-08T14:24:06.0000000Z;6.2882;6.2926;7969;7969
2026-06-08T14:24:36.0000000Z;6.2882;6.2926;7969;7969
2026-06-08T14:25:07.0000000Z;6.2882;6.2926;7969;7969
2026-06-08T14:25:37.0000000Z;6.2882;6.2926;7969;7969
2026-06-08T14:25:40.0000000Z;6.2882;6.2924;7969;7969
2026-06-08T14:25:41.0000000Z;6.2882;6.2922;7969;7969
2026-06-08T14:25:53.0000000Z;6.2882;6.2924;7969;7969
2026-06-08T14:25:57.0000000Z;6.2882;6.2926;7969;7969
2026-06-08T14:26:26.0000000Z;6.2882;6.2926;7969;7969
2026-06-08T14:26:56.0000000Z;6.2882;6.2926;7969;7969
2026-06-08T14:27:13.0000000Z;6.2882;6.2922;7969;7969
2026-06-08T14:27:15.0000000Z;6.2882;6.2918;7969;7969
2026-06-08T14:27:22.0000000Z;6.2882;6.2916;7969;7969
2026-06-08T14:27:24.0000000Z;6.287;6.2916;7969;7969
2026-06-08T14:27:25.0000000Z;6.287;6.2914;7969;7969
2026-06-08T14:27:26.0000000Z;6.287;6.2912;7969;7969
2026-06-08T14:27:32.0000000Z;6.287;6.2914;7969;7969
2026-06-08T14:28:03.0000000Z;6.287;6.2914;7969;7969
2026-06-08T14:28:33.0000000Z;6.287;6.2914;7969;7969
2026-06-08T14:28:58.0000000Z;6.287;6.2912;7969;7969
2026-06-08T14:29:04.0000000Z;6.287;6.2914;7969;7969
2026-06-08T14:29:35.0000000Z;6.287;6.2914;7969;7969
2026-06-08T14:30:06.0000000Z;6.287;6.2914;7969;7969
2026-06-08T14:30:21.0000000Z;6.2882;6.2914;7969;7969
2026-06-08T14:30:23.0000000Z;6.2882;6.292;7969;7969
2026-06-08T14:30:25.0000000Z;6.2882;6.2918;7969;7969
2026-06-08T14:30:34.0000000Z;6.2882;6.291;7969;7969
2026-06-08T14:30:40.0000000Z;6.2882;6.2912;7969;7969
2026-06-08T14:30:41.0000000Z;6.287;6.2912;7969;7969
2026-06-08T14:30:49.0000000Z;6.287;6.2914;7969;7969
2026-06-08T14:31:20.0000000Z;6.287;6.2914;7969;7969
2026-06-08T14:31:50.0000000Z;6.287;6.2914;7969;7969
2026-06-08T14:31:59.0000000Z;6.287;6.2912;7969;7969
2026-06-08T14:32:11.0000000Z;6.287;6.2914;7969;7969
2026-06-08T14:32:42.0000000Z;6.287;6.2914;7969;7969
2026-06-08T14:33:13.0000000Z;6.287;6.2914;7969;7969
2026-06-08T14:33:25.0000000Z;6.287;6.2912;7969;7969
2026-06-08T14:33:37.0000000Z;6.287;6.2914;7969;7969
2026-06-08T14:34:07.0000000Z;6.287;6.2914;7969;7969
2026-06-08T14:34:37.0000000Z;6.287;6.2914;7969;7969
2026-06-08T14:35:08.0000000Z;6.287;6.2914;7969;7969
2026-06-08T14:35:17.0000000Z;6.287;6.2912;7969;7969
2026-06-08T14:35:28.0000000Z;6.287;6.2914;7969;7969
2026-06-08T14:35:58.0000000Z;6.287;6.2914;7969;7969
2026-06-08T14:36:29.0000000Z;6.287;6.2914;7969;7969
2026-06-08T14:36:48.0000000Z;6.287;6.2912;7969;7969
2026-06-08T14:36:58.0000000Z;6.287;6.2914;7969;7969
2026-06-08T14:37:29.0000000Z;6.287;6.2914;7969;7969
2026-06-08T14:37:59.0000000Z;6.287;6.2914;7969;7969
2026-06-08T14:38:28.0000000Z;6.287;6.2912;7969;7969
2026-06-08T14:38:39.0000000Z;6.287;6.2914;7969;7969
2026-06-08T14:39:10.0000000Z;6.287;6.2914;7969;7969
2026-06-08T14:39:40.0000000Z;6.287;6.2914;7969;7969
2026-06-08T14:39:53.0000000Z;6.2876;6.292;7969;7969
2026-06-08T14:39:55.0000000Z;6.2874;6.292;7969;7969
2026-06-08T14:39:59.0000000Z;6.2874;6.2918;7969;7969
2026-06-08T14:40:25.0000000Z;6.2874;6.2914;7969;7969
2026-06-08T14:40:27.0000000Z;6.2876;6.2914;7969;7969
2026-06-08T14:40:37.0000000Z;6.2876;6.292;7969;7969
2026-06-08T14:41:08.0000000Z;6.2876;6.292;7969;7969
2026-06-08T14:41:38.0000000Z;6.2876;6.292;7969;7969
2026-06-08T14:41:45.0000000Z;6.2888;6.2932;7969;7969
2026-06-08T14:42:15.0000000Z;6.2888;6.2932;7969;7969
2026-06-08T14:42:46.0000000Z;6.2888;6.2932;7969;7969
2026-06-08T14:43:16.0000000Z;6.2888;6.2932;7969;7969
2026-06-08T14:43:47.0000000Z;6.2888;6.2932;7969;7969
2026-06-08T14:44:17.0000000Z;6.2888;6.2932;7969;7969
2026-06-08T14:44:45.0000000Z;6.2888;6.293;7969;7969
2026-06-08T14:44:50.0000000Z;6.2888;6.2928;7969;7969
2026-06-08T14:45:13.0000000Z;6.2888;6.2932;7969;7969
2026-06-08T14:45:33.0000000Z;6.2888;6.2932;7969;7969
2026-06-08T14:46:03.0000000Z;6.2888;6.2932;7969;7969
2026-06-08T14:46:20.0000000Z;6.2888;6.2918;7969;7969
2026-06-08T14:46:22.0000000Z;6.2888;6.292;7969;7969
2026-06-08T14:46:27.0000000Z;6.2876;6.292;7969;7969
2026-06-08T14:46:39.0000000Z;6.2338;6.325;7969;7969
2026-06-08T14:46:57.0000000Z;6.2338;6.3422;7969;7969
2026-06-08T14:47:20.0000000Z;6.2866;6.291;7969;7969
2026-06-08T14:47:50.0000000Z;6.2866;6.291;7969;7969
2026-06-08T14:47:58.0000000Z;6.2868;6.291;7969;7969
2026-06-08T14:48:22.0000000Z;6.288;6.291;7969;7969
2026-06-08T14:48:23.0000000Z;6.288;6.2922;7969;7969
2026-06-08T14:48:42.0000000Z;6.2878;6.2922;7969;7969
2026-06-08T14:49:10.0000000Z;6.2878;6.2922;7969;7969
2026-06-08T14:49:41.0000000Z;6.2878;6.2922;7969;7969
2026-06-08T14:50:11.0000000Z;6.2878;6.2922;7969;7969
2026-06-08T14:50:42.0000000Z;6.2878;6.2922;7969;7969
2026-06-08T14:51:12.0000000Z;6.2878;6.2922;7969;7969
2026-06-08T14:51:43.0000000Z;6.2878;6.2922;7969;7969
2026-06-08T14:52:13.0000000Z;6.2878;6.2922;7969;7969
2026-06-08T14:52:44.0000000Z;6.2878;6.2922;7969;7969
2026-06-08T14:52:49.0000000Z;6.2878;6.2912;7969;7969
2026-06-08T14:52:50.0000000Z;6.2866;6.2912;7969;7969
2026-06-08T14:53:12.0000000Z;6.2866;6.291;7969;7969
2026-06-08T14:53:42.0000000Z;6.2866;6.291;7969;7969
2026-06-08T14:54:12.0000000Z;6.2866;6.291;7969;7969
2026-06-08T14:54:43.0000000Z;6.2866;6.291;7969;7969
2026-06-08T14:55:14.0000000Z;6.2866;6.291;7969;7969
2026-06-08T14:55:33.0000000Z;6.2878;6.2922;7969;7969
2026-06-08T14:55:46.0000000Z;6.2878;6.2912;7969;7969
2026-06-08T14:55:47.0000000Z;6.2866;6.291;7969;7969
2026-06-08T14:56:06.0000000Z;6.2866;6.2908;7969;7969
2026-06-08T14:56:37.0000000Z;6.2866;6.2908;7969;7969
2026-06-08T14:57:07.0000000Z;6.2866;6.2908;7969;7969
2026-06-08T14:57:12.0000000Z;6.2866;6.291;7969;7969
2026-06-08T14:57:42.0000000Z;6.2866;6.291;7969;7969
2026-06-08T14:58:13.0000000Z;6.2866;6.291;7969;7969
2026-06-08T14:58:25.0000000Z;6.2866;6.2908;7969;7969
2026-06-08T14:58:55.0000000Z;6.2866;6.2908;7969;7969
2026-06-08T14:59:08.0000000Z;6.2866;6.291;7969;7969
2026-06-08T14:59:26.0000000Z;6.2866;6.2912;7969;7969
2026-06-08T14:59:56.0000000Z;6.2866;6.2912;7969;7969
