2026-06-08T08:00:17.0000000Z;21.495;21.57;232;232
2026-06-08T08:00:47.0000000Z;21.495;21.57;232;232
2026-06-08T08:01:18.0000000Z;21.495;21.57;232;232
2026-06-08T08:01:48.0000000Z;21.495;21.57;232;232
2026-06-08T08:02:18.0000000Z;21.495;21.57;232;232
2026-06-08T08:02:49.0000000Z;21.495;21.57;232;232
2026-06-08T08:03:19.0000000Z;21.495;21.57;232;232
2026-06-08T08:03:50.0000000Z;21.495;21.57;232;232
2026-06-08T08:04:20.0000000Z;21.495;21.57;232;232
2026-06-08T08:04:51.0000000Z;21.495;21.57;232;232
2026-06-08T08:05:21.0000000Z;21.495;21.57;232;232
2026-06-08T08:05:52.0000000Z;21.495;21.57;232;232
2026-06-08T08:06:22.0000000Z;21.495;21.57;232;232
2026-06-08T08:06:53.0000000Z;21.495;21.57;232;232
2026-06-08T08:07:23.0000000Z;21.495;21.57;232;232
2026-06-08T08:07:54.0000000Z;21.495;21.57;232;232
2026-06-08T08:08:24.0000000Z;21.495;21.57;232;232
2026-06-08T08:08:55.0000000Z;21.495;21.57;232;232
2026-06-08T08:09:25.0000000Z;21.495;21.57;232;232
2026-06-08T08:09:56.0000000Z;21.495;21.57;232;232
2026-06-08T08:10:04.0000000Z;21.49;21.585;232;232
2026-06-08T08:10:34.0000000Z;21.49;21.585;232;232
2026-06-08T08:11:05.0000000Z;21.49;21.585;232;232
2026-06-08T08:11:36.0000000Z;21.49;21.585;232;232
2026-06-08T08:11:45.0000000Z;21.5;21.585;232;232
2026-06-08T08:11:47.0000000Z;21.5;21.57;232;232
2026-06-08T08:12:17.0000000Z;21.5;21.57;232;232
2026-06-08T08:12:48.0000000Z;21.5;21.57;232;232
2026-06-08T08:13:18.0000000Z;21.5;21.57;232;232
2026-06-08T08:13:49.0000000Z;21.5;21.57;232;232
2026-06-08T08:14:20.0000000Z;21.5;21.57;232;232
2026-06-08T08:14:50.0000000Z;21.5;21.57;232;232
2026-06-08T08:15:21.0000000Z;21.5;21.57;232;232
2026-06-08T08:15:51.0000000Z;21.5;21.57;232;232
2026-06-08T08:16:22.0000000Z;21.5;21.57;232;232
2026-06-08T08:16:52.0000000Z;21.5;21.57;232;232
2026-06-08T08:17:23.0000000Z;21.5;21.57;232;232
2026-06-08T08:17:53.0000000Z;21.5;21.57;232;232
2026-06-08T08:18:24.0000000Z;21.5;21.57;232;232
2026-06-08T08:18:54.0000000Z;21.5;21.57;232;232
2026-06-08T08:19:25.0000000Z;21.5;21.57;232;232
2026-06-08T08:19:55.0000000Z;21.5;21.57;232;232
2026-06-08T08:20:26.0000000Z;21.5;21.57;232;232
2026-06-08T08:20:56.0000000Z;21.5;21.57;232;232
2026-06-08T08:21:27.0000000Z;21.5;21.57;232;232
2026-06-08T08:21:57.0000000Z;21.5;21.57;232;232
2026-06-08T08:22:28.0000000Z;21.5;21.57;232;232
2026-06-08T08:22:58.0000000Z;21.5;21.57;232;232
2026-06-08T08:23:03.0000000Z;21.49;21.59;232;232
2026-06-08T08:23:17.0000000Z;21.5;21.585;232;232
2026-06-08T08:23:21.0000000Z;21.5;21.575;232;232
2026-06-08T08:23:51.0000000Z;21.5;21.575;232;232
2026-06-08T08:24:22.0000000Z;21.5;21.575;232;232
2026-06-08T08:24:52.0000000Z;21.5;21.575;232;232
2026-06-08T08:25:23.0000000Z;21.5;21.575;232;232
2026-06-08T08:25:53.0000000Z;21.5;21.575;232;232
2026-06-08T08:26:24.0000000Z;21.5;21.575;232;232
2026-06-08T08:26:54.0000000Z;21.5;21.575;232;232
2026-06-08T08:27:25.0000000Z;21.5;21.575;232;232
2026-06-08T08:27:55.0000000Z;21.5;21.575;232;232
2026-06-08T08:28:26.0000000Z;21.5;21.575;232;232
2026-06-08T08:28:56.0000000Z;21.5;21.575;232;232
2026-06-08T08:29:14.0000000Z;21.5;21.565;232;232
2026-06-08T08:29:45.0000000Z;21.5;21.565;232;232
2026-06-08T08:30:06.0000000Z;21.5;21.57;232;232
2026-06-08T08:30:37.0000000Z;21.5;21.57;232;232
2026-06-08T08:31:08.0000000Z;21.5;21.57;232;232
2026-06-08T08:31:38.0000000Z;21.5;21.57;232;232
2026-06-08T08:32:09.0000000Z;21.5;21.57;232;232
2026-06-08T08:32:39.0000000Z;21.5;21.57;232;232
2026-06-08T08:33:10.0000000Z;21.5;21.57;232;232
2026-06-08T08:33:40.0000000Z;21.5;21.57;232;232
2026-06-08T08:34:11.0000000Z;21.5;21.57;232;232
2026-06-08T08:34:41.0000000Z;21.5;21.57;232;232
2026-06-08T08:35:12.0000000Z;21.5;21.57;232;232
2026-06-08T08:35:42.0000000Z;21.5;21.57;232;232
2026-06-08T08:36:13.0000000Z;21.5;21.57;232;232
2026-06-08T08:36:44.0000000Z;21.5;21.57;232;232
2026-06-08T08:37:14.0000000Z;21.5;21.57;232;232
2026-06-08T08:37:45.0000000Z;21.5;21.57;232;232
2026-06-08T08:38:15.0000000Z;21.5;21.57;232;232
2026-06-08T08:38:46.0000000Z;21.5;21.57;232;232
2026-06-08T08:39:16.0000000Z;21.5;21.57;232;232
2026-06-08T08:39:47.0000000Z;21.5;21.57;232;232
2026-06-08T08:40:17.0000000Z;21.5;21.57;232;232
2026-06-08T08:40:48.0000000Z;21.5;21.57;232;232
2026-06-08T08:41:18.0000000Z;21.5;21.57;232;232
2026-06-08T08:41:49.0000000Z;21.5;21.57;232;232
2026-06-08T08:42:19.0000000Z;21.5;21.57;232;232
2026-06-08T08:42:50.0000000Z;21.5;21.57;232;232
2026-06-08T08:43:20.0000000Z;21.5;21.57;232;232
2026-06-08T08:43:51.0000000Z;21.5;21.57;232;232
2026-06-08T08:44:21.0000000Z;21.5;21.57;232;232
2026-06-08T08:44:52.0000000Z;21.5;21.57;232;232
2026-06-08T08:45:22.0000000Z;21.5;21.57;232;232
2026-06-08T08:45:53.0000000Z;21.5;21.57;232;232
2026-06-08T08:46:24.0000000Z;21.5;21.57;232;232
2026-06-08T08:46:54.0000000Z;21.5;21.57;232;232
2026-06-08T08:47:25.0000000Z;21.5;21.57;232;232
2026-06-08T08:47:55.0000000Z;21.5;21.57;232;232
2026-06-08T08:48:26.0000000Z;21.5;21.57;232;232
2026-06-08T08:48:56.0000000Z;21.5;21.57;232;232
2026-06-08T08:49:27.0000000Z;21.5;21.57;232;232
2026-06-08T08:49:57.0000000Z;21.5;21.57;232;232
2026-06-08T08:50:28.0000000Z;21.5;21.57;232;232
2026-06-08T08:50:58.0000000Z;21.5;21.57;232;232
2026-06-08T08:51:29.0000000Z;21.5;21.57;232;232
2026-06-08T08:51:59.0000000Z;21.5;21.57;232;232
2026-06-08T08:52:30.0000000Z;21.5;21.57;232;232
2026-06-08T08:53:00.0000000Z;21.5;21.57;232;232
2026-06-08T08:53:31.0000000Z;21.5;21.57;232;232
2026-06-08T08:54:01.0000000Z;21.5;21.57;232;232
2026-06-08T08:54:32.0000000Z;21.5;21.57;232;232
2026-06-08T08:55:03.0000000Z;21.5;21.57;232;232
2026-06-08T08:55:17.0000000Z;21.49;21.585;232;232
2026-06-08T08:55:47.0000000Z;21.49;21.585;232;232
2026-06-08T08:56:18.0000000Z;21.49;21.585;232;232
2026-06-08T08:56:48.0000000Z;21.49;21.585;232;232
2026-06-08T08:57:19.0000000Z;21.49;21.585;232;232
2026-06-08T08:57:49.0000000Z;21.49;21.585;232;232
2026-06-08T08:58:20.0000000Z;21.49;21.585;232;232
2026-06-08T08:58:50.0000000Z;21.49;21.585;232;232
2026-06-08T08:59:21.0000000Z;21.49;21.585;232;232
2026-06-08T08:59:52.0000000Z;21.49;21.585;232;232
2026-06-08T09:00:22.0000000Z;21.49;21.585;232;232
2026-06-08T09:00:53.0000000Z;21.49;21.585;232;232
2026-06-08T09:01:23.0000000Z;21.49;21.585;232;232
2026-06-08T09:01:54.0000000Z;21.49;21.585;232;232
2026-06-08T09:02:24.0000000Z;21.49;21.585;232;232
2026-06-08T09:02:55.0000000Z;21.49;21.585;232;232
2026-06-08T09:03:25.0000000Z;21.49;21.585;232;232
2026-06-08T09:03:56.0000000Z;21.49;21.585;232;232
2026-06-08T09:04:26.0000000Z;21.49;21.585;232;232
2026-06-08T09:04:57.0000000Z;21.49;21.585;232;232
2026-06-08T09:05:28.0000000Z;21.49;21.585;232;232
2026-06-08T09:05:58.0000000Z;21.49;21.585;232;232
2026-06-08T09:06:29.0000000Z;21.49;21.585;232;232
2026-06-08T09:06:59.0000000Z;21.49;21.585;232;232
2026-06-08T09:07:30.0000000Z;21.49;21.585;232;232
2026-06-08T09:08:00.0000000Z;21.49;21.585;232;232
2026-06-08T09:08:31.0000000Z;21.49;21.585;232;232
2026-06-08T09:08:55.0000000Z;21.5;21.58;232;232
2026-06-08T09:09:14.0000000Z;21.5;21.57;232;232
2026-06-08T09:09:45.0000000Z;21.5;21.57;232;232
2026-06-08T09:10:16.0000000Z;21.5;21.57;232;232
2026-06-08T09:10:46.0000000Z;21.5;21.57;232;232
2026-06-08T09:11:17.0000000Z;21.5;21.57;232;232
2026-06-08T09:11:47.0000000Z;21.5;21.57;232;232
2026-06-08T09:12:18.0000000Z;21.5;21.57;232;232
2026-06-08T09:12:49.0000000Z;21.5;21.57;232;232
2026-06-08T09:13:19.0000000Z;21.5;21.57;232;232
2026-06-08T09:13:50.0000000Z;21.5;21.57;232;232
2026-06-08T09:14:20.0000000Z;21.5;21.57;232;232
2026-06-08T09:14:51.0000000Z;21.5;21.57;232;232
2026-06-08T09:15:21.0000000Z;21.5;21.57;232;232
2026-06-08T09:15:52.0000000Z;21.5;21.57;232;232
2026-06-08T09:16:23.0000000Z;21.5;21.57;232;232
2026-06-08T09:16:53.0000000Z;21.5;21.57;232;232
2026-06-08T09:17:24.0000000Z;21.5;21.57;232;232
2026-06-08T09:17:54.0000000Z;21.5;21.57;232;232
2026-06-08T09:18:25.0000000Z;21.5;21.57;232;232
2026-06-08T09:18:55.0000000Z;21.5;21.57;232;232
2026-06-08T09:19:26.0000000Z;21.5;21.57;232;232
2026-06-08T09:19:56.0000000Z;21.5;21.57;232;232
2026-06-08T09:20:17.0000000Z;21.5;21.58;232;232
2026-06-08T09:20:47.0000000Z;21.5;21.58;232;232
2026-06-08T09:21:18.0000000Z;21.5;21.58;232;232
2026-06-08T09:21:48.0000000Z;21.5;21.58;232;232
2026-06-08T09:22:19.0000000Z;21.5;21.58;232;232
2026-06-08T09:22:49.0000000Z;21.5;21.58;232;232
2026-06-08T09:23:20.0000000Z;21.5;21.58;232;232
2026-06-08T09:23:51.0000000Z;21.5;21.58;232;232
2026-06-08T09:24:21.0000000Z;21.5;21.58;232;232
2026-06-08T09:24:52.0000000Z;21.5;21.58;232;232
2026-06-08T09:25:22.0000000Z;21.5;21.58;232;232
2026-06-08T09:25:53.0000000Z;21.5;21.58;232;232
2026-06-08T09:26:23.0000000Z;21.5;21.58;232;232
2026-06-08T09:26:54.0000000Z;21.5;21.58;232;232
2026-06-08T09:27:25.0000000Z;21.5;21.58;232;232
2026-06-08T09:27:55.0000000Z;21.5;21.58;232;232
2026-06-08T09:28:26.0000000Z;21.5;21.58;232;232
2026-06-08T09:28:56.0000000Z;21.5;21.58;232;232
2026-06-08T09:29:27.0000000Z;21.5;21.58;232;232
2026-06-08T09:29:58.0000000Z;21.5;21.58;232;232
2026-06-08T09:30:28.0000000Z;21.5;21.58;232;232
2026-06-08T09:30:59.0000000Z;21.5;21.58;232;232
2026-06-08T09:31:29.0000000Z;21.5;21.58;232;232
2026-06-08T09:32:00.0000000Z;21.5;21.58;232;232
2026-06-08T09:32:30.0000000Z;21.5;21.58;232;232
2026-06-08T09:33:01.0000000Z;21.5;21.58;232;232
2026-06-08T09:33:31.0000000Z;21.5;21.58;232;232
2026-06-08T09:34:02.0000000Z;21.5;21.58;232;232
2026-06-08T09:34:33.0000000Z;21.5;21.58;232;232
2026-06-08T09:35:03.0000000Z;21.5;21.58;232;232
2026-06-08T09:35:34.0000000Z;21.5;21.58;232;232
2026-06-08T09:36:04.0000000Z;21.5;21.58;232;232
2026-06-08T09:36:35.0000000Z;21.5;21.58;232;232
2026-06-08T09:37:05.0000000Z;21.5;21.58;232;232
2026-06-08T09:37:11.0000000Z;21.495;21.58;232;232
2026-06-08T09:37:17.0000000Z;21.475;21.605;232;232
2026-06-08T09:37:47.0000000Z;21.475;21.605;232;232
2026-06-08T09:38:17.0000000Z;21.475;21.605;232;232
2026-06-08T09:38:35.0000000Z;21.485;21.605;232;232
2026-06-08T09:39:06.0000000Z;21.485;21.605;232;232
2026-06-08T09:39:37.0000000Z;21.485;21.605;232;232
2026-06-08T09:39:39.0000000Z;21.475;21.64;232;232
2026-06-08T09:40:10.0000000Z;21.475;21.64;232;232
2026-06-08T09:40:21.0000000Z;21.465;21.64;232;232
2026-06-08T09:40:23.0000000Z;21.475;21.64;232;232
2026-06-08T09:40:54.0000000Z;21.475;21.64;232;232
2026-06-08T09:41:06.0000000Z;21.485;21.63;232;232
2026-06-08T09:41:10.0000000Z;21.495;21.62;232;232
2026-06-08T09:41:38.0000000Z;21.51;21.61;232;232
2026-06-08T09:42:08.0000000Z;21.51;21.61;232;232
2026-06-08T09:42:39.0000000Z;21.51;21.61;232;232
2026-06-08T09:43:09.0000000Z;21.51;21.61;232;232
2026-06-08T09:43:40.0000000Z;21.51;21.61;232;232
2026-06-08T09:44:10.0000000Z;21.51;21.61;232;232
2026-06-08T09:44:21.0000000Z;21.52;21.6;232;232
2026-06-08T09:44:51.0000000Z;21.52;21.6;232;232
2026-06-08T09:45:22.0000000Z;21.52;21.6;232;232
2026-06-08T09:45:52.0000000Z;21.52;21.6;232;232
2026-06-08T09:46:23.0000000Z;21.52;21.6;232;232
2026-06-08T09:46:53.0000000Z;21.52;21.6;232;232
2026-06-08T09:47:24.0000000Z;21.52;21.6;232;232
2026-06-08T09:47:54.0000000Z;21.52;21.6;232;232
2026-06-08T09:48:25.0000000Z;21.52;21.6;232;232
2026-06-08T09:48:55.0000000Z;21.52;21.6;232;232
2026-06-08T09:49:26.0000000Z;21.52;21.6;232;232
2026-06-08T09:49:56.0000000Z;21.52;21.6;232;232
2026-06-08T09:50:27.0000000Z;21.52;21.6;232;232
2026-06-08T09:50:58.0000000Z;21.52;21.6;232;232
2026-06-08T09:51:28.0000000Z;21.52;21.6;232;232
2026-06-08T09:51:59.0000000Z;21.52;21.6;232;232
2026-06-08T09:52:29.0000000Z;21.52;21.6;232;232
2026-06-08T09:53:00.0000000Z;21.52;21.6;232;232
2026-06-08T09:53:30.0000000Z;21.52;21.6;232;232
2026-06-08T09:54:01.0000000Z;21.52;21.6;232;232
2026-06-08T09:54:32.0000000Z;21.52;21.6;232;232
2026-06-08T09:55:02.0000000Z;21.52;21.6;232;232
2026-06-08T09:55:33.0000000Z;21.52;21.59;232;232
2026-06-08T09:56:03.0000000Z;21.52;21.59;232;232
2026-06-08T09:56:34.0000000Z;21.52;21.59;232;232
2026-06-08T09:57:04.0000000Z;21.52;21.59;232;232
2026-06-08T09:57:16.0000000Z;21.515;21.59;232;232
2026-06-08T09:57:18.0000000Z;21.47;21.59;232;232
2026-06-08T09:57:22.0000000Z;21.48;21.59;232;232
2026-06-08T09:57:24.0000000Z;21.49;21.59;232;232
2026-06-08T09:57:28.0000000Z;21.5;21.59;232;232
2026-06-08T09:57:34.0000000Z;21.52;21.59;232;232
2026-06-08T09:58:05.0000000Z;21.52;21.59;232;232
2026-06-08T09:58:35.0000000Z;21.52;21.59;232;232
2026-06-08T09:59:06.0000000Z;21.52;21.59;232;232
2026-06-08T09:59:36.0000000Z;21.52;21.59;232;232
2026-06-08T10:00:07.0000000Z;21.52;21.59;232;232
2026-06-08T10:00:37.0000000Z;21.52;21.59;232;232
2026-06-08T10:01:08.0000000Z;21.52;21.59;232;232
2026-06-08T10:01:38.0000000Z;21.52;21.59;232;232
2026-06-08T10:02:09.0000000Z;21.52;21.59;232;232
2026-06-08T10:02:17.0000000Z;21.395;21.635;232;232
2026-06-08T10:02:19.0000000Z;21.4;21.64;232;232
2026-06-08T10:02:23.0000000Z;21.385;21.65;232;232
2026-06-08T10:02:25.0000000Z;21.385;21.695;232;232
2026-06-08T10:02:29.0000000Z;21.455;21.645;232;232
2026-06-08T10:02:31.0000000Z;21.475;21.635;232;232
2026-06-08T10:03:01.0000000Z;21.475;21.635;232;232
2026-06-08T10:03:31.0000000Z;21.475;21.635;232;232
2026-06-08T10:04:02.0000000Z;21.475;21.635;232;232
2026-06-08T10:04:31.0000000Z;21.485;21.625;232;232
2026-06-08T10:04:33.0000000Z;21.495;21.615;232;232
2026-06-08T10:04:39.0000000Z;21.515;21.595;232;232
2026-06-08T10:04:43.0000000Z;21.525;21.585;232;232
2026-06-08T10:04:55.0000000Z;21.52;21.585;232;232
2026-06-08T10:05:25.0000000Z;21.52;21.59;232;232
2026-06-08T10:05:37.0000000Z;21.52;21.595;232;232
2026-06-08T10:05:39.0000000Z;21.52;21.64;232;232
2026-06-08T10:05:43.0000000Z;21.52;21.63;232;232
2026-06-08T10:05:45.0000000Z;21.52;21.62;232;232
2026-06-08T10:05:49.0000000Z;21.52;21.61;232;232
2026-06-08T10:05:52.0000000Z;21.52;21.6;232;232
2026-06-08T10:05:56.0000000Z;21.52;21.59;232;232
2026-06-08T10:06:26.0000000Z;21.52;21.59;232;232
2026-06-08T10:06:57.0000000Z;21.52;21.59;232;232
2026-06-08T10:07:27.0000000Z;21.52;21.59;232;232
2026-06-08T10:07:58.0000000Z;21.52;21.59;232;232
2026-06-08T10:08:29.0000000Z;21.52;21.59;232;232
2026-06-08T10:08:59.0000000Z;21.52;21.59;232;232
2026-06-08T10:09:30.0000000Z;21.52;21.59;232;232
2026-06-08T10:10:00.0000000Z;21.52;21.59;232;232
2026-06-08T10:10:31.0000000Z;21.52;21.59;232;232
2026-06-08T10:11:01.0000000Z;21.52;21.59;232;232
2026-06-08T10:11:32.0000000Z;21.52;21.59;232;232
2026-06-08T10:12:02.0000000Z;21.52;21.59;232;232
2026-06-08T10:12:33.0000000Z;21.52;21.59;232;232
2026-06-08T10:13:03.0000000Z;21.52;21.59;232;232
2026-06-08T10:13:34.0000000Z;21.52;21.59;232;232
2026-06-08T10:14:05.0000000Z;21.52;21.59;232;232
2026-06-08T10:14:35.0000000Z;21.52;21.59;232;232
2026-06-08T10:15:06.0000000Z;21.52;21.59;232;232
2026-06-08T10:15:36.0000000Z;21.52;21.59;232;232
2026-06-08T10:16:07.0000000Z;21.52;21.59;232;232
2026-06-08T10:16:37.0000000Z;21.52;21.59;232;232
2026-06-08T10:17:08.0000000Z;21.52;21.59;232;232
2026-06-08T10:17:38.0000000Z;21.52;21.59;232;232
2026-06-08T10:18:09.0000000Z;21.52;21.59;232;232
2026-06-08T10:18:39.0000000Z;21.52;21.59;232;232
2026-06-08T10:19:10.0000000Z;21.52;21.59;232;232
2026-06-08T10:19:41.0000000Z;21.52;21.59;232;232
2026-06-08T10:20:11.0000000Z;21.52;21.59;232;232
2026-06-08T10:20:41.0000000Z;21.52;21.59;232;232
2026-06-08T10:21:12.0000000Z;21.52;21.59;232;232
2026-06-08T10:21:42.0000000Z;21.52;21.59;232;232
2026-06-08T10:22:13.0000000Z;21.52;21.59;232;232
2026-06-08T10:22:44.0000000Z;21.52;21.59;232;232
2026-06-08T10:23:14.0000000Z;21.52;21.59;232;232
2026-06-08T10:23:45.0000000Z;21.52;21.59;232;232
2026-06-08T10:24:15.0000000Z;21.52;21.59;232;232
2026-06-08T10:24:46.0000000Z;21.52;21.59;232;232
2026-06-08T10:25:16.0000000Z;21.52;21.59;232;232
2026-06-08T10:25:47.0000000Z;21.52;21.59;232;232
2026-06-08T10:26:17.0000000Z;21.52;21.59;232;232
2026-06-08T10:26:48.0000000Z;21.52;21.59;232;232
2026-06-08T10:27:18.0000000Z;21.52;21.59;232;232
2026-06-08T10:27:49.0000000Z;21.52;21.59;232;232
2026-06-08T10:28:20.0000000Z;21.52;21.59;232;232
2026-06-08T10:28:50.0000000Z;21.52;21.59;232;232
2026-06-08T10:29:12.0000000Z;21.52;21.595;232;232
2026-06-08T10:29:14.0000000Z;21.52;21.59;232;232
2026-06-08T10:29:44.0000000Z;21.52;21.59;232;232
2026-06-08T10:30:15.0000000Z;21.52;21.59;232;232
2026-06-08T10:30:45.0000000Z;21.52;21.59;232;232
2026-06-08T10:31:16.0000000Z;21.52;21.59;232;232
2026-06-08T10:31:46.0000000Z;21.52;21.59;232;232
2026-06-08T10:32:17.0000000Z;21.52;21.59;232;232
2026-06-08T10:32:47.0000000Z;21.52;21.59;232;232
2026-06-08T10:33:18.0000000Z;21.52;21.59;232;232
2026-06-08T10:33:49.0000000Z;21.52;21.59;232;232
2026-06-08T10:34:19.0000000Z;21.52;21.59;232;232
2026-06-08T10:34:41.0000000Z;21.44;21.685;232;232
2026-06-08T10:35:05.0000000Z;21.47;21.65;232;232
2026-06-08T10:35:13.0000000Z;21.47;21.64;232;232
2026-06-08T10:35:15.0000000Z;21.47;21.63;232;232
2026-06-08T10:35:17.0000000Z;21.465;21.63;232;232
2026-06-08T10:35:39.0000000Z;21.465;21.69;232;232
2026-06-08T10:35:41.0000000Z;21.465;21.68;232;232
2026-06-08T10:35:43.0000000Z;21.465;21.63;232;232
2026-06-08T10:36:14.0000000Z;21.465;21.63;232;232
2026-06-08T10:36:44.0000000Z;21.465;21.63;232;232
2026-06-08T10:37:10.0000000Z;21.475;21.62;232;232
2026-06-08T10:37:40.0000000Z;21.475;21.62;232;232
2026-06-08T10:38:11.0000000Z;21.475;21.62;232;232
2026-06-08T10:38:41.0000000Z;21.475;21.62;232;232
2026-06-08T10:38:46.0000000Z;21.47;21.64;232;232
2026-06-08T10:38:48.0000000Z;21.47;21.635;232;232
2026-06-08T10:39:18.0000000Z;21.47;21.635;232;232
2026-06-08T10:39:24.0000000Z;21.47;21.625;232;232
2026-06-08T10:39:55.0000000Z;21.47;21.625;232;232
2026-06-08T10:40:26.0000000Z;21.47;21.625;232;232
2026-06-08T10:40:56.0000000Z;21.47;21.625;232;232
2026-06-08T10:41:27.0000000Z;21.47;21.625;232;232
2026-06-08T10:41:57.0000000Z;21.47;21.625;232;232
2026-06-08T10:42:28.0000000Z;21.47;21.625;232;232
2026-06-08T10:42:59.0000000Z;21.47;21.625;232;232
2026-06-08T10:43:29.0000000Z;21.47;21.635;232;232
2026-06-08T10:43:33.0000000Z;21.475;21.635;232;232
2026-06-08T10:43:37.0000000Z;21.475;21.64;232;232
2026-06-08T10:43:39.0000000Z;21.475;21.635;232;232
2026-06-08T10:43:59.0000000Z;21.49;21.625;232;232
2026-06-08T10:44:03.0000000Z;21.5;21.615;232;232
2026-06-08T10:44:05.0000000Z;21.5;21.605;232;232
2026-06-08T10:44:07.0000000Z;21.5;21.595;232;232
2026-06-08T10:44:37.0000000Z;21.5;21.595;232;232
2026-06-08T10:45:08.0000000Z;21.5;21.595;232;232
2026-06-08T10:45:39.0000000Z;21.5;21.595;232;232
2026-06-08T10:46:09.0000000Z;21.5;21.595;232;232
2026-06-08T10:46:40.0000000Z;21.5;21.595;232;232
2026-06-08T10:47:10.0000000Z;21.5;21.595;232;232
2026-06-08T10:47:41.0000000Z;21.5;21.595;232;232
2026-06-08T10:47:43.0000000Z;21.5;21.585;232;232
2026-06-08T10:48:02.0000000Z;21.5;21.59;232;232
2026-06-08T10:48:08.0000000Z;21.5;21.585;232;232
2026-06-08T10:48:38.0000000Z;21.5;21.585;232;232
2026-06-08T10:48:56.0000000Z;21.49;21.585;232;232
2026-06-08T10:49:26.0000000Z;21.49;21.585;232;232
2026-06-08T10:49:34.0000000Z;21.5;21.575;232;232
2026-06-08T10:50:05.0000000Z;21.5;21.575;232;232
2026-06-08T10:50:35.0000000Z;21.5;21.575;232;232
2026-06-08T10:51:06.0000000Z;21.5;21.575;232;232
2026-06-08T10:51:36.0000000Z;21.5;21.575;232;232
2026-06-08T10:52:07.0000000Z;21.5;21.575;232;232
2026-06-08T10:52:37.0000000Z;21.5;21.575;232;232
2026-06-08T10:53:08.0000000Z;21.5;21.575;232;232
2026-06-08T10:53:39.0000000Z;21.5;21.575;232;232
2026-06-08T10:54:09.0000000Z;21.5;21.575;232;232
2026-06-08T10:54:40.0000000Z;21.5;21.575;232;232
2026-06-08T10:54:57.0000000Z;21.5;21.565;232;232
2026-06-08T10:55:28.0000000Z;21.5;21.565;232;232
2026-06-08T10:55:58.0000000Z;21.5;21.565;232;232
2026-06-08T10:56:29.0000000Z;21.5;21.565;232;232
2026-06-08T10:56:59.0000000Z;21.5;21.565;232;232
2026-06-08T10:57:30.0000000Z;21.5;21.565;232;232
2026-06-08T10:58:01.0000000Z;21.5;21.565;232;232
2026-06-08T10:58:31.0000000Z;21.5;21.565;232;232
2026-06-08T10:59:02.0000000Z;21.5;21.565;232;232
2026-06-08T10:59:32.0000000Z;21.5;21.565;232;232
2026-06-08T11:00:03.0000000Z;21.5;21.565;232;232
2026-06-08T11:00:33.0000000Z;21.5;21.565;232;232
2026-06-08T11:00:38.0000000Z;21.49;21.565;232;232
2026-06-08T11:01:09.0000000Z;21.49;21.565;232;232
2026-06-08T11:01:40.0000000Z;21.49;21.565;232;232
2026-06-08T11:02:10.0000000Z;21.49;21.565;232;232
2026-06-08T11:02:41.0000000Z;21.49;21.565;232;232
2026-06-08T11:03:12.0000000Z;21.49;21.565;232;232
2026-06-08T11:03:39.0000000Z;21.48;21.575;232;232
2026-06-08T11:04:10.0000000Z;21.48;21.575;232;232
2026-06-08T11:04:40.0000000Z;21.48;21.575;232;232
2026-06-08T11:05:11.0000000Z;21.48;21.575;232;232
2026-06-08T11:05:27.0000000Z;21.49;21.575;232;232
2026-06-08T11:05:35.0000000Z;21.49;21.57;232;232
2026-06-08T11:06:06.0000000Z;21.49;21.57;232;232
2026-06-08T11:06:37.0000000Z;21.49;21.57;232;232
2026-06-08T11:07:08.0000000Z;21.49;21.57;232;232
2026-06-08T11:07:38.0000000Z;21.49;21.57;232;232
2026-06-08T11:08:09.0000000Z;21.49;21.57;232;232
2026-06-08T11:08:39.0000000Z;21.49;21.57;232;232
2026-06-08T11:09:10.0000000Z;21.49;21.57;232;232
2026-06-08T11:09:41.0000000Z;21.49;21.57;232;232
2026-06-08T11:10:11.0000000Z;21.49;21.57;232;232
2026-06-08T11:10:42.0000000Z;21.49;21.57;232;232
2026-06-08T11:11:12.0000000Z;21.49;21.57;232;232
2026-06-08T11:11:39.0000000Z;21.46;21.59;232;232
2026-06-08T11:12:09.0000000Z;21.46;21.59;232;232
2026-06-08T11:12:27.0000000Z;21.47;21.585;232;232
2026-06-08T11:12:39.0000000Z;21.475;21.58;232;232
2026-06-08T11:13:09.0000000Z;21.475;21.58;232;232
2026-06-08T11:13:15.0000000Z;21.46;21.59;232;232
2026-06-08T11:13:21.0000000Z;21.47;21.59;232;232
2026-06-08T11:13:52.0000000Z;21.47;21.59;232;232
2026-06-08T11:14:22.0000000Z;21.47;21.59;232;232
2026-06-08T11:14:37.0000000Z;21.48;21.59;232;232
2026-06-08T11:14:39.0000000Z;21.49;21.59;232;232
2026-06-08T11:15:10.0000000Z;21.49;21.59;232;232
2026-06-08T11:15:12.0000000Z;21.47;21.59;232;232
2026-06-08T11:15:22.0000000Z;21.47;21.645;232;232
2026-06-08T11:15:23.0000000Z;21.47;21.635;232;232
2026-06-08T11:15:54.0000000Z;21.47;21.635;232;232
2026-06-08T11:16:18.0000000Z;21.47;21.625;232;232
2026-06-08T11:16:34.0000000Z;21.485;21.615;232;232
2026-06-08T11:16:36.0000000Z;21.495;21.605;232;232
2026-06-08T11:17:07.0000000Z;21.495;21.605;232;232
2026-06-08T11:17:26.0000000Z;21.5;21.605;232;232
2026-06-08T11:17:57.0000000Z;21.5;21.605;232;232
2026-06-08T11:18:28.0000000Z;21.5;21.605;232;232
2026-06-08T11:18:58.0000000Z;21.5;21.605;232;232
2026-06-08T11:19:29.0000000Z;21.5;21.605;232;232
2026-06-08T11:19:57.0000000Z;21.44;21.625;232;232
2026-06-08T11:20:01.0000000Z;21.45;21.625;232;232
2026-06-08T11:20:03.0000000Z;21.46;21.625;232;232
2026-06-08T11:20:33.0000000Z;21.46;21.615;232;232
2026-06-08T11:20:40.0000000Z;21.46;21.62;232;232
2026-06-08T11:21:10.0000000Z;21.46;21.62;232;232
2026-06-08T11:21:41.0000000Z;21.46;21.62;232;232
2026-06-08T11:22:00.0000000Z;21.46;21.625;232;232
2026-06-08T11:22:31.0000000Z;21.46;21.625;232;232
2026-06-08T11:23:01.0000000Z;21.46;21.625;232;232
2026-06-08T11:23:32.0000000Z;21.46;21.625;232;232
2026-06-08T11:24:02.0000000Z;21.46;21.625;232;232
2026-06-08T11:24:33.0000000Z;21.46;21.625;232;232
2026-06-08T11:24:50.0000000Z;21.47;21.625;232;232
2026-06-08T11:25:21.0000000Z;21.47;21.625;232;232
2026-06-08T11:25:24.0000000Z;21.465;21.625;232;232
2026-06-08T11:25:55.0000000Z;21.465;21.625;232;232
2026-06-08T11:26:26.0000000Z;21.465;21.625;232;232
2026-06-08T11:26:56.0000000Z;21.465;21.625;232;232
2026-06-08T11:27:27.0000000Z;21.465;21.625;232;232
2026-06-08T11:27:57.0000000Z;21.465;21.625;232;232
2026-06-08T11:28:28.0000000Z;21.465;21.625;232;232
2026-06-08T11:28:58.0000000Z;21.465;21.625;232;232
2026-06-08T11:29:29.0000000Z;21.465;21.625;232;232
2026-06-08T11:29:59.0000000Z;21.465;21.625;232;232
2026-06-08T11:30:01.0000000Z;21.46;21.625;232;232
2026-06-08T11:30:32.0000000Z;21.46;21.625;232;232
2026-06-08T11:31:02.0000000Z;21.46;21.625;232;232
2026-06-08T11:31:33.0000000Z;21.46;21.625;232;232
2026-06-08T11:32:04.0000000Z;21.46;21.625;232;232
2026-06-08T11:32:34.0000000Z;21.46;21.625;232;232
2026-06-08T11:32:40.0000000Z;21.46;21.615;232;232
2026-06-08T11:33:11.0000000Z;21.46;21.615;232;232
2026-06-08T11:33:20.0000000Z;21.46;21.62;232;232
2026-06-08T11:33:28.0000000Z;21.49;21.58;232;232
2026-06-08T11:33:59.0000000Z;21.49;21.58;232;232
2026-06-08T11:34:29.0000000Z;21.49;21.58;232;232
2026-06-08T11:35:00.0000000Z;21.49;21.58;232;232
2026-06-08T11:35:30.0000000Z;21.49;21.58;232;232
2026-06-08T11:35:41.0000000Z;21.485;21.58;232;232
2026-06-08T11:36:11.0000000Z;21.485;21.58;232;232
2026-06-08T11:36:42.0000000Z;21.485;21.58;232;232
2026-06-08T11:37:12.0000000Z;21.485;21.58;232;232
2026-06-08T11:37:43.0000000Z;21.485;21.58;232;232
2026-06-08T11:38:13.0000000Z;21.485;21.58;232;232
2026-06-08T11:38:44.0000000Z;21.485;21.58;232;232
2026-06-08T11:39:14.0000000Z;21.485;21.58;232;232
2026-06-08T11:39:45.0000000Z;21.485;21.58;232;232
2026-06-08T11:40:15.0000000Z;21.485;21.58;232;232
2026-06-08T11:40:46.0000000Z;21.485;21.58;232;232
2026-06-08T11:41:16.0000000Z;21.485;21.58;232;232
2026-06-08T11:41:47.0000000Z;21.485;21.58;232;232
2026-06-08T11:42:17.0000000Z;21.485;21.58;232;232
2026-06-08T11:42:48.0000000Z;21.485;21.58;232;232
2026-06-08T11:43:18.0000000Z;21.485;21.58;232;232
2026-06-08T11:43:49.0000000Z;21.485;21.58;232;232
2026-06-08T11:44:20.0000000Z;21.485;21.58;232;232
2026-06-08T11:44:50.0000000Z;21.485;21.58;232;232
2026-06-08T11:45:21.0000000Z;21.485;21.58;232;232
2026-06-08T11:45:51.0000000Z;21.485;21.58;232;232
2026-06-08T11:46:22.0000000Z;21.485;21.58;232;232
2026-06-08T11:46:52.0000000Z;21.485;21.58;232;232
2026-06-08T11:47:23.0000000Z;21.485;21.58;232;232
2026-06-08T11:47:53.0000000Z;21.485;21.58;232;232
2026-06-08T11:48:24.0000000Z;21.485;21.58;232;232
2026-06-08T11:48:54.0000000Z;21.485;21.58;232;232
2026-06-08T11:49:25.0000000Z;21.485;21.58;232;232
2026-06-08T11:49:55.0000000Z;21.485;21.58;232;232
2026-06-08T11:50:26.0000000Z;21.485;21.58;232;232
2026-06-08T11:50:57.0000000Z;21.485;21.58;232;232
2026-06-08T11:51:27.0000000Z;21.485;21.58;232;232
2026-06-08T11:51:57.0000000Z;21.485;21.58;232;232
2026-06-08T11:52:28.0000000Z;21.485;21.58;232;232
2026-06-08T11:52:59.0000000Z;21.485;21.58;232;232
2026-06-08T11:53:29.0000000Z;21.485;21.58;232;232
2026-06-08T11:54:00.0000000Z;21.485;21.58;232;232
2026-06-08T11:54:30.0000000Z;21.485;21.58;232;232
2026-06-08T11:55:01.0000000Z;21.485;21.58;232;232
2026-06-08T11:55:32.0000000Z;21.485;21.58;232;232
2026-06-08T11:56:02.0000000Z;21.485;21.58;232;232
2026-06-08T11:56:33.0000000Z;21.485;21.58;232;232
2026-06-08T11:57:03.0000000Z;21.485;21.58;232;232
2026-06-08T11:57:34.0000000Z;21.485;21.58;232;232
2026-06-08T11:58:04.0000000Z;21.485;21.58;232;232
2026-06-08T11:58:35.0000000Z;21.485;21.58;232;232
2026-06-08T11:59:06.0000000Z;21.485;21.58;232;232
2026-06-08T11:59:36.0000000Z;21.485;21.58;232;232
2026-06-08T12:00:01.0000000Z;21.47;21.58;232;232
2026-06-08T12:00:03.0000000Z;21.485;21.58;232;232
2026-06-08T12:00:34.0000000Z;21.485;21.58;232;232
2026-06-08T12:01:04.0000000Z;21.485;21.58;232;232
2026-06-08T12:01:35.0000000Z;21.485;21.58;232;232
2026-06-08T12:02:05.0000000Z;21.485;21.58;232;232
2026-06-08T12:02:36.0000000Z;21.485;21.58;232;232
2026-06-08T12:02:56.0000000Z;21.47;21.58;232;232
2026-06-08T12:02:58.0000000Z;21.47;21.6;232;232
2026-06-08T12:03:28.0000000Z;21.47;21.6;232;232
2026-06-08T12:03:58.0000000Z;21.47;21.6;232;232
2026-06-08T12:04:29.0000000Z;21.47;21.6;232;232
2026-06-08T12:04:59.0000000Z;21.47;21.6;232;232
2026-06-08T12:05:30.0000000Z;21.47;21.6;232;232
2026-06-08T12:06:01.0000000Z;21.47;21.6;232;232
2026-06-08T12:06:31.0000000Z;21.47;21.6;232;232
2026-06-08T12:07:02.0000000Z;21.47;21.6;232;232
2026-06-08T12:07:32.0000000Z;21.47;21.6;232;232
2026-06-08T12:08:03.0000000Z;21.47;21.6;232;232
2026-06-08T12:08:29.0000000Z;21.485;21.58;232;232
2026-06-08T12:09:00.0000000Z;21.485;21.58;232;232
2026-06-08T12:09:30.0000000Z;21.485;21.58;232;232
2026-06-08T12:10:01.0000000Z;21.485;21.58;232;232
2026-06-08T12:10:27.0000000Z;21.49;21.58;232;232
2026-06-08T12:10:58.0000000Z;21.49;21.58;232;232
2026-06-08T12:11:28.0000000Z;21.49;21.58;232;232
2026-06-08T12:11:59.0000000Z;21.49;21.58;232;232
2026-06-08T12:12:29.0000000Z;21.49;21.58;232;232
2026-06-08T12:13:00.0000000Z;21.49;21.58;232;232
2026-06-08T12:13:30.0000000Z;21.49;21.58;232;232
2026-06-08T12:14:01.0000000Z;21.49;21.58;232;232
2026-06-08T12:14:31.0000000Z;21.49;21.58;232;232
2026-06-08T12:15:02.0000000Z;21.49;21.58;232;232
2026-06-08T12:15:33.0000000Z;21.49;21.58;232;232
2026-06-08T12:16:03.0000000Z;21.49;21.58;232;232
2026-06-08T12:16:34.0000000Z;21.49;21.58;232;232
2026-06-08T12:17:04.0000000Z;21.49;21.58;232;232
2026-06-08T12:17:35.0000000Z;21.49;21.58;232;232
2026-06-08T12:18:05.0000000Z;21.49;21.58;232;232
2026-06-08T12:18:36.0000000Z;21.49;21.58;232;232
2026-06-08T12:19:06.0000000Z;21.49;21.58;232;232
2026-06-08T12:19:37.0000000Z;21.49;21.58;232;232
2026-06-08T12:20:08.0000000Z;21.49;21.58;232;232
2026-06-08T12:20:38.0000000Z;21.49;21.58;232;232
2026-06-08T12:21:09.0000000Z;21.49;21.58;232;232
2026-06-08T12:21:39.0000000Z;21.49;21.58;232;232
2026-06-08T12:22:10.0000000Z;21.49;21.58;232;232
2026-06-08T12:22:41.0000000Z;21.49;21.58;232;232
2026-06-08T12:23:11.0000000Z;21.49;21.58;232;232
2026-06-08T12:23:42.0000000Z;21.49;21.58;232;232
2026-06-08T12:24:12.0000000Z;21.49;21.58;232;232
2026-06-08T12:24:43.0000000Z;21.49;21.58;232;232
2026-06-08T12:25:13.0000000Z;21.49;21.58;232;232
2026-06-08T12:25:43.0000000Z;21.49;21.58;232;232
2026-06-08T12:26:14.0000000Z;21.49;21.58;232;232
2026-06-08T12:26:45.0000000Z;21.49;21.58;232;232
2026-06-08T12:27:15.0000000Z;21.49;21.58;232;232
2026-06-08T12:27:46.0000000Z;21.49;21.58;232;232
2026-06-08T12:28:16.0000000Z;21.49;21.58;232;232
2026-06-08T12:28:47.0000000Z;21.49;21.58;232;232
2026-06-08T12:29:17.0000000Z;21.49;21.58;232;232
2026-06-08T12:29:48.0000000Z;21.49;21.58;232;232
2026-06-08T12:30:18.0000000Z;21.49;21.58;232;232
2026-06-08T12:30:49.0000000Z;21.49;21.58;232;232
2026-06-08T12:31:20.0000000Z;21.49;21.58;232;232
2026-06-08T12:31:50.0000000Z;21.49;21.58;232;232
2026-06-08T12:32:21.0000000Z;21.49;21.58;232;232
2026-06-08T12:32:51.0000000Z;21.49;21.58;232;232
2026-06-08T12:33:22.0000000Z;21.49;21.58;232;232
2026-06-08T12:33:53.0000000Z;21.49;21.58;232;232
2026-06-08T12:34:23.0000000Z;21.49;21.58;232;232
2026-06-08T12:34:54.0000000Z;21.49;21.58;232;232
2026-06-08T12:35:16.0000000Z;21.5;21.58;232;232
2026-06-08T12:35:46.0000000Z;21.5;21.58;232;232
2026-06-08T12:36:17.0000000Z;21.5;21.58;232;232
2026-06-08T12:36:48.0000000Z;21.5;21.58;232;232
2026-06-08T12:37:18.0000000Z;21.5;21.58;232;232
2026-06-08T12:37:49.0000000Z;21.5;21.58;232;232
2026-06-08T12:38:19.0000000Z;21.5;21.58;232;232
2026-06-08T12:38:50.0000000Z;21.5;21.58;232;232
2026-06-08T12:39:21.0000000Z;21.5;21.58;232;232
2026-06-08T12:39:51.0000000Z;21.5;21.58;232;232
2026-06-08T12:40:09.0000000Z;21.49;21.585;232;232
2026-06-08T12:40:39.0000000Z;21.49;21.585;232;232
2026-06-08T12:40:57.0000000Z;21.49;21.575;232;232
2026-06-08T12:41:28.0000000Z;21.49;21.575;232;232
2026-06-08T12:41:58.0000000Z;21.49;21.575;232;232
2026-06-08T12:42:29.0000000Z;21.49;21.575;232;232
2026-06-08T12:42:39.0000000Z;21.47;21.575;232;232
2026-06-08T12:42:43.0000000Z;21.48;21.575;232;232
2026-06-08T12:42:55.0000000Z;21.465;21.595;232;232
2026-06-08T12:43:09.0000000Z;21.475;21.585;232;232
2026-06-08T12:43:15.0000000Z;21.495;21.575;232;232
2026-06-08T12:43:46.0000000Z;21.495;21.575;232;232
2026-06-08T12:44:17.0000000Z;21.495;21.575;232;232
2026-06-08T12:44:47.0000000Z;21.495;21.575;232;232
2026-06-08T12:45:18.0000000Z;21.495;21.575;232;232
2026-06-08T12:45:48.0000000Z;21.495;21.575;232;232
2026-06-08T12:46:14.0000000Z;21.495;21.58;232;232
2026-06-08T12:46:42.0000000Z;21.505;21.58;232;232
2026-06-08T12:46:50.0000000Z;21.5;21.58;232;232
2026-06-08T12:47:20.0000000Z;21.5;21.58;232;232
2026-06-08T12:47:51.0000000Z;21.5;21.58;232;232
2026-06-08T12:48:21.0000000Z;21.5;21.58;232;232
2026-06-08T12:48:52.0000000Z;21.5;21.58;232;232
2026-06-08T12:49:22.0000000Z;21.5;21.58;232;232
2026-06-08T12:49:53.0000000Z;21.5;21.58;232;232
2026-06-08T12:50:23.0000000Z;21.5;21.58;232;232
2026-06-08T12:50:54.0000000Z;21.5;21.58;232;232
2026-06-08T12:51:25.0000000Z;21.5;21.58;232;232
2026-06-08T12:51:55.0000000Z;21.5;21.58;232;232
2026-06-08T12:52:26.0000000Z;21.5;21.58;232;232
2026-06-08T12:52:56.0000000Z;21.5;21.58;232;232
2026-06-08T12:53:27.0000000Z;21.5;21.58;232;232
2026-06-08T12:53:57.0000000Z;21.5;21.58;232;232
2026-06-08T12:54:28.0000000Z;21.5;21.58;232;232
2026-06-08T12:54:59.0000000Z;21.5;21.58;232;232
2026-06-08T12:55:29.0000000Z;21.5;21.58;232;232
2026-06-08T12:56:00.0000000Z;21.5;21.58;232;232
2026-06-08T12:56:30.0000000Z;21.5;21.58;232;232
2026-06-08T12:57:01.0000000Z;21.5;21.58;232;232
2026-06-08T12:57:31.0000000Z;21.5;21.58;232;232
2026-06-08T12:58:02.0000000Z;21.5;21.58;232;232
2026-06-08T12:58:32.0000000Z;21.5;21.58;232;232
2026-06-08T12:59:03.0000000Z;21.5;21.58;232;232
2026-06-08T12:59:15.0000000Z;21.5;21.585;232;232
2026-06-08T12:59:46.0000000Z;21.5;21.585;232;232
2026-06-08T13:00:16.0000000Z;21.5;21.585;232;232
2026-06-08T13:00:27.0000000Z;21.49;21.585;232;232
2026-06-08T13:00:57.0000000Z;21.505;21.575;232;232
2026-06-08T13:01:27.0000000Z;21.505;21.575;232;232
2026-06-08T13:01:58.0000000Z;21.505;21.575;232;232
2026-06-08T13:02:28.0000000Z;21.505;21.575;232;232
2026-06-08T13:02:59.0000000Z;21.505;21.575;232;232
2026-06-08T13:03:29.0000000Z;21.505;21.575;232;232
2026-06-08T13:04:00.0000000Z;21.505;21.575;232;232
2026-06-08T13:04:30.0000000Z;21.505;21.575;232;232
2026-06-08T13:05:01.0000000Z;21.505;21.575;232;232
2026-06-08T13:05:31.0000000Z;21.505;21.575;232;232
2026-06-08T13:06:02.0000000Z;21.505;21.575;232;232
2026-06-08T13:06:33.0000000Z;21.505;21.575;232;232
2026-06-08T13:07:03.0000000Z;21.505;21.575;232;232
2026-06-08T13:07:34.0000000Z;21.505;21.575;232;232
2026-06-08T13:08:04.0000000Z;21.505;21.575;232;232
2026-06-08T13:08:35.0000000Z;21.505;21.575;232;232
2026-06-08T13:09:05.0000000Z;21.505;21.575;232;232
2026-06-08T13:09:36.0000000Z;21.505;21.575;232;232
2026-06-08T13:10:06.0000000Z;21.505;21.575;232;232
2026-06-08T13:10:37.0000000Z;21.505;21.575;232;232
2026-06-08T13:11:07.0000000Z;21.505;21.575;232;232
2026-06-08T13:11:10.0000000Z;21.505;21.585;232;232
2026-06-08T13:11:40.0000000Z;21.505;21.585;232;232
2026-06-08T13:12:10.0000000Z;21.505;21.585;232;232
2026-06-08T13:12:41.0000000Z;21.505;21.585;232;232
2026-06-08T13:13:11.0000000Z;21.505;21.585;232;232
2026-06-08T13:13:42.0000000Z;21.505;21.585;232;232
2026-06-08T13:14:12.0000000Z;21.505;21.585;232;232
2026-06-08T13:14:43.0000000Z;21.505;21.585;232;232
2026-06-08T13:15:14.0000000Z;21.505;21.585;232;232
2026-06-08T13:15:16.0000000Z;21.515;21.585;232;232
2026-06-08T13:15:46.0000000Z;21.515;21.585;232;232
2026-06-08T13:16:17.0000000Z;21.515;21.585;232;232
2026-06-08T13:16:47.0000000Z;21.515;21.585;232;232
2026-06-08T13:17:18.0000000Z;21.515;21.585;232;232
2026-06-08T13:17:49.0000000Z;21.515;21.585;232;232
2026-06-08T13:18:19.0000000Z;21.515;21.585;232;232
2026-06-08T13:18:50.0000000Z;21.515;21.585;232;232
2026-06-08T13:19:20.0000000Z;21.515;21.585;232;232
2026-06-08T13:19:51.0000000Z;21.515;21.585;232;232
2026-06-08T13:20:21.0000000Z;21.515;21.585;232;232
2026-06-08T13:20:52.0000000Z;21.515;21.585;232;232
2026-06-08T13:21:22.0000000Z;21.515;21.585;232;232
2026-06-08T13:21:53.0000000Z;21.515;21.585;232;232
2026-06-08T13:22:23.0000000Z;21.515;21.585;232;232
2026-06-08T13:22:52.0000000Z;21.515;21.58;232;232
2026-06-08T13:22:54.0000000Z;21.515;21.575;232;232
2026-06-08T13:23:24.0000000Z;21.515;21.575;232;232
2026-06-08T13:23:55.0000000Z;21.515;21.575;232;232
2026-06-08T13:24:25.0000000Z;21.515;21.575;232;232
2026-06-08T13:24:56.0000000Z;21.515;21.575;232;232
2026-06-08T13:25:26.0000000Z;21.515;21.575;232;232
2026-06-08T13:25:57.0000000Z;21.515;21.575;232;232
2026-06-08T13:26:27.0000000Z;21.515;21.575;232;232
2026-06-08T13:26:58.0000000Z;21.515;21.575;232;232
2026-06-08T13:27:28.0000000Z;21.515;21.575;232;232
2026-06-08T13:27:59.0000000Z;21.515;21.575;232;232
2026-06-08T13:28:04.0000000Z;21.49;21.58;232;232
2026-06-08T13:28:34.0000000Z;21.49;21.58;232;232
2026-06-08T13:28:38.0000000Z;21.49;21.59;232;232
2026-06-08T13:29:09.0000000Z;21.49;21.59;232;232
2026-06-08T13:29:40.0000000Z;21.49;21.59;232;232
2026-06-08T13:30:10.0000000Z;21.49;21.59;232;232
2026-06-08T13:30:40.0000000Z;21.49;21.59;232;232
2026-06-08T13:31:11.0000000Z;21.49;21.59;232;232
2026-06-08T13:31:41.0000000Z;21.49;21.59;232;232
2026-06-08T13:32:12.0000000Z;21.49;21.59;232;232
2026-06-08T13:32:42.0000000Z;21.49;21.59;232;232
2026-06-08T13:33:13.0000000Z;21.49;21.59;232;232
2026-06-08T13:33:43.0000000Z;21.49;21.59;232;232
2026-06-08T13:34:14.0000000Z;21.49;21.59;232;232
2026-06-08T13:34:44.0000000Z;21.49;21.59;232;232
2026-06-08T13:35:15.0000000Z;21.49;21.59;232;232
2026-06-08T13:35:45.0000000Z;21.49;21.59;232;232
2026-06-08T13:36:16.0000000Z;21.49;21.59;232;232
2026-06-08T13:36:46.0000000Z;21.49;21.59;232;232
2026-06-08T13:37:17.0000000Z;21.49;21.59;232;232
2026-06-08T13:37:47.0000000Z;21.49;21.59;232;232
2026-06-08T13:37:48.0000000Z;21.495;21.59;232;232
2026-06-08T13:37:50.0000000Z;21.505;21.59;232;232
2026-06-08T13:38:21.0000000Z;21.505;21.59;232;232
2026-06-08T13:38:51.0000000Z;21.505;21.59;232;232
2026-06-08T13:39:22.0000000Z;21.505;21.59;232;232
2026-06-08T13:39:52.0000000Z;21.505;21.59;232;232
2026-06-08T13:40:23.0000000Z;21.505;21.59;232;232
2026-06-08T13:40:39.0000000Z;21.515;21.59;232;232
2026-06-08T13:41:09.0000000Z;21.515;21.59;232;232
2026-06-08T13:41:40.0000000Z;21.515;21.59;232;232
2026-06-08T13:42:10.0000000Z;21.515;21.59;232;232
2026-06-08T13:42:41.0000000Z;21.515;21.59;232;232
2026-06-08T13:43:04.0000000Z;21.515;21.585;232;232
2026-06-08T13:43:35.0000000Z;21.515;21.585;232;232
2026-06-08T13:44:00.0000000Z;21.515;21.59;232;232
2026-06-08T13:44:30.0000000Z;21.515;21.59;232;232
2026-06-08T13:45:01.0000000Z;21.515;21.59;232;232
2026-06-08T13:45:31.0000000Z;21.515;21.59;232;232
2026-06-08T13:46:02.0000000Z;21.515;21.59;232;232
2026-06-08T13:46:24.0000000Z;21.525;21.59;232;232
2026-06-08T13:46:34.0000000Z;21.52;21.59;232;232
2026-06-08T13:47:05.0000000Z;21.52;21.59;232;232
2026-06-08T13:47:35.0000000Z;21.52;21.59;232;232
2026-06-08T13:48:06.0000000Z;21.52;21.59;232;232
2026-06-08T13:48:36.0000000Z;21.52;21.59;232;232
2026-06-08T13:49:07.0000000Z;21.52;21.59;232;232
2026-06-08T13:49:37.0000000Z;21.52;21.59;232;232
2026-06-08T13:50:08.0000000Z;21.52;21.59;232;232
2026-06-08T13:50:38.0000000Z;21.52;21.59;232;232
2026-06-08T13:51:09.0000000Z;21.52;21.59;232;232
2026-06-08T13:51:39.0000000Z;21.52;21.59;232;232
2026-06-08T13:52:10.0000000Z;21.52;21.59;232;232
2026-06-08T13:52:40.0000000Z;21.52;21.59;232;232
2026-06-08T13:52:50.0000000Z;21.52;21.595;232;232
2026-06-08T13:53:21.0000000Z;21.52;21.595;232;232
2026-06-08T13:53:51.0000000Z;21.52;21.595;232;232
2026-06-08T13:54:22.0000000Z;21.52;21.595;232;232
2026-06-08T13:54:52.0000000Z;21.52;21.595;232;232
2026-06-08T13:55:23.0000000Z;21.52;21.595;232;232
2026-06-08T13:55:53.0000000Z;21.52;21.595;232;232
2026-06-08T13:56:24.0000000Z;21.52;21.595;232;232
2026-06-08T13:56:54.0000000Z;21.52;21.595;232;232
2026-06-08T13:57:25.0000000Z;21.52;21.595;232;232
2026-06-08T13:57:55.0000000Z;21.52;21.595;232;232
2026-06-08T13:58:26.0000000Z;21.52;21.595;232;232
2026-06-08T13:58:56.0000000Z;21.52;21.595;232;232
2026-06-08T13:59:15.0000000Z;21.5;21.595;232;232
2026-06-08T13:59:39.0000000Z;21.525;21.595;232;232
2026-06-08T14:00:09.0000000Z;21.525;21.595;232;232
2026-06-08T14:00:40.0000000Z;21.525;21.595;232;232
2026-06-08T14:01:10.0000000Z;21.525;21.595;232;232
2026-06-08T14:01:41.0000000Z;21.525;21.595;232;232
2026-06-08T14:02:11.0000000Z;21.525;21.595;232;232
2026-06-08T14:02:42.0000000Z;21.525;21.595;232;232
2026-06-08T14:03:12.0000000Z;21.525;21.595;232;232
2026-06-08T14:03:43.0000000Z;21.525;21.595;232;232
2026-06-08T14:04:13.0000000Z;21.525;21.595;232;232
2026-06-08T14:04:44.0000000Z;21.525;21.595;232;232
2026-06-08T14:05:14.0000000Z;21.525;21.595;232;232
2026-06-08T14:05:45.0000000Z;21.525;21.595;232;232
2026-06-08T14:06:15.0000000Z;21.525;21.595;232;232
2026-06-08T14:06:46.0000000Z;21.525;21.595;232;232
2026-06-08T14:07:16.0000000Z;21.525;21.595;232;232
2026-06-08T14:07:47.0000000Z;21.525;21.595;232;232
2026-06-08T14:08:17.0000000Z;21.525;21.595;232;232
2026-06-08T14:08:48.0000000Z;21.525;21.595;232;232
2026-06-08T14:09:18.0000000Z;21.525;21.595;232;232
2026-06-08T14:09:49.0000000Z;21.525;21.595;232;232
2026-06-08T14:10:19.0000000Z;21.525;21.595;232;232
2026-06-08T14:10:50.0000000Z;21.525;21.595;232;232
2026-06-08T14:11:20.0000000Z;21.525;21.595;232;232
2026-06-08T14:11:51.0000000Z;21.525;21.595;232;232
2026-06-08T14:12:21.0000000Z;21.525;21.595;232;232
2026-06-08T14:12:52.0000000Z;21.525;21.595;232;232
2026-06-08T14:13:22.0000000Z;21.525;21.595;232;232
2026-06-08T14:13:53.0000000Z;21.525;21.595;232;232
2026-06-08T14:14:23.0000000Z;21.525;21.595;232;232
2026-06-08T14:14:54.0000000Z;21.525;21.595;232;232
2026-06-08T14:15:24.0000000Z;21.525;21.595;232;232
2026-06-08T14:15:55.0000000Z;21.525;21.595;232;232
2026-06-08T14:16:25.0000000Z;21.525;21.595;232;232
2026-06-08T14:16:56.0000000Z;21.525;21.595;232;232
2026-06-08T14:17:26.0000000Z;21.525;21.595;232;232
2026-06-08T14:17:57.0000000Z;21.525;21.595;232;232
2026-06-08T14:18:27.0000000Z;21.525;21.595;232;232
2026-06-08T14:18:58.0000000Z;21.525;21.595;232;232
2026-06-08T14:19:28.0000000Z;21.525;21.595;232;232
2026-06-08T14:19:58.0000000Z;21.525;21.595;232;232
2026-06-08T14:20:15.0000000Z;21.535;21.595;232;232
2026-06-08T14:20:41.0000000Z;21.535;21.6;232;232
2026-06-08T14:21:12.0000000Z;21.535;21.6;232;232
2026-06-08T14:21:42.0000000Z;21.535;21.6;232;232
2026-06-08T14:22:13.0000000Z;21.535;21.6;232;232
2026-06-08T14:22:43.0000000Z;21.535;21.6;232;232
2026-06-08T14:23:14.0000000Z;21.535;21.6;232;232
2026-06-08T14:23:44.0000000Z;21.535;21.6;232;232
2026-06-08T14:24:15.0000000Z;21.535;21.6;232;232
2026-06-08T14:24:45.0000000Z;21.535;21.6;232;232
2026-06-08T14:25:16.0000000Z;21.535;21.6;232;232
2026-06-08T14:25:22.0000000Z;21.535;21.605;232;232
2026-06-08T14:25:50.0000000Z;21.535;21.605;232;232
2026-06-08T14:26:21.0000000Z;21.535;21.605;232;232
2026-06-08T14:26:51.0000000Z;21.535;21.605;232;232
2026-06-08T14:26:59.0000000Z;21.515;21.605;232;232
2026-06-08T14:27:29.0000000Z;21.515;21.605;232;232
2026-06-08T14:28:00.0000000Z;21.515;21.605;232;232
2026-06-08T14:28:30.0000000Z;21.515;21.605;232;232
2026-06-08T14:28:40.0000000Z;21.535;21.605;232;232
2026-06-08T14:29:11.0000000Z;21.535;21.605;232;232
2026-06-08T14:29:41.0000000Z;21.535;21.605;232;232
2026-06-08T14:30:12.0000000Z;21.535;21.605;232;232
2026-06-08T14:30:42.0000000Z;21.535;21.605;232;232
2026-06-08T14:31:13.0000000Z;21.535;21.605;232;232
2026-06-08T14:31:43.0000000Z;21.535;21.605;232;232
2026-06-08T14:32:14.0000000Z;21.535;21.605;232;232
2026-06-08T14:32:44.0000000Z;21.535;21.605;232;232
2026-06-08T14:33:15.0000000Z;21.535;21.605;232;232
2026-06-08T14:33:45.0000000Z;21.535;21.605;232;232
2026-06-08T14:34:16.0000000Z;21.535;21.605;232;232
2026-06-08T14:34:46.0000000Z;21.535;21.605;232;232
2026-06-08T14:35:17.0000000Z;21.535;21.605;232;232
2026-06-08T14:35:19.0000000Z;21.51;21.605;232;232
2026-06-08T14:35:50.0000000Z;21.51;21.605;232;232
2026-06-08T14:36:21.0000000Z;21.51;21.605;232;232
2026-06-08T14:36:51.0000000Z;21.51;21.605;232;232
2026-06-08T14:37:22.0000000Z;21.51;21.605;232;232
2026-06-08T14:37:52.0000000Z;21.51;21.605;232;232
2026-06-08T14:38:23.0000000Z;21.51;21.605;232;232
2026-06-08T14:38:53.0000000Z;21.51;21.605;232;232
2026-06-08T14:39:02.0000000Z;21.515;21.605;232;232
2026-06-08T14:39:04.0000000Z;21.525;21.605;232;232
2026-06-08T14:39:35.0000000Z;21.525;21.605;232;232
2026-06-08T14:39:54.0000000Z;21.515;21.605;232;232
2026-06-08T14:40:25.0000000Z;21.515;21.605;232;232
2026-06-08T14:40:55.0000000Z;21.515;21.605;232;232
2026-06-08T14:41:26.0000000Z;21.515;21.605;232;232
2026-06-08T14:41:56.0000000Z;21.515;21.605;232;232
2026-06-08T14:42:27.0000000Z;21.515;21.6;232;232
2026-06-08T14:42:57.0000000Z;21.515;21.6;232;232
2026-06-08T14:43:28.0000000Z;21.515;21.6;232;232
2026-06-08T14:43:58.0000000Z;21.515;21.6;232;232
2026-06-08T14:44:29.0000000Z;21.515;21.6;232;232
2026-06-08T14:44:59.0000000Z;21.515;21.6;232;232
2026-06-08T14:45:30.0000000Z;21.515;21.6;232;232
2026-06-08T14:46:00.0000000Z;21.515;21.6;232;232
2026-06-08T14:46:31.0000000Z;21.515;21.6;232;232
2026-06-08T14:47:01.0000000Z;21.515;21.6;232;232
2026-06-08T14:47:32.0000000Z;21.515;21.6;232;232
2026-06-08T14:48:02.0000000Z;21.515;21.6;232;232
2026-06-08T14:48:33.0000000Z;21.515;21.6;232;232
2026-06-08T14:48:34.0000000Z;21.515;21.61;232;232
2026-06-08T14:48:42.0000000Z;21.525;21.6;232;232
2026-06-08T14:49:13.0000000Z;21.525;21.6;232;232
2026-06-08T14:49:44.0000000Z;21.525;21.6;232;232
2026-06-08T14:50:14.0000000Z;21.525;21.6;232;232
2026-06-08T14:50:45.0000000Z;21.525;21.6;232;232
2026-06-08T14:51:15.0000000Z;21.525;21.6;232;232
2026-06-08T14:51:46.0000000Z;21.525;21.6;232;232
2026-06-08T14:52:16.0000000Z;21.525;21.6;232;232
2026-06-08T14:52:47.0000000Z;21.525;21.6;232;232
2026-06-08T14:53:17.0000000Z;21.525;21.6;232;232
2026-06-08T14:53:48.0000000Z;21.525;21.6;232;232
2026-06-08T14:54:19.0000000Z;21.525;21.6;232;232
2026-06-08T14:54:49.0000000Z;21.525;21.6;232;232
2026-06-08T14:55:20.0000000Z;21.525;21.6;232;232
2026-06-08T14:55:50.0000000Z;21.525;21.6;232;232
2026-06-08T14:56:21.0000000Z;21.525;21.6;232;232
2026-06-08T14:56:51.0000000Z;21.525;21.6;232;232
2026-06-08T14:57:22.0000000Z;21.525;21.6;232;232
2026-06-08T14:57:52.0000000Z;21.525;21.6;232;232
2026-06-08T14:57:55.0000000Z;21.52;21.59;232;232
2026-06-08T14:58:25.0000000Z;21.52;21.59;232;232
2026-06-08T14:58:55.0000000Z;21.52;21.59;232;232
2026-06-08T14:59:26.0000000Z;21.52;21.59;232;232
2026-06-08T14:59:56.0000000Z;21.52;21.59;232;232
