2026-06-08T08:00:00.0000000Z;17.604;17.6095;285;285
2026-06-08T08:00:02.0000000Z;17.6025;17.6095;285;285
2026-06-08T08:00:09.0000000Z;17.604;17.6095;285;285
2026-06-08T08:00:16.0000000Z;17.604;17.6115;285;285
2026-06-08T08:00:37.0000000Z;17.604;17.6095;285;285
2026-06-08T08:00:39.0000000Z;17.6025;17.6095;285;285
2026-06-08T08:01:09.0000000Z;17.6025;17.6095;285;285
2026-06-08T08:01:40.0000000Z;17.6025;17.6095;285;285
2026-06-08T08:01:43.0000000Z;17.604;17.6095;285;285
2026-06-08T08:01:45.0000000Z;17.604;17.6115;285;285
2026-06-08T08:02:09.0000000Z;17.6065;17.6115;285;285
2026-06-08T08:02:11.0000000Z;17.6065;17.6135;285;285
2026-06-08T08:02:12.0000000Z;17.6065;17.6115;285;285
2026-06-08T08:02:15.0000000Z;17.6045;17.6115;285;285
2026-06-08T08:02:39.0000000Z;17.6045;17.6095;285;285
2026-06-08T08:02:41.0000000Z;17.6025;17.6095;285;285
2026-06-08T08:03:11.0000000Z;17.6025;17.6095;285;285
2026-06-08T08:03:23.0000000Z;17.6015;17.6085;285;285
2026-06-08T08:03:54.0000000Z;17.6015;17.6085;285;285
2026-06-08T08:04:08.0000000Z;17.6015;17.6065;285;285
2026-06-08T08:04:09.0000000Z;17.5995;17.6065;285;285
2026-06-08T08:04:15.0000000Z;17.5985;17.6055;285;285
2026-06-08T08:04:23.0000000Z;17.6;17.6055;285;285
2026-06-08T08:04:30.0000000Z;17.6;17.6075;285;285
2026-06-08T08:04:32.0000000Z;17.6;17.6055;285;285
2026-06-08T08:04:34.0000000Z;17.5985;17.6055;285;285
2026-06-08T08:04:45.0000000Z;17.6;17.6055;285;285
2026-06-08T08:04:48.0000000Z;17.6;17.6075;285;285
2026-06-08T08:05:11.0000000Z;17.6;17.6055;285;285
2026-06-08T08:05:14.0000000Z;17.5985;17.6055;285;285
2026-06-08T08:05:16.0000000Z;17.6;17.6055;285;285
2026-06-08T08:05:18.0000000Z;17.6;17.6075;285;285
2026-06-08T08:05:39.0000000Z;17.6;17.605;285;285
2026-06-08T08:05:40.0000000Z;17.598;17.605;285;285
2026-06-08T08:06:02.0000000Z;17.5995;17.605;285;285
2026-06-08T08:06:04.0000000Z;17.5995;17.607;285;285
2026-06-08T08:06:33.0000000Z;17.5995;17.607;285;285
2026-06-08T08:07:03.0000000Z;17.5995;17.607;285;285
2026-06-08T08:07:10.0000000Z;17.5995;17.605;285;285
2026-06-08T08:07:13.0000000Z;17.598;17.605;285;285
2026-06-08T08:07:43.0000000Z;17.598;17.605;285;285
2026-06-08T08:07:56.0000000Z;17.5995;17.605;285;285
2026-06-08T08:07:57.0000000Z;17.5995;17.607;285;285
2026-06-08T08:08:25.0000000Z;17.5995;17.605;285;285
2026-06-08T08:08:26.0000000Z;17.598;17.605;285;285
2026-06-08T08:08:37.0000000Z;17.598;17.603;285;285
2026-06-08T08:08:38.0000000Z;17.596;17.603;285;285
2026-06-08T08:09:09.0000000Z;17.596;17.603;285;285
2026-06-08T08:09:40.0000000Z;17.596;17.603;285;285
2026-06-08T08:09:55.0000000Z;17.596;17.6015;285;285
2026-06-08T08:09:57.0000000Z;17.594;17.6015;285;285
2026-06-08T08:10:04.0000000Z;17.5955;17.6015;285;285
2026-06-08T08:10:05.0000000Z;17.5955;17.603;285;285
2026-06-08T08:10:11.0000000Z;17.598;17.603;285;285
2026-06-08T08:10:13.0000000Z;17.598;17.605;285;285
2026-06-08T08:10:28.0000000Z;17.5995;17.605;285;285
2026-06-08T08:10:31.0000000Z;17.5995;17.607;285;285
2026-06-08T08:10:34.0000000Z;17.5995;17.605;285;285
2026-06-08T08:10:37.0000000Z;17.598;17.605;285;285
2026-06-08T08:11:07.0000000Z;17.598;17.605;285;285
2026-06-08T08:11:38.0000000Z;17.598;17.605;285;285
2026-06-08T08:12:08.0000000Z;17.598;17.605;285;285
2026-06-08T08:12:39.0000000Z;17.598;17.605;285;285
2026-06-08T08:13:01.0000000Z;17.598;17.603;285;285
2026-06-08T08:13:04.0000000Z;17.596;17.603;285;285
2026-06-08T08:13:30.0000000Z;17.598;17.603;285;285
2026-06-08T08:13:32.0000000Z;17.598;17.605;285;285
2026-06-08T08:13:55.0000000Z;17.598;17.603;285;285
2026-06-08T08:13:56.0000000Z;17.596;17.603;285;285
2026-06-08T08:14:07.0000000Z;17.598;17.603;285;285
2026-06-08T08:14:08.0000000Z;17.598;17.605;285;285
2026-06-08T08:14:16.0000000Z;17.5995;17.605;285;285
2026-06-08T08:14:18.0000000Z;17.5995;17.607;285;285
2026-06-08T08:14:48.0000000Z;17.5995;17.605;285;285
2026-06-08T08:14:49.0000000Z;17.598;17.605;285;285
2026-06-08T08:15:06.0000000Z;17.5995;17.605;285;285
2026-06-08T08:15:09.0000000Z;17.5995;17.607;285;285
2026-06-08T08:15:37.0000000Z;17.5995;17.607;285;285
2026-06-08T08:15:46.0000000Z;17.5995;17.605;285;285
2026-06-08T08:15:47.0000000Z;17.598;17.605;285;285
2026-06-08T08:16:03.0000000Z;17.5995;17.605;285;285
2026-06-08T08:16:05.0000000Z;17.5995;17.607;285;285
2026-06-08T08:16:35.0000000Z;17.5995;17.607;285;285
2026-06-08T08:16:41.0000000Z;17.6015;17.607;285;285
2026-06-08T08:16:43.0000000Z;17.6015;17.609;285;285
2026-06-08T08:16:57.0000000Z;17.602;17.609;285;285
2026-06-08T08:17:27.0000000Z;17.602;17.609;285;285
2026-06-08T08:17:57.0000000Z;17.602;17.609;285;285
2026-06-08T08:18:28.0000000Z;17.602;17.609;285;285
2026-06-08T08:18:58.0000000Z;17.602;17.609;285;285
2026-06-08T08:19:29.0000000Z;17.602;17.609;285;285
2026-06-08T08:19:59.0000000Z;17.602;17.609;285;285
2026-06-08T08:20:20.0000000Z;17.6035;17.609;285;285
2026-06-08T08:20:22.0000000Z;17.6035;17.611;285;285
2026-06-08T08:20:52.0000000Z;17.6035;17.611;285;285
2026-06-08T08:21:23.0000000Z;17.6055;17.611;285;285
2026-06-08T08:21:24.0000000Z;17.6055;17.613;285;285
2026-06-08T08:21:45.0000000Z;17.6055;17.611;285;285
2026-06-08T08:21:46.0000000Z;17.6035;17.611;285;285
2026-06-08T08:22:17.0000000Z;17.6035;17.611;285;285
2026-06-08T08:22:35.0000000Z;17.6035;17.609;285;285
2026-06-08T08:22:36.0000000Z;17.602;17.609;285;285
2026-06-08T08:23:06.0000000Z;17.602;17.609;285;285
2026-06-08T08:23:37.0000000Z;17.602;17.609;285;285
2026-06-08T08:23:48.0000000Z;17.602;17.607;285;285
2026-06-08T08:23:51.0000000Z;17.6;17.607;285;285
2026-06-08T08:24:22.0000000Z;17.6;17.607;285;285
2026-06-08T08:24:35.0000000Z;17.602;17.607;285;285
2026-06-08T08:24:37.0000000Z;17.602;17.609;285;285
2026-06-08T08:25:07.0000000Z;17.602;17.609;285;285
2026-06-08T08:25:38.0000000Z;17.602;17.609;285;285
2026-06-08T08:25:45.0000000Z;17.603;17.61;285;285
2026-06-08T08:25:52.0000000Z;17.603;17.608;285;285
2026-06-08T08:25:55.0000000Z;17.601;17.608;285;285
2026-06-08T08:26:24.0000000Z;17.601;17.606;285;285
2026-06-08T08:26:25.0000000Z;17.599;17.606;285;285
2026-06-08T08:26:56.0000000Z;17.599;17.606;285;285
2026-06-08T08:27:27.0000000Z;17.599;17.606;285;285
2026-06-08T08:27:31.0000000Z;17.6005;17.606;285;285
2026-06-08T08:27:34.0000000Z;17.6005;17.608;285;285
2026-06-08T08:27:56.0000000Z;17.6005;17.606;285;285
2026-06-08T08:27:58.0000000Z;17.599;17.606;285;285
2026-06-08T08:28:28.0000000Z;17.599;17.606;285;285
2026-06-08T08:28:37.0000000Z;17.6005;17.606;285;285
2026-06-08T08:28:38.0000000Z;17.6005;17.608;285;285
2026-06-08T08:28:48.0000000Z;17.6005;17.606;285;285
2026-06-08T08:28:50.0000000Z;17.599;17.606;285;285
2026-06-08T08:29:21.0000000Z;17.599;17.606;285;285
2026-06-08T08:29:37.0000000Z;17.599;17.6035;285;285
2026-06-08T08:29:38.0000000Z;17.5965;17.6035;285;285
2026-06-08T08:30:03.0000000Z;17.5985;17.6035;285;285
2026-06-08T08:30:04.0000000Z;17.5985;17.6055;285;285
2026-06-08T08:30:06.0000000Z;17.5985;17.6035;285;285
2026-06-08T08:30:08.0000000Z;17.5965;17.6035;285;285
2026-06-08T08:30:36.0000000Z;17.5965;17.6035;285;285
2026-06-08T08:30:48.0000000Z;17.5965;17.602;285;285
2026-06-08T08:30:50.0000000Z;17.5945;17.602;285;285
2026-06-08T08:30:53.0000000Z;17.5965;17.602;285;285
2026-06-08T08:30:54.0000000Z;17.5965;17.6035;285;285
2026-06-08T08:31:05.0000000Z;17.5985;17.6035;285;285
2026-06-08T08:31:06.0000000Z;17.5985;17.6055;285;285
2026-06-08T08:31:37.0000000Z;17.5985;17.6055;285;285
2026-06-08T08:31:46.0000000Z;17.599;17.6055;285;285
2026-06-08T08:31:47.0000000Z;17.599;17.606;285;285
2026-06-08T08:32:17.0000000Z;17.599;17.606;285;285
2026-06-08T08:32:47.0000000Z;17.599;17.606;285;285
2026-06-08T08:32:48.0000000Z;17.6005;17.606;285;285
2026-06-08T08:32:49.0000000Z;17.6005;17.608;285;285
2026-06-08T08:33:01.0000000Z;17.6005;17.6065;285;285
2026-06-08T08:33:03.0000000Z;17.599;17.6065;285;285
2026-06-08T08:33:15.0000000Z;17.6005;17.6065;285;285
2026-06-08T08:33:17.0000000Z;17.6005;17.608;285;285
2026-06-08T08:33:47.0000000Z;17.6005;17.608;285;285
2026-06-08T08:34:18.0000000Z;17.6005;17.608;285;285
2026-06-08T08:34:33.0000000Z;17.6025;17.608;285;285
2026-06-08T08:34:35.0000000Z;17.6025;17.61;285;285
2026-06-08T08:34:45.0000000Z;17.603;17.61;285;285
2026-06-08T08:35:10.0000000Z;17.6045;17.61;285;285
2026-06-08T08:35:14.0000000Z;17.6045;17.612;285;285
2026-06-08T08:35:22.0000000Z;17.6045;17.61;285;285
2026-06-08T08:35:24.0000000Z;17.603;17.61;285;285
2026-06-08T08:35:55.0000000Z;17.603;17.61;285;285
2026-06-08T08:36:09.0000000Z;17.603;17.608;285;285
2026-06-08T08:36:12.0000000Z;17.6005;17.608;285;285
2026-06-08T08:36:43.0000000Z;17.6005;17.608;285;285
2026-06-08T08:37:10.0000000Z;17.6005;17.6055;285;285
2026-06-08T08:37:12.0000000Z;17.599;17.6055;285;285
2026-06-08T08:37:43.0000000Z;17.599;17.6055;285;285
2026-06-08T08:38:13.0000000Z;17.599;17.6055;285;285
2026-06-08T08:38:18.0000000Z;17.6005;17.6055;285;285
2026-06-08T08:38:20.0000000Z;17.6005;17.6075;285;285
2026-06-08T08:38:51.0000000Z;17.6005;17.6075;285;285
2026-06-08T08:39:11.0000000Z;17.6;17.6075;285;285
2026-06-08T08:39:41.0000000Z;17.6;17.6075;285;285
2026-06-08T08:39:50.0000000Z;17.602;17.6075;285;285
2026-06-08T08:39:52.0000000Z;17.602;17.6095;285;285
2026-06-08T08:40:22.0000000Z;17.602;17.6095;285;285
2026-06-08T08:40:35.0000000Z;17.6025;17.6095;285;285
2026-06-08T08:40:52.0000000Z;17.6045;17.6115;285;285
2026-06-08T08:41:11.0000000Z;17.6045;17.6095;285;285
2026-06-08T08:41:12.0000000Z;17.6025;17.6095;285;285
2026-06-08T08:41:22.0000000Z;17.6045;17.6095;285;285
2026-06-08T08:41:25.0000000Z;17.6045;17.6115;285;285
2026-06-08T08:41:55.0000000Z;17.6045;17.6115;285;285
2026-06-08T08:42:25.0000000Z;17.6045;17.6115;285;285
2026-06-08T08:42:34.0000000Z;17.606;17.6115;285;285
2026-06-08T08:42:35.0000000Z;17.606;17.6135;285;285
2026-06-08T08:42:47.0000000Z;17.606;17.612;285;285
2026-06-08T08:42:49.0000000Z;17.6045;17.612;285;285
2026-06-08T08:43:19.0000000Z;17.6045;17.612;285;285
2026-06-08T08:43:50.0000000Z;17.6045;17.612;285;285
2026-06-08T08:43:54.0000000Z;17.6045;17.6095;285;285
2026-06-08T08:43:55.0000000Z;17.6025;17.6095;285;285
2026-06-08T08:43:56.0000000Z;17.6045;17.6095;285;285
2026-06-08T08:43:57.0000000Z;17.6045;17.6115;285;285
2026-06-08T08:44:28.0000000Z;17.6045;17.6115;285;285
2026-06-08T08:44:36.0000000Z;17.6025;17.6095;285;285
2026-06-08T08:45:00.0000000Z;17.6025;17.6075;285;285
2026-06-08T08:45:02.0000000Z;17.6005;17.6075;285;285
2026-06-08T08:45:21.0000000Z;17.6005;17.6075;285;285
2026-06-08T08:45:22.0000000Z;17.6;17.6055;285;285
2026-06-08T08:45:24.0000000Z;17.6;17.6075;285;285
2026-06-08T08:45:54.0000000Z;17.6;17.6075;285;285
2026-06-08T08:46:25.0000000Z;17.6;17.6075;285;285
2026-06-08T08:46:36.0000000Z;17.602;17.6075;285;285
2026-06-08T08:46:38.0000000Z;17.602;17.6095;285;285
2026-06-08T08:46:53.0000000Z;17.6025;17.6095;285;285
2026-06-08T08:46:57.0000000Z;17.6045;17.6095;285;285
2026-06-08T08:46:58.0000000Z;17.6045;17.6115;285;285
2026-06-08T08:47:18.0000000Z;17.6045;17.6095;285;285
2026-06-08T08:47:31.0000000Z;17.6045;17.6115;285;285
2026-06-08T08:48:01.0000000Z;17.6045;17.6115;285;285
2026-06-08T08:48:32.0000000Z;17.6045;17.6115;285;285
2026-06-08T08:48:54.0000000Z;17.6045;17.6095;285;285
2026-06-08T08:48:57.0000000Z;17.6025;17.6095;285;285
2026-06-08T08:49:07.0000000Z;17.6045;17.6095;285;285
2026-06-08T08:49:09.0000000Z;17.6045;17.6115;285;285
2026-06-08T08:49:40.0000000Z;17.6045;17.6115;285;285
2026-06-08T08:50:10.0000000Z;17.6045;17.6115;285;285
2026-06-08T08:50:27.0000000Z;17.576;17.628;285;285
2026-06-08T08:50:28.0000000Z;17.6005;17.617;285;285
2026-06-08T08:50:29.0000000Z;17.6055;17.6125;285;285
2026-06-08T08:50:32.0000000Z;17.6055;17.6105;285;285
2026-06-08T08:50:40.0000000Z;17.6035;17.6105;285;285
2026-06-08T08:51:10.0000000Z;17.6035;17.6105;285;285
2026-06-08T08:51:41.0000000Z;17.6035;17.6105;285;285
2026-06-08T08:52:11.0000000Z;17.6035;17.6105;285;285
2026-06-08T08:52:20.0000000Z;17.6055;17.6105;285;285
2026-06-08T08:52:24.0000000Z;17.6055;17.6125;285;285
2026-06-08T08:52:39.0000000Z;17.607;17.6125;285;285
2026-06-08T08:52:42.0000000Z;17.607;17.6145;285;285
2026-06-08T08:52:58.0000000Z;17.609;17.6145;285;285
2026-06-08T08:53:00.0000000Z;17.609;17.6165;285;285
2026-06-08T08:53:30.0000000Z;17.609;17.6165;285;285
2026-06-08T08:53:40.0000000Z;17.609;17.6145;285;285
2026-06-08T08:53:42.0000000Z;17.607;17.6145;285;285
2026-06-08T08:53:52.0000000Z;17.609;17.6145;285;285
2026-06-08T08:53:54.0000000Z;17.609;17.6165;285;285
2026-06-08T08:54:00.0000000Z;17.6095;17.6165;285;285
2026-06-08T08:54:30.0000000Z;17.6095;17.6165;285;285
2026-06-08T08:55:01.0000000Z;17.6095;17.6165;285;285
2026-06-08T08:55:31.0000000Z;17.611;17.6165;285;285
2026-06-08T08:55:44.0000000Z;17.611;17.6185;285;285
2026-06-08T08:56:03.0000000Z;17.611;17.6185;285;285
2026-06-08T08:56:14.0000000Z;17.611;17.6165;285;285
2026-06-08T08:56:17.0000000Z;17.6095;17.6165;285;285
2026-06-08T08:56:19.0000000Z;17.6095;17.6165;285;285
2026-06-08T08:56:21.0000000Z;17.6095;17.615;285;285
2026-06-08T08:56:23.0000000Z;17.611;17.6165;285;285
2026-06-08T08:56:25.0000000Z;17.611;17.6185;285;285
2026-06-08T08:56:54.0000000Z;17.611;17.6165;285;285
2026-06-08T08:56:57.0000000Z;17.611;17.6165;285;285
2026-06-08T08:56:59.0000000Z;17.611;17.6165;285;285
2026-06-08T08:57:01.0000000Z;17.6095;17.6165;285;285
2026-06-08T08:57:03.0000000Z;17.611;17.6165;285;285
2026-06-08T08:57:09.0000000Z;17.6095;17.6165;285;285
2026-06-08T08:57:10.0000000Z;17.611;17.6165;285;285
2026-06-08T08:57:13.0000000Z;17.611;17.6185;285;285
2026-06-08T08:57:25.0000000Z;17.613;17.6185;285;285
2026-06-08T08:57:26.0000000Z;17.6135;17.6185;285;285
2026-06-08T08:57:27.0000000Z;17.6135;17.6205;285;285
2026-06-08T08:57:57.0000000Z;17.6135;17.6205;285;285
2026-06-08T08:58:22.0000000Z;17.6135;17.6185;285;285
2026-06-08T08:58:23.0000000Z;17.6115;17.6185;285;285
2026-06-08T08:58:43.0000000Z;17.6115;17.6165;285;285
2026-06-08T08:58:45.0000000Z;17.6095;17.6165;285;285
2026-06-08T08:58:57.0000000Z;17.6115;17.6165;285;285
2026-06-08T08:59:06.0000000Z;17.611;17.6165;285;285
2026-06-08T08:59:07.0000000Z;17.611;17.6185;285;285
2026-06-08T08:59:37.0000000Z;17.611;17.6185;285;285
2026-06-08T08:59:45.0000000Z;17.613;17.6205;285;285
2026-06-08T08:59:54.0000000Z;17.6135;17.6205;285;285
2026-06-08T09:00:25.0000000Z;17.6135;17.6205;285;285
2026-06-08T09:00:56.0000000Z;17.6135;17.6205;285;285
2026-06-08T09:01:04.0000000Z;17.6135;17.6185;285;285
2026-06-08T09:01:06.0000000Z;17.6115;17.6185;285;285
2026-06-08T09:01:13.0000000Z;17.6135;17.6185;285;285
2026-06-08T09:01:14.0000000Z;17.6135;17.6205;285;285
2026-06-08T09:01:21.0000000Z;17.6135;17.6185;285;285
2026-06-08T09:01:22.0000000Z;17.6115;17.6185;285;285
2026-06-08T09:01:53.0000000Z;17.6115;17.6185;285;285
2026-06-08T09:02:13.0000000Z;17.613;17.6185;285;285
2026-06-08T09:02:14.0000000Z;17.6135;17.6205;285;285
2026-06-08T09:02:45.0000000Z;17.6135;17.6205;285;285
2026-06-08T09:03:01.0000000Z;17.6135;17.6185;285;285
2026-06-08T09:03:02.0000000Z;17.6115;17.6185;285;285
2026-06-08T09:03:26.0000000Z;17.6135;17.6185;285;285
2026-06-08T09:03:28.0000000Z;17.6135;17.6205;285;285
2026-06-08T09:03:34.0000000Z;17.6135;17.6185;285;285
2026-06-08T09:03:36.0000000Z;17.6115;17.6185;285;285
2026-06-08T09:04:06.0000000Z;17.6115;17.6185;285;285
2026-06-08T09:04:31.0000000Z;17.6115;17.6165;285;285
2026-06-08T09:04:34.0000000Z;17.6095;17.6165;285;285
2026-06-08T09:04:36.0000000Z;17.611;17.6165;285;285
2026-06-08T09:04:38.0000000Z;17.611;17.6185;285;285
2026-06-08T09:05:09.0000000Z;17.611;17.6185;285;285
2026-06-08T09:05:10.0000000Z;17.613;17.6185;285;285
2026-06-08T09:05:12.0000000Z;17.613;17.6205;285;285
2026-06-08T09:05:43.0000000Z;17.613;17.6205;285;285
2026-06-08T09:06:13.0000000Z;17.613;17.6205;285;285
2026-06-08T09:06:44.0000000Z;17.613;17.6205;285;285
2026-06-08T09:06:49.0000000Z;17.6135;17.6205;285;285
2026-06-08T09:07:19.0000000Z;17.6135;17.6205;285;285
2026-06-08T09:07:50.0000000Z;17.6135;17.6205;285;285
2026-06-08T09:08:20.0000000Z;17.615;17.6205;285;285
2026-06-08T09:08:21.0000000Z;17.615;17.6225;285;285
2026-06-08T09:08:50.0000000Z;17.615;17.6225;285;285
2026-06-08T09:09:12.0000000Z;17.617;17.6225;285;285
2026-06-08T09:09:13.0000000Z;17.617;17.6245;285;285
2026-06-08T09:09:21.0000000Z;17.6175;17.6245;285;285
2026-06-08T09:09:51.0000000Z;17.6175;17.6245;285;285
2026-06-08T09:10:22.0000000Z;17.6175;17.6245;285;285
2026-06-08T09:10:52.0000000Z;17.6175;17.6245;285;285
2026-06-08T09:11:23.0000000Z;17.6175;17.6245;285;285
2026-06-08T09:11:54.0000000Z;17.6175;17.6245;285;285
2026-06-08T09:12:24.0000000Z;17.6175;17.6245;285;285
2026-06-08T09:12:55.0000000Z;17.6175;17.6245;285;285
2026-06-08T09:13:25.0000000Z;17.6175;17.6245;285;285
2026-06-08T09:13:56.0000000Z;17.6175;17.6245;285;285
2026-06-08T09:14:26.0000000Z;17.6175;17.6245;285;285
2026-06-08T09:14:39.0000000Z;17.619;17.6245;285;285
2026-06-08T09:14:40.0000000Z;17.619;17.6265;285;285
2026-06-08T09:14:47.0000000Z;17.619;17.6245;285;285
2026-06-08T09:14:48.0000000Z;17.6175;17.6245;285;285
2026-06-08T09:15:18.0000000Z;17.6175;17.6245;285;285
2026-06-08T09:15:49.0000000Z;17.6175;17.6245;285;285
2026-06-08T09:16:19.0000000Z;17.6175;17.6245;285;285
2026-06-08T09:16:50.0000000Z;17.6175;17.6245;285;285
2026-06-08T09:17:20.0000000Z;17.6175;17.6245;285;285
2026-06-08T09:17:51.0000000Z;17.6175;17.6245;285;285
2026-06-08T09:18:22.0000000Z;17.6175;17.6245;285;285
2026-06-08T09:18:52.0000000Z;17.6175;17.6245;285;285
2026-06-08T09:19:23.0000000Z;17.6175;17.6245;285;285
2026-06-08T09:19:53.0000000Z;17.6175;17.6245;285;285
2026-06-08T09:20:15.0000000Z;17.619;17.6245;285;285
2026-06-08T09:20:18.0000000Z;17.619;17.6265;285;285
2026-06-08T09:20:37.0000000Z;17.6195;17.6265;285;285
2026-06-08T09:21:05.0000000Z;17.6195;17.625;285;285
2026-06-08T09:21:06.0000000Z;17.6175;17.625;285;285
2026-06-08T09:21:37.0000000Z;17.6175;17.625;285;285
2026-06-08T09:21:41.0000000Z;17.6195;17.625;285;285
2026-06-08T09:21:42.0000000Z;17.6195;17.627;285;285
2026-06-08T09:22:12.0000000Z;17.6195;17.627;285;285
2026-06-08T09:22:28.0000000Z;17.6215;17.627;285;285
2026-06-08T09:22:31.0000000Z;17.6215;17.629;285;285
2026-06-08T09:22:40.0000000Z;17.6215;17.627;285;285
2026-06-08T09:22:43.0000000Z;17.6195;17.627;285;285
2026-06-08T09:23:10.0000000Z;17.6195;17.627;285;285
2026-06-08T09:23:40.0000000Z;17.6195;17.627;285;285
2026-06-08T09:24:11.0000000Z;17.6195;17.627;285;285
2026-06-08T09:24:31.0000000Z;17.619;17.626;285;285
2026-06-08T09:25:02.0000000Z;17.619;17.626;285;285
2026-06-08T09:25:32.0000000Z;17.619;17.626;285;285
2026-06-08T09:26:03.0000000Z;17.619;17.626;285;285
2026-06-08T09:26:13.0000000Z;17.6205;17.626;285;285
2026-06-08T09:26:16.0000000Z;17.6205;17.628;285;285
2026-06-08T09:26:46.0000000Z;17.6205;17.628;285;285
2026-06-08T09:27:16.0000000Z;17.6205;17.628;285;285
2026-06-08T09:27:25.0000000Z;17.6225;17.628;285;285
2026-06-08T09:27:26.0000000Z;17.6225;17.63;285;285
2026-06-08T09:27:55.0000000Z;17.6225;17.63;285;285
2026-06-08T09:28:03.0000000Z;17.625;17.63;285;285
2026-06-08T09:28:04.0000000Z;17.625;17.632;285;285
2026-06-08T09:28:35.0000000Z;17.625;17.632;285;285
2026-06-08T09:29:06.0000000Z;17.625;17.632;285;285
2026-06-08T09:29:36.0000000Z;17.625;17.632;285;285
2026-06-08T09:30:02.0000000Z;17.6265;17.632;285;285
2026-06-08T09:30:05.0000000Z;17.6265;17.634;285;285
2026-06-08T09:30:33.0000000Z;17.6265;17.632;285;285
2026-06-08T09:30:35.0000000Z;17.625;17.632;285;285
2026-06-08T09:31:06.0000000Z;17.625;17.632;285;285
2026-06-08T09:31:36.0000000Z;17.625;17.632;285;285
2026-06-08T09:31:54.0000000Z;17.6265;17.632;285;285
2026-06-08T09:31:55.0000000Z;17.6265;17.634;285;285
2026-06-08T09:31:56.0000000Z;17.6285;17.634;285;285
2026-06-08T09:31:57.0000000Z;17.629;17.636;285;285
2026-06-08T09:32:27.0000000Z;17.629;17.636;285;285
2026-06-08T09:32:50.0000000Z;17.629;17.6335;285;285
2026-06-08T09:32:53.0000000Z;17.6265;17.6335;285;285
2026-06-08T09:33:23.0000000Z;17.6285;17.6335;285;285
2026-06-08T09:33:25.0000000Z;17.6285;17.6355;285;285
2026-06-08T09:33:55.0000000Z;17.6285;17.6355;285;285
2026-06-08T09:34:16.0000000Z;17.63;17.6355;285;285
2026-06-08T09:34:18.0000000Z;17.63;17.6375;285;285
2026-06-08T09:34:48.0000000Z;17.63;17.6375;285;285
2026-06-08T09:35:13.0000000Z;17.63;17.6355;285;285
2026-06-08T09:35:16.0000000Z;17.6285;17.6355;285;285
2026-06-08T09:35:44.0000000Z;17.6285;17.6355;285;285
2026-06-08T09:35:54.0000000Z;17.63;17.6355;285;285
2026-06-08T09:35:56.0000000Z;17.63;17.6375;285;285
2026-06-08T09:36:27.0000000Z;17.63;17.6375;285;285
2026-06-08T09:36:44.0000000Z;17.6235;17.761;285;285
2026-06-08T09:36:47.0000000Z;17.6245;17.753;285;285
2026-06-08T09:36:50.0000000Z;17.6245;17.7455;285;285
2026-06-08T09:36:52.0000000Z;17.6245;17.7405;285;285
2026-06-08T09:36:53.0000000Z;17.5975;17.7305;285;285
2026-06-08T09:36:54.0000000Z;17.5975;17.7235;285;285
2026-06-08T09:36:56.0000000Z;17.5975;17.7105;285;285
2026-06-08T09:36:58.0000000Z;17.5975;17.7055;285;285
2026-06-08T09:37:00.0000000Z;17.5905;17.7055;285;285
2026-06-08T09:37:02.0000000Z;17.591;17.6995;285;285
2026-06-08T09:37:04.0000000Z;17.591;17.6925;285;285
2026-06-08T09:37:06.0000000Z;17.591;17.6805;285;285
2026-06-08T09:37:07.0000000Z;17.591;17.6745;285;285
2026-06-08T09:37:09.0000000Z;17.591;17.6695;285;285
2026-06-08T09:37:10.0000000Z;17.591;17.6605;285;285
2026-06-08T09:37:11.0000000Z;17.591;17.6595;285;285
2026-06-08T09:37:14.0000000Z;17.6145;17.6485;285;285
2026-06-08T09:37:15.0000000Z;17.6145;17.6475;285;285
2026-06-08T09:37:17.0000000Z;17.616;17.6475;285;285
2026-06-08T09:37:21.0000000Z;17.616;17.648;285;285
2026-06-08T09:37:23.0000000Z;17.615;17.6465;285;285
2026-06-08T09:37:34.0000000Z;17.615;17.648;285;285
2026-06-08T09:37:40.0000000Z;17.615;17.6445;285;285
2026-06-08T09:37:47.0000000Z;17.615;17.644;285;285
2026-06-08T09:37:50.0000000Z;17.615;17.6445;285;285
2026-06-08T09:38:02.0000000Z;17.615;17.646;285;285
2026-06-08T09:38:05.0000000Z;17.615;17.6455;285;285
2026-06-08T09:38:06.0000000Z;17.6145;17.6455;285;285
2026-06-08T09:38:15.0000000Z;17.6145;17.6485;285;285
2026-06-08T09:38:20.0000000Z;17.6145;17.647;285;285
2026-06-08T09:38:24.0000000Z;17.6155;17.6455;285;285
2026-06-08T09:38:33.0000000Z;17.6155;17.6445;285;285
2026-06-08T09:38:39.0000000Z;17.6145;17.6445;285;285
2026-06-08T09:38:49.0000000Z;17.6155;17.6445;285;285
2026-06-08T09:38:52.0000000Z;17.6165;17.6445;285;285
2026-06-08T09:38:55.0000000Z;17.6165;17.647;285;285
2026-06-08T09:38:57.0000000Z;17.6165;17.6455;285;285
2026-06-08T09:38:59.0000000Z;17.6155;17.6445;285;285
2026-06-08T09:39:00.0000000Z;17.6155;17.6435;285;285
2026-06-08T09:39:11.0000000Z;17.6155;17.6425;285;285
2026-06-08T09:39:41.0000000Z;17.6145;17.6425;285;285
2026-06-08T09:40:05.0000000Z;17.6165;17.6425;285;285
2026-06-08T09:40:08.0000000Z;17.619;17.6425;285;285
2026-06-08T09:40:11.0000000Z;17.619;17.646;285;285
2026-06-08T09:40:18.0000000Z;17.62;17.646;285;285
2026-06-08T09:40:25.0000000Z;17.619;17.646;285;285
2026-06-08T09:40:26.0000000Z;17.62;17.646;285;285
2026-06-08T09:40:33.0000000Z;17.619;17.646;285;285
2026-06-08T09:40:56.0000000Z;17.62;17.646;285;285
2026-06-08T09:41:03.0000000Z;17.6195;17.646;285;285
2026-06-08T09:41:07.0000000Z;17.621;17.646;285;285
2026-06-08T09:41:11.0000000Z;17.622;17.646;285;285
2026-06-08T09:41:41.0000000Z;17.622;17.646;285;285
2026-06-08T09:42:02.0000000Z;17.619;17.646;285;285
2026-06-08T09:42:33.0000000Z;17.6165;17.646;285;285
2026-06-08T09:42:41.0000000Z;17.618;17.646;285;285
2026-06-08T09:43:11.0000000Z;17.618;17.646;285;285
2026-06-08T09:43:33.0000000Z;17.6165;17.646;285;285
2026-06-08T09:43:35.0000000Z;17.618;17.646;285;285
2026-06-08T09:43:42.0000000Z;17.619;17.646;285;285
2026-06-08T09:43:46.0000000Z;17.622;17.646;285;285
2026-06-08T09:44:16.0000000Z;17.622;17.646;285;285
2026-06-08T09:44:27.0000000Z;17.623;17.646;285;285
2026-06-08T09:44:28.0000000Z;17.6235;17.646;285;285
2026-06-08T09:44:34.0000000Z;17.6225;17.646;285;285
2026-06-08T09:44:43.0000000Z;17.632;17.639;285;285
2026-06-08T09:45:13.0000000Z;17.632;17.639;285;285
2026-06-08T09:45:20.0000000Z;17.6315;17.639;285;285
2026-06-08T09:45:45.0000000Z;17.6315;17.6375;285;285
2026-06-08T09:45:48.0000000Z;17.6295;17.6375;285;285
2026-06-08T09:46:19.0000000Z;17.6295;17.6375;285;285
2026-06-08T09:46:49.0000000Z;17.6295;17.6375;285;285
2026-06-08T09:47:20.0000000Z;17.6295;17.6375;285;285
2026-06-08T09:47:50.0000000Z;17.6295;17.6375;285;285
2026-06-08T09:47:53.0000000Z;17.6295;17.6355;285;285
2026-06-08T09:47:54.0000000Z;17.6275;17.6355;285;285
2026-06-08T09:48:25.0000000Z;17.6275;17.6355;285;285
2026-06-08T09:48:55.0000000Z;17.6275;17.6355;285;285
2026-06-08T09:49:26.0000000Z;17.6275;17.6355;285;285
2026-06-08T09:49:36.0000000Z;17.628;17.6355;285;285
2026-06-08T09:49:42.0000000Z;17.6275;17.6355;285;285
2026-06-08T09:50:13.0000000Z;17.6275;17.6355;285;285
2026-06-08T09:50:38.0000000Z;17.6275;17.633;285;285
2026-06-08T09:50:41.0000000Z;17.6255;17.633;285;285
2026-06-08T09:51:09.0000000Z;17.6255;17.633;285;285
2026-06-08T09:51:39.0000000Z;17.6255;17.633;285;285
2026-06-08T09:52:10.0000000Z;17.6255;17.633;285;285
2026-06-08T09:52:40.0000000Z;17.6255;17.633;285;285
2026-06-08T09:52:47.0000000Z;17.628;17.633;285;285
2026-06-08T09:52:49.0000000Z;17.628;17.635;285;285
2026-06-08T09:53:19.0000000Z;17.628;17.635;285;285
2026-06-08T09:53:42.0000000Z;17.628;17.633;285;285
2026-06-08T09:53:43.0000000Z;17.626;17.633;285;285
2026-06-08T09:54:00.0000000Z;17.6255;17.631;285;285
2026-06-08T09:54:02.0000000Z;17.6235;17.631;285;285
2026-06-08T09:54:05.0000000Z;17.6255;17.631;285;285
2026-06-08T09:54:08.0000000Z;17.6255;17.633;285;285
2026-06-08T09:54:36.0000000Z;17.6255;17.633;285;285
2026-06-08T09:55:06.0000000Z;17.6255;17.633;285;285
2026-06-08T09:55:15.0000000Z;17.6255;17.631;285;285
2026-06-08T09:55:16.0000000Z;17.6235;17.631;285;285
2026-06-08T09:55:28.0000000Z;17.6235;17.6295;285;285
2026-06-08T09:55:30.0000000Z;17.622;17.6295;285;285
2026-06-08T09:56:00.0000000Z;17.622;17.6295;285;285
2026-06-08T09:56:06.0000000Z;17.6215;17.6295;285;285
2026-06-08T09:56:37.0000000Z;17.6215;17.6295;285;285
2026-06-08T09:57:07.0000000Z;17.6215;17.6295;285;285
2026-06-08T09:57:38.0000000Z;17.6215;17.6295;285;285
2026-06-08T09:58:09.0000000Z;17.6215;17.6295;285;285
2026-06-08T09:58:39.0000000Z;17.6215;17.6295;285;285
2026-06-08T09:58:40.0000000Z;17.6215;17.627;285;285
2026-06-08T09:58:43.0000000Z;17.6195;17.627;285;285
2026-06-08T09:59:11.0000000Z;17.6215;17.627;285;285
2026-06-08T09:59:13.0000000Z;17.6215;17.629;285;285
2026-06-08T09:59:36.0000000Z;17.6215;17.627;285;285
2026-06-08T09:59:37.0000000Z;17.6195;17.627;285;285
2026-06-08T09:59:58.0000000Z;17.6215;17.627;285;285
2026-06-08T10:00:01.0000000Z;17.6215;17.629;285;285
2026-06-08T10:00:18.0000000Z;17.6235;17.629;285;285
2026-06-08T10:00:19.0000000Z;17.6235;17.631;285;285
2026-06-08T10:00:50.0000000Z;17.6235;17.631;285;285
2026-06-08T10:01:20.0000000Z;17.6235;17.631;285;285
2026-06-08T10:01:47.0000000Z;17.6235;17.629;285;285
2026-06-08T10:01:49.0000000Z;17.622;17.629;285;285
2026-06-08T10:02:01.0000000Z;17.6175;17.662;285;285
2026-06-08T10:02:03.0000000Z;17.6245;17.632;285;285
2026-06-08T10:02:10.0000000Z;17.6245;17.63;285;285
2026-06-08T10:02:12.0000000Z;17.6245;17.628;285;285
2026-06-08T10:02:13.0000000Z;17.6205;17.628;285;285
2026-06-08T10:02:14.0000000Z;17.6205;17.6265;285;285
2026-06-08T10:02:15.0000000Z;17.6185;17.6265;285;285
2026-06-08T10:02:34.0000000Z;17.6185;17.6265;285;285
2026-06-08T10:02:41.0000000Z;17.619;17.6265;285;285
2026-06-08T10:02:42.0000000Z;17.6185;17.6265;285;285
2026-06-08T10:02:48.0000000Z;17.619;17.6265;285;285
2026-06-08T10:02:58.0000000Z;17.6185;17.6265;285;285
2026-06-08T10:03:00.0000000Z;17.619;17.6265;285;285
2026-06-08T10:03:22.0000000Z;17.6205;17.6265;285;285
2026-06-08T10:03:24.0000000Z;17.6205;17.628;285;285
2026-06-08T10:03:34.0000000Z;17.621;17.628;285;285
2026-06-08T10:04:05.0000000Z;17.621;17.628;285;285
2026-06-08T10:04:35.0000000Z;17.621;17.628;285;285
2026-06-08T10:05:06.0000000Z;17.621;17.628;285;285
2026-06-08T10:05:20.0000000Z;17.6225;17.628;285;285
2026-06-08T10:05:22.0000000Z;17.6225;17.63;285;285
2026-06-08T10:05:37.0000000Z;17.625;17.63;285;285
2026-06-08T10:05:38.0000000Z;17.625;17.632;285;285
2026-06-08T10:06:09.0000000Z;17.625;17.632;285;285
2026-06-08T10:06:13.0000000Z;17.625;17.63;285;285
2026-06-08T10:06:26.0000000Z;17.625;17.628;285;285
2026-06-08T10:06:29.0000000Z;17.62;17.628;285;285
2026-06-08T10:06:32.0000000Z;17.6205;17.628;285;285
2026-06-08T10:06:46.0000000Z;17.6205;17.6255;285;285
2026-06-08T10:06:49.0000000Z;17.6185;17.6255;285;285
2026-06-08T10:06:53.0000000Z;17.618;17.6255;285;285
2026-06-08T10:07:05.0000000Z;17.618;17.6235;285;285
2026-06-08T10:07:07.0000000Z;17.616;17.6235;285;285
2026-06-08T10:07:38.0000000Z;17.616;17.6235;285;285
2026-06-08T10:07:48.0000000Z;17.618;17.6235;285;285
2026-06-08T10:07:51.0000000Z;17.618;17.6255;285;285
2026-06-08T10:08:18.0000000Z;17.618;17.6255;285;285
2026-06-08T10:08:49.0000000Z;17.618;17.6255;285;285
2026-06-08T10:08:50.0000000Z;17.6185;17.6255;285;285
2026-06-08T10:08:53.0000000Z;17.6205;17.6255;285;285
2026-06-08T10:08:55.0000000Z;17.6205;17.628;285;285
2026-06-08T10:09:08.0000000Z;17.6205;17.626;285;285
2026-06-08T10:09:09.0000000Z;17.619;17.626;285;285
2026-06-08T10:09:18.0000000Z;17.6185;17.626;285;285
2026-06-08T10:09:44.0000000Z;17.6185;17.624;285;285
2026-06-08T10:09:46.0000000Z;17.6165;17.624;285;285
2026-06-08T10:10:14.0000000Z;17.6165;17.624;285;285
2026-06-08T10:10:45.0000000Z;17.6165;17.624;285;285
2026-06-08T10:11:15.0000000Z;17.6165;17.624;285;285
2026-06-08T10:11:46.0000000Z;17.6165;17.624;285;285
2026-06-08T10:12:17.0000000Z;17.6165;17.624;285;285
2026-06-08T10:12:31.0000000Z;17.6185;17.624;285;285
2026-06-08T10:12:32.0000000Z;17.6185;17.626;285;285
2026-06-08T10:13:02.0000000Z;17.6185;17.626;285;285
2026-06-08T10:13:27.0000000Z;17.6185;17.6245;285;285
2026-06-08T10:13:29.0000000Z;17.6165;17.6245;285;285
2026-06-08T10:13:31.0000000Z;17.6185;17.6245;285;285
2026-06-08T10:13:33.0000000Z;17.6185;17.626;285;285
2026-06-08T10:14:03.0000000Z;17.6185;17.626;285;285
2026-06-08T10:14:16.0000000Z;17.6185;17.624;285;285
2026-06-08T10:14:19.0000000Z;17.6165;17.624;285;285
2026-06-08T10:14:49.0000000Z;17.6165;17.624;285;285
2026-06-08T10:15:20.0000000Z;17.6165;17.624;285;285
2026-06-08T10:15:42.0000000Z;17.6185;17.624;285;285
2026-06-08T10:15:43.0000000Z;17.6185;17.624;285;285
2026-06-08T10:15:45.0000000Z;17.6165;17.624;285;285
2026-06-08T10:16:14.0000000Z;17.6165;17.624;285;285
2026-06-08T10:16:19.0000000Z;17.6185;17.624;285;285
2026-06-08T10:16:21.0000000Z;17.6185;17.626;285;285
2026-06-08T10:16:53.0000000Z;17.6185;17.626;285;285
2026-06-08T10:17:23.0000000Z;17.6185;17.626;285;285
2026-06-08T10:17:54.0000000Z;17.6185;17.626;285;285
2026-06-08T10:18:24.0000000Z;17.6185;17.626;285;285
2026-06-08T10:18:55.0000000Z;17.6185;17.626;285;285
2026-06-08T10:19:01.0000000Z;17.6185;17.624;285;285
2026-06-08T10:19:02.0000000Z;17.6165;17.624;285;285
2026-06-08T10:19:31.0000000Z;17.6165;17.624;285;285
2026-06-08T10:20:02.0000000Z;17.6165;17.624;285;285
2026-06-08T10:20:32.0000000Z;17.6165;17.624;285;285
2026-06-08T10:21:03.0000000Z;17.6165;17.624;285;285
2026-06-08T10:21:33.0000000Z;17.6165;17.624;285;285
2026-06-08T10:22:04.0000000Z;17.6165;17.624;285;285
2026-06-08T10:22:24.0000000Z;17.6165;17.622;285;285
2026-06-08T10:22:25.0000000Z;17.615;17.622;285;285
2026-06-08T10:22:54.0000000Z;17.615;17.622;285;285
2026-06-08T10:23:24.0000000Z;17.615;17.622;285;285
2026-06-08T10:23:35.0000000Z;17.6165;17.622;285;285
2026-06-08T10:23:38.0000000Z;17.6165;17.624;285;285
2026-06-08T10:24:07.0000000Z;17.6165;17.624;285;285
2026-06-08T10:24:38.0000000Z;17.6165;17.624;285;285
2026-06-08T10:25:08.0000000Z;17.6165;17.624;285;285
2026-06-08T10:25:39.0000000Z;17.6165;17.624;285;285
2026-06-08T10:25:42.0000000Z;17.6165;17.622;285;285
2026-06-08T10:25:44.0000000Z;17.615;17.622;285;285
2026-06-08T10:25:50.0000000Z;17.6145;17.622;285;285
2026-06-08T10:25:54.0000000Z;17.6145;17.6205;285;285
2026-06-08T10:25:56.0000000Z;17.6125;17.6205;285;285
2026-06-08T10:26:27.0000000Z;17.6125;17.6205;285;285
2026-06-08T10:26:39.0000000Z;17.615;17.6205;285;285
2026-06-08T10:26:40.0000000Z;17.615;17.622;285;285
2026-06-08T10:26:54.0000000Z;17.6145;17.622;285;285
2026-06-08T10:27:06.0000000Z;17.6165;17.622;285;285
2026-06-08T10:27:08.0000000Z;17.6165;17.624;285;285
2026-06-08T10:27:37.0000000Z;17.6165;17.624;285;285
2026-06-08T10:28:07.0000000Z;17.6165;17.624;285;285
2026-06-08T10:28:38.0000000Z;17.6165;17.624;285;285
2026-06-08T10:29:09.0000000Z;17.6165;17.624;285;285
2026-06-08T10:29:10.0000000Z;17.6185;17.624;285;285
2026-06-08T10:29:13.0000000Z;17.6185;17.626;285;285
2026-06-08T10:29:16.0000000Z;17.6185;17.6255;285;285
2026-06-08T10:29:17.0000000Z;17.6185;17.626;285;285
2026-06-08T10:29:18.0000000Z;17.6185;17.625;285;285
2026-06-08T10:29:19.0000000Z;17.618;17.625;285;285
2026-06-08T10:29:46.0000000Z;17.618;17.6235;285;285
2026-06-08T10:29:47.0000000Z;17.618;17.6235;285;285
2026-06-08T10:29:49.0000000Z;17.618;17.625;285;285
2026-06-08T10:29:59.0000000Z;17.6175;17.625;285;285
2026-06-08T10:30:01.0000000Z;17.617;17.624;285;285
2026-06-08T10:30:31.0000000Z;17.617;17.624;285;285
2026-06-08T10:31:02.0000000Z;17.617;17.624;285;285
2026-06-08T10:31:32.0000000Z;17.617;17.624;285;285
2026-06-08T10:31:53.0000000Z;17.6185;17.624;285;285
2026-06-08T10:31:54.0000000Z;17.6185;17.6265;285;285
2026-06-08T10:32:19.0000000Z;17.6185;17.624;285;285
2026-06-08T10:32:22.0000000Z;17.617;17.624;285;285
2026-06-08T10:32:38.0000000Z;17.6165;17.624;285;285
2026-06-08T10:32:40.0000000Z;17.6165;17.622;285;285
2026-06-08T10:32:42.0000000Z;17.6145;17.6205;285;285
2026-06-08T10:32:44.0000000Z;17.6125;17.6205;285;285
2026-06-08T10:33:05.0000000Z;17.6145;17.6205;285;285
2026-06-08T10:33:08.0000000Z;17.6145;17.622;285;285
2026-06-08T10:33:39.0000000Z;17.6145;17.622;285;285
2026-06-08T10:33:45.0000000Z;17.6145;17.6205;285;285
2026-06-08T10:33:46.0000000Z;17.613;17.6205;285;285
2026-06-08T10:34:02.0000000Z;17.6145;17.6205;285;285
2026-06-08T10:34:04.0000000Z;17.6145;17.622;285;285
2026-06-08T10:34:10.0000000Z;17.6145;17.618;285;285
2026-06-08T10:34:13.0000000Z;17.612;17.618;285;285
2026-06-08T10:34:14.0000000Z;17.612;17.616;285;285
2026-06-08T10:34:19.0000000Z;17.5905;17.6245;285;285
2026-06-08T10:34:22.0000000Z;17.5905;17.629;285;285
2026-06-08T10:34:24.0000000Z;17.5905;17.6295;285;285
2026-06-08T10:34:28.0000000Z;17.5905;17.629;285;285
2026-06-08T10:34:30.0000000Z;17.5905;17.6265;285;285
2026-06-08T10:34:32.0000000Z;17.5905;17.6235;285;285
2026-06-08T10:34:33.0000000Z;17.5865;17.6235;285;285
2026-06-08T10:34:35.0000000Z;17.5205;17.685;285;285
2026-06-08T10:34:36.0000000Z;17.5205;17.682;285;285
2026-06-08T10:34:38.0000000Z;17.522;17.671;285;285
2026-06-08T10:34:41.0000000Z;17.522;17.658;285;285
2026-06-08T10:34:42.0000000Z;17.522;17.632;285;285
2026-06-08T10:34:44.0000000Z;17.5205;17.646;285;285
2026-06-08T10:34:45.0000000Z;17.52;17.639;285;285
2026-06-08T10:34:47.0000000Z;17.52;17.633;285;285
2026-06-08T10:34:50.0000000Z;17.521;17.633;285;285
2026-06-08T10:34:51.0000000Z;17.5215;17.6365;285;285
2026-06-08T10:34:53.0000000Z;17.5215;17.6395;285;285
2026-06-08T10:34:54.0000000Z;17.5215;17.638;285;285
2026-06-08T10:34:55.0000000Z;17.5215;17.6395;285;285
2026-06-08T10:34:56.0000000Z;17.5215;17.6355;285;285
2026-06-08T10:34:58.0000000Z;17.5215;17.6425;285;285
2026-06-08T10:34:59.0000000Z;17.5205;17.7485;285;285
2026-06-08T10:35:01.0000000Z;17.5205;17.7465;285;285
2026-06-08T10:35:02.0000000Z;17.522;17.7345;285;285
2026-06-08T10:35:04.0000000Z;17.522;17.726;285;285
2026-06-08T10:35:07.0000000Z;17.522;17.682;285;285
2026-06-08T10:35:08.0000000Z;17.522;17.663;285;285
2026-06-08T10:35:11.0000000Z;17.522;17.641;285;285
2026-06-08T10:35:12.0000000Z;17.522;17.635;285;285
2026-06-08T10:35:13.0000000Z;17.522;17.631;285;285
2026-06-08T10:35:14.0000000Z;17.5235;17.635;285;285
2026-06-08T10:35:15.0000000Z;17.5235;17.64;285;285
2026-06-08T10:35:17.0000000Z;17.5235;17.633;285;285
2026-06-08T10:35:19.0000000Z;17.5235;17.637;285;285
2026-06-08T10:35:20.0000000Z;17.5235;17.633;285;285
2026-06-08T10:35:21.0000000Z;17.522;17.631;285;285
2026-06-08T10:35:23.0000000Z;17.522;17.631;285;285
2026-06-08T10:35:26.0000000Z;17.5235;17.638;285;285
2026-06-08T10:35:29.0000000Z;17.5235;17.631;285;285
2026-06-08T10:35:31.0000000Z;17.5235;17.604;285;285
2026-06-08T10:35:32.0000000Z;17.5235;17.6035;285;285
2026-06-08T10:35:33.0000000Z;17.5235;17.604;285;285
2026-06-08T10:35:37.0000000Z;17.5235;17.64;285;285
2026-06-08T10:35:38.0000000Z;17.525;17.64;285;285
2026-06-08T10:35:45.0000000Z;17.5235;17.64;285;285
2026-06-08T10:35:50.0000000Z;17.525;17.64;285;285
2026-06-08T10:35:57.0000000Z;17.5235;17.654;285;285
2026-06-08T10:36:02.0000000Z;17.525;17.654;285;285
2026-06-08T10:36:05.0000000Z;17.525;17.752;285;285
2026-06-08T10:36:08.0000000Z;17.525;17.7505;285;285
2026-06-08T10:36:14.0000000Z;17.5265;17.7505;285;285
2026-06-08T10:36:15.0000000Z;17.5265;17.7535;285;285
2026-06-08T10:36:16.0000000Z;17.5265;17.7505;285;285
2026-06-08T10:36:17.0000000Z;17.5265;17.7485;285;285
2026-06-08T10:36:18.0000000Z;17.5265;17.7475;285;285
2026-06-08T10:36:19.0000000Z;17.5265;17.7445;285;285
2026-06-08T10:36:20.0000000Z;17.5265;17.6895;285;285
2026-06-08T10:36:21.0000000Z;17.525;17.6895;285;285
2026-06-08T10:36:22.0000000Z;17.525;17.689;285;285
2026-06-08T10:36:26.0000000Z;17.5265;17.689;285;285
2026-06-08T10:36:27.0000000Z;17.5265;17.758;285;285
2026-06-08T10:36:32.0000000Z;17.5265;17.7555;285;285
2026-06-08T10:36:33.0000000Z;17.525;17.7555;285;285
2026-06-08T10:36:37.0000000Z;17.525;17.7545;285;285
2026-06-08T10:36:38.0000000Z;17.5265;17.7545;285;285
2026-06-08T10:36:39.0000000Z;17.5265;17.7525;285;285
2026-06-08T10:36:44.0000000Z;17.5265;17.7515;285;285
2026-06-08T10:36:45.0000000Z;17.525;17.75;285;285
2026-06-08T10:36:50.0000000Z;17.5265;17.75;285;285
2026-06-08T10:36:57.0000000Z;17.525;17.7535;285;285
2026-06-08T10:37:02.0000000Z;17.5265;17.7535;285;285
2026-06-08T10:37:05.0000000Z;17.5265;17.7525;285;285
2026-06-08T10:37:07.0000000Z;17.5265;17.7515;285;285
2026-06-08T10:37:08.0000000Z;17.5265;17.75;285;285
2026-06-08T10:37:14.0000000Z;17.528;17.75;285;285
2026-06-08T10:37:15.0000000Z;17.528;17.7535;285;285
2026-06-08T10:37:20.0000000Z;17.528;17.752;285;285
2026-06-08T10:37:21.0000000Z;17.5265;17.752;285;285
2026-06-08T10:37:25.0000000Z;17.583;17.652;285;285
2026-06-08T10:37:32.0000000Z;17.583;17.6505;285;285
2026-06-08T10:37:38.0000000Z;17.584;17.6505;285;285
2026-06-08T10:37:39.0000000Z;17.5845;17.6505;285;285
2026-06-08T10:37:44.0000000Z;17.5845;17.649;285;285
2026-06-08T10:37:45.0000000Z;17.583;17.649;285;285
2026-06-08T10:37:50.0000000Z;17.5845;17.649;285;285
2026-06-08T10:37:55.0000000Z;17.5845;17.6505;285;285
2026-06-08T10:37:56.0000000Z;17.5845;17.649;285;285
2026-06-08T10:37:58.0000000Z;17.583;17.649;285;285
2026-06-08T10:38:02.0000000Z;17.5845;17.649;285;285
2026-06-08T10:38:04.0000000Z;17.5845;17.6505;285;285
2026-06-08T10:38:08.0000000Z;17.5845;17.649;285;285
2026-06-08T10:38:14.0000000Z;17.586;17.649;285;285
2026-06-08T10:38:16.0000000Z;17.586;17.6505;285;285
2026-06-08T10:38:21.0000000Z;17.586;17.649;285;285
2026-06-08T10:38:22.0000000Z;17.5845;17.649;285;285
2026-06-08T10:38:26.0000000Z;17.586;17.649;285;285
2026-06-08T10:38:28.0000000Z;17.586;17.6505;285;285
2026-06-08T10:38:34.0000000Z;17.5845;17.649;285;285
2026-06-08T10:38:38.0000000Z;17.586;17.649;285;285
2026-06-08T10:38:45.0000000Z;17.586;17.648;285;285
2026-06-08T10:38:46.0000000Z;17.5845;17.6475;285;285
2026-06-08T10:38:50.0000000Z;17.586;17.6475;285;285
2026-06-08T10:38:52.0000000Z;17.602;17.6355;285;285
2026-06-08T10:38:56.0000000Z;17.602;17.634;285;285
2026-06-08T10:39:02.0000000Z;17.6035;17.634;285;285
2026-06-08T10:39:04.0000000Z;17.6035;17.635;285;285
2026-06-08T10:39:08.0000000Z;17.602;17.634;285;285
2026-06-08T10:39:39.0000000Z;17.602;17.634;285;285
2026-06-08T10:40:04.0000000Z;17.602;17.6355;285;285
2026-06-08T10:40:35.0000000Z;17.602;17.6355;285;285
2026-06-08T10:41:05.0000000Z;17.602;17.6355;285;285
2026-06-08T10:41:16.0000000Z;17.602;17.633;285;285
2026-06-08T10:41:19.0000000Z;17.605;17.633;285;285
2026-06-08T10:41:21.0000000Z;17.605;17.632;285;285
2026-06-08T10:41:52.0000000Z;17.605;17.632;285;285
2026-06-08T10:42:09.0000000Z;17.6065;17.632;285;285
2026-06-08T10:42:12.0000000Z;17.6065;17.634;285;285
2026-06-08T10:42:16.0000000Z;17.6065;17.633;285;285
2026-06-08T10:42:46.0000000Z;17.6065;17.633;285;285
2026-06-08T10:43:01.0000000Z;17.605;17.633;285;285
2026-06-08T10:43:28.0000000Z;17.605;17.632;285;285
2026-06-08T10:43:59.0000000Z;17.605;17.632;285;285
2026-06-08T10:44:00.0000000Z;17.605;17.631;285;285
2026-06-08T10:44:03.0000000Z;17.6035;17.631;285;285
2026-06-08T10:44:31.0000000Z;17.6045;17.631;285;285
2026-06-08T10:44:48.0000000Z;17.6045;17.6295;285;285
2026-06-08T10:45:18.0000000Z;17.6045;17.6295;285;285
2026-06-08T10:45:22.0000000Z;17.6035;17.6295;285;285
2026-06-08T10:45:23.0000000Z;17.6045;17.6295;285;285
2026-06-08T10:45:28.0000000Z;17.613;17.6205;285;285
2026-06-08T10:45:54.0000000Z;17.615;17.6205;285;285
2026-06-08T10:45:55.0000000Z;17.615;17.6225;285;285
2026-06-08T10:46:06.0000000Z;17.615;17.6205;285;285
2026-06-08T10:46:07.0000000Z;17.613;17.6205;285;285
2026-06-08T10:46:37.0000000Z;17.613;17.6205;285;285
2026-06-08T10:46:55.0000000Z;17.613;17.6185;285;285
2026-06-08T10:46:57.0000000Z;17.6115;17.6185;285;285
2026-06-08T10:47:28.0000000Z;17.6115;17.6185;285;285
2026-06-08T10:47:58.0000000Z;17.6115;17.6185;285;285
2026-06-08T10:48:29.0000000Z;17.6115;17.6185;285;285
2026-06-08T10:48:52.0000000Z;17.6115;17.6165;285;285
2026-06-08T10:48:53.0000000Z;17.6095;17.6165;285;285
2026-06-08T10:48:55.0000000Z;17.609;17.6165;285;285
2026-06-08T10:49:26.0000000Z;17.609;17.6165;285;285
2026-06-08T10:49:56.0000000Z;17.609;17.6165;285;285
2026-06-08T10:50:00.0000000Z;17.611;17.6165;285;285
2026-06-08T10:50:04.0000000Z;17.611;17.6185;285;285
2026-06-08T10:50:17.0000000Z;17.611;17.6165;285;285
2026-06-08T10:50:20.0000000Z;17.609;17.6165;285;285
2026-06-08T10:50:50.0000000Z;17.609;17.6165;285;285
2026-06-08T10:51:02.0000000Z;17.611;17.6165;285;285
2026-06-08T10:51:04.0000000Z;17.611;17.6185;285;285
2026-06-08T10:51:07.0000000Z;17.611;17.6165;285;285
2026-06-08T10:51:08.0000000Z;17.609;17.6165;285;285
2026-06-08T10:51:11.0000000Z;17.611;17.6165;285;285
2026-06-08T10:51:14.0000000Z;17.611;17.6185;285;285
2026-06-08T10:51:20.0000000Z;17.611;17.6165;285;285
2026-06-08T10:51:22.0000000Z;17.609;17.6165;285;285
2026-06-08T10:51:53.0000000Z;17.609;17.6165;285;285
2026-06-08T10:52:01.0000000Z;17.6095;17.6165;285;285
2026-06-08T10:52:31.0000000Z;17.6095;17.6165;285;285
2026-06-08T10:52:46.0000000Z;17.609;17.6165;285;285
2026-06-08T10:53:16.0000000Z;17.609;17.6165;285;285
2026-06-08T10:53:20.0000000Z;17.611;17.6165;285;285
2026-06-08T10:53:22.0000000Z;17.611;17.6185;285;285
2026-06-08T10:53:53.0000000Z;17.611;17.6185;285;285
2026-06-08T10:54:23.0000000Z;17.611;17.6185;285;285
2026-06-08T10:54:54.0000000Z;17.611;17.6185;285;285
2026-06-08T10:54:56.0000000Z;17.611;17.6165;285;285
2026-06-08T10:55:08.0000000Z;17.6095;17.6165;285;285
2026-06-08T10:55:11.0000000Z;17.609;17.6165;285;285
2026-06-08T10:55:38.0000000Z;17.611;17.6165;285;285
2026-06-08T10:55:41.0000000Z;17.611;17.6185;285;285
2026-06-08T10:55:46.0000000Z;17.613;17.6185;285;285
2026-06-08T10:55:49.0000000Z;17.613;17.6205;285;285
2026-06-08T10:56:03.0000000Z;17.6135;17.6205;285;285
2026-06-08T10:56:31.0000000Z;17.613;17.6205;285;285
2026-06-08T10:56:43.0000000Z;17.615;17.6225;285;285
2026-06-08T10:57:01.0000000Z;17.615;17.6205;285;285
2026-06-08T10:57:03.0000000Z;17.613;17.6205;285;285
2026-06-08T10:57:33.0000000Z;17.613;17.6205;285;285
2026-06-08T10:58:04.0000000Z;17.613;17.6205;285;285
2026-06-08T10:58:34.0000000Z;17.613;17.6205;285;285
2026-06-08T10:59:05.0000000Z;17.613;17.6205;285;285
2026-06-08T10:59:35.0000000Z;17.613;17.6205;285;285
2026-06-08T11:00:06.0000000Z;17.613;17.6205;285;285
2026-06-08T11:00:11.0000000Z;17.615;17.6205;285;285
2026-06-08T11:00:14.0000000Z;17.615;17.6225;285;285
2026-06-08T11:00:24.0000000Z;17.615;17.6205;285;285
2026-06-08T11:00:26.0000000Z;17.613;17.6205;285;285
2026-06-08T11:00:56.0000000Z;17.613;17.6205;285;285
2026-06-08T11:01:27.0000000Z;17.613;17.6205;285;285
2026-06-08T11:01:57.0000000Z;17.613;17.6205;285;285
2026-06-08T11:02:11.0000000Z;17.613;17.6185;285;285
2026-06-08T11:02:12.0000000Z;17.611;17.6185;285;285
2026-06-08T11:02:43.0000000Z;17.611;17.6185;285;285
2026-06-08T11:03:14.0000000Z;17.611;17.6185;285;285
2026-06-08T11:03:40.0000000Z;17.613;17.6185;285;285
2026-06-08T11:03:43.0000000Z;17.613;17.6205;285;285
2026-06-08T11:04:13.0000000Z;17.613;17.6205;285;285
2026-06-08T11:04:43.0000000Z;17.613;17.6205;285;285
2026-06-08T11:04:48.0000000Z;17.613;17.6185;285;285
2026-06-08T11:04:49.0000000Z;17.611;17.6185;285;285
2026-06-08T11:05:19.0000000Z;17.611;17.6185;285;285
2026-06-08T11:05:44.0000000Z;17.613;17.6185;285;285
2026-06-08T11:05:47.0000000Z;17.613;17.6205;285;285
2026-06-08T11:06:17.0000000Z;17.613;17.6205;285;285
2026-06-08T11:06:38.0000000Z;17.613;17.6185;285;285
2026-06-08T11:06:39.0000000Z;17.611;17.6185;285;285
2026-06-08T11:07:10.0000000Z;17.611;17.6185;285;285
2026-06-08T11:07:40.0000000Z;17.611;17.6185;285;285
2026-06-08T11:07:47.0000000Z;17.611;17.6165;285;285
2026-06-08T11:07:49.0000000Z;17.609;17.6165;285;285
2026-06-08T11:08:20.0000000Z;17.609;17.6165;285;285
2026-06-08T11:08:51.0000000Z;17.609;17.6165;285;285
2026-06-08T11:09:21.0000000Z;17.609;17.6165;285;285
2026-06-08T11:09:52.0000000Z;17.609;17.6165;285;285
2026-06-08T11:09:54.0000000Z;17.611;17.6165;285;285
2026-06-08T11:09:56.0000000Z;17.611;17.6185;285;285
2026-06-08T11:09:59.0000000Z;17.611;17.6165;285;285
2026-06-08T11:10:02.0000000Z;17.6095;17.6165;285;285
2026-06-08T11:10:18.0000000Z;17.611;17.6165;285;285
2026-06-08T11:10:20.0000000Z;17.611;17.6185;285;285
2026-06-08T11:10:35.0000000Z;17.611;17.6165;285;285
2026-06-08T11:10:36.0000000Z;17.609;17.6165;285;285
2026-06-08T11:10:42.0000000Z;17.607;17.6145;285;285
2026-06-08T11:10:48.0000000Z;17.6035;17.6175;285;285
2026-06-08T11:10:58.0000000Z;17.603;17.617;285;285
2026-06-08T11:11:02.0000000Z;17.603;17.6175;285;285
2026-06-08T11:11:04.0000000Z;17.5995;17.614;285;285
2026-06-08T11:11:06.0000000Z;17.6035;17.618;285;285
2026-06-08T11:11:26.0000000Z;17.575;17.646;285;285
2026-06-08T11:11:28.0000000Z;17.5925;17.628;285;285
2026-06-08T11:11:59.0000000Z;17.5925;17.628;285;285
2026-06-08T11:12:29.0000000Z;17.5925;17.628;285;285
2026-06-08T11:13:00.0000000Z;17.5925;17.628;285;285
2026-06-08T11:13:09.0000000Z;17.593;17.626;285;285
2026-06-08T11:13:39.0000000Z;17.593;17.626;285;285
2026-06-08T11:14:10.0000000Z;17.593;17.626;285;285
2026-06-08T11:14:40.0000000Z;17.593;17.626;285;285
2026-06-08T11:15:04.0000000Z;17.593;17.6265;285;285
2026-06-08T11:15:21.0000000Z;17.5815;17.6265;285;285
2026-06-08T11:15:39.0000000Z;17.5815;17.6485;285;285
2026-06-08T11:15:44.0000000Z;17.5815;17.6475;285;285
2026-06-08T11:15:47.0000000Z;17.5815;17.6305;285;285
2026-06-08T11:15:48.0000000Z;17.5815;17.63;285;285
2026-06-08T11:15:52.0000000Z;17.5815;17.6285;285;285
2026-06-08T11:15:57.0000000Z;17.5815;17.627;285;285
2026-06-08T11:16:19.0000000Z;17.5815;17.6255;285;285
2026-06-08T11:16:50.0000000Z;17.5815;17.6255;285;285
2026-06-08T11:17:06.0000000Z;17.5815;17.626;285;285
2026-06-08T11:17:36.0000000Z;17.5815;17.626;285;285
2026-06-08T11:18:06.0000000Z;17.5815;17.626;285;285
2026-06-08T11:18:37.0000000Z;17.5815;17.626;285;285
2026-06-08T11:18:46.0000000Z;17.585;17.626;285;285
2026-06-08T11:18:47.0000000Z;17.589;17.626;285;285
2026-06-08T11:18:53.0000000Z;17.583;17.626;285;285
2026-06-08T11:18:59.0000000Z;17.5845;17.626;285;285
2026-06-08T11:19:08.0000000Z;17.583;17.626;285;285
2026-06-08T11:19:10.0000000Z;17.5845;17.626;285;285
2026-06-08T11:19:15.0000000Z;17.5845;17.625;285;285
2026-06-08T11:19:22.0000000Z;17.586;17.625;285;285
2026-06-08T11:19:29.0000000Z;17.5845;17.625;285;285
2026-06-08T11:19:35.0000000Z;17.586;17.625;285;285
2026-06-08T11:19:41.0000000Z;17.5845;17.625;285;285
2026-06-08T11:19:47.0000000Z;17.586;17.625;285;285
2026-06-08T11:19:53.0000000Z;17.5845;17.625;285;285
2026-06-08T11:19:59.0000000Z;17.586;17.625;285;285
2026-06-08T11:20:00.0000000Z;17.586;17.624;285;285
2026-06-08T11:20:04.0000000Z;17.586;17.6235;285;285
2026-06-08T11:20:05.0000000Z;17.5815;17.622;285;285
2026-06-08T11:20:09.0000000Z;17.5815;17.6205;285;285
2026-06-08T11:20:11.0000000Z;17.583;17.6205;285;285
2026-06-08T11:20:13.0000000Z;17.583;17.619;285;285
2026-06-08T11:20:16.0000000Z;17.583;17.6175;285;285
2026-06-08T11:20:17.0000000Z;17.5815;17.6175;285;285
2026-06-08T11:20:25.0000000Z;17.5815;17.616;285;285
2026-06-08T11:20:29.0000000Z;17.5815;17.6145;285;285
2026-06-08T11:20:49.0000000Z;17.5845;17.6145;285;285
2026-06-08T11:21:07.0000000Z;17.5845;17.615;285;285
2026-06-08T11:21:35.0000000Z;17.5845;17.615;285;285
2026-06-08T11:22:05.0000000Z;17.5845;17.615;285;285
2026-06-08T11:22:36.0000000Z;17.5845;17.615;285;285
2026-06-08T11:23:06.0000000Z;17.5845;17.615;285;285
2026-06-08T11:23:37.0000000Z;17.5845;17.615;285;285
2026-06-08T11:24:07.0000000Z;17.5845;17.615;285;285
2026-06-08T11:24:22.0000000Z;17.5855;17.615;285;285
2026-06-08T11:24:47.0000000Z;17.5865;17.615;285;285
2026-06-08T11:24:58.0000000Z;17.587;17.615;285;285
2026-06-08T11:25:00.0000000Z;17.5875;17.615;285;285
2026-06-08T11:25:31.0000000Z;17.5875;17.615;285;285
2026-06-08T11:26:01.0000000Z;17.5875;17.615;285;285
2026-06-08T11:26:32.0000000Z;17.5875;17.615;285;285
2026-06-08T11:27:02.0000000Z;17.5875;17.615;285;285
2026-06-08T11:27:20.0000000Z;17.587;17.615;285;285
2026-06-08T11:27:50.0000000Z;17.587;17.615;285;285
2026-06-08T11:28:21.0000000Z;17.587;17.615;285;285
2026-06-08T11:28:27.0000000Z;17.5855;17.615;285;285
2026-06-08T11:28:57.0000000Z;17.5855;17.615;285;285
2026-06-08T11:29:17.0000000Z;17.5845;17.615;285;285
2026-06-08T11:29:46.0000000Z;17.5845;17.615;285;285
2026-06-08T11:30:17.0000000Z;17.5845;17.615;285;285
2026-06-08T11:30:47.0000000Z;17.5845;17.615;285;285
2026-06-08T11:31:18.0000000Z;17.5845;17.615;285;285
2026-06-08T11:31:48.0000000Z;17.5845;17.615;285;285
2026-06-08T11:32:19.0000000Z;17.5845;17.615;285;285
2026-06-08T11:32:31.0000000Z;17.5845;17.6135;285;285
2026-06-08T11:33:02.0000000Z;17.5845;17.6135;285;285
2026-06-08T11:33:26.0000000Z;17.5915;17.6095;285;285
2026-06-08T11:33:27.0000000Z;17.5965;17.604;285;285
2026-06-08T11:33:58.0000000Z;17.5965;17.604;285;285
2026-06-08T11:34:13.0000000Z;17.5985;17.604;285;285
2026-06-08T11:34:15.0000000Z;17.6005;17.606;285;285
2026-06-08T11:34:17.0000000Z;17.6005;17.608;285;285
2026-06-08T11:34:20.0000000Z;17.6005;17.6065;285;285
2026-06-08T11:34:23.0000000Z;17.5985;17.6065;285;285
2026-06-08T11:34:53.0000000Z;17.5985;17.6065;285;285
2026-06-08T11:35:23.0000000Z;17.5985;17.6065;285;285
2026-06-08T11:35:25.0000000Z;17.6005;17.6065;285;285
2026-06-08T11:35:27.0000000Z;17.6005;17.608;285;285
2026-06-08T11:35:58.0000000Z;17.6005;17.608;285;285
2026-06-08T11:36:13.0000000Z;17.6025;17.61;285;285
2026-06-08T11:36:36.0000000Z;17.6045;17.61;285;285
2026-06-08T11:36:37.0000000Z;17.6045;17.612;285;285
2026-06-08T11:37:08.0000000Z;17.6045;17.612;285;285
2026-06-08T11:37:23.0000000Z;17.6045;17.61;285;285
2026-06-08T11:37:25.0000000Z;17.6025;17.61;285;285
2026-06-08T11:37:41.0000000Z;17.6045;17.61;285;285
2026-06-08T11:37:43.0000000Z;17.6045;17.612;285;285
2026-06-08T11:38:14.0000000Z;17.6045;17.612;285;285
2026-06-08T11:38:45.0000000Z;17.6045;17.612;285;285
2026-06-08T11:39:15.0000000Z;17.6045;17.612;285;285
2026-06-08T11:39:17.0000000Z;17.6065;17.612;285;285
2026-06-08T11:39:20.0000000Z;17.6065;17.614;285;285
2026-06-08T11:39:45.0000000Z;17.6085;17.614;285;285
2026-06-08T11:39:46.0000000Z;17.6085;17.616;285;285
2026-06-08T11:40:16.0000000Z;17.6085;17.616;285;285
2026-06-08T11:40:47.0000000Z;17.6085;17.616;285;285
2026-06-08T11:41:17.0000000Z;17.6085;17.616;285;285
2026-06-08T11:41:22.0000000Z;17.6105;17.618;285;285
2026-06-08T11:41:27.0000000Z;17.6105;17.616;285;285
2026-06-08T11:41:30.0000000Z;17.6085;17.616;285;285
2026-06-08T11:41:59.0000000Z;17.6085;17.616;285;285
2026-06-08T11:42:02.0000000Z;17.6105;17.616;285;285
2026-06-08T11:42:04.0000000Z;17.6105;17.618;285;285
2026-06-08T11:42:18.0000000Z;17.6105;17.616;285;285
2026-06-08T11:42:21.0000000Z;17.6085;17.616;285;285
2026-06-08T11:42:51.0000000Z;17.6085;17.616;285;285
2026-06-08T11:43:22.0000000Z;17.6085;17.616;285;285
2026-06-08T11:43:33.0000000Z;17.6105;17.616;285;285
2026-06-08T11:43:35.0000000Z;17.6105;17.618;285;285
2026-06-08T11:44:03.0000000Z;17.6105;17.618;285;285
2026-06-08T11:44:14.0000000Z;17.6105;17.616;285;285
2026-06-08T11:44:15.0000000Z;17.6085;17.616;285;285
2026-06-08T11:44:46.0000000Z;17.6085;17.616;285;285
2026-06-08T11:45:16.0000000Z;17.6085;17.616;285;285
2026-06-08T11:45:47.0000000Z;17.6085;17.616;285;285
2026-06-08T11:46:18.0000000Z;17.6085;17.616;285;285
2026-06-08T11:46:35.0000000Z;17.6105;17.616;285;285
2026-06-08T11:46:37.0000000Z;17.6105;17.618;285;285
2026-06-08T11:47:05.0000000Z;17.6105;17.618;285;285
2026-06-08T11:47:14.0000000Z;17.6105;17.616;285;285
2026-06-08T11:47:16.0000000Z;17.6085;17.616;285;285
2026-06-08T11:47:21.0000000Z;17.6105;17.616;285;285
2026-06-08T11:47:24.0000000Z;17.6105;17.618;285;285
2026-06-08T11:47:52.0000000Z;17.6105;17.618;285;285
2026-06-08T11:48:23.0000000Z;17.6105;17.618;285;285
2026-06-08T11:48:47.0000000Z;17.6125;17.618;285;285
2026-06-08T11:48:56.0000000Z;17.6105;17.6185;285;285
2026-06-08T11:49:25.0000000Z;17.6105;17.6185;285;285
2026-06-08T11:49:55.0000000Z;17.6105;17.6185;285;285
2026-06-08T11:50:26.0000000Z;17.6105;17.6185;285;285
2026-06-08T11:50:28.0000000Z;17.613;17.6185;285;285
2026-06-08T11:50:31.0000000Z;17.613;17.6205;285;285
2026-06-08T11:50:38.0000000Z;17.613;17.6185;285;285
2026-06-08T11:50:41.0000000Z;17.611;17.6165;285;285
2026-06-08T11:50:43.0000000Z;17.609;17.6165;285;285
2026-06-08T11:51:13.0000000Z;17.609;17.6165;285;285
2026-06-08T11:51:29.0000000Z;17.611;17.6165;285;285
2026-06-08T11:51:31.0000000Z;17.611;17.6185;285;285
2026-06-08T11:51:40.0000000Z;17.611;17.6165;285;285
2026-06-08T11:51:41.0000000Z;17.609;17.6165;285;285
2026-06-08T11:52:12.0000000Z;17.609;17.6165;285;285
2026-06-08T11:52:42.0000000Z;17.609;17.6165;285;285
2026-06-08T11:53:13.0000000Z;17.609;17.6165;285;285
2026-06-08T11:53:43.0000000Z;17.609;17.6165;285;285
2026-06-08T11:54:08.0000000Z;17.609;17.6145;285;285
2026-06-08T11:54:27.0000000Z;17.607;17.6145;285;285
2026-06-08T11:54:41.0000000Z;17.607;17.6145;285;285
2026-06-08T11:54:47.0000000Z;17.609;17.6145;285;285
2026-06-08T11:54:48.0000000Z;17.609;17.6165;285;285
2026-06-08T11:55:11.0000000Z;17.611;17.6165;285;285
2026-06-08T11:55:13.0000000Z;17.611;17.6185;285;285
2026-06-08T11:55:43.0000000Z;17.611;17.6185;285;285
2026-06-08T11:55:45.0000000Z;17.611;17.6165;285;285
2026-06-08T11:55:47.0000000Z;17.609;17.6165;285;285
2026-06-08T11:56:17.0000000Z;17.609;17.6165;285;285
2026-06-08T11:56:48.0000000Z;17.609;17.6165;285;285
2026-06-08T11:56:55.0000000Z;17.609;17.6145;285;285
2026-06-08T11:56:57.0000000Z;17.607;17.6145;285;285
2026-06-08T11:57:28.0000000Z;17.607;17.6145;285;285
2026-06-08T11:57:58.0000000Z;17.607;17.6145;285;285
2026-06-08T11:58:05.0000000Z;17.609;17.6145;285;285
2026-06-08T11:58:07.0000000Z;17.609;17.6165;285;285
2026-06-08T11:58:38.0000000Z;17.609;17.6165;285;285
2026-06-08T11:59:08.0000000Z;17.611;17.6165;285;285
2026-06-08T11:59:09.0000000Z;17.611;17.6185;285;285
2026-06-08T11:59:15.0000000Z;17.611;17.617;285;285
2026-06-08T11:59:17.0000000Z;17.609;17.617;285;285
2026-06-08T11:59:48.0000000Z;17.609;17.617;285;285
2026-06-08T11:59:59.0000000Z;17.609;17.6165;285;285
2026-06-08T12:00:00.0000000Z;17.609;17.617;285;285
2026-06-08T12:00:02.0000000Z;17.604;17.6215;285;285
2026-06-08T12:00:03.0000000Z;17.6085;17.616;285;285
2026-06-08T12:00:24.0000000Z;17.6085;17.614;285;285
2026-06-08T12:00:26.0000000Z;17.607;17.614;285;285
2026-06-08T12:00:53.0000000Z;17.607;17.612;285;285
2026-06-08T12:00:54.0000000Z;17.6065;17.612;285;285
2026-06-08T12:00:57.0000000Z;17.6045;17.612;285;285
2026-06-08T12:01:27.0000000Z;17.6045;17.612;285;285
2026-06-08T12:01:36.0000000Z;17.6065;17.612;285;285
2026-06-08T12:01:38.0000000Z;17.6065;17.614;285;285
2026-06-08T12:02:09.0000000Z;17.6065;17.614;285;285
2026-06-08T12:02:12.0000000Z;17.6065;17.612;285;285
2026-06-08T12:02:14.0000000Z;17.6045;17.612;285;285
2026-06-08T12:02:44.0000000Z;17.6045;17.612;285;285
2026-06-08T12:02:56.0000000Z;17.6025;17.6165;285;285
2026-06-08T12:02:58.0000000Z;17.589;17.6165;285;285
2026-06-08T12:03:07.0000000Z;17.5905;17.6165;285;285
2026-06-08T12:03:14.0000000Z;17.589;17.6165;285;285
2026-06-08T12:03:19.0000000Z;17.5905;17.6165;285;285
2026-06-08T12:03:27.0000000Z;17.589;17.6165;285;285
2026-06-08T12:03:30.0000000Z;17.5905;17.6165;285;285
2026-06-08T12:03:43.0000000Z;17.5915;17.6165;285;285
2026-06-08T12:03:57.0000000Z;17.593;17.6165;285;285
2026-06-08T12:04:13.0000000Z;17.594;17.6165;285;285
2026-06-08T12:04:43.0000000Z;17.594;17.6165;285;285
2026-06-08T12:05:03.0000000Z;17.594;17.616;285;285
2026-06-08T12:05:05.0000000Z;17.59;17.616;285;285
2026-06-08T12:05:35.0000000Z;17.59;17.616;285;285
2026-06-08T12:05:53.0000000Z;17.5895;17.616;285;285
2026-06-08T12:05:56.0000000Z;17.5905;17.616;285;285
2026-06-08T12:06:27.0000000Z;17.5905;17.616;285;285
2026-06-08T12:06:58.0000000Z;17.5905;17.616;285;285
2026-06-08T12:07:28.0000000Z;17.5905;17.616;285;285
2026-06-08T12:07:59.0000000Z;17.5905;17.616;285;285
2026-06-08T12:08:09.0000000Z;17.592;17.616;285;285
2026-06-08T12:08:28.0000000Z;17.6005;17.608;285;285
2026-06-08T12:08:59.0000000Z;17.6005;17.608;285;285
2026-06-08T12:09:29.0000000Z;17.6005;17.608;285;285
2026-06-08T12:09:40.0000000Z;17.6025;17.608;285;285
2026-06-08T12:09:42.0000000Z;17.6025;17.61;285;285
2026-06-08T12:10:13.0000000Z;17.6025;17.61;285;285
2026-06-08T12:10:30.0000000Z;17.6005;17.608;285;285
2026-06-08T12:10:44.0000000Z;17.6025;17.608;285;285
2026-06-08T12:10:45.0000000Z;17.6025;17.61;285;285
2026-06-08T12:11:13.0000000Z;17.6045;17.61;285;285
2026-06-08T12:11:15.0000000Z;17.6045;17.612;285;285
2026-06-08T12:11:33.0000000Z;17.6045;17.61;285;285
2026-06-08T12:11:35.0000000Z;17.6025;17.61;285;285
2026-06-08T12:12:05.0000000Z;17.6025;17.61;285;285
2026-06-08T12:12:35.0000000Z;17.6025;17.61;285;285
2026-06-08T12:13:06.0000000Z;17.6025;17.61;285;285
2026-06-08T12:13:37.0000000Z;17.6025;17.61;285;285
2026-06-08T12:14:07.0000000Z;17.6025;17.61;285;285
2026-06-08T12:14:38.0000000Z;17.6025;17.61;285;285
2026-06-08T12:15:04.0000000Z;17.6045;17.61;285;285
2026-06-08T12:15:06.0000000Z;17.6045;17.612;285;285
2026-06-08T12:15:37.0000000Z;17.6045;17.612;285;285
2026-06-08T12:15:58.0000000Z;17.6045;17.61;285;285
2026-06-08T12:16:00.0000000Z;17.6025;17.61;285;285
2026-06-08T12:16:31.0000000Z;17.6025;17.61;285;285
2026-06-08T12:17:01.0000000Z;17.6025;17.61;285;285
2026-06-08T12:17:32.0000000Z;17.6025;17.61;285;285
2026-06-08T12:18:02.0000000Z;17.6025;17.61;285;285
2026-06-08T12:18:28.0000000Z;17.6045;17.61;285;285
2026-06-08T12:18:31.0000000Z;17.6045;17.612;285;285
2026-06-08T12:19:01.0000000Z;17.6045;17.612;285;285
2026-06-08T12:19:15.0000000Z;17.6045;17.61;285;285
2026-06-08T12:19:16.0000000Z;17.6025;17.61;285;285
2026-06-08T12:19:46.0000000Z;17.6025;17.61;285;285
2026-06-08T12:20:00.0000000Z;17.6045;17.61;285;285
2026-06-08T12:20:02.0000000Z;17.6045;17.612;285;285
2026-06-08T12:20:11.0000000Z;17.6065;17.612;285;285
2026-06-08T12:20:12.0000000Z;17.6065;17.614;285;285
2026-06-08T12:20:42.0000000Z;17.6065;17.614;285;285
2026-06-08T12:21:11.0000000Z;17.6085;17.614;285;285
2026-06-08T12:21:14.0000000Z;17.6085;17.616;285;285
2026-06-08T12:21:28.0000000Z;17.6105;17.616;285;285
2026-06-08T12:21:31.0000000Z;17.6105;17.618;285;285
2026-06-08T12:21:59.0000000Z;17.6105;17.618;285;285
2026-06-08T12:22:27.0000000Z;17.6105;17.616;285;285
2026-06-08T12:22:29.0000000Z;17.6085;17.616;285;285
2026-06-08T12:22:33.0000000Z;17.6105;17.616;285;285
2026-06-08T12:22:35.0000000Z;17.6105;17.618;285;285
2026-06-08T12:22:58.0000000Z;17.6125;17.618;285;285
2026-06-08T12:23:01.0000000Z;17.6125;17.62;285;285
2026-06-08T12:23:11.0000000Z;17.6145;17.62;285;285
2026-06-08T12:23:13.0000000Z;17.6145;17.622;285;285
2026-06-08T12:23:44.0000000Z;17.6145;17.622;285;285
2026-06-08T12:24:08.0000000Z;17.6145;17.6205;285;285
2026-06-08T12:24:11.0000000Z;17.6125;17.6205;285;285
2026-06-08T12:24:42.0000000Z;17.6125;17.6205;285;285
2026-06-08T12:25:08.0000000Z;17.6145;17.6205;285;285
2026-06-08T12:25:10.0000000Z;17.6145;17.622;285;285
2026-06-08T12:25:40.0000000Z;17.6145;17.622;285;285
2026-06-08T12:26:11.0000000Z;17.6145;17.622;285;285
2026-06-08T12:26:41.0000000Z;17.6145;17.622;285;285
2026-06-08T12:27:09.0000000Z;17.6165;17.622;285;285
2026-06-08T12:27:10.0000000Z;17.6165;17.6235;285;285
2026-06-08T12:27:34.0000000Z;17.6165;17.624;285;285
2026-06-08T12:28:03.0000000Z;17.6165;17.624;285;285
2026-06-08T12:28:15.0000000Z;17.6165;17.622;285;285
2026-06-08T12:28:16.0000000Z;17.6145;17.622;285;285
2026-06-08T12:28:47.0000000Z;17.6145;17.622;285;285
2026-06-08T12:29:17.0000000Z;17.6145;17.622;285;285
2026-06-08T12:29:30.0000000Z;17.6165;17.622;285;285
2026-06-08T12:29:31.0000000Z;17.6165;17.624;285;285
2026-06-08T12:30:00.0000000Z;17.6165;17.624;285;285
2026-06-08T12:30:31.0000000Z;17.6185;17.624;285;285
2026-06-08T12:30:33.0000000Z;17.6185;17.626;285;285
2026-06-08T12:30:47.0000000Z;17.6185;17.624;285;285
2026-06-08T12:30:49.0000000Z;17.6165;17.624;285;285
2026-06-08T12:31:17.0000000Z;17.6165;17.624;285;285
2026-06-08T12:31:48.0000000Z;17.6165;17.624;285;285
2026-06-08T12:32:19.0000000Z;17.6165;17.624;285;285
2026-06-08T12:32:49.0000000Z;17.6165;17.624;285;285
2026-06-08T12:33:20.0000000Z;17.6165;17.624;285;285
2026-06-08T12:33:50.0000000Z;17.6165;17.624;285;285
2026-06-08T12:34:21.0000000Z;17.6165;17.624;285;285
2026-06-08T12:34:47.0000000Z;17.6165;17.622;285;285
2026-06-08T12:34:50.0000000Z;17.6145;17.622;285;285
2026-06-08T12:35:20.0000000Z;17.6145;17.622;285;285
2026-06-08T12:35:41.0000000Z;17.6145;17.62;285;285
2026-06-08T12:35:42.0000000Z;17.6125;17.62;285;285
2026-06-08T12:36:13.0000000Z;17.6125;17.62;285;285
2026-06-08T12:36:44.0000000Z;17.6125;17.62;285;285
2026-06-08T12:37:04.0000000Z;17.6145;17.62;285;285
2026-06-08T12:37:06.0000000Z;17.6145;17.622;285;285
2026-06-08T12:37:37.0000000Z;17.6145;17.622;285;285
2026-06-08T12:38:07.0000000Z;17.6145;17.622;285;285
2026-06-08T12:38:38.0000000Z;17.6145;17.622;285;285
2026-06-08T12:38:39.0000000Z;17.6165;17.622;285;285
2026-06-08T12:38:41.0000000Z;17.6165;17.624;285;285
2026-06-08T12:39:10.0000000Z;17.6165;17.624;285;285
2026-06-08T12:39:27.0000000Z;17.6165;17.6225;285;285
2026-06-08T12:39:29.0000000Z;17.6145;17.6225;285;285
2026-06-08T12:39:59.0000000Z;17.6145;17.6225;285;285
2026-06-08T12:40:01.0000000Z;17.583;17.629;285;285
2026-06-08T12:40:03.0000000Z;17.6165;17.624;285;285
2026-06-08T12:40:05.0000000Z;17.6145;17.6225;285;285
2026-06-08T12:40:06.0000000Z;17.6145;17.62;285;285
2026-06-08T12:40:07.0000000Z;17.6125;17.62;285;285
2026-06-08T12:40:09.0000000Z;17.613;17.62;285;285
2026-06-08T12:40:11.0000000Z;17.6125;17.62;285;285
2026-06-08T12:40:21.0000000Z;17.6145;17.622;285;285
2026-06-08T12:40:52.0000000Z;17.6145;17.622;285;285
2026-06-08T12:41:23.0000000Z;17.6145;17.622;285;285
2026-06-08T12:41:53.0000000Z;17.6145;17.622;285;285
2026-06-08T12:42:10.0000000Z;17.6145;17.62;285;285
2026-06-08T12:42:12.0000000Z;17.6125;17.62;285;285
2026-06-08T12:42:38.0000000Z;17.608;17.621;285;285
2026-06-08T12:42:39.0000000Z;17.6115;17.619;285;285
2026-06-08T12:42:42.0000000Z;17.6155;17.619;285;285
2026-06-08T12:42:44.0000000Z;17.6155;17.6235;285;285
2026-06-08T12:42:45.0000000Z;17.6155;17.621;285;285
2026-06-08T12:42:46.0000000Z;17.6135;17.621;285;285
2026-06-08T12:42:50.0000000Z;17.5985;17.63;285;285
2026-06-08T12:42:51.0000000Z;17.5985;17.629;285;285
2026-06-08T12:42:52.0000000Z;17.5985;17.6275;285;285
2026-06-08T12:42:58.0000000Z;17.6;17.628;285;285
2026-06-08T12:43:06.0000000Z;17.5985;17.628;285;285
2026-06-08T12:43:10.0000000Z;17.6;17.628;285;285
2026-06-08T12:43:16.0000000Z;17.5985;17.628;285;285
2026-06-08T12:43:22.0000000Z;17.6;17.628;285;285
2026-06-08T12:43:28.0000000Z;17.5985;17.628;285;285
2026-06-08T12:43:41.0000000Z;17.5985;17.627;285;285
2026-06-08T12:43:44.0000000Z;17.5985;17.628;285;285
2026-06-08T12:43:46.0000000Z;17.6;17.628;285;285
2026-06-08T12:43:52.0000000Z;17.5985;17.628;285;285
2026-06-08T12:43:58.0000000Z;17.6;17.628;285;285
2026-06-08T12:44:04.0000000Z;17.5985;17.628;285;285
2026-06-08T12:44:10.0000000Z;17.6;17.628;285;285
2026-06-08T12:44:16.0000000Z;17.5985;17.628;285;285
2026-06-08T12:44:22.0000000Z;17.6;17.628;285;285
2026-06-08T12:44:28.0000000Z;17.5985;17.628;285;285
2026-06-08T12:44:34.0000000Z;17.6;17.628;285;285
2026-06-08T12:44:38.0000000Z;17.6105;17.618;285;285
2026-06-08T12:44:46.0000000Z;17.606;17.6235;285;285
2026-06-08T12:44:47.0000000Z;17.585;17.628;285;285
2026-06-08T12:44:49.0000000Z;17.606;17.6235;285;285
2026-06-08T12:44:50.0000000Z;17.6105;17.6185;285;285
2026-06-08T12:45:21.0000000Z;17.6105;17.6185;285;285
2026-06-08T12:45:26.0000000Z;17.6125;17.6185;285;285
2026-06-08T12:45:29.0000000Z;17.6125;17.62;285;285
2026-06-08T12:46:00.0000000Z;17.6125;17.62;285;285
2026-06-08T12:46:30.0000000Z;17.6125;17.62;285;285
2026-06-08T12:46:46.0000000Z;17.6145;17.62;285;285
2026-06-08T12:46:49.0000000Z;17.6145;17.622;285;285
2026-06-08T12:47:19.0000000Z;17.6145;17.622;285;285
2026-06-08T12:47:50.0000000Z;17.6145;17.622;285;285
2026-06-08T12:47:54.0000000Z;17.6145;17.62;285;285
2026-06-08T12:47:55.0000000Z;17.6125;17.62;285;285
2026-06-08T12:48:25.0000000Z;17.6125;17.62;285;285
2026-06-08T12:48:56.0000000Z;17.6125;17.62;285;285
2026-06-08T12:49:08.0000000Z;17.6125;17.618;285;285
2026-06-08T12:49:10.0000000Z;17.6105;17.618;285;285
2026-06-08T12:49:37.0000000Z;17.6125;17.618;285;285
2026-06-08T12:49:40.0000000Z;17.6125;17.62;285;285
2026-06-08T12:50:10.0000000Z;17.6125;17.62;285;285
2026-06-08T12:50:41.0000000Z;17.6125;17.62;285;285
2026-06-08T12:50:59.0000000Z;17.6145;17.62;285;285
2026-06-08T12:51:00.0000000Z;17.6145;17.622;285;285
2026-06-08T12:51:31.0000000Z;17.6145;17.622;285;285
2026-06-08T12:51:48.0000000Z;17.6165;17.622;285;285
2026-06-08T12:51:50.0000000Z;17.6165;17.624;285;285
2026-06-08T12:52:19.0000000Z;17.6165;17.624;285;285
2026-06-08T12:52:49.0000000Z;17.6165;17.624;285;285
2026-06-08T12:53:08.0000000Z;17.614;17.6215;285;285
2026-06-08T12:53:32.0000000Z;17.614;17.6195;285;285
2026-06-08T12:53:34.0000000Z;17.6125;17.6195;285;285
2026-06-08T12:53:38.0000000Z;17.6125;17.6175;285;285
2026-06-08T12:53:39.0000000Z;17.61;17.6175;285;285
2026-06-08T12:53:42.0000000Z;17.612;17.6175;285;285
2026-06-08T12:53:43.0000000Z;17.612;17.6195;285;285
2026-06-08T12:54:13.0000000Z;17.612;17.6195;285;285
2026-06-08T12:54:34.0000000Z;17.612;17.6175;285;285
2026-06-08T12:54:37.0000000Z;17.61;17.6175;285;285
2026-06-08T12:54:55.0000000Z;17.612;17.6175;285;285
2026-06-08T12:54:57.0000000Z;17.612;17.6195;285;285
2026-06-08T12:55:22.0000000Z;17.614;17.6195;285;285
2026-06-08T12:55:23.0000000Z;17.614;17.6215;285;285
2026-06-08T12:55:54.0000000Z;17.614;17.6215;285;285
2026-06-08T12:56:02.0000000Z;17.614;17.6195;285;285
2026-06-08T12:56:03.0000000Z;17.612;17.6195;285;285
2026-06-08T12:56:32.0000000Z;17.612;17.6195;285;285
2026-06-08T12:57:03.0000000Z;17.612;17.6195;285;285
2026-06-08T12:57:33.0000000Z;17.612;17.6195;285;285
2026-06-08T12:58:04.0000000Z;17.612;17.6195;285;285
2026-06-08T12:58:26.0000000Z;17.612;17.6175;285;285
2026-06-08T12:58:28.0000000Z;17.61;17.6175;285;285
2026-06-08T12:58:59.0000000Z;17.61;17.6175;285;285
2026-06-08T12:59:15.0000000Z;17.61;17.616;285;285
2026-06-08T12:59:16.0000000Z;17.608;17.616;285;285
2026-06-08T12:59:44.0000000Z;17.608;17.6135;285;285
2026-06-08T12:59:46.0000000Z;17.6065;17.6135;285;285
2026-06-08T13:00:15.0000000Z;17.606;17.6115;285;285
2026-06-08T13:00:17.0000000Z;17.604;17.6115;285;285
2026-06-08T13:00:42.0000000Z;17.606;17.6115;285;285
2026-06-08T13:00:43.0000000Z;17.606;17.6135;285;285
2026-06-08T13:00:52.0000000Z;17.608;17.6135;285;285
2026-06-08T13:00:55.0000000Z;17.608;17.6155;285;285
2026-06-08T13:01:01.0000000Z;17.608;17.6135;285;285
2026-06-08T13:01:03.0000000Z;17.606;17.6135;285;285
2026-06-08T13:01:33.0000000Z;17.606;17.6135;285;285
2026-06-08T13:02:04.0000000Z;17.606;17.6135;285;285
2026-06-08T13:02:34.0000000Z;17.606;17.6135;285;285
2026-06-08T13:03:05.0000000Z;17.606;17.6135;285;285
2026-06-08T13:03:10.0000000Z;17.606;17.6115;285;285
2026-06-08T13:03:13.0000000Z;17.6035;17.6115;285;285
2026-06-08T13:03:37.0000000Z;17.6035;17.609;285;285
2026-06-08T13:03:41.0000000Z;17.6035;17.611;285;285
2026-06-08T13:03:55.0000000Z;17.6055;17.611;285;285
2026-06-08T13:03:57.0000000Z;17.6055;17.613;285;285
2026-06-08T13:04:01.0000000Z;17.6055;17.6115;285;285
2026-06-08T13:04:03.0000000Z;17.6035;17.6115;285;285
2026-06-08T13:04:34.0000000Z;17.6035;17.6115;285;285
2026-06-08T13:05:05.0000000Z;17.6035;17.6115;285;285
2026-06-08T13:05:35.0000000Z;17.6035;17.6115;285;285
2026-06-08T13:06:00.0000000Z;17.6055;17.6115;285;285
2026-06-08T13:06:02.0000000Z;17.6055;17.613;285;285
2026-06-08T13:06:31.0000000Z;17.6055;17.611;285;285
2026-06-08T13:06:34.0000000Z;17.6035;17.611;285;285
2026-06-08T13:07:04.0000000Z;17.6035;17.611;285;285
2026-06-08T13:07:35.0000000Z;17.6035;17.611;285;285
2026-06-08T13:07:39.0000000Z;17.6055;17.611;285;285
2026-06-08T13:07:40.0000000Z;17.6055;17.613;285;285
2026-06-08T13:08:10.0000000Z;17.6055;17.613;285;285
2026-06-08T13:08:41.0000000Z;17.6055;17.613;285;285
2026-06-08T13:08:46.0000000Z;17.6055;17.611;285;285
2026-06-08T13:09:02.0000000Z;17.6035;17.611;285;285
2026-06-08T13:09:18.0000000Z;17.6035;17.611;285;285
2026-06-08T13:09:49.0000000Z;17.6035;17.611;285;285
2026-06-08T13:09:58.0000000Z;17.6055;17.611;285;285
2026-06-08T13:10:01.0000000Z;17.6055;17.613;285;285
2026-06-08T13:10:24.0000000Z;17.6055;17.611;285;285
2026-06-08T13:10:27.0000000Z;17.6035;17.611;285;285
2026-06-08T13:10:43.0000000Z;17.607;17.611;285;285
2026-06-08T13:10:49.0000000Z;17.607;17.613;285;285
2026-06-08T13:10:55.0000000Z;17.6075;17.613;285;285
2026-06-08T13:11:03.0000000Z;17.6075;17.615;285;285
2026-06-08T13:11:24.0000000Z;17.6075;17.6125;285;285
2026-06-08T13:11:43.0000000Z;17.607;17.6125;285;285
2026-06-08T13:11:55.0000000Z;17.607;17.6125;285;285
2026-06-08T13:12:25.0000000Z;17.607;17.6125;285;285
2026-06-08T13:12:56.0000000Z;17.607;17.6125;285;285
2026-06-08T13:13:27.0000000Z;17.607;17.6125;285;285
2026-06-08T13:13:57.0000000Z;17.607;17.6125;285;285
2026-06-08T13:14:28.0000000Z;17.607;17.6125;285;285
2026-06-08T13:14:58.0000000Z;17.607;17.6125;285;285
2026-06-08T13:15:29.0000000Z;17.607;17.6125;285;285
2026-06-08T13:15:59.0000000Z;17.607;17.6125;285;285
2026-06-08T13:16:03.0000000Z;17.607;17.6105;285;285
2026-06-08T13:16:18.0000000Z;17.607;17.6125;285;285
2026-06-08T13:16:42.0000000Z;17.607;17.6105;285;285
2026-06-08T13:17:12.0000000Z;17.607;17.6105;285;285
2026-06-08T13:17:29.0000000Z;17.607;17.6085;285;285
2026-06-08T13:17:50.0000000Z;17.607;17.6105;285;285
2026-06-08T13:18:16.0000000Z;17.607;17.6125;285;285
2026-06-08T13:18:17.0000000Z;17.607;17.6105;285;285
2026-06-08T13:18:38.0000000Z;17.607;17.6125;285;285
2026-06-08T13:19:07.0000000Z;17.607;17.6105;285;285
2026-06-08T13:19:37.0000000Z;17.607;17.6105;285;285
2026-06-08T13:19:44.0000000Z;17.607;17.6085;285;285
2026-06-08T13:20:14.0000000Z;17.607;17.6085;285;285
2026-06-08T13:20:45.0000000Z;17.607;17.6085;285;285
2026-06-08T13:21:03.0000000Z;17.607;17.6105;285;285
2026-06-08T13:21:33.0000000Z;17.607;17.6105;285;285
2026-06-08T13:21:56.0000000Z;17.605;17.6125;285;285
2026-06-08T13:22:06.0000000Z;17.605;17.6105;285;285
2026-06-08T13:22:08.0000000Z;17.603;17.6105;285;285
2026-06-08T13:22:29.0000000Z;17.605;17.6105;285;285
2026-06-08T13:22:30.0000000Z;17.605;17.6125;285;285
2026-06-08T13:22:40.0000000Z;17.605;17.6105;285;285
2026-06-08T13:22:42.0000000Z;17.603;17.6105;285;285
2026-06-08T13:22:48.0000000Z;17.603;17.6085;285;285
2026-06-08T13:22:50.0000000Z;17.601;17.6065;285;285
2026-06-08T13:22:51.0000000Z;17.601;17.604;285;285
2026-06-08T13:22:52.0000000Z;17.5965;17.604;285;285
2026-06-08T13:22:55.0000000Z;17.5965;17.602;285;285
2026-06-08T13:22:56.0000000Z;17.5965;17.602;285;285
2026-06-08T13:22:57.0000000Z;17.5945;17.6015;285;285
2026-06-08T13:22:58.0000000Z;17.596;17.602;285;285
2026-06-08T13:22:59.0000000Z;17.596;17.6015;285;285
2026-06-08T13:23:00.0000000Z;17.596;17.6035;285;285
2026-06-08T13:23:08.0000000Z;17.596;17.6015;285;285
2026-06-08T13:23:10.0000000Z;17.596;17.6015;285;285
2026-06-08T13:23:12.0000000Z;17.596;17.6035;285;285
2026-06-08T13:23:22.0000000Z;17.598;17.6035;285;285
2026-06-08T13:23:24.0000000Z;17.598;17.6055;285;285
2026-06-08T13:23:28.0000000Z;17.598;17.6035;285;285
2026-06-08T13:23:30.0000000Z;17.596;17.6035;285;285
2026-06-08T13:23:40.0000000Z;17.596;17.6015;285;285
2026-06-08T13:23:42.0000000Z;17.594;17.6015;285;285
2026-06-08T13:23:43.0000000Z;17.596;17.6015;285;285
2026-06-08T13:23:46.0000000Z;17.596;17.6035;285;285
2026-06-08T13:23:47.0000000Z;17.596;17.6015;285;285
2026-06-08T13:23:50.0000000Z;17.594;17.6015;285;285
2026-06-08T13:24:17.0000000Z;17.596;17.6015;285;285
2026-06-08T13:24:18.0000000Z;17.596;17.6035;285;285
2026-06-08T13:24:21.0000000Z;17.598;17.6035;285;285
2026-06-08T13:24:22.0000000Z;17.598;17.6055;285;285
2026-06-08T13:24:53.0000000Z;17.598;17.6055;285;285
2026-06-08T13:25:20.0000000Z;17.6;17.6055;285;285
2026-06-08T13:25:21.0000000Z;17.6;17.6075;285;285
2026-06-08T13:25:25.0000000Z;17.602;17.6075;285;285
2026-06-08T13:25:27.0000000Z;17.602;17.6095;285;285
2026-06-08T13:25:54.0000000Z;17.602;17.6075;285;285
2026-06-08T13:25:55.0000000Z;17.6;17.6075;285;285
2026-06-08T13:26:10.0000000Z;17.602;17.6075;285;285
2026-06-08T13:26:11.0000000Z;17.602;17.6095;285;285
2026-06-08T13:26:16.0000000Z;17.602;17.6075;285;285
2026-06-08T13:26:17.0000000Z;17.6;17.6075;285;285
2026-06-08T13:26:32.0000000Z;17.602;17.6075;285;285
2026-06-08T13:26:33.0000000Z;17.602;17.6095;285;285
2026-06-08T13:27:04.0000000Z;17.602;17.6095;285;285
2026-06-08T13:27:34.0000000Z;17.602;17.6095;285;285
2026-06-08T13:28:05.0000000Z;17.602;17.6095;285;285
2026-06-08T13:28:35.0000000Z;17.602;17.6095;285;285
2026-06-08T13:28:50.0000000Z;17.604;17.6115;285;285
2026-06-08T13:29:10.0000000Z;17.571;17.616;285;285
2026-06-08T13:29:37.0000000Z;17.571;17.616;285;285
2026-06-08T13:30:07.0000000Z;17.571;17.616;285;285
2026-06-08T13:30:12.0000000Z;17.571;17.642;285;285
2026-06-08T13:30:16.0000000Z;17.571;17.6375;285;285
2026-06-08T13:30:18.0000000Z;17.571;17.6355;285;285
2026-06-08T13:30:20.0000000Z;17.571;17.6335;285;285
2026-06-08T13:30:21.0000000Z;17.571;17.6275;285;285
2026-06-08T13:30:22.0000000Z;17.571;17.621;285;285
2026-06-08T13:30:25.0000000Z;17.571;17.62;285;285
2026-06-08T13:30:56.0000000Z;17.571;17.62;285;285
2026-06-08T13:31:26.0000000Z;17.571;17.62;285;285
2026-06-08T13:31:57.0000000Z;17.571;17.62;285;285
2026-06-08T13:32:01.0000000Z;17.5715;17.6195;285;285
2026-06-08T13:32:31.0000000Z;17.5715;17.6195;285;285
2026-06-08T13:33:02.0000000Z;17.5715;17.6195;285;285
2026-06-08T13:33:11.0000000Z;17.5715;17.627;285;285
2026-06-08T13:33:22.0000000Z;17.5715;17.6255;285;285
2026-06-08T13:33:30.0000000Z;17.5715;17.624;285;285
2026-06-08T13:34:01.0000000Z;17.5715;17.624;285;285
2026-06-08T13:34:07.0000000Z;17.6055;17.613;285;285
2026-06-08T13:34:28.0000000Z;17.608;17.613;285;285
2026-06-08T13:34:36.0000000Z;17.606;17.613;285;285
2026-06-08T13:34:38.0000000Z;17.606;17.6135;285;285
2026-06-08T13:35:04.0000000Z;17.608;17.6135;285;285
2026-06-08T13:35:05.0000000Z;17.608;17.6155;285;285
2026-06-08T13:35:18.0000000Z;17.61;17.6155;285;285
2026-06-08T13:35:23.0000000Z;17.608;17.6155;285;285
2026-06-08T13:35:41.0000000Z;17.608;17.6135;285;285
2026-06-08T13:35:43.0000000Z;17.606;17.6135;285;285
2026-06-08T13:36:11.0000000Z;17.608;17.6135;285;285
2026-06-08T13:36:13.0000000Z;17.608;17.6155;285;285
2026-06-08T13:36:44.0000000Z;17.608;17.6155;285;285
2026-06-08T13:36:53.0000000Z;17.608;17.6135;285;285
2026-06-08T13:36:56.0000000Z;17.606;17.6135;285;285
2026-06-08T13:36:57.0000000Z;17.608;17.6135;285;285
2026-06-08T13:37:20.0000000Z;17.608;17.6155;285;285
2026-06-08T13:37:50.0000000Z;17.608;17.6155;285;285
2026-06-08T13:37:51.0000000Z;17.61;17.6155;285;285
2026-06-08T13:38:02.0000000Z;17.61;17.6175;285;285
2026-06-08T13:38:06.0000000Z;17.61;17.6155;285;285
2026-06-08T13:38:08.0000000Z;17.608;17.6155;285;285
2026-06-08T13:38:20.0000000Z;17.608;17.614;285;285
2026-06-08T13:38:23.0000000Z;17.606;17.614;285;285
2026-06-08T13:38:52.0000000Z;17.606;17.614;285;285
2026-06-08T13:39:14.0000000Z;17.608;17.6155;285;285
2026-06-08T13:39:27.0000000Z;17.608;17.6135;285;285
2026-06-08T13:39:30.0000000Z;17.606;17.6135;285;285
2026-06-08T13:39:58.0000000Z;17.606;17.6135;285;285
2026-06-08T13:40:00.0000000Z;17.608;17.6135;285;285
2026-06-08T13:40:02.0000000Z;17.608;17.6155;285;285
2026-06-08T13:40:33.0000000Z;17.608;17.6155;285;285
2026-06-08T13:41:03.0000000Z;17.608;17.6155;285;285
2026-06-08T13:41:16.0000000Z;17.61;17.6155;285;285
2026-06-08T13:41:19.0000000Z;17.61;17.6175;285;285
2026-06-08T13:41:20.0000000Z;17.61;17.6155;285;285
2026-06-08T13:41:23.0000000Z;17.608;17.6155;285;285
2026-06-08T13:41:53.0000000Z;17.608;17.6155;285;285
2026-06-08T13:42:10.0000000Z;17.608;17.6135;285;285
2026-06-08T13:42:13.0000000Z;17.606;17.6135;285;285
2026-06-08T13:42:22.0000000Z;17.608;17.6135;285;285
2026-06-08T13:42:25.0000000Z;17.608;17.6155;285;285
2026-06-08T13:42:55.0000000Z;17.608;17.6155;285;285
2026-06-08T13:43:03.0000000Z;17.6075;17.615;285;285
2026-06-08T13:43:06.0000000Z;17.6075;17.613;285;285
2026-06-08T13:43:07.0000000Z;17.6055;17.613;285;285
2026-06-08T13:43:38.0000000Z;17.6055;17.613;285;285
2026-06-08T13:44:08.0000000Z;17.6055;17.613;285;285
2026-06-08T13:44:39.0000000Z;17.6055;17.613;285;285
2026-06-08T13:44:53.0000000Z;17.6075;17.615;285;285
2026-06-08T13:45:01.0000000Z;17.6075;17.613;285;285
2026-06-08T13:45:03.0000000Z;17.6055;17.613;285;285
2026-06-08T13:45:19.0000000Z;17.6055;17.611;285;285
2026-06-08T13:45:21.0000000Z;17.6035;17.611;285;285
2026-06-08T13:45:52.0000000Z;17.6035;17.611;285;285
2026-06-08T13:45:54.0000000Z;17.6035;17.609;285;285
2026-06-08T13:45:56.0000000Z;17.6015;17.609;285;285
2026-06-08T13:46:20.0000000Z;17.6035;17.609;285;285
2026-06-08T13:46:22.0000000Z;17.6035;17.611;285;285
2026-06-08T13:46:52.0000000Z;17.6035;17.611;285;285
2026-06-08T13:47:02.0000000Z;17.6055;17.611;285;285
2026-06-08T13:47:04.0000000Z;17.6055;17.613;285;285
2026-06-08T13:47:18.0000000Z;17.6055;17.611;285;285
2026-06-08T13:47:20.0000000Z;17.6035;17.611;285;285
2026-06-08T13:47:50.0000000Z;17.6035;17.611;285;285
2026-06-08T13:48:06.0000000Z;17.6055;17.611;285;285
2026-06-08T13:48:08.0000000Z;17.6055;17.613;285;285
2026-06-08T13:48:23.0000000Z;17.6055;17.6115;285;285
2026-06-08T13:48:24.0000000Z;17.6035;17.6115;285;285
2026-06-08T13:48:54.0000000Z;17.6035;17.6115;285;285
2026-06-08T13:49:25.0000000Z;17.6035;17.6115;285;285
2026-06-08T13:49:55.0000000Z;17.6035;17.6115;285;285
2026-06-08T13:50:01.0000000Z;17.6035;17.6095;285;285
2026-06-08T13:50:03.0000000Z;17.6015;17.6095;285;285
2026-06-08T13:50:33.0000000Z;17.6015;17.6095;285;285
2026-06-08T13:51:03.0000000Z;17.6015;17.6095;285;285
2026-06-08T13:51:34.0000000Z;17.6015;17.6095;285;285
2026-06-08T13:52:05.0000000Z;17.6015;17.6095;285;285
2026-06-08T13:52:35.0000000Z;17.6015;17.6095;285;285
2026-06-08T13:53:05.0000000Z;17.6015;17.6095;285;285
2026-06-08T13:53:16.0000000Z;17.6015;17.607;285;285
2026-06-08T13:53:17.0000000Z;17.5995;17.607;285;285
2026-06-08T13:53:46.0000000Z;17.5995;17.607;285;285
2026-06-08T13:53:48.0000000Z;17.5995;17.605;285;285
2026-06-08T13:53:50.0000000Z;17.5975;17.605;285;285
2026-06-08T13:54:04.0000000Z;17.5995;17.605;285;285
2026-06-08T13:54:06.0000000Z;17.5995;17.607;285;285
2026-06-08T13:54:35.0000000Z;17.6015;17.607;285;285
2026-06-08T13:54:36.0000000Z;17.6015;17.609;285;285
2026-06-08T13:54:55.0000000Z;17.6015;17.607;285;285
2026-06-08T13:54:56.0000000Z;17.5995;17.607;285;285
2026-06-08T13:55:16.0000000Z;17.5995;17.605;285;285
2026-06-08T13:55:18.0000000Z;17.5975;17.605;285;285
2026-06-08T13:55:49.0000000Z;17.5975;17.603;285;285
2026-06-08T13:55:50.0000000Z;17.5955;17.603;285;285
2026-06-08T13:56:21.0000000Z;17.5955;17.603;285;285
2026-06-08T13:56:39.0000000Z;17.5975;17.605;285;285
2026-06-08T13:56:42.0000000Z;17.5995;17.605;285;285
2026-06-08T13:56:44.0000000Z;17.5995;17.607;285;285
2026-06-08T13:57:12.0000000Z;17.5995;17.607;285;285
2026-06-08T13:57:43.0000000Z;17.5995;17.607;285;285
2026-06-08T13:58:13.0000000Z;17.5995;17.607;285;285
2026-06-08T13:58:21.0000000Z;17.6015;17.609;285;285
2026-06-08T13:58:51.0000000Z;17.6015;17.609;285;285
2026-06-08T13:59:21.0000000Z;17.6015;17.609;285;285
2026-06-08T13:59:42.0000000Z;17.6035;17.609;285;285
2026-06-08T13:59:45.0000000Z;17.6035;17.611;285;285
2026-06-08T13:59:55.0000000Z;17.6035;17.6095;285;285
2026-06-08T13:59:57.0000000Z;17.6015;17.6095;285;285
2026-06-08T14:00:01.0000000Z;17.602;17.6095;285;285
2026-06-08T14:00:23.0000000Z;17.602;17.6075;285;285
2026-06-08T14:00:34.0000000Z;17.6;17.6075;285;285
2026-06-08T14:00:56.0000000Z;17.6;17.6075;285;285
2026-06-08T14:01:26.0000000Z;17.6;17.6075;285;285
2026-06-08T14:01:57.0000000Z;17.6;17.6075;285;285
2026-06-08T14:02:27.0000000Z;17.6;17.6075;285;285
2026-06-08T14:02:43.0000000Z;17.6;17.6055;285;285
2026-06-08T14:02:46.0000000Z;17.598;17.6055;285;285
2026-06-08T14:03:16.0000000Z;17.598;17.6055;285;285
2026-06-08T14:03:19.0000000Z;17.598;17.6035;285;285
2026-06-08T14:03:22.0000000Z;17.596;17.6035;285;285
2026-06-08T14:03:53.0000000Z;17.596;17.6035;285;285
2026-06-08T14:04:07.0000000Z;17.598;17.6035;285;285
2026-06-08T14:04:14.0000000Z;17.598;17.6055;285;285
2026-06-08T14:04:29.0000000Z;17.6;17.6055;285;285
2026-06-08T14:04:32.0000000Z;17.6;17.6075;285;285
2026-06-08T14:04:35.0000000Z;17.6;17.6055;285;285
2026-06-08T14:04:36.0000000Z;17.598;17.6055;285;285
2026-06-08T14:05:07.0000000Z;17.598;17.6055;285;285
2026-06-08T14:05:17.0000000Z;17.6;17.6055;285;285
2026-06-08T14:05:19.0000000Z;17.6;17.6075;285;285
2026-06-08T14:05:49.0000000Z;17.6;17.6075;285;285
2026-06-08T14:06:19.0000000Z;17.6;17.6075;285;285
2026-06-08T14:06:50.0000000Z;17.6;17.6075;285;285
2026-06-08T14:06:56.0000000Z;17.6;17.6055;285;285
2026-06-08T14:06:59.0000000Z;17.598;17.6055;285;285
2026-06-08T14:07:25.0000000Z;17.6;17.6055;285;285
2026-06-08T14:07:28.0000000Z;17.6;17.608;285;285
2026-06-08T14:07:58.0000000Z;17.6;17.608;285;285
2026-06-08T14:08:23.0000000Z;17.602;17.608;285;285
2026-06-08T14:08:26.0000000Z;17.602;17.608;285;285
2026-06-08T14:08:28.0000000Z;17.6;17.608;285;285
2026-06-08T14:08:58.0000000Z;17.6;17.608;285;285
2026-06-08T14:09:28.0000000Z;17.6;17.608;285;285
2026-06-08T14:09:59.0000000Z;17.6;17.608;285;285
2026-06-08T14:10:14.0000000Z;17.602;17.608;285;285
2026-06-08T14:10:16.0000000Z;17.602;17.6095;285;285
2026-06-08T14:10:33.0000000Z;17.602;17.6075;285;285
2026-06-08T14:10:40.0000000Z;17.602;17.6095;285;285
2026-06-08T14:10:44.0000000Z;17.602;17.6075;285;285
2026-06-08T14:10:46.0000000Z;17.6;17.6075;285;285
2026-06-08T14:11:04.0000000Z;17.598;17.6055;285;285
2026-06-08T14:11:16.0000000Z;17.6;17.6075;285;285
2026-06-08T14:11:36.0000000Z;17.6;17.6055;285;285
2026-06-08T14:11:59.0000000Z;17.598;17.6055;285;285
2026-06-08T14:12:05.0000000Z;17.6;17.6055;285;285
2026-06-08T14:12:06.0000000Z;17.6;17.6075;285;285
2026-06-08T14:12:37.0000000Z;17.6;17.6075;285;285
2026-06-08T14:13:07.0000000Z;17.6;17.606;285;285
2026-06-08T14:13:09.0000000Z;17.598;17.606;285;285
2026-06-08T14:13:40.0000000Z;17.598;17.606;285;285
2026-06-08T14:13:53.0000000Z;17.598;17.6035;285;285
2026-06-08T14:13:55.0000000Z;17.596;17.6035;285;285
2026-06-08T14:14:07.0000000Z;17.598;17.6035;285;285
2026-06-08T14:14:09.0000000Z;17.598;17.6055;285;285
2026-06-08T14:14:39.0000000Z;17.598;17.6055;285;285
2026-06-08T14:15:10.0000000Z;17.598;17.6055;285;285
2026-06-08T14:15:40.0000000Z;17.598;17.6055;285;285
2026-06-08T14:15:47.0000000Z;17.598;17.6035;285;285
2026-06-08T14:15:53.0000000Z;17.596;17.6035;285;285
2026-06-08T14:15:55.0000000Z;17.598;17.6035;285;285
2026-06-08T14:15:57.0000000Z;17.598;17.6055;285;285
2026-06-08T14:16:27.0000000Z;17.598;17.6055;285;285
2026-06-08T14:16:58.0000000Z;17.598;17.6055;285;285
2026-06-08T14:17:14.0000000Z;17.6;17.6055;285;285
2026-06-08T14:17:17.0000000Z;17.6;17.6075;285;285
2026-06-08T14:17:33.0000000Z;17.6;17.606;285;285
2026-06-08T14:17:35.0000000Z;17.598;17.606;285;285
2026-06-08T14:18:03.0000000Z;17.6;17.606;285;285
2026-06-08T14:18:06.0000000Z;17.6;17.6075;285;285
2026-06-08T14:18:36.0000000Z;17.6;17.6075;285;285
2026-06-08T14:19:07.0000000Z;17.6;17.6075;285;285
2026-06-08T14:19:37.0000000Z;17.6;17.6075;285;285
2026-06-08T14:20:08.0000000Z;17.6;17.6075;285;285
2026-06-08T14:20:18.0000000Z;17.602;17.6075;285;285
2026-06-08T14:20:20.0000000Z;17.602;17.6095;285;285
2026-06-08T14:20:46.0000000Z;17.604;17.6095;285;285
2026-06-08T14:20:48.0000000Z;17.604;17.6115;285;285
2026-06-08T14:21:19.0000000Z;17.604;17.6115;285;285
2026-06-08T14:21:23.0000000Z;17.606;17.6115;285;285
2026-06-08T14:21:24.0000000Z;17.606;17.614;285;285
2026-06-08T14:21:35.0000000Z;17.606;17.612;285;285
2026-06-08T14:21:36.0000000Z;17.604;17.612;285;285
2026-06-08T14:21:46.0000000Z;17.606;17.6135;285;285
2026-06-08T14:21:49.0000000Z;17.606;17.612;285;285
2026-06-08T14:21:50.0000000Z;17.604;17.612;285;285
2026-06-08T14:22:01.0000000Z;17.606;17.612;285;285
2026-06-08T14:22:02.0000000Z;17.606;17.6135;285;285
2026-06-08T14:22:03.0000000Z;17.606;17.6115;285;285
2026-06-08T14:22:04.0000000Z;17.604;17.6115;285;285
2026-06-08T14:22:35.0000000Z;17.604;17.6115;285;285
2026-06-08T14:23:01.0000000Z;17.604;17.6095;285;285
2026-06-08T14:23:03.0000000Z;17.602;17.6095;285;285
2026-06-08T14:23:33.0000000Z;17.602;17.6095;285;285
2026-06-08T14:24:04.0000000Z;17.602;17.6095;285;285
2026-06-08T14:24:34.0000000Z;17.602;17.6095;285;285
2026-06-08T14:24:50.0000000Z;17.604;17.6095;285;285
2026-06-08T14:24:52.0000000Z;17.604;17.6115;285;285
2026-06-08T14:25:22.0000000Z;17.604;17.6115;285;285
2026-06-08T14:25:43.0000000Z;17.604;17.6095;285;285
2026-06-08T14:25:46.0000000Z;17.602;17.6095;285;285
2026-06-08T14:26:16.0000000Z;17.602;17.6095;285;285
2026-06-08T14:26:46.0000000Z;17.602;17.6095;285;285
2026-06-08T14:26:52.0000000Z;17.602;17.608;285;285
2026-06-08T14:26:54.0000000Z;17.6;17.608;285;285
2026-06-08T14:27:25.0000000Z;17.6;17.608;285;285
2026-06-08T14:27:45.0000000Z;17.6;17.6055;285;285
2026-06-08T14:27:46.0000000Z;17.598;17.6055;285;285
2026-06-08T14:28:17.0000000Z;17.598;17.6055;285;285
2026-06-08T14:28:47.0000000Z;17.598;17.6055;285;285
2026-06-08T14:28:50.0000000Z;17.598;17.604;285;285
2026-06-08T14:28:55.0000000Z;17.596;17.604;285;285
2026-06-08T14:29:06.0000000Z;17.598;17.604;285;285
2026-06-08T14:29:09.0000000Z;17.598;17.6055;285;285
2026-06-08T14:29:39.0000000Z;17.598;17.6055;285;285
2026-06-08T14:30:00.0000000Z;17.6;17.6055;285;285
2026-06-08T14:30:03.0000000Z;17.6;17.6075;285;285
2026-06-08T14:30:30.0000000Z;17.6;17.6055;285;285
2026-06-08T14:30:35.0000000Z;17.598;17.6055;285;285
2026-06-08T14:31:02.0000000Z;17.598;17.6055;285;285
2026-06-08T14:31:21.0000000Z;17.598;17.6035;285;285
2026-06-08T14:31:23.0000000Z;17.596;17.6035;285;285
2026-06-08T14:31:54.0000000Z;17.596;17.6035;285;285
2026-06-08T14:32:21.0000000Z;17.596;17.6015;285;285
2026-06-08T14:32:22.0000000Z;17.594;17.6015;285;285
2026-06-08T14:32:52.0000000Z;17.594;17.6015;285;285
2026-06-08T14:32:58.0000000Z;17.596;17.6015;285;285
2026-06-08T14:33:00.0000000Z;17.596;17.6035;285;285
2026-06-08T14:33:30.0000000Z;17.596;17.6035;285;285
2026-06-08T14:33:47.0000000Z;17.596;17.6015;285;285
2026-06-08T14:33:50.0000000Z;17.594;17.6015;285;285
2026-06-08T14:34:21.0000000Z;17.594;17.6015;285;285
2026-06-08T14:34:51.0000000Z;17.594;17.6015;285;285
2026-06-08T14:35:22.0000000Z;17.594;17.6015;285;285
2026-06-08T14:35:52.0000000Z;17.594;17.6015;285;285
2026-06-08T14:36:23.0000000Z;17.594;17.6015;285;285
2026-06-08T14:36:53.0000000Z;17.594;17.6015;285;285
2026-06-08T14:37:04.0000000Z;17.596;17.6015;285;285
2026-06-08T14:37:07.0000000Z;17.596;17.6035;285;285
2026-06-08T14:37:37.0000000Z;17.596;17.6035;285;285
2026-06-08T14:38:07.0000000Z;17.596;17.6035;285;285
2026-06-08T14:38:38.0000000Z;17.596;17.6035;285;285
2026-06-08T14:38:58.0000000Z;17.598;17.6035;285;285
2026-06-08T14:39:01.0000000Z;17.598;17.6055;285;285
2026-06-08T14:39:29.0000000Z;17.598;17.604;285;285
2026-06-08T14:39:31.0000000Z;17.596;17.604;285;285
2026-06-08T14:39:51.0000000Z;17.598;17.6055;285;285
2026-06-08T14:39:52.0000000Z;17.598;17.601;285;285
2026-06-08T14:39:55.0000000Z;17.5935;17.601;285;285
2026-06-08T14:40:23.0000000Z;17.5935;17.601;285;285
2026-06-08T14:40:25.0000000Z;17.564;17.608;285;285
2026-06-08T14:40:27.0000000Z;17.5955;17.603;285;285
2026-06-08T14:40:58.0000000Z;17.5955;17.603;285;285
2026-06-08T14:41:29.0000000Z;17.5955;17.603;285;285
2026-06-08T14:41:35.0000000Z;17.5975;17.603;285;285
2026-06-08T14:41:38.0000000Z;17.5975;17.605;285;285
2026-06-08T14:42:08.0000000Z;17.5975;17.605;285;285
2026-06-08T14:42:39.0000000Z;17.5975;17.605;285;285
2026-06-08T14:43:09.0000000Z;17.5975;17.605;285;285
2026-06-08T14:43:17.0000000Z;17.5975;17.603;285;285
2026-06-08T14:43:18.0000000Z;17.5955;17.603;285;285
2026-06-08T14:43:44.0000000Z;17.5975;17.603;285;285
2026-06-08T14:43:46.0000000Z;17.5975;17.605;285;285
2026-06-08T14:44:16.0000000Z;17.5975;17.605;285;285
2026-06-08T14:44:47.0000000Z;17.5975;17.605;285;285
2026-06-08T14:45:13.0000000Z;17.5975;17.6035;285;285
2026-06-08T14:45:15.0000000Z;17.5955;17.6035;285;285
2026-06-08T14:45:46.0000000Z;17.5955;17.6035;285;285
2026-06-08T14:45:48.0000000Z;17.5975;17.6035;285;285
2026-06-08T14:45:49.0000000Z;17.5975;17.605;285;285
2026-06-08T14:46:19.0000000Z;17.5975;17.605;285;285
2026-06-08T14:46:20.0000000Z;17.5975;17.603;285;285
2026-06-08T14:46:21.0000000Z;17.5955;17.603;285;285
2026-06-08T14:46:52.0000000Z;17.5955;17.603;285;285
2026-06-08T14:47:07.0000000Z;17.5955;17.601;285;285
2026-06-08T14:47:09.0000000Z;17.5935;17.601;285;285
2026-06-08T14:47:22.0000000Z;17.5955;17.601;285;285
2026-06-08T14:47:23.0000000Z;17.5955;17.603;285;285
2026-06-08T14:47:49.0000000Z;17.5935;17.601;285;285
2026-06-08T14:47:54.0000000Z;17.5965;17.601;285;285
2026-06-08T14:47:56.0000000Z;17.5965;17.604;285;285
2026-06-08T14:48:21.0000000Z;17.5985;17.604;285;285
2026-06-08T14:48:24.0000000Z;17.5985;17.606;285;285
2026-06-08T14:48:54.0000000Z;17.5985;17.606;285;285
2026-06-08T14:49:25.0000000Z;17.5985;17.606;285;285
2026-06-08T14:49:55.0000000Z;17.5985;17.606;285;285
2026-06-08T14:50:23.0000000Z;17.6005;17.606;285;285
2026-06-08T14:50:24.0000000Z;17.6005;17.608;285;285
2026-06-08T14:50:43.0000000Z;17.6005;17.606;285;285
2026-06-08T14:50:44.0000000Z;17.5985;17.606;285;285
2026-06-08T14:51:02.0000000Z;17.5965;17.604;285;285
2026-06-08T14:51:08.0000000Z;17.5965;17.602;285;285
2026-06-08T14:51:10.0000000Z;17.5945;17.602;285;285
2026-06-08T14:51:22.0000000Z;17.5925;17.6;285;285
2026-06-08T14:51:30.0000000Z;17.5945;17.6;285;285
2026-06-08T14:51:33.0000000Z;17.5945;17.602;285;285
2026-06-08T14:52:03.0000000Z;17.5945;17.602;285;285
2026-06-08T14:52:08.0000000Z;17.5945;17.6;285;285
2026-06-08T14:52:10.0000000Z;17.5925;17.6;285;285
2026-06-08T14:52:41.0000000Z;17.5925;17.6;285;285
2026-06-08T14:53:11.0000000Z;17.5925;17.6;285;285
2026-06-08T14:53:16.0000000Z;17.5925;17.598;285;285
2026-06-08T14:53:17.0000000Z;17.5905;17.598;285;285
2026-06-08T14:53:43.0000000Z;17.5905;17.596;285;285
2026-06-08T14:53:45.0000000Z;17.5885;17.596;285;285
2026-06-08T14:53:51.0000000Z;17.5905;17.596;285;285
2026-06-08T14:53:53.0000000Z;17.5905;17.598;285;285
2026-06-08T14:54:22.0000000Z;17.5925;17.598;285;285
2026-06-08T14:54:23.0000000Z;17.5925;17.6;285;285
2026-06-08T14:54:31.0000000Z;17.5925;17.598;285;285
2026-06-08T14:54:33.0000000Z;17.5905;17.598;285;285
2026-06-08T14:55:03.0000000Z;17.5905;17.598;285;285
2026-06-08T14:55:31.0000000Z;17.5925;17.598;285;285
2026-06-08T14:55:34.0000000Z;17.5925;17.6;285;285
2026-06-08T14:56:00.0000000Z;17.5925;17.598;285;285
2026-06-08T14:56:02.0000000Z;17.5905;17.598;285;285
2026-06-08T14:56:28.0000000Z;17.5925;17.598;285;285
2026-06-08T14:56:34.0000000Z;17.5925;17.6;285;285
2026-06-08T14:57:00.0000000Z;17.5925;17.6;285;285
2026-06-08T14:57:13.0000000Z;17.5925;17.598;285;285
2026-06-08T14:57:14.0000000Z;17.5905;17.598;285;285
2026-06-08T14:57:26.0000000Z;17.5925;17.598;285;285
2026-06-08T14:57:28.0000000Z;17.5925;17.6;285;285
2026-06-08T14:57:35.0000000Z;17.5925;17.598;285;285
2026-06-08T14:57:38.0000000Z;17.5905;17.598;285;285
2026-06-08T14:58:06.0000000Z;17.5905;17.598;285;285
2026-06-08T14:58:36.0000000Z;17.5905;17.598;285;285
2026-06-08T14:59:07.0000000Z;17.5905;17.598;285;285
2026-06-08T14:59:37.0000000Z;17.5905;17.598;285;285
2026-06-08T14:59:56.0000000Z;17.5905;17.5965;285;285
