2026-06-08T08:00:24.0000000Z;33.137;33.274;151;151
2026-06-08T08:00:54.0000000Z;33.137;33.274;151;151
2026-06-08T08:01:25.0000000Z;33.137;33.274;151;151
2026-06-08T08:01:55.0000000Z;33.137;33.274;151;151
2026-06-08T08:02:09.0000000Z;33.137;33.283;151;151
2026-06-08T08:02:40.0000000Z;33.137;33.283;151;151
2026-06-08T08:02:50.0000000Z;33.137;33.274;151;151
2026-06-08T08:03:20.0000000Z;33.137;33.274;151;151
2026-06-08T08:03:39.0000000Z;33.131;33.274;151;151
2026-06-08T08:04:10.0000000Z;33.131;33.274;151;151
2026-06-08T08:04:41.0000000Z;33.131;33.274;151;151
2026-06-08T08:05:11.0000000Z;33.131;33.274;151;151
2026-06-08T08:05:42.0000000Z;33.131;33.274;151;151
2026-06-08T08:05:53.0000000Z;33.131;33.265;151;151
2026-06-08T08:06:23.0000000Z;33.131;33.265;151;151
2026-06-08T08:06:54.0000000Z;33.131;33.265;151;151
2026-06-08T08:07:24.0000000Z;33.131;33.265;151;151
2026-06-08T08:07:55.0000000Z;33.131;33.265;151;151
2026-06-08T08:08:25.0000000Z;33.131;33.265;151;151
2026-06-08T08:08:42.0000000Z;33.125;33.265;151;151
2026-06-08T08:09:12.0000000Z;33.125;33.265;151;151
2026-06-08T08:09:43.0000000Z;33.125;33.265;151;151
2026-06-08T08:09:59.0000000Z;33.125;33.256;151;151
2026-06-08T08:10:13.0000000Z;33.125;33.265;151;151
2026-06-08T08:10:44.0000000Z;33.125;33.265;151;151
2026-06-08T08:11:14.0000000Z;33.125;33.265;151;151
2026-06-08T08:11:45.0000000Z;33.125;33.265;151;151
2026-06-08T08:12:15.0000000Z;33.125;33.265;151;151
2026-06-08T08:12:46.0000000Z;33.125;33.265;151;151
2026-06-08T08:13:16.0000000Z;33.125;33.265;151;151
2026-06-08T08:13:47.0000000Z;33.125;33.265;151;151
2026-06-08T08:14:17.0000000Z;33.125;33.265;151;151
2026-06-08T08:14:27.0000000Z;33.132;33.265;151;151
2026-06-08T08:14:57.0000000Z;33.132;33.265;151;151
2026-06-08T08:15:28.0000000Z;33.132;33.265;151;151
2026-06-08T08:15:58.0000000Z;33.132;33.265;151;151
2026-06-08T08:16:00.0000000Z;33.126;33.265;151;151
2026-06-08T08:16:31.0000000Z;33.126;33.265;151;151
2026-06-08T08:16:35.0000000Z;33.133;33.265;151;151
2026-06-08T08:16:41.0000000Z;33.133;33.274;151;151
2026-06-08T08:17:11.0000000Z;33.133;33.274;151;151
2026-06-08T08:17:42.0000000Z;33.133;33.274;151;151
2026-06-08T08:18:12.0000000Z;33.133;33.274;151;151
2026-06-08T08:18:43.0000000Z;33.133;33.274;151;151
2026-06-08T08:19:13.0000000Z;33.133;33.274;151;151
2026-06-08T08:19:44.0000000Z;33.133;33.274;151;151
2026-06-08T08:20:14.0000000Z;33.133;33.274;151;151
2026-06-08T08:20:20.0000000Z;33.14;33.274;151;151
2026-06-08T08:20:51.0000000Z;33.14;33.274;151;151
2026-06-08T08:21:22.0000000Z;33.14;33.274;151;151
2026-06-08T08:21:52.0000000Z;33.14;33.274;151;151
2026-06-08T08:22:23.0000000Z;33.14;33.274;151;151
2026-06-08T08:22:53.0000000Z;33.14;33.274;151;151
2026-06-08T08:23:20.0000000Z;33.134;33.274;151;151
2026-06-08T08:23:50.0000000Z;33.134;33.274;151;151
2026-06-08T08:24:15.0000000Z;33.128;33.274;151;151
2026-06-08T08:24:45.0000000Z;33.128;33.274;151;151
2026-06-08T08:25:07.0000000Z;33.135;33.274;151;151
2026-06-08T08:25:38.0000000Z;33.135;33.274;151;151
2026-06-08T08:26:08.0000000Z;33.135;33.274;151;151
2026-06-08T08:26:39.0000000Z;33.135;33.274;151;151
2026-06-08T08:27:09.0000000Z;33.135;33.274;151;151
2026-06-08T08:27:15.0000000Z;33.129;33.274;151;151
2026-06-08T08:27:46.0000000Z;33.129;33.274;151;151
2026-06-08T08:28:17.0000000Z;33.129;33.274;151;151
2026-06-08T08:28:47.0000000Z;33.129;33.274;151;151
2026-06-08T08:29:13.0000000Z;33.129;33.265;151;151
2026-06-08T08:29:43.0000000Z;33.129;33.265;151;151
2026-06-08T08:30:14.0000000Z;33.129;33.265;151;151
2026-06-08T08:30:42.0000000Z;33.123;33.265;151;151
2026-06-08T08:31:11.0000000Z;33.13;33.265;151;151
2026-06-08T08:31:41.0000000Z;33.13;33.265;151;151
2026-06-08T08:32:12.0000000Z;33.13;33.265;151;151
2026-06-08T08:32:42.0000000Z;33.13;33.265;151;151
2026-06-08T08:33:13.0000000Z;33.13;33.265;151;151
2026-06-08T08:33:43.0000000Z;33.13;33.265;151;151
2026-06-08T08:33:54.0000000Z;33.137;33.265;151;151
2026-06-08T08:34:24.0000000Z;33.137;33.265;151;151
2026-06-08T08:34:33.0000000Z;33.137;33.274;151;151
2026-06-08T08:35:04.0000000Z;33.137;33.274;151;151
2026-06-08T08:35:34.0000000Z;33.137;33.274;151;151
2026-06-08T08:36:05.0000000Z;33.137;33.274;151;151
2026-06-08T08:36:35.0000000Z;33.137;33.274;151;151
2026-06-08T08:37:04.0000000Z;33.131;33.274;151;151
2026-06-08T08:37:35.0000000Z;33.131;33.274;151;151
2026-06-08T08:38:05.0000000Z;33.131;33.274;151;151
2026-06-08T08:38:36.0000000Z;33.131;33.274;151;151
2026-06-08T08:39:06.0000000Z;33.131;33.274;151;151
2026-06-08T08:39:37.0000000Z;33.131;33.274;151;151
2026-06-08T08:40:07.0000000Z;33.131;33.274;151;151
2026-06-08T08:40:11.0000000Z;33.131;33.222;151;151
2026-06-08T08:40:42.0000000Z;33.131;33.222;151;151
2026-06-08T08:41:02.0000000Z;33.131;33.221;151;151
2026-06-08T08:41:23.0000000Z;33.138;33.221;151;151
2026-06-08T08:41:54.0000000Z;33.138;33.221;151;151
2026-06-08T08:42:24.0000000Z;33.138;33.221;151;151
2026-06-08T08:42:55.0000000Z;33.138;33.221;151;151
2026-06-08T08:43:25.0000000Z;33.138;33.221;151;151
2026-06-08T08:43:56.0000000Z;33.138;33.221;151;151
2026-06-08T08:44:26.0000000Z;33.138;33.221;151;151
2026-06-08T08:44:57.0000000Z;33.138;33.221;151;151
2026-06-08T08:45:14.0000000Z;33.131;33.221;151;151
2026-06-08T08:45:44.0000000Z;33.131;33.221;151;151
2026-06-08T08:46:14.0000000Z;33.131;33.221;151;151
2026-06-08T08:46:45.0000000Z;33.131;33.221;151;151
2026-06-08T08:46:54.0000000Z;33.138;33.221;151;151
2026-06-08T08:47:25.0000000Z;33.138;33.221;151;151
2026-06-08T08:47:34.0000000Z;33.138;33.217;151;151
2026-06-08T08:48:04.0000000Z;33.138;33.217;151;151
2026-06-08T08:48:35.0000000Z;33.138;33.217;151;151
2026-06-08T08:49:05.0000000Z;33.138;33.217;151;151
2026-06-08T08:49:24.0000000Z;33.138;33.216;151;151
2026-06-08T08:49:54.0000000Z;33.138;33.216;151;151
2026-06-08T08:50:25.0000000Z;33.138;33.216;151;151
2026-06-08T08:50:55.0000000Z;33.138;33.216;151;151
2026-06-08T08:51:26.0000000Z;33.138;33.216;151;151
2026-06-08T08:51:56.0000000Z;33.138;33.216;151;151
2026-06-08T08:52:27.0000000Z;33.138;33.216;151;151
2026-06-08T08:52:39.0000000Z;33.145;33.216;151;151
2026-06-08T08:53:02.0000000Z;33.18;33.216;151;151
2026-06-08T08:53:32.0000000Z;33.18;33.214;151;151
2026-06-08T08:54:02.0000000Z;33.18;33.214;151;151
2026-06-08T08:54:33.0000000Z;33.18;33.214;151;151
2026-06-08T08:55:04.0000000Z;33.18;33.214;151;151
2026-06-08T08:55:34.0000000Z;33.18;33.214;151;151
2026-06-08T08:55:46.0000000Z;33.18;33.213;151;151
2026-06-08T08:56:16.0000000Z;33.18;33.213;151;151
2026-06-08T08:56:46.0000000Z;33.18;33.213;151;151
2026-06-08T08:57:03.0000000Z;33.18;33.212;151;151
2026-06-08T08:57:34.0000000Z;33.18;33.212;151;151
2026-06-08T08:58:05.0000000Z;33.18;33.212;151;151
2026-06-08T08:58:32.0000000Z;33.18;33.211;151;151
2026-06-08T08:59:03.0000000Z;33.18;33.211;151;151
2026-06-08T08:59:33.0000000Z;33.18;33.211;151;151
2026-06-08T09:00:04.0000000Z;33.18;33.211;151;151
2026-06-08T09:00:34.0000000Z;33.18;33.211;151;151
2026-06-08T09:01:05.0000000Z;33.18;33.211;151;151
2026-06-08T09:01:06.0000000Z;33.18;33.21;151;151
2026-06-08T09:01:36.0000000Z;33.18;33.21;151;151
2026-06-08T09:02:07.0000000Z;33.18;33.21;151;151
2026-06-08T09:02:38.0000000Z;33.18;33.21;151;151
2026-06-08T09:03:08.0000000Z;33.18;33.21;151;151
2026-06-08T09:03:39.0000000Z;33.18;33.21;151;151
2026-06-08T09:04:09.0000000Z;33.18;33.21;151;151
2026-06-08T09:04:40.0000000Z;33.18;33.21;151;151
2026-06-08T09:05:10.0000000Z;33.18;33.21;151;151
2026-06-08T09:05:41.0000000Z;33.18;33.21;151;151
2026-06-08T09:06:11.0000000Z;33.18;33.21;151;151
2026-06-08T09:06:40.0000000Z;33.18;33.207;151;151
2026-06-08T09:07:10.0000000Z;33.18;33.207;151;151
2026-06-08T09:07:41.0000000Z;33.18;33.207;151;151
2026-06-08T09:08:11.0000000Z;33.18;33.207;151;151
2026-06-08T09:08:42.0000000Z;33.18;33.207;151;151
2026-06-08T09:09:13.0000000Z;33.18;33.207;151;151
2026-06-08T09:09:43.0000000Z;33.18;33.207;151;151
2026-06-08T09:10:14.0000000Z;33.18;33.207;151;151
2026-06-08T09:10:44.0000000Z;33.18;33.207;151;151
2026-06-08T09:10:46.0000000Z;33.18;33.205;151;151
2026-06-08T09:11:16.0000000Z;33.18;33.205;151;151
2026-06-08T09:11:46.0000000Z;33.18;33.205;151;151
2026-06-08T09:12:17.0000000Z;33.18;33.205;151;151
2026-06-08T09:12:48.0000000Z;33.18;33.205;151;151
2026-06-08T09:13:18.0000000Z;33.18;33.205;151;151
2026-06-08T09:13:31.0000000Z;33.18;33.203;151;151
2026-06-08T09:13:34.0000000Z;33.168;33.203;151;151
2026-06-08T09:14:04.0000000Z;33.168;33.203;151;151
2026-06-08T09:14:35.0000000Z;33.168;33.203;151;151
2026-06-08T09:15:05.0000000Z;33.168;33.203;151;151
2026-06-08T09:15:36.0000000Z;33.168;33.203;151;151
2026-06-08T09:16:06.0000000Z;33.168;33.203;151;151
2026-06-08T09:16:37.0000000Z;33.168;33.203;151;151
2026-06-08T09:17:07.0000000Z;33.168;33.203;151;151
2026-06-08T09:17:38.0000000Z;33.168;33.203;151;151
2026-06-08T09:18:08.0000000Z;33.168;33.203;151;151
2026-06-08T09:18:39.0000000Z;33.168;33.203;151;151
2026-06-08T09:19:09.0000000Z;33.168;33.203;151;151
2026-06-08T09:19:40.0000000Z;33.168;33.203;151;151
2026-06-08T09:20:11.0000000Z;33.168;33.203;151;151
2026-06-08T09:20:25.0000000Z;33.168;33.2;151;151
2026-06-08T09:20:55.0000000Z;33.168;33.2;151;151
2026-06-08T09:21:26.0000000Z;33.168;33.2;151;151
2026-06-08T09:21:44.0000000Z;33.175;33.2;151;151
2026-06-08T09:21:55.0000000Z;33.175;33.199;151;151
2026-06-08T09:21:58.0000000Z;33.175;33.199;151;151
2026-06-08T09:22:00.0000000Z;33.175;33.295;151;151
2026-06-08T09:22:31.0000000Z;33.175;33.295;151;151
2026-06-08T09:23:02.0000000Z;33.175;33.295;151;151
2026-06-08T09:23:32.0000000Z;33.175;33.295;151;151
2026-06-08T09:24:03.0000000Z;33.175;33.295;151;151
2026-06-08T09:24:33.0000000Z;33.175;33.295;151;151
2026-06-08T09:25:04.0000000Z;33.175;33.295;151;151
2026-06-08T09:25:34.0000000Z;33.175;33.295;151;151
2026-06-08T09:26:05.0000000Z;33.175;33.295;151;151
2026-06-08T09:26:36.0000000Z;33.175;33.295;151;151
2026-06-08T09:27:06.0000000Z;33.175;33.295;151;151
2026-06-08T09:27:12.0000000Z;33.175;33.3;151;151
2026-06-08T09:27:19.0000000Z;33.175;33.297;151;151
2026-06-08T09:27:28.0000000Z;33.175;33.296;151;151
2026-06-08T09:27:36.0000000Z;33.175;33.297;151;151
2026-06-08T09:27:54.0000000Z;33.175;33.3;151;151
2026-06-08T09:28:04.0000000Z;33.183;33.301;151;151
2026-06-08T09:28:06.0000000Z;33.183;33.305;151;151
2026-06-08T09:28:36.0000000Z;33.183;33.305;151;151
2026-06-08T09:29:07.0000000Z;33.183;33.305;151;151
2026-06-08T09:29:37.0000000Z;33.183;33.305;151;151
2026-06-08T09:30:08.0000000Z;33.183;33.305;151;151
2026-06-08T09:30:38.0000000Z;33.183;33.305;151;151
2026-06-08T09:31:09.0000000Z;33.183;33.305;151;151
2026-06-08T09:31:39.0000000Z;33.183;33.305;151;151
2026-06-08T09:31:55.0000000Z;33.19;33.305;151;151
2026-06-08T09:31:57.0000000Z;33.19;33.313;151;151
2026-06-08T09:32:27.0000000Z;33.19;33.313;151;151
2026-06-08T09:32:51.0000000Z;33.19;33.311;151;151
2026-06-08T09:33:22.0000000Z;33.19;33.311;151;151
2026-06-08T09:33:23.0000000Z;33.19;33.313;151;151
2026-06-08T09:33:54.0000000Z;33.19;33.313;151;151
2026-06-08T09:34:24.0000000Z;33.19;33.313;151;151
2026-06-08T09:34:55.0000000Z;33.19;33.313;151;151
2026-06-08T09:35:26.0000000Z;33.19;33.313;151;151
2026-06-08T09:35:56.0000000Z;33.19;33.313;151;151
2026-06-08T09:36:27.0000000Z;33.19;33.313;151;151
2026-06-08T09:36:40.0000000Z;33.197;33.313;151;151
2026-06-08T09:36:42.0000000Z;33.197;33.319;151;151
2026-06-08T09:36:48.0000000Z;33.197;33.309;151;151
2026-06-08T09:36:56.0000000Z;33.191;33.319;151;151
2026-06-08T09:37:06.0000000Z;33.174;33.32;151;151
2026-06-08T09:37:24.0000000Z;33.174;33.319;151;151
2026-06-08T09:37:26.0000000Z;33.168;33.311;151;151
2026-06-08T09:37:31.0000000Z;33.168;33.24;151;151
2026-06-08T09:37:34.0000000Z;33.162;33.24;151;151
2026-06-08T09:37:39.0000000Z;33.162;33.2;151;151
2026-06-08T09:37:54.0000000Z;33.162;33.191;151;151
2026-06-08T09:38:17.0000000Z;33.162;33.311;151;151
2026-06-08T09:38:28.0000000Z;33.162;33.23;151;151
2026-06-08T09:38:29.0000000Z;33.156;33.23;151;151
2026-06-08T09:38:33.0000000Z;33.156;33.2;151;151
2026-06-08T09:38:39.0000000Z;33.156;33.191;151;151
2026-06-08T09:38:55.0000000Z;33.156;33.311;151;151
2026-06-08T09:39:00.0000000Z;33.175;33.306;151;151
2026-06-08T09:39:10.0000000Z;33.175;33.191;151;151
2026-06-08T09:39:41.0000000Z;33.175;33.306;151;151
2026-06-08T09:39:55.0000000Z;33.175;33.306;151;151
2026-06-08T09:40:15.0000000Z;33.175;33.31;151;151
2026-06-08T09:40:19.0000000Z;33.182;33.31;151;151
2026-06-08T09:40:49.0000000Z;33.182;33.31;151;151
2026-06-08T09:41:10.0000000Z;33.182;33.312;151;151
2026-06-08T09:41:15.0000000Z;33.182;33.318;151;151
2026-06-08T09:41:31.0000000Z;33.189;33.318;151;151
2026-06-08T09:41:35.0000000Z;33.189;33.316;151;151
2026-06-08T09:41:51.0000000Z;33.189;33.311;151;151
2026-06-08T09:41:53.0000000Z;33.189;33.31;151;151
2026-06-08T09:41:55.0000000Z;33.189;33.311;151;151
2026-06-08T09:41:57.0000000Z;33.189;33.316;151;151
2026-06-08T09:42:09.0000000Z;33.189;33.318;151;151
2026-06-08T09:42:40.0000000Z;33.189;33.318;151;151
2026-06-08T09:42:59.0000000Z;33.182;33.318;151;151
2026-06-08T09:43:29.0000000Z;33.182;33.318;151;151
2026-06-08T09:44:00.0000000Z;33.182;33.318;151;151
2026-06-08T09:44:31.0000000Z;33.182;33.318;151;151
2026-06-08T09:45:01.0000000Z;33.182;33.318;151;151
2026-06-08T09:45:32.0000000Z;33.182;33.318;151;151
2026-06-08T09:46:02.0000000Z;33.182;33.318;151;151
2026-06-08T09:46:33.0000000Z;33.182;33.318;151;151
2026-06-08T09:46:52.0000000Z;33.15;33.32;151;151
2026-06-08T09:46:59.0000000Z;33.182;33.313;151;151
2026-06-08T09:47:29.0000000Z;33.182;33.313;151;151
2026-06-08T09:47:59.0000000Z;33.182;33.313;151;151
2026-06-08T09:48:30.0000000Z;33.182;33.313;151;151
2026-06-08T09:48:56.0000000Z;33.176;33.313;151;151
2026-06-08T09:48:57.0000000Z;33.176;33.311;151;151
2026-06-08T09:49:18.0000000Z;33.176;33.245;151;151
2026-06-08T09:49:45.0000000Z;33.171;33.245;151;151
2026-06-08T09:49:57.0000000Z;33.167;33.245;151;151
2026-06-08T09:50:27.0000000Z;33.167;33.245;151;151
2026-06-08T09:50:58.0000000Z;33.167;33.245;151;151
2026-06-08T09:51:28.0000000Z;33.167;33.245;151;151
2026-06-08T09:51:59.0000000Z;33.167;33.245;151;151
2026-06-08T09:52:29.0000000Z;33.167;33.245;151;151
2026-06-08T09:53:00.0000000Z;33.167;33.245;151;151
2026-06-08T09:53:06.0000000Z;33.174;33.245;151;151
2026-06-08T09:53:37.0000000Z;33.174;33.245;151;151
2026-06-08T09:54:07.0000000Z;33.174;33.245;151;151
2026-06-08T09:54:15.0000000Z;33.168;33.245;151;151
2026-06-08T09:54:30.0000000Z;33.168;33.245;151;151
2026-06-08T09:55:00.0000000Z;33.168;33.245;151;151
2026-06-08T09:55:31.0000000Z;33.168;33.245;151;151
2026-06-08T09:56:01.0000000Z;33.168;33.245;151;151
2026-06-08T09:56:06.0000000Z;33.162;33.245;151;151
2026-06-08T09:56:37.0000000Z;33.162;33.245;151;151
2026-06-08T09:57:07.0000000Z;33.162;33.245;151;151
2026-06-08T09:57:38.0000000Z;33.162;33.245;151;151
2026-06-08T09:58:09.0000000Z;33.162;33.245;151;151
2026-06-08T09:58:39.0000000Z;33.162;33.245;151;151
2026-06-08T09:59:10.0000000Z;33.162;33.245;151;151
2026-06-08T09:59:40.0000000Z;33.162;33.245;151;151
2026-06-08T10:00:11.0000000Z;33.162;33.245;151;151
2026-06-08T10:00:41.0000000Z;33.162;33.245;151;151
2026-06-08T10:01:12.0000000Z;33.162;33.245;151;151
2026-06-08T10:01:42.0000000Z;33.162;33.245;151;151
2026-06-08T10:02:13.0000000Z;33.156;33.245;151;151
2026-06-08T10:02:39.0000000Z;33.156;33.245;151;151
2026-06-08T10:03:10.0000000Z;33.156;33.245;151;151
2026-06-08T10:03:41.0000000Z;33.156;33.245;151;151
2026-06-08T10:04:08.0000000Z;33.163;33.245;151;151
2026-06-08T10:04:38.0000000Z;33.163;33.245;151;151
2026-06-08T10:05:09.0000000Z;33.163;33.245;151;151
2026-06-08T10:05:33.0000000Z;33.17;33.245;151;151
2026-06-08T10:05:38.0000000Z;33.172;33.245;151;151
2026-06-08T10:05:44.0000000Z;33.171;33.245;151;151
2026-06-08T10:06:13.0000000Z;33.17;33.245;151;151
2026-06-08T10:06:25.0000000Z;33.164;33.245;151;151
2026-06-08T10:06:49.0000000Z;33.158;33.245;151;151
2026-06-08T10:07:19.0000000Z;33.158;33.245;151;151
2026-06-08T10:07:50.0000000Z;33.158;33.245;151;151
2026-06-08T10:08:20.0000000Z;33.158;33.245;151;151
2026-06-08T10:08:51.0000000Z;33.158;33.245;151;151
2026-06-08T10:09:21.0000000Z;33.158;33.245;151;151
2026-06-08T10:09:52.0000000Z;33.158;33.245;151;151
2026-06-08T10:10:22.0000000Z;33.158;33.245;151;151
2026-06-08T10:10:48.0000000Z;33.147;33.245;151;151
2026-06-08T10:10:56.0000000Z;33.143;33.245;151;151
2026-06-08T10:11:27.0000000Z;33.143;33.245;151;151
2026-06-08T10:11:57.0000000Z;33.143;33.245;151;151
2026-06-08T10:12:28.0000000Z;33.143;33.245;151;151
2026-06-08T10:12:52.0000000Z;33.15;33.245;151;151
2026-06-08T10:13:22.0000000Z;33.15;33.245;151;151
2026-06-08T10:13:52.0000000Z;33.15;33.245;151;151
2026-06-08T10:14:21.0000000Z;33.144;33.245;151;151
2026-06-08T10:14:51.0000000Z;33.144;33.245;151;151
2026-06-08T10:15:22.0000000Z;33.144;33.245;151;151
2026-06-08T10:15:52.0000000Z;33.144;33.245;151;151
2026-06-08T10:16:23.0000000Z;33.144;33.245;151;151
2026-06-08T10:16:54.0000000Z;33.144;33.245;151;151
2026-06-08T10:17:24.0000000Z;33.144;33.245;151;151
2026-06-08T10:17:55.0000000Z;33.144;33.245;151;151
2026-06-08T10:18:04.0000000Z;33.151;33.245;151;151
2026-06-08T10:18:34.0000000Z;33.151;33.245;151;151
2026-06-08T10:18:46.0000000Z;33.145;33.245;151;151
2026-06-08T10:19:17.0000000Z;33.145;33.245;151;151
2026-06-08T10:19:48.0000000Z;33.145;33.245;151;151
2026-06-08T10:20:18.0000000Z;33.145;33.245;151;151
2026-06-08T10:20:49.0000000Z;33.145;33.245;151;151
2026-06-08T10:21:19.0000000Z;33.145;33.245;151;151
2026-06-08T10:21:50.0000000Z;33.145;33.245;151;151
2026-06-08T10:22:20.0000000Z;33.145;33.245;151;151
2026-06-08T10:22:33.0000000Z;33.139;33.245;151;151
2026-06-08T10:23:04.0000000Z;33.139;33.245;151;151
2026-06-08T10:23:34.0000000Z;33.139;33.245;151;151
2026-06-08T10:23:38.0000000Z;33.146;33.245;151;151
2026-06-08T10:24:09.0000000Z;33.146;33.245;151;151
2026-06-08T10:24:40.0000000Z;33.146;33.245;151;151
2026-06-08T10:25:10.0000000Z;33.146;33.245;151;151
2026-06-08T10:25:41.0000000Z;33.146;33.245;151;151
2026-06-08T10:25:46.0000000Z;33.14;33.245;151;151
2026-06-08T10:26:16.0000000Z;33.14;33.245;151;151
2026-06-08T10:26:40.0000000Z;33.148;33.245;151;151
2026-06-08T10:27:10.0000000Z;33.148;33.245;151;151
2026-06-08T10:27:41.0000000Z;33.148;33.245;151;151
2026-06-08T10:28:12.0000000Z;33.148;33.245;151;151
2026-06-08T10:28:42.0000000Z;33.148;33.245;151;151
2026-06-08T10:29:10.0000000Z;33.155;33.245;151;151
2026-06-08T10:29:40.0000000Z;33.155;33.245;151;151
2026-06-08T10:30:11.0000000Z;33.155;33.245;151;151
2026-06-08T10:30:41.0000000Z;33.155;33.245;151;151
2026-06-08T10:31:12.0000000Z;33.155;33.245;151;151
2026-06-08T10:31:42.0000000Z;33.155;33.245;151;151
2026-06-08T10:32:13.0000000Z;33.155;33.245;151;151
2026-06-08T10:32:40.0000000Z;33.148;33.245;151;151
2026-06-08T10:33:11.0000000Z;33.148;33.245;151;151
2026-06-08T10:33:42.0000000Z;33.148;33.245;151;151
2026-06-08T10:34:12.0000000Z;33.148;33.245;151;151
2026-06-08T10:34:17.0000000Z;33.157;33.245;151;151
2026-06-08T10:34:22.0000000Z;33.151;33.245;151;151
2026-06-08T10:34:35.0000000Z;33.139;33.245;151;151
2026-06-08T10:34:39.0000000Z;33.127;33.245;151;151
2026-06-08T10:35:09.0000000Z;33.127;33.245;151;151
2026-06-08T10:35:23.0000000Z;33.12;33.245;151;151
2026-06-08T10:35:38.0000000Z;33.128;33.245;151;151
2026-06-08T10:36:01.0000000Z;33.122;33.245;151;151
2026-06-08T10:36:31.0000000Z;33.122;33.245;151;151
2026-06-08T10:37:02.0000000Z;33.122;33.245;151;151
2026-06-08T10:37:18.0000000Z;33.141;33.245;151;151
2026-06-08T10:37:48.0000000Z;33.141;33.245;151;151
2026-06-08T10:38:19.0000000Z;33.141;33.245;151;151
2026-06-08T10:38:50.0000000Z;33.141;33.245;151;151
2026-06-08T10:39:14.0000000Z;33.148;33.245;151;151
2026-06-08T10:39:45.0000000Z;33.148;33.245;151;151
2026-06-08T10:40:15.0000000Z;33.148;33.245;151;151
2026-06-08T10:40:46.0000000Z;33.148;33.245;151;151
2026-06-08T10:41:16.0000000Z;33.142;33.245;151;151
2026-06-08T10:41:47.0000000Z;33.142;33.245;151;151
2026-06-08T10:42:18.0000000Z;33.142;33.245;151;151
2026-06-08T10:42:48.0000000Z;33.142;33.245;151;151
2026-06-08T10:43:19.0000000Z;33.142;33.245;151;151
2026-06-08T10:43:50.0000000Z;33.142;33.245;151;151
2026-06-08T10:44:20.0000000Z;33.142;33.245;151;151
2026-06-08T10:44:47.0000000Z;33.142;33.244;151;151
2026-06-08T10:45:17.0000000Z;33.142;33.244;151;151
2026-06-08T10:45:48.0000000Z;33.142;33.244;151;151
2026-06-08T10:46:19.0000000Z;33.142;33.244;151;151
2026-06-08T10:46:31.0000000Z;33.136;33.244;151;151
2026-06-08T10:47:01.0000000Z;33.136;33.244;151;151
2026-06-08T10:47:32.0000000Z;33.136;33.244;151;151
2026-06-08T10:48:02.0000000Z;33.136;33.244;151;151
2026-06-08T10:48:33.0000000Z;33.136;33.244;151;151
2026-06-08T10:49:04.0000000Z;33.136;33.244;151;151
2026-06-08T10:49:25.0000000Z;33.13;33.244;151;151
2026-06-08T10:49:30.0000000Z;33.136;33.244;151;151
2026-06-08T10:50:01.0000000Z;33.136;33.244;151;151
2026-06-08T10:50:04.0000000Z;33.13;33.244;151;151
2026-06-08T10:50:34.0000000Z;33.13;33.244;151;151
2026-06-08T10:51:05.0000000Z;33.13;33.244;151;151
2026-06-08T10:51:08.0000000Z;33.152;33.244;151;151
2026-06-08T10:51:32.0000000Z;33.146;33.244;151;151
2026-06-08T10:52:03.0000000Z;33.146;33.244;151;151
2026-06-08T10:52:33.0000000Z;33.146;33.244;151;151
2026-06-08T10:53:04.0000000Z;33.146;33.244;151;151
2026-06-08T10:53:20.0000000Z;33.146;33.245;151;151
2026-06-08T10:53:21.0000000Z;33.146;33.244;151;151
2026-06-08T10:53:51.0000000Z;33.146;33.244;151;151
2026-06-08T10:53:56.0000000Z;33.153;33.244;151;151
2026-06-08T10:54:26.0000000Z;33.153;33.244;151;151
2026-06-08T10:54:44.0000000Z;33.146;33.244;151;151
2026-06-08T10:55:15.0000000Z;33.146;33.244;151;151
2026-06-08T10:55:44.0000000Z;33.153;33.244;151;151
2026-06-08T10:56:15.0000000Z;33.153;33.244;151;151
2026-06-08T10:56:45.0000000Z;33.153;33.244;151;151
2026-06-08T10:57:16.0000000Z;33.153;33.244;151;151
2026-06-08T10:57:46.0000000Z;33.153;33.244;151;151
2026-06-08T10:57:47.0000000Z;33.155;33.244;151;151
2026-06-08T10:57:48.0000000Z;33.16;33.244;151;151
2026-06-08T10:57:50.0000000Z;33.161;33.244;151;151
2026-06-08T10:57:57.0000000Z;33.158;33.244;151;151
2026-06-08T10:57:59.0000000Z;33.16;33.244;151;151
2026-06-08T10:58:08.0000000Z;33.161;33.244;151;151
2026-06-08T10:58:17.0000000Z;33.161;33.244;151;151
2026-06-08T10:58:27.0000000Z;33.153;33.244;151;151
2026-06-08T10:58:58.0000000Z;33.153;33.244;151;151
2026-06-08T10:59:28.0000000Z;33.153;33.244;151;151
2026-06-08T10:59:59.0000000Z;33.153;33.244;151;151
2026-06-08T11:00:29.0000000Z;33.153;33.244;151;151
2026-06-08T11:01:00.0000000Z;33.153;33.244;151;151
2026-06-08T11:01:31.0000000Z;33.153;33.244;151;151
2026-06-08T11:02:01.0000000Z;33.153;33.244;151;151
2026-06-08T11:02:32.0000000Z;33.153;33.244;151;151
2026-06-08T11:03:02.0000000Z;33.153;33.244;151;151
2026-06-08T11:03:33.0000000Z;33.153;33.244;151;151
2026-06-08T11:04:04.0000000Z;33.153;33.244;151;151
2026-06-08T11:04:13.0000000Z;33.147;33.244;151;151
2026-06-08T11:04:43.0000000Z;33.147;33.244;151;151
2026-06-08T11:05:14.0000000Z;33.147;33.244;151;151
2026-06-08T11:05:22.0000000Z;33.154;33.244;151;151
2026-06-08T11:05:52.0000000Z;33.154;33.244;151;151
2026-06-08T11:06:23.0000000Z;33.154;33.244;151;151
2026-06-08T11:06:53.0000000Z;33.154;33.244;151;151
2026-06-08T11:07:05.0000000Z;33.148;33.244;151;151
2026-06-08T11:07:35.0000000Z;33.148;33.244;151;151
2026-06-08T11:08:06.0000000Z;33.148;33.244;151;151
2026-06-08T11:08:36.0000000Z;33.148;33.244;151;151
2026-06-08T11:09:07.0000000Z;33.148;33.244;151;151
2026-06-08T11:09:38.0000000Z;33.148;33.244;151;151
2026-06-08T11:10:08.0000000Z;33.148;33.244;151;151
2026-06-08T11:10:39.0000000Z;33.148;33.244;151;151
2026-06-08T11:10:52.0000000Z;33.116;33.245;151;151
2026-06-08T11:10:54.0000000Z;33.146;33.245;151;151
2026-06-08T11:11:01.0000000Z;33.105;33.245;151;151
2026-06-08T11:11:08.0000000Z;33.136;33.245;151;151
2026-06-08T11:11:16.0000000Z;33.133;33.245;151;151
2026-06-08T11:11:30.0000000Z;33.135;33.245;151;151
2026-06-08T11:11:32.0000000Z;33.136;33.245;151;151
2026-06-08T11:11:40.0000000Z;33.137;33.245;151;151
2026-06-08T11:11:42.0000000Z;33.138;33.245;151;151
2026-06-08T11:11:44.0000000Z;33.139;33.245;151;151
2026-06-08T11:11:48.0000000Z;33.141;33.245;151;151
2026-06-08T11:11:52.0000000Z;33.142;33.245;151;151
2026-06-08T11:12:23.0000000Z;33.142;33.245;151;151
2026-06-08T11:12:24.0000000Z;33.138;33.245;151;151
2026-06-08T11:12:28.0000000Z;33.14;33.245;151;151
2026-06-08T11:12:59.0000000Z;33.14;33.245;151;151
2026-06-08T11:13:00.0000000Z;33.148;33.244;151;151
2026-06-08T11:13:30.0000000Z;33.148;33.244;151;151
2026-06-08T11:14:01.0000000Z;33.148;33.244;151;151
2026-06-08T11:14:14.0000000Z;33.155;33.244;151;151
2026-06-08T11:14:44.0000000Z;33.157;33.244;151;151
2026-06-08T11:14:49.0000000Z;33.156;33.244;151;151
2026-06-08T11:15:01.0000000Z;33.155;33.244;151;151
2026-06-08T11:15:07.0000000Z;33.163;33.244;151;151
2026-06-08T11:15:25.0000000Z;33.156;33.244;151;151
2026-06-08T11:15:36.0000000Z;33.163;33.244;151;151
2026-06-08T11:16:06.0000000Z;33.157;33.244;151;151
2026-06-08T11:16:30.0000000Z;33.15;33.244;151;151
2026-06-08T11:16:58.0000000Z;33.15;33.244;151;151
2026-06-08T11:17:15.0000000Z;33.151;33.244;151;151
2026-06-08T11:17:46.0000000Z;33.151;33.244;151;151
2026-06-08T11:17:58.0000000Z;33.15;33.244;151;151
2026-06-08T11:18:29.0000000Z;33.15;33.244;151;151
2026-06-08T11:18:59.0000000Z;33.15;33.244;151;151
2026-06-08T11:19:15.0000000Z;33.144;33.244;151;151
2026-06-08T11:19:21.0000000Z;33.144;33.2;151;151
2026-06-08T11:19:28.0000000Z;33.144;33.17;151;151
2026-06-08T11:19:59.0000000Z;33.144;33.17;151;151
2026-06-08T11:20:13.0000000Z;33.136;33.17;151;151
2026-06-08T11:20:27.0000000Z;33.13;33.17;151;151
2026-06-08T11:20:58.0000000Z;33.13;33.17;151;151
2026-06-08T11:21:29.0000000Z;33.13;33.17;151;151
2026-06-08T11:21:41.0000000Z;33.137;33.17;151;151
2026-06-08T11:22:11.0000000Z;33.137;33.17;151;151
2026-06-08T11:22:14.0000000Z;33.131;33.17;151;151
2026-06-08T11:22:44.0000000Z;33.131;33.17;151;151
2026-06-08T11:23:14.0000000Z;33.131;33.17;151;151
2026-06-08T11:23:45.0000000Z;33.131;33.17;151;151
2026-06-08T11:23:52.0000000Z;33.138;33.17;151;151
2026-06-08T11:24:23.0000000Z;33.138;33.17;151;151
2026-06-08T11:24:53.0000000Z;33.138;33.17;151;151
2026-06-08T11:25:19.0000000Z;33.145;33.17;151;151
2026-06-08T11:25:49.0000000Z;33.145;33.17;151;151
2026-06-08T11:26:20.0000000Z;33.145;33.17;151;151
2026-06-08T11:26:50.0000000Z;33.145;33.17;151;151
2026-06-08T11:26:55.0000000Z;33.139;33.17;151;151
2026-06-08T11:27:25.0000000Z;33.139;33.17;151;151
2026-06-08T11:27:55.0000000Z;33.139;33.17;151;151
2026-06-08T11:28:26.0000000Z;33.139;33.17;151;151
2026-06-08T11:28:45.0000000Z;33.114;33.17;151;151
2026-06-08T11:29:16.0000000Z;33.114;33.17;151;151
2026-06-08T11:29:46.0000000Z;33.114;33.17;151;151
2026-06-08T11:30:11.0000000Z;33.105;33.17;151;151
2026-06-08T11:30:41.0000000Z;33.105;33.17;151;151
2026-06-08T11:30:51.0000000Z;33.115;33.17;151;151
2026-06-08T11:31:22.0000000Z;33.115;33.17;151;151
2026-06-08T11:31:52.0000000Z;33.115;33.17;151;151
2026-06-08T11:32:16.0000000Z;33.106;33.17;151;151
2026-06-08T11:32:46.0000000Z;33.106;33.17;151;151
2026-06-08T11:33:17.0000000Z;33.106;33.17;151;151
2026-06-08T11:33:47.0000000Z;33.106;33.17;151;151
2026-06-08T11:34:18.0000000Z;33.106;33.17;151;151
2026-06-08T11:34:49.0000000Z;33.106;33.17;151;151
2026-06-08T11:35:19.0000000Z;33.106;33.17;151;151
2026-06-08T11:35:31.0000000Z;33.115;33.17;151;151
2026-06-08T11:36:01.0000000Z;33.115;33.17;151;151
2026-06-08T11:36:31.0000000Z;33.115;33.17;151;151
2026-06-08T11:36:46.0000000Z;33.124;33.17;151;151
2026-06-08T11:37:16.0000000Z;33.124;33.17;151;151
2026-06-08T11:37:47.0000000Z;33.124;33.17;151;151
2026-06-08T11:38:17.0000000Z;33.124;33.17;151;151
2026-06-08T11:38:48.0000000Z;33.124;33.17;151;151
2026-06-08T11:39:18.0000000Z;33.124;33.17;151;151
2026-06-08T11:39:49.0000000Z;33.124;33.17;151;151
2026-06-08T11:40:19.0000000Z;33.124;33.17;151;151
2026-06-08T11:40:25.0000000Z;33.125;33.17;151;151
2026-06-08T11:40:28.0000000Z;33.125;33.17;151;151
2026-06-08T11:40:30.0000000Z;33.124;33.17;151;151
2026-06-08T11:40:35.0000000Z;33.125;33.17;151;151
2026-06-08T11:41:00.0000000Z;33.126;33.17;151;151
2026-06-08T11:41:04.0000000Z;33.134;33.17;151;151
2026-06-08T11:41:21.0000000Z;33.148;33.17;151;151
2026-06-08T11:41:52.0000000Z;33.148;33.17;151;151
2026-06-08T11:42:23.0000000Z;33.148;33.17;151;151
2026-06-08T11:42:53.0000000Z;33.148;33.17;151;151
2026-06-08T11:43:24.0000000Z;33.148;33.17;151;151
2026-06-08T11:43:54.0000000Z;33.148;33.17;151;151
2026-06-08T11:44:25.0000000Z;33.148;33.17;151;151
2026-06-08T11:44:55.0000000Z;33.148;33.17;151;151
2026-06-08T11:45:26.0000000Z;33.148;33.17;151;151
2026-06-08T11:45:56.0000000Z;33.148;33.17;151;151
2026-06-08T11:46:27.0000000Z;33.148;33.17;151;151
2026-06-08T11:46:57.0000000Z;33.148;33.17;151;151
2026-06-08T11:47:28.0000000Z;33.148;33.17;151;151
2026-06-08T11:47:58.0000000Z;33.148;33.17;151;151
2026-06-08T11:48:29.0000000Z;33.148;33.17;151;151
2026-06-08T11:48:59.0000000Z;33.148;33.17;151;151
2026-06-08T11:49:30.0000000Z;33.148;33.17;151;151
2026-06-08T11:50:01.0000000Z;33.148;33.17;151;151
2026-06-08T11:50:31.0000000Z;33.148;33.17;151;151
2026-06-08T11:51:02.0000000Z;33.148;33.17;151;151
2026-06-08T11:51:32.0000000Z;33.148;33.17;151;151
2026-06-08T11:52:03.0000000Z;33.148;33.17;151;151
2026-06-08T11:52:33.0000000Z;33.148;33.17;151;151
2026-06-08T11:53:04.0000000Z;33.148;33.17;151;151
2026-06-08T11:53:34.0000000Z;33.148;33.17;151;151
2026-06-08T11:54:05.0000000Z;33.148;33.17;151;151
2026-06-08T11:54:35.0000000Z;33.148;33.17;151;151
2026-06-08T11:54:40.0000000Z;33.142;33.17;151;151
2026-06-08T11:54:51.0000000Z;33.149;33.17;151;151
2026-06-08T11:55:21.0000000Z;33.149;33.17;151;151
2026-06-08T11:55:52.0000000Z;33.149;33.17;151;151
2026-06-08T11:56:22.0000000Z;33.149;33.17;151;151
2026-06-08T11:56:53.0000000Z;33.149;33.17;151;151
2026-06-08T11:57:05.0000000Z;33.143;33.17;151;151
2026-06-08T11:57:36.0000000Z;33.143;33.17;151;151
2026-06-08T11:58:06.0000000Z;33.143;33.17;151;151
2026-06-08T11:58:33.0000000Z;33.15;33.17;151;151
2026-06-08T11:59:03.0000000Z;33.15;33.17;151;151
2026-06-08T11:59:11.0000000Z;33.144;33.17;151;151
2026-06-08T11:59:42.0000000Z;33.144;33.17;151;151
2026-06-08T12:00:13.0000000Z;33.144;33.17;151;151
2026-06-08T12:00:43.0000000Z;33.144;33.17;151;151
2026-06-08T12:01:08.0000000Z;33.138;33.17;151;151
2026-06-08T12:01:38.0000000Z;33.138;33.17;151;151
2026-06-08T12:02:09.0000000Z;33.138;33.17;151;151
2026-06-08T12:02:39.0000000Z;33.138;33.17;151;151
2026-06-08T12:03:10.0000000Z;33.132;33.17;151;151
2026-06-08T12:03:41.0000000Z;33.132;33.17;151;151
2026-06-08T12:04:12.0000000Z;33.132;33.17;151;151
2026-06-08T12:04:42.0000000Z;33.132;33.17;151;151
2026-06-08T12:04:57.0000000Z;33.126;33.17;151;151
2026-06-08T12:05:27.0000000Z;33.126;33.17;151;151
2026-06-08T12:05:58.0000000Z;33.126;33.17;151;151
2026-06-08T12:06:28.0000000Z;33.126;33.17;151;151
2026-06-08T12:06:59.0000000Z;33.126;33.17;151;151
2026-06-08T12:07:29.0000000Z;33.126;33.17;151;151
2026-06-08T12:08:00.0000000Z;33.126;33.17;151;151
2026-06-08T12:08:30.0000000Z;33.126;33.17;151;151
2026-06-08T12:09:01.0000000Z;33.126;33.17;151;151
2026-06-08T12:09:31.0000000Z;33.126;33.17;151;151
2026-06-08T12:09:44.0000000Z;33.133;33.17;151;151
2026-06-08T12:10:15.0000000Z;33.133;33.17;151;151
2026-06-08T12:10:46.0000000Z;33.133;33.17;151;151
2026-06-08T12:11:16.0000000Z;33.133;33.17;151;151
2026-06-08T12:11:47.0000000Z;33.133;33.17;151;151
2026-06-08T12:12:17.0000000Z;33.133;33.17;151;151
2026-06-08T12:12:48.0000000Z;33.133;33.17;151;151
2026-06-08T12:13:18.0000000Z;33.133;33.17;151;151
2026-06-08T12:13:49.0000000Z;33.133;33.17;151;151
2026-06-08T12:14:19.0000000Z;33.133;33.17;151;151
2026-06-08T12:14:50.0000000Z;33.133;33.17;151;151
2026-06-08T12:15:20.0000000Z;33.133;33.17;151;151
2026-06-08T12:15:51.0000000Z;33.133;33.17;151;151
2026-06-08T12:16:21.0000000Z;33.133;33.17;151;151
2026-06-08T12:16:52.0000000Z;33.133;33.17;151;151
2026-06-08T12:17:23.0000000Z;33.133;33.17;151;151
2026-06-08T12:17:53.0000000Z;33.133;33.17;151;151
2026-06-08T12:18:24.0000000Z;33.133;33.17;151;151
2026-06-08T12:18:54.0000000Z;33.133;33.17;151;151
2026-06-08T12:19:25.0000000Z;33.133;33.17;151;151
2026-06-08T12:19:26.0000000Z;33.127;33.17;151;151
2026-06-08T12:19:56.0000000Z;33.127;33.17;151;151
2026-06-08T12:20:03.0000000Z;33.134;33.17;151;151
2026-06-08T12:20:33.0000000Z;33.134;33.17;151;151
2026-06-08T12:20:48.0000000Z;33.141;33.17;151;151
2026-06-08T12:21:19.0000000Z;33.141;33.17;151;151
2026-06-08T12:21:36.0000000Z;33.148;33.17;151;151
2026-06-08T12:22:00.0000000Z;33.142;33.17;151;151
2026-06-08T12:22:30.0000000Z;33.149;33.17;151;151
2026-06-08T12:23:01.0000000Z;33.149;33.17;151;151
2026-06-08T12:23:03.0000000Z;33.156;33.17;151;151
2026-06-08T12:23:33.0000000Z;33.156;33.17;151;151
2026-06-08T12:24:04.0000000Z;33.156;33.17;151;151
2026-06-08T12:24:11.0000000Z;33.15;33.17;151;151
2026-06-08T12:24:42.0000000Z;33.15;33.17;151;151
2026-06-08T12:25:12.0000000Z;33.15;33.17;151;151
2026-06-08T12:25:42.0000000Z;33.15;33.17;151;151
2026-06-08T12:25:54.0000000Z;33.157;33.17;151;151
2026-06-08T12:26:24.0000000Z;33.157;33.17;151;151
2026-06-08T12:26:55.0000000Z;33.157;33.17;151;151
2026-06-08T12:27:25.0000000Z;33.157;33.17;151;151
2026-06-08T12:27:56.0000000Z;33.157;33.17;151;151
2026-06-08T12:28:26.0000000Z;33.157;33.17;151;151
2026-06-08T12:28:57.0000000Z;33.157;33.17;151;151
2026-06-08T12:29:28.0000000Z;33.157;33.17;151;151
2026-06-08T12:29:58.0000000Z;33.157;33.17;151;151
2026-06-08T12:30:03.0000000Z;33.164;33.17;151;151
2026-06-08T12:30:33.0000000Z;33.164;33.17;151;151
2026-06-08T12:31:03.0000000Z;33.164;33.17;151;151
2026-06-08T12:31:27.0000000Z;33.158;33.17;151;151
2026-06-08T12:31:57.0000000Z;33.158;33.17;151;151
2026-06-08T12:32:28.0000000Z;33.158;33.17;151;151
2026-06-08T12:32:58.0000000Z;33.158;33.17;151;151
2026-06-08T12:33:21.0000000Z;33.15;33.17;151;151
2026-06-08T12:33:51.0000000Z;33.15;33.17;151;151
2026-06-08T12:34:22.0000000Z;33.15;33.17;151;151
2026-06-08T12:34:43.0000000Z;33.151;33.17;151;151
2026-06-08T12:34:56.0000000Z;33.15;33.17;151;151
2026-06-08T12:35:26.0000000Z;33.15;33.17;151;151
2026-06-08T12:35:38.0000000Z;33.144;33.17;151;151
2026-06-08T12:36:09.0000000Z;33.144;33.17;151;151
2026-06-08T12:36:39.0000000Z;33.144;33.17;151;151
2026-06-08T12:37:10.0000000Z;33.144;33.17;151;151
2026-06-08T12:37:18.0000000Z;33.146;33.17;151;151
2026-06-08T12:37:32.0000000Z;33.151;33.17;151;151
2026-06-08T12:38:02.0000000Z;33.151;33.17;151;151
2026-06-08T12:38:33.0000000Z;33.151;33.17;151;151
2026-06-08T12:39:03.0000000Z;33.151;33.17;151;151
2026-06-08T12:39:34.0000000Z;33.151;33.17;151;151
2026-06-08T12:40:04.0000000Z;33.151;33.17;151;151
2026-06-08T12:40:25.0000000Z;33.145;33.17;151;151
2026-06-08T12:40:36.0000000Z;33.145;33.17;151;151
2026-06-08T12:40:59.0000000Z;33.146;33.17;151;151
2026-06-08T12:41:09.0000000Z;33.152;33.17;151;151
2026-06-08T12:41:39.0000000Z;33.152;33.17;151;151
2026-06-08T12:42:10.0000000Z;33.152;33.17;151;151
2026-06-08T12:42:15.0000000Z;33.146;33.17;151;151
2026-06-08T12:42:40.0000000Z;33.158;33.17;151;151
2026-06-08T12:42:44.0000000Z;33.152;33.17;151;151
2026-06-08T12:42:46.0000000Z;33.146;33.17;151;151
2026-06-08T12:43:00.0000000Z;33.126;33.17;151;151
2026-06-08T12:43:31.0000000Z;33.126;33.17;151;151
2026-06-08T12:43:58.0000000Z;33.125;33.17;151;151
2026-06-08T12:44:01.0000000Z;33.126;33.17;151;151
2026-06-08T12:44:04.0000000Z;33.125;33.17;151;151
2026-06-08T12:44:14.0000000Z;33.126;33.17;151;151
2026-06-08T12:44:22.0000000Z;33.125;33.17;151;151
2026-06-08T12:44:35.0000000Z;33.136;33.17;151;151
2026-06-08T12:45:06.0000000Z;33.136;33.17;151;151
2026-06-08T12:45:36.0000000Z;33.136;33.17;151;151
2026-06-08T12:46:07.0000000Z;33.136;33.17;151;151
2026-06-08T12:46:38.0000000Z;33.136;33.17;151;151
2026-06-08T12:46:51.0000000Z;33.143;33.17;151;151
2026-06-08T12:47:21.0000000Z;33.143;33.17;151;151
2026-06-08T12:47:52.0000000Z;33.143;33.17;151;151
2026-06-08T12:48:22.0000000Z;33.143;33.17;151;151
2026-06-08T12:48:53.0000000Z;33.143;33.17;151;151
2026-06-08T12:49:12.0000000Z;33.137;33.17;151;151
2026-06-08T12:49:42.0000000Z;33.137;33.17;151;151
2026-06-08T12:50:12.0000000Z;33.137;33.17;151;151
2026-06-08T12:50:43.0000000Z;33.137;33.17;151;151
2026-06-08T12:51:13.0000000Z;33.137;33.17;151;151
2026-06-08T12:51:33.0000000Z;33.144;33.17;151;151
2026-06-08T12:52:03.0000000Z;33.144;33.17;151;151
2026-06-08T12:52:34.0000000Z;33.144;33.17;151;151
2026-06-08T12:53:04.0000000Z;33.144;33.17;151;151
2026-06-08T12:53:18.0000000Z;33.138;33.17;151;151
2026-06-08T12:53:35.0000000Z;33.138;33.17;151;151
2026-06-08T12:54:06.0000000Z;33.138;33.17;151;151
2026-06-08T12:54:36.0000000Z;33.138;33.17;151;151
2026-06-08T12:55:07.0000000Z;33.138;33.17;151;151
2026-06-08T12:55:37.0000000Z;33.138;33.17;151;151
2026-06-08T12:56:08.0000000Z;33.138;33.17;151;151
2026-06-08T12:56:28.0000000Z;33.138;33.15;151;151
2026-06-08T12:56:40.0000000Z;33.138;33.232;151;151
2026-06-08T12:56:50.0000000Z;33.138;33.234;151;151
2026-06-08T12:57:10.0000000Z;33.138;33.232;151;151
2026-06-08T12:57:16.0000000Z;33.138;33.23;151;151
2026-06-08T12:57:40.0000000Z;33.138;33.234;151;151
2026-06-08T12:57:46.0000000Z;33.138;33.23;151;151
2026-06-08T12:57:58.0000000Z;33.138;33.232;151;151
2026-06-08T12:58:20.0000000Z;33.138;33.23;151;151
2026-06-08T12:58:38.0000000Z;33.138;33.228;151;151
2026-06-08T12:58:40.0000000Z;33.132;33.228;151;151
2026-06-08T12:58:50.0000000Z;33.132;33.231;151;151
2026-06-08T12:59:00.0000000Z;33.132;33.228;151;151
2026-06-08T12:59:01.0000000Z;33.132;33.227;151;151
2026-06-08T12:59:09.0000000Z;33.132;33.225;151;151
2026-06-08T12:59:26.0000000Z;33.132;33.223;151;151
2026-06-08T12:59:45.0000000Z;33.132;33.221;151;151
2026-06-08T12:59:46.0000000Z;33.126;33.221;151;151
2026-06-08T12:59:58.0000000Z;33.126;33.222;151;151
2026-06-08T13:00:07.0000000Z;33.126;33.222;151;151
2026-06-08T13:00:15.0000000Z;33.126;33.226;151;151
2026-06-08T13:00:27.0000000Z;33.126;33.227;151;151
2026-06-08T13:00:57.0000000Z;33.126;33.227;151;151
2026-06-08T13:01:27.0000000Z;33.126;33.227;151;151
2026-06-08T13:01:58.0000000Z;33.126;33.227;151;151
2026-06-08T13:02:28.0000000Z;33.126;33.227;151;151
2026-06-08T13:02:59.0000000Z;33.126;33.227;151;151
2026-06-08T13:03:29.0000000Z;33.126;33.227;151;151
2026-06-08T13:04:00.0000000Z;33.126;33.227;151;151
2026-06-08T13:04:30.0000000Z;33.126;33.227;151;151
2026-06-08T13:05:01.0000000Z;33.126;33.227;151;151
2026-06-08T13:05:26.0000000Z;33.12;33.227;151;151
2026-06-08T13:05:56.0000000Z;33.12;33.227;151;151
2026-06-08T13:06:00.0000000Z;33.127;33.227;151;151
2026-06-08T13:06:29.0000000Z;33.127;33.227;151;151
2026-06-08T13:06:40.0000000Z;33.121;33.227;151;151
2026-06-08T13:06:45.0000000Z;33.121;33.22;151;151
2026-06-08T13:06:49.0000000Z;33.125;33.22;151;151
2026-06-08T13:07:12.0000000Z;33.121;33.22;151;151
2026-06-08T13:07:36.0000000Z;33.121;33.226;151;151
2026-06-08T13:08:06.0000000Z;33.121;33.226;151;151
2026-06-08T13:08:37.0000000Z;33.121;33.226;151;151
2026-06-08T13:09:07.0000000Z;33.121;33.226;151;151
2026-06-08T13:09:38.0000000Z;33.121;33.226;151;151
2026-06-08T13:10:08.0000000Z;33.121;33.226;151;151
2026-06-08T13:10:39.0000000Z;33.121;33.226;151;151
2026-06-08T13:10:44.0000000Z;33.173;33.226;151;151
2026-06-08T13:11:14.0000000Z;33.173;33.226;151;151
2026-06-08T13:11:45.0000000Z;33.173;33.226;151;151
2026-06-08T13:12:15.0000000Z;33.173;33.226;151;151
2026-06-08T13:12:46.0000000Z;33.173;33.226;151;151
2026-06-08T13:13:16.0000000Z;33.173;33.226;151;151
2026-06-08T13:13:47.0000000Z;33.173;33.226;151;151
2026-06-08T13:14:18.0000000Z;33.173;33.226;151;151
2026-06-08T13:14:48.0000000Z;33.173;33.226;151;151
2026-06-08T13:15:19.0000000Z;33.173;33.226;151;151
2026-06-08T13:15:49.0000000Z;33.173;33.226;151;151
2026-06-08T13:16:20.0000000Z;33.173;33.226;151;151
2026-06-08T13:16:48.0000000Z;33.173;33.219;151;151
2026-06-08T13:17:19.0000000Z;33.173;33.219;151;151
2026-06-08T13:17:50.0000000Z;33.173;33.219;151;151
2026-06-08T13:17:56.0000000Z;33.173;33.225;151;151
2026-06-08T13:18:27.0000000Z;33.173;33.225;151;151
2026-06-08T13:18:58.0000000Z;33.173;33.225;151;151
2026-06-08T13:19:28.0000000Z;33.173;33.225;151;151
2026-06-08T13:19:43.0000000Z;33.173;33.218;151;151
2026-06-08T13:20:13.0000000Z;33.173;33.218;151;151
2026-06-08T13:20:35.0000000Z;33.173;33.224;151;151
2026-06-08T13:21:05.0000000Z;33.173;33.224;151;151
2026-06-08T13:21:35.0000000Z;33.173;33.224;151;151
2026-06-08T13:21:48.0000000Z;33.173;33.23;151;151
2026-06-08T13:21:56.0000000Z;33.131;33.23;151;151
2026-06-08T13:22:12.0000000Z;33.129;33.23;151;151
2026-06-08T13:22:13.0000000Z;33.128;33.223;151;151
2026-06-08T13:22:14.0000000Z;33.126;33.223;151;151
2026-06-08T13:22:23.0000000Z;33.128;33.223;151;151
2026-06-08T13:22:24.0000000Z;33.129;33.223;151;151
2026-06-08T13:22:26.0000000Z;33.13;33.223;151;151
2026-06-08T13:22:40.0000000Z;33.126;33.223;151;151
2026-06-08T13:22:50.0000000Z;33.124;33.215;151;151
2026-06-08T13:22:52.0000000Z;33.112;33.215;151;151
2026-06-08T13:23:22.0000000Z;33.112;33.215;151;151
2026-06-08T13:23:34.0000000Z;33.112;33.208;151;151
2026-06-08T13:23:36.0000000Z;33.106;33.208;151;151
2026-06-08T13:24:07.0000000Z;33.106;33.208;151;151
2026-06-08T13:24:23.0000000Z;33.113;33.208;151;151
2026-06-08T13:24:25.0000000Z;33.113;33.214;151;151
2026-06-08T13:24:55.0000000Z;33.113;33.214;151;151
2026-06-08T13:25:22.0000000Z;33.114;33.214;151;151
2026-06-08T13:25:24.0000000Z;33.12;33.214;151;151
2026-06-08T13:25:25.0000000Z;33.12;33.22;151;151
2026-06-08T13:25:55.0000000Z;33.12;33.22;151;151
2026-06-08T13:26:25.0000000Z;33.12;33.22;151;151
2026-06-08T13:26:51.0000000Z;33.12;33.226;151;151
2026-06-08T13:27:03.0000000Z;33.127;33.226;151;151
2026-06-08T13:27:33.0000000Z;33.127;33.226;151;151
2026-06-08T13:28:04.0000000Z;33.127;33.226;151;151
2026-06-08T13:28:30.0000000Z;33.121;33.226;151;151
2026-06-08T13:29:00.0000000Z;33.121;33.226;151;151
2026-06-08T13:29:30.0000000Z;33.121;33.226;151;151
2026-06-08T13:30:01.0000000Z;33.121;33.226;151;151
2026-06-08T13:30:31.0000000Z;33.121;33.226;151;151
2026-06-08T13:30:58.0000000Z;33.128;33.226;151;151
2026-06-08T13:31:28.0000000Z;33.128;33.226;151;151
2026-06-08T13:31:42.0000000Z;33.128;33.232;151;151
2026-06-08T13:32:01.0000000Z;33.128;33.225;151;151
2026-06-08T13:32:05.0000000Z;33.13;33.225;151;151
2026-06-08T13:32:08.0000000Z;33.135;33.225;151;151
2026-06-08T13:32:15.0000000Z;33.135;33.227;151;151
2026-06-08T13:32:45.0000000Z;33.135;33.227;151;151
2026-06-08T13:32:50.0000000Z;33.135;33.229;151;151
2026-06-08T13:33:05.0000000Z;33.135;33.23;151;151
2026-06-08T13:33:15.0000000Z;33.135;33.234;151;151
2026-06-08T13:33:23.0000000Z;33.135;33.232;151;151
2026-06-08T13:33:25.0000000Z;33.135;33.23;151;151
2026-06-08T13:33:51.0000000Z;33.135;33.228;151;151
2026-06-08T13:34:06.0000000Z;33.135;33.23;151;151
2026-06-08T13:34:08.0000000Z;33.135;33.228;151;151
2026-06-08T13:34:21.0000000Z;33.135;33.23;151;151
2026-06-08T13:34:39.0000000Z;33.135;33.228;151;151
2026-06-08T13:35:01.0000000Z;33.135;33.23;151;151
2026-06-08T13:35:11.0000000Z;33.135;33.232;151;151
2026-06-08T13:35:17.0000000Z;33.135;33.23;151;151
2026-06-08T13:35:39.0000000Z;33.135;33.234;151;151
2026-06-08T13:35:40.0000000Z;33.135;33.23;151;151
2026-06-08T13:35:42.0000000Z;33.135;33.228;151;151
2026-06-08T13:35:47.0000000Z;33.135;33.229;151;151
2026-06-08T13:35:48.0000000Z;33.135;33.228;151;151
2026-06-08T13:36:08.0000000Z;33.135;33.232;151;151
2026-06-08T13:36:30.0000000Z;33.135;33.232;151;151
2026-06-08T13:37:00.0000000Z;33.135;33.232;151;151
2026-06-08T13:37:26.0000000Z;33.135;33.234;151;151
2026-06-08T13:37:35.0000000Z;33.142;33.234;151;151
2026-06-08T13:37:38.0000000Z;33.142;33.236;151;151
2026-06-08T13:38:07.0000000Z;33.142;33.234;151;151
2026-06-08T13:38:14.0000000Z;33.136;33.235;151;151
2026-06-08T13:38:16.0000000Z;33.136;33.23;151;151
2026-06-08T13:38:24.0000000Z;33.136;33.232;151;151
2026-06-08T13:38:25.0000000Z;33.136;33.228;151;151
2026-06-08T13:38:56.0000000Z;33.136;33.228;151;151
2026-06-08T13:38:58.0000000Z;33.136;33.23;151;151
2026-06-08T13:39:19.0000000Z;33.136;33.226;151;151
2026-06-08T13:39:20.0000000Z;33.13;33.226;151;151
2026-06-08T13:39:25.0000000Z;33.13;33.223;151;151
2026-06-08T13:39:26.0000000Z;33.13;33.22;151;151
2026-06-08T13:39:32.0000000Z;33.13;33.226;151;151
2026-06-08T13:39:33.0000000Z;33.13;33.223;151;151
2026-06-08T13:39:35.0000000Z;33.13;33.221;151;151
2026-06-08T13:39:50.0000000Z;33.131;33.221;151;151
2026-06-08T13:39:53.0000000Z;33.131;33.225;151;151
2026-06-08T13:40:02.0000000Z;33.13;33.227;151;151
2026-06-08T13:40:06.0000000Z;33.13;33.225;151;151
2026-06-08T13:40:23.0000000Z;33.13;33.223;151;151
2026-06-08T13:40:34.0000000Z;33.13;33.227;151;151
2026-06-08T13:40:35.0000000Z;33.13;33.225;151;151
2026-06-08T13:40:58.0000000Z;33.13;33.227;151;151
2026-06-08T13:41:14.0000000Z;33.13;33.225;151;151
2026-06-08T13:41:27.0000000Z;33.13;33.223;151;151
2026-06-08T13:41:41.0000000Z;33.13;33.23;151;151
2026-06-08T13:41:45.0000000Z;33.13;33.226;151;151
2026-06-08T13:41:48.0000000Z;33.13;33.225;151;151
2026-06-08T13:41:51.0000000Z;33.13;33.223;151;151
2026-06-08T13:42:22.0000000Z;33.13;33.223;151;151
2026-06-08T13:42:23.0000000Z;33.13;33.223;151;151
2026-06-08T13:42:40.0000000Z;33.13;33.221;151;151
2026-06-08T13:42:53.0000000Z;33.13;33.223;151;151
2026-06-08T13:42:58.0000000Z;33.13;33.221;151;151
2026-06-08T13:42:59.0000000Z;33.124;33.221;151;151
2026-06-08T13:43:10.0000000Z;33.124;33.217;151;151
2026-06-08T13:43:14.0000000Z;33.124;33.207;151;151
2026-06-08T13:43:29.0000000Z;33.124;33.205;151;151
2026-06-08T13:43:40.0000000Z;33.124;33.203;151;151
2026-06-08T13:43:49.0000000Z;33.124;33.204;151;151
2026-06-08T13:43:55.0000000Z;33.124;33.205;151;151
2026-06-08T13:44:25.0000000Z;33.124;33.205;151;151
2026-06-08T13:44:56.0000000Z;33.124;33.205;151;151
2026-06-08T13:45:20.0000000Z;33.124;33.203;151;151
2026-06-08T13:45:27.0000000Z;33.118;33.2;151;151
2026-06-08T13:45:56.0000000Z;33.118;33.198;151;151
2026-06-08T13:46:22.0000000Z;33.118;33.2;151;151
2026-06-08T13:46:52.0000000Z;33.118;33.2;151;151
2026-06-08T13:47:08.0000000Z;33.118;33.201;151;151
2026-06-08T13:47:17.0000000Z;33.118;33.2;151;151
2026-06-08T13:47:42.0000000Z;33.125;33.2;151;151
2026-06-08T13:47:44.0000000Z;33.125;33.204;151;151
2026-06-08T13:48:15.0000000Z;33.125;33.204;151;151
2026-06-08T13:48:16.0000000Z;33.119;33.204;151;151
2026-06-08T13:48:17.0000000Z;33.119;33.201;151;151
2026-06-08T13:48:24.0000000Z;33.119;33.199;151;151
2026-06-08T13:48:54.0000000Z;33.119;33.199;151;151
2026-06-08T13:49:25.0000000Z;33.119;33.199;151;151
2026-06-08T13:49:33.0000000Z;33.113;33.199;151;151
2026-06-08T13:49:52.0000000Z;33.113;33.194;151;151
2026-06-08T13:50:07.0000000Z;33.113;33.192;151;151
2026-06-08T13:50:38.0000000Z;33.113;33.192;151;151
2026-06-08T13:51:09.0000000Z;33.113;33.192;151;151
2026-06-08T13:51:31.0000000Z;33.107;33.192;151;151
2026-06-08T13:52:01.0000000Z;33.107;33.192;151;151
2026-06-08T13:52:32.0000000Z;33.107;33.192;151;151
2026-06-08T13:53:02.0000000Z;33.107;33.192;151;151
2026-06-08T13:53:27.0000000Z;33.107;33.19;151;151
2026-06-08T13:53:47.0000000Z;33.107;33.184;151;151
2026-06-08T13:54:18.0000000Z;33.107;33.184;151;151
2026-06-08T13:54:21.0000000Z;33.107;33.185;151;151
2026-06-08T13:54:40.0000000Z;33.107;33.192;151;151
2026-06-08T13:54:45.0000000Z;33.107;33.19;151;151
2026-06-08T13:55:16.0000000Z;33.107;33.184;151;151
2026-06-08T13:55:18.0000000Z;33.105;33.184;151;151
2026-06-08T13:55:21.0000000Z;33.106;33.184;151;151
2026-06-08T13:55:26.0000000Z;33.106;33.182;151;151
2026-06-08T13:55:28.0000000Z;33.105;33.182;151;151
2026-06-08T13:55:54.0000000Z;33.103;33.182;151;151
2026-06-08T13:55:58.0000000Z;33.102;33.182;151;151
2026-06-08T13:56:00.0000000Z;33.1;33.182;151;151
2026-06-08T13:56:31.0000000Z;33.1;33.182;151;151
2026-06-08T13:56:40.0000000Z;33.1;33.183;151;151
2026-06-08T13:56:44.0000000Z;33.1;33.188;151;151
2026-06-08T13:57:15.0000000Z;33.1;33.188;151;151
2026-06-08T13:57:46.0000000Z;33.1;33.188;151;151
2026-06-08T13:58:03.0000000Z;33.107;33.188;151;151
2026-06-08T13:58:25.0000000Z;33.107;33.189;151;151
2026-06-08T13:58:27.0000000Z;33.107;33.195;151;151
2026-06-08T13:58:28.0000000Z;33.114;33.195;151;151
2026-06-08T13:58:43.0000000Z;33.114;33.193;151;151
2026-06-08T13:58:44.0000000Z;33.114;33.191;151;151
2026-06-08T13:59:03.0000000Z;33.114;33.193;151;151
2026-06-08T13:59:21.0000000Z;33.108;33.193;151;151
2026-06-08T13:59:35.0000000Z;33.108;33.196;151;151
2026-06-08T13:59:53.0000000Z;33.108;33.194;151;151
2026-06-08T14:00:23.0000000Z;33.108;33.188;151;151
2026-06-08T14:00:53.0000000Z;33.108;33.188;151;151
2026-06-08T14:01:15.0000000Z;33.108;33.186;151;151
2026-06-08T14:01:20.0000000Z;33.108;33.186;151;151
2026-06-08T14:01:22.0000000Z;33.108;33.184;151;151
2026-06-08T14:01:43.0000000Z;33.108;33.185;151;151
2026-06-08T14:01:46.0000000Z;33.108;33.186;151;151
2026-06-08T14:01:54.0000000Z;33.108;33.185;151;151
2026-06-08T14:02:00.0000000Z;33.108;33.184;151;151
2026-06-08T14:02:08.0000000Z;33.108;33.188;151;151
2026-06-08T14:02:13.0000000Z;33.108;33.186;151;151
2026-06-08T14:02:17.0000000Z;33.108;33.183;151;151
2026-06-08T14:02:18.0000000Z;33.102;33.181;151;151
2026-06-08T14:02:48.0000000Z;33.102;33.181;151;151
2026-06-08T14:02:52.0000000Z;33.102;33.179;151;151
2026-06-08T14:03:00.0000000Z;33.095;33.176;151;151
2026-06-08T14:03:17.0000000Z;33.095;33.174;151;151
2026-06-08T14:03:42.0000000Z;33.095;33.172;151;151
2026-06-08T14:03:54.0000000Z;33.095;33.174;151;151
2026-06-08T14:04:12.0000000Z;33.095;33.175;151;151
2026-06-08T14:04:16.0000000Z;33.095;33.177;151;151
2026-06-08T14:04:20.0000000Z;33.095;33.176;151;151
2026-06-08T14:04:49.0000000Z;33.095;33.177;151;151
2026-06-08T14:04:50.0000000Z;33.095;33.176;151;151
2026-06-08T14:04:57.0000000Z;33.095;33.176;151;151
2026-06-08T14:04:58.0000000Z;33.095;33.177;151;151
2026-06-08T14:04:59.0000000Z;33.095;33.176;151;151
2026-06-08T14:05:03.0000000Z;33.095;33.176;151;151
2026-06-08T14:05:10.0000000Z;33.095;33.177;151;151
2026-06-08T14:05:18.0000000Z;33.095;33.18;151;151
2026-06-08T14:05:22.0000000Z;33.095;33.179;151;151
2026-06-08T14:05:38.0000000Z;33.095;33.177;151;151
2026-06-08T14:05:44.0000000Z;33.095;33.175;151;151
2026-06-08T14:05:53.0000000Z;33.095;33.176;151;151
2026-06-08T14:05:55.0000000Z;33.095;33.177;151;151
2026-06-08T14:05:59.0000000Z;33.095;33.179;151;151
2026-06-08T14:06:09.0000000Z;33.095;33.176;151;151
2026-06-08T14:06:13.0000000Z;33.095;33.177;151;151
2026-06-08T14:06:27.0000000Z;33.102;33.177;151;151
2026-06-08T14:06:33.0000000Z;33.102;33.179;151;151
2026-06-08T14:06:41.0000000Z;33.102;33.177;151;151
2026-06-08T14:06:55.0000000Z;33.102;33.178;151;151
2026-06-08T14:06:59.0000000Z;33.102;33.179;151;151
2026-06-08T14:07:00.0000000Z;33.102;33.177;151;151
2026-06-08T14:07:09.0000000Z;33.102;33.179;151;151
2026-06-08T14:07:10.0000000Z;33.102;33.177;151;151
2026-06-08T14:07:23.0000000Z;33.102;33.179;151;151
2026-06-08T14:07:26.0000000Z;33.102;33.177;151;151
2026-06-08T14:07:33.0000000Z;33.102;33.181;151;151
2026-06-08T14:07:36.0000000Z;33.102;33.179;151;151
2026-06-08T14:07:41.0000000Z;33.102;33.177;151;151
2026-06-08T14:07:44.0000000Z;33.102;33.176;151;151
2026-06-08T14:07:46.0000000Z;33.102;33.177;151;151
2026-06-08T14:07:50.0000000Z;33.102;33.176;151;151
2026-06-08T14:08:01.0000000Z;33.102;33.177;151;151
2026-06-08T14:08:05.0000000Z;33.102;33.178;151;151
2026-06-08T14:08:23.0000000Z;33.102;33.177;151;151
2026-06-08T14:08:25.0000000Z;33.096;33.177;151;151
2026-06-08T14:08:32.0000000Z;33.096;33.178;151;151
2026-06-08T14:08:44.0000000Z;33.096;33.18;151;151
2026-06-08T14:08:47.0000000Z;33.096;33.178;151;151
2026-06-08T14:09:08.0000000Z;33.096;33.18;151;151
2026-06-08T14:09:09.0000000Z;33.096;33.178;151;151
2026-06-08T14:09:13.0000000Z;33.096;33.177;151;151
2026-06-08T14:09:44.0000000Z;33.096;33.177;151;151
2026-06-08T14:10:01.0000000Z;33.096;33.176;151;151
2026-06-08T14:10:08.0000000Z;33.096;33.177;151;151
2026-06-08T14:10:12.0000000Z;33.096;33.178;151;151
2026-06-08T14:10:22.0000000Z;33.096;33.18;151;151
2026-06-08T14:10:23.0000000Z;33.096;33.178;151;151
2026-06-08T14:10:32.0000000Z;33.096;33.18;151;151
2026-06-08T14:10:33.0000000Z;33.096;33.178;151;151
2026-06-08T14:10:42.0000000Z;33.096;33.177;151;151
2026-06-08T14:10:48.0000000Z;33.096;33.177;151;151
2026-06-08T14:11:19.0000000Z;33.096;33.177;151;151
2026-06-08T14:11:45.0000000Z;33.096;33.175;151;151
2026-06-08T14:12:16.0000000Z;33.096;33.175;151;151
2026-06-08T14:12:47.0000000Z;33.096;33.175;151;151
2026-06-08T14:13:17.0000000Z;33.096;33.175;151;151
2026-06-08T14:13:27.0000000Z;33.096;33.176;151;151
2026-06-08T14:13:55.0000000Z;33.09;33.174;151;151
2026-06-08T14:14:25.0000000Z;33.09;33.174;151;151
2026-06-08T14:14:56.0000000Z;33.09;33.174;151;151
2026-06-08T14:14:57.0000000Z;33.09;33.176;151;151
2026-06-08T14:15:27.0000000Z;33.09;33.176;151;151
2026-06-08T14:15:28.0000000Z;33.09;33.174;151;151
2026-06-08T14:15:59.0000000Z;33.09;33.174;151;151
2026-06-08T14:16:29.0000000Z;33.09;33.174;151;151
2026-06-08T14:17:00.0000000Z;33.09;33.174;151;151
2026-06-08T14:17:30.0000000Z;33.09;33.174;151;151
2026-06-08T14:17:45.0000000Z;33.09;33.175;151;151
2026-06-08T14:18:09.0000000Z;33.097;33.175;151;151
2026-06-08T14:18:10.0000000Z;33.097;33.176;151;151
2026-06-08T14:18:40.0000000Z;33.097;33.176;151;151
2026-06-08T14:18:55.0000000Z;33.097;33.175;151;151
2026-06-08T14:19:12.0000000Z;33.097;33.176;151;151
2026-06-08T14:19:21.0000000Z;33.097;33.175;151;151
2026-06-08T14:19:32.0000000Z;33.097;33.176;151;151
2026-06-08T14:19:50.0000000Z;33.097;33.175;151;151
2026-06-08T14:20:06.0000000Z;33.097;33.176;151;151
2026-06-08T14:20:09.0000000Z;33.097;33.175;151;151
2026-06-08T14:20:14.0000000Z;33.097;33.176;151;151
2026-06-08T14:20:15.0000000Z;33.097;33.175;151;151
2026-06-08T14:20:20.0000000Z;33.097;33.176;151;151
2026-06-08T14:20:21.0000000Z;33.097;33.175;151;151
2026-06-08T14:20:32.0000000Z;33.097;33.176;151;151
2026-06-08T14:20:34.0000000Z;33.097;33.177;151;151
2026-06-08T14:20:46.0000000Z;33.097;33.179;151;151
2026-06-08T14:21:04.0000000Z;33.097;33.181;151;151
2026-06-08T14:21:08.0000000Z;33.104;33.182;151;151
2026-06-08T14:21:14.0000000Z;33.104;33.184;151;151
2026-06-08T14:21:24.0000000Z;33.104;33.185;151;151
2026-06-08T14:21:26.0000000Z;33.104;33.184;151;151
2026-06-08T14:21:52.0000000Z;33.104;33.185;151;151
2026-06-08T14:22:02.0000000Z;33.104;33.19;151;151
2026-06-08T14:22:04.0000000Z;33.104;33.184;151;151
2026-06-08T14:22:07.0000000Z;33.104;33.182;151;151
2026-06-08T14:22:37.0000000Z;33.104;33.182;151;151
2026-06-08T14:23:08.0000000Z;33.104;33.182;151;151
2026-06-08T14:23:38.0000000Z;33.104;33.182;151;151
2026-06-08T14:23:45.0000000Z;33.098;33.182;151;151
2026-06-08T14:24:02.0000000Z;33.098;33.182;151;151
2026-06-08T14:24:32.0000000Z;33.098;33.182;151;151
2026-06-08T14:25:03.0000000Z;33.098;33.182;151;151
2026-06-08T14:25:33.0000000Z;33.098;33.182;151;151
2026-06-08T14:26:04.0000000Z;33.098;33.182;151;151
2026-06-08T14:26:20.0000000Z;33.098;33.183;151;151
2026-06-08T14:26:22.0000000Z;33.098;33.182;151;151
2026-06-08T14:26:52.0000000Z;33.098;33.182;151;151
2026-06-08T14:27:06.0000000Z;33.098;33.177;151;151
2026-06-08T14:27:11.0000000Z;33.098;33.175;151;151
2026-06-08T14:27:12.0000000Z;33.092;33.175;151;151
2026-06-08T14:27:42.0000000Z;33.092;33.175;151;151
2026-06-08T14:28:13.0000000Z;33.092;33.175;151;151
2026-06-08T14:28:43.0000000Z;33.092;33.175;151;151
2026-06-08T14:29:14.0000000Z;33.092;33.175;151;151
2026-06-08T14:29:44.0000000Z;33.092;33.175;151;151
2026-06-08T14:30:15.0000000Z;33.092;33.175;151;151
2026-06-08T14:30:45.0000000Z;33.092;33.175;151;151
2026-06-08T14:31:16.0000000Z;33.092;33.175;151;151
2026-06-08T14:31:46.0000000Z;33.092;33.175;151;151
2026-06-08T14:32:04.0000000Z;33.092;33.17;151;151
2026-06-08T14:32:10.0000000Z;33.086;33.17;151;151
2026-06-08T14:32:30.0000000Z;33.086;33.168;151;151
2026-06-08T14:33:01.0000000Z;33.086;33.168;151;151
2026-06-08T14:33:31.0000000Z;33.086;33.168;151;151
2026-06-08T14:34:02.0000000Z;33.086;33.168;151;151
2026-06-08T14:34:32.0000000Z;33.086;33.168;151;151
2026-06-08T14:35:03.0000000Z;33.086;33.168;151;151
2026-06-08T14:35:33.0000000Z;33.086;33.168;151;151
2026-06-08T14:35:49.0000000Z;33.086;33.163;151;151
2026-06-08T14:35:50.0000000Z;33.08;33.163;151;151
2026-06-08T14:36:21.0000000Z;33.08;33.163;151;151
2026-06-08T14:36:51.0000000Z;33.08;33.163;151;151
2026-06-08T14:37:07.0000000Z;33.08;33.168;151;151
2026-06-08T14:37:30.0000000Z;33.088;33.168;151;151
2026-06-08T14:38:00.0000000Z;33.088;33.168;151;151
2026-06-08T14:38:17.0000000Z;33.088;33.173;151;151
2026-06-08T14:38:47.0000000Z;33.088;33.173;151;151
2026-06-08T14:39:18.0000000Z;33.088;33.173;151;151
2026-06-08T14:39:40.0000000Z;33.088;33.168;151;151
2026-06-08T14:39:47.0000000Z;33.088;33.161;151;151
2026-06-08T14:39:51.0000000Z;33.082;33.161;151;151
2026-06-08T14:39:55.0000000Z;33.081;33.161;151;151
2026-06-08T14:39:56.0000000Z;33.081;33.16;151;151
2026-06-08T14:40:18.0000000Z;33.09;33.161;151;151
2026-06-08T14:40:21.0000000Z;33.09;33.171;151;151
2026-06-08T14:40:23.0000000Z;33.09;33.172;151;151
2026-06-08T14:40:24.0000000Z;33.09;33.171;151;151
2026-06-08T14:40:32.0000000Z;33.09;33.172;151;151
2026-06-08T14:40:33.0000000Z;33.09;33.174;151;151
2026-06-08T14:40:44.0000000Z;33.09;33.172;151;151
2026-06-08T14:40:51.0000000Z;33.09;33.171;151;151
2026-06-08T14:41:04.0000000Z;33.09;33.174;151;151
2026-06-08T14:41:34.0000000Z;33.09;33.174;151;151
2026-06-08T14:42:04.0000000Z;33.09;33.174;151;151
2026-06-08T14:42:22.0000000Z;33.097;33.175;151;151
2026-06-08T14:42:29.0000000Z;33.097;33.174;151;151
2026-06-08T14:42:32.0000000Z;33.097;33.174;151;151
2026-06-08T14:42:34.0000000Z;33.097;33.175;151;151
2026-06-08T14:42:56.0000000Z;33.097;33.176;151;151
2026-06-08T14:43:00.0000000Z;33.097;33.177;151;151
2026-06-08T14:43:01.0000000Z;33.097;33.176;151;151
2026-06-08T14:43:16.0000000Z;33.097;33.178;151;151
2026-06-08T14:43:17.0000000Z;33.097;33.174;151;151
2026-06-08T14:43:22.0000000Z;33.097;33.175;151;151
2026-06-08T14:43:30.0000000Z;33.097;33.176;151;151
2026-06-08T14:44:01.0000000Z;33.097;33.176;151;151
2026-06-08T14:44:32.0000000Z;33.097;33.176;151;151
2026-06-08T14:45:02.0000000Z;33.097;33.176;151;151
2026-06-08T14:45:33.0000000Z;33.097;33.176;151;151
2026-06-08T14:46:03.0000000Z;33.097;33.176;151;151
2026-06-08T14:46:21.0000000Z;33.097;33.174;151;151
2026-06-08T14:46:49.0000000Z;33.091;33.174;151;151
2026-06-08T14:47:07.0000000Z;33.091;33.172;151;151
2026-06-08T14:47:23.0000000Z;33.091;33.176;151;151
2026-06-08T14:47:49.0000000Z;33.091;33.174;151;151
2026-06-08T14:47:52.0000000Z;33.091;33.173;151;151
2026-06-08T14:47:57.0000000Z;33.091;33.172;151;151
2026-06-08T14:47:59.0000000Z;33.091;33.173;151;151
2026-06-08T14:48:01.0000000Z;33.091;33.172;151;151
2026-06-08T14:48:06.0000000Z;33.091;33.172;151;151
2026-06-08T14:48:10.0000000Z;33.091;33.173;151;151
2026-06-08T14:48:14.0000000Z;33.091;33.176;151;151
2026-06-08T14:48:32.0000000Z;33.098;33.176;151;151
2026-06-08T14:48:46.0000000Z;33.098;33.177;151;151
2026-06-08T14:49:08.0000000Z;33.098;33.18;151;151
2026-06-08T14:49:39.0000000Z;33.098;33.18;151;151
2026-06-08T14:50:09.0000000Z;33.098;33.18;151;151
2026-06-08T14:50:40.0000000Z;33.098;33.18;151;151
2026-06-08T14:50:42.0000000Z;33.098;33.182;151;151
2026-06-08T14:50:44.0000000Z;33.098;33.18;151;151
2026-06-08T14:51:01.0000000Z;33.098;33.178;151;151
2026-06-08T14:51:03.0000000Z;33.098;33.176;151;151
2026-06-08T14:51:07.0000000Z;33.098;33.174;151;151
2026-06-08T14:51:08.0000000Z;33.092;33.172;151;151
2026-06-08T14:51:11.0000000Z;33.092;33.17;151;151
2026-06-08T14:51:20.0000000Z;33.092;33.171;151;151
2026-06-08T14:51:23.0000000Z;33.092;33.17;151;151
2026-06-08T14:51:54.0000000Z;33.092;33.17;151;151
2026-06-08T14:52:24.0000000Z;33.092;33.17;151;151
2026-06-08T14:52:38.0000000Z;33.092;33.168;151;151
2026-06-08T14:52:51.0000000Z;33.086;33.168;151;151
2026-06-08T14:53:14.0000000Z;33.086;33.166;151;151
2026-06-08T14:53:16.0000000Z;33.086;33.164;151;151
2026-06-08T14:53:43.0000000Z;33.086;33.163;151;151
2026-06-08T14:53:49.0000000Z;33.086;33.162;151;151
2026-06-08T14:53:53.0000000Z;33.086;33.163;151;151
2026-06-08T14:53:55.0000000Z;33.086;33.165;151;151
2026-06-08T14:53:56.0000000Z;33.086;33.164;151;151
2026-06-08T14:54:27.0000000Z;33.086;33.164;151;151
2026-06-08T14:54:29.0000000Z;33.086;33.164;151;151
2026-06-08T14:54:47.0000000Z;33.086;33.165;151;151
2026-06-08T14:54:59.0000000Z;33.086;33.164;151;151
2026-06-08T14:55:03.0000000Z;33.086;33.165;151;151
2026-06-08T14:55:13.0000000Z;33.086;33.166;151;151
2026-06-08T14:55:15.0000000Z;33.086;33.165;151;151
2026-06-08T14:55:17.0000000Z;33.086;33.164;151;151
2026-06-08T14:55:26.0000000Z;33.086;33.165;151;151
2026-06-08T14:55:28.0000000Z;33.086;33.167;151;151
2026-06-08T14:55:36.0000000Z;33.086;33.169;151;151
2026-06-08T14:55:40.0000000Z;33.086;33.167;151;151
2026-06-08T14:55:43.0000000Z;33.086;33.166;151;151
2026-06-08T14:56:01.0000000Z;33.086;33.165;151;151
2026-06-08T14:56:26.0000000Z;33.086;33.167;151;151
2026-06-08T14:56:42.0000000Z;33.086;33.166;151;151
2026-06-08T14:56:54.0000000Z;33.086;33.167;151;151
2026-06-08T14:57:00.0000000Z;33.086;33.166;151;151
2026-06-08T14:57:28.0000000Z;33.086;33.167;151;151
2026-06-08T14:57:30.0000000Z;33.086;33.166;151;151
2026-06-08T14:57:37.0000000Z;33.086;33.164;151;151
2026-06-08T14:58:02.0000000Z;33.086;33.165;151;151
2026-06-08T14:58:04.0000000Z;33.086;33.164;151;151
2026-06-08T14:58:35.0000000Z;33.086;33.164;151;151
2026-06-08T14:58:48.0000000Z;33.08;33.167;151;151
2026-06-08T14:58:52.0000000Z;33.08;33.165;151;151
2026-06-08T14:59:02.0000000Z;33.08;33.166;151;151
2026-06-08T14:59:08.0000000Z;33.08;33.167;151;151
2026-06-08T14:59:25.0000000Z;33.08;33.166;151;151
2026-06-08T14:59:30.0000000Z;33.08;33.17;151;151
