2026-06-08T08:00:18.0000000Z;8.6676;8.68;581;581
2026-06-08T08:00:48.0000000Z;8.6676;8.68;581;581
2026-06-08T08:01:19.0000000Z;8.6676;8.68;581;581
2026-06-08T08:01:49.0000000Z;8.6676;8.68;581;581
2026-06-08T08:02:08.0000000Z;8.6708;8.68;581;581
2026-06-08T08:02:10.0000000Z;8.6708;8.6832;581;581
2026-06-08T08:02:41.0000000Z;8.6708;8.6832;581;581
2026-06-08T08:03:11.0000000Z;8.6708;8.6832;581;581
2026-06-08T08:03:22.0000000Z;8.6304;8.7126;581;581
2026-06-08T08:03:24.0000000Z;8.6702;8.6826;581;581
2026-06-08T08:03:55.0000000Z;8.6702;8.6826;581;581
2026-06-08T08:04:15.0000000Z;8.6702;8.6808;581;581
2026-06-08T08:04:17.0000000Z;8.6684;8.6808;581;581
2026-06-08T08:04:46.0000000Z;8.6684;8.6808;581;581
2026-06-08T08:05:16.0000000Z;8.6684;8.6808;581;581
2026-06-08T08:05:47.0000000Z;8.6684;8.6808;581;581
2026-06-08T08:06:17.0000000Z;8.6684;8.6808;581;581
2026-06-08T08:06:48.0000000Z;8.6684;8.6808;581;581
2026-06-08T08:07:18.0000000Z;8.6684;8.6808;581;581
2026-06-08T08:07:49.0000000Z;8.6684;8.6808;581;581
2026-06-08T08:08:19.0000000Z;8.6684;8.6808;581;581
2026-06-08T08:08:50.0000000Z;8.6684;8.6808;581;581
2026-06-08T08:09:20.0000000Z;8.6684;8.6808;581;581
2026-06-08T08:09:43.0000000Z;8.6684;8.6776;581;581
2026-06-08T08:09:46.0000000Z;8.6654;8.6776;581;581
2026-06-08T08:10:16.0000000Z;8.6654;8.6776;581;581
2026-06-08T08:10:30.0000000Z;8.6686;8.6776;581;581
2026-06-08T08:10:32.0000000Z;8.6686;8.681;581;581
2026-06-08T08:11:03.0000000Z;8.6686;8.681;581;581
2026-06-08T08:11:34.0000000Z;8.6686;8.681;581;581
2026-06-08T08:12:04.0000000Z;8.6686;8.681;581;581
2026-06-08T08:12:35.0000000Z;8.6686;8.681;581;581
2026-06-08T08:13:05.0000000Z;8.6686;8.681;581;581
2026-06-08T08:13:36.0000000Z;8.6686;8.681;581;581
2026-06-08T08:14:06.0000000Z;8.6686;8.681;581;581
2026-06-08T08:14:37.0000000Z;8.6686;8.681;581;581
2026-06-08T08:15:07.0000000Z;8.6686;8.681;581;581
2026-06-08T08:15:38.0000000Z;8.6686;8.681;581;581
2026-06-08T08:16:08.0000000Z;8.6686;8.681;581;581
2026-06-08T08:16:39.0000000Z;8.6686;8.681;581;581
2026-06-08T08:17:09.0000000Z;8.6686;8.681;581;581
2026-06-08T08:17:40.0000000Z;8.6686;8.681;581;581
2026-06-08T08:18:10.0000000Z;8.6686;8.681;581;581
2026-06-08T08:18:41.0000000Z;8.6686;8.681;581;581
2026-06-08T08:19:11.0000000Z;8.6686;8.681;581;581
2026-06-08T08:19:42.0000000Z;8.6686;8.681;581;581
2026-06-08T08:20:12.0000000Z;8.6686;8.681;581;581
2026-06-08T08:20:43.0000000Z;8.6686;8.681;581;581
2026-06-08T08:21:13.0000000Z;8.6686;8.681;581;581
2026-06-08T08:21:44.0000000Z;8.6686;8.681;581;581
2026-06-08T08:22:15.0000000Z;8.6686;8.681;581;581
2026-06-08T08:22:45.0000000Z;8.6686;8.681;581;581
2026-06-08T08:22:56.0000000Z;8.6304;8.7126;581;581
2026-06-08T08:22:58.0000000Z;8.6688;8.6812;581;581
2026-06-08T08:23:28.0000000Z;8.6688;8.6812;581;581
2026-06-08T08:23:58.0000000Z;8.6688;8.6812;581;581
2026-06-08T08:24:29.0000000Z;8.6688;8.6812;581;581
2026-06-08T08:24:59.0000000Z;8.6688;8.6812;581;581
2026-06-08T08:25:30.0000000Z;8.6688;8.6812;581;581
2026-06-08T08:25:44.0000000Z;8.6694;8.6818;581;581
2026-06-08T08:26:14.0000000Z;8.6694;8.6818;581;581
2026-06-08T08:26:45.0000000Z;8.6694;8.6818;581;581
2026-06-08T08:27:16.0000000Z;8.6694;8.6818;581;581
2026-06-08T08:27:46.0000000Z;8.6694;8.6818;581;581
2026-06-08T08:28:17.0000000Z;8.6694;8.6818;581;581
2026-06-08T08:28:47.0000000Z;8.6694;8.6818;581;581
2026-06-08T08:29:18.0000000Z;8.6694;8.6818;581;581
2026-06-08T08:29:48.0000000Z;8.6694;8.6818;581;581
2026-06-08T08:30:19.0000000Z;8.6694;8.6818;581;581
2026-06-08T08:30:48.0000000Z;8.6694;8.6786;581;581
2026-06-08T08:30:50.0000000Z;8.6664;8.6786;581;581
2026-06-08T08:31:20.0000000Z;8.6664;8.6786;581;581
2026-06-08T08:31:46.0000000Z;8.6672;8.6796;581;581
2026-06-08T08:32:17.0000000Z;8.6672;8.6796;581;581
2026-06-08T08:32:47.0000000Z;8.6672;8.6796;581;581
2026-06-08T08:33:18.0000000Z;8.6672;8.6796;581;581
2026-06-08T08:33:48.0000000Z;8.6672;8.6796;581;581
2026-06-08T08:34:19.0000000Z;8.6672;8.6796;581;581
2026-06-08T08:34:50.0000000Z;8.6672;8.6796;581;581
2026-06-08T08:35:20.0000000Z;8.6672;8.6796;581;581
2026-06-08T08:35:51.0000000Z;8.6672;8.6796;581;581
2026-06-08T08:36:21.0000000Z;8.6672;8.6796;581;581
2026-06-08T08:36:52.0000000Z;8.6672;8.6796;581;581
2026-06-08T08:37:22.0000000Z;8.6672;8.6796;581;581
2026-06-08T08:37:53.0000000Z;8.6672;8.6796;581;581
2026-06-08T08:38:23.0000000Z;8.6672;8.6796;581;581
2026-06-08T08:38:54.0000000Z;8.6672;8.6796;581;581
2026-06-08T08:39:24.0000000Z;8.6672;8.6796;581;581
2026-06-08T08:39:55.0000000Z;8.6672;8.6796;581;581
2026-06-08T08:40:26.0000000Z;8.6672;8.6796;581;581
2026-06-08T08:40:52.0000000Z;8.6304;8.7126;581;581
2026-06-08T08:40:53.0000000Z;8.6702;8.6826;581;581
2026-06-08T08:41:23.0000000Z;8.6702;8.6826;581;581
2026-06-08T08:41:54.0000000Z;8.6702;8.6826;581;581
2026-06-08T08:42:24.0000000Z;8.6702;8.6826;581;581
2026-06-08T08:42:55.0000000Z;8.6702;8.6826;581;581
2026-06-08T08:43:25.0000000Z;8.6702;8.6826;581;581
2026-06-08T08:43:56.0000000Z;8.6702;8.6826;581;581
2026-06-08T08:44:27.0000000Z;8.6702;8.6826;581;581
2026-06-08T08:44:57.0000000Z;8.6702;8.6826;581;581
2026-06-08T08:45:28.0000000Z;8.6702;8.6826;581;581
2026-06-08T08:45:58.0000000Z;8.6702;8.6826;581;581
2026-06-08T08:46:29.0000000Z;8.6702;8.6826;581;581
2026-06-08T08:46:59.0000000Z;8.6702;8.6826;581;581
2026-06-08T08:47:30.0000000Z;8.6702;8.6826;581;581
2026-06-08T08:48:00.0000000Z;8.6702;8.6826;581;581
2026-06-08T08:48:31.0000000Z;8.6702;8.6826;581;581
2026-06-08T08:49:01.0000000Z;8.6702;8.6826;581;581
2026-06-08T08:49:32.0000000Z;8.6702;8.6826;581;581
2026-06-08T08:50:02.0000000Z;8.6702;8.6826;581;581
2026-06-08T08:50:28.0000000Z;8.6708;8.6826;581;581
2026-06-08T08:50:29.0000000Z;8.6708;8.683;581;581
2026-06-08T08:50:59.0000000Z;8.6708;8.683;581;581
2026-06-08T08:51:30.0000000Z;8.6708;8.683;581;581
2026-06-08T08:52:00.0000000Z;8.6708;8.683;581;581
2026-06-08T08:52:31.0000000Z;8.6708;8.683;581;581
2026-06-08T08:53:01.0000000Z;8.6708;8.683;581;581
2026-06-08T08:53:32.0000000Z;8.6708;8.683;581;581
2026-06-08T08:54:02.0000000Z;8.6708;8.683;581;581
2026-06-08T08:54:24.0000000Z;8.6738;8.683;581;581
2026-06-08T08:54:26.0000000Z;8.6738;8.6862;581;581
2026-06-08T08:54:57.0000000Z;8.6738;8.6862;581;581
2026-06-08T08:55:27.0000000Z;8.6738;8.6862;581;581
2026-06-08T08:55:58.0000000Z;8.6738;8.6862;581;581
2026-06-08T08:56:28.0000000Z;8.6738;8.6862;581;581
2026-06-08T08:56:59.0000000Z;8.6738;8.6862;581;581
2026-06-08T08:57:29.0000000Z;8.6738;8.6862;581;581
2026-06-08T08:58:00.0000000Z;8.6738;8.6862;581;581
2026-06-08T08:58:30.0000000Z;8.6738;8.6862;581;581
2026-06-08T08:59:01.0000000Z;8.6738;8.6862;581;581
2026-06-08T08:59:31.0000000Z;8.6738;8.6862;581;581
2026-06-08T09:00:02.0000000Z;8.6738;8.6862;581;581
2026-06-08T09:00:32.0000000Z;8.6738;8.6862;581;581
2026-06-08T09:01:03.0000000Z;8.6738;8.6862;581;581
2026-06-08T09:01:33.0000000Z;8.6738;8.6862;581;581
2026-06-08T09:02:04.0000000Z;8.6738;8.6862;581;581
2026-06-08T09:02:35.0000000Z;8.6738;8.6862;581;581
2026-06-08T09:03:05.0000000Z;8.6738;8.6862;581;581
2026-06-08T09:03:36.0000000Z;8.6738;8.6862;581;581
2026-06-08T09:04:06.0000000Z;8.6738;8.6862;581;581
2026-06-08T09:04:37.0000000Z;8.6738;8.6862;581;581
2026-06-08T09:05:07.0000000Z;8.6738;8.6862;581;581
2026-06-08T09:05:38.0000000Z;8.6738;8.6862;581;581
2026-06-08T09:06:08.0000000Z;8.6738;8.6862;581;581
2026-06-08T09:06:39.0000000Z;8.6738;8.6862;581;581
2026-06-08T09:07:09.0000000Z;8.6738;8.6862;581;581
2026-06-08T09:07:40.0000000Z;8.6738;8.6862;581;581
2026-06-08T09:08:10.0000000Z;8.6738;8.6862;581;581
2026-06-08T09:08:41.0000000Z;8.6738;8.6862;581;581
2026-06-08T09:09:12.0000000Z;8.6738;8.6862;581;581
2026-06-08T09:09:42.0000000Z;8.6738;8.6862;581;581
2026-06-08T09:10:13.0000000Z;8.6738;8.6862;581;581
2026-06-08T09:10:30.0000000Z;8.677;8.6862;581;581
2026-06-08T09:10:32.0000000Z;8.677;8.6894;581;581
2026-06-08T09:11:03.0000000Z;8.677;8.6894;581;581
2026-06-08T09:11:33.0000000Z;8.677;8.6894;581;581
2026-06-08T09:12:04.0000000Z;8.677;8.6894;581;581
2026-06-08T09:12:34.0000000Z;8.677;8.6894;581;581
2026-06-08T09:13:05.0000000Z;8.677;8.6894;581;581
2026-06-08T09:13:35.0000000Z;8.677;8.6894;581;581
2026-06-08T09:14:06.0000000Z;8.677;8.6894;581;581
2026-06-08T09:14:37.0000000Z;8.677;8.6894;581;581
2026-06-08T09:15:07.0000000Z;8.677;8.6894;581;581
2026-06-08T09:15:38.0000000Z;8.677;8.6894;581;581
2026-06-08T09:16:08.0000000Z;8.677;8.6894;581;581
2026-06-08T09:16:39.0000000Z;8.677;8.6894;581;581
2026-06-08T09:17:09.0000000Z;8.677;8.6894;581;581
2026-06-08T09:17:40.0000000Z;8.677;8.6894;581;581
2026-06-08T09:18:10.0000000Z;8.677;8.6894;581;581
2026-06-08T09:18:41.0000000Z;8.677;8.6894;581;581
2026-06-08T09:19:12.0000000Z;8.677;8.6894;581;581
2026-06-08T09:19:42.0000000Z;8.677;8.6894;581;581
2026-06-08T09:20:13.0000000Z;8.677;8.6894;581;581
2026-06-08T09:20:43.0000000Z;8.677;8.6894;581;581
2026-06-08T09:21:14.0000000Z;8.677;8.6894;581;581
2026-06-08T09:21:44.0000000Z;8.677;8.6894;581;581
2026-06-08T09:22:15.0000000Z;8.677;8.6894;581;581
2026-06-08T09:22:45.0000000Z;8.677;8.6894;581;581
2026-06-08T09:23:16.0000000Z;8.677;8.6894;581;581
2026-06-08T09:23:46.0000000Z;8.677;8.6894;581;581
2026-06-08T09:24:17.0000000Z;8.677;8.6894;581;581
2026-06-08T09:24:29.0000000Z;8.6306;8.7026;581;581
2026-06-08T09:24:30.0000000Z;8.6772;8.6896;581;581
2026-06-08T09:25:01.0000000Z;8.6772;8.6896;581;581
2026-06-08T09:25:31.0000000Z;8.6772;8.6896;581;581
2026-06-08T09:26:02.0000000Z;8.6772;8.6896;581;581
2026-06-08T09:26:33.0000000Z;8.6772;8.6896;581;581
2026-06-08T09:27:03.0000000Z;8.6772;8.6896;581;581
2026-06-08T09:28:04.0000000Z;8.6772;8.6896;581;581
2026-06-08T09:28:35.0000000Z;8.6772;8.6896;581;581
2026-06-08T09:29:06.0000000Z;8.6772;8.6896;581;581
2026-06-08T09:29:36.0000000Z;8.6772;8.6896;581;581
2026-06-08T09:30:07.0000000Z;8.6772;8.6896;581;581
2026-06-08T09:30:33.0000000Z;8.6804;8.6896;581;581
2026-06-08T09:30:35.0000000Z;8.6804;8.6926;581;581
2026-06-08T09:31:06.0000000Z;8.6804;8.6926;581;581
2026-06-08T09:31:36.0000000Z;8.6804;8.6926;581;581
2026-06-08T09:32:07.0000000Z;8.6804;8.6926;581;581
2026-06-08T09:32:37.0000000Z;8.6804;8.6926;581;581
2026-06-08T09:33:08.0000000Z;8.6804;8.6926;581;581
2026-06-08T09:33:38.0000000Z;8.6804;8.6926;581;581
2026-06-08T09:34:09.0000000Z;8.6804;8.6926;581;581
2026-06-08T09:34:40.0000000Z;8.6804;8.6926;581;581
2026-06-08T09:35:05.0000000Z;8.6834;8.6926;581;581
2026-06-08T09:35:08.0000000Z;8.6834;8.6958;581;581
2026-06-08T09:35:38.0000000Z;8.6834;8.6958;581;581
2026-06-08T09:36:08.0000000Z;8.6834;8.6958;581;581
2026-06-08T09:36:39.0000000Z;8.6834;8.6958;581;581
2026-06-08T09:36:44.0000000Z;8.6498;8.7262;581;581
2026-06-08T09:37:03.0000000Z;8.681;8.6932;581;581
2026-06-08T09:37:12.0000000Z;8.6498;8.7262;581;581
2026-06-08T09:37:13.0000000Z;8.6762;8.7008;581;581
2026-06-08T09:37:44.0000000Z;8.6762;8.7008;581;581
2026-06-08T09:38:45.0000000Z;8.6762;8.7008;581;581
2026-06-08T09:39:15.0000000Z;8.6762;8.7008;581;581
2026-06-08T09:39:46.0000000Z;8.6762;8.7008;581;581
2026-06-08T09:40:16.0000000Z;8.6762;8.7008;581;581
2026-06-08T09:40:47.0000000Z;8.6762;8.7008;581;581
2026-06-08T09:41:17.0000000Z;8.6762;8.7008;581;581
2026-06-08T09:41:48.0000000Z;8.6762;8.7008;581;581
2026-06-08T09:42:18.0000000Z;8.6762;8.7008;581;581
2026-06-08T09:42:49.0000000Z;8.6762;8.7008;581;581
2026-06-08T09:43:19.0000000Z;8.6762;8.7008;581;581
2026-06-08T09:43:50.0000000Z;8.6762;8.7008;581;581
2026-06-08T09:44:20.0000000Z;8.6762;8.7008;581;581
2026-06-08T09:44:44.0000000Z;8.6814;8.6938;581;581
2026-06-08T09:45:15.0000000Z;8.6814;8.6938;581;581
2026-06-08T09:45:45.0000000Z;8.6814;8.6938;581;581
2026-06-08T09:46:16.0000000Z;8.6814;8.6938;581;581
2026-06-08T09:46:46.0000000Z;8.6814;8.6938;581;581
2026-06-08T09:47:17.0000000Z;8.6814;8.6938;581;581
2026-06-08T09:47:47.0000000Z;8.6814;8.6938;581;581
2026-06-08T09:48:18.0000000Z;8.6814;8.6938;581;581
2026-06-08T09:48:48.0000000Z;8.6814;8.6938;581;581
2026-06-08T09:48:55.0000000Z;8.6814;8.6932;581;581
2026-06-08T09:48:57.0000000Z;8.6808;8.6932;581;581
2026-06-08T09:49:28.0000000Z;8.6808;8.6932;581;581
2026-06-08T09:49:59.0000000Z;8.6808;8.6932;581;581
2026-06-08T09:50:29.0000000Z;8.6808;8.6932;581;581
2026-06-08T09:51:00.0000000Z;8.6808;8.6932;581;581
2026-06-08T09:51:30.0000000Z;8.6808;8.6932;581;581
2026-06-08T09:52:01.0000000Z;8.6808;8.6932;581;581
2026-06-08T09:52:21.0000000Z;8.6808;8.6896;581;581
2026-06-08T09:52:24.0000000Z;8.6772;8.6896;581;581
2026-06-08T09:52:52.0000000Z;8.6772;8.6896;581;581
2026-06-08T09:53:22.0000000Z;8.6772;8.6896;581;581
2026-06-08T09:53:53.0000000Z;8.6772;8.6896;581;581
2026-06-08T09:54:23.0000000Z;8.6772;8.6896;581;581
2026-06-08T09:54:54.0000000Z;8.6772;8.6896;581;581
2026-06-08T09:55:25.0000000Z;8.6772;8.6896;581;581
2026-06-08T09:55:55.0000000Z;8.6772;8.6896;581;581
2026-06-08T09:56:26.0000000Z;8.6772;8.6896;581;581
2026-06-08T09:56:56.0000000Z;8.6772;8.6896;581;581
2026-06-08T09:57:27.0000000Z;8.6772;8.6896;581;581
2026-06-08T09:57:57.0000000Z;8.6772;8.6896;581;581
2026-06-08T09:58:28.0000000Z;8.6772;8.6896;581;581
2026-06-08T09:58:58.0000000Z;8.6772;8.6896;581;581
2026-06-08T09:59:29.0000000Z;8.6772;8.6896;581;581
2026-06-08T10:00:00.0000000Z;8.6772;8.6896;581;581
2026-06-08T10:00:30.0000000Z;8.6772;8.6896;581;581
2026-06-08T10:01:01.0000000Z;8.6772;8.6896;581;581
2026-06-08T10:01:31.0000000Z;8.6772;8.6896;581;581
2026-06-08T10:02:02.0000000Z;8.6772;8.6896;581;581
2026-06-08T10:02:05.0000000Z;8.6792;8.6916;581;581
2026-06-08T10:02:10.0000000Z;8.6792;8.6884;581;581
2026-06-08T10:02:12.0000000Z;8.6762;8.6884;581;581
2026-06-08T10:02:43.0000000Z;8.6762;8.6884;581;581
2026-06-08T10:03:13.0000000Z;8.6762;8.6884;581;581
2026-06-08T10:03:44.0000000Z;8.6762;8.6884;581;581
2026-06-08T10:04:14.0000000Z;8.6762;8.6884;581;581
2026-06-08T10:04:45.0000000Z;8.6762;8.6884;581;581
2026-06-08T10:05:15.0000000Z;8.6762;8.6884;581;581
2026-06-08T10:05:46.0000000Z;8.6762;8.6884;581;581
2026-06-08T10:06:16.0000000Z;8.6762;8.6884;581;581
2026-06-08T10:06:47.0000000Z;8.6762;8.6884;581;581
2026-06-08T10:07:17.0000000Z;8.6762;8.6884;581;581
2026-06-08T10:07:48.0000000Z;8.6762;8.6884;581;581
2026-06-08T10:08:18.0000000Z;8.6762;8.6884;581;581
2026-06-08T10:08:49.0000000Z;8.6762;8.6884;581;581
2026-06-08T10:09:19.0000000Z;8.6762;8.6884;581;581
2026-06-08T10:09:50.0000000Z;8.6762;8.6884;581;581
2026-06-08T10:10:20.0000000Z;8.6762;8.6884;581;581
2026-06-08T10:10:51.0000000Z;8.6762;8.6884;581;581
2026-06-08T10:11:22.0000000Z;8.6762;8.6884;581;581
2026-06-08T10:11:52.0000000Z;8.6762;8.6884;581;581
2026-06-08T10:12:23.0000000Z;8.6762;8.6884;581;581
2026-06-08T10:12:53.0000000Z;8.6762;8.6884;581;581
2026-06-08T10:13:24.0000000Z;8.6762;8.6884;581;581
2026-06-08T10:13:54.0000000Z;8.6762;8.6884;581;581
2026-06-08T10:14:25.0000000Z;8.6762;8.6884;581;581
2026-06-08T10:14:55.0000000Z;8.6762;8.6884;581;581
2026-06-08T10:15:26.0000000Z;8.6762;8.6884;581;581
2026-06-08T10:15:57.0000000Z;8.6762;8.6884;581;581
2026-06-08T10:16:27.0000000Z;8.6762;8.6884;581;581
2026-06-08T10:16:58.0000000Z;8.6762;8.6884;581;581
2026-06-08T10:17:28.0000000Z;8.6762;8.6884;581;581
2026-06-08T10:17:59.0000000Z;8.6762;8.6884;581;581
2026-06-08T10:18:29.0000000Z;8.6762;8.6884;581;581
2026-06-08T10:19:00.0000000Z;8.6762;8.6884;581;581
2026-06-08T10:19:30.0000000Z;8.6762;8.6884;581;581
2026-06-08T10:20:01.0000000Z;8.6762;8.6884;581;581
2026-06-08T10:20:31.0000000Z;8.6762;8.6884;581;581
2026-06-08T10:21:02.0000000Z;8.6762;8.6884;581;581
2026-06-08T10:21:32.0000000Z;8.6762;8.6884;581;581
2026-06-08T10:22:03.0000000Z;8.6762;8.6884;581;581
2026-06-08T10:22:33.0000000Z;8.6762;8.6884;581;581
2026-06-08T10:23:04.0000000Z;8.6762;8.6884;581;581
2026-06-08T10:23:34.0000000Z;8.6762;8.6884;581;581
2026-06-08T10:24:05.0000000Z;8.6762;8.6884;581;581
2026-06-08T10:24:36.0000000Z;8.6762;8.6884;581;581
2026-06-08T10:25:06.0000000Z;8.6762;8.6884;581;581
2026-06-08T10:25:37.0000000Z;8.6762;8.6884;581;581
2026-06-08T10:26:07.0000000Z;8.6762;8.6884;581;581
2026-06-08T10:26:38.0000000Z;8.6762;8.6884;581;581
2026-06-08T10:27:08.0000000Z;8.6762;8.6884;581;581
2026-06-08T10:27:39.0000000Z;8.6762;8.6884;581;581
2026-06-08T10:28:09.0000000Z;8.6762;8.6884;581;581
2026-06-08T10:28:40.0000000Z;8.6762;8.6884;581;581
2026-06-08T10:29:11.0000000Z;8.6762;8.6884;581;581
2026-06-08T10:29:18.0000000Z;8.6748;8.6872;581;581
2026-06-08T10:29:48.0000000Z;8.6748;8.6872;581;581
2026-06-08T10:30:01.0000000Z;8.6742;8.6864;581;581
2026-06-08T10:30:31.0000000Z;8.6742;8.6864;581;581
2026-06-08T10:31:02.0000000Z;8.6742;8.6864;581;581
2026-06-08T10:31:32.0000000Z;8.6742;8.6864;581;581
2026-06-08T10:32:03.0000000Z;8.6742;8.6864;581;581
2026-06-08T10:32:33.0000000Z;8.6742;8.6864;581;581
2026-06-08T10:33:04.0000000Z;8.6742;8.6864;581;581
2026-06-08T10:33:35.0000000Z;8.6742;8.6864;581;581
2026-06-08T10:34:05.0000000Z;8.6742;8.6864;581;581
2026-06-08T10:34:13.0000000Z;8.6742;8.6834;581;581
2026-06-08T10:34:14.0000000Z;8.671;8.6834;581;581
2026-06-08T10:34:19.0000000Z;8.6746;8.6834;581;581
2026-06-08T10:34:22.0000000Z;8.6746;8.687;581;581
2026-06-08T10:34:30.0000000Z;8.6746;8.6838;581;581
2026-06-08T10:34:32.0000000Z;8.6714;8.6838;581;581
2026-06-08T10:34:34.0000000Z;8.6602;8.6968;581;581
2026-06-08T10:35:05.0000000Z;8.6602;8.6968;581;581
2026-06-08T10:35:35.0000000Z;8.6602;8.6968;581;581
2026-06-08T10:36:06.0000000Z;8.6602;8.6968;581;581
2026-06-08T10:36:36.0000000Z;8.6602;8.6968;581;581
2026-06-08T10:37:07.0000000Z;8.6602;8.6968;581;581
2026-06-08T10:37:37.0000000Z;8.6602;8.6968;581;581
2026-06-08T10:38:08.0000000Z;8.6602;8.6968;581;581
2026-06-08T10:38:38.0000000Z;8.6602;8.6968;581;581
2026-06-08T10:38:53.0000000Z;8.6604;8.6968;581;581
2026-06-08T10:38:54.0000000Z;8.6674;8.6918;581;581
2026-06-08T10:39:24.0000000Z;8.6674;8.6918;581;581
2026-06-08T10:39:55.0000000Z;8.6674;8.6918;581;581
2026-06-08T10:40:26.0000000Z;8.6674;8.6918;581;581
2026-06-08T10:40:56.0000000Z;8.6674;8.6918;581;581
2026-06-08T10:41:27.0000000Z;8.6674;8.6918;581;581
2026-06-08T10:41:57.0000000Z;8.6674;8.6918;581;581
2026-06-08T10:42:28.0000000Z;8.6674;8.6918;581;581
2026-06-08T10:42:59.0000000Z;8.6674;8.6918;581;581
2026-06-08T10:43:29.0000000Z;8.6674;8.6918;581;581
2026-06-08T10:44:00.0000000Z;8.6674;8.6918;581;581
2026-06-08T10:44:30.0000000Z;8.6674;8.6918;581;581
2026-06-08T10:45:01.0000000Z;8.6674;8.6918;581;581
2026-06-08T10:45:28.0000000Z;8.6724;8.6846;581;581
2026-06-08T10:45:58.0000000Z;8.6724;8.6846;581;581
2026-06-08T10:46:29.0000000Z;8.6724;8.6846;581;581
2026-06-08T10:46:59.0000000Z;8.6724;8.6846;581;581
2026-06-08T10:47:30.0000000Z;8.6724;8.6846;581;581
2026-06-08T10:48:00.0000000Z;8.6724;8.6846;581;581
2026-06-08T10:48:31.0000000Z;8.6724;8.6846;581;581
2026-06-08T10:49:02.0000000Z;8.6724;8.6846;581;581
2026-06-08T10:49:32.0000000Z;8.6724;8.6846;581;581
2026-06-08T10:50:03.0000000Z;8.6724;8.6846;581;581
2026-06-08T10:50:33.0000000Z;8.6724;8.6846;581;581
2026-06-08T10:50:42.0000000Z;8.6724;8.6816;581;581
2026-06-08T10:50:43.0000000Z;8.6692;8.6816;581;581
2026-06-08T10:51:14.0000000Z;8.6692;8.6816;581;581
2026-06-08T10:51:44.0000000Z;8.6692;8.6816;581;581
2026-06-08T10:52:15.0000000Z;8.6692;8.6816;581;581
2026-06-08T10:52:46.0000000Z;8.6692;8.6816;581;581
2026-06-08T10:53:16.0000000Z;8.6692;8.6816;581;581
2026-06-08T10:53:20.0000000Z;8.6726;8.6816;581;581
2026-06-08T10:53:22.0000000Z;8.6726;8.685;581;581
2026-06-08T10:53:51.0000000Z;8.6726;8.685;581;581
2026-06-08T10:54:21.0000000Z;8.6726;8.685;581;581
2026-06-08T10:54:52.0000000Z;8.6726;8.685;581;581
2026-06-08T10:55:22.0000000Z;8.6726;8.685;581;581
2026-06-08T10:55:53.0000000Z;8.6726;8.685;581;581
2026-06-08T10:56:24.0000000Z;8.6726;8.685;581;581
2026-06-08T10:56:54.0000000Z;8.6726;8.685;581;581
2026-06-08T10:57:25.0000000Z;8.6726;8.685;581;581
2026-06-08T10:57:55.0000000Z;8.6726;8.685;581;581
2026-06-08T10:58:26.0000000Z;8.6726;8.685;581;581
2026-06-08T10:58:57.0000000Z;8.6726;8.685;581;581
2026-06-08T10:59:27.0000000Z;8.6726;8.685;581;581
2026-06-08T10:59:58.0000000Z;8.6726;8.685;581;581
2026-06-08T11:00:28.0000000Z;8.6726;8.685;581;581
2026-06-08T11:00:59.0000000Z;8.6726;8.685;581;581
2026-06-08T11:01:30.0000000Z;8.6726;8.685;581;581
2026-06-08T11:02:00.0000000Z;8.6726;8.685;581;581
2026-06-08T11:02:31.0000000Z;8.6726;8.685;581;581
2026-06-08T11:03:01.0000000Z;8.6726;8.685;581;581
2026-06-08T11:03:32.0000000Z;8.6726;8.685;581;581
2026-06-08T11:04:03.0000000Z;8.6726;8.685;581;581
2026-06-08T11:04:33.0000000Z;8.6726;8.685;581;581
2026-06-08T11:05:04.0000000Z;8.6726;8.685;581;581
2026-06-08T11:05:35.0000000Z;8.6726;8.685;581;581
2026-06-08T11:06:05.0000000Z;8.6726;8.685;581;581
2026-06-08T11:06:36.0000000Z;8.6726;8.685;581;581
2026-06-08T11:07:07.0000000Z;8.6726;8.685;581;581
2026-06-08T11:07:37.0000000Z;8.6726;8.685;581;581
2026-06-08T11:08:08.0000000Z;8.6726;8.685;581;581
2026-06-08T11:08:38.0000000Z;8.6726;8.685;581;581
2026-06-08T11:09:09.0000000Z;8.6726;8.685;581;581
2026-06-08T11:09:40.0000000Z;8.6726;8.685;581;581
2026-06-08T11:10:10.0000000Z;8.6726;8.685;581;581
2026-06-08T11:10:41.0000000Z;8.6726;8.685;581;581
2026-06-08T11:10:43.0000000Z;8.6726;8.681;581;581
2026-06-08T11:10:44.0000000Z;8.6688;8.681;581;581
2026-06-08T11:10:48.0000000Z;8.6642;8.6886;581;581
2026-06-08T11:10:50.0000000Z;8.6652;8.6844;581;581
2026-06-08T11:10:56.0000000Z;8.6652;8.6842;581;581
2026-06-08T11:11:00.0000000Z;8.6642;8.6886;581;581
2026-06-08T11:11:04.0000000Z;8.6628;8.6872;581;581
2026-06-08T11:11:10.0000000Z;8.6658;8.6856;581;581
2026-06-08T11:11:26.0000000Z;8.6498;8.7278;581;581
2026-06-08T11:11:28.0000000Z;8.6522;8.701;581;581
2026-06-08T11:11:30.0000000Z;8.6598;8.6914;581;581
2026-06-08T11:11:32.0000000Z;8.66;8.6914;581;581
2026-06-08T11:11:42.0000000Z;8.6604;8.6914;581;581
2026-06-08T11:11:46.0000000Z;8.6606;8.6914;581;581
2026-06-08T11:11:50.0000000Z;8.6608;8.6914;581;581
2026-06-08T11:11:59.0000000Z;8.661;8.6914;581;581
2026-06-08T11:12:30.0000000Z;8.661;8.6914;581;581
2026-06-08T11:12:51.0000000Z;8.6642;8.6888;581;581
2026-06-08T11:13:21.0000000Z;8.6642;8.6888;581;581
2026-06-08T11:13:52.0000000Z;8.6642;8.6888;581;581
2026-06-08T11:14:22.0000000Z;8.6642;8.6888;581;581
2026-06-08T11:14:53.0000000Z;8.6642;8.6888;581;581
2026-06-08T11:15:23.0000000Z;8.6642;8.6888;581;581
2026-06-08T11:15:53.0000000Z;8.6642;8.6888;581;581
2026-06-08T11:16:24.0000000Z;8.6642;8.6888;581;581
2026-06-08T11:16:54.0000000Z;8.6642;8.6888;581;581
2026-06-08T11:17:25.0000000Z;8.6642;8.6888;581;581
2026-06-08T11:17:55.0000000Z;8.6642;8.6888;581;581
2026-06-08T11:18:26.0000000Z;8.6642;8.6888;581;581
2026-06-08T11:18:56.0000000Z;8.6642;8.6888;581;581
2026-06-08T11:19:27.0000000Z;8.6642;8.6888;581;581
2026-06-08T11:19:57.0000000Z;8.6642;8.6888;581;581
2026-06-08T11:20:22.0000000Z;8.6552;8.6916;581;581
2026-06-08T11:20:46.0000000Z;8.6552;8.6916;581;581
2026-06-08T11:20:50.0000000Z;8.655;8.6916;581;581
2026-06-08T11:20:52.0000000Z;8.6612;8.6858;581;581
2026-06-08T11:21:21.0000000Z;8.6612;8.6858;581;581
2026-06-08T11:21:52.0000000Z;8.6612;8.6858;581;581
2026-06-08T11:22:22.0000000Z;8.6612;8.6858;581;581
2026-06-08T11:22:53.0000000Z;8.6612;8.6858;581;581
2026-06-08T11:23:23.0000000Z;8.6612;8.6858;581;581
2026-06-08T11:23:54.0000000Z;8.6612;8.6858;581;581
2026-06-08T11:24:25.0000000Z;8.6612;8.6858;581;581
2026-06-08T11:24:55.0000000Z;8.6612;8.6858;581;581
2026-06-08T11:25:26.0000000Z;8.6612;8.6858;581;581
2026-06-08T11:25:56.0000000Z;8.6612;8.6858;581;581
2026-06-08T11:26:27.0000000Z;8.6612;8.6858;581;581
2026-06-08T11:26:57.0000000Z;8.6612;8.6858;581;581
2026-06-08T11:27:28.0000000Z;8.6612;8.6858;581;581
2026-06-08T11:27:58.0000000Z;8.6612;8.6858;581;581
2026-06-08T11:28:29.0000000Z;8.6612;8.6858;581;581
2026-06-08T11:28:59.0000000Z;8.6612;8.6858;581;581
2026-06-08T11:29:30.0000000Z;8.6612;8.6858;581;581
2026-06-08T11:30:00.0000000Z;8.6612;8.6858;581;581
2026-06-08T11:30:31.0000000Z;8.6612;8.6858;581;581
2026-06-08T11:31:01.0000000Z;8.6612;8.6858;581;581
2026-06-08T11:31:32.0000000Z;8.6612;8.6858;581;581
2026-06-08T11:32:03.0000000Z;8.6612;8.6858;581;581
2026-06-08T11:32:33.0000000Z;8.6612;8.6858;581;581
2026-06-08T11:33:04.0000000Z;8.6612;8.6858;581;581
2026-06-08T11:33:26.0000000Z;8.6664;8.6788;581;581
2026-06-08T11:33:57.0000000Z;8.6664;8.6788;581;581
2026-06-08T11:34:27.0000000Z;8.6664;8.6788;581;581
2026-06-08T11:34:58.0000000Z;8.6664;8.6788;581;581
2026-06-08T11:35:28.0000000Z;8.6664;8.6788;581;581
2026-06-08T11:35:59.0000000Z;8.6664;8.6788;581;581
2026-06-08T11:36:29.0000000Z;8.6664;8.6788;581;581
2026-06-08T11:37:00.0000000Z;8.6664;8.6788;581;581
2026-06-08T11:37:30.0000000Z;8.6664;8.6788;581;581
2026-06-08T11:38:01.0000000Z;8.6664;8.6788;581;581
2026-06-08T11:38:31.0000000Z;8.6664;8.6788;581;581
2026-06-08T11:39:02.0000000Z;8.6664;8.6788;581;581
2026-06-08T11:39:33.0000000Z;8.6664;8.6788;581;581
2026-06-08T11:39:43.0000000Z;8.6696;8.6788;581;581
2026-06-08T11:39:44.0000000Z;8.6696;8.6818;581;581
2026-06-08T11:40:14.0000000Z;8.6696;8.6818;581;581
2026-06-08T11:40:45.0000000Z;8.6696;8.6818;581;581
2026-06-08T11:41:15.0000000Z;8.6696;8.6818;581;581
2026-06-08T11:41:46.0000000Z;8.6696;8.6818;581;581
2026-06-08T11:42:16.0000000Z;8.6696;8.6818;581;581
2026-06-08T11:42:47.0000000Z;8.6696;8.6818;581;581
2026-06-08T11:43:17.0000000Z;8.6696;8.6818;581;581
2026-06-08T11:43:48.0000000Z;8.6696;8.6818;581;581
2026-06-08T11:44:19.0000000Z;8.6696;8.6818;581;581
2026-06-08T11:44:49.0000000Z;8.6696;8.6818;581;581
2026-06-08T11:45:20.0000000Z;8.6696;8.6818;581;581
2026-06-08T11:45:50.0000000Z;8.6696;8.6818;581;581
2026-06-08T11:46:21.0000000Z;8.6696;8.6818;581;581
2026-06-08T11:46:51.0000000Z;8.6696;8.6818;581;581
2026-06-08T11:47:22.0000000Z;8.6696;8.6818;581;581
2026-06-08T11:47:52.0000000Z;8.6696;8.6818;581;581
2026-06-08T11:48:23.0000000Z;8.6696;8.6818;581;581
2026-06-08T11:48:53.0000000Z;8.6696;8.6818;581;581
2026-06-08T11:49:09.0000000Z;8.6728;8.6818;581;581
2026-06-08T11:49:10.0000000Z;8.6728;8.6852;581;581
2026-06-08T11:49:40.0000000Z;8.6728;8.6852;581;581
2026-06-08T11:50:11.0000000Z;8.6728;8.6852;581;581
2026-06-08T11:50:41.0000000Z;8.6728;8.6852;581;581
2026-06-08T11:51:00.0000000Z;8.6728;8.682;581;581
2026-06-08T11:51:02.0000000Z;8.6698;8.682;581;581
2026-06-08T11:51:33.0000000Z;8.6698;8.682;581;581
2026-06-08T11:52:04.0000000Z;8.6698;8.682;581;581
2026-06-08T11:52:34.0000000Z;8.6698;8.682;581;581
2026-06-08T11:53:05.0000000Z;8.6698;8.682;581;581
2026-06-08T11:53:35.0000000Z;8.6698;8.682;581;581
2026-06-08T11:54:06.0000000Z;8.6698;8.682;581;581
2026-06-08T11:54:36.0000000Z;8.6698;8.682;581;581
2026-06-08T11:55:07.0000000Z;8.6698;8.682;581;581
2026-06-08T11:55:38.0000000Z;8.6698;8.682;581;581
2026-06-08T11:56:08.0000000Z;8.6698;8.682;581;581
2026-06-08T11:56:39.0000000Z;8.6698;8.682;581;581
2026-06-08T11:57:09.0000000Z;8.6698;8.682;581;581
2026-06-08T11:57:40.0000000Z;8.6698;8.682;581;581
2026-06-08T11:58:10.0000000Z;8.6698;8.682;581;581
2026-06-08T11:58:41.0000000Z;8.6698;8.682;581;581
2026-06-08T11:59:12.0000000Z;8.6698;8.682;581;581
2026-06-08T11:59:42.0000000Z;8.6698;8.682;581;581
2026-06-08T12:00:02.0000000Z;8.67;8.6824;581;581
2026-06-08T12:00:33.0000000Z;8.67;8.6824;581;581
2026-06-08T12:01:03.0000000Z;8.67;8.6824;581;581
2026-06-08T12:01:34.0000000Z;8.67;8.6824;581;581
2026-06-08T12:02:04.0000000Z;8.67;8.6824;581;581
2026-06-08T12:02:35.0000000Z;8.67;8.6824;581;581
2026-06-08T12:02:55.0000000Z;8.6556;8.7278;581;581
2026-06-08T12:02:57.0000000Z;8.6618;8.6862;581;581
2026-06-08T12:03:27.0000000Z;8.6618;8.6862;581;581
2026-06-08T12:03:57.0000000Z;8.6618;8.6862;581;581
2026-06-08T12:04:28.0000000Z;8.6618;8.6862;581;581
2026-06-08T12:04:58.0000000Z;8.6618;8.6862;581;581
2026-06-08T12:05:29.0000000Z;8.6618;8.6862;581;581
2026-06-08T12:06:00.0000000Z;8.6618;8.6862;581;581
2026-06-08T12:06:30.0000000Z;8.6618;8.6862;581;581
2026-06-08T12:07:01.0000000Z;8.6618;8.6862;581;581
2026-06-08T12:07:31.0000000Z;8.6618;8.6862;581;581
2026-06-08T12:08:02.0000000Z;8.6618;8.6862;581;581
2026-06-08T12:08:29.0000000Z;8.6668;8.679;581;581
2026-06-08T12:08:59.0000000Z;8.6668;8.679;581;581
2026-06-08T12:09:29.0000000Z;8.6668;8.679;581;581
2026-06-08T12:10:00.0000000Z;8.6668;8.679;581;581
2026-06-08T12:10:30.0000000Z;8.6668;8.679;581;581
2026-06-08T12:11:01.0000000Z;8.6668;8.679;581;581
2026-06-08T12:11:31.0000000Z;8.6668;8.679;581;581
2026-06-08T12:12:02.0000000Z;8.6668;8.679;581;581
2026-06-08T12:12:32.0000000Z;8.6668;8.679;581;581
2026-06-08T12:13:03.0000000Z;8.6668;8.679;581;581
2026-06-08T12:13:34.0000000Z;8.6668;8.679;581;581
2026-06-08T12:14:04.0000000Z;8.6668;8.679;581;581
2026-06-08T12:14:35.0000000Z;8.6668;8.679;581;581
2026-06-08T12:15:05.0000000Z;8.6668;8.679;581;581
2026-06-08T12:15:36.0000000Z;8.6668;8.679;581;581
2026-06-08T12:16:06.0000000Z;8.6668;8.679;581;581
2026-06-08T12:16:37.0000000Z;8.6668;8.679;581;581
2026-06-08T12:17:07.0000000Z;8.6668;8.679;581;581
2026-06-08T12:17:38.0000000Z;8.6668;8.679;581;581
2026-06-08T12:18:08.0000000Z;8.6668;8.679;581;581
2026-06-08T12:18:39.0000000Z;8.6668;8.679;581;581
2026-06-08T12:19:09.0000000Z;8.6668;8.679;581;581
2026-06-08T12:19:40.0000000Z;8.6668;8.679;581;581
2026-06-08T12:20:11.0000000Z;8.6668;8.679;581;581
2026-06-08T12:20:41.0000000Z;8.6668;8.679;581;581
2026-06-08T12:21:12.0000000Z;8.6668;8.679;581;581
2026-06-08T12:21:42.0000000Z;8.6668;8.679;581;581
2026-06-08T12:22:13.0000000Z;8.6668;8.679;581;581
2026-06-08T12:22:44.0000000Z;8.6668;8.679;581;581
2026-06-08T12:23:14.0000000Z;8.6668;8.679;581;581
2026-06-08T12:23:45.0000000Z;8.6668;8.679;581;581
2026-06-08T12:24:15.0000000Z;8.6668;8.679;581;581
2026-06-08T12:24:46.0000000Z;8.6668;8.679;581;581
2026-06-08T12:25:16.0000000Z;8.6668;8.679;581;581
2026-06-08T12:25:47.0000000Z;8.6668;8.679;581;581
2026-06-08T12:26:17.0000000Z;8.6668;8.679;581;581
2026-06-08T12:26:48.0000000Z;8.6668;8.679;581;581
2026-06-08T12:27:18.0000000Z;8.6668;8.679;581;581
2026-06-08T12:27:49.0000000Z;8.6668;8.679;581;581
2026-06-08T12:28:19.0000000Z;8.6668;8.679;581;581
2026-06-08T12:28:50.0000000Z;8.6668;8.679;581;581
2026-06-08T12:29:20.0000000Z;8.6668;8.679;581;581
2026-06-08T12:29:38.0000000Z;8.6698;8.679;581;581
2026-06-08T12:29:39.0000000Z;8.6698;8.6822;581;581
2026-06-08T12:30:09.0000000Z;8.6698;8.6822;581;581
2026-06-08T12:30:40.0000000Z;8.6698;8.6822;581;581
2026-06-08T12:31:10.0000000Z;8.6698;8.6822;581;581
2026-06-08T12:31:41.0000000Z;8.6698;8.6822;581;581
2026-06-08T12:32:12.0000000Z;8.6698;8.6822;581;581
2026-06-08T12:32:42.0000000Z;8.6698;8.6822;581;581
2026-06-08T12:33:13.0000000Z;8.6698;8.6822;581;581
2026-06-08T12:33:43.0000000Z;8.6698;8.6822;581;581
2026-06-08T12:34:14.0000000Z;8.6698;8.6822;581;581
2026-06-08T12:34:43.0000000Z;8.6736;8.6822;581;581
2026-06-08T12:34:44.0000000Z;8.6736;8.686;581;581
2026-06-08T12:35:15.0000000Z;8.6736;8.686;581;581
2026-06-08T12:35:45.0000000Z;8.6736;8.686;581;581
2026-06-08T12:36:16.0000000Z;8.6736;8.686;581;581
2026-06-08T12:36:47.0000000Z;8.6736;8.686;581;581
2026-06-08T12:37:17.0000000Z;8.6736;8.686;581;581
2026-06-08T12:37:48.0000000Z;8.6736;8.686;581;581
2026-06-08T12:38:18.0000000Z;8.6736;8.686;581;581
2026-06-08T12:38:49.0000000Z;8.6736;8.686;581;581
2026-06-08T12:39:20.0000000Z;8.6736;8.686;581;581
2026-06-08T12:39:50.0000000Z;8.6736;8.686;581;581
2026-06-08T12:40:01.0000000Z;8.6556;8.7278;581;581
2026-06-08T12:40:05.0000000Z;8.6736;8.686;581;581
2026-06-08T12:40:36.0000000Z;8.6736;8.686;581;581
2026-06-08T12:41:06.0000000Z;8.6736;8.686;581;581
2026-06-08T12:41:37.0000000Z;8.6736;8.686;581;581
2026-06-08T12:42:08.0000000Z;8.6736;8.686;581;581
2026-06-08T12:42:38.0000000Z;8.6736;8.686;581;581
2026-06-08T12:42:39.0000000Z;8.6748;8.686;581;581
2026-06-08T12:42:40.0000000Z;8.6748;8.6872;581;581
2026-06-08T12:42:43.0000000Z;8.6748;8.6862;581;581
2026-06-08T12:42:48.0000000Z;8.6738;8.6862;581;581
2026-06-08T12:42:50.0000000Z;8.6662;8.6908;581;581
2026-06-08T12:43:21.0000000Z;8.6662;8.6908;581;581
2026-06-08T12:43:51.0000000Z;8.6662;8.6908;581;581
2026-06-08T12:44:22.0000000Z;8.6662;8.6908;581;581
2026-06-08T12:44:38.0000000Z;8.6716;8.684;581;581
2026-06-08T12:44:46.0000000Z;8.671;8.6834;581;581
2026-06-08T12:44:47.0000000Z;8.6498;8.7098;581;581
2026-06-08T12:44:49.0000000Z;8.6736;8.686;581;581
2026-06-08T12:45:20.0000000Z;8.6736;8.686;581;581
2026-06-08T12:45:51.0000000Z;8.6736;8.686;581;581
2026-06-08T12:46:21.0000000Z;8.6736;8.686;581;581
2026-06-08T12:46:52.0000000Z;8.6736;8.686;581;581
2026-06-08T12:47:22.0000000Z;8.6736;8.686;581;581
2026-06-08T12:47:53.0000000Z;8.6736;8.686;581;581
2026-06-08T12:48:23.0000000Z;8.6736;8.686;581;581
2026-06-08T12:48:54.0000000Z;8.6736;8.686;581;581
2026-06-08T12:49:24.0000000Z;8.6736;8.686;581;581
2026-06-08T12:49:55.0000000Z;8.6736;8.686;581;581
2026-06-08T12:50:25.0000000Z;8.6736;8.686;581;581
2026-06-08T12:50:56.0000000Z;8.6736;8.686;581;581
2026-06-08T12:51:27.0000000Z;8.6736;8.686;581;581
2026-06-08T12:51:57.0000000Z;8.6736;8.686;581;581
2026-06-08T12:52:28.0000000Z;8.6736;8.686;581;581
2026-06-08T12:52:58.0000000Z;8.6736;8.686;581;581
2026-06-08T12:53:29.0000000Z;8.6736;8.686;581;581
2026-06-08T12:53:59.0000000Z;8.6736;8.686;581;581
2026-06-08T12:54:30.0000000Z;8.6736;8.686;581;581
2026-06-08T12:55:01.0000000Z;8.6736;8.686;581;581
2026-06-08T12:55:31.0000000Z;8.6736;8.686;581;581
2026-06-08T12:56:02.0000000Z;8.6736;8.686;581;581
2026-06-08T12:56:32.0000000Z;8.6736;8.686;581;581
2026-06-08T12:57:03.0000000Z;8.6736;8.686;581;581
2026-06-08T12:57:33.0000000Z;8.6736;8.686;581;581
2026-06-08T12:58:04.0000000Z;8.6736;8.686;581;581
2026-06-08T12:58:34.0000000Z;8.6736;8.686;581;581
2026-06-08T12:59:05.0000000Z;8.6736;8.686;581;581
2026-06-08T12:59:14.0000000Z;8.6498;8.7098;581;581
2026-06-08T12:59:15.0000000Z;8.6714;8.6838;581;581
2026-06-08T12:59:46.0000000Z;8.6714;8.6838;581;581
2026-06-08T13:00:16.0000000Z;8.6714;8.6838;581;581
2026-06-08T13:00:24.0000000Z;8.6684;8.6806;581;581
2026-06-08T13:00:55.0000000Z;8.6684;8.6806;581;581
2026-06-08T13:01:25.0000000Z;8.6684;8.6806;581;581
2026-06-08T13:01:56.0000000Z;8.6684;8.6806;581;581
2026-06-08T13:02:26.0000000Z;8.6684;8.6806;581;581
2026-06-08T13:02:57.0000000Z;8.6684;8.6806;581;581
2026-06-08T13:03:27.0000000Z;8.6684;8.6806;581;581
2026-06-08T13:03:58.0000000Z;8.6684;8.6806;581;581
2026-06-08T13:04:28.0000000Z;8.6684;8.6806;581;581
2026-06-08T13:04:59.0000000Z;8.6684;8.6806;581;581
2026-06-08T13:05:29.0000000Z;8.6684;8.6806;581;581
2026-06-08T13:06:00.0000000Z;8.6684;8.6806;581;581
2026-06-08T13:06:31.0000000Z;8.6684;8.6806;581;581
2026-06-08T13:07:01.0000000Z;8.6684;8.6806;581;581
2026-06-08T13:07:32.0000000Z;8.6684;8.6806;581;581
2026-06-08T13:08:02.0000000Z;8.6684;8.6806;581;581
2026-06-08T13:09:03.0000000Z;8.6684;8.6806;581;581
2026-06-08T13:09:34.0000000Z;8.6684;8.6806;581;581
2026-06-08T13:10:04.0000000Z;8.6684;8.6806;581;581
2026-06-08T13:10:35.0000000Z;8.6684;8.6806;581;581
2026-06-08T13:11:05.0000000Z;8.6684;8.6806;581;581
2026-06-08T13:11:36.0000000Z;8.6684;8.6806;581;581
2026-06-08T13:12:06.0000000Z;8.6684;8.6806;581;581
2026-06-08T13:12:37.0000000Z;8.6684;8.6806;581;581
2026-06-08T13:13:07.0000000Z;8.6684;8.6806;581;581
2026-06-08T13:13:38.0000000Z;8.6684;8.6806;581;581
2026-06-08T13:14:08.0000000Z;8.6684;8.6806;581;581
2026-06-08T13:14:39.0000000Z;8.6684;8.6806;581;581
2026-06-08T13:15:10.0000000Z;8.6684;8.6806;581;581
2026-06-08T13:15:40.0000000Z;8.6684;8.6806;581;581
2026-06-08T13:16:11.0000000Z;8.6684;8.6806;581;581
2026-06-08T13:16:41.0000000Z;8.6684;8.6806;581;581
2026-06-08T13:17:12.0000000Z;8.6684;8.6806;581;581
2026-06-08T13:17:21.0000000Z;8.6684;8.6776;581;581
2026-06-08T13:17:24.0000000Z;8.6652;8.6776;581;581
2026-06-08T13:17:55.0000000Z;8.6652;8.6776;581;581
2026-06-08T13:18:00.0000000Z;8.6684;8.6776;581;581
2026-06-08T13:18:02.0000000Z;8.6684;8.6808;581;581
2026-06-08T13:18:32.0000000Z;8.6684;8.6808;581;581
2026-06-08T13:19:03.0000000Z;8.6684;8.6808;581;581
2026-06-08T13:19:33.0000000Z;8.6684;8.6808;581;581
2026-06-08T13:20:04.0000000Z;8.6684;8.6808;581;581
2026-06-08T13:20:34.0000000Z;8.6684;8.6808;581;581
2026-06-08T13:21:05.0000000Z;8.6684;8.6808;581;581
2026-06-08T13:21:35.0000000Z;8.6684;8.6808;581;581
2026-06-08T13:22:06.0000000Z;8.6684;8.6808;581;581
2026-06-08T13:22:36.0000000Z;8.6684;8.6808;581;581
2026-06-08T13:22:51.0000000Z;8.6684;8.6776;581;581
2026-06-08T13:22:53.0000000Z;8.6652;8.6776;581;581
2026-06-08T13:23:24.0000000Z;8.6652;8.6776;581;581
2026-06-08T13:23:38.0000000Z;8.6652;8.6744;581;581
2026-06-08T13:23:39.0000000Z;8.662;8.6744;581;581
2026-06-08T13:24:10.0000000Z;8.662;8.6744;581;581
2026-06-08T13:24:23.0000000Z;8.6652;8.6744;581;581
2026-06-08T13:24:24.0000000Z;8.6652;8.6774;581;581
2026-06-08T13:24:55.0000000Z;8.6652;8.6774;581;581
2026-06-08T13:25:25.0000000Z;8.6652;8.6774;581;581
2026-06-08T13:25:56.0000000Z;8.6652;8.6774;581;581
2026-06-08T13:26:26.0000000Z;8.6652;8.6774;581;581
2026-06-08T13:26:57.0000000Z;8.6652;8.6774;581;581
2026-06-08T13:27:19.0000000Z;8.6682;8.6774;581;581
2026-06-08T13:27:20.0000000Z;8.6682;8.6806;581;581
2026-06-08T13:27:51.0000000Z;8.6682;8.6806;581;581
2026-06-08T13:28:21.0000000Z;8.6682;8.6806;581;581
2026-06-08T13:28:52.0000000Z;8.6682;8.6806;581;581
2026-06-08T13:29:07.0000000Z;8.6556;8.6922;581;581
2026-06-08T13:29:38.0000000Z;8.6556;8.6922;581;581
2026-06-08T13:30:08.0000000Z;8.6556;8.6922;581;581
2026-06-08T13:30:38.0000000Z;8.6556;8.6922;581;581
2026-06-08T13:31:09.0000000Z;8.6556;8.6922;581;581
2026-06-08T13:31:39.0000000Z;8.6556;8.6922;581;581
2026-06-08T13:32:10.0000000Z;8.6556;8.6922;581;581
2026-06-08T13:32:40.0000000Z;8.6556;8.6922;581;581
2026-06-08T13:33:11.0000000Z;8.6556;8.6922;581;581
2026-06-08T13:33:41.0000000Z;8.6556;8.6922;581;581
2026-06-08T13:34:07.0000000Z;8.668;8.6804;581;581
2026-06-08T13:34:38.0000000Z;8.668;8.6804;581;581
2026-06-08T13:35:08.0000000Z;8.668;8.6804;581;581
2026-06-08T13:35:39.0000000Z;8.668;8.6804;581;581
2026-06-08T13:36:09.0000000Z;8.668;8.6804;581;581
2026-06-08T13:36:40.0000000Z;8.668;8.6804;581;581
2026-06-08T13:37:10.0000000Z;8.668;8.6804;581;581
2026-06-08T13:37:36.0000000Z;8.6712;8.6804;581;581
2026-06-08T13:37:37.0000000Z;8.6712;8.6834;581;581
2026-06-08T13:38:07.0000000Z;8.6712;8.6834;581;581
2026-06-08T13:38:13.0000000Z;8.6712;8.6804;581;581
2026-06-08T13:38:15.0000000Z;8.668;8.6804;581;581
2026-06-08T13:38:44.0000000Z;8.668;8.6804;581;581
2026-06-08T13:39:14.0000000Z;8.668;8.6804;581;581
2026-06-08T13:39:45.0000000Z;8.668;8.6804;581;581
2026-06-08T13:40:15.0000000Z;8.668;8.6804;581;581
2026-06-08T13:40:46.0000000Z;8.668;8.6804;581;581
2026-06-08T13:41:16.0000000Z;8.6712;8.6804;581;581
2026-06-08T13:41:18.0000000Z;8.6712;8.6836;581;581
2026-06-08T13:41:48.0000000Z;8.6712;8.6836;581;581
2026-06-08T13:42:18.0000000Z;8.6712;8.6836;581;581
2026-06-08T13:42:49.0000000Z;8.6712;8.6836;581;581
2026-06-08T13:43:00.0000000Z;8.6388;8.7086;581;581
2026-06-08T13:43:02.0000000Z;8.6694;8.6818;581;581
2026-06-08T13:43:32.0000000Z;8.6694;8.6818;581;581
2026-06-08T13:44:03.0000000Z;8.6694;8.6818;581;581
2026-06-08T13:44:33.0000000Z;8.6694;8.6818;581;581
2026-06-08T13:45:04.0000000Z;8.6694;8.6818;581;581
2026-06-08T13:45:07.0000000Z;8.6692;8.6816;581;581
2026-06-08T13:45:10.0000000Z;8.6692;8.6774;581;581
2026-06-08T13:45:12.0000000Z;8.6682;8.6774;581;581
2026-06-08T13:45:15.0000000Z;8.6682;8.6806;581;581
2026-06-08T13:45:46.0000000Z;8.6682;8.6806;581;581
2026-06-08T13:46:16.0000000Z;8.6682;8.6806;581;581
2026-06-08T13:46:46.0000000Z;8.6682;8.6806;581;581
2026-06-08T13:47:17.0000000Z;8.6682;8.6806;581;581
2026-06-08T13:47:47.0000000Z;8.6682;8.6806;581;581
2026-06-08T13:48:18.0000000Z;8.6682;8.6806;581;581
2026-06-08T13:48:48.0000000Z;8.6682;8.6806;581;581
2026-06-08T13:49:19.0000000Z;8.6682;8.6806;581;581
2026-06-08T13:49:49.0000000Z;8.6682;8.6806;581;581
2026-06-08T13:50:20.0000000Z;8.6682;8.6806;581;581
2026-06-08T13:50:50.0000000Z;8.6682;8.6806;581;581
2026-06-08T13:51:21.0000000Z;8.6682;8.6806;581;581
2026-06-08T13:51:51.0000000Z;8.6682;8.6806;581;581
2026-06-08T13:52:22.0000000Z;8.6682;8.6806;581;581
2026-06-08T13:52:52.0000000Z;8.6682;8.6806;581;581
2026-06-08T13:53:23.0000000Z;8.6682;8.6806;581;581
2026-06-08T13:53:53.0000000Z;8.6682;8.6806;581;581
2026-06-08T13:54:24.0000000Z;8.6682;8.6806;581;581
2026-06-08T13:54:54.0000000Z;8.6682;8.6806;581;581
2026-06-08T13:55:25.0000000Z;8.6682;8.6806;581;581
2026-06-08T13:55:55.0000000Z;8.6682;8.6806;581;581
2026-06-08T13:56:26.0000000Z;8.6682;8.6806;581;581
2026-06-08T13:56:56.0000000Z;8.6682;8.6806;581;581
2026-06-08T13:57:27.0000000Z;8.6682;8.6806;581;581
2026-06-08T13:57:57.0000000Z;8.6682;8.6806;581;581
2026-06-08T13:58:28.0000000Z;8.6682;8.6806;581;581
2026-06-08T13:58:58.0000000Z;8.6682;8.6806;581;581
2026-06-08T13:59:29.0000000Z;8.6682;8.6806;581;581
2026-06-08T13:59:59.0000000Z;8.6682;8.6806;581;581
2026-06-08T14:00:00.0000000Z;8.668;8.6804;581;581
2026-06-08T14:00:31.0000000Z;8.668;8.6804;581;581
2026-06-08T14:01:01.0000000Z;8.668;8.6804;581;581
2026-06-08T14:01:32.0000000Z;8.668;8.6804;581;581
2026-06-08T14:02:02.0000000Z;8.668;8.6804;581;581
2026-06-08T14:02:17.0000000Z;8.668;8.677;581;581
2026-06-08T14:02:19.0000000Z;8.6648;8.677;581;581
2026-06-08T14:02:50.0000000Z;8.6648;8.677;581;581
2026-06-08T14:03:20.0000000Z;8.6648;8.677;581;581
2026-06-08T14:03:51.0000000Z;8.6648;8.677;581;581
2026-06-08T14:04:21.0000000Z;8.6648;8.677;581;581
2026-06-08T14:04:52.0000000Z;8.6648;8.677;581;581
2026-06-08T14:05:22.0000000Z;8.6648;8.677;581;581
2026-06-08T14:05:53.0000000Z;8.6648;8.677;581;581
2026-06-08T14:06:23.0000000Z;8.6648;8.677;581;581
2026-06-08T14:06:54.0000000Z;8.6648;8.677;581;581
2026-06-08T14:07:24.0000000Z;8.6648;8.677;581;581
2026-06-08T14:07:55.0000000Z;8.6648;8.677;581;581
2026-06-08T14:08:25.0000000Z;8.6648;8.677;581;581
2026-06-08T14:08:56.0000000Z;8.6648;8.677;581;581
2026-06-08T14:09:26.0000000Z;8.6648;8.677;581;581
2026-06-08T14:09:57.0000000Z;8.6648;8.677;581;581
2026-06-08T14:10:27.0000000Z;8.6648;8.677;581;581
2026-06-08T14:10:58.0000000Z;8.6648;8.677;581;581
2026-06-08T14:11:28.0000000Z;8.6648;8.677;581;581
2026-06-08T14:11:59.0000000Z;8.6648;8.677;581;581
2026-06-08T14:12:29.0000000Z;8.6648;8.677;581;581
2026-06-08T14:13:00.0000000Z;8.6648;8.677;581;581
2026-06-08T14:13:30.0000000Z;8.6648;8.677;581;581
2026-06-08T14:14:01.0000000Z;8.6648;8.677;581;581
2026-06-08T14:14:31.0000000Z;8.6648;8.677;581;581
2026-06-08T14:15:02.0000000Z;8.6648;8.677;581;581
2026-06-08T14:15:32.0000000Z;8.6648;8.677;581;581
2026-06-08T14:16:03.0000000Z;8.6648;8.677;581;581
2026-06-08T14:16:33.0000000Z;8.6648;8.677;581;581
2026-06-08T14:17:04.0000000Z;8.6648;8.677;581;581
2026-06-08T14:17:34.0000000Z;8.6648;8.677;581;581
2026-06-08T14:18:05.0000000Z;8.6648;8.677;581;581
2026-06-08T14:18:35.0000000Z;8.6648;8.677;581;581
2026-06-08T14:19:06.0000000Z;8.6648;8.677;581;581
2026-06-08T14:19:36.0000000Z;8.6648;8.677;581;581
2026-06-08T14:20:07.0000000Z;8.6648;8.677;581;581
2026-06-08T14:20:37.0000000Z;8.6648;8.677;581;581
2026-06-08T14:21:08.0000000Z;8.6648;8.677;581;581
2026-06-08T14:21:38.0000000Z;8.6648;8.677;581;581
2026-06-08T14:21:43.0000000Z;8.668;8.677;581;581
2026-06-08T14:21:45.0000000Z;8.668;8.6804;581;581
2026-06-08T14:22:14.0000000Z;8.668;8.6804;581;581
2026-06-08T14:22:44.0000000Z;8.668;8.6804;581;581
2026-06-08T14:23:15.0000000Z;8.668;8.6804;581;581
2026-06-08T14:23:45.0000000Z;8.668;8.6804;581;581
2026-06-08T14:24:16.0000000Z;8.668;8.6804;581;581
2026-06-08T14:24:46.0000000Z;8.668;8.6804;581;581
2026-06-08T14:25:17.0000000Z;8.668;8.6804;581;581
2026-06-08T14:25:47.0000000Z;8.668;8.6804;581;581
2026-06-08T14:26:18.0000000Z;8.668;8.6804;581;581
2026-06-08T14:26:48.0000000Z;8.668;8.6804;581;581
2026-06-08T14:27:19.0000000Z;8.668;8.6804;581;581
2026-06-08T14:27:49.0000000Z;8.668;8.6804;581;581
2026-06-08T14:28:20.0000000Z;8.668;8.6804;581;581
2026-06-08T14:28:50.0000000Z;8.668;8.677;581;581
2026-06-08T14:28:53.0000000Z;8.6646;8.677;581;581
2026-06-08T14:29:23.0000000Z;8.6646;8.677;581;581
2026-06-08T14:29:53.0000000Z;8.6646;8.677;581;581
2026-06-08T14:30:24.0000000Z;8.6646;8.677;581;581
2026-06-08T14:30:54.0000000Z;8.6646;8.677;581;581
2026-06-08T14:31:25.0000000Z;8.6646;8.677;581;581
2026-06-08T14:31:55.0000000Z;8.6646;8.677;581;581
2026-06-08T14:32:26.0000000Z;8.6646;8.677;581;581
2026-06-08T14:32:56.0000000Z;8.6646;8.677;581;581
2026-06-08T14:33:27.0000000Z;8.6646;8.677;581;581
2026-06-08T14:33:57.0000000Z;8.6646;8.677;581;581
2026-06-08T14:34:28.0000000Z;8.6646;8.677;581;581
2026-06-08T14:34:59.0000000Z;8.6646;8.677;581;581
2026-06-08T14:35:29.0000000Z;8.6646;8.677;581;581
2026-06-08T14:35:50.0000000Z;8.6614;8.6738;581;581
2026-06-08T14:36:21.0000000Z;8.6614;8.6738;581;581
2026-06-08T14:36:51.0000000Z;8.6614;8.6738;581;581
2026-06-08T14:37:22.0000000Z;8.6614;8.6738;581;581
2026-06-08T14:37:41.0000000Z;8.6646;8.6738;581;581
2026-06-08T14:37:43.0000000Z;8.6646;8.6768;581;581
2026-06-08T14:38:14.0000000Z;8.6646;8.6768;581;581
2026-06-08T14:38:44.0000000Z;8.6646;8.6768;581;581
2026-06-08T14:39:15.0000000Z;8.6646;8.6768;581;581
2026-06-08T14:39:45.0000000Z;8.6646;8.6768;581;581
2026-06-08T14:40:16.0000000Z;8.6646;8.6768;581;581
2026-06-08T14:40:23.0000000Z;8.6302;8.6962;581;581
2026-06-08T14:40:26.0000000Z;8.6634;8.6758;581;581
2026-06-08T14:40:28.0000000Z;8.6676;8.6758;581;581
2026-06-08T14:40:29.0000000Z;8.6676;8.68;581;581
2026-06-08T14:40:31.0000000Z;8.6676;8.6758;581;581
2026-06-08T14:40:33.0000000Z;8.6636;8.6758;581;581
2026-06-08T14:40:34.0000000Z;8.6666;8.6758;581;581
2026-06-08T14:40:37.0000000Z;8.6636;8.6758;581;581
2026-06-08T14:41:08.0000000Z;8.6636;8.6758;581;581
2026-06-08T14:41:38.0000000Z;8.6636;8.6758;581;581
2026-06-08T14:42:08.0000000Z;8.6636;8.6758;581;581
2026-06-08T14:42:39.0000000Z;8.6636;8.6758;581;581
2026-06-08T14:43:09.0000000Z;8.6636;8.6758;581;581
2026-06-08T14:43:40.0000000Z;8.6636;8.6758;581;581
2026-06-08T14:44:10.0000000Z;8.6636;8.6758;581;581
2026-06-08T14:44:41.0000000Z;8.6636;8.6758;581;581
2026-06-08T14:45:11.0000000Z;8.6636;8.6758;581;581
2026-06-08T14:45:42.0000000Z;8.6636;8.6758;581;581
2026-06-08T14:46:12.0000000Z;8.6636;8.6758;581;581
2026-06-08T14:46:43.0000000Z;8.6636;8.6758;581;581
2026-06-08T14:47:13.0000000Z;8.6636;8.6758;581;581
2026-06-08T14:47:44.0000000Z;8.6636;8.6758;581;581
2026-06-08T14:48:14.0000000Z;8.6636;8.6758;581;581
2026-06-08T14:48:45.0000000Z;8.6636;8.6758;581;581
2026-06-08T14:49:15.0000000Z;8.6636;8.6758;581;581
2026-06-08T14:49:46.0000000Z;8.6636;8.6758;581;581
2026-06-08T14:50:16.0000000Z;8.6636;8.6758;581;581
2026-06-08T14:50:47.0000000Z;8.6636;8.6758;581;581
2026-06-08T14:51:17.0000000Z;8.6636;8.6758;581;581
2026-06-08T14:51:48.0000000Z;8.6636;8.6758;581;581
2026-06-08T14:52:18.0000000Z;8.6636;8.6758;581;581
2026-06-08T14:52:49.0000000Z;8.6636;8.6758;581;581
2026-06-08T14:53:20.0000000Z;8.6636;8.6758;581;581
2026-06-08T14:53:34.0000000Z;8.6636;8.6728;581;581
2026-06-08T14:53:36.0000000Z;8.6604;8.6728;581;581
2026-06-08T14:54:04.0000000Z;8.6604;8.6728;581;581
2026-06-08T14:54:35.0000000Z;8.6604;8.6728;581;581
2026-06-08T14:55:05.0000000Z;8.6604;8.6728;581;581
2026-06-08T14:55:36.0000000Z;8.6604;8.6728;581;581
2026-06-08T14:56:06.0000000Z;8.6604;8.6728;581;581
2026-06-08T14:56:37.0000000Z;8.6604;8.6728;581;581
2026-06-08T14:57:07.0000000Z;8.6604;8.6728;581;581
2026-06-08T14:57:38.0000000Z;8.6604;8.6728;581;581
2026-06-08T14:58:09.0000000Z;8.6604;8.6728;581;581
2026-06-08T14:58:39.0000000Z;8.6604;8.6728;581;581
2026-06-08T14:59:10.0000000Z;8.6604;8.6728;581;581
2026-06-08T14:59:40.0000000Z;8.6604;8.6728;581;581
