2026-06-08T08:00:09.0000000Z;4.71;4.7628;5537;5537
2026-06-08T08:00:39.0000000Z;4.71;4.7628;5537;5537
2026-06-08T08:01:09.0000000Z;4.71;4.7628;5537;5537
2026-06-08T08:01:40.0000000Z;4.71;4.7628;5537;5537
2026-06-08T08:02:10.0000000Z;4.71;4.7628;5537;5537
2026-06-08T08:02:41.0000000Z;4.71;4.7628;5537;5537
2026-06-08T08:03:11.0000000Z;4.71;4.7628;5537;5537
2026-06-08T08:03:42.0000000Z;4.71;4.7628;5537;5537
2026-06-08T08:04:12.0000000Z;4.71;4.7628;5537;5537
2026-06-08T08:04:43.0000000Z;4.71;4.7628;5537;5537
2026-06-08T08:05:13.0000000Z;4.71;4.7628;5537;5537
2026-06-08T08:05:44.0000000Z;4.71;4.7628;5537;5537
2026-06-08T08:06:14.0000000Z;4.71;4.7628;5537;5537
2026-06-08T08:06:45.0000000Z;4.71;4.7628;5537;5537
2026-06-08T08:07:15.0000000Z;4.71;4.7628;5537;5537
2026-06-08T08:07:46.0000000Z;4.71;4.7628;5537;5537
2026-06-08T08:08:16.0000000Z;4.71;4.7628;5537;5537
2026-06-08T08:08:36.0000000Z;4.71;4.761;5537;5537
2026-06-08T08:09:07.0000000Z;4.71;4.761;5537;5537
2026-06-08T08:09:38.0000000Z;4.71;4.761;5537;5537
2026-06-08T08:10:08.0000000Z;4.71;4.761;5537;5537
2026-06-08T08:10:39.0000000Z;4.71;4.761;5537;5537
2026-06-08T08:11:09.0000000Z;4.71;4.761;5537;5537
2026-06-08T08:11:40.0000000Z;4.71;4.761;5537;5537
2026-06-08T08:12:10.0000000Z;4.71;4.761;5537;5537
2026-06-08T08:12:41.0000000Z;4.71;4.761;5537;5537
2026-06-08T08:13:11.0000000Z;4.71;4.761;5537;5537
2026-06-08T08:13:42.0000000Z;4.71;4.761;5537;5537
2026-06-08T08:14:12.0000000Z;4.71;4.761;5537;5537
2026-06-08T08:14:43.0000000Z;4.71;4.761;5537;5537
2026-06-08T08:15:13.0000000Z;4.71;4.761;5537;5537
2026-06-08T08:15:44.0000000Z;4.71;4.761;5537;5537
2026-06-08T08:16:14.0000000Z;4.71;4.761;5537;5537
2026-06-08T08:16:45.0000000Z;4.71;4.761;5537;5537
2026-06-08T08:16:55.0000000Z;4.71;4.763;5537;5537
2026-06-08T08:17:14.0000000Z;4.71;4.763;5537;5537
2026-06-08T08:17:45.0000000Z;4.71;4.763;5537;5537
2026-06-08T08:18:16.0000000Z;4.71;4.763;5537;5537
2026-06-08T08:18:20.0000000Z;4.6696;4.763;5537;5537
2026-06-08T08:18:50.0000000Z;4.6696;4.763;5537;5537
2026-06-08T08:19:21.0000000Z;4.6696;4.763;5537;5537
2026-06-08T08:19:51.0000000Z;4.6696;4.763;5537;5537
2026-06-08T08:20:22.0000000Z;4.6696;4.763;5537;5537
2026-06-08T08:20:52.0000000Z;4.6696;4.763;5537;5537
2026-06-08T08:21:23.0000000Z;4.6696;4.763;5537;5537
2026-06-08T08:21:53.0000000Z;4.6696;4.763;5537;5537
2026-06-08T08:22:24.0000000Z;4.6696;4.763;5537;5537
2026-06-08T08:22:54.0000000Z;4.6696;4.763;5537;5537
2026-06-08T08:23:25.0000000Z;4.6696;4.763;5537;5537
2026-06-08T08:23:55.0000000Z;4.6696;4.763;5537;5537
2026-06-08T08:24:26.0000000Z;4.6696;4.763;5537;5537
2026-06-08T08:24:56.0000000Z;4.6696;4.763;5537;5537
2026-06-08T08:25:27.0000000Z;4.6696;4.763;5537;5537
2026-06-08T08:25:57.0000000Z;4.6696;4.763;5537;5537
2026-06-08T08:26:28.0000000Z;4.6696;4.763;5537;5537
2026-06-08T08:26:58.0000000Z;4.6696;4.763;5537;5537
2026-06-08T08:27:29.0000000Z;4.6696;4.763;5537;5537
2026-06-08T08:27:59.0000000Z;4.6696;4.763;5537;5537
2026-06-08T08:28:30.0000000Z;4.6696;4.763;5537;5537
2026-06-08T08:29:00.0000000Z;4.6696;4.763;5537;5537
2026-06-08T08:29:31.0000000Z;4.6696;4.763;5537;5537
2026-06-08T08:30:01.0000000Z;4.6696;4.763;5537;5537
2026-06-08T08:30:32.0000000Z;4.6696;4.763;5537;5537
2026-06-08T08:31:02.0000000Z;4.6696;4.763;5537;5537
2026-06-08T08:31:33.0000000Z;4.6696;4.763;5537;5537
2026-06-08T08:32:04.0000000Z;4.6696;4.763;5537;5537
2026-06-08T08:32:34.0000000Z;4.6696;4.763;5537;5537
2026-06-08T08:33:05.0000000Z;4.6696;4.763;5537;5537
2026-06-08T08:33:35.0000000Z;4.6696;4.763;5537;5537
2026-06-08T08:34:06.0000000Z;4.6696;4.763;5537;5537
2026-06-08T08:34:36.0000000Z;4.6696;4.763;5537;5537
2026-06-08T08:35:07.0000000Z;4.6696;4.763;5537;5537
2026-06-08T08:35:37.0000000Z;4.6696;4.763;5537;5537
2026-06-08T08:36:08.0000000Z;4.6696;4.763;5537;5537
2026-06-08T08:36:38.0000000Z;4.6696;4.763;5537;5537
2026-06-08T08:37:09.0000000Z;4.6696;4.763;5537;5537
2026-06-08T08:37:40.0000000Z;4.6696;4.763;5537;5537
2026-06-08T08:38:10.0000000Z;4.6696;4.763;5537;5537
2026-06-08T08:38:41.0000000Z;4.6696;4.763;5537;5537
2026-06-08T08:39:11.0000000Z;4.6696;4.763;5537;5537
2026-06-08T08:39:42.0000000Z;4.6696;4.763;5537;5537
2026-06-08T08:40:12.0000000Z;4.6696;4.763;5537;5537
2026-06-08T08:40:43.0000000Z;4.6696;4.763;5537;5537
2026-06-08T08:41:13.0000000Z;4.6696;4.763;5537;5537
2026-06-08T08:41:44.0000000Z;4.6696;4.763;5537;5537
2026-06-08T08:41:47.0000000Z;4.6716;4.763;5537;5537
2026-06-08T08:41:49.0000000Z;4.6716;4.765;5537;5537
2026-06-08T08:42:17.0000000Z;4.6716;4.765;5537;5537
2026-06-08T08:42:48.0000000Z;4.6716;4.765;5537;5537
2026-06-08T08:43:18.0000000Z;4.6716;4.765;5537;5537
2026-06-08T08:43:49.0000000Z;4.6716;4.765;5537;5537
2026-06-08T08:44:19.0000000Z;4.6716;4.765;5537;5537
2026-06-08T08:44:50.0000000Z;4.6716;4.765;5537;5537
2026-06-08T08:45:20.0000000Z;4.6716;4.765;5537;5537
2026-06-08T08:45:51.0000000Z;4.6716;4.765;5537;5537
2026-06-08T08:46:22.0000000Z;4.6716;4.765;5537;5537
2026-06-08T08:46:52.0000000Z;4.6716;4.765;5537;5537
2026-06-08T08:47:23.0000000Z;4.6716;4.765;5537;5537
2026-06-08T08:47:53.0000000Z;4.6716;4.765;5537;5537
2026-06-08T08:48:23.0000000Z;4.6716;4.765;5537;5537
2026-06-08T08:48:54.0000000Z;4.6716;4.765;5537;5537
2026-06-08T08:49:24.0000000Z;4.6716;4.765;5537;5537
2026-06-08T08:49:55.0000000Z;4.6716;4.765;5537;5537
2026-06-08T08:50:26.0000000Z;4.6716;4.765;5537;5537
2026-06-08T08:50:56.0000000Z;4.6716;4.765;5537;5537
2026-06-08T08:51:27.0000000Z;4.6716;4.765;5537;5537
2026-06-08T08:51:57.0000000Z;4.6716;4.765;5537;5537
2026-06-08T08:52:28.0000000Z;4.6716;4.765;5537;5537
2026-06-08T08:52:58.0000000Z;4.6716;4.765;5537;5537
2026-06-08T08:53:29.0000000Z;4.6716;4.765;5537;5537
2026-06-08T08:53:59.0000000Z;4.6716;4.765;5537;5537
2026-06-08T08:54:30.0000000Z;4.6716;4.765;5537;5537
2026-06-08T08:55:01.0000000Z;4.6716;4.765;5537;5537
2026-06-08T08:55:31.0000000Z;4.6716;4.765;5537;5537
2026-06-08T08:56:02.0000000Z;4.6716;4.765;5537;5537
2026-06-08T08:56:32.0000000Z;4.6716;4.765;5537;5537
2026-06-08T08:57:03.0000000Z;4.6716;4.765;5537;5537
2026-06-08T08:57:33.0000000Z;4.6716;4.765;5537;5537
2026-06-08T08:58:04.0000000Z;4.6716;4.765;5537;5537
2026-06-08T08:58:34.0000000Z;4.6716;4.765;5537;5537
2026-06-08T08:59:05.0000000Z;4.6716;4.765;5537;5537
2026-06-08T08:59:35.0000000Z;4.6716;4.765;5537;5537
2026-06-08T09:00:06.0000000Z;4.6716;4.765;5537;5537
2026-06-08T09:00:36.0000000Z;4.6716;4.765;5537;5537
2026-06-08T09:01:07.0000000Z;4.6716;4.765;5537;5537
2026-06-08T09:01:37.0000000Z;4.6716;4.765;5537;5537
2026-06-08T09:02:08.0000000Z;4.6716;4.765;5537;5537
2026-06-08T09:02:39.0000000Z;4.6716;4.765;5537;5537
2026-06-08T09:03:09.0000000Z;4.6716;4.765;5537;5537
2026-06-08T09:03:40.0000000Z;4.6716;4.765;5537;5537
2026-06-08T09:04:10.0000000Z;4.6716;4.765;5537;5537
2026-06-08T09:04:41.0000000Z;4.6716;4.765;5537;5537
2026-06-08T09:05:11.0000000Z;4.6716;4.765;5537;5537
2026-06-08T09:05:42.0000000Z;4.6716;4.765;5537;5537
2026-06-08T09:06:12.0000000Z;4.6716;4.765;5537;5537
2026-06-08T09:06:43.0000000Z;4.6716;4.765;5537;5537
2026-06-08T09:07:13.0000000Z;4.6716;4.765;5537;5537
2026-06-08T09:07:44.0000000Z;4.6716;4.765;5537;5537
2026-06-08T09:08:14.0000000Z;4.6716;4.765;5537;5537
2026-06-08T09:08:45.0000000Z;4.6716;4.765;5537;5537
2026-06-08T09:09:16.0000000Z;4.6716;4.765;5537;5537
2026-06-08T09:09:46.0000000Z;4.6716;4.765;5537;5537
2026-06-08T09:10:16.0000000Z;4.674;4.765;5537;5537
2026-06-08T09:10:17.0000000Z;4.674;4.7674;5537;5537
2026-06-08T09:10:47.0000000Z;4.674;4.7674;5537;5537
2026-06-08T09:11:18.0000000Z;4.674;4.7674;5537;5537
2026-06-08T09:11:48.0000000Z;4.674;4.7674;5537;5537
2026-06-08T09:12:19.0000000Z;4.674;4.7674;5537;5537
2026-06-08T09:12:50.0000000Z;4.674;4.7674;5537;5537
2026-06-08T09:13:20.0000000Z;4.674;4.7674;5537;5537
2026-06-08T09:13:51.0000000Z;4.674;4.7674;5537;5537
2026-06-08T09:14:21.0000000Z;4.674;4.7674;5537;5537
2026-06-08T09:14:52.0000000Z;4.674;4.7674;5537;5537
2026-06-08T09:15:22.0000000Z;4.674;4.7674;5537;5537
2026-06-08T09:15:53.0000000Z;4.674;4.7674;5537;5537
2026-06-08T09:16:24.0000000Z;4.674;4.7674;5537;5537
2026-06-08T09:16:54.0000000Z;4.674;4.7674;5537;5537
2026-06-08T09:17:25.0000000Z;4.674;4.7674;5537;5537
2026-06-08T09:17:55.0000000Z;4.674;4.7674;5537;5537
2026-06-08T09:18:26.0000000Z;4.674;4.7674;5537;5537
2026-06-08T09:18:56.0000000Z;4.674;4.7674;5537;5537
2026-06-08T09:19:27.0000000Z;4.674;4.7674;5537;5537
2026-06-08T09:19:57.0000000Z;4.674;4.7674;5537;5537
2026-06-08T09:20:28.0000000Z;4.674;4.7674;5537;5537
2026-06-08T09:20:59.0000000Z;4.674;4.7674;5537;5537
2026-06-08T09:21:29.0000000Z;4.674;4.7674;5537;5537
2026-06-08T09:22:00.0000000Z;4.674;4.7674;5537;5537
2026-06-08T09:22:30.0000000Z;4.674;4.7674;5537;5537
2026-06-08T09:23:01.0000000Z;4.674;4.7674;5537;5537
2026-06-08T09:23:31.0000000Z;4.674;4.7674;5537;5537
2026-06-08T09:24:02.0000000Z;4.674;4.7674;5537;5537
2026-06-08T09:24:32.0000000Z;4.674;4.7674;5537;5537
2026-06-08T09:25:03.0000000Z;4.674;4.7674;5537;5537
2026-06-08T09:25:33.0000000Z;4.674;4.7674;5537;5537
2026-06-08T09:26:04.0000000Z;4.674;4.7674;5537;5537
2026-06-08T09:26:35.0000000Z;4.674;4.7674;5537;5537
2026-06-08T09:27:05.0000000Z;4.674;4.7674;5537;5537
2026-06-08T09:27:36.0000000Z;4.674;4.7674;5537;5537
2026-06-08T09:28:06.0000000Z;4.674;4.7674;5537;5537
2026-06-08T09:28:37.0000000Z;4.674;4.7674;5537;5537
2026-06-08T09:29:08.0000000Z;4.674;4.7674;5537;5537
2026-06-08T09:29:38.0000000Z;4.674;4.7674;5537;5537
2026-06-08T09:30:09.0000000Z;4.674;4.7674;5537;5537
2026-06-08T09:30:39.0000000Z;4.674;4.7674;5537;5537
2026-06-08T09:31:10.0000000Z;4.674;4.7674;5537;5537
2026-06-08T09:31:40.0000000Z;4.674;4.7674;5537;5537
2026-06-08T09:31:57.0000000Z;4.676;4.7674;5537;5537
2026-06-08T09:31:59.0000000Z;4.676;4.7696;5537;5537
2026-06-08T09:32:29.0000000Z;4.676;4.7696;5537;5537
2026-06-08T09:33:00.0000000Z;4.676;4.7696;5537;5537
2026-06-08T09:33:30.0000000Z;4.676;4.7696;5537;5537
2026-06-08T09:34:01.0000000Z;4.676;4.7696;5537;5537
2026-06-08T09:34:31.0000000Z;4.676;4.7696;5537;5537
2026-06-08T09:35:02.0000000Z;4.676;4.7696;5537;5537
2026-06-08T09:35:33.0000000Z;4.676;4.7696;5537;5537
2026-06-08T09:36:03.0000000Z;4.676;4.7696;5537;5537
2026-06-08T09:36:34.0000000Z;4.676;4.7696;5537;5537
2026-06-08T09:36:44.0000000Z;4.676;4.8128;5537;5537
2026-06-08T09:36:50.0000000Z;4.676;4.7676;5537;5537
2026-06-08T09:36:52.0000000Z;4.6742;4.7676;5537;5537
2026-06-08T09:37:02.0000000Z;4.6694;4.7722;5537;5537
2026-06-08T09:37:33.0000000Z;4.6694;4.7722;5537;5537
2026-06-08T09:42:22.0000000Z;4.6694;4.7722;5537;5537
2026-06-08T09:42:52.0000000Z;4.6694;4.7722;5537;5537
2026-06-08T09:43:22.0000000Z;4.6694;4.7722;5537;5537
2026-06-08T09:43:53.0000000Z;4.6694;4.7722;5537;5537
2026-06-08T09:44:23.0000000Z;4.6694;4.7722;5537;5537
2026-06-08T09:44:54.0000000Z;4.6694;4.7722;5537;5537
2026-06-08T09:45:25.0000000Z;4.6694;4.7722;5537;5537
2026-06-08T09:45:55.0000000Z;4.6694;4.7722;5537;5537
2026-06-08T09:46:26.0000000Z;4.6694;4.7722;5537;5537
2026-06-08T09:46:56.0000000Z;4.6694;4.7722;5537;5537
2026-06-08T09:47:27.0000000Z;4.6694;4.7722;5537;5537
2026-06-08T09:47:57.0000000Z;4.6694;4.7722;5537;5537
2026-06-08T09:48:28.0000000Z;4.6694;4.7722;5537;5537
2026-06-08T09:48:58.0000000Z;4.6694;4.7722;5537;5537
2026-06-08T09:49:29.0000000Z;4.6694;4.7722;5537;5537
2026-06-08T09:50:00.0000000Z;4.6694;4.7722;5537;5537
2026-06-08T09:50:30.0000000Z;4.6694;4.7722;5537;5537
2026-06-08T09:51:01.0000000Z;4.6694;4.7722;5537;5537
2026-06-08T09:51:31.0000000Z;4.6694;4.7722;5537;5537
2026-06-08T09:51:55.0000000Z;4.6694;4.7702;5537;5537
2026-06-08T09:52:10.0000000Z;4.6674;4.7702;5537;5537
2026-06-08T09:52:40.0000000Z;4.6674;4.7702;5537;5537
2026-06-08T09:53:11.0000000Z;4.6674;4.7702;5537;5537
2026-06-08T09:53:42.0000000Z;4.6674;4.7702;5537;5537
2026-06-08T09:54:12.0000000Z;4.6674;4.7702;5537;5537
2026-06-08T09:54:43.0000000Z;4.6674;4.7702;5537;5537
2026-06-08T09:55:13.0000000Z;4.6674;4.7702;5537;5537
2026-06-08T09:55:44.0000000Z;4.6674;4.7702;5537;5537
2026-06-08T09:56:15.0000000Z;4.6674;4.7702;5537;5537
2026-06-08T09:56:45.0000000Z;4.6674;4.7702;5537;5537
2026-06-08T09:57:16.0000000Z;4.6674;4.7702;5537;5537
2026-06-08T09:57:46.0000000Z;4.6674;4.7702;5537;5537
2026-06-08T09:58:09.0000000Z;4.75;4.7702;5537;5537
2026-06-08T09:58:39.0000000Z;4.75;4.7702;5537;5537
2026-06-08T09:59:10.0000000Z;4.75;4.7702;5537;5537
2026-06-08T09:59:40.0000000Z;4.75;4.7702;5537;5537
2026-06-08T10:00:11.0000000Z;4.75;4.7702;5537;5537
2026-06-08T10:00:41.0000000Z;4.75;4.7702;5537;5537
2026-06-08T10:01:12.0000000Z;4.75;4.7702;5537;5537
2026-06-08T10:01:13.0000000Z;4.75;4.7676;5537;5537
2026-06-08T10:01:16.0000000Z;4.75;4.7652;5537;5537
2026-06-08T10:01:47.0000000Z;4.75;4.7652;5537;5537
2026-06-08T10:02:17.0000000Z;4.75;4.7652;5537;5537
2026-06-08T10:02:48.0000000Z;4.75;4.7652;5537;5537
2026-06-08T10:03:18.0000000Z;4.75;4.7652;5537;5537
2026-06-08T10:03:49.0000000Z;4.75;4.7652;5537;5537
2026-06-08T10:04:19.0000000Z;4.75;4.7652;5537;5537
2026-06-08T10:04:50.0000000Z;4.75;4.7652;5537;5537
2026-06-08T10:05:20.0000000Z;4.75;4.7652;5537;5537
2026-06-08T10:05:51.0000000Z;4.75;4.7652;5537;5537
2026-06-08T10:06:21.0000000Z;4.75;4.7652;5537;5537
2026-06-08T10:06:52.0000000Z;4.75;4.7652;5537;5537
2026-06-08T10:07:05.0000000Z;4.75;4.763;5537;5537
2026-06-08T10:07:36.0000000Z;4.75;4.763;5537;5537
2026-06-08T10:08:06.0000000Z;4.75;4.763;5537;5537
2026-06-08T10:08:37.0000000Z;4.75;4.763;5537;5537
2026-06-08T10:09:07.0000000Z;4.75;4.763;5537;5537
2026-06-08T10:09:38.0000000Z;4.75;4.763;5537;5537
2026-06-08T10:10:08.0000000Z;4.75;4.763;5537;5537
2026-06-08T10:10:39.0000000Z;4.75;4.763;5537;5537
2026-06-08T10:11:09.0000000Z;4.75;4.763;5537;5537
2026-06-08T10:11:40.0000000Z;4.75;4.763;5537;5537
2026-06-08T10:12:10.0000000Z;4.75;4.763;5537;5537
2026-06-08T10:12:41.0000000Z;4.75;4.763;5537;5537
2026-06-08T10:13:11.0000000Z;4.75;4.763;5537;5537
2026-06-08T10:13:42.0000000Z;4.75;4.763;5537;5537
2026-06-08T10:14:13.0000000Z;4.75;4.763;5537;5537
2026-06-08T10:14:43.0000000Z;4.75;4.763;5537;5537
2026-06-08T10:15:14.0000000Z;4.75;4.763;5537;5537
2026-06-08T10:15:44.0000000Z;4.75;4.763;5537;5537
2026-06-08T10:16:15.0000000Z;4.75;4.763;5537;5537
2026-06-08T10:16:45.0000000Z;4.75;4.763;5537;5537
2026-06-08T10:17:16.0000000Z;4.75;4.763;5537;5537
2026-06-08T10:17:46.0000000Z;4.75;4.763;5537;5537
2026-06-08T10:18:17.0000000Z;4.75;4.763;5537;5537
2026-06-08T10:18:48.0000000Z;4.75;4.763;5537;5537
2026-06-08T10:19:18.0000000Z;4.75;4.763;5537;5537
2026-06-08T10:19:49.0000000Z;4.75;4.763;5537;5537
2026-06-08T10:20:19.0000000Z;4.75;4.763;5537;5537
2026-06-08T10:20:50.0000000Z;4.75;4.763;5537;5537
2026-06-08T10:21:20.0000000Z;4.75;4.763;5537;5537
2026-06-08T10:21:51.0000000Z;4.75;4.763;5537;5537
2026-06-08T10:22:21.0000000Z;4.75;4.763;5537;5537
2026-06-08T10:22:52.0000000Z;4.75;4.763;5537;5537
2026-06-08T10:23:22.0000000Z;4.75;4.763;5537;5537
2026-06-08T10:23:53.0000000Z;4.75;4.763;5537;5537
2026-06-08T10:24:23.0000000Z;4.75;4.763;5537;5537
2026-06-08T10:24:54.0000000Z;4.75;4.763;5537;5537
2026-06-08T10:25:25.0000000Z;4.75;4.763;5537;5537
2026-06-08T10:25:55.0000000Z;4.75;4.763;5537;5537
2026-06-08T10:26:26.0000000Z;4.75;4.763;5537;5537
2026-06-08T10:26:56.0000000Z;4.75;4.763;5537;5537
2026-06-08T10:27:27.0000000Z;4.75;4.763;5537;5537
2026-06-08T10:27:57.0000000Z;4.75;4.763;5537;5537
2026-06-08T10:28:28.0000000Z;4.75;4.763;5537;5537
2026-06-08T10:28:58.0000000Z;4.75;4.763;5537;5537
2026-06-08T10:29:29.0000000Z;4.75;4.763;5537;5537
2026-06-08T10:30:00.0000000Z;4.75;4.763;5537;5537
2026-06-08T10:30:30.0000000Z;4.75;4.763;5537;5537
2026-06-08T10:31:01.0000000Z;4.75;4.763;5537;5537
2026-06-08T10:31:31.0000000Z;4.75;4.763;5537;5537
2026-06-08T10:32:02.0000000Z;4.75;4.763;5537;5537
2026-06-08T10:32:32.0000000Z;4.75;4.763;5537;5537
2026-06-08T10:33:03.0000000Z;4.75;4.763;5537;5537
2026-06-08T10:33:33.0000000Z;4.75;4.763;5537;5537
2026-06-08T10:34:04.0000000Z;4.75;4.763;5537;5537
2026-06-08T10:34:12.0000000Z;4.75;4.7606;5537;5537
2026-06-08T10:34:29.0000000Z;4.75;4.7584;5537;5537
2026-06-08T10:35:00.0000000Z;4.75;4.7584;5537;5537
2026-06-08T10:35:30.0000000Z;4.75;4.7584;5537;5537
2026-06-08T10:36:01.0000000Z;4.75;4.7584;5537;5537
2026-06-08T10:36:31.0000000Z;4.75;4.7584;5537;5537
2026-06-08T10:37:02.0000000Z;4.75;4.7584;5537;5537
2026-06-08T10:37:32.0000000Z;4.75;4.7584;5537;5537
2026-06-08T10:38:03.0000000Z;4.75;4.7584;5537;5537
2026-06-08T10:38:33.0000000Z;4.75;4.7584;5537;5537
2026-06-08T10:39:04.0000000Z;4.75;4.7584;5537;5537
2026-06-08T10:39:11.0000000Z;4.75;4.7608;5537;5537
2026-06-08T10:39:42.0000000Z;4.7304;4.7306;5537;5537
2026-06-08T10:39:44.0000000Z;4.6378;4.7306;5537;5537
2026-06-08T10:40:14.0000000Z;4.6378;4.7306;5537;5537
2026-06-08T10:40:45.0000000Z;4.6378;4.7306;5537;5537
2026-06-08T10:41:16.0000000Z;4.6378;4.7306;5537;5537
2026-06-08T10:41:46.0000000Z;4.6378;4.7306;5537;5537
2026-06-08T10:42:17.0000000Z;4.6378;4.7306;5537;5537
2026-06-08T10:42:47.0000000Z;4.6378;4.7306;5537;5537
2026-06-08T10:43:18.0000000Z;4.6378;4.7306;5537;5537
2026-06-08T10:43:49.0000000Z;4.6378;4.7278;5537;5537
2026-06-08T10:43:50.0000000Z;4.635;4.7278;5537;5537
2026-06-08T10:44:21.0000000Z;4.635;4.7278;5537;5537
2026-06-08T10:44:52.0000000Z;4.635;4.7278;5537;5537
2026-06-08T10:45:22.0000000Z;4.635;4.7278;5537;5537
2026-06-08T10:45:53.0000000Z;4.635;4.7278;5537;5537
2026-06-08T10:46:20.0000000Z;4.635;4.72;5537;5537
2026-06-08T10:46:21.0000000Z;4.6274;4.72;5537;5537
2026-06-08T10:46:25.0000000Z;4.6326;4.72;5537;5537
2026-06-08T10:46:27.0000000Z;4.6326;4.7252;5537;5537
2026-06-08T10:46:57.0000000Z;4.6326;4.7252;5537;5537
2026-06-08T10:47:28.0000000Z;4.6326;4.7252;5537;5537
2026-06-08T10:47:58.0000000Z;4.6326;4.7252;5537;5537
2026-06-08T10:48:29.0000000Z;4.6326;4.7252;5537;5537
2026-06-08T10:48:59.0000000Z;4.6326;4.7252;5537;5537
2026-06-08T10:49:30.0000000Z;4.6326;4.7252;5537;5537
2026-06-08T10:49:55.0000000Z;4.6326;4.723;5537;5537
2026-06-08T10:49:58.0000000Z;4.6304;4.723;5537;5537
2026-06-08T10:50:09.0000000Z;4.6304;4.7204;5537;5537
2026-06-08T10:50:10.0000000Z;4.628;4.7204;5537;5537
2026-06-08T10:50:40.0000000Z;4.628;4.7204;5537;5537
2026-06-08T10:51:09.0000000Z;4.6306;4.7204;5537;5537
2026-06-08T10:51:12.0000000Z;4.6306;4.7232;5537;5537
2026-06-08T10:51:42.0000000Z;4.6306;4.7232;5537;5537
2026-06-08T10:52:13.0000000Z;4.6306;4.7232;5537;5537
2026-06-08T10:52:40.0000000Z;4.6306;4.7206;5537;5537
2026-06-08T10:52:42.0000000Z;4.628;4.7206;5537;5537
2026-06-08T10:53:09.0000000Z;4.628;4.718;5537;5537
2026-06-08T10:53:10.0000000Z;4.6254;4.718;5537;5537
2026-06-08T10:53:41.0000000Z;4.6254;4.718;5537;5537
2026-06-08T10:54:11.0000000Z;4.6254;4.718;5537;5537
2026-06-08T10:54:29.0000000Z;4.632;4.718;5537;5537
2026-06-08T10:54:31.0000000Z;4.632;4.7246;5537;5537
2026-06-08T10:55:01.0000000Z;4.632;4.7246;5537;5537
2026-06-08T10:55:29.0000000Z;4.6342;4.7246;5537;5537
2026-06-08T10:55:30.0000000Z;4.632;4.7242;5537;5537
2026-06-08T10:55:31.0000000Z;4.6316;4.7242;5537;5537
2026-06-08T10:55:48.0000000Z;4.6316;4.721;5537;5537
2026-06-08T10:55:49.0000000Z;4.6284;4.721;5537;5537
2026-06-08T10:56:20.0000000Z;4.6284;4.721;5537;5537
2026-06-08T10:56:38.0000000Z;4.6328;4.721;5537;5537
2026-06-08T10:56:41.0000000Z;4.6328;4.7256;5537;5537
2026-06-08T10:56:49.0000000Z;4.6328;4.723;5537;5537
2026-06-08T10:56:51.0000000Z;4.6302;4.723;5537;5537
2026-06-08T10:56:58.0000000Z;4.6302;4.7162;5537;5537
2026-06-08T10:56:59.0000000Z;4.6236;4.7162;5537;5537
2026-06-08T10:57:03.0000000Z;4.6298;4.7162;5537;5537
2026-06-08T10:57:04.0000000Z;4.6248;4.7162;5537;5537
2026-06-08T10:57:05.0000000Z;4.6248;4.7172;5537;5537
2026-06-08T10:57:34.0000000Z;4.6248;4.7172;5537;5537
2026-06-08T10:57:43.0000000Z;4.6298;4.7172;5537;5537
2026-06-08T10:57:45.0000000Z;4.6298;4.7224;5537;5537
2026-06-08T10:58:16.0000000Z;4.6298;4.7224;5537;5537
2026-06-08T10:58:46.0000000Z;4.6298;4.7224;5537;5537
2026-06-08T10:59:01.0000000Z;4.6296;4.7224;5537;5537
2026-06-08T10:59:32.0000000Z;4.6296;4.7224;5537;5537
2026-06-08T10:59:36.0000000Z;4.6296;4.717;5537;5537
2026-06-08T10:59:38.0000000Z;4.6244;4.717;5537;5537
2026-06-08T11:00:07.0000000Z;4.6244;4.717;5537;5537
2026-06-08T11:00:13.0000000Z;4.6244;4.7148;5537;5537
2026-06-08T11:00:19.0000000Z;4.6222;4.7148;5537;5537
2026-06-08T11:00:50.0000000Z;4.6222;4.7148;5537;5537
2026-06-08T11:01:20.0000000Z;4.6222;4.7148;5537;5537
2026-06-08T11:01:51.0000000Z;4.6222;4.7148;5537;5537
2026-06-08T11:02:00.0000000Z;4.6224;4.7148;5537;5537
2026-06-08T11:02:30.0000000Z;4.6224;4.7148;5537;5537
2026-06-08T11:03:00.0000000Z;4.6224;4.7148;5537;5537
2026-06-08T11:03:31.0000000Z;4.6224;4.7148;5537;5537
2026-06-08T11:04:02.0000000Z;4.6224;4.7148;5537;5537
2026-06-08T11:04:32.0000000Z;4.6224;4.7148;5537;5537
2026-06-08T11:05:03.0000000Z;4.6224;4.7148;5537;5537
2026-06-08T11:05:34.0000000Z;4.6224;4.7148;5537;5537
2026-06-08T11:06:04.0000000Z;4.6224;4.7148;5537;5537
2026-06-08T11:06:35.0000000Z;4.6224;4.7148;5537;5537
2026-06-08T11:07:05.0000000Z;4.6224;4.7148;5537;5537
2026-06-08T11:07:36.0000000Z;4.6224;4.7148;5537;5537
2026-06-08T11:07:39.0000000Z;4.631;4.7148;5537;5537
2026-06-08T11:07:43.0000000Z;4.6284;4.7148;5537;5537
2026-06-08T11:07:44.0000000Z;4.631;4.721;5537;5537
2026-06-08T11:07:46.0000000Z;4.6284;4.721;5537;5537
2026-06-08T11:08:08.0000000Z;4.6346;4.721;5537;5537
2026-06-08T11:08:10.0000000Z;4.6346;4.7274;5537;5537
2026-06-08T11:08:18.0000000Z;4.6426;4.7274;5537;5537
2026-06-08T11:08:20.0000000Z;4.6426;4.7356;5537;5537
2026-06-08T11:08:51.0000000Z;4.6426;4.7356;5537;5537
2026-06-08T11:08:58.0000000Z;4.6426;4.7262;5537;5537
2026-06-08T11:09:00.0000000Z;4.6334;4.7262;5537;5537
2026-06-08T11:09:17.0000000Z;4.636;4.7262;5537;5537
2026-06-08T11:09:18.0000000Z;4.636;4.7288;5537;5537
2026-06-08T11:09:49.0000000Z;4.636;4.7288;5537;5537
2026-06-08T11:10:19.0000000Z;4.636;4.7288;5537;5537
2026-06-08T11:10:49.0000000Z;4.6358;4.7288;5537;5537
2026-06-08T11:10:59.0000000Z;4.6388;4.7318;5537;5537
2026-06-08T11:11:05.0000000Z;4.637;4.7298;5537;5537
2026-06-08T11:11:07.0000000Z;4.6348;4.7278;5537;5537
2026-06-08T11:11:17.0000000Z;4.631;4.7238;5537;5537
2026-06-08T11:11:19.0000000Z;4.6348;4.7278;5537;5537
2026-06-08T11:11:43.0000000Z;4.6368;4.7298;5537;5537
2026-06-08T11:12:14.0000000Z;4.6368;4.7298;5537;5537
2026-06-08T11:12:45.0000000Z;4.6368;4.7298;5537;5537
2026-06-08T11:12:48.0000000Z;4.637;4.7298;5537;5537
2026-06-08T11:13:07.0000000Z;4.6368;4.7298;5537;5537
2026-06-08T11:13:08.0000000Z;4.637;4.7298;5537;5537
2026-06-08T11:13:38.0000000Z;4.637;4.7298;5537;5537
2026-06-08T11:13:53.0000000Z;4.6412;4.7298;5537;5537
2026-06-08T11:13:56.0000000Z;4.6412;4.734;5537;5537
2026-06-08T11:14:26.0000000Z;4.6412;4.734;5537;5537
2026-06-08T11:14:50.0000000Z;4.6412;4.7314;5537;5537
2026-06-08T11:14:52.0000000Z;4.6386;4.7314;5537;5537
2026-06-08T11:15:01.0000000Z;4.6478;4.7314;5537;5537
2026-06-08T11:15:04.0000000Z;4.6478;4.7408;5537;5537
2026-06-08T11:15:10.0000000Z;4.6528;4.7458;5537;5537
2026-06-08T11:15:28.0000000Z;4.6528;4.7436;5537;5537
2026-06-08T11:15:30.0000000Z;4.6506;4.7436;5537;5537
2026-06-08T11:16:00.0000000Z;4.6506;4.7436;5537;5537
2026-06-08T11:16:05.0000000Z;4.6506;4.7402;5537;5537
2026-06-08T11:16:20.0000000Z;4.6472;4.7402;5537;5537
2026-06-08T11:16:36.0000000Z;4.6472;4.7402;5537;5537
2026-06-08T11:17:07.0000000Z;4.6472;4.7402;5537;5537
2026-06-08T11:17:37.0000000Z;4.6472;4.7402;5537;5537
2026-06-08T11:18:07.0000000Z;4.6472;4.7402;5537;5537
2026-06-08T11:18:38.0000000Z;4.6472;4.7402;5537;5537
2026-06-08T11:19:09.0000000Z;4.6472;4.7402;5537;5537
2026-06-08T11:19:39.0000000Z;4.6472;4.7402;5537;5537
2026-06-08T11:20:09.0000000Z;4.6472;4.7402;5537;5537
2026-06-08T11:20:14.0000000Z;4.6472;4.7378;5537;5537
2026-06-08T11:20:15.0000000Z;4.645;4.7378;5537;5537
2026-06-08T11:20:45.0000000Z;4.645;4.7378;5537;5537
2026-06-08T11:21:11.0000000Z;4.6472;4.7378;5537;5537
2026-06-08T11:21:13.0000000Z;4.6472;4.7402;5537;5537
2026-06-08T11:21:30.0000000Z;4.6518;4.7402;5537;5537
2026-06-08T11:21:31.0000000Z;4.6518;4.7448;5537;5537
2026-06-08T11:22:00.0000000Z;4.6518;4.7448;5537;5537
2026-06-08T11:22:08.0000000Z;4.6586;4.7448;5537;5537
2026-06-08T11:22:14.0000000Z;4.6586;4.7518;5537;5537
2026-06-08T11:22:40.0000000Z;4.6586;4.7518;5537;5537
2026-06-08T11:22:54.0000000Z;4.6778;4.7518;5537;5537
2026-06-08T11:22:55.0000000Z;4.6688;4.7518;5537;5537
2026-06-08T11:22:57.0000000Z;4.6688;4.7622;5537;5537
2026-06-08T11:23:11.0000000Z;4.6826;4.7622;5537;5537
2026-06-08T11:23:13.0000000Z;4.6826;4.7762;5537;5537
2026-06-08T11:23:21.0000000Z;4.6672;4.7604;5537;5537
2026-06-08T11:23:52.0000000Z;4.6672;4.7604;5537;5537
2026-06-08T11:23:54.0000000Z;4.67;4.7604;5537;5537
2026-06-08T11:23:55.0000000Z;4.67;4.7634;5537;5537
2026-06-08T11:24:08.0000000Z;4.67;4.7604;5537;5537
2026-06-08T11:24:09.0000000Z;4.6672;4.7604;5537;5537
2026-06-08T11:24:40.0000000Z;4.6672;4.7604;5537;5537
2026-06-08T11:24:53.0000000Z;4.6672;4.7508;5537;5537
2026-06-08T11:24:56.0000000Z;4.6576;4.7508;5537;5537
2026-06-08T11:25:26.0000000Z;4.6576;4.7508;5537;5537
2026-06-08T11:25:56.0000000Z;4.6614;4.7508;5537;5537
2026-06-08T11:25:58.0000000Z;4.6614;4.7546;5537;5537
2026-06-08T11:26:28.0000000Z;4.6614;4.7546;5537;5537
2026-06-08T11:26:58.0000000Z;4.6614;4.7546;5537;5537
2026-06-08T11:27:25.0000000Z;4.6614;4.75;5537;5537
2026-06-08T11:27:26.0000000Z;4.6568;4.75;5537;5537
2026-06-08T11:27:36.0000000Z;4.6594;4.75;5537;5537
2026-06-08T11:27:38.0000000Z;4.6594;4.7526;5537;5537
2026-06-08T11:28:06.0000000Z;4.6594;4.7526;5537;5537
2026-06-08T11:28:27.0000000Z;4.6594;4.7506;5537;5537
2026-06-08T11:28:32.0000000Z;4.6574;4.7506;5537;5537
2026-06-08T11:28:56.0000000Z;4.6596;4.7528;5537;5537
2026-06-08T11:29:27.0000000Z;4.6596;4.7528;5537;5537
2026-06-08T11:29:57.0000000Z;4.6596;4.7528;5537;5537
2026-06-08T11:30:28.0000000Z;4.6596;4.7528;5537;5537
2026-06-08T11:30:45.0000000Z;4.6648;4.7528;5537;5537
2026-06-08T11:30:47.0000000Z;4.6648;4.7582;5537;5537
2026-06-08T11:30:58.0000000Z;4.6648;4.7534;5537;5537
2026-06-08T11:30:59.0000000Z;4.6602;4.7534;5537;5537
2026-06-08T11:31:05.0000000Z;4.6602;4.7504;5537;5537
2026-06-08T11:31:07.0000000Z;4.6572;4.7504;5537;5537
2026-06-08T11:31:32.0000000Z;4.6596;4.7504;5537;5537
2026-06-08T11:31:33.0000000Z;4.6596;4.7528;5537;5537
2026-06-08T11:31:47.0000000Z;4.662;4.7528;5537;5537
2026-06-08T11:31:49.0000000Z;4.662;4.7552;5537;5537
2026-06-08T11:31:53.0000000Z;4.662;4.7526;5537;5537
2026-06-08T11:31:55.0000000Z;4.6594;4.7526;5537;5537
2026-06-08T11:31:57.0000000Z;4.662;4.7526;5537;5537
2026-06-08T11:31:59.0000000Z;4.662;4.7552;5537;5537
2026-06-08T11:32:05.0000000Z;4.6594;4.7526;5537;5537
2026-06-08T11:32:10.0000000Z;4.662;4.7526;5537;5537
2026-06-08T11:32:13.0000000Z;4.662;4.7552;5537;5537
2026-06-08T11:32:21.0000000Z;4.662;4.7518;5537;5537
2026-06-08T11:32:23.0000000Z;4.6586;4.7518;5537;5537
2026-06-08T11:32:30.0000000Z;4.6614;4.7518;5537;5537
2026-06-08T11:32:33.0000000Z;4.6614;4.7546;5537;5537
2026-06-08T11:32:57.0000000Z;4.6614;4.7516;5537;5537
2026-06-08T11:32:59.0000000Z;4.6584;4.7516;5537;5537
2026-06-08T11:33:02.0000000Z;4.6584;4.749;5537;5537
2026-06-08T11:33:03.0000000Z;4.656;4.749;5537;5537
2026-06-08T11:33:34.0000000Z;4.656;4.749;5537;5537
2026-06-08T11:34:05.0000000Z;4.656;4.749;5537;5537
2026-06-08T11:34:06.0000000Z;4.6538;4.747;5537;5537
2026-06-08T11:34:33.0000000Z;4.6568;4.747;5537;5537
2026-06-08T11:34:34.0000000Z;4.6568;4.75;5537;5537
2026-06-08T11:35:04.0000000Z;4.6568;4.75;5537;5537
2026-06-08T11:35:34.0000000Z;4.6568;4.75;5537;5537
2026-06-08T11:35:35.0000000Z;4.6602;4.75;5537;5537
2026-06-08T11:35:40.0000000Z;4.6602;4.7534;5537;5537
2026-06-08T11:35:48.0000000Z;4.6664;4.7534;5537;5537
2026-06-08T11:35:50.0000000Z;4.6664;4.7596;5537;5537
2026-06-08T11:36:15.0000000Z;4.6664;4.757;5537;5537
2026-06-08T11:36:18.0000000Z;4.6638;4.757;5537;5537
2026-06-08T11:36:23.0000000Z;4.6662;4.757;5537;5537
2026-06-08T11:36:26.0000000Z;4.6662;4.7596;5537;5537
2026-06-08T11:36:33.0000000Z;4.6662;4.7562;5537;5537
2026-06-08T11:36:34.0000000Z;4.6628;4.7562;5537;5537
2026-06-08T11:36:51.0000000Z;4.6658;4.7562;5537;5537
2026-06-08T11:36:52.0000000Z;4.6658;4.7592;5537;5537
2026-06-08T11:37:20.0000000Z;4.6694;4.7592;5537;5537
2026-06-08T11:37:22.0000000Z;4.6694;4.7628;5537;5537
2026-06-08T11:37:26.0000000Z;4.6694;4.76;5537;5537
2026-06-08T11:37:28.0000000Z;4.6668;4.76;5537;5537
2026-06-08T11:37:32.0000000Z;4.6692;4.76;5537;5537
2026-06-08T11:37:34.0000000Z;4.6692;4.7626;5537;5537
2026-06-08T11:37:45.0000000Z;4.672;4.7626;5537;5537
2026-06-08T11:37:46.0000000Z;4.672;4.7654;5537;5537
2026-06-08T11:38:17.0000000Z;4.672;4.7654;5537;5537
2026-06-08T11:38:42.0000000Z;4.6852;4.7788;5537;5537
2026-06-08T11:39:13.0000000Z;4.6852;4.7788;5537;5537
2026-06-08T11:39:22.0000000Z;4.6852;4.7646;5537;5537
2026-06-08T11:39:24.0000000Z;4.6712;4.7646;5537;5537
2026-06-08T11:39:55.0000000Z;4.6712;4.7646;5537;5537
2026-06-08T11:40:25.0000000Z;4.6712;4.7646;5537;5537
2026-06-08T11:40:56.0000000Z;4.6712;4.7646;5537;5537
2026-06-08T11:41:03.0000000Z;4.6742;4.7676;5537;5537
2026-06-08T11:41:06.0000000Z;4.6742;4.7654;5537;5537
2026-06-08T11:41:07.0000000Z;4.672;4.7654;5537;5537
2026-06-08T11:41:38.0000000Z;4.672;4.7654;5537;5537
2026-06-08T11:42:08.0000000Z;4.672;4.7654;5537;5537
2026-06-08T11:42:39.0000000Z;4.672;4.7654;5537;5537
2026-06-08T11:43:09.0000000Z;4.672;4.7654;5537;5537
2026-06-08T11:43:40.0000000Z;4.672;4.7654;5537;5537
2026-06-08T11:44:10.0000000Z;4.672;4.7654;5537;5537
2026-06-08T11:44:12.0000000Z;4.672;4.7576;5537;5537
2026-06-08T11:44:14.0000000Z;4.6642;4.7576;5537;5537
2026-06-08T11:44:37.0000000Z;4.6642;4.7536;5537;5537
2026-06-08T11:44:38.0000000Z;4.6604;4.7536;5537;5537
2026-06-08T11:45:08.0000000Z;4.6604;4.7536;5537;5537
2026-06-08T11:45:14.0000000Z;4.6668;4.7536;5537;5537
2026-06-08T11:45:16.0000000Z;4.6668;4.76;5537;5537
2026-06-08T11:45:42.0000000Z;4.6704;4.76;5537;5537
2026-06-08T11:45:44.0000000Z;4.6704;4.7638;5537;5537
2026-06-08T11:46:08.0000000Z;4.6704;4.7598;5537;5537
2026-06-08T11:46:10.0000000Z;4.6666;4.7598;5537;5537
2026-06-08T11:46:18.0000000Z;4.6666;4.7506;5537;5537
2026-06-08T11:46:20.0000000Z;4.6576;4.7506;5537;5537
2026-06-08T11:46:51.0000000Z;4.6576;4.7506;5537;5537
2026-06-08T11:47:22.0000000Z;4.6576;4.7506;5537;5537
2026-06-08T11:47:49.0000000Z;4.6576;4.7462;5537;5537
2026-06-08T11:47:50.0000000Z;4.653;4.7462;5537;5537
2026-06-08T11:48:20.0000000Z;4.653;4.7462;5537;5537
2026-06-08T11:48:27.0000000Z;4.6582;4.7462;5537;5537
2026-06-08T11:48:28.0000000Z;4.6582;4.7514;5537;5537
2026-06-08T11:48:59.0000000Z;4.6582;4.7514;5537;5537
2026-06-08T11:49:30.0000000Z;4.6582;4.7514;5537;5537
2026-06-08T11:49:40.0000000Z;4.6582;4.7446;5537;5537
2026-06-08T11:49:43.0000000Z;4.6516;4.7446;5537;5537
2026-06-08T11:50:00.0000000Z;4.6544;4.7446;5537;5537
2026-06-08T11:50:01.0000000Z;4.6544;4.7474;5537;5537
2026-06-08T11:50:31.0000000Z;4.6544;4.7474;5537;5537
2026-06-08T11:51:02.0000000Z;4.6544;4.7474;5537;5537
2026-06-08T11:51:15.0000000Z;4.6576;4.7508;5537;5537
2026-06-08T11:51:45.0000000Z;4.6576;4.7508;5537;5537
2026-06-08T11:52:02.0000000Z;4.6614;4.7508;5537;5537
2026-06-08T11:52:03.0000000Z;4.6614;4.7546;5537;5537
2026-06-08T11:52:34.0000000Z;4.6614;4.7546;5537;5537
2026-06-08T11:53:05.0000000Z;4.6614;4.7546;5537;5537
2026-06-08T11:53:35.0000000Z;4.6614;4.7546;5537;5537
2026-06-08T11:54:06.0000000Z;4.6614;4.7546;5537;5537
2026-06-08T11:54:36.0000000Z;4.6614;4.7546;5537;5537
2026-06-08T11:55:07.0000000Z;4.6614;4.7546;5537;5537
2026-06-08T11:55:21.0000000Z;4.6614;4.7486;5537;5537
2026-06-08T11:55:22.0000000Z;4.6554;4.7486;5537;5537
2026-06-08T11:55:53.0000000Z;4.6554;4.7486;5537;5537
2026-06-08T11:55:59.0000000Z;4.6574;4.7486;5537;5537
2026-06-08T11:56:03.0000000Z;4.6574;4.7506;5537;5537
2026-06-08T11:56:31.0000000Z;4.6574;4.7506;5537;5537
2026-06-08T11:57:01.0000000Z;4.6574;4.7506;5537;5537
2026-06-08T11:57:32.0000000Z;4.6574;4.7506;5537;5537
2026-06-08T11:58:02.0000000Z;4.6574;4.7506;5537;5537
2026-06-08T11:58:33.0000000Z;4.6574;4.7506;5537;5537
2026-06-08T11:59:03.0000000Z;4.6574;4.7506;5537;5537
2026-06-08T11:59:34.0000000Z;4.6574;4.7506;5537;5537
2026-06-08T12:00:04.0000000Z;4.6574;4.7506;5537;5537
2026-06-08T12:00:35.0000000Z;4.6574;4.7506;5537;5537
2026-06-08T12:00:48.0000000Z;4.6692;4.7506;5537;5537
2026-06-08T12:00:49.0000000Z;4.6692;4.7626;5537;5537
2026-06-08T12:00:50.0000000Z;4.6692;4.76;5537;5537
2026-06-08T12:00:51.0000000Z;4.6704;4.76;5537;5537
2026-06-08T12:00:52.0000000Z;4.686;4.76;5537;5537
2026-06-08T12:00:53.0000000Z;4.686;4.7728;5537;5537
2026-06-08T12:00:55.0000000Z;4.6794;4.7728;5537;5537
2026-06-08T12:00:58.0000000Z;4.6794;4.7664;5537;5537
2026-06-08T12:01:01.0000000Z;4.6728;4.7664;5537;5537
2026-06-08T12:01:08.0000000Z;4.6728;4.7638;5537;5537
2026-06-08T12:01:09.0000000Z;4.6704;4.7638;5537;5537
2026-06-08T12:01:40.0000000Z;4.6704;4.7638;5537;5537
2026-06-08T12:01:46.0000000Z;4.6704;4.7526;5537;5537
2026-06-08T12:01:47.0000000Z;4.6594;4.7526;5537;5537
2026-06-08T12:01:49.0000000Z;4.6594;4.7432;5537;5537
2026-06-08T12:01:51.0000000Z;4.6502;4.7432;5537;5537
2026-06-08T12:01:58.0000000Z;4.6502;4.7392;5537;5537
2026-06-08T12:01:59.0000000Z;4.6464;4.7392;5537;5537
2026-06-08T12:02:00.0000000Z;4.6464;4.7286;5537;5537
2026-06-08T12:02:01.0000000Z;4.636;4.7286;5537;5537
2026-06-08T12:02:05.0000000Z;4.6398;4.7326;5537;5537
2026-06-08T12:02:10.0000000Z;4.6552;4.7326;5537;5537
2026-06-08T12:02:11.0000000Z;4.6552;4.7482;5537;5537
2026-06-08T12:02:42.0000000Z;4.6552;4.7482;5537;5537
2026-06-08T12:02:46.0000000Z;4.66;4.7482;5537;5537
2026-06-08T12:02:47.0000000Z;4.66;4.7532;5537;5537
2026-06-08T12:02:51.0000000Z;4.66;4.7478;5537;5537
2026-06-08T12:02:53.0000000Z;4.6548;4.7478;5537;5537
2026-06-08T12:03:20.0000000Z;4.659;4.7478;5537;5537
2026-06-08T12:03:21.0000000Z;4.6548;4.7468;5537;5537
2026-06-08T12:03:22.0000000Z;4.659;4.7468;5537;5537
2026-06-08T12:03:24.0000000Z;4.6538;4.7468;5537;5537
2026-06-08T12:03:54.0000000Z;4.6538;4.7468;5537;5537
2026-06-08T12:04:16.0000000Z;4.6538;4.7282;5537;5537
2026-06-08T12:04:18.0000000Z;4.6356;4.7282;5537;5537
2026-06-08T12:04:22.0000000Z;4.6432;4.7282;5537;5537
2026-06-08T12:04:24.0000000Z;4.6432;4.736;5537;5537
2026-06-08T12:04:27.0000000Z;4.6482;4.736;5537;5537
2026-06-08T12:04:28.0000000Z;4.6482;4.7412;5537;5537
2026-06-08T12:04:58.0000000Z;4.6482;4.7412;5537;5537
2026-06-08T12:04:59.0000000Z;4.6482;4.7354;5537;5537
2026-06-08T12:05:00.0000000Z;4.6424;4.7354;5537;5537
2026-06-08T12:05:05.0000000Z;4.647;4.7354;5537;5537
2026-06-08T12:05:06.0000000Z;4.647;4.74;5537;5537
2026-06-08T12:05:16.0000000Z;4.647;4.7346;5537;5537
2026-06-08T12:05:18.0000000Z;4.6418;4.7346;5537;5537
2026-06-08T12:05:30.0000000Z;4.6418;4.7294;5537;5537
2026-06-08T12:05:40.0000000Z;4.6418;4.7348;5537;5537
2026-06-08T12:05:48.0000000Z;4.6418;4.7296;5537;5537
2026-06-08T12:05:50.0000000Z;4.637;4.7296;5537;5537
2026-06-08T12:05:51.0000000Z;4.642;4.7296;5537;5537
2026-06-08T12:05:52.0000000Z;4.642;4.7296;5537;5537
2026-06-08T12:05:54.0000000Z;4.637;4.7296;5537;5537
2026-06-08T12:06:10.0000000Z;4.6372;4.73;5537;5537
2026-06-08T12:06:30.0000000Z;4.6394;4.73;5537;5537
2026-06-08T12:06:32.0000000Z;4.6394;4.7322;5537;5537
2026-06-08T12:06:35.0000000Z;4.6394;4.7294;5537;5537
2026-06-08T12:06:36.0000000Z;4.6366;4.7294;5537;5537
2026-06-08T12:07:07.0000000Z;4.6366;4.7294;5537;5537
2026-06-08T12:07:28.0000000Z;4.6424;4.7294;5537;5537
2026-06-08T12:07:31.0000000Z;4.6424;4.7352;5537;5537
2026-06-08T12:07:44.0000000Z;4.6424;4.7352;5537;5537
2026-06-08T12:07:45.0000000Z;4.6488;4.73;5537;5537
2026-06-08T12:07:46.0000000Z;4.6436;4.73;5537;5537
2026-06-08T12:07:47.0000000Z;4.6488;4.7366;5537;5537
2026-06-08T12:07:49.0000000Z;4.6436;4.7366;5537;5537
2026-06-08T12:07:59.0000000Z;4.6488;4.7366;5537;5537
2026-06-08T12:08:01.0000000Z;4.6488;4.7418;5537;5537
2026-06-08T12:08:05.0000000Z;4.654;4.7418;5537;5537
2026-06-08T12:08:07.0000000Z;4.654;4.747;5537;5537
2026-06-08T12:08:12.0000000Z;4.654;4.7422;5537;5537
2026-06-08T12:08:13.0000000Z;4.6492;4.7422;5537;5537
2026-06-08T12:08:25.0000000Z;4.6544;4.7422;5537;5537
2026-06-08T12:08:27.0000000Z;4.6544;4.7422;5537;5537
2026-06-08T12:08:29.0000000Z;4.6492;4.7422;5537;5537
2026-06-08T12:08:32.0000000Z;4.6544;4.7422;5537;5537
2026-06-08T12:08:33.0000000Z;4.6544;4.7474;5537;5537
2026-06-08T12:09:04.0000000Z;4.6544;4.7474;5537;5537
2026-06-08T12:09:31.0000000Z;4.6544;4.7436;5537;5537
2026-06-08T12:09:33.0000000Z;4.6506;4.7436;5537;5537
2026-06-08T12:10:04.0000000Z;4.6506;4.7436;5537;5537
2026-06-08T12:10:34.0000000Z;4.6506;4.7436;5537;5537
2026-06-08T12:10:35.0000000Z;4.6506;4.737;5537;5537
2026-06-08T12:10:37.0000000Z;4.6442;4.737;5537;5537
2026-06-08T12:11:06.0000000Z;4.6442;4.737;5537;5537
2026-06-08T12:11:36.0000000Z;4.6442;4.737;5537;5537
2026-06-08T12:11:54.0000000Z;4.6516;4.737;5537;5537
2026-06-08T12:11:56.0000000Z;4.6516;4.7446;5537;5537
2026-06-08T12:12:26.0000000Z;4.6516;4.7446;5537;5537
2026-06-08T12:12:57.0000000Z;4.6516;4.7446;5537;5537
2026-06-08T12:13:27.0000000Z;4.6516;4.7446;5537;5537
2026-06-08T12:13:58.0000000Z;4.6516;4.7446;5537;5537
2026-06-08T12:14:28.0000000Z;4.6516;4.7446;5537;5537
2026-06-08T12:14:57.0000000Z;4.6516;4.741;5537;5537
2026-06-08T12:14:58.0000000Z;4.648;4.741;5537;5537
2026-06-08T12:15:04.0000000Z;4.6522;4.741;5537;5537
2026-06-08T12:15:06.0000000Z;4.6522;4.7452;5537;5537
2026-06-08T12:15:35.0000000Z;4.6522;4.7452;5537;5537
2026-06-08T12:16:05.0000000Z;4.6522;4.7452;5537;5537
2026-06-08T12:16:36.0000000Z;4.6522;4.7452;5537;5537
2026-06-08T12:16:43.0000000Z;4.6522;4.7394;5537;5537
2026-06-08T12:16:45.0000000Z;4.6464;4.7394;5537;5537
2026-06-08T12:17:16.0000000Z;4.6464;4.7394;5537;5537
2026-06-08T12:17:41.0000000Z;4.6492;4.7394;5537;5537
2026-06-08T12:17:44.0000000Z;4.6492;4.7422;5537;5537
2026-06-08T12:17:49.0000000Z;4.6492;4.7382;5537;5537
2026-06-08T12:17:52.0000000Z;4.6454;4.7382;5537;5537
2026-06-08T12:18:23.0000000Z;4.6454;4.7382;5537;5537
2026-06-08T12:18:53.0000000Z;4.6454;4.7382;5537;5537
2026-06-08T12:19:24.0000000Z;4.6454;4.7382;5537;5537
2026-06-08T12:19:54.0000000Z;4.6454;4.7382;5537;5537
2026-06-08T12:20:25.0000000Z;4.6454;4.7382;5537;5537
2026-06-08T12:20:56.0000000Z;4.6454;4.7382;5537;5537
2026-06-08T12:21:26.0000000Z;4.6454;4.7382;5537;5537
2026-06-08T12:21:31.0000000Z;4.6476;4.7382;5537;5537
2026-06-08T12:21:33.0000000Z;4.6476;4.7406;5537;5537
2026-06-08T12:21:39.0000000Z;4.6476;4.7384;5537;5537
2026-06-08T12:21:41.0000000Z;4.6454;4.7384;5537;5537
2026-06-08T12:22:11.0000000Z;4.6454;4.7384;5537;5537
2026-06-08T12:22:42.0000000Z;4.6454;4.7384;5537;5537
2026-06-08T12:22:58.0000000Z;4.65;4.7384;5537;5537
2026-06-08T12:22:59.0000000Z;4.65;4.743;5537;5537
2026-06-08T12:23:29.0000000Z;4.65;4.743;5537;5537
2026-06-08T12:23:32.0000000Z;4.65;4.7384;5537;5537
2026-06-08T12:23:33.0000000Z;4.6454;4.7384;5537;5537
2026-06-08T12:24:04.0000000Z;4.6454;4.7384;5537;5537
2026-06-08T12:24:34.0000000Z;4.6454;4.7384;5537;5537
2026-06-08T12:25:05.0000000Z;4.6454;4.7384;5537;5537
2026-06-08T12:25:14.0000000Z;4.6592;4.7384;5537;5537
2026-06-08T12:25:15.0000000Z;4.6592;4.7524;5537;5537
2026-06-08T12:25:27.0000000Z;4.6592;4.7498;5537;5537
2026-06-08T12:25:30.0000000Z;4.6566;4.7498;5537;5537
2026-06-08T12:25:43.0000000Z;4.663;4.7498;5537;5537
2026-06-08T12:25:46.0000000Z;4.663;4.7562;5537;5537
2026-06-08T12:26:16.0000000Z;4.663;4.7562;5537;5537
2026-06-08T12:26:17.0000000Z;4.663;4.751;5537;5537
2026-06-08T12:26:18.0000000Z;4.658;4.751;5537;5537
2026-06-08T12:26:49.0000000Z;4.658;4.751;5537;5537
2026-06-08T12:27:19.0000000Z;4.658;4.751;5537;5537
2026-06-08T12:27:46.0000000Z;4.6634;4.751;5537;5537
2026-06-08T12:27:48.0000000Z;4.6634;4.7566;5537;5537
2026-06-08T12:28:03.0000000Z;4.6634;4.7514;5537;5537
2026-06-08T12:28:04.0000000Z;4.6582;4.7514;5537;5537
2026-06-08T12:28:23.0000000Z;4.663;4.7514;5537;5537
2026-06-08T12:28:24.0000000Z;4.663;4.7562;5537;5537
2026-06-08T12:28:55.0000000Z;4.663;4.7562;5537;5537
2026-06-08T12:29:00.0000000Z;4.663;4.7506;5537;5537
2026-06-08T12:29:02.0000000Z;4.6576;4.7506;5537;5537
2026-06-08T12:29:29.0000000Z;4.6614;4.7506;5537;5537
2026-06-08T12:29:30.0000000Z;4.6614;4.7546;5537;5537
2026-06-08T12:30:01.0000000Z;4.6614;4.7546;5537;5537
2026-06-08T12:30:32.0000000Z;4.6614;4.7546;5537;5537
2026-06-08T12:31:02.0000000Z;4.6614;4.7546;5537;5537
2026-06-08T12:31:33.0000000Z;4.6614;4.7546;5537;5537
2026-06-08T12:32:03.0000000Z;4.6614;4.7546;5537;5537
2026-06-08T12:32:34.0000000Z;4.6614;4.7546;5537;5537
2026-06-08T12:33:05.0000000Z;4.6614;4.7546;5537;5537
2026-06-08T12:33:08.0000000Z;4.6682;4.7546;5537;5537
2026-06-08T12:33:11.0000000Z;4.6682;4.7616;5537;5537
2026-06-08T12:33:35.0000000Z;4.6682;4.755;5537;5537
2026-06-08T12:33:37.0000000Z;4.6618;4.755;5537;5537
2026-06-08T12:34:08.0000000Z;4.6618;4.755;5537;5537
2026-06-08T12:34:38.0000000Z;4.6618;4.755;5537;5537
2026-06-08T12:35:08.0000000Z;4.6646;4.755;5537;5537
2026-06-08T12:35:09.0000000Z;4.6646;4.7578;5537;5537
2026-06-08T12:35:39.0000000Z;4.6646;4.7578;5537;5537
2026-06-08T12:35:44.0000000Z;4.6668;4.7578;5537;5537
2026-06-08T12:35:45.0000000Z;4.6668;4.7602;5537;5537
2026-06-08T12:35:57.0000000Z;4.6772;4.7602;5537;5537
2026-06-08T12:36:00.0000000Z;4.6772;4.7708;5537;5537
2026-06-08T12:36:22.0000000Z;4.6822;4.7708;5537;5537
2026-06-08T12:36:24.0000000Z;4.6822;4.7758;5537;5537
2026-06-08T12:36:36.0000000Z;4.6822;4.772;5537;5537
2026-06-08T12:36:38.0000000Z;4.6784;4.772;5537;5537
2026-06-08T12:36:43.0000000Z;4.6848;4.772;5537;5537
2026-06-08T12:36:46.0000000Z;4.6848;4.7784;5537;5537
2026-06-08T12:36:50.0000000Z;4.6848;4.776;5537;5537
2026-06-08T12:36:52.0000000Z;4.6822;4.776;5537;5537
2026-06-08T12:36:55.0000000Z;4.6874;4.776;5537;5537
2026-06-08T12:36:58.0000000Z;4.6874;4.7812;5537;5537
2026-06-08T12:37:28.0000000Z;4.6874;4.7812;5537;5537
2026-06-08T12:37:44.0000000Z;4.6906;4.7812;5537;5537
2026-06-08T12:37:46.0000000Z;4.6906;4.7844;5537;5537
2026-06-08T12:38:06.0000000Z;4.6906;4.7792;5537;5537
2026-06-08T12:38:08.0000000Z;4.6856;4.7792;5537;5537
2026-06-08T12:38:39.0000000Z;4.6856;4.7792;5537;5537
2026-06-08T12:39:09.0000000Z;4.6856;4.7792;5537;5537
2026-06-08T12:39:19.0000000Z;4.7066;4.7792;5537;5537
2026-06-08T12:39:20.0000000Z;4.7066;4.8006;5537;5537
2026-06-08T12:39:44.0000000Z;4.7066;4.7978;5537;5537
2026-06-08T12:39:46.0000000Z;4.7036;4.7978;5537;5537
2026-06-08T12:40:00.0000000Z;4.7036;4.7928;5537;5537
2026-06-08T12:40:06.0000000Z;4.6988;4.7928;5537;5537
2026-06-08T12:40:08.0000000Z;4.7038;4.7978;5537;5537
2026-06-08T12:40:21.0000000Z;4.701;4.7998;5537;5537
2026-06-08T12:40:24.0000000Z;4.701;4.792;5537;5537
2026-06-08T12:40:26.0000000Z;4.6934;4.792;5537;5537
2026-06-08T12:40:55.0000000Z;4.6934;4.792;5537;5537
2026-06-08T12:40:58.0000000Z;4.6958;4.7896;5537;5537
2026-06-08T12:41:29.0000000Z;4.6958;4.7896;5537;5537
2026-06-08T12:41:59.0000000Z;4.6958;4.7896;5537;5537
2026-06-08T12:42:30.0000000Z;4.6958;4.7896;5537;5537
2026-06-08T12:42:38.0000000Z;4.7068;4.7896;5537;5537
2026-06-08T12:42:39.0000000Z;4.7068;4.801;5537;5537
2026-06-08T12:42:49.0000000Z;4.7068;4.7984;5537;5537
2026-06-08T12:42:51.0000000Z;4.7044;4.7984;5537;5537
2026-06-08T12:43:20.0000000Z;4.7044;4.7984;5537;5537
2026-06-08T12:43:24.0000000Z;4.7064;4.7984;5537;5537
2026-06-08T12:43:25.0000000Z;4.7064;4.8006;5537;5537
2026-06-08T12:43:36.0000000Z;4.7128;4.8006;5537;5537
2026-06-08T12:43:37.0000000Z;4.7128;4.807;5537;5537
2026-06-08T12:43:39.0000000Z;4.7166;4.807;5537;5537
2026-06-08T12:43:41.0000000Z;4.7166;4.811;5537;5537
2026-06-08T12:43:51.0000000Z;4.7166;4.8032;5537;5537
2026-06-08T12:43:53.0000000Z;4.709;4.8032;5537;5537
2026-06-08T12:44:22.0000000Z;4.709;4.8032;5537;5537
2026-06-08T12:44:52.0000000Z;4.709;4.8032;5537;5537
2026-06-08T12:45:23.0000000Z;4.709;4.8032;5537;5537
2026-06-08T12:45:54.0000000Z;4.709;4.8032;5537;5537
2026-06-08T12:46:24.0000000Z;4.709;4.8032;5537;5537
2026-06-08T12:46:55.0000000Z;4.709;4.8032;5537;5537
2026-06-08T12:47:25.0000000Z;4.709;4.8032;5537;5537
2026-06-08T12:47:56.0000000Z;4.709;4.8032;5537;5537
2026-06-08T12:48:26.0000000Z;4.709;4.8032;5537;5537
2026-06-08T12:48:57.0000000Z;4.709;4.8032;5537;5537
2026-06-08T12:49:01.0000000Z;4.7114;4.8032;5537;5537
2026-06-08T12:49:06.0000000Z;4.7114;4.8056;5537;5537
2026-06-08T12:49:33.0000000Z;4.7114;4.8056;5537;5537
2026-06-08T12:50:03.0000000Z;4.7114;4.8056;5537;5537
2026-06-08T12:50:34.0000000Z;4.7114;4.8056;5537;5537
2026-06-08T12:50:46.0000000Z;4.7114;4.8036;5537;5537
2026-06-08T12:50:52.0000000Z;4.7134;4.8056;5537;5537
2026-06-08T12:50:54.0000000Z;4.7134;4.8076;5537;5537
2026-06-08T12:51:20.0000000Z;4.7134;4.8016;5537;5537
2026-06-08T12:51:21.0000000Z;4.7074;4.8016;5537;5537
2026-06-08T12:51:30.0000000Z;4.7116;4.8016;5537;5537
2026-06-08T12:51:31.0000000Z;4.7116;4.8058;5537;5537
2026-06-08T12:51:39.0000000Z;4.7116;4.8022;5537;5537
2026-06-08T12:51:41.0000000Z;4.708;4.8022;5537;5537
2026-06-08T12:52:02.0000000Z;4.7122;4.8022;5537;5537
2026-06-08T12:52:03.0000000Z;4.7122;4.8066;5537;5537
2026-06-08T12:52:08.0000000Z;4.7146;4.8066;5537;5537
2026-06-08T12:52:13.0000000Z;4.7146;4.8088;5537;5537
2026-06-08T12:52:30.0000000Z;4.7146;4.8062;5537;5537
2026-06-08T12:52:31.0000000Z;4.712;4.8062;5537;5537
2026-06-08T12:53:01.0000000Z;4.712;4.8024;5537;5537
2026-06-08T12:53:03.0000000Z;4.7082;4.8024;5537;5537
2026-06-08T12:53:18.0000000Z;4.7108;4.8024;5537;5537
2026-06-08T12:53:19.0000000Z;4.7108;4.8012;5537;5537
2026-06-08T12:53:21.0000000Z;4.707;4.8012;5537;5537
2026-06-08T12:53:35.0000000Z;4.699;4.793;5537;5537
2026-06-08T12:53:55.0000000Z;4.7034;4.793;5537;5537
2026-06-08T12:53:57.0000000Z;4.7034;4.7974;5537;5537
2026-06-08T12:54:25.0000000Z;4.7068;4.7974;5537;5537
2026-06-08T12:54:28.0000000Z;4.7068;4.801;5537;5537
2026-06-08T12:54:58.0000000Z;4.7068;4.801;5537;5537
2026-06-08T12:55:18.0000000Z;4.7068;4.7972;5537;5537
2026-06-08T12:55:39.0000000Z;4.7032;4.7972;5537;5537
2026-06-08T12:55:51.0000000Z;4.7032;4.7972;5537;5537
2026-06-08T12:56:11.0000000Z;4.707;4.7972;5537;5537
2026-06-08T12:56:14.0000000Z;4.707;4.801;5537;5537
2026-06-08T12:56:45.0000000Z;4.707;4.801;5537;5537
2026-06-08T12:57:15.0000000Z;4.707;4.801;5537;5537
2026-06-08T12:57:46.0000000Z;4.707;4.801;5537;5537
2026-06-08T12:58:02.0000000Z;4.7094;4.8036;5537;5537
2026-06-08T12:58:03.0000000Z;4.7094;4.801;5537;5537
2026-06-08T12:58:04.0000000Z;4.7068;4.801;5537;5537
2026-06-08T12:58:34.0000000Z;4.7068;4.801;5537;5537
2026-06-08T12:59:04.0000000Z;4.7068;4.799;5537;5537
2026-06-08T12:59:06.0000000Z;4.7048;4.799;5537;5537
2026-06-08T12:59:25.0000000Z;4.7082;4.799;5537;5537
2026-06-08T12:59:26.0000000Z;4.7172;4.799;5537;5537
2026-06-08T12:59:27.0000000Z;4.7172;4.8022;5537;5537
2026-06-08T12:59:28.0000000Z;4.712;4.8022;5537;5537
2026-06-08T12:59:29.0000000Z;4.7172;4.8062;5537;5537
2026-06-08T12:59:31.0000000Z;4.712;4.8062;5537;5537
2026-06-08T12:59:34.0000000Z;4.7172;4.8062;5537;5537
2026-06-08T12:59:35.0000000Z;4.7198;4.8062;5537;5537
2026-06-08T12:59:39.0000000Z;4.7198;4.805;5537;5537
2026-06-08T12:59:41.0000000Z;4.7108;4.805;5537;5537
2026-06-08T13:00:06.0000000Z;4.718;4.805;5537;5537
2026-06-08T13:00:07.0000000Z;4.718;4.8124;5537;5537
2026-06-08T13:00:29.0000000Z;4.7216;4.8124;5537;5537
2026-06-08T13:00:31.0000000Z;4.7216;4.816;5537;5537
2026-06-08T13:00:54.0000000Z;4.7236;4.816;5537;5537
2026-06-08T13:00:55.0000000Z;4.7236;4.818;5537;5537
2026-06-08T13:00:58.0000000Z;4.7236;4.815;5537;5537
2026-06-08T13:00:59.0000000Z;4.7206;4.815;5537;5537
2026-06-08T13:01:29.0000000Z;4.7206;4.815;5537;5537
2026-06-08T13:01:47.0000000Z;4.7206;4.8124;5537;5537
2026-06-08T13:01:49.0000000Z;4.7182;4.8124;5537;5537
2026-06-08T13:02:02.0000000Z;4.722;4.8124;5537;5537
2026-06-08T13:02:03.0000000Z;4.722;4.8164;5537;5537
2026-06-08T13:02:05.0000000Z;4.722;4.8138;5537;5537
2026-06-08T13:02:07.0000000Z;4.7194;4.8138;5537;5537
2026-06-08T13:02:37.0000000Z;4.7194;4.8138;5537;5537
2026-06-08T13:03:05.0000000Z;4.7194;4.8108;5537;5537
2026-06-08T13:03:07.0000000Z;4.7166;4.8108;5537;5537
2026-06-08T13:03:36.0000000Z;4.7166;4.8108;5537;5537
2026-06-08T13:04:07.0000000Z;4.7166;4.8108;5537;5537
2026-06-08T13:04:33.0000000Z;4.7184;4.8108;5537;5537
2026-06-08T13:04:34.0000000Z;4.7184;4.8128;5537;5537
2026-06-08T13:05:04.0000000Z;4.7184;4.8128;5537;5537
2026-06-08T13:05:06.0000000Z;4.721;4.8128;5537;5537
2026-06-08T13:05:08.0000000Z;4.721;4.8154;5537;5537
2026-06-08T13:05:21.0000000Z;4.721;4.8128;5537;5537
2026-06-08T13:05:24.0000000Z;4.7184;4.8128;5537;5537
2026-06-08T13:05:55.0000000Z;4.7184;4.8128;5537;5537
2026-06-08T13:06:25.0000000Z;4.7184;4.8128;5537;5537
2026-06-08T13:06:56.0000000Z;4.7184;4.8128;5537;5537
2026-06-08T13:07:26.0000000Z;4.7184;4.8128;5537;5537
2026-06-08T13:07:57.0000000Z;4.7184;4.8128;5537;5537
2026-06-08T13:08:27.0000000Z;4.7184;4.8128;5537;5537
2026-06-08T13:08:58.0000000Z;4.7184;4.8128;5537;5537
2026-06-08T13:09:17.0000000Z;4.7184;4.8106;5537;5537
2026-06-08T13:09:19.0000000Z;4.7162;4.8106;5537;5537
2026-06-08T13:09:48.0000000Z;4.7162;4.8106;5537;5537
2026-06-08T13:10:18.0000000Z;4.7162;4.8106;5537;5537
2026-06-08T13:10:22.0000000Z;4.7204;4.8106;5537;5537
2026-06-08T13:10:24.0000000Z;4.7178;4.8106;5537;5537
2026-06-08T13:10:25.0000000Z;4.7204;4.8122;5537;5537
2026-06-08T13:10:27.0000000Z;4.7178;4.8122;5537;5537
2026-06-08T13:10:57.0000000Z;4.7178;4.8122;5537;5537
2026-06-08T13:11:13.0000000Z;4.7178;4.8076;5537;5537
2026-06-08T13:11:15.0000000Z;4.7134;4.8076;5537;5537
2026-06-08T13:11:36.0000000Z;4.7134;4.8006;5537;5537
2026-06-08T13:11:37.0000000Z;4.7064;4.8006;5537;5537
2026-06-08T13:11:51.0000000Z;4.7128;4.8006;5537;5537
2026-06-08T13:11:53.0000000Z;4.7128;4.807;5537;5537
2026-06-08T13:12:21.0000000Z;4.7128;4.807;5537;5537
2026-06-08T13:12:52.0000000Z;4.7128;4.807;5537;5537
2026-06-08T13:13:23.0000000Z;4.7128;4.807;5537;5537
2026-06-08T13:13:53.0000000Z;4.7128;4.807;5537;5537
2026-06-08T13:14:24.0000000Z;4.7128;4.807;5537;5537
2026-06-08T13:14:54.0000000Z;4.7128;4.807;5537;5537
2026-06-08T13:15:25.0000000Z;4.7128;4.807;5537;5537
2026-06-08T13:15:55.0000000Z;4.7128;4.807;5537;5537
2026-06-08T13:16:26.0000000Z;4.7128;4.807;5537;5537
2026-06-08T13:16:57.0000000Z;4.7128;4.807;5537;5537
2026-06-08T13:17:27.0000000Z;4.7128;4.807;5537;5537
2026-06-08T13:17:58.0000000Z;4.7128;4.794;5537;5537
2026-06-08T13:17:59.0000000Z;4.7;4.794;5537;5537
2026-06-08T13:18:29.0000000Z;4.7;4.794;5537;5537
2026-06-08T13:19:00.0000000Z;4.7;4.794;5537;5537
2026-06-08T13:19:30.0000000Z;4.7;4.794;5537;5537
2026-06-08T13:20:01.0000000Z;4.7;4.794;5537;5537
2026-06-08T13:20:31.0000000Z;4.7;4.794;5537;5537
2026-06-08T13:20:58.0000000Z;4.7;4.7884;5537;5537
2026-06-08T13:21:00.0000000Z;4.6946;4.7884;5537;5537
2026-06-08T13:21:04.0000000Z;4.6984;4.7884;5537;5537
2026-06-08T13:21:06.0000000Z;4.6984;4.7924;5537;5537
2026-06-08T13:21:36.0000000Z;4.6984;4.7924;5537;5537
2026-06-08T13:22:07.0000000Z;4.6984;4.7924;5537;5537
2026-06-08T13:22:37.0000000Z;4.6984;4.7924;5537;5537
2026-06-08T13:22:51.0000000Z;4.6984;4.7844;5537;5537
2026-06-08T13:23:11.0000000Z;4.7006;4.7844;5537;5537
2026-06-08T13:23:12.0000000Z;4.7006;4.7946;5537;5537
2026-06-08T13:23:41.0000000Z;4.7006;4.7946;5537;5537
2026-06-08T13:23:53.0000000Z;4.7006;4.783;5537;5537
2026-06-08T13:23:54.0000000Z;4.6892;4.783;5537;5537
2026-06-08T13:24:24.0000000Z;4.6892;4.783;5537;5537
2026-06-08T13:24:27.0000000Z;4.6916;4.783;5537;5537
2026-06-08T13:24:28.0000000Z;4.6916;4.7856;5537;5537
2026-06-08T13:24:59.0000000Z;4.6916;4.7856;5537;5537
2026-06-08T13:25:01.0000000Z;4.7008;4.7856;5537;5537
2026-06-08T13:25:04.0000000Z;4.7008;4.795;5537;5537
2026-06-08T13:25:19.0000000Z;4.704;4.795;5537;5537
2026-06-08T13:25:20.0000000Z;4.704;4.798;5537;5537
2026-06-08T13:25:46.0000000Z;4.704;4.7928;5537;5537
2026-06-08T13:25:48.0000000Z;4.699;4.7928;5537;5537
2026-06-08T13:26:19.0000000Z;4.699;4.7928;5537;5537
2026-06-08T13:26:50.0000000Z;4.699;4.7928;5537;5537
2026-06-08T13:27:20.0000000Z;4.699;4.7928;5537;5537
2026-06-08T13:27:51.0000000Z;4.699;4.7928;5537;5537
2026-06-08T13:28:03.0000000Z;4.6988;4.7928;5537;5537
2026-06-08T13:28:07.0000000Z;4.6988;4.7884;5537;5537
2026-06-08T13:28:09.0000000Z;4.6944;4.7884;5537;5537
2026-06-08T13:28:39.0000000Z;4.6944;4.7884;5537;5537
2026-06-08T13:30:28.0000000Z;4.6708;4.7644;5537;5537
2026-06-08T13:30:33.0000000Z;4.672;4.7644;5537;5537
2026-06-08T13:30:36.0000000Z;4.6782;4.7656;5537;5537
2026-06-08T13:30:38.0000000Z;4.6782;4.772;5537;5537
2026-06-08T13:30:41.0000000Z;4.6782;4.7628;5537;5537
2026-06-08T13:30:42.0000000Z;4.6692;4.7628;5537;5537
2026-06-08T13:30:44.0000000Z;4.6692;4.7562;5537;5537
2026-06-08T13:30:46.0000000Z;4.6628;4.7562;5537;5537
2026-06-08T13:30:47.0000000Z;4.6666;4.7562;5537;5537
2026-06-08T13:30:48.0000000Z;4.6666;4.7576;5537;5537
2026-06-08T13:30:50.0000000Z;4.664;4.7576;5537;5537
2026-06-08T13:30:52.0000000Z;4.6666;4.7576;5537;5537
2026-06-08T13:30:54.0000000Z;4.6666;4.7602;5537;5537
2026-06-08T13:30:56.0000000Z;4.673;4.7602;5537;5537
2026-06-08T13:30:58.0000000Z;4.673;4.7666;5537;5537
2026-06-08T13:31:06.0000000Z;4.6706;4.7642;5537;5537
2026-06-08T13:31:07.0000000Z;4.6734;4.7642;5537;5537
2026-06-08T13:31:08.0000000Z;4.6734;4.767;5537;5537
2026-06-08T13:31:16.0000000Z;4.6758;4.7696;5537;5537
2026-06-08T13:31:17.0000000Z;4.6782;4.7696;5537;5537
2026-06-08T13:31:18.0000000Z;4.6782;4.772;5537;5537
2026-06-08T13:31:22.0000000Z;4.6782;4.7694;5537;5537
2026-06-08T13:31:24.0000000Z;4.6782;4.7628;5537;5537
2026-06-08T13:31:25.0000000Z;4.6718;4.7628;5537;5537
2026-06-08T13:31:26.0000000Z;4.6718;4.7654;5537;5537
2026-06-08T13:31:28.0000000Z;4.6746;4.7654;5537;5537
2026-06-08T13:31:30.0000000Z;4.6772;4.7682;5537;5537
2026-06-08T13:31:32.0000000Z;4.6772;4.771;5537;5537
2026-06-08T13:31:35.0000000Z;4.6788;4.771;5537;5537
2026-06-08T13:31:36.0000000Z;4.6788;4.7722;5537;5537
2026-06-08T13:31:37.0000000Z;4.6888;4.7722;5537;5537
2026-06-08T13:31:38.0000000Z;4.6888;4.7826;5537;5537
2026-06-08T13:31:39.0000000Z;4.6914;4.7826;5537;5537
2026-06-08T13:31:40.0000000Z;4.6914;4.7852;5537;5537
2026-06-08T13:31:41.0000000Z;4.6914;4.7828;5537;5537
2026-06-08T13:31:44.0000000Z;4.6836;4.7774;5537;5537
2026-06-08T13:31:50.0000000Z;4.6836;4.7748;5537;5537
2026-06-08T13:31:52.0000000Z;4.6812;4.7748;5537;5537
2026-06-08T13:32:02.0000000Z;4.6812;4.7692;5537;5537
2026-06-08T13:32:04.0000000Z;4.6758;4.7692;5537;5537
2026-06-08T13:32:05.0000000Z;4.6758;4.7666;5537;5537
2026-06-08T13:32:08.0000000Z;4.673;4.7666;5537;5537
2026-06-08T13:32:09.0000000Z;4.673;4.7614;5537;5537
2026-06-08T13:32:12.0000000Z;4.668;4.7522;5537;5537
2026-06-08T13:32:14.0000000Z;4.659;4.7522;5537;5537
2026-06-08T13:32:16.0000000Z;4.659;4.7456;5537;5537
2026-06-08T13:32:18.0000000Z;4.6602;4.7456;5537;5537
2026-06-08T13:32:20.0000000Z;4.6602;4.7534;5537;5537
2026-06-08T13:32:23.0000000Z;4.6602;4.7506;5537;5537
2026-06-08T13:32:26.0000000Z;4.6574;4.7506;5537;5537
2026-06-08T13:32:30.0000000Z;4.6574;4.7418;5537;5537
2026-06-08T13:32:32.0000000Z;4.6488;4.7418;5537;5537
2026-06-08T13:32:40.0000000Z;4.6488;4.7356;5537;5537
2026-06-08T13:32:42.0000000Z;4.6428;4.7356;5537;5537
2026-06-08T13:32:50.0000000Z;4.6428;4.733;5537;5537
2026-06-08T13:32:52.0000000Z;4.6402;4.733;5537;5537
2026-06-08T13:33:03.0000000Z;4.6426;4.733;5537;5537
2026-06-08T13:33:04.0000000Z;4.6426;4.7354;5537;5537
2026-06-08T13:33:06.0000000Z;4.6452;4.7354;5537;5537
2026-06-08T13:33:08.0000000Z;4.6478;4.7354;5537;5537
2026-06-08T13:33:10.0000000Z;4.6544;4.7408;5537;5537
2026-06-08T13:33:12.0000000Z;4.657;4.7474;5537;5537
2026-06-08T13:33:14.0000000Z;4.657;4.75;5537;5537
2026-06-08T13:33:16.0000000Z;4.6596;4.75;5537;5537
2026-06-08T13:33:17.0000000Z;4.6648;4.75;5537;5537
2026-06-08T13:33:18.0000000Z;4.6648;4.7582;5537;5537
2026-06-08T13:33:21.0000000Z;4.6648;4.7526;5537;5537
2026-06-08T13:33:22.0000000Z;4.6594;4.7526;5537;5537
2026-06-08T13:33:24.0000000Z;4.657;4.75;5537;5537
2026-06-08T13:33:26.0000000Z;4.653;4.7462;5537;5537
2026-06-08T13:33:37.0000000Z;4.6478;4.7368;5537;5537
2026-06-08T13:33:38.0000000Z;4.644;4.7368;5537;5537
2026-06-08T13:33:40.0000000Z;4.6402;4.733;5537;5537
2026-06-08T13:33:41.0000000Z;4.6402;4.7304;5537;5537
2026-06-08T13:33:42.0000000Z;4.6376;4.7304;5537;5537
2026-06-08T13:33:52.0000000Z;4.6376;4.7198;5537;5537
2026-06-08T13:33:59.0000000Z;4.6274;4.7174;5537;5537
2026-06-08T13:34:00.0000000Z;4.6248;4.7174;5537;5537
2026-06-08T13:34:13.0000000Z;4.6248;4.7078;5537;5537
2026-06-08T13:34:14.0000000Z;4.6156;4.7078;5537;5537
2026-06-08T13:34:16.0000000Z;4.6182;4.7078;5537;5537
2026-06-08T13:34:20.0000000Z;4.6182;4.7094;5537;5537
2026-06-08T13:34:23.0000000Z;4.617;4.7094;5537;5537
2026-06-08T13:34:36.0000000Z;4.621;4.7094;5537;5537
2026-06-08T13:34:37.0000000Z;4.621;4.7134;5537;5537
2026-06-08T13:34:41.0000000Z;4.6234;4.7134;5537;5537
2026-06-08T13:34:43.0000000Z;4.6234;4.7158;5537;5537
2026-06-08T13:34:47.0000000Z;4.6258;4.7158;5537;5537
2026-06-08T13:34:49.0000000Z;4.6258;4.7184;5537;5537
2026-06-08T13:34:50.0000000Z;4.6258;4.7144;5537;5537
2026-06-08T13:34:51.0000000Z;4.6218;4.7144;5537;5537
2026-06-08T13:34:54.0000000Z;4.6218;4.7116;5537;5537
2026-06-08T13:34:55.0000000Z;4.6192;4.7116;5537;5537
2026-06-08T13:34:56.0000000Z;4.6192;4.7092;5537;5537
2026-06-08T13:34:57.0000000Z;4.617;4.7092;5537;5537
2026-06-08T13:34:58.0000000Z;4.6208;4.7092;5537;5537
2026-06-08T13:34:59.0000000Z;4.6208;4.7132;5537;5537
2026-06-08T13:35:04.0000000Z;4.629;4.7132;5537;5537
2026-06-08T13:35:05.0000000Z;4.629;4.7214;5537;5537
2026-06-08T13:35:07.0000000Z;4.6316;4.7214;5537;5537
2026-06-08T13:35:13.0000000Z;4.6316;4.7192;5537;5537
2026-06-08T13:35:15.0000000Z;4.6266;4.7192;5537;5537
2026-06-08T13:35:45.0000000Z;4.6266;4.7192;5537;5537
2026-06-08T13:36:16.0000000Z;4.6266;4.7192;5537;5537
2026-06-08T13:36:46.0000000Z;4.6266;4.7192;5537;5537
2026-06-08T13:37:17.0000000Z;4.6266;4.7192;5537;5537
2026-06-08T13:37:47.0000000Z;4.6266;4.7192;5537;5537
2026-06-08T13:38:18.0000000Z;4.6266;4.7192;5537;5537
2026-06-08T13:38:48.0000000Z;4.6266;4.7192;5537;5537
2026-06-08T13:39:18.0000000Z;4.6266;4.7192;5537;5537
2026-06-08T13:39:49.0000000Z;4.6266;4.7192;5537;5537
2026-06-08T13:40:20.0000000Z;4.6266;4.7192;5537;5537
2026-06-08T13:40:40.0000000Z;4.6266;4.7192;5537;5537
2026-06-08T13:41:10.0000000Z;4.6266;4.7192;5537;5537
2026-06-08T13:41:41.0000000Z;4.6266;4.7192;5537;5537
2026-06-08T13:42:11.0000000Z;4.6266;4.7192;5537;5537
2026-06-08T13:42:42.0000000Z;4.6266;4.7192;5537;5537
2026-06-08T13:43:12.0000000Z;4.6266;4.7192;5537;5537
2026-06-08T13:43:43.0000000Z;4.6266;4.7192;5537;5537
2026-06-08T13:44:13.0000000Z;4.6266;4.7192;5537;5537
2026-06-08T13:44:44.0000000Z;4.6266;4.7192;5537;5537
2026-06-08T13:45:14.0000000Z;4.6266;4.7192;5537;5537
2026-06-08T13:45:45.0000000Z;4.6266;4.7192;5537;5537
2026-06-08T13:46:15.0000000Z;4.6266;4.7192;5537;5537
2026-06-08T13:46:45.0000000Z;4.6266;4.7192;5537;5537
2026-06-08T13:46:55.0000000Z;4.6266;4.7192;5537;5537
2026-06-08T13:47:26.0000000Z;4.6264;4.6266;5537;5537
2026-06-08T13:48:10.0000000Z;4.6264;4.6264;5537;5537
2026-06-08T13:48:40.0000000Z;4.6264;4.6264;5537;5537
2026-06-08T13:49:11.0000000Z;4.6264;4.6264;5537;5537
2026-06-08T13:49:16.0000000Z;4.6264;4.6264;5537;5537
2026-06-08T13:49:18.0000000Z;4.6266;4.7192;5537;5537
2026-06-08T13:49:48.0000000Z;4.6266;4.7192;5537;5537
2026-06-08T13:50:06.0000000Z;4.6266;4.7192;5537;5537
2026-06-08T13:50:38.0000000Z;4.6264;4.7192;5537;5537
2026-06-08T13:51:09.0000000Z;4.6264;4.7192;5537;5537
2026-06-08T13:51:39.0000000Z;4.6264;4.7192;5537;5537
2026-06-08T13:52:23.0000000Z;4.6286;4.7212;5537;5537
2026-06-08T13:52:54.0000000Z;4.6286;4.7212;5537;5537
2026-06-08T13:53:25.0000000Z;4.6286;4.7212;5537;5537
2026-06-08T13:53:55.0000000Z;4.6286;4.7212;5537;5537
2026-06-08T13:54:26.0000000Z;4.6286;4.7212;5537;5537
2026-06-08T13:54:56.0000000Z;4.6286;4.7212;5537;5537
2026-06-08T13:55:27.0000000Z;4.6286;4.7212;5537;5537
2026-06-08T13:55:57.0000000Z;4.6286;4.7212;5537;5537
2026-06-08T13:56:28.0000000Z;4.6286;4.7212;5537;5537
2026-06-08T13:56:58.0000000Z;4.6286;4.7212;5537;5537
2026-06-08T13:57:29.0000000Z;4.6286;4.7212;5537;5537
2026-06-08T13:57:59.0000000Z;4.6286;4.7212;5537;5537
2026-06-08T13:58:30.0000000Z;4.6286;4.7212;5537;5537
2026-06-08T13:59:00.0000000Z;4.6286;4.7212;5537;5537
2026-06-08T13:59:31.0000000Z;4.6286;4.7212;5537;5537
2026-06-08T14:00:01.0000000Z;4.6286;4.7212;5537;5537
2026-06-08T14:00:32.0000000Z;4.6286;4.7212;5537;5537
2026-06-08T14:01:02.0000000Z;4.6286;4.7212;5537;5537
2026-06-08T14:01:33.0000000Z;4.6286;4.7212;5537;5537
2026-06-08T14:02:03.0000000Z;4.6286;4.7212;5537;5537
2026-06-08T14:02:34.0000000Z;4.6286;4.7212;5537;5537
2026-06-08T14:03:04.0000000Z;4.6286;4.7212;5537;5537
2026-06-08T14:03:34.0000000Z;4.6286;4.7212;5537;5537
2026-06-08T14:04:05.0000000Z;4.6286;4.7212;5537;5537
2026-06-08T14:04:35.0000000Z;4.6286;4.7212;5537;5537
2026-06-08T14:05:06.0000000Z;4.6286;4.7212;5537;5537
2026-06-08T14:05:37.0000000Z;4.6286;4.7212;5537;5537
2026-06-08T14:06:07.0000000Z;4.6286;4.7212;5537;5537
2026-06-08T14:06:38.0000000Z;4.6286;4.7212;5537;5537
2026-06-08T14:07:08.0000000Z;4.6286;4.7212;5537;5537
2026-06-08T14:07:39.0000000Z;4.6286;4.7212;5537;5537
2026-06-08T14:08:09.0000000Z;4.6286;4.7212;5537;5537
2026-06-08T14:08:40.0000000Z;4.6286;4.7212;5537;5537
2026-06-08T14:09:10.0000000Z;4.6286;4.7212;5537;5537
2026-06-08T14:09:40.0000000Z;4.6286;4.7212;5537;5537
2026-06-08T14:09:58.0000000Z;4.6308;4.7212;5537;5537
2026-06-08T14:10:00.0000000Z;4.6308;4.7234;5537;5537
2026-06-08T14:10:30.0000000Z;4.6308;4.7234;5537;5537
2026-06-08T14:11:01.0000000Z;4.6308;4.7234;5537;5537
2026-06-08T14:11:31.0000000Z;4.6308;4.7234;5537;5537
2026-06-08T14:12:02.0000000Z;4.6308;4.7234;5537;5537
2026-06-08T14:12:32.0000000Z;4.6308;4.7234;5537;5537
2026-06-08T14:13:03.0000000Z;4.6308;4.7234;5537;5537
2026-06-08T14:13:33.0000000Z;4.6308;4.7234;5537;5537
2026-06-08T14:14:04.0000000Z;4.6308;4.7234;5537;5537
2026-06-08T14:14:34.0000000Z;4.6308;4.7234;5537;5537
2026-06-08T14:15:05.0000000Z;4.6308;4.7234;5537;5537
2026-06-08T14:15:35.0000000Z;4.6308;4.7234;5537;5537
2026-06-08T14:16:06.0000000Z;4.6308;4.7234;5537;5537
2026-06-08T14:16:36.0000000Z;4.6308;4.7234;5537;5537
2026-06-08T14:17:07.0000000Z;4.6308;4.7234;5537;5537
2026-06-08T14:17:37.0000000Z;4.6308;4.7234;5537;5537
2026-06-08T14:18:08.0000000Z;4.6308;4.7234;5537;5537
2026-06-08T14:18:38.0000000Z;4.6308;4.7234;5537;5537
2026-06-08T14:19:09.0000000Z;4.6308;4.7234;5537;5537
2026-06-08T14:19:39.0000000Z;4.6308;4.7234;5537;5537
2026-06-08T14:20:10.0000000Z;4.6308;4.7234;5537;5537
2026-06-08T14:20:40.0000000Z;4.6308;4.7234;5537;5537
2026-06-08T14:21:01.0000000Z;4.633;4.7234;5537;5537
2026-06-08T14:21:02.0000000Z;4.633;4.7256;5537;5537
2026-06-08T14:21:33.0000000Z;4.633;4.7256;5537;5537
2026-06-08T14:22:04.0000000Z;4.633;4.7256;5537;5537
2026-06-08T14:22:34.0000000Z;4.633;4.7256;5537;5537
2026-06-08T14:23:05.0000000Z;4.633;4.7256;5537;5537
2026-06-08T14:23:35.0000000Z;4.633;4.7256;5537;5537
2026-06-08T14:24:06.0000000Z;4.633;4.7256;5537;5537
2026-06-08T14:24:36.0000000Z;4.633;4.7256;5537;5537
2026-06-08T14:25:07.0000000Z;4.633;4.7256;5537;5537
2026-06-08T14:25:10.0000000Z;4.633;4.7256;5537;5537
2026-06-08T14:25:43.0000000Z;4.7256;4.7256;5537;5537
2026-06-08T14:26:14.0000000Z;4.7256;4.7256;5537;5537
2026-06-08T14:26:44.0000000Z;4.7256;4.7256;5537;5537
2026-06-08T14:27:26.0000000Z;4.7256;4.7692;5537;5537
2026-06-08T14:27:34.0000000Z;4.7246;4.7248;5537;5537
2026-06-08T14:27:36.0000000Z;4.632;4.7248;5537;5537
2026-06-08T14:28:07.0000000Z;4.632;4.7248;5537;5537
2026-06-08T14:28:26.0000000Z;4.632;4.7246;5537;5537
2026-06-08T14:28:56.0000000Z;4.632;4.7246;5537;5537
2026-06-08T14:29:27.0000000Z;4.632;4.7246;5537;5537
2026-06-08T14:29:58.0000000Z;4.632;4.7246;5537;5537
2026-06-08T14:30:28.0000000Z;4.632;4.7246;5537;5537
2026-06-08T14:30:59.0000000Z;4.632;4.7246;5537;5537
2026-06-08T14:31:25.0000000Z;4.6322;4.7246;5537;5537
2026-06-08T14:31:55.0000000Z;4.6322;4.7246;5537;5537
2026-06-08T14:32:26.0000000Z;4.6322;4.7246;5537;5537
2026-06-08T14:32:56.0000000Z;4.6322;4.7246;5537;5537
2026-06-08T14:33:09.0000000Z;4.6322;4.7248;5537;5537
2026-06-08T14:33:39.0000000Z;4.6322;4.7248;5537;5537
2026-06-08T14:33:42.0000000Z;4.6322;4.7246;5537;5537
2026-06-08T14:34:01.0000000Z;4.6322;4.7248;5537;5537
2026-06-08T14:34:32.0000000Z;4.6322;4.7248;5537;5537
2026-06-08T14:35:03.0000000Z;4.6322;4.7248;5537;5537
2026-06-08T14:35:28.0000000Z;4.6302;4.7228;5537;5537
2026-06-08T14:35:58.0000000Z;4.6302;4.7228;5537;5537
2026-06-08T14:36:29.0000000Z;4.6302;4.7228;5537;5537
2026-06-08T14:36:59.0000000Z;4.6302;4.7228;5537;5537
2026-06-08T14:37:30.0000000Z;4.6302;4.7228;5537;5537
2026-06-08T14:38:00.0000000Z;4.6302;4.7228;5537;5537
2026-06-08T14:38:31.0000000Z;4.6302;4.7228;5537;5537
2026-06-08T14:39:01.0000000Z;4.6302;4.7228;5537;5537
2026-06-08T14:39:32.0000000Z;4.6302;4.7228;5537;5537
2026-06-08T14:40:02.0000000Z;4.6302;4.7228;5537;5537
2026-06-08T14:40:33.0000000Z;4.6302;4.7228;5537;5537
2026-06-08T14:41:03.0000000Z;4.6302;4.7228;5537;5537
2026-06-08T14:41:16.0000000Z;4.6324;4.7228;5537;5537
2026-06-08T14:41:17.0000000Z;4.6324;4.725;5537;5537
2026-06-08T14:41:47.0000000Z;4.6324;4.725;5537;5537
2026-06-08T14:42:18.0000000Z;4.6324;4.725;5537;5537
2026-06-08T14:42:48.0000000Z;4.6324;4.725;5537;5537
2026-06-08T14:43:18.0000000Z;4.6324;4.725;5537;5537
2026-06-08T14:43:49.0000000Z;4.6324;4.725;5537;5537
2026-06-08T14:44:19.0000000Z;4.6324;4.725;5537;5537
2026-06-08T14:44:50.0000000Z;4.6324;4.725;5537;5537
2026-06-08T14:45:20.0000000Z;4.6324;4.725;5537;5537
2026-06-08T14:45:51.0000000Z;4.6324;4.725;5537;5537
2026-06-08T14:46:21.0000000Z;4.6324;4.725;5537;5537
2026-06-08T14:46:52.0000000Z;4.6324;4.725;5537;5537
2026-06-08T14:47:22.0000000Z;4.6324;4.725;5537;5537
2026-06-08T14:47:53.0000000Z;4.6324;4.725;5537;5537
2026-06-08T14:48:23.0000000Z;4.6324;4.725;5537;5537
2026-06-08T14:48:54.0000000Z;4.6324;4.725;5537;5537
2026-06-08T14:49:25.0000000Z;4.6324;4.725;5537;5537
2026-06-08T14:49:55.0000000Z;4.6324;4.725;5537;5537
2026-06-08T14:50:26.0000000Z;4.6324;4.725;5537;5537
2026-06-08T14:50:56.0000000Z;4.6324;4.725;5537;5537
2026-06-08T14:51:27.0000000Z;4.6324;4.725;5537;5537
2026-06-08T14:51:57.0000000Z;4.6324;4.725;5537;5537
2026-06-08T14:52:28.0000000Z;4.6324;4.725;5537;5537
2026-06-08T14:52:58.0000000Z;4.6324;4.725;5537;5537
2026-06-08T14:53:14.0000000Z;4.6304;4.723;5537;5537
2026-06-08T14:53:45.0000000Z;4.6304;4.723;5537;5537
2026-06-08T14:54:16.0000000Z;4.6304;4.723;5537;5537
2026-06-08T14:54:46.0000000Z;4.6304;4.723;5537;5537
2026-06-08T14:55:17.0000000Z;4.6304;4.723;5537;5537
2026-06-08T14:55:47.0000000Z;4.6304;4.723;5537;5537
2026-06-08T14:56:18.0000000Z;4.6304;4.723;5537;5537
2026-06-08T14:56:48.0000000Z;4.6304;4.723;5537;5537
2026-06-08T14:57:19.0000000Z;4.6304;4.723;5537;5537
2026-06-08T14:57:49.0000000Z;4.6304;4.723;5537;5537
2026-06-08T14:58:20.0000000Z;4.6304;4.723;5537;5537
2026-06-08T14:58:50.0000000Z;4.6304;4.723;5537;5537
2026-06-08T14:59:21.0000000Z;4.6304;4.723;5537;5537
2026-06-08T14:59:51.0000000Z;4.6304;4.723;5537;5537
